544.722214
540.735356
538.113782
630.807730
6034.666531
747.270674
607.520886
1306.168062
545.360173
630.806916
6037.279468
747.403287
607.713386
1307.327920
545.369924
544.319978
541.258066
532.487732
656.660152
1023.326825
553.083985
544.427464
541.358676
532.543377
656.797880
1023.789076
553.091262
880.742103
3187.067064
572.845578
544.726152
540.673914
538.006597
880.914433
3188.193617
572.873699
544.725378
540.655106
537.979306
630.871219
6045.770906
747.542981
607.988833
1312.505513
545.260925
630.843648
6048.326143
747.699918
608.170030
1313.690628
545.316177
544.419642
541.376423
532.715383
657.453990
1025.978987
553.091159
544.369044
541.453722
532.728899
657.463763
1026.372952
553.176693
881.397323
3192.144807
572.873974
544.924333
540.852313
537.936544
881.703134
3193.350299
572.850135
544.741971
540.615393
537.853816
630.807217
6056.676491
747.992811
608.445862
1319.027390
545.506064
630.778237
6059.271960
748.151760
608.610588
1320.292355
545.565707
544.204657
541.295998
532.478420
658.392010
1028.710510
553.290452
544.092613
541.233933
532.602945
658.677973
1029.250680
553.360362
882.021558
3197.107376
572.769972
544.849013
540.837146
537.986947
882.157353
3198.418786
572.972390
544.786831
540.819642
538.058038
630.931838
6067.798744
748.588925
609.111817
1325.465147
545.566539
631.002072
6070.416183
748.616637
609.295469
1326.645217
545.602733
544.142302
541.227617
532.638731
659.126206
1031.607994
553.410569
544.159102
541.322107
532.666017
659.152360
1032.022552
553.353294
882.521560
3202.220568
572.983018
544.786946
540.614824
537.894241
882.774675
3203.451075
572.971927
544.713099
540.586592
537.902408
631.062578
6078.861743
748.996183
609.958469
1331.923991
545.457951
631.173074
6081.421368
749.258555
610.122369
1333.137771
545.483206
544.169952
541.336473
532.606366
659.593387
1034.155227
553.428021
544.191428
541.313041
532.706517
659.631089
1034.528026
553.520554
883.155758
3207.309337
573.153714
544.596615
540.336856
537.706302
883.289872
3208.421584
573.118162
544.609449
540.420526
537.711608
631.070534
6089.888886
749.501048
610.590671
1338.434319
545.673178
631.074323
6092.516552
749.568695
610.761482
1339.649061
545.668574
544.268625
541.204940
532.673837
660.232847
1036.754336
553.488656
544.208396
541.165135
532.626597
660.262592
1037.236811
553.602748
883.861853
3212.453396
573.265916
544.658486
540.454882
537.668479
883.892536
3213.541507
573.311584
544.606253
540.432770
537.636915
631.039237
6100.952786
750.003564
611.321801
1345.008238
545.734472
630.983022
6103.521498
750.070982
611.486929
1346.159920
545.689583
544.320744
541.235586
532.937388
660.897053
1039.746737
553.631090
544.225506
541.097469
532.907406
661.018458
1040.176579
553.669693
884.420263
3217.450482
573.301241
544.510054
540.657162
537.823228
884.593293
3218.626700
573.230465
544.428185
540.552409
537.819933
630.941722
6111.892518
750.422273
611.977599
1351.478620
545.894957
630.774302
6114.493225
750.652953
612.043162
1352.702379
545.990546
544.304127
541.093559
532.749006
661.416272
1042.340030
553.641241
544.421559
541.048941
532.776773
661.542854
1042.790618
553.633109
885.261644
3222.503985
573.334780
544.176938
540.401361
537.254615
885.357649
3223.750546
573.257853
544.453379
540.574087
537.563188
630.816705
6123.009830
750.951928
612.623905
1357.988410
546.075760
630.721071
6125.626732
751.276768
612.855960
1359.253514
546.113258
544.382977
540.950770
532.694288
661.865963
1045.038304
553.574343
544.365475
540.903554
532.558715
661.975787
1045.583454
553.673828
885.865333
3227.567373
573.495831
544.321683
540.565972
537.420450
885.897523
3228.736768
573.537314
544.313581
540.520976
537.252079
630.741035
6133.999633
751.489905
613.393636
1364.608082
546.196555
630.776204
6136.694243
751.652094
613.381630
1365.741886
546.194485
544.294575
540.779542
532.599374
662.759537
1048.000525
553.760637
544.475056
540.851699
532.543575
662.775151
1048.499668
553.766747
886.634243
3232.655211
573.619153
544.224375
540.480667
537.384813
886.650897
3233.789165
573.712332
544.232970
540.580952
537.497661
630.724629
6145.018244
751.884924
613.704342
1371.194054
546.301325
630.735855
6147.587345
751.984021
613.887134
1372.368369
546.325153
544.549415
540.905795
532.639209
663.139750
1050.672091
553.918415
544.595632
540.938368
532.658754
663.132343
1051.020136
553.809445
887.083540
3237.640214
573.738559
544.172073
540.677244
537.674548
887.224783
3238.903321
573.760295
544.211375
540.676214
537.660047
630.763940
6156.011653
752.282390
614.261591
1377.735912
546.363379
630.798347
6158.685009
752.374809
614.460292
1379.007610
546.452589
544.722396
540.970300
532.606073
663.789310
1053.248894
553.695860
544.813144
541.011774
532.671883
664.188905
1053.685268
553.723536
887.869700
3242.682409
573.705613
544.131036
540.643325
537.372856
888.130496
3243.949692
573.755022
544.228124
540.723978
537.329029
630.789330
6167.013648
752.746986
614.671140
1384.255576
546.573663
630.877739
6169.709924
752.827202
614.698180
1385.395066
546.495512
544.787142
541.046822
532.766793
664.681741
1055.972344
553.810628
544.780516
541.002330
532.789275
664.743071
1056.425925
553.850386
888.570027
3247.606098
573.772422
544.240408
540.679703
537.195295
888.716966
3248.789633
573.764869
544.178166
540.634361
537.205378
630.757560
6178.192412
752.942242
615.232041
1390.733551
546.442827
630.798017
6180.787409
753.093803
