0.094287
0.197004
0.676985
0.275788
0.069910
0.510803
-1.449292
-0.349928
0.152578
0.231796
-0.004306
0.094828
-0.036505
0.774995
-1.602926
-0.344668
-0.075556
0.865981
0.827411
0.317197
0.341651
1.071412
-0.086648
-0.102162
-0.069431
-0.200917
0.239435
0.351119
0.200514
0.944380
-0.329855
-0.117242
-0.034269
-0.416558
0.101845
0.460804
0.137017
0.326544
1.558386
0.408652
0.177738
0.320165
0.670527
0.237109
0.137689
0.478467
1.524751
0.334958
0.053113
0.127180
0.374012
0.127807
-0.045273
0.348790
-0.659776
-0.169077
0.149067
0.155742
0.376322
-0.068878
-0.068774
0.298104
-1.130475
-0.349884
0.161020
0.193658
0.372955
-0.068562
0.186892
1.159750
-0.063344
0.006457
-0.067363
-0.049115
-0.082985
0.115019
0.149150
0.995873
-0.125956
0.007127
-0.068441
0.213231
0.124296
0.205537
0.343637
-0.535497
0.754545
0.348634
0.090791
0.694957
0.112382
0.039055
0.317103
-0.566209
0.754986
0.510830
0.039007
0.661789
-0.024939
-0.016357
-0.088967
0.144196
-1.093013
-0.335613
0.104996
0.384580
0.364030
-0.098959
0.070129
-0.594448
-1.423425
-0.286620
0.107154
0.386368
0.280342
-0.135276
0.235981
0.366354
0.452817
0.127356
0.099534
0.293300
-0.127190
0.020306
0.320383
0.297070
0.297504
0.130595
0.058677
0.465256
-0.063582
0.013879
0.289782
-0.624564
1.594468
0.783924
-0.028703
1.076531
0.167902
0.190922
0.251663
-0.545253
1.656776
0.663670
-0.039655
1.119482
0.062555
0.154997
0.029695
-0.181679
-1.548594
-0.151733
-0.123792
1.367024
0.259353
-0.130875
-0.084607
-0.173391
-1.534297
-0.204931
-0.163318
1.577979
0.176285
-0.161620
0.032323
-0.122223
0.074758
0.377643
0.056056
0.930361
0.490688
0.308424
-0.025975
0.230115
-0.126330
0.290748
0.063733
0.735172
0.317069
0.341692
0.288362
-0.615364
1.875860
0.894087
0.017699
1.362672
-0.215792
0.004289
0.223119
-0.088785
1.949127
0.812601
0.027485
1.288328
-0.578766
-0.199203
0.058615
-0.021438
-0.301368
-0.137507
-0.239148
1.550817
0.188610
-0.096303
0.018277
-0.153658
-1.307283
-0.255311
-0.236205
1.605478
0.750483
-0.029580
-0.023248
0.400227
0.397682
0.294198
-0.026463
1.559612
0.022118
0.167663
-0.055029
0.694528
0.260091
0.060438
0.010509
1.349935
-0.494900
0.111620
0.065020
-0.048470
1.657909
0.646234
0.093925
0.555800
-0.120190
-0.005869
0.003581
0.367042
2.124129
0.914691
0.083882
0.497286
-0.186591
-0.057718
0.021979
-0.013148
-0.932892
-0.209069
-0.167375
0.611514
0.793785
0.221706
0.069581
-0.385888
-0.879325
-0.169039
-0.138584
0.318607
0.662280
0.196350
-0.009660
0.491755
-0.075084
0.078376
0.122679
1.446885
-0.314593
-0.217570
0.035435
0.532734
0.240656
0.024812
0.095671
1.461610
0.158995
0.094738
0.104980
-0.289934
1.138158
0.472702
0.070603
0.584702
-0.365249
-0.057897
0.059204
-0.106620
1.256966
0.537418
0.034599
0.753655
-0.324164
-0.066551
0.071453
-0.451104
-0.576191
-0.247365
-0.117066
-0.050091
-0.698856
0.049285
0.000840
-0.554837
-1.213018
-0.174830
-0.149024
0.211960
-0.789856
0.044114
0.097301
0.121073
0.275488
-0.033095
0.243453
1.126699
-0.326773
-0.400576
0.016670
0.401321
0.290811
-0.045216
0.231051
1.174734
-0.269088
-0.359375
0.089167
-0.128369
1.025964
0.518991
0.080369
0.991725
-0.059539
0.068344
0.034000
0.092738
1.006116
0.491493
0.082819
0.814930
-0.212769
0.074693
0.174274
-0.557376
-0.335888
-0.180090
-0.164582
0.709187
-0.319820
0.061070
0.203798
-0.519561
-0.510163
-0.039806
-0.115449
0.463685
0.130470
0.069549
-0.068289
0.190163
0.204612
0.030247
0.049464
0.790638
-0.942575
-0.449646
-0.069275
0.292749
0.222369
0.053334
0.118604
0.604406
-0.929496
-0.403662
-0.059208
0.157097
0.921702
0.298923
0.188769
-0.683528
0.185988
0.272921
-0.085505
0.519812
0.918494
0.263309
0.194017
-0.704820
0.046254
0.299045
0.036952
-0.497710
-0.081454
-0.127718
-0.121584
0.785439
0.181932
0.173320
0.026371
-0.292776
-0.215422
-0.088569
-0.078710
0.791864
0.011572
0.147802
-0.189806
0.781452
0.186571
0.076170
-0.089888
0.565756
-0.692279
-0.349595
-0.156069
0.469266
0.066083
-0.045102
0.151228
0.620931
-0.569215
-0.385303
-0.083651
0.560060
0.651115
0.066522
0.179493
-0.949358
-0.005506
0.231845
0.019590
0.464999
0.749944
0.189250
0.072792
-0.850844
-0.142713
0.227869
-0.007183
0.003249
-0.351304
-0.273486
-0.057246
0.042716
0.723366
0.006619
0.020900
-0.163265
-0.416795
-0.359438
-0.040505
-0.013398
0.855126
0.124751
-0.175507
0.478048
0.198560
0.182235
0.237650
-0.204470
-1.222993
-0.563841
-0.190624
0.637071
0.177048
0.180959
0.266655
-0.259693
-1.031942
-0.537588
-0.038450
0.540917
0.911326
0.331836
0.071545
-0.903840
0.529398
0.338216
0.008090
0.226308
0.922043
0.370198
0.063495
-0.838338
0.490409
0.336068
0.010308
-0.023933
-0.420833
-0.357104
-0.030962
0.681987
0.161275
0.038713
-0.028629
0.167347
-0.186558
-0.241468
-0.027693
0.882655
0.603729
0.024352
-0.098763
-0.015655
0.170879
0.305737
0.353954
-0.595664
-1.183484
-0.263881
-0.195666
0.348160
0.185165
0.243026
0.334738
-0.707946
-0.921523
-0.203885
0.130826
-0.204832
0.358236
0.015715
-0.056237
-0.400568
0.008396
-0.076738
0.157235
-0.402549
0.418855
0.079687
-0.040922
-0.244377
-0.125228
-0.057752
-0.054040
0.334556
-0.077492
-0.211618
0.013822
0.953276
0.891145
-0.016450
-0.002886
0.297481
-0.198465
-0.166907
-0.037389
1.180006
1.068763
-0.069029
-0.202827
0.343252
-0.068585
0.135552
0.279265
-0.832498
-0.739297
-0.005584
-0.232444
0.409025
0.099960
0.251448
0.275904
-0.997433
-0.111567
0.168078
0.193724
-0.477909
-0.213915
0.200729
0.096865
-0.414786
-0.047697
-0.101827
0.228983
-0.868955
-0.275285
0.202856
0.129621
-0.506174
0.105222
0.043346
-0.067835
0.537391
0.226502
-0.066370
0.148709
-0.092794
1.107367
-0.197111
0.148797
0.688668
0.632606
-0.052290
0.150109
-0.133529
1.167638
-0.109705
-0.182510
-0.058171
-0.026531
0.172762
0.217647
-0.714213
-0.248194
0.279308
-0.238866
0.331106
0.085712
0.297420
0.220558
-0.688924
-0.386616
0.272097
0.066956
-0.611586
-1.234297
0.271375
0.082407
-0.573829
0.158839
-0.014406
0.118282
-0.626904
-1.235284
0.188637
0.068199
-0.632444
-0.151933
-0.037301
0.146735
0.146491
0.633004
-0.025545
0.113950
0.515933
0.143082
-0.340109
0.150736
0.408717
0.448975
0.050219
