545.857063
545.570898
534.490183
535.259705
543.392998
546.197995
536.786938
540.738279
542.025922
543.167802
540.923414
532.134772
538.647460
542.138168
546.941239
546.417772
541.445576
547.592450
541.634440
540.639470
538.057897
545.458184
546.246350
532.532102
547.135705
549.395283
547.067145
536.762179
526.655572
531.215719
541.515770
544.432788
543.512738
547.118965
544.803279
536.582964
541.730640
538.571257
548.113486
546.948040
545.353127
542.025640
545.176003
538.805749
539.349747
539.942365
540.464726
538.602566
535.299445
546.893881
554.738950
543.879212
548.490469
538.634190
540.614857
536.301037
530.503343
538.325623
541.762586
529.109572
540.613575
541.454385
542.095637
540.951501
538.134591
551.554693
544.012046
540.768371
547.870047
546.247561
549.862014
549.200079
546.089159
545.569990
534.069716
548.366856
548.366818
541.204470
535.557634
541.003763
534.639516
542.388775
540.495852
531.792825
546.963945
541.205568
541.521454
543.331107
544.347826
546.211593
541.915956
540.954364
537.212806
544.409357
545.420705
534.545441
530.962389
531.850919
530.351364
536.624203
526.125320
531.368080
546.517156
546.679486
547.680673
547.631492
547.485716
545.919774
542.572544
538.294323
548.872386
541.208772
540.167536
546.033038
542.244620
539.611765
536.294664
539.523455
541.375928
539.834727
545.390677
544.771542
540.151216
548.414970
546.501043
545.573297
539.534301
535.036922
530.492662
538.958827
537.156475
545.496834
541.787625
544.232324
547.646977
539.993874
537.083262
550.783180
537.670198
534.206892
532.732309
539.919236
540.127482
538.150261
546.077906
545.593254
534.699200
534.947982
543.850794
546.587314
538.953151
542.168628
548.579069
543.142018
541.262512
533.177501
537.591910
540.779655
545.987705
538.960907
539.867875
536.970091
542.331136
541.492722
538.000732
545.326486
545.674166
532.029034
541.155367
546.946501
550.868081
536.130462
526.504315
531.645480
541.131476
544.760732
542.826270
548.254203
544.615031
538.556912
542.649605
538.687961
549.169818
547.753294
546.842469
542.941888
539.736176
537.533487
535.843355
540.514127
541.585022
540.113698
535.910916
546.875219
555.326218
541.565312
537.064756
539.404937
539.837165
535.097742
530.734653
538.254597
542.580492
529.062596
543.366046
543.896010
547.241322
539.176723
536.508822
549.991552
543.308920
540.947182
547.413233
542.698320
544.814093
539.808095
546.628974
544.767863
534.577897
548.047365
548.303825
541.590014
547.474724
549.800317
543.945770
543.058179
541.083388
532.556400
545.768574
540.192549
540.466172
544.480172
534.941511
532.770921
542.838344
541.972336
537.302418
545.153921
545.322616
534.586829
538.488659
535.823263
539.221467
536.345687
526.827640
531.661301
547.045896
546.670795
547.327363
539.731539
542.861398
536.348185
542.112388
538.858862
549.114624
540.997068
538.952561
543.890482
544.378960
543.631709
540.656096
540.316675
542.119983
540.752687
544.960546
544.168173
540.777748
539.130291
540.556991
527.891602
539.633128
534.483913
530.440873
539.259154
536.872561
544.173173
541.373622
537.481649
539.387238
539.429152
536.360237
549.957210
537.775381
534.612635
531.438611
543.227931
540.659601
545.520276
545.785061
543.646625
534.576841
535.107603
544.501722
547.534283
537.072893
540.505961
541.357393
543.222153
540.702472
530.279642
537.408658
540.072333
544.600405
545.961419
540.672930
546.469640
543.078675
542.088878
536.014964
545.107717
545.667759
532.103283
546.892667
549.723082
547.268441
536.033613
526.957173
532.190121
540.883551
544.556483
543.395778
546.757808
545.620049
537.545020
542.583707
538.983428
548.823337
547.414964
546.490995
541.879432
545.675484
539.212235
540.125515
539.569796
542.424499
540.955760
536.024924
546.739090
554.587876
543.426967
548.395323
539.104257
538.910612
534.111458
530.710756
538.297532
541.985370
529.231442
541.598480
543.347226
543.703258
538.535268
535.950799
549.679493
542.420297
540.786233
547.362973
546.100298
550.091009
549.926008
