5.574391
5.545461
5.587752
5.415279
5.464487
5.122986
4.963711
5.319325
5.565066
5.251668
5.329881
5.240862
5.494414
5.431282
5.256305
5.326888
4.998929
5.002778
5.236767
5.667446
5.533881
5.555632
5.116808
5.260755
5.226438
5.195346
5.023288
5.153273
5.091489
5.269074
5.311388
5.395343
5.402303
5.063399
5.489290
5.177196
5.198206
5.390870
5.363340
5.317082
5.411328
5.423485
5.680211
5.440275
5.011817
5.141692
5.712199
5.667509
5.228782
5.137638
5.070043
5.027816
5.347460
5.408450
5.659183
5.370304
5.393833
5.817671
5.634533
5.662472
5.244681
5.370893
4.959681
5.021533
5.008280
5.185545
5.289067
5.290344
5.494426
5.197029
5.299636
5.335452
5.358760
5.476262
5.348027
5.241789
5.357141
5.356958
5.418493
5.568735
5.159616
5.107365
5.146329
4.967784
5.345565
5.445696
5.379433
5.683711
5.318832
5.211274
5.488071
5.606751
5.837317
6.128813
6.371696
5.548210
6.158607
5.984841
6.039125
6.091336
5.600157
5.537250
5.450047
5.128222
5.171970
5.338748
5.256616
5.207713
5.084739
4.861124
5.154274
5.150740
5.165810
5.390559
5.635714
5.778366
5.586561
5.238072
5.469006
5.472631
5.596409
5.545636
5.701718
5.428384
4.941433
5.398176
5.356749
5.424393
5.517523
5.237456
5.198384
5.404021
5.187826
5.244421
5.497326
5.345640
5.447740
5.296588
5.412663
5.455892
5.470430
5.859502
5.752233
5.542516
6.011967
5.907609
5.461357
5.506425
5.474651
5.587926
5.302924
5.378063
5.249986
5.174847
5.265077
5.321493
5.356101
5.560007
5.572151
5.715338
5.683453
5.539514
5.433855
5.535564
5.521028
5.609655
4.909742
4.965378
5.382261
5.415703
5.565677
5.422874
5.180282
5.313700
5.214085
5.106049
5.249586
5.696391
5.665276
5.614152
5.701464
5.668544
5.370412
5.212130
5.638611
5.296766
5.623260
5.706125
5.252188
5.330892
5.260826
4.976716
5.446012
5.337508
5.245189
5.070172
5.371983
5.496342
5.392824
5.315325
5.351987
5.297474
5.681020
5.673026
5.509699
5.727704
5.390581
5.327663
5.445716
5.626178
5.198229
5.271148
5.068370
5.343618
5.066117
4.913690
4.883844
4.898669
5.425296
5.351113
5.321433
4.918972
5.303022
5.392268
5.483585
4.996551
4.929322
4.976834
5.218126
5.634880
5.749529
5.783192
5.844154
5.697114
5.585762
5.590302
5.366345
5.557257
5.393112
5.359563
5.244371
5.201814
5.305658
5.573476
5.391415
4.902028
5.422003
5.340023
5.413612
5.471749
5.311257
5.537217
5.595449
5.552210
5.426478
5.439686
5.289362
5.682337
5.428813
5.297540
5.235433
5.096798
5.252880
4.848659
5.210385
5.345816
5.053491
5.349149
5.142778
5.393831
5.084318
5.435927
5.332587
5.606964
5.263134
5.069093
5.055021
5.506889
5.334130
5.488958
5.336159
5.739739
5.203935
5.484254
5.563930
5.153335
5.198594
5.393467
5.103233
5.092392
5.331207
5.251443
5.162649
5.464007
5.372003
5.288582
5.124995
5.595979
5.409651
5.483727
5.506960
5.373716
5.276922
5.345082
5.246160
5.384698
5.389637
5.560058
5.188639
5.373817
5.502112
5.619650
5.454266
5.485703
5.498729
5.421723
5.326980
5.184554
5.512883
5.409547
5.455046
5.885268
5.371132
5.252696
5.463110
5.485555
5.207851
5.470201
5.596245
5.737342
5.270456
4.750319
5.295928
5.291653
5.054435
5.170079
5.234823
5.416883
5.722672
5.543060
5.755668
5.551130
5.421529
5.514015
5.581568
5.523893
5.475937
5.448375
5.346757
5.633208
5.362121
5.451773
6.025985
5.820176
5.877545
5.733782
5.329688
5.369861
5.581697
5.685487
5.364864
5.623525
5.289573
5.251830
5.468144
5.477357
5.740566
5.808188
5.540549
5.243524
5.247698
4.888491
4.811456
4.822556
5.016383
4.847244
5.160945
5.177750
5.190296
5.116089
5.272384
5.699048
5.326179
5.538613
5.651098
5.638337
5.356020
5.279436
5.104281
4.917975
5.032284
5.290382
5.194727
5.276897
5.433202
5.608641
5.794733
5.899107
5.971766
5.580131
5.396348
5.871961
5.682308
5.385750
5.156276
5.167451
5.414201
5.257631
5.170836
5.099120
5.160273
5.108528
4.953261
4.873034
4.859825
5.359287
5.023290
4.977715
5.100936
5.437286
5.379254
5.188580
5.315772
4.934076
4.988005
5.055859
5.320058
5.666723
5.798386
5.294535
5.045593
4.992529
5.159799
4.976495
5.115567
5.723670
5.700157
5.567539
5.429275
5.533953
5.574960
5.158848
5.348710
5.014934
4.836720
5.102026
5.340686
5.412794
5.567273
5.241854
5.103987
5.671938
5.670203
5.012026
5.577921
5.371174
4.878423
5.037863
4.941990
4.983109
5.071107
4.981956
4.779896
5.019693
5.184999
5.206964
5.228779
5.343508
5.635899
5.710012
5.435265
5.055732
5.340343
5.417345
5.205685
5.222077
5.491319
5.310480
5.457791
5.241143
5.268333
5.372704
5.832999
5.677245
5.816923
5.741369
5.862882
5.809223
5.550195
5.335567
5.101809
5.060813
5.350484
5.833591
5.691387
5.508442
5.223502
5.934894
5.749107
5.555069
5.188561
5.328216
5.328895
5.693716
5.517998
5.179410
4.758638
4.920151
4.837537
4.918197
4.976648
5.305491
5.223858
4.924194
4.898681
4.951310
5.373426
5.736321
5.536924
5.625003
5.722306
5.399723
5.133555
5.062789
5.131275
5.542470
4.960668
4.994917
4.810890
4.929378
5.040909
5.276613
5.279074
5.405738
5.703726
5.356723
5.442114
5.451724
5.587472
5.641649
5.673165
5.610336
5.643782
5.493809
5.243556
5.342546
5.048702
5.312422
5.459200
5.701050
5.462450
5.637407
5.355927
5.251803
4.882151
4.935105
5.112953
4.964322
5.068202
5.390626
5.240709
5.234493
5.563668
5.721727
5.594949
5.400467
5.517858
5.710660
5.692217
5.442455
5.312070
5.413830
5.468092
5.603677
4.925686
5.100968
4.913825
4.748665
5.133414
5.160532
4.976356
4.876826
5.084550
5.467223
5.383952
5.464066
5.158748
4.808456
5.252678
5.204275
5.676485
5.565686
5.902784
5.946905
5.767183
5.577350
5.411816
5.558111
5.616087
5.304275
5.161166
4.955213
4.771314
5.027135
5.193334
5.171473
5.239542
5.511249
5.717289
5.766595
5.632062
5.625455
4.985799
5.365671
5.460251
5.055951
5.350962
5.403948
5.200234
5.251767
5.183453
5.007608
5.226267
5.624448
5.541045
5.789022
5.682753
5.742014
5.444362
5.365559
5.356538
5.469538
5.269249
5.445118
5.498763
5.657072
5.711779
5.351301
5.136881
5.450694
5.436752
5.267810
5.449202
5.473754
5.117792
5.170449
5.120903
5.212015
5.447259
5.714665
5.247668
5.245777
5.048406
5.331256
5.525162
5.363998
5.225823
5.410728
5.395027
5.601817
5.246340
5.366776
5.528629
5.381227
5.303879
5.209554
5.358927
5.307284
4.838101
5.204301
5.561074
5.638655
5.507749
5.490336
5.065973
5.091674
5.295286
5.193952
5.160874
5.105335
5.120280
5.272061
5.202652
5.233604
5.579240
5.619677
5.538174
5.319187
5.234687
5.221538
5.229342
5.557955
5.685293
5.701767
5.584435
5.425282
5.046955
5.671055
5.566221
5.462064
5.641283
5.126445
4.879342
5.127460
5.509166
5.409581
5.082029
5.037603
5.136083
5.514263
5.555324
5.424605
5.546145
5.263527
5.828737
5.956243
5.538383
5.464831
5.375153
5.496998
5.473262
5.959378
5.871017
5.829926
5.622044
5.539399
5.505600
5.637766
5.380889
5.661490
5.643606
5.770541
5.175835
5.178999
5.042804
5.314421
5.481055
5.350300
5.432383
5.471953
5.744299
5.737553
5.422380
5.375380
5.417930
5.118935
5.282642
5.609692
5.166478
5.415226
5.217730
5.309232
5.557297
5.627348
5.675731
5.577212
5.366554
5.332012
5.281571
5.548756
5.071196
5.080477
5.158040
5.238079
5.102078
5.314225
5.471971
5.538398
5.634195
5.496838
5.645589
5.597291
5.639467
5.863002
5.955839
5.654416
5.544805
5.151344
5.741285
5.520983
5.031755
5.570620
5.505843
5.462832
5.223291
5.434965
5.438517
5.688552
6.128834
6.032831
5.707321
5.540118
5.761574
5.608976
5.582989
5.525715
5.512060
5.449732
5.584604
5.492365
5.838843
5.954241
5.823241
5.863623
5.264785
5.215053
4.767945
5.018054
5.175212
5.310937
5.340508
5.475191
5.418719
5.156549
5.094776
5.233458
5.123216
5.082789
5.154688
5.191305
5.274849
5.146325
5.213478
5.167975
5.328815
5.189908
5.288569
5.316881
5.387604
5.584502
5.600575
5.686641
5.344702
6.076274
6.027606
5.821066
5.986864
5.938669
5.563448
5.430971
5.429236
5.520114
5.720618
5.434001
5.473795
5.331069
5.365855
5.398336
5.330699
5.537813
5.636360
5.432554
5.752601
5.718186
5.624507
5.665770
5.304489
5.333214
5.447338
5.444927
5.651202
5.378247
5.413782
5.689516
5.573565
5.164586
4.791994
4.864853
4.839330
5.334902
5.682519
5.344291
5.442641
5.283764
4.984690
5.210101
5.396234
5.560058
5.084508
5.341146
5.370689
5.410764
5.352564
5.434352
5.118825
5.202598
5.451720
5.690478
5.147678
5.204241
5.233298
5.530618
5.313775
5.557079
5.346387
5.251639
5.270344
5.358896
5.204540
5.178646
5.417462
5.391080
5.241753
5.340144
5.547637
5.480736
5.526387
5.542099
5.870259
5.865805
5.567371
5.386090
5.076163
5.413364
5.158662
5.552551
5.508725
5.538872
5.717423
5.597873
5.438464
5.302405
5.156175
5.041778
5.145317
5.201892
5.362209
5.484670
5.539977
5.237207
5.660972
5.818139
5.357985
5.007257
5.327306
5.516840
5.366935
5.226376
5.435150
5.128883
5.014529
5.042817
5.009148
4.934188
5.173695
5.091137
5.096785
4.945815
5.017916
5.093814
5.289266
5.699039
5.942203
5.657128
5.363580
5.515178
5.283176
5.278316
5.415401
5.376254
5.135563
5.267310
5.267169
5.402583
5.069492
5.690006
5.166753
4.792111
4.991215
5.007702
5.137341
5.138162
5.006526
5.048733
5.413130
5.266099
5.298675
5.408107
5.561338
5.318257
5.125465
5.057879
4.762276
5.043996
5.574299
5.353269
5.943514
6.023332
5.743364
5.499258
5.325436
5.444933
5.259131
4.889679
5.060359
5.757801
5.374157
5.432559
5.266738
5.068947
5.252684
5.313424
5.487373
5.466927
5.085790
5.286785
4.940093
5.064211
4.967941
5.291732
5.160245
5.567077
5.696477
5.574854
5.377593
5.583869
5.434287
5.552694
5.903541
5.856856
5.632194
5.634143
5.415018
5.538673
4.979068
5.363973
5.404831
5.324245
5.125467
5.390969
5.759840
5.499259
5.445914
5.439481
5.586320
5.307101
5.562421
5.367893
5.309159
5.571935
5.993406
5.772538
5.656432
5.740393
5.323661
5.438837
5.856624
5.371082
5.355992
5.147684
5.266008
4.994768
4.995756
5.185082
5.226302
5.209004
5.106761
5.119468
5.580332
5.438653
5.601744
5.459231
5.901836
5.500299
5.488351
5.415567
5.526725
5.520210
5.178214
4.871559
4.936551
5.383388
5.698310
5.873658
5.847414
5.672273
5.509601
4.906852
5.007334
4.939725
4.825996
5.092709
5.047632
5.158986
5.366149
5.243960
5.202863
5.784536
5.462016
5.677172
5.366041
5.506575
5.473476
5.428049
5.342844
5.325664
5.618627
5.632994
5.527985
5.448614
5.441062
5.567799
5.073656
4.971119
5.174802
5.328209
5.413876
5.657514
5.449746
5.083711
5.143007
5.576633
5.552704
5.503387
5.638170
5.750648
5.672000
5.882474
5.575844
5.769546
5.556616
5.218902
5.218865
5.214933
5.599397
5.268537
5.404548
5.535944
5.134738
5.293833
5.414663
5.376889
5.298930
5.250765
4.979104
5.405565
5.228514
5.372491
5.477372
5.329713
5.385630
5.030361
5.191584
5.446057
5.891029
5.646149
5.762691
5.569606
5.079463
5.333239
4.939593
5.108916
5.120218
5.117817
5.006430
5.104612
4.988473
4.883185
5.079750
5.184168
4.965380
5.548886
5.436563
5.493759
5.226807
5.379614
5.186772
5.134495
5.448774
5.022696
5.321323
5.177528
5.641691
5.609128
5.164129
4.919176
4.987234
5.123710
5.266367
5.378071
5.325655
4.987407
4.958500
5.180059
5.111249
5.168840
5.124630
5.429737
5.306336
5.243527
5.284221
5.228225
5.390277
5.317532
4.926462
5.005529
5.128089
5.108326
5.308652
5.426835
5.191552
5.225673
5.395238
5.573114
5.770346
5.611815
5.459928
5.740768
5.857500
5.618032
5.767489
5.535914
5.157469
5.258051
5.069175
5.469845
5.195232
5.331798
5.362351
5.410123
5.200969
4.768862
5.236979
5.094376
5.219681
5.301867
4.929563
5.227183
5.409646
5.087524
5.922626
5.712335
5.313992
5.480907
5.522149
5.276409
5.180135
5.275209
5.149884
4.859204
5.314991
5.687719
5.496164
5.252865
5.524483
5.316722
5.594555
4.973420
4.754574
5.318968
5.469775
5.308235
5.779289
5.575373
5.380622
5.326066
5.552618
5.187005
5.520517
5.359865
5.274623
5.341802
5.561794
5.619008
5.401267
5.168362
5.285548
5.299530
5.070297
5.374546
5.735041
5.543172
5.658429
5.275856
5.183016
5.272979
5.205200
5.311337
5.346708
5.392252
5.296818
5.625794
5.472364
5.007301
5.133778
5.953037
5.788504
5.569380
5.582111
5.487086
5.007938
5.415476
5.531209
5.399882
5.213756
5.810763
5.392134
5.501323
5.314688
5.231672
5.420165
5.486648
5.324607
5.785796
5.315794
5.087782
5.119455
5.036055
5.166979
4.975571
4.858196
5.153189
5.364802
5.261503
5.638781
5.487994
5.595609
5.511202
5.871794
5.806153
5.602442
5.789917
5.329474
5.425342
5.537676
5.687024
5.705573
5.457958
5.511372
5.387553
5.339839
5.660313
5.428347
5.770938
5.390961
5.455375
5.381034
5.406609
5.149195
5.413930
5.273794
5.539765
5.475117
5.452416
5.522615
5.431803
5.493240
5.406092
5.416156
5.227374
5.449044
5.363940
5.504121
5.487003
5.452090
5.623264
5.701985
5.391035
5.233747
5.451464
5.352277
5.346017
5.015867
5.363050
5.399067
5.481010
5.259979
5.328520
5.166150
4.936944
5.607004
5.315923
5.638931
5.284061
5.411106
5.461642
5.552676
5.870755
5.694569
5.565210
5.709173
5.436668
5.532721
5.670443
5.434459
5.702736
5.685676
5.164880
5.427013
5.529523
5.732794
5.435258
5.595901
5.589628
5.744023
5.526229
5.423072
5.519137
5.566635
5.624057
5.497169
5.368611
5.219586
5.408971
5.478818
5.930153
5.869290
5.815903
5.361026
5.361322
5.385242
5.324538
4.864919
5.428634
5.510284
5.773540
5.348112
5.492852
5.632971
5.390333
5.584671
5.335052
5.406433
5.484961
5.179802
5.376746
5.395870
5.535551
5.175716
5.122095
5.056999
5.242955
5.362223
5.260616
5.048348
5.554509
5.261875
5.039190
4.902909
4.847957
4.989482
5.183598
5.315211
5.068842
5.270601
5.344836
5.714828
5.715453
5.629414
5.582882
5.770073
5.507462
5.157004
5.236121
5.292479
5.351481
5.194903
5.633653
5.547220
5.617017
5.369484
5.659139
5.549541
5.307822
5.233016
5.063579
5.342144
5.638098
5.238233
5.700685
5.587115
5.707105
5.288633
5.399678
5.132255
5.028026
5.240336
5.298603
5.331393
5.309238
5.279106
5.192678
5.403419
4.992392
4.998461
5.062300
5.128991
4.964794
4.988026
5.038625
5.342023
5.784352
5.502822
5.371055
5.570310
5.270348
5.165979
5.367899
5.385141
5.264699
5.436942
5.665093
5.468482
5.807710
6.001742
5.699488
5.314643
5.077661
5.077434
4.989939
5.102775
5.113802
5.341791
5.015293
5.274927
5.126035
5.301608
4.709733
5.196152
5.372698
5.642685
5.704380
5.223667
5.390324
5.444931
5.201352
5.113052
5.208537
5.159637
5.253110
5.375570
5.227789
4.965666
5.264645
5.730807
5.224326
5.289297
5.167985
5.580573
5.318278
4.828915
5.306839
5.177590
4.980804
5.039878
4.930020
5.048516
5.168034
5.320274
5.588423
5.491225
5.388941
5.303358
5.377208
5.459523
5.505248
5.559695
5.752757
5.380415
5.240674
5.195494
5.399222
5.141996
5.265042
5.461157
5.207947
5.475868
4.988611
5.156073
5.164663
5.387140
5.229726
5.120740
5.148728
5.439795
5.288828
5.212627
5.355086
5.108843
5.760604
5.585178
5.726645
5.390624
5.355340
5.560383
5.718212
5.396423
5.232048
5.420114
5.546247
5.279671
5.190473
5.136798
5.033781
5.360382
5.157951
5.745259
5.296811
5.361396
5.277159
5.246010
5.494876
5.283811
5.042631
4.908157
5.075911
5.074249
4.824891
5.094589
5.009480
5.040985
5.121225
5.251861
5.002923
5.075678
5.358605
5.248082
5.093152
5.092869
5.210049
5.037820
4.931011
4.825063
5.078577
5.445466
5.406244
5.190733
5.054451
5.065024
5.121005
5.207514
5.340917
5.527115
5.353280
5.123390
5.381663
5.427882
5.533943
5.516014
5.551912
5.468668
5.682985
5.943122
5.831133
5.663851
5.389445
5.198603
5.239453
5.363358
5.636520
5.476224
5.374040
5.268613
5.413141
5.589820
5.501066
5.303616
4.911930
5.189626
5.306714
5.740519
5.595581
5.868204
5.742302
5.604390
5.625280
5.265440
5.573480
4.958374
4.969825
5.240204
5.297342
5.407200
5.119454
5.321464
5.457325
5.760852
6.103186
5.283838
5.424522
5.330849
5.208904
5.289309
5.428213
4.829460
5.192027
5.186473
5.436112
5.371570
5.597404
5.749500
5.544889
5.598343
5.157018
5.431933
5.877766
5.742018
5.649245
5.198520
5.542311
5.729613
5.359546
5.264042
5.423680
5.396581
5.457413
5.125203
5.549916
5.315753
5.266870
5.582503
5.745135
5.925306
5.354982
5.215179
5.367659
5.296324
5.173321
5.069390
4.867947
5.152895
5.328699
5.496498
5.586890
5.248156
5.343417
5.637342
5.254341
5.217311
5.399886
5.543944
5.793532
6.167264
5.643495
5.677948
5.718528
5.368953
5.363597
5.493246
5.609419
5.464763
5.110809
5.026051
5.195067
5.329911
5.672798
5.408617
5.390605
5.487325
5.398450
5.684628
5.746995
5.536339
5.253797
5.554846
5.472286
5.511517
5.637214
5.515929
5.344280
5.252683
5.225939
4.982316
5.637395
5.597131
5.254916
5.319353
5.306903
5.048874
5.024443
5.484588
5.558623
5.315747
5.499798
5.764621
5.634231
5.728541
5.657976
5.579080
5.281582
5.515356
5.306748
5.476066
5.479674
5.710195
5.410804
5.295697
5.645834
5.661740
5.474239
5.685368
5.551151
5.280755
5.313721
5.409076
5.346642
5.447014
5.485356
5.372983
5.526532
5.401216
5.417162
5.591375
5.469648
5.641879
5.345601
5.311239
5.581980
5.553196
5.757208
5.594872
5.749240
5.236188
5.185076
4.878805
5.193440
5.327003
5.364292
5.516090
5.533682
5.326283
5.022818
4.885076
4.867469
4.869946
5.317667
5.744424
5.529665
5.491543
5.804421
5.850683
5.809518
5.688765
5.446945
5.346398
5.362366
5.384434
5.013587
5.620366
5.474000
5.560103
5.343446
5.268548
5.393196
5.199097
5.903585
5.870523
5.405813
5.365320
5.369224
5.332996
5.249582
5.206936
5.143454
5.127084
5.469577
5.494745
5.446785
5.367046
5.357069
5.312815
5.888019
6.121198
6.379891
6.057218
5.738512
5.934457
5.816725
5.801801
5.726292
5.594023
5.632874
5.452572
5.313754
5.148291
4.957303
5.360742
5.560523
5.504004
5.561098
5.684964
5.645716
5.411489
5.290965
5.290649
5.572192
5.345573
5.490383
5.380010
5.579234
5.068390
5.229081
5.110320
5.135187
5.406105
5.182753
5.171026
5.329799
5.515858
5.298466
5.471307
5.484914
5.354710
5.498109
5.477059
5.660384
5.219824
6.167665
5.687602
5.667520
5.889636
5.715811
5.459879
5.384362
5.786491
5.331797
5.033270
5.185473
5.543770
5.711149
5.761465
5.789247
5.946621
5.545228
5.510155
5.922396
5.520913
5.676704
5.596670
5.800181
5.722870
5.597691
5.492124
5.422421
5.240193
5.284990
5.939061
5.572927
5.338170
5.332844
5.775578
5.370509
5.415159
5.554809
5.456981
5.731037
5.393032
5.130400
5.311312
5.429444
5.296377
5.412728
5.237150
5.472148
5.412045
5.244663
5.502646
5.386427
5.607931
5.482101
5.434124
5.424191
5.040535
5.207998
5.221201
5.171608
5.179479
5.014070
5.565159
5.696307
5.767920
5.821386
5.599651
5.320679
5.359594
5.212954
5.393377
5.372732
5.448557
5.488703
5.609189
5.673436
5.559970
5.648187
5.488682
5.710498
5.614591
5.286313
5.330728
5.061014
5.187244
5.155404
5.528457
5.777928
5.389529
5.287295
5.338670
5.484212
5.615802
5.582176
5.528712
5.196110
5.296077
5.229683
5.351446
5.339839
5.307103
5.061920
5.092281
5.781476
5.433127
5.080058
5.255115
5.500667
5.181641
5.446028
5.346792
5.293977
5.238743
5.083729
5.099666
4.999301
5.391590
5.193081
5.616899
5.280034
5.076706
5.399089
5.523977
5.105800
5.446988
5.509370
5.783519
5.691760
5.707717
5.682032
5.641649
5.930172
5.467785
5.453183
5.211372
5.209469
5.172976
5.291505
5.349014
5.178194
5.447554
4.993714
5.039267
5.079589
5.434886
5.330474
5.636954
5.539248
5.412717
5.261402
5.352051
5.364774
5.299767
5.475453
5.926178
5.874866
5.907722
5.732370
5.420170
5.408530
5.446542
4.986514
5.410344
5.172638
5.230749
5.544440
5.193098
5.391922
5.455643
5.347960
5.352311
5.179817
5.551898
5.484260
5.542044
5.565852
5.164301
5.282525
5.743377
5.834774
5.449988
5.130521
5.342737
5.336433
5.540425
5.375766
5.282054
4.991068
5.397014
5.439661
5.085567
5.236515
4.991021
5.128821
5.210085
5.087336
5.349735
5.553449
5.577286
5.192734
5.044135
5.533883
5.460707
5.397046
5.235829
5.165676
5.511081
5.598365
5.766671
6.068945
5.847255
5.557321
5.760202
5.545437
5.266705
5.196829
5.066801
4.982024
5.110333
5.251548
5.449896
5.382980
5.281121
5.286746
5.260638
5.332108
5.248105
5.297752
5.301946
5.561565
5.377964
5.583811
5.658799
5.824668
5.793990
5.678459
5.514068
5.572405
5.126501
5.463331
5.794947
5.484500
5.093951
4.887425
5.167392
5.202793
5.421414
5.359581
5.407865
5.461033
5.375223
5.502103
5.375820
5.522011
5.467426
5.453170
5.815592
5.655992
5.676134
5.344452
5.701775
5.482204
5.303966
5.837578
5.824813
5.194898
5.504166
5.469670
5.347974
5.045978
5.117869
5.535891
5.248682
5.324191
5.069807
5.160207
5.803933
5.591921
5.740028
5.149408
5.190135
5.359624
4.967158
5.313743
5.321100
5.128244
5.308419
5.346387
5.189425
5.267973
5.023926
5.094589
5.047489
5.307226
5.222452
5.221419
5.306153
5.254581
5.497776
5.432527
5.753908
5.699545
5.145932
5.386632
5.513633
5.388269
5.443757
5.425218
5.645547
5.290358
5.853184
5.388674
5.300556
5.557141
5.688346
5.301708
5.554556
5.558498
5.691842
5.484828
5.481781
5.344935
5.461751
5.400819
5.370535
4.942215
4.977079
5.444462
5.705555
5.420748
5.457580
5.424206
5.526597
5.348923
5.297082
5.211115
5.085203
5.487470
5.609703
5.294254
5.177900
5.358699
5.714069
5.696757
5.670000
5.374479
5.262701
5.688393
5.554431
5.621461
5.283669
5.850082
5.266384
5.301556
5.821389
5.449684
5.047538
5.251782
5.057727
5.181793
5.072617
5.092106
4.960009
5.029398
4.941858
5.142947
5.141495
5.150517
5.193734
5.459444
5.573558
5.031549
4.984240
5.145308
5.190486
5.240573
5.209967
5.577627
5.558226
5.390090
5.406966
5.467045
5.168700
5.421805
5.717187
5.683360
5.901539
5.724312
5.772098
5.631422
5.221650
5.214361
5.133691
5.178373
4.900676
5.295772
5.438266
5.627740
5.534174
5.312102
5.550858
5.842868
5.449377
5.049499
5.398911
5.326778
5.287334
5.655593
5.840530
5.946751
5.955215
5.789750
5.279184
5.408296
5.444646
5.777988
5.716381
5.530869
5.630829
5.589969
5.611842
5.477193
5.353261
5.414745
5.526534
5.600195
5.439897
5.511111
5.425546
5.321624
5.399549
5.444475
5.331691
5.406719
5.347834
5.165655
5.220402
4.928837
4.955592
4.899710
5.326484
5.290020
5.328198
5.212307
5.347809
5.375802
5.491233
5.538733
5.188405
5.357886
5.150794
5.396866
5.081008
5.204740
5.212217
5.567222
5.274127
5.363780
5.741297
5.401845
5.416012
5.267728
5.407375
5.528297
5.496778
5.304484
5.249792
5.128818
5.560762
5.651284
5.415639
5.373298
5.601467
5.568284
5.663973
5.429237
5.313644
5.452951
5.550946
5.554802
5.715007
5.439483
5.144882
5.095656
4.993131
5.186177
5.097429
5.038353
5.159346
5.384791
5.413583
5.239849
5.229320
5.645551
5.286429
4.928543
5.141675
5.086895
4.990251
5.169816
5.188314
4.988082
5.396414
5.319067
5.453479
5.600933
5.687963
5.958005
5.781339
5.846986
5.562692
6.168989
5.787931
5.483867
5.656978
5.522637
5.350954
5.499678
5.450512
5.391066
5.426018
5.612314
5.303225
5.010633
4.795031
5.103216
5.421716
5.296313
5.141743
5.432518
5.211375
5.151561
5.340729
5.446563
5.238442
5.296456
5.105260
5.274123
5.581314
5.439243
5.400665
5.489479
5.557664
5.938062
5.783813
5.838186
5.510666
5.765138
5.600376
5.495861
5.478061
5.443737
5.334783
5.472837
5.476317
5.329754
5.078205
5.097232
5.332827
5.037717
5.022989
5.271152
5.466916
5.407113
5.606871
5.440163
5.417984
5.353668
5.266298
5.310566
5.358118
5.588777
5.803855
5.477225
5.492086
6.014931
5.752587
5.062438
5.121325
5.050627
5.112011
5.014316
5.105725
5.050212
5.204750
5.209937
5.597100
5.178592
5.079870
5.189990
5.583687
5.380603
5.305724
5.354783
5.323104
5.506555
5.560314
5.245487
5.337852
5.299418
5.383766
5.383670
5.204721
5.245701
5.275073
5.613062
5.798125
5.630696
5.184158
5.132665
5.223383
5.349238
5.251778
5.321804
5.695036
5.677981
5.357685
5.371536
5.238079
5.229352
5.126729
5.164349
5.378207
5.375908
5.182659
5.313153
5.453765
5.480468
4.905967
5.251777
5.223267
5.067260
4.971874
5.172467
5.410520
4.984949
5.697108
5.639927
5.213789
5.293019
5.318842
5.562322
5.650078
5.692269
5.288119
5.288079
5.698223
5.492495
5.774781
5.467256
5.480324
5.643600
5.732883
5.610988
5.379922
5.404764
5.606257
5.597058
5.363636
5.295914
5.508972
5.425815
5.270785
5.492598
5.592790
5.415857
5.532026
5.490658
5.474386
5.571668
5.582188
5.605208
5.553032
5.567809
6.062380
5.783173
5.378741
5.060368
5.339324
5.421703
5.609228
5.290800
5.378746
5.548531
5.509091
5.633991
5.350993
5.314752
5.208928
5.140959
5.446411
5.574509
5.707889
5.228363
5.193104
5.401926
5.887982
5.703686
5.118293
5.268424
5.464461
5.032996
5.181215
4.996037
4.877559
4.995264
5.081218
5.224700
4.945272
4.919817
5.127732
5.044882
5.335001
5.662270
5.302619
5.012943
5.035914
5.712128
5.100385
5.213393
5.361958
5.074561
5.360722
5.415086
5.523915
5.474869
5.368889
5.632547
5.435602
5.274584
5.316254
5.137841
4.917855
5.138579
5.240240
5.077156
5.179519
5.366449
5.458346
5.286469
5.481990
5.486031
5.757951
5.754628
5.496734
5.287144
5.357746
5.548402
5.468496
5.474061
5.652011
5.717569
5.773965
5.621929
5.611138
5.466069
5.388948
5.423380
5.321886
5.829246
5.523560
5.335333
5.460338
5.503431
5.049059
5.118174
5.194717
5.308332
5.356121
5.699481
5.523552
5.998287
5.931164
5.710998
5.506322
5.601764
5.678826
5.566506
5.531867
5.412793
5.435934
5.249930
5.114033
5.163487
5.506258
5.635290
5.476523
5.086217
5.242095
5.008923
5.029234
5.271392
5.073725
5.069288
5.391601
5.163427
5.028930
5.389587
5.409254
5.878914
5.894823
5.940203
5.580289
5.231806
5.645507
5.562133
5.461498
5.448367
5.416082
5.670970
5.740835
5.618848
6.038952
5.586156
5.336552
5.375955
5.322671
5.534288
5.368930
5.325265
5.554943
5.415242
5.380298
5.455576
5.716720
5.416636
5.256293
5.070487
5.186025
5.166066
5.412375
5.384359
5.431878
5.479407
5.188437
5.496255
5.604264
5.507019
5.556510
5.420970
5.460869
5.058946
4.971529
5.579020
5.394685
5.325264
5.460657
5.228127
5.187070
5.354477
5.260873
5.118672
5.379652
5.501899
5.485863
5.249839
5.120967
5.351557
5.275472
5.598527
5.294643
4.965061
4.883536
5.035143
5.255732
5.192359
4.971733
4.850681
5.329836
5.674145
5.526155
5.440316
5.470090
4.984402
5.484073
5.609637
5.458368
5.736170
5.569563
5.262318
5.170474
5.101218
5.652862
5.496350
5.497635
5.658846
5.427374
5.010337
5.044633
5.302268
5.212660
5.446069
5.249048
5.137080
5.536179
5.340018
5.386078
5.512913
5.555494
5.607707
5.491224
5.393107
5.728820
5.729567
5.476973
5.746688
5.596255
5.437652
5.013377
5.079451
5.592597
5.703374
5.660389
5.638606
5.909677
5.535895
5.206147
5.436199
5.882214
5.823237
5.884703
5.551934
5.500007
5.467971
5.407633
5.398621
5.249578
5.531438
5.466252
5.629197
5.399844
5.242995
5.447680
5.641162
5.344213
5.339946
5.487407
5.536094
5.566908
5.510626
5.584462
5.503408
5.472645
5.486134
5.333866
5.097944
5.038737
4.718089
4.901744
5.153567
5.597421
5.481610
5.523789
5.525441
5.262045
5.437976
5.762119
5.681406
5.537119
5.694848
5.849257
6.076922
6.065759
5.484185
5.260539
5.539837
5.468824
5.016356
5.144755
5.547666
5.136740
5.042217
5.231221
5.192675
5.379656
5.564760
5.234830
5.513959
5.149850
5.060616
5.227619
5.329342
5.144935
5.792295
5.561604
5.370794
5.459914
5.229149
5.434229
5.096314
5.080976
5.394495
5.522713
5.636831
5.770125
5.474562
5.154445
5.068350
5.139635
5.346059
5.248914
5.410985
5.178022
5.327468
5.078646
5.557701
5.520298
5.916714
5.864935
5.453630
5.339092
5.235736
5.322723
5.155649
5.204046
5.161004
5.213492
5.375898
5.319661
5.237220
5.197977
5.091641
4.980681
5.155789
5.039039
5.125679
5.017276
4.900858
5.292594
5.379380
5.465497
5.620842
5.574341
5.513305
5.466274
5.582893
5.496411
5.297988
5.303803
5.579163
5.387387
5.313164
4.919701
5.118880
5.341040
5.293284
5.499971
5.781761
4.825783
4.868593
5.019700
5.340294
4.984511
5.194724
4.878372
5.128553
5.232925
5.469381
5.657877
5.454672
5.572354
5.291553
5.327414
5.299397
5.702369
5.424736
5.183622
5.169561
5.226472
5.188328
5.276349
5.147937
5.435343
5.292157
5.530920
5.482645
5.332761
5.863930
5.473333
5.350333
5.445802
5.512011
5.494940
5.557104
5.625975
5.401843
5.132102
5.642810
5.339587
5.428398
5.143936
5.192487
5.376571
5.080265
5.163003
5.150316
5.367458
5.673262
5.384162
5.728287
5.321742
4.980923
5.156180
5.511158
5.209555
5.373243
5.236986
5.089284
5.556331
5.465822
5.196889
5.308234
5.341209
5.169774
5.456599
4.970747
5.159252
4.831368
4.913345
4.932131
4.999374
4.874269
5.189465
4.928633
4.980709
5.085263
5.085927
5.014708
5.362205
5.561613
5.589747
5.694356
5.459370
5.301520
5.297631
5.072650
4.977827
5.082061
5.378832
5.332030
5.440781
5.858556
5.884643
5.870355
5.792787
5.382624
5.208965
5.504673
5.304167
5.741035
5.658809
5.351758
5.203442
5.606176
5.505790
5.491942
5.181636
5.314832
5.211865
5.017066
5.074718
5.495106
5.159832
5.504624
5.080951
5.089388
5.762552
5.677256
5.675205
5.535191
5.371485
5.363073
5.254941
5.360497
5.457675
5.176513
5.215147
5.608760
5.646655
5.246539
5.347751
5.699699
5.570224
5.353495
5.512898
5.014210
5.534691
5.443409
5.627598
5.608577
5.942456
5.792546
5.457911
5.560736
5.515215
5.793148
6.087318
5.943444
5.803460
5.493095
6.024664
5.748383
5.805467
6.017019
5.785315
5.503838
5.723424
5.407200
5.244000
5.215701
5.575521
5.542572
5.266346
5.570366
5.234033
4.961913
5.294285
5.226404
5.713658
5.355986
5.178626
5.164900
5.516504
5.359461
5.604943
5.507163
5.506008
5.579075
5.403424
5.432076
5.405124
4.919905
5.109738
5.252968
5.303477
5.027225
5.173713
5.684336
5.652557
5.776671
5.912853
5.963858
5.906620
5.683376
5.809052
5.776017
5.588054
5.468802
5.340548
5.310186
5.040442
5.242673
5.322346
5.399129
5.834456
5.761668
5.266296
5.343205
5.367881
5.259382
5.058546
4.954874
5.229920
5.732590
5.454017
5.603699
5.652313
5.759665
5.291091
5.164196
5.394663
5.163440
5.938845
5.672388
5.386858
5.791091
5.737732
5.590022
5.054463
5.093141
4.907095
5.157845
4.820414
5.076086
4.935854
4.831280
5.051375
5.021513
5.597519
5.767129
5.461217
5.588812
5.376373
5.320319
5.333863
5.351521
5.439311
5.427038
5.702258
5.748865
5.584144
5.555624
5.827059
5.747690
5.457853
5.877498
6.046042
5.905694
5.449724
5.591884
5.125218
5.114134
5.240703
5.489045
5.546325
5.321033
5.571212
5.649289
5.729298
5.952329
5.760431
5.512674
5.464492
5.375931
5.419328
5.443952
5.412599
5.234325
5.384888
5.540735
5.221540
5.296697
5.766573
5.343971
5.408814
5.618400
5.457656
5.929809
5.702844
6.186787
6.009196
5.896801
5.552895
5.624718
5.789005
5.888442
5.788799
5.864719
5.643385
5.452753
5.250123
5.251852
5.348096
5.245571
4.992637
5.418149
5.041889
5.497983
5.127794
5.332307
5.334301
5.201610
4.994806
5.027440
4.958429
5.371265
5.166630
5.233920
4.882483
4.859061
4.951577
5.243584
5.241345
5.081210
5.485201
5.540372
4.908418
5.182085
5.488248
5.314768
5.169705
5.305407
5.284124
5.437803
5.142880
5.261126
5.521324
5.656207
5.416591
5.198028
5.175888
5.256247
5.204062
5.386374
5.733006
4.944212
5.219475
5.222012
4.916916
4.823847
4.476376
4.717080
4.880914
4.676003
5.142525
5.314717
5.541227
5.467687
5.367309
5.206908
5.291700
5.093693
5.146048
4.968930
5.058956
5.481870
4.992165
5.053591
5.134133
5.435487
5.438096
5.126983
5.281772
5.376282
5.338680
5.545219
5.647694
5.132684
5.265881
5.331194
5.436644
5.331707
5.324866
5.713747
5.296139
5.714091
5.988417
5.775112
5.561240
5.644323
5.495255
5.362094
5.266871
5.762153
5.546265
5.486922
5.437085
5.163050
5.264880
5.124942
4.972736
5.329388
5.324211
5.561419
5.824067
5.545930
5.508597
5.368694
5.611586
5.792018
5.418429
5.363699
5.160095
5.162672
5.157544
5.183099
5.242626
5.552999
5.789615
5.483168
5.183082
5.456160
5.617700
5.626695
5.779669
5.937620
5.538884
5.480315
4.991473
5.409032
5.083635
5.309626
5.453789
5.696999
5.328011
5.111267
4.921376
4.859688
5.073599
5.309879
5.429847
5.753451
5.530266
5.303335
5.161736
5.267355
5.018808
5.435595
5.859863
5.323796
5.239531
5.225153
5.121858
5.231354
5.403587
4.923441
5.297005
5.260718
5.240987
4.983151
5.015965
4.977586
5.131873
5.352603
5.366725
5.532211
5.567007
5.201241
5.308829
5.390066
5.368397
5.930268
5.625759
5.299583
5.092172
4.777309
4.758828
4.861143
4.796955
5.160295
5.142195
5.597340
5.317155
5.221891
5.532600
5.368858
5.488231
5.199005
5.650072
5.759898
5.781954
5.414969
5.560775
5.142952
5.298557
5.404421
5.592001
5.906342
5.567542
5.555741
4.917932
5.278813
5.245194
4.921544
5.334516
5.471395
5.275876
5.095435
5.159656
5.557574
5.917678
5.596559
5.716021
5.705579
5.581116
5.631611
5.470359
5.555607
5.572444
5.644446
5.583535
5.628343
5.553314
5.639990
5.784918
5.911020
5.849025
5.719805
5.598142
5.473467
5.084117
5.367088
5.387035
5.365456
5.410901
5.586960
5.548680
5.527513
4.945936
5.393578
5.169474
5.296550
5.526097
5.217414
5.245638
5.481906
4.843522
5.214205
4.994339
5.175700
5.557802
5.469412
5.366512
5.664609
5.602047
5.738282
5.160008
5.293853
5.045849
5.245431
4.895428
4.981559
5.045734
5.315147
5.183314
5.194411
5.107832
5.126286
5.140120
5.071268
5.277811
5.607458
5.545095
5.607230
5.530914
5.424440
5.731371
5.730448
5.572718
5.152515
5.311725
5.083416
5.242665
5.268942
5.217668
5.292290
5.130243
5.084152
5.170114
5.504893
5.609836
5.100794
5.245660
5.565913
5.472294
5.210854
5.102624
5.050080
4.976271
5.281988
5.256603
5.510639
5.331620
5.091827
5.421326
5.384204
5.426827
5.158835
4.993583
5.148387
5.269786
5.444268
5.717999
5.500233
5.219263
4.950161
4.850432
5.011307
5.119250
5.167270
5.328339
5.266689
5.363657
5.785734
5.975674
5.727619
5.851293
5.541382
5.274914
5.231787
4.941711
5.122257
5.495845
5.439879
4.861258
4.824933
4.880375
5.093648
5.408396
5.308441
5.262486
5.208152
5.042473
5.511811
5.396239
5.410208
5.218894
5.273792
5.564619
5.206495
5.053975
4.965312
5.355337
5.210644
5.896993
5.898295
5.653057
5.460533
5.254305
5.198975
5.231626
5.736022
5.424472
4.904421
5.334208
5.184200
5.371896
5.265848
5.390656
5.369444
5.370147
5.296953
5.633589
5.683024
5.744698
5.362355
5.455830
5.380216
5.272797
5.603552
5.377252
5.349651
5.139407
5.367128
5.480204
5.220455
5.452562
5.526320
5.404796
5.349158
5.182888
4.916373
5.134360
5.610229
6.101632
5.673319
5.656782
5.588861
5.436642
5.259563
5.381684
5.218025
5.179551
5.079206
5.352785
5.009363
5.274853
5.214974
5.143356
5.198143
5.065914
5.326102
5.317724
5.286113
5.357969
5.357161
5.222160
5.088815
5.040654
5.074327
4.832877
5.024034
4.825265
5.052729
5.218924
5.072446
5.276314
5.249821
5.366257
5.491753
5.096358
4.906155
4.971195
5.179672
5.378679
5.330073
5.459817
5.122242
5.174761
5.164882
5.433661
5.706830
5.432955
5.470991
5.427866
5.762502
5.470310
5.746035
5.682819
5.273627
5.481023
5.170515
5.040937
5.476324
5.392192
5.480543
5.592511
5.341136
5.160639
5.365446
5.425779
5.558693
5.745265
5.545185
5.534915
5.574597
5.797374
5.635020
5.655146
5.820123
5.360054
5.394305
5.378167
5.440880
5.658849
5.877022
5.551930
5.610448
5.746529
5.834397
5.324610
5.262027
5.343518
5.730444
5.576188
5.399598
5.275626
5.353900
5.333806
5.464331
5.142257
5.165005
5.594821
5.565998
5.349925
5.148822
5.556087
5.347512
5.429164
5.674397
5.404600
5.405973
5.807532
5.373196
5.319332
5.559337
5.273114
5.530602
5.108892
5.193917
5.162637
4.965030
5.314244
5.256765
5.484691
5.365282
5.532085
5.970638
5.844801
5.621162
5.806552
5.629287
5.313786
5.537928
5.541954
5.786741
5.257771
5.517625
5.322687
5.412352
5.251119
5.283153
4.917060
4.979145
4.835672
5.105050
5.502135
5.598072
5.137535
5.480263
5.174129
5.464764
5.386373
5.397873
5.447677
5.215757
5.272463
5.381091
5.388899
5.644749
5.581535
5.211212
5.250659
5.276221
5.272639
5.397675
5.237286
4.937540
5.156890
5.474647
5.250218
5.393626
5.019181
5.151941
5.010813
5.025523
5.553350
5.884108
5.682323
5.409919
5.792764
5.645141
5.586749
5.543758
5.377205
5.649948
5.565873
5.905852
6.023414
5.908405
5.795010
5.940861
5.463785
5.434425
5.345299
5.226469
5.016847
5.032556
5.077227
5.076198
5.227763
5.256271
5.424293
5.373554
5.276932
5.162923
5.338838
5.540254
5.104288
5.188100
5.136280
5.332653
5.593564
5.392016
5.625741
5.019064
5.058042
4.896120
5.239656
5.288067
5.311052
5.489756
5.504350
5.475629
5.816912
5.754556
5.533983
5.384924
5.283692
5.314059
5.475325
5.420098
5.620901
5.262225
5.083972
5.224731
4.978323
5.125199
5.007578
4.975209
5.343772
5.145445
5.444612
5.287434
5.424321
5.256628
5.847890
6.115628
5.973274
5.163791
4.991369
4.730716
4.650382
4.774976
4.913764
4.867990
4.985836
4.992659
5.312933
5.099097
5.114331
5.418486
5.038730
5.080831
5.180545
5.156925
4.896145
4.912469
4.933531
5.451486
5.212564
5.396984
5.589342
5.277214
5.058352
5.286900
5.694811
5.797340
5.708984
5.672738
5.806320
5.469264
5.586158
5.499376
5.409756
5.529472
5.437755
5.121273
5.222523
5.097248
5.361980
5.255466
5.505389
5.392310
5.269205
5.350720
5.195573
5.088093
5.187518
5.447856
5.460716
5.378188
5.359376
5.421858
5.313034
5.186346
5.749007
5.576840
5.481881
5.139514
5.219086
5.383364
5.737520
5.481183
5.224915
5.301360
5.394211
5.430687
5.320310
5.357203
5.164985
5.461398
5.350077
5.678963
5.312024
5.092892
5.450769
5.220316
4.937355
4.817373
5.237785
5.919129
5.175554
5.529081
5.512429
5.530048
5.199809
5.607204
5.329817
5.392972
5.815036
5.635590
5.307766
5.184103
5.589461
5.883223
6.011531
5.836680
5.937625
5.932697
5.960561
6.157540
5.387840
5.083062
4.673870
4.754547
4.866494
5.164806
5.065759
5.388906
5.166624
5.336356
5.430365
5.158265
5.142305
4.888652
4.831483
4.854206
5.177091
5.145653
5.208871
5.601499
5.384594
5.611009
5.846493
5.572954
5.347390
5.340373
5.307506
5.296668
5.294926
5.442207
5.829628
5.547801
5.304530
5.469791
5.470583
5.368180
5.006838
5.261883
5.125396
5.631953
5.358388
5.869061
5.994948
5.907141
5.581363
5.117875
5.006867
5.333653
5.225355
5.436473
5.240764
5.330401
5.309351
4.931826
4.818405
5.096461
5.138432
5.361558
5.238325
5.437312
5.233900
5.608705
5.705684
5.111305
5.252008
5.084855
5.468637
5.515099
5.639954
5.517348
5.374534
5.321779
5.046454
5.204263
5.380437
5.502750
5.688936
5.215403
5.561627
5.501282
5.399730
5.110386
4.896101
4.922306
5.255179
5.209500
5.595940
5.795426
5.737564
5.948974
5.736456
5.929832
6.003481
5.685444
5.683510
5.829791
5.954982
5.667080
5.015721
5.103534
5.042777
5.353667
5.281092
5.733797
5.564850
5.777270
5.798671
5.726711
5.225684
5.409463
5.480386
5.889468
5.366761
5.602769
5.624630
5.497129
5.336016
5.592840
5.636145
5.380998
5.144153
5.543637
5.106684
5.790305
5.281726
5.343002
5.702488
5.775062
5.948394
5.546790
5.339467
5.382834
5.383910
5.271301
5.135342
5.147390
5.368452
5.118167
5.084028
5.197070
5.134555
4.965686
5.214696
5.119788
5.207221
5.750942
5.644363
5.297527
5.465026
5.299819
4.928921
5.035630
5.308186
5.618879
5.349575
5.721788
5.826989
5.557399
5.466805
5.158690
5.070698
5.243826
5.417030
5.598896
5.444281
5.750036
5.390075
5.173328
5.378427
5.221161
5.238359
5.350227
5.183139
5.286322
5.058864
5.366057
5.488160
5.461163
5.330017
5.525901
5.781033
5.310221
5.126914
5.426793
5.463368
5.193242
5.293027
5.208074
5.266779
5.480429
5.302640
5.584618
5.210893
5.395847
5.149184
5.231644
5.198955
5.180997
5.236756
5.110538
5.216055
5.325276
5.096177
5.487939
5.558689
5.354839
5.495875
5.411261
5.285287
5.065428
5.013865
4.992510
5.187037
5.357651
5.067012
5.408311
5.193786
5.157560
4.972648
4.934610
5.353984
5.434796
5.170419
5.249944
5.341206
5.550648
5.341346
5.146350
5.794877
5.161450
5.011466
5.024058
5.238700
5.373963
5.197100
5.250655
5.371182
5.212105
5.142887
5.402405
5.321542
5.184919
5.087279
5.145758
5.226651
4.944727
5.196581
5.314568
5.367369
5.325412
5.135454
5.185999
5.352245
5.009893
4.812776
4.920561
5.075186
5.178517
5.070787
5.343636
5.286135
5.166171
5.008720
5.398655
5.294277
5.343667
5.693285
5.159824
5.100840
5.444936
5.605263
5.271586
4.918218
5.158435
5.271092
5.203635
5.069087
5.131189
5.248304
5.239754
5.431699
5.419090
5.084393
5.278670
5.369794
5.360065
5.622853
5.607298
5.371575
5.186546
4.992968
5.177058
5.133860
5.066923
5.242716
5.111094
5.229582
5.339779
5.164502
5.317669
5.258734
5.271339
5.207269
5.376076
5.637642
5.396345
5.110074
5.452818
5.518246
5.283715
5.279954
5.465478
5.385095
5.482438
5.443229
5.311211
5.646760
5.586274
5.117956
5.166855
5.666952
5.583406
5.600218
5.694731
5.892054
5.841715
5.547731
5.777674
5.306393
5.500003
5.455655
5.607630
5.469923
5.414460
5.502242
5.415649
5.654873
5.451266
5.799168
5.142519
4.982848
5.171489
5.179350
5.458673
5.740998
6.005405
5.568710
5.408512
5.424351
5.544422
5.410002
5.195625
5.263080
5.137897
5.341489
5.736124
5.800742
5.843918
5.770558
5.395263
5.579499
5.885746
5.526039
5.551142
5.724983
5.555808
5.344951
5.252117
5.512597
5.408879
5.119106
5.379484
5.302745
5.167357
5.073145
5.134507
5.185900
5.220986
5.377195
5.734657
5.943758
5.670327
5.297018
5.052490
5.362367
4.993158
5.241461
4.880152
4.875095
5.683757
5.872842
5.799532
5.660223
5.578416
5.743224
5.713729
5.713782
5.367974
5.241298
5.112652
4.756490
5.127663
5.341883
5.394248
5.528588
5.197834
5.277626
5.302009
5.309315
5.275235
5.293012
5.134954
5.430715
5.483593
5.158473
5.389671
5.416643
5.407383
5.733191
5.403937
5.623594
5.409003
5.261613
5.514328
5.020784
5.333355
5.217498
4.760549
4.578606
4.774919
4.918350
4.956167
5.546822
5.229103
5.078960
5.452880
5.197895
5.194173
5.260371
5.220909
5.431411
5.737101
5.656465
5.247663
5.687120
5.778903
5.979247
5.703512
5.635300
5.592893
5.674807
5.905521
5.685465
5.258824
5.164111
5.256319
5.237531
5.430987
5.655513
5.402440
5.556254
5.581407
5.740838
5.722877
5.604126
5.454921
5.470203
5.339229
5.616512
5.381198
5.188575
5.497235
5.484567
5.166224
5.176816
5.344229
5.259102
5.673751
5.712266
5.702474
5.458295
5.601398
5.197048
5.130352
5.025241
5.054400
5.256015
5.439808
5.504924
5.719395
5.498111
5.358459
5.164451
5.255423
5.762582
5.438418
5.080738
5.190905
5.295459
5.950423
5.696645
5.170555
5.077033
5.323944
5.266498
5.361095
5.521831
5.224623
5.363502
5.250386
5.479615
5.150789
5.256189
5.314962
5.503918
5.452614
5.150685
5.200332
5.366352
5.637078
6.043251
5.233452
4.989844
5.168332
4.927083
4.793936
4.860486
4.751709
5.157545
5.001599
4.960121
5.167186
5.335480
5.034430
5.063658
5.595638
5.909393
5.534421
5.654889
5.474809
5.260106
5.105474
5.288217
5.205926
5.446950
5.568804
4.994736
5.248796
5.004145
5.494277
5.508809
5.443383
5.218027
5.408514
5.403528
5.337894
5.215435
5.469814
5.733101
5.440240
5.344878
5.333080
5.311181
5.342950
5.341318
5.194665
5.472793
5.773388
5.765193
6.131313
6.174111
5.995853
5.304209
5.494625
5.788896
5.695638
5.414143
5.513848
5.719156
5.817218
5.597914
5.415285
5.456715
5.780924
5.761373
5.709676
5.336320
5.209588
5.175447
5.318744
5.572782
5.636396
5.706785
5.139092
5.567019
5.501787
5.369253
5.370883
5.202074
5.374871
5.168049
5.426320
5.242267
5.599874
5.463681
5.689405
5.440464
5.339296
5.379251
5.399835
5.709043
5.319771
5.538530
5.437349
5.255032
5.450120
5.418283
5.423157
5.238190
5.124129
5.195277
5.005945
5.089354
5.002196
5.012234
4.950190
5.062124
4.930679
4.904626
4.805816
4.847004
5.173580
4.828326
4.918617
5.221682
5.608614
5.420442
5.429951
5.247495
5.044754
5.242133
5.670051
5.631793
5.075085
4.723989
4.843204
5.015939
4.995978
5.002999
5.102479
5.016105
5.059814
5.376461
5.595847
5.460166
5.642462
5.118998
5.132848
5.382779
5.491439
5.417123
5.389582
5.338419
5.298617
5.373756
5.071857
5.266397
5.208371
5.179340
5.109457
4.915078
5.080334
4.939786
4.943014
4.946635
5.234669
5.135942
5.116566
5.037121
5.055142
4.804802
5.147791
5.135879
5.528125
5.160219
5.198992
5.030597
5.182136
4.944704
4.917094
5.143828
5.381816
5.996804
5.584599
5.757715
6.095356
6.271573
6.084988
5.754736
5.795267
5.716997
5.643931
5.688672
5.634653
5.583208
5.527483
5.632023
5.634956
5.793842
5.262260
5.190448
4.747715
4.998169
5.153220
5.658290
5.566126
5.240493
5.223356
5.329808
5.372805
5.203696
5.003732
5.223889
5.067958
5.454360
5.230972
5.679599
5.469194
5.262917
5.486032
5.312036
5.316160
4.988257
5.065215
5.306318
5.409962
4.932092
5.084667
5.004868
5.202797
5.208507
5.329249
5.159950
5.104209
5.456765
5.422557
5.385519
5.174788
5.079524
5.031229
5.257487
5.251547
5.485005
5.348837
5.039189
5.418014
5.515298
5.302569
5.246937
5.124058
4.832240
5.050174
5.077875
5.428532
5.149584
5.556943
5.855547
6.164165
5.915074
6.068791
5.483687
5.250311
5.024598
5.187185
5.390169
5.347730
5.241735
5.416304
5.565317
5.046139
5.052765
4.639511
4.844535
5.368525
5.141714
5.655021
5.328539
5.451148
5.041080
5.130273
5.191490
5.247741
5.137024
5.119137
5.776606
5.614597
5.500583
5.657502
5.218646
5.320784
5.206958
5.451436
5.533358
5.367384
5.317259
5.177019
5.118523
5.084520
5.075611
5.227445
5.223974
5.160971
4.865190
4.986713
5.109741
5.248555
5.773724
5.499095
5.469540
5.344994
5.336856
5.147964
5.205134
5.486038
5.089324
5.291221
5.053528
5.266526
5.293527
5.545540
5.476815
5.319822
5.733272
5.473369
5.487550
5.477800
5.139271
5.315218
5.274765
5.353646
5.588837
5.345251
4.971306
5.111108
5.459702
5.333618
5.337300
5.402607
5.471978
5.433021
5.254830
5.153616
4.972459
4.973787
5.044791
5.123840
5.498207
5.412398
5.724651
5.411034
5.475389
5.984756
5.673384
5.482521
5.364190
5.300777
5.321111
5.185552
5.433948
5.267492
5.335845
5.399940
5.678048
5.475695
5.414399
5.533925
5.350699
5.296251
5.309417
5.530464
5.268676
5.454973
5.538407
5.474837
5.409843
5.376185
5.101272
5.557758
5.749742
5.355918
5.192861
5.308380
5.439755
5.725977
5.705565
5.705679
5.469294
5.817593
5.794577
5.543655
5.597804
5.342127
5.602998
5.867600
6.261007
6.034250
5.892274
5.788526
5.465585
4.848282
4.910943
5.028686
5.205088
5.183612
5.296674
5.062609
5.190919
5.285548
5.861569
5.925177
5.801320
5.586723
5.028896
5.382685
5.394719
5.749819
5.661655
5.462505
5.276276
4.940180
5.183455
5.273610
5.053506
5.072746
5.094263
5.169645
5.591687
5.641799
5.422244
5.875502
5.671287
5.422711
5.360272
5.448356
5.447660
5.166168
5.196041
5.240793
4.951508
5.086433
5.362341
5.182515
5.046274
5.374648
5.371247
5.212365
5.440087
5.428777
5.428161
5.495798
5.620671
5.751576
5.760294
5.412183
5.350506
5.276700
5.255230
4.913455
5.410045
5.211610
5.130222
5.112376
5.357151
5.369394
5.696945
5.568540
5.408507
5.507655
5.503909
4.874250
5.630324
5.615513
5.441037
5.306746
5.595502
5.856889
5.184695
4.930928
5.361628
5.300371
5.150416
5.006358
5.248463
5.103304
5.213078
5.387119
5.962371
6.085596
6.132373
5.813699
5.680025
5.658210
5.547189
5.568440
5.085888
5.129480
5.179786
4.998098
5.552915
5.383327
5.296854
5.596906
5.564340
5.873615
5.491710
5.064101
4.999876
5.151695
4.992917
4.967241
5.234498
5.206775
5.748109
5.432458
5.720810
5.189462
5.483962
5.493967
5.775156
5.496347
5.585352
5.495524
5.481261
5.414172
5.266474
5.347096
4.744818
4.675443
5.045803
5.278969
5.524880
5.712126
5.472970
5.401670
5.372759
4.757186
5.280132
5.313543
5.359669
5.526386
5.250865
5.159620
5.373643
5.437002
5.310180
5.098147
5.080951
5.096133
5.064687
5.247742
5.414319
5.381615
5.134792
5.139231
5.084420
5.204755
5.685816
5.303303
5.143661
5.214869
5.062737
5.038688
5.148145
5.183429
4.956465
5.040430
5.418376
5.663687
5.609999
5.797475
5.251112
5.316026
5.638902
5.630177
5.556592
5.361579
5.511680
5.498479
5.415972
5.259322
5.153540
5.233460
5.184430
5.022350
5.159248
5.144705
5.110796
5.021272
5.402516
5.300521
5.042858
5.088158
5.250837
5.738766
5.713859
5.687912
5.509629
5.527610
5.584028
5.161137
4.948362
5.074786
5.150920
5.274671
5.449684
5.771516
5.519626
5.181459
5.290837
5.694953
5.506758
5.417121
5.125204
4.834196
5.013033
5.063177
5.286133
5.461756
5.279867
5.131129
5.440351
5.314899
5.851352
5.745278
5.454867
5.199934
5.544196
5.404201
5.285064
5.456793
5.308883
5.120169
4.905947
5.608627
5.527344
5.969432
5.454529
5.656723
5.343621
5.401312
5.210528
5.736986
5.473042
5.530499
5.464028
5.624604
5.683550
5.774612
5.422196
5.056316
5.200102
4.975012
5.382100
5.307789
5.334226
5.477569
5.289262
5.220207
5.516128
5.504891
5.303271
5.367549
4.983973
4.671473
4.612628
5.279018
5.154870
5.339295
5.325672
5.300710
6.066607
5.513167
5.297396
5.180457
5.441508
5.218432
5.475760
5.321358
5.248845
5.397756
5.156935
5.625042
5.565504
5.522859
5.420712
5.648523
5.380979
5.313939
5.398275
5.857127
5.519404
5.155228
5.302045
5.021385
5.211915
5.181939
5.352089
5.227693
5.549305
5.095472
5.067913
5.323472
4.956445
5.182569
5.344236
5.198386
5.056989
5.117364
5.829079
5.435271
5.445952
5.811678
5.800411
5.555911
5.735995
5.856402
5.516684
6.258688
5.754648
5.862157
5.560301
5.479810
5.283984
5.582827
4.872718
5.213346
5.418658
5.213396
5.239473
4.959883
5.415048
5.411235
5.340958
5.341701
5.354309
5.261846
5.292659
5.210064
5.171145
5.320883
5.387494
5.226103
5.599504
5.303754
5.272635
5.265250
5.342943
5.374256
5.324686
5.368380
4.869225
5.294307
5.243071
5.608930
5.625067
5.845236
5.550094
6.056669
5.779564
5.333318
5.535879
5.524016
5.605721
5.203392
5.140626
5.146157
5.234816
5.719153
5.424291
5.665501
5.552564
5.172778
5.283053
5.323402
5.531116
5.794881
5.678579
5.671450
5.536556
5.573420
5.515812
5.244640
5.331100
5.209412
5.502977
5.703600
5.530769
5.728415
5.838310
5.598802
5.678893
5.383663
5.484112
5.021810
4.679443
4.740114
4.522948
5.128646
5.276833
5.242905
5.076641
5.127848
5.026113
5.208686
5.210556
5.419126
5.403149
5.311525
4.916831
4.741075
5.034152
5.254313
5.244647
5.085410
5.344247
5.640078
5.287216
5.363142
5.316159
5.409801
5.260807
5.941595
5.446327
5.676458
4.817225
5.103361
5.389143
5.463009
5.356168
5.280798
5.550167
5.681236
5.330262
5.147213
5.510688
5.660420
5.263974
5.407148
5.310685
5.339645
5.331632
5.363340
5.100964
5.567240
5.113716
5.491454
5.669747
5.215159
5.198668
5.664816
5.136453
5.274486
5.318401
5.294691
5.303432
5.241930
5.436638
5.435978
5.431360
5.272339
5.354329
5.620929
5.398743
5.686487
5.713113
5.345483
5.504009
5.539168
5.338385
5.491772
5.271453
5.328141
5.186332
5.198715
5.149499
5.122655
5.361812
5.549001
5.549374
5.334167
5.527652
5.483232
5.104651
4.840865
5.257984
5.743349
5.875838
5.528535
5.755082
6.102089
5.837808
5.820332
5.812119
5.585122
5.064846
5.192979
5.370549
5.460894
4.931452
5.269836
5.362465
5.524655
5.566824
5.497240
5.317238
5.434469
5.077892
4.548325
4.556104
5.282580
5.584900
5.585168
5.452966
5.480076
5.439191
5.112193
4.956919
5.191459
5.118397
4.955947
5.267890
5.493209
5.577974
5.699989
5.085267
5.056819
5.286173
5.328006
5.656700
5.416607
5.687735
5.660349
5.382451
5.484480
5.605321
5.550898
5.297338
5.649868
5.281549
5.429459
5.158590
5.517968
5.243314
5.606582
5.414325
5.739921
5.478856
5.847891
5.740964
5.840172
5.885952
5.888335
5.824542
5.397761
5.732227
5.416609
5.575915
5.359755
5.548518
5.472927
5.322821
5.174656
5.182327
5.217680
5.157681
5.420772
5.362605
4.933555
5.191142
5.033172
5.109292
5.175840
5.066071
5.158017
5.097382
5.256479
5.079203
5.055570
5.494129
5.391558
5.399288
5.456288
5.494684
5.575334
5.399162
5.553464
5.357324
5.525891
5.400402
5.851729
5.532371
5.350557
5.673361
5.303463
5.321884
5.328195
5.363481
4.857141
5.634268
5.185277
5.374589
5.443493
5.482171
5.532494
5.171578
5.393753
5.451714
5.254138
5.323811
5.034123
4.798835
4.853405
5.136747
5.286981
5.125808
5.053801
5.007377
5.058818
5.015198
5.168515
5.183966
5.038109
4.955350
4.831198
4.938751
5.178208
5.241214
5.588578
5.577592
5.326019
5.545415
5.417182
5.296004
5.462324
5.185601
5.411846
5.269252
5.154392
4.978828
5.351014
5.328510
5.375034
5.313805
5.465270
5.364159
5.208043
5.016208
4.874497
5.546970
5.161051
5.206210
5.519163
5.301697
5.486288
5.291180
5.662760
5.913796
5.658010
5.761565
5.400320
5.584544
5.350019
5.258060
5.033231
5.103869
5.119628
5.041090
4.861741
5.741070
5.449928
5.479274
5.756521
5.641434
5.229603
5.058931
5.333803
5.393442
5.342095
5.717269
5.514668
5.695269
5.226484
5.076749
5.047685
4.972861
5.070390
5.034739
4.794981
5.249344
5.328347
5.422785
5.337682
5.230769
5.554957
5.353342
5.703998
5.869901
5.721902
5.711026
5.539581
5.297339
5.305794
5.549994
5.091442
5.156252
5.265056
5.247129
5.379440
5.485642
5.526797
5.497742
5.701075
5.449515
5.292232
5.614742
5.545007
5.462229
5.409723
5.165595
5.269422
5.186416
5.285860
5.612273
5.677013
5.775803
5.785763
5.339107
5.509770
5.598260
5.955934
5.540225
5.586162
5.034646
5.313630
5.663699
5.563782
5.255043
5.463463
5.390619
5.378241
5.712804
5.341220
5.308544
5.238524
5.139532
5.091961
5.146828
5.027851
5.425225
5.218086
5.438530
5.357858
4.892765
5.168879
5.353210
5.071704
4.868598
5.179688
4.886542
5.200502
4.959270
5.091722
5.331076
5.500658
4.931992
5.037370
5.398202
5.218584
5.322266
5.676071
5.559340
5.542521
5.552785
5.081573
4.979826
4.977329
5.139758
5.400903
5.636544
5.759680
5.392991
5.368303
5.494859
5.159355
5.201707
5.059642
5.208160
4.910661
5.033538
5.310375
5.348739
5.616615
5.256951
5.243457
5.129293
5.172266
4.989063
5.119912
5.455971
5.413339
5.730156
5.561389
5.909277
5.333739
5.372563
5.259793
5.300073
5.457825
5.610252
5.058198
5.258597
5.674224
5.965839
5.936115
5.491872
5.508762
5.399218
5.573065
5.733652
5.408469
5.464045
5.267050
5.373391
5.193327
5.339703
5.147643
4.942421
5.182307
5.429320
5.563659
5.598481
5.311545
5.723653
5.568187
5.587380
5.540003
5.704849
5.689881
5.682706
5.363386
5.243185
5.347949
5.587857
5.782952
5.527394
5.731766
5.829896
5.374956
5.437355
5.462783
5.238388
5.239710
5.347540
5.954564
5.927868
5.955317
5.910478
5.570243
5.770121
5.787905
5.775714
5.479548
5.549205
5.432201
5.542884
5.671446
5.277309
5.766709
5.299248
5.544170
5.353115
5.109861
5.718445
5.186596
5.613745
5.489524
5.567846
5.420236
5.230062
5.411106
5.411575
5.397392
5.403667
5.350312
5.389648
4.998390
5.273276
5.266293
5.585548
5.377317
4.867662
4.829028
5.260802
5.259845
5.224801
5.329200
5.392183
5.236856
5.349585
5.336150
5.258204
4.775438
5.144585
5.276841
5.184659
5.364057
5.273714
5.337614
5.561582
5.902373
5.740462
5.144898
5.084924
5.412553
5.186037
5.393284
5.239886
5.116788
5.009214
5.133572
5.214245
5.245368
5.080081
5.134196
5.063320
5.081095
4.848377
4.943292
5.324658
5.233678
5.179375
4.761789
4.995058
5.131593
5.226918
5.344541
5.184120
5.777956
5.419018
5.162774
5.311362
5.273111
5.065908
5.119620
5.251950
5.173489
5.039892
5.267642
5.201174
5.558330
6.099157
5.786688
5.583820
5.202692
5.218343
5.410719
5.472632
5.456370
5.164453
5.078433
5.051193
4.735782
4.951720
5.126158
5.643359
5.402501
5.637878
5.177041
5.405437
5.148189
5.473905
5.428969
4.989402
5.212971
5.266817
5.516359
5.317256
5.621165
5.487423
5.601763
5.391993
5.398506
5.662583
5.728017
5.709055
5.252720
5.393784
5.497799
5.705208
5.384277
5.361637
5.360436
5.398407
5.641367
5.776300
5.317851
5.227622
5.234658
5.126442
5.075559
5.285154
5.150788
5.536873
5.462060
5.628677
5.569843
5.551734
5.531587
5.329632
5.352675
5.343241
5.322531
5.232929
5.272576
5.233794
5.155749
5.158121
5.620120
5.514031
5.406266
5.567868
5.298269
5.316297
5.400056
5.209429
5.449842
5.766343
5.887830
5.503344
5.642339
5.367029
5.287321
5.376473
5.520718
5.397403
5.611783
5.205564
5.100458
5.114636
5.435163
5.166390
5.182972
5.432433
5.469892
5.710554
5.668166
5.453445
5.480268
5.526014
5.584216
5.376963
5.225489
5.296279
5.117814
5.083846
5.397464
5.143349
5.005902
5.014779
5.018667
5.143628
5.348931
5.064358
5.217013
5.272793
5.455893
5.457952
5.182980
5.355678
5.161090
5.421775
5.703498
5.636296
5.641339
5.571009
5.194045
5.234772
5.224106
5.256015
5.192678
5.838920
5.655522
5.375282
5.259455
5.569165
5.361155
5.419009
5.535427
5.284700
5.252833
5.132542
5.311465
5.572529
6.000545
5.581302
5.308312
5.329817
5.282362
5.004333
5.256401
5.364315
5.080074
5.080302
5.241815
5.272118
5.739795
5.237719
5.313770
5.333782
5.252552
5.159377
5.245021
5.280345
5.417075
5.579586
5.220881
5.438243
5.229937
5.327947
5.450861
5.575387
5.363535
5.555371
5.507413
5.480467
5.786027
5.483596
5.433223
5.453758
5.478513
5.703836
5.235226
5.177201
5.087242
5.254860
5.304049
5.572512
5.421313
5.542178
5.686896
5.271003
5.134142
5.231042
5.052654
5.159905
5.276879
5.207993
5.450082
5.434656
5.372274
5.286837
5.501747
5.381766
5.074998
5.047398
5.100406
5.173186
5.202394
5.362169
4.944143
5.482053
5.543086
5.512545
5.559334
5.761122
5.789329
5.802692
5.460471
5.565215
5.652534
5.592912
5.537852
5.577163
5.782990
5.743912
5.834834
5.322845
5.096761
4.778936
4.931968
5.136564
5.212160
5.138248
5.239270
5.295013
5.239011
5.461203
4.850790
5.322489
5.033646
5.227930
5.068952
4.953058
5.034035
4.890842
4.977430
4.877380
4.964706
4.699256
4.760888
4.921285
5.670439
5.605894
5.580252
5.395750
5.190459
5.394017
5.086241
5.519518
5.311085
5.522116
5.518852
5.616627
5.604767
5.682867
5.131276
5.206115
5.224305
5.076372
5.334193
5.691035
5.373347
5.370731
5.299934
5.685758
5.366527
5.388118
5.475142
5.286659
5.422666
5.666710
5.865125
5.634843
5.573495
5.203337
5.061492
4.596839
4.707464
4.867758
5.140128
5.247397
5.393114
5.436732
5.605284
5.903458
5.499865
5.554397
5.424670
5.418420
5.529223
5.426397
5.665465
5.263158
5.331983
5.400951
4.936414
5.453684
5.316240
5.198267
5.044608
4.819202
4.991226
5.108576
5.066275
4.769783
5.168068
5.340673
5.226949
5.433188
5.262590
5.347497
5.455165
5.370307
5.461943
5.187477
5.081896
5.564521
5.376779
5.513674
5.636447
5.292147
5.085808
5.028430
5.796652
5.552920
5.461700
5.422125
5.340120
5.399742
5.046135
5.258571
5.291524
5.085900
5.293563
5.203576
5.301560
5.732334
5.845336
5.444927
5.380244
6.078358
5.920592
5.494360
5.419794
5.278772
5.149469
5.429364
5.571028
5.758048
5.525204
5.450619
5.545903
5.419574
5.167330
4.878463
5.106248
5.052471
5.096080
5.350546
5.084095
5.089578
5.541863
5.669406
5.617831
5.398051
5.552368
5.330260
5.468965
5.134710
5.400803
5.162196
5.233059
5.272793
5.097628
5.037573
5.092103
5.011810
5.161418
5.431059
5.408980
5.205391
5.199030
5.048988
5.333682
5.280972
5.418521
5.627766
4.859543
4.905744
5.154906
5.237922
5.037575
4.931541
4.953455
5.357104
4.857112
5.118101
5.431032
5.110005
5.336766
5.424303
5.475152
5.770804
5.775059
5.596170
5.488434
5.443181
5.116906
5.159421
5.328800
5.553398
5.682527
5.517435
5.495653
6.198690
5.925734
5.546960
5.380568
5.225161
5.316086
5.117343
5.418397
5.662844
5.447391
5.663751
5.488340
5.759604
5.658729
5.954977
5.433135
5.409202
5.338070
5.139250
4.911010
5.130399
5.116140
5.155525
5.456759
5.450511
5.441871
5.229774
5.283011
4.982422
5.235467
5.360914
5.364070
5.316421
5.150174
5.294608
5.182066
5.117974
5.404541
5.278963
5.240330
5.262286
5.315529
5.533490
5.598550
5.386077
5.039527
4.714164
4.671732
5.486945
5.390041
5.373521
5.275526
5.184870
5.131858
5.242322
5.223530
5.261416
5.207860
5.394613
5.471214
5.680652
5.719477
5.591034
5.536764
5.258344
5.424980
5.094911
5.203744
5.462117
5.439344
4.954283
5.233036
5.392510
5.466096
5.455104
5.215673
5.334752
5.365647
5.534499
5.952972
5.661437
5.507169
5.571924
5.785011
5.626366
5.482951
5.320730
5.325947
5.689702
5.802544
5.750330
5.161130
5.137602
5.133943
5.545147
5.502285
5.699422
5.277977
5.398772
5.536966
5.655680
5.414997
5.399888
5.417295
5.574507
5.360854
5.495670
5.717005
5.594261
5.496254
5.389291
5.481469
5.270025
5.032153
5.251448
5.063418
5.570132
5.704932
5.485307
5.419383
5.486539
5.279530
5.480793
5.413892
5.685442
5.365669
5.129914
5.727028
5.348212
5.461828
5.628811
5.535344
5.675867
5.395170
5.316166
4.953385
5.099301
4.962778
4.832094
5.091068
5.113291
5.166114
5.327028
5.393746
5.338025
5.397518
5.431463
5.530257
5.504652
5.757363
5.661906
5.311123
5.481438
5.637805
5.284613
5.551592
5.584431
5.305566
5.469187
5.736887
5.264690
5.763030
5.603304
5.361773
5.182058
5.282342
5.217461
5.536631
5.861782
5.779473
5.475002
5.370802
5.256959
5.388294
5.311352
5.288429
5.695136
5.658649
5.397323
5.246400
5.325360
5.361531
5.480485
5.311554
5.264127
5.169461
5.248285
5.403806
5.190994
5.369936
5.129299
5.243854
5.327653
5.365293
5.556493
5.530999
5.427585
5.831662
5.580514
5.643065
5.456549
5.621226
5.150764
5.390614
5.393780
5.770580
5.542692
5.683739
5.640288
5.562826
5.338585
5.484558
5.580948
5.303459
4.969238
5.138030
4.950730
4.882610
4.992423
4.871856
5.254402
5.403173
5.360857
5.388960
5.388963
5.337934
5.673865
5.499319
5.564186
5.556168
5.665734
5.335463
5.279459
5.453206
5.382769
5.178938
5.379699
5.502695
5.400477
5.447033
5.327982
5.099680
5.288199
5.098288
5.433948
5.572551
5.884709
5.844367
5.506266
5.417143
5.601846
5.642868
5.449692
5.437104
5.490039
5.681623
5.733110
5.347687
5.440758
5.577956
5.272696
5.078356
4.979073
5.230017
5.248741
5.376078
5.327839
5.188577
5.139016
5.146564
5.240402
5.328684
5.252321
5.126254
4.876287
5.069607
5.062429
5.040019
