0.037608
-3.091699
-0.013763
-0.027951
0.010540
7.171903
-0.033314
-0.052328
-0.000740
6.538401
0.035943
-0.059581
0.011734
2.725667
0.014323
-0.060479
0.009391
-3.856969
-0.006032
-0.000757
0.000027
3.266919
-0.155531
-0.027192
0.025854
-12.105564
-0.029898
-0.005951
0.049870
-0.765859
0.100029
-0.013279
0.014866
0.647161
-0.015575
-0.042712
0.022271
-0.467193
0.084527
-0.042901
0.012573
-2.661914
-0.042450
-0.011734
0.016360
-7.866616
-0.089752
-0.071311
0.007057
-1.808173
0.028924
-0.049110
0.021401
-9.017076
-0.076141
-0.028724
0.041231
0.716492
0.007577
-0.020535
0.021793
-1.339742
0.073337
0.003230
0.020315
1.914942
0.101424
-0.058549
0.031521
-11.144865
-0.180527
-0.032770
0.021790
-9.191061
0.101206
-0.031529
0.015292
-5.030717
-0.003546
-0.031119
-0.001571
1.405176
-0.045102
-0.026328
0.046388
-0.189987
-0.094830
-0.049347
0.035658
-7.277819
0.104345
-0.060253
0.018205
-5.856354
0.034324
-0.041091
0.025407
-5.180660
-0.049712
-0.070854
0.001007
-3.431194
-0.067306
-0.043640
0.016665
-14.453480
0.050003
-0.000065
0.004363
-0.641973
0.072525
-0.052067
0.035929
0.747207
0.001124
-0.033596
0.043120
-4.253372
-0.012346
-0.040636
0.011346
4.832202
-0.002895
-0.003692
-0.006912
7.226075
-0.031525
-0.011773
0.005847
6.329675
0.043153
-0.056378
-0.005738
7.101621
0.016185
-0.083638
0.016411
-2.704654
0.060866
-0.070997
0.049618
-3.036848
0.141460
-0.039807
0.016178
-2.405929
0.199869
-0.041813
0.022670
-1.171123
-0.040170
-0.060309
0.004138
-0.026127
-0.024069
-0.016562
0.011490
-2.170348
-0.090252
-0.070133
0.001118
0.755881
0.042269
-0.039644
0.015101
-10.085824
0.013930
-0.021572
0.061010
1.075211
-0.032506
-0.049955
0.013633
10.774657
0.041491
-0.044826
0.017478
0.601645
0.061487
-0.066874
0.013378
-2.370194
-0.022884
-0.045896
0.003558
-1.552352
-0.008656
-0.027816
0.003978
-4.818374
0.049757
-0.001754
0.006202
-3.577846
0.026342
-0.041226
0.043495
4.326557
0.129388
-0.073630
0.027892
1.932584
-0.051678
-0.078396
0.002522
11.049750
-0.041144
-0.073129
0.039856
-10.891447
-0.065108
-0.092271
-0.018369
18.722289
-0.063957
-0.071594
0.008564
-5.300387
0.099968
-0.039424
0.009596
-2.094289
0.071676
-0.068783
0.037628
-3.099074
-0.007412
-0.026978
0.001055
1.631490
-0.021067
-0.038954
0.011552
-0.229849
0.079165
-0.057681
0.001510
-0.232969
-0.051273
-0.052125
0.008718
-1.326608
-0.051930
-0.038096
0.035017
-14.341602
-0.126714
-0.078135
-0.005382
2.093366
-0.104677
-0.060146
0.048394
0.478476
0.093413
-0.016424
0.045181
-4.248860
0.130320
-0.040241
0.016900
3.409852
-0.000919
-0.042772
0.010836
0.179122
0.052367
-0.030118
0.018923
-10.064395
0.185998
0.030895
-0.010667
4.999428
0.033270
-0.049375
0.007178
-3.426620
0.026561
-0.036860
0.041049
0.843079
0.011048
-0.019754
0.029062
-1.692885
0.091282
-0.040158
0.021911
-0.765747
-0.087667
-0.069614
0.016138
2.029356
0.040322
-0.062932
0.012764
-2.186265
-0.021683
-0.024156
0.016653
-6.809390
0.097623
-0.040810
0.017483
-7.326680
-0.083323
-0.060261
0.045556
-0.425633
-0.087620
-0.046472
0.041755
-5.171696
-0.178903
-0.083797
0.020160
-4.387982
0.088263
-0.029730
0.010072
0.501303
0.077252
-0.059916
0.007565
-6.036496
-0.085032
-0.024226
-0.018122
13.152502
-0.029110
-0.035246
0.001340
0.173270
-0.002493
-0.049366
0.035110
0.894863
0.000341
-0.034214
0.004091
9.280279
0.025408
-0.018986
0.005283
1.511149
-0.003939
-0.026848
0.002757
2.290769
-0.055148
-0.028704
0.007111
0.460134
0.120657
-0.063939
0.023921
-12.925904
-0.086158
-0.037269
-0.001914
0.785820
-0.026508
-0.064270
0.052789
-4.498987
0.134150
-0.039608
0.010017
8.641444
-0.054004
-0.059372
0.007111
1.312778
-0.039014
-0.053659
0.035635
-14.457294
-0.115050
-0.036763
-0.001251
3.976416
-0.059493
-0.058510
0.000844
1.674367
-0.126606
-0.081537
0.007920
-4.199766
-0.010520
-0.040685
0.061167
1.910755
-0.029820
-0.047072
0.027032
3.605101
0.090663
-0.043710
0.030230
-8.583561
0.119014
-0.036028
0.028734
-14.741960
-0.131557
-0.045010
0.022777
-8.882447
0.039818
-0.020956
0.002823
-2.282878
0.043718
-0.030372
-0.001941
2.938254
0.002204
-0.049094
0.044248
3.865910
0.118201
-0.076356
0.031807
-6.998014
0.085692
0.013409
0.011007
12.723226
0.025901
-0.061114
0.020058
-5.906241
-0.119420
0.007319
0.025469
-12.637376
-0.083633
-0.061803
0.013285
-3.554526
-0.098439
-0.046234
0.023717
-10.390457
-0.012554
-0.083280
0.038463
-3.629604
-0.007774
-0.025935
0.008947
8.069506
-0.032379
-0.053422
0.015705
0.053352
-0.025924
-0.040613
0.013256
-5.514733
0.005036
-0.020125
0.003742
-2.199990
0.073687
-0.044234
0.008123
-5.308195
-0.042741
-0.050593
0.047187
-26.435295
0.048803
-0.031878
0.048491
0.519972
0.090929
-0.018069
0.015686
0.717176
-0.020342
-0.043187
0.010360
-3.465101
-0.033985
-0.012205
0.048309
-18.294913
0.023213
-0.083766
-0.017750
12.074787
-0.044987
-0.046459
-0.019537
13.418350
0.043726
-0.024459
0.008290
-3.795520
-0.053500
-0.056763
0.038945
1.372407
0.015654
-0.017699
0.022113
-1.835989
0.087823
0.007426
0.009197
1.702015
0.061222
-0.024408
0.020831
-8.481232
0.069529
-0.057837
-0.019028
10.133755
-0.057630
-0.039962
0.003461
1.156269
0.014251
-0.058325
0.007998
-5.215443
0.001338
-0.040183
0.046409
-0.148443
-0.084655
-0.046390
0.036800
-7.888114
0.099206
-0.057290
0.038745
-11.962709
-0.025291
-0.028561
-0.008290
8.483845
-0.005240
-0.021526
0.002039
0.989329
0.072649
-0.047284
0.022251
-10.164114
-0.008926
-0.036426
0.011064
-3.924281
-0.071273
-0.000468
0.033827
1.386762
0.005357
-0.035576
0.044011
-4.832913
-0.012778
-0.040915
0.022569
-3.810160
-0.052146
-0.068578
0.031115
-12.823484
0.016769
-0.046758
-0.007253
6.634763
-0.048806
-0.041811
0.033146
-15.715643
-0.005089
-0.059062
0.016488
-7.943011
-0.049115
-0.032516
0.051073
-3.482800
0.127112
-0.040537
0.014973
-1.638359
0.194175
-0.042073
0.005535
3.528971
-0.003085
-0.049355
0.033862
-12.736233
0.005487
-0.035393
0.017212
-8.881505
0.031444
-0.011048
0.003608
0.594284
-0.062592
-0.066119
0.025783
-10.958391
-0.083414
-0.074446
0.058612
2.857409
-0.019023
-0.047750
0.013169
11.245331
0.044738
-0.042520
0.007389
3.304689
0.049624
-0.025557
0.007131
2.039803
0.001254
-0.063844
-0.012063
9.221466
0.004562
-0.092309
0.021534
-11.766975
0.032273
-0.039292
0.025522
-13.059095
-0.053425
-0.012761
0.045509
3.350364
0.113751
-0.079576
0.030032
0.653213
-0.059476
-0.079321
0.015074
-7.819135
0.125994
-0.021234
0.010090
-1.346711
-0.083722
-0.021749
-0.002831
2.696727
0.084123
-0.023375
0.027890
-18.191038
-0.054219
-0.016143
0.017088
-9.035998
-0.069659
-0.036921
0.040583
-4.527180
-0.009820
-0.028923
0.001709
1.795183
-0.011650
-0.035041
0.025208
-4.274192
0.016403
-0.044445
0.013325
-2.744880
0.053916
-0.018506
0.007466
1.938240
-0.008713
-0.051966
0.012744
-3.287672
-0.043168
-0.070153
0.019198
-11.759788
-0.002589
-0.028121
0.048246
0.122084
0.094203
-0.015960
0.044279
-3.857186
0.130491
-0.045274
0.006434
6.670023
0.028313
-0.005485
0.001759
2.216948
-0.107226
-0.037305
0.003145
-2.024569
0.087913
0.012704
0.015549
-7.593304
0.053671
-0.012476
0.008937
-4.503157
-0.099089
-0.058853
0.038730
1.852293
0.004701
-0.024346
0.030046
-2.448882
0.079268
-0.040954
0.024355
-4.067466
0.096213
-0.005378
0.032990
-10.412418
0.047259
-0.055954
0.014335
-4.000961
-0.053665
-0.050430
0.005355
-4.247297
-0.047757
-0.007439
0.003546
-0.584086
0.066651
-0.046271
0.046727
-0.304595
-0.081473
-0.042897
0.043835
-5.953016
-0.174135
-0.082162
0.029430
-5.614613
0.044795
-0.032069
0.034526
-16.051401
-0.002466
-0.038939
0.001480
1.632239
0.057908
-0.028220
0.000817
1.285575
-0.041337
-0.051769
0.010608
-5.081658
-0.072481
-0.079568
0.033626
1.198060
0.003721
-0.031382
0.004975
9.471683
0.051949
-0.020780
0.015606
6.142449
0.020908
-0.058460
0.003592
0.800464
-0.006012
-0.026780
0.007065
-0.486285
-0.013132
-0.049154
-0.001621
-0.578873
0.091438
-0.040859
-0.017974
8.509290
0.079184
-0.012417
0.050625
-3.727390
0.127730
-0.038015
0.010815
8.007282
-0.073910
-0.057193
0.027557
-5.376289
-0.156709
-0.063424
0.021980
-8.223248
-0.038884
-0.037232
-0.005538
6.301386
0.101504
-0.005856
0.020505
-9.153846
0.023620
-0.046380
-0.007407
4.792099
-0.098849
-0.035834
0.057764
3.039713
-0.017735
-0.044863
0.029797
1.802787
0.091908
-0.044975
0.002933
6.262441
-0.000096
-0.055367
0.044443
-16.523741
-0.028670
-0.057198
-0.001999
2.934053
0.048078
-0.044076
0.007912
-3.651555
0.078862
-0.016981
-0.010595
5.243064
0.105719
-0.028851
0.046446
2.447588
0.111510
-0.078065
0.031715
-7.015593
0.085070
0.012339
0.017368
1.167926
0.001309
-0.028136
0.040301
-14.523652
-0.041424
-0.032956
0.010821
-7.524131
0.029564
-0.022056
-0.007367
1.668784
0.041643
-0.006140
0.017956
-10.833365
-0.026398
-0.025544
0.041080
-4.291663
-0.014656
-0.033307
0.009058
7.685492
-0.028321
-0.051434
-0.002448
7.258537
0.029560
-0.058137
-0.009232
6.241126
0.062652
-0.018883
0.013435
-3.872626
-0.171830
-0.055951
0.004253
-4.504208
0.028363
-0.059548
0.028649
-15.055841
0.018516
-0.021964
0.049230
-0.434097
0.099952
-0.017374
0.015735
0.973686
-0.025091
-0.041604
0.025769
-1.674153
0.086256
-0.041883
0.016825
-6.897493
-0.009598
-0.016768
-0.000145
5.081244
-0.062860
-0.050899
0.026713
-12.774765
0.018615
-0.052082
0.013134
-5.739794
-0.113857
-0.048916
0.038242
1.791716
0.000348
-0.025629
0.021737
-1.539934
0.086158
0.005361
0.020239
2.318018
0.102462
-0.059217
-0.016281
13.461250
-0.077484
-0.062636
-0.001451
3.807678
-0.029822
-0.068425
0.013739
-0.849332
0.002249
-0.068810
0.012601
-5.305763
0.124071
-0.051840
0.045774
0.283743
-0.082687
-0.044843
0.036227
-7.547172
0.099305
-0.056212
0.016609
-5.085137
0.031804
-0.039326
0.040833
-15.616224
-0.084999
-0.064912
0.021801
-11.613127
0.022264
-0.034773
0.023963
-9.811740
-0.145258
-0.047478
-0.010185
4.262465
-0.031069
-0.012502
0.036852
0.913632
0.020553
-0.031215
0.042861
-4.798244
-0.027596
-0.040241
0.009995
5.345773
-0.002855
-0.004227
0.020221
-6.564053
0.049166
-0.043628
0.006839
-3.165263
-0.020178
0.003257
0.018357
-8.034629
-0.023286
-0.051114
0.036452
-22.419360
0.009148
-0.030447
0.049586
-3.047150
0.127235
-0.040950
0.017123
-3.130661
0.189571
-0.036868
0.023142
-1.941269
-0.026595
-0.061717
0.036411
-15.218883
-0.119222
-0.026114
0.010743
-2.994364
0.138766
-0.028561
-0.008155
5.938447
0.058676
-0.047509
0.010274
-3.285152
0.042629
-0.057758
0.057938
2.421732
-0.022563
-0.047227
0.015095
10.339157
0.044753
-0.040458
0.018285
0.095380
0.064212
-0.065168
0.013959
-0.171019
-0.002306
-0.065764
0.003406
1.197077
0.036357
-0.028153
0.010537
-5.420249
-0.007986
-0.033728
0.011561
-3.892155
0.014023
-0.052733
0.045734
2.022295
0.103005
-0.072820
0.031479
-0.065560
-0.058405
-0.077642
0.005254
9.546806
-0.036433
-0.071419
-0.028336
19.327733
0.056063
-0.014946
0.005559
1.544875
-0.053244
-0.093741
-0.007247
6.024981
-0.098067
-0.075448
-0.006155
2.675448
-0.024518
-0.021725
