543.205479
538.973453
537.374432
562.537303
544.691185
539.677755
554.178328
554.235359
547.234554
562.758644
545.486770
538.994849
555.041508
554.858098
548.608072
530.708129
533.066990
542.394600
541.163573
552.077943
548.854589
531.720509
533.882363
540.154626
540.807861
552.615619
548.226124
534.039064
534.533639
533.170095
541.988342
536.213714
535.287316
535.035558
534.960611
531.684315
543.151068
538.052517
537.272190
563.302339
547.665427
539.442549
555.508618
553.935094
550.556761
563.805350
548.609184
539.535784
555.896952
555.754188
551.430207
530.807608
532.261390
540.901267
540.386635
551.505856
549.948319
531.629360
532.702663
543.141530
540.390897
551.734402
550.247108
533.652144
534.309388
531.826903
542.537583
536.471441
536.617314
532.506110
533.253905
532.004469
542.138108
536.481527
536.851228
561.608119
547.092619
539.877595
556.182235
556.887957
550.095826
560.846877
547.081766
540.806203
555.331973
555.122226
550.404234
532.152051
532.557685
544.683365
539.006314
551.162138
550.302166
531.704331
531.909667
544.370225
538.817681
551.005067
549.461567
532.328585
531.554337
530.732335
541.812963
534.065276
536.156623
532.828188
531.016886
531.245855
540.437057
533.320444
534.796025
559.050960
545.749461
539.248197
555.655774
554.356647
548.989716
559.842001
546.946346
539.453384
556.057460
555.173583
548.855837
533.815792
531.478096
545.936077
539.481190
553.219725
552.239166
532.847909
530.723446
544.361525
539.304909
552.652841
552.039177
532.226951
531.200143
531.452322
541.866936
533.638535
535.187814
531.429041
531.367517
531.568198
542.311751
533.750929
534.218330
560.981764
546.877667
539.767040
556.225520
554.431098
549.304071
561.049055
546.540081
540.519743
556.683939
555.005521
550.962634
534.064175
531.686901
546.524306
541.426937
555.003452
554.648330
533.417752
529.714427
545.229526
542.384086
555.566734
555.402262
530.571663
530.062251
532.828247
545.855106
535.311993
536.079623
529.809150
529.011474
534.203474
545.799706
534.849073
535.816489
560.465476
546.703807
538.553546
555.252306
554.446406
551.875142
561.278528
547.309086
538.126050
555.240910
554.978385
552.865222
534.464737
531.762269
543.545802
542.971033
556.026135
554.098254
533.854657
531.013644
544.014726
542.842140
555.449966
554.303899
531.642563
531.205332
534.800925
544.469182
533.394746
535.962482
531.145238
531.142783
534.377677
545.946293
533.647515
536.179692
561.318910
546.101742
537.597835
556.244301
555.637277
550.639018
561.085635
545.543056
537.648374
556.574797
556.033441
550.648928
535.786710
533.679290
544.398559
544.424453
555.290767
555.241810
535.496591
533.940604
544.944180
544.028688
554.139098
555.325909
532.099501
530.102310
532.233078
542.703098
532.491548
533.818777
532.077747
530.157370
533.002497
543.774393
532.311709
533.387794
561.446022
545.336057
540.132372
557.956239
556.437089
549.726514
561.726130
546.144091
541.020312
558.317001
556.544276
549.585181
535.131412
532.908245
541.864475
542.725455
553.646775
554.584485
534.996522
533.246043
542.768334
542.627535
553.101213
554.345481
531.017685
528.665351
531.562996
544.824226
532.586385
534.975132
531.515021
528.823515
532.370377
544.133147
532.890001
536.413395
561.867223
546.487271
539.145316
558.070004
555.602433
547.420012
562.937549
547.345674
539.687481
557.816085
554.941109
547.112604
538.189067
537.110317
544.181603
543.815996
555.312044
555.793952
537.840804
535.231136
543.235162
542.541927
554.042241
555.912625
530.754001
527.819612
529.746913
543.300054
534.354893
538.443546
531.349487
528.510311
529.582897
544.068897
536.163070
540.316482
563.436755
546.856243
538.697492
557.887414
555.759244
548.064686
563.738855
546.816625
539.881001
558.540936
556.322660
546.821620
536.993670
534.060635
544.100059
543.411140
553.728755
554.723714
536.486952
533.843543
542.377917
543.291662
553.604794
554.360519
532.916294
529.194501
529.523457
543.451460
536.784626
539.981172
532.785312
528.993202
529.192421
543.912839
537.160382
539.122637
564.063197
546.050514
540.178239
557.805092
555.967855
547.511202
563.340516
546.911970
540.673540
557.845951
554.005493
546.421261
536.393539
534.309927
542.539120
542.434815
553.766369
550.159068
536.675343
534.914237
543.042359
542.557843
552.805394
550.575939
530.719674
529.760378
531.795264
546.075760
538.309633
538.407281
529.897136
529.559034
530.455049
545.421709
538.037074
537.792354
564.188218
546.059428
540.165603
557.770841
554.173369
548.599533
564.768818
547.066389
541.325808
558.227369
554.333430
548.971536
536.911647
534.416103
540.676191
541.066078
552.316620
548.711560
537.705191
534.554715
540.887684
540.080523
552.360430
548.842152
530.576388
530.800019
532.619422
544.047292
538.823863
539.320033
530.110840
531.731237
531.854043
544.197079
538.754883
539.407197
562.986451
546.660012
541.073241
559.354578
554.110381
549.704475
562.223492
546.970813
539.435868
558.324258
553.232215
548.096492
536.747415
535.099796
540.927970
538.500261
553.212376
549.918898
536.504076
535.556852
540.607475
538.746615
553.788872
549.884830
530.664099
529.188656
531.539568
542.958776
536.492008
537.787239
532.348216
531.028190
531.034940
543.544498
536.899392
537.713684
561.967392
547.918804
540.338034
560.560448
553.814738
549.399936
559.897036
549.470417
539.450048
