0.915510
-166.891487
0.945788
-0.292961
0.804629
178.668863
0.549961
-0.736414
1.141219
-77.637495
-0.194154
-0.927150
0.575637
333.625892
-1.414692
-2.643023
-0.037755
433.668607
0.853710
-0.339316
1.223191
-132.804586
0.346451
-0.820629
0.335963
215.640293
2.480764
1.232439
0.303122
305.450939
3.341855
1.903846
0.332096
355.317553
1.680021
0.193123
1.317073
-257.194675
2.249245
0.625643
0.272348
250.171336
1.526693
0.301511
1.115711
-103.862629
0.137011
-0.943651
1.683614
-439.295955
1.616889
0.407872
0.997794
-108.758411
-0.361331
-1.695859
0.224599
265.223491
1.861505
0.436584
0.616288
109.360472
1.147356
-0.447956
1.548243
-435.621243
2.288350
1.203111
1.123991
-35.664623
0.598753
-0.886284
0.500838
135.880266
0.903771
-0.691185
1.152825
-120.749563
-0.842398
-1.814878
1.032395
-63.136513
0.920720
-0.335982
1.713250
-331.365771
0.727964
-0.644939
0.584882
166.480315
0.209994
-0.884823
1.003367
-214.168239
1.498204
0.203438
-0.028262
637.379917
-1.345568
-3.148732
1.219815
-15.378139
-0.563860
-1.940595
0.579319
154.763167
1.976214
0.827457
1.485772
-311.855608
0.755741
-0.284511
0.821748
-38.433415
0.849788
-0.164306
-0.187639
478.473533
2.014839
0.539717
0.165452
324.937226
3.391970
1.825951
0.442238
144.842709
1.676864
0.186268
0.770432
-86.442073
2.571034
1.277337
1.231450
-95.817861
0.329380
-0.708344
0.575174
162.809655
2.459857
1.360352
0.508130
240.419944
1.310144
-0.156598
0.104414
389.603969
1.248018
0.053886
0.547345
269.624441
0.061389
-1.061148
0.202890
213.292321
3.199315
1.954874
0.424302
120.031408
2.029422
0.721553
1.353903
-256.501121
0.802535
-0.322130
1.759325
-431.318066
-0.563670
-1.278871
0.138854
292.124198
0.889950
-0.383703
0.414136
216.486959
1.077777
-0.211142
1.189865
-147.616541
1.011639
-0.446323
0.072461
360.352109
1.858600
0.428329
0.415825
288.961149
-0.145875
-1.616709
0.897263
41.635585
0.951936
-0.535543
0.509185
301.297784
-0.402937
-1.311734
1.110538
-193.008690
-0.435966
-1.371540
1.180213
-113.576649
-0.943893
-2.080272
1.393967
-314.845053
-0.028224
-0.980027
1.295734
-220.840327
1.212736
-0.081100
0.135854
349.132152
1.956283
0.846411
1.845053
-448.485546
0.802024
-0.445077
0.655158
-2.948415
0.273619
-1.189048
1.835226
-523.007297
0.546415
-0.786207
1.386985
-247.729925
0.009827
-1.007324
-0.109050
354.727157
1.428147
0.007254
0.679536
41.903369
2.532628
1.379229
0.781808
-69.099215
1.715384
0.408700
-0.612970
697.368603
1.015329
0.009596
0.986567
-57.950100
1.052330
0.253167
0.880909
101.785144
-0.800574
-1.588986
1.118558
-264.176844
2.029512
0.888532
0.227995
262.204612
0.885355
-0.511345
1.371305
-184.701929
0.526218
-0.588698
1.237336
-56.747678
-0.450235
-1.829960
0.546186
108.154713
0.952740
-0.501636
1.007021
-10.669383
0.308723
-0.856729
1.170753
-75.814823
0.881430
-0.107617
0.701073
170.623523
1.057110
-0.236680
-0.107676
617.239598
-0.033876
-1.392717
0.895958
177.002597
0.391089
-0.821124
0.862184
180.477047
-1.240735
-2.569070
0.202832
459.822587
-1.520234
-2.787159
1.869781
-265.756756
-1.045466
-1.899208
1.303532
-123.982099
0.032463
-1.186445
-0.102509
588.387837
-0.321718
-1.527436
0.674698
59.156923
3.161957
1.634910
0.691392
275.019924
0.369054
-0.960089
-0.130165
556.720552
0.335660
-1.155890
0.926742
-29.288921
0.283436
-0.833833
0.024408
337.441165
2.172296
1.019845
0.482468
115.222211
3.358621
1.684814
1.399813
-187.394990
0.037229
-1.409135
1.368210
-289.334283
1.165305
0.130365
0.400707
160.051623
0.612296
-0.719426
0.166339
422.739485
0.898545
-0.339351
0.990630
28.890086
0.005218
-1.450319
0.893715
30.931273
-0.110285
-1.318859
1.073340
-116.131072
1.268491
-0.008966
0.964351
-11.341654
1.021419
-0.382603
1.517777
-479.044294
2.024669
0.750565
0.475578
177.889807
3.071598
2.037154
0.898960
91.509275
-2.017497
-2.848742
0.218056
421.102666
0.846176
-0.341570
0.943702
41.301656
0.832281
-0.414487
0.688430
172.163450
-0.090897
-1.621192
0.393531
282.279106
0.225475
-1.261574
0.650733
115.652890
2.543005
1.181594
0.448950
206.522451
-0.633458
-1.765862
0.183164
370.956534
0.872462
-0.199347
0.078678
500.050447
0.787142
-0.674338
0.980684
-148.703033
0.460865
-0.666786
-0.172022
793.403062
-0.269621
-1.720813
0.240099
345.392039
0.106556
-1.258228
0.659394
70.336935
1.769081
0.299945
0.601571
284.133572
-0.880346
-2.184164
-0.039241
467.275612
1.071466
-0.308244
1.089255
-84.394795
0.983153
-0.277689
1.301724
-88.918636
0.679066
-0.672501
1.200652
-69.657978
0.140984
-0.833531
0.437686
129.059683
0.794569
-0.753532
0.991571
-154.050991
1.270029
-0.100368
-0.025308
405.892937
-0.225371
-1.239922
0.451064
168.553808
1.449407
0.248514
1.029545
-53.695629
1.000097
-0.391751
0.703093
190.329406
-0.950904
-1.957932
-0.323450
585.321144
-1.163207
-2.441602
0.280803
473.219066
-1.373933
-2.331529
0.113217
613.852115
-0.112385
-1.400279
-0.557602
713.993407
1.250041
0.033387
-0.741022
699.772881
0.637181
-0.943670
1.316744
-332.301281
0.710025
-0.764422
0.443233
355.015544
-0.022258
-1.484931
0.929634
10.111411
0.146341
-0.899672
0.658096
182.500221
0.480232
-0.880101
0.883763
192.164277
0.801197
-0.121958
0.214783
250.108218
0.438706
-0.812863
0.922601
-46.111446
-0.423588
-1.615718
0.016579
307.466359
1.354627
-0.064508
0.850362
-84.230072
-0.062322
-1.068390
1.124039
-188.719448
0.544915
-0.609094
-0.197546
681.346174
-0.177501
-1.689124
0.934654
73.171337
0.207333
-0.924459
1.136609
-211.410249
1.927535
0.732718
0.496394
340.093170
0.149962
-0.808196
0.676741
85.968935
1.078024
0.034114
1.553565
-441.959235
0.279728
-0.445417
0.544535
-74.135936
4.298886
3.150112
-0.050001
470.378998
0.342713
-0.946888
0.935540
-58.459470
2.170601
0.723856
0.626689
338.580344
0.670675
-0.463666
1.608111
-427.025769
0.759410
-0.195336
1.093160
-48.791669
0.658488
-0.384597
0.805243
66.465013
-0.891742
-2.346578
0.292042
389.118498
0.594233
-0.664345
0.720704
239.019216
-1.181352
-2.270537
1.068551
-63.439140
-0.354756
-1.324001
1.125478
-115.414796
-0.585467
-1.886561
0.843343
129.569806
-0.433011
-1.556014
0.312182
187.510282
0.974953
-0.056993
-0.310448
508.834437
3.427023
2.162510
0.196254
472.603979
0.530019
-0.870668
0.434287
328.376397
1.294575
-0.224405
1.569014
-348.220341
1.102986
0.213885
0.860436
58.712997
-0.955239
-2.305842
-0.089278
581.183299
2.681142
1.089731
1.042149
60.222136
-0.311909
-1.765418
1.334034
-285.709638
1.527078
0.240625
1.349329
-129.037265
1.344322
0.079535
1.383601
-334.811196
2.550503
1.511227
1.672226
-381.735658
-0.321942
-1.523604
1.268988
-241.565991
2.321143
1.415505
0.737099
191.718869
-1.277407
-2.611628
0.545200
154.312266
3.034295
1.402310
1.161432
84.988382
-1.791553
-3.114549
0.107567
515.886607
2.021981
0.210983
0.975761
68.087634
-0.588604
-1.524148
0.606122
179.226206
-0.247812
-1.287386
-0.464779
988.016483
0.034076
-1.429700
0.520081
173.074221
3.351003
1.803135
0.209719
382.510474
1.515114
0.025701
0.355125
168.183054
1.673693
0.406993
1.389411
-188.229985
1.787381
0.488375
0.776221
6.933900
1.135937
-0.194989
-0.211582
562.261537
-1.258411
-2.527532
1.104729
-17.406497
1.065246
-0.095364
0.977525
-36.490648
1.889937
0.888381
-0.216149
494.158843
3.064904
1.682176
0.427140
286.526573
0.036020
-1.366176
1.256077
-192.351340
-0.811435
-2.069835
0.604299
5.669272
2.219161
1.050150
0.527777
201.282104
-0.267172
-1.284066
1.027101
-222.740361
0.704492
-0.688357
0.373404
149.737870
0.774058
-0.329566
0.313638
127.798583
1.833933
0.740517
0.559972
172.648736
-0.054926
-1.603245
0.112724
495.631889
-0.468173
-1.720629
0.996755
-41.501598
-1.761126
-2.680224
0.029716
375.531750
1.487215
0.263322
1.530273
-408.998939
3.442464
2.492582
0.683839
49.743481
1.214970
-0.039280
0.245785
218.857985
-0.046081
-1.428731
0.809265
159.084376
-0.934486
-2.401633
0.490279
208.308947
1.553236
0.203208
0.182898
565.511160
-0.292918
-1.610708
0.970814
-80.269320
1.681032
0.273821
-0.542525
667.781304
-0.170170
-1.400518
0.617897
404.936643
-1.514109
-2.796416
0.568530
253.064021
-0.977381
-2.103576
-0.717189
669.548095
1.879836
0.451179
1.095047
-182.113101
1.330302
0.025708
-0.235014
466.964244
2.446585
1.396334
1.042612
-14.779748
-0.236873
-1.318240
0.924233
-107.112056
1.572927
0.487525
0.394605
304.738320
0.736662
-0.758017
1.005371
-88.057440
0.414486
-0.664174
0.407951
31.386375
2.823140
1.553689
0.565077
149.623161
1.019766
-0.448575
1.689188
-273.364279
-1.824874
-2.660164
0.284679
329.373526
0.625255
-0.751423
1.442474
-307.572547
1.330335
-0.197713
0.745222
-65.938923
2.681325
1.546560
1.128188
-130.603965
1.221703
0.090080
0.142577
296.590368
1.043501
-0.544215
-0.287010
605.986313
0.950204
-0.564648
1.309816
-147.543118
0.015761
-1.171586
0.907710
79.876626
1.068499
-0.358749
0.519523
176.195057
2.540919
1.081929
1.332088
-187.381998
-0.167157
-1.585256
0.799967
169.825058
-0.430499
-1.781888
0.902843
81.234494
-2.158884
-3.274628
0.574754
182.098061
-0.600196
-1.372435
1.013623
-33.816778
-0.063568
-1.255613
0.456140
350.515704
1.176867
-0.403009
0.959271
-52.771334
1.378992
0.418131
0.919532
17.817337
-1.521446
-2.787938
0.012606
509.247710
0.026793
-1.344535
-0.163633
588.526572
0.564677
-0.823155
0.597079
165.966934
-0.362442
-1.668479
-0.277015
460.002823
3.782913
2.255378
0.556669
272.868767
1.572763
-0.024212
1.312720
-84.574052
-1.047925
-2.395464
0.447832
256.146989
0.232330
-1.056415
0.845998
16.048428
2.141193
0.804096
-0.224807
566.170141
2.222337
0.868738
0.448253
597.596300
0.199160
-1.438440
0.623568
127.860460
1.181883
-0.075549
1.706154
-420.335730
1.014739
-0.223323
1.517384
-336.710532
-0.325237
-1.311591
0.485425
320.949594
-0.481053
-1.626533
0.488894
324.969154
-1.484101
-2.691602
0.055472
504.781794
0.463748
-0.564322
0.415589
169.661198
2.343720
1.424605
-0.053262
419.499528
0.702556
-0.517224
0.804892
117.636155
-1.260090
-2.647594
1.081118
-71.260463
0.082092
-1.194613
0.067573
504.469342
-0.085679
-1.247725
0.255692
286.727774
3.788827
2.328286
0.694352
148.592119
-0.454108
-1.714539
0.307822
378.975522
1.255802
-0.078284
0.276839
359.499423
0.448461
-0.559993
0.434426
320.245361
1.502997
0.295465
0.775461
195.107136
0.829429
-0.087220
0.498297
153.987437
1.684351
0.363747
-0.034638
540.244846
0.694606
-0.634239
0.272312
266.167063
2.106143
0.689458
0.662781
-16.521064
2.612053
1.447056
0.384226
392.966348
0.786955
-0.462359
0.593845
247.843573
1.122398
-0.088734
1.107064
-115.531495
2.905656
1.554652
-0.486657
634.588243
1.138501
-0.276940
0.440993
101.927274
1.189979
-0.442434
0.582154
171.741786
-0.869147
-1.832981
1.045214
1.525642
-0.290881
-1.739500
0.565637
185.174957
0.683467
-0.637611
1.252280
-0.567894
-0.695129
-2.243016
0.037103
383.689780
0.445449
-0.448821
0.573953
90.218503
0.968439
-0.066931
0.145980
215.768612
2.200229
1.082273
-0.292927
567.447577
1.173024
0.040373
0.500908
134.368357
0.372827
-0.699798
0.420783
229.707515
1.868429
0.768536
0.143924
310.194149
-0.000583
-1.383319
1.401585
-234.773329
-0.028657
-1.459177
0.343623
282.725254
2.373092
1.009392
0.985249
-67.085459
-1.140795
-2.619319
-0.087077
418.491598
0.501582
-0.761266
