0.138088
400.018916
2.135578
0.981543
0.442414
155.757049
1.423292
0.405535
0.051135
454.515695
-0.320062
-1.366394
0.381061
376.078388
-0.342198
-1.587652
0.846265
-19.030099
0.754589
-0.126348
0.930846
-160.111689
2.762706
1.794771
-0.027337
489.127427
0.980320
-0.604119
0.737801
-121.199941
1.369537
0.677824
0.129989
407.510700
0.425975
-0.449066
1.181210
-128.843881
1.438027
0.112306
0.242142
392.873466
-0.568424
-1.925756
0.931540
-34.897777
0.743245
-0.402807
1.399639
-149.964812
0.067147
-0.946212
0.867815
-9.331486
-0.338296
-1.686020
0.767789
37.221727
1.779046
0.337036
0.718956
0.345342
1.209181
-0.004539
1.137781
-239.862357
-0.455012
-1.499088
0.612015
157.176954
-0.510271
-1.892274
0.809342
-5.498495
-0.833269
-1.995274
0.557447
127.566505
-0.524397
-1.746980
0.302816
304.395414
0.217528
-1.019897
0.673882
114.391651
2.405912
0.855552
1.025154
-26.433440
1.217317
0.048989
-0.040386
572.786485
1.247692
0.289971
1.935138
-641.034196
1.130805
0.040343
1.224666
-157.517137
-0.426242
-1.515617
0.955224
-70.045582
-0.361988
-1.341991
0.813087
-102.303315
0.941149
-0.092511
0.486939
228.947815
-0.427663
-1.536888
0.748261
-25.809634
3.478009
2.366343
0.226554
346.023181
-0.890898
-1.801835
0.918737
-162.059123
1.481858
0.360741
0.608248
101.891299
1.075108
-0.102020
0.199431
301.700430
2.665736
1.616441
0.717628
76.065551
1.825418
0.712854
1.056697
99.081997
0.531421
-0.699614
1.030997
-79.803454
1.266163
0.254471
0.335272
291.163087
-0.967509
-1.855765
0.832009
96.081505
0.138065
-1.366224
-0.184494
543.847254
0.004966
-1.107581
-0.360612
616.387517
1.705548
0.366767
0.290670
325.817670
2.585870
1.180892
0.305876
291.827359
0.152531
-1.219875
0.528555
163.401746
0.254554
-1.334789
1.471287
-304.578854
0.839838
-0.090301
0.730549
67.050482
0.171068
-1.080699
1.015342
104.618761
0.470179
-0.781782
0.605123
138.180959
0.971164
-0.273059
0.418935
95.130472
2.086976
1.435865
0.723268
84.470206
0.974953
-0.040407
0.758709
111.197018
0.987170
-0.102475
0.957464
0.564153
-0.435572
-1.364310
1.262608
-267.826736
1.533296
0.340498
1.172264
-207.904927
-0.457212
-1.610064
-0.029672
395.664829
0.787344
-0.489964
0.984250
-72.631542
2.281164
1.151253
1.003780
-59.625428
1.751932
0.199533
0.219754
178.695390
1.941288
0.595981
0.621989
34.697551
1.130130
-0.384092
1.304940
-125.399057
-0.932690
-2.128147
1.498855
-249.050134
0.184947
-1.151298
0.763762
118.934369
-0.212404
-1.400419
0.208601
328.461622
1.740908
0.408051
-0.306680
575.107388
1.243681
0.013241
2.347187
-682.166621
0.031656
-0.810357
-0.433803
449.370407
3.317923
2.277755
1.744526
-401.686731
-2.220523
-3.364431
0.807544
-4.105374
1.336299
-0.042617
0.198686
324.230030
1.910412
0.665215
0.649837
65.839026
0.233518
-1.071677
0.112985
339.910442
2.410675
1.185227
1.297920
-82.797033
0.634305
-0.687485
0.451116
263.634078
2.968552
1.655465
0.699755
15.475467
1.459350
0.157515
-0.653347
736.922515
1.916061
0.348409
0.930533
7.228849
0.265026
-1.182714
0.185383
321.447162
0.536546
-0.907409
0.665916
93.497406
0.881794
-0.290741
0.575588
60.976711
2.005040
0.799824
0.406665
243.059450
0.408359
-1.074387
0.540952
201.556274
2.137974
0.894483
0.110719
404.618164
0.403283
-0.744279
0.856573
-19.958018
0.501212
-0.593862
0.711956
224.036177
0.278800
-1.137721
0.663143
33.003661
0.380856
-0.768180
-0.211493
378.797833
1.480981
0.348771
1.729770
-393.806428
0.691653
-0.641680
1.307487
-208.726456
0.344548
-0.607875
0.083932
245.436663
2.477915
1.292552
0.672372
-74.634537
0.978532
-0.233384
0.545639
58.892074
3.139627
1.966709
0.056537
381.376430
3.631677
2.422524
0.414368
247.818374
-0.352342
-1.633452
0.973271
-60.603361
0.769515
-0.496893
0.255622
328.103134
-0.144015
-1.154592
1.341894
-537.337951
1.540100
0.175953
1.762711
-281.779116
0.088313
-1.153028
0.076812
322.548178
0.929169
-0.284853
0.036709
391.340275
1.136732
-0.228783
0.647350
144.438718
1.677630
0.327247
0.983656
-89.293935
0.434962
-0.903895
0.270410
177.377867
2.684980
1.461328
0.834820
-44.196833
3.347724
2.024170
0.269316
262.083938
1.289812
-0.302289
0.677067
99.131829
0.765095
-0.500064
0.492569
211.615962
1.316998
0.353179
-0.483351
773.907194
0.435644
-0.945164
1.177299
-136.005250
0.633223
-0.520727
1.366623
-299.180583
1.235212
0.050973
1.171694
-139.659116
1.075023
0.162798
0.587326
187.601781
-0.530598
-2.032735
1.053930
-76.496501
-1.806416
-2.651339
0.350078
237.033512
2.208589
0.956739
1.382276
-264.963482
0.128555
-1.073851
0.711863
91.991879
2.713623
1.445679
0.453792
153.115611
1.258547
0.142041
1.261283
-80.119891
0.839429
-0.340684
1.199467
28.120928
-1.819552
-3.052334
1.468156
-188.156350
0.872189
-0.066581
0.945960
-64.866263
0.635052
-0.689333
0.116979
360.492587
2.007803
0.844411
-0.360427
506.762816
1.913347
0.598625
1.191567
-141.837379
-0.758694
-1.721138
0.259568
380.417649
-0.524529
-1.681746
0.368411
178.112933
2.235662
1.275216
0.593137
196.128496
-0.078596
-1.090528
0.790637
38.581254
-0.370440
-1.537242
0.561656
100.761390
0.892339
-0.529350
1.008273
39.203097
-2.908929
-4.099519
0.876916
173.164510
-0.656197
-1.838128
1.133588
-137.976867
0.959788
-0.311862
0.110388
368.860716
1.986207
0.359948
0.711988
27.187631
-0.081742
-1.264605
0.993100
-12.956483
-0.688342
-1.712409
1.002883
-171.434897
2.792717
1.703643
0.314807
292.451532
1.562697
0.194203
0.713547
105.359377
-0.099764
-1.285928
0.100190
325.126634
2.681223
1.431642
0.164906
225.459885
1.266489
0.179183
0.474731
157.073575
0.985003
-0.252371
0.911266
-160.975318
2.119252
0.457327
0.969681
19.833966
0.365233
-0.882883
0.861426
34.815412
0.526706
-0.684590
0.920739
-200.777774
1.565338
0.567409
0.799792
23.426722
1.473269
0.112180
0.935900
5.707498
-1.985345
-2.908522
0.896379
-11.778488
2.168094
0.717411
1.202094
-339.027185
2.877642
1.884350
-0.073815
518.395981
0.361984
-0.807891
0.852731
19.493238
-0.574884
-1.945306
0.449973
194.327390
1.752836
0.595037
0.935286
-184.123064
0.633079
-0.109915
0.877449
20.722546
0.693346
-0.697068
0.595397
228.991538
-1.152454
-2.517957
0.637941
171.404898
-0.893998
-1.710823
0.237355
346.854039
-0.245886
-1.323805
1.235093
-71.762157
-1.233708
-2.269338
1.060454
-169.403028
1.456128
0.847918
1.060421
-108.213438
0.225651
-1.059350
0.554966
244.880202
-0.276212
-1.195002
0.256712
325.251169
1.061554
-0.393778
0.598559
298.264947
-1.190394
-2.615120
0.127194
409.517897
1.659672
0.486157
1.130200
-41.992694
-0.234530
-1.297013
0.942334
-172.655830
1.583406
0.531810
0.058814
479.325458
1.227161
0.040989
0.698395
155.693121
0.020937
-1.201047
0.288759
339.048051
1.148762
0.123799
0.223578
224.212215
2.548816
1.103205
1.132896
-185.009087
0.155996
-0.667259
0.997226
-34.534333
0.790570
-0.356468
0.758239
-9.887694
0.207286
-1.133121
1.300252
-193.494520
-0.214273
-1.550702
0.826743
-156.876600
1.526891
0.255558
1.148237
-124.593293
0.030725
-0.681352
0.595180
38.030186
1.476500
0.148409
1.037553
-61.052841
0.636988
-0.876660
0.964073
-98.693588
-0.627339
-1.796836
1.117396
-153.073582
0.566222
-0.554292
0.355233
251.938429
0.254981
-1.015238
1.321546
-210.633644
0.189510
-1.222576
0.526696
207.883386
0.028152
-1.121022
0.242071
281.066335
-0.026319
-1.337441
1.492912
-391.543852
2.150278
0.829939
2.078803
-659.069131
0.996322
-0.010531
1.044233
-136.804839
2.060247
0.544918
0.483361
215.291327
0.859160
-0.761322
0.192166
369.662827
0.977497
-0.348161
0.181937
363.639322
-0.692240
-2.075812
0.189166
335.120682
2.237938
1.068251
0.216878
325.296944
1.609890
0.079893
0.586110
230.114043
-0.551747
-1.681815
0.906013
20.959542
-0.298986
-1.653170
0.416707
262.692568
1.669568
0.035133
1.171656
-239.220692
1.998583
0.846679
1.007325
-270.813139
2.898528
1.791278
0.601384
-17.774279
1.575936
0.323834
0.089637
586.977867
0.716008
-0.472410
0.451536
286.422136
-1.239632
-2.460282
1.059148
-106.946603
0.881249
-0.241709
0.476995
227.514913
-0.372423
-1.518422
1.006760
-179.704432
-0.387714
-1.269049
0.799006
39.224135
1.835369
0.148228
1.319331
-177.054289
0.954901
-0.459265
-0.055563
528.723463
-0.097928
-1.218664
-0.052056
412.163725
0.671018
-0.402753
-0.067373
369.945105
2.771633
1.483913
0.610120
135.903711
-0.699299
-1.674966
0.648030
187.174241
-1.307457
-2.383541
0.048239
411.718820
-0.355332
-1.281534
0.331531
177.529338
1.164962
-0.240363
-0.095947
364.515312
2.117999
0.953092
0.873792
-147.036214
1.254748
0.315148
0.201618
404.932977
2.291225
0.568463
1.172351
-232.390626
2.757099
1.345661
-0.180064
546.686527
0.774007
-0.625693
0.349123
400.164576
0.738464
-0.516859
0.678670
139.748663
1.136167
-0.255957
0.437509
-11.742799
2.234940
1.124745
-0.057295
495.138810
-0.231662
-1.718801
1.844439
-598.097562
0.403072
-0.490132
-0.011760
445.713070
0.131875
-1.260179
0.418466
256.032882
0.160291
-1.122380
0.529615
232.359911
1.430237
0.034047
1.535005
-332.781080
-0.103819
-1.114781
0.601905
100.251846
2.903626
1.705217
1.254399
-345.498638
0.688397
-0.446217
1.630406
-334.239875
-0.032378
-1.318726
0.484036
213.755748
2.232352
1.006102
0.969410
-123.317900
1.815269
0.786510
0.626785
17.815099
0.843221
-0.408708
0.923146
97.570469
-2.141503
-3.191735
1.215217
-181.356700
0.458150
-0.856864
0.505510
85.975646
2.565863
1.174969
0.110879
394.121010
0.601266
-0.866399
1.040066
-255.921742
2.525143
1.300333
0.922547
-70.390368
-0.968360
-2.042461
0.031374
378.772765
0.856068
-0.345080
0.315223
261.143589
1.926425
0.363618
-0.117096
717.873134
2.501715
0.721652
1.173013
-168.883651
1.277197
0.297288
1.229093
-19.242278
-1.234649
-2.474735
0.415922
112.061890
2.096807
0.709507
0.615339
-36.038520
3.367962
2.433743
1.069106
-55.485380
-0.890144
-2.068109
0.823826
-23.156753
1.043393
-0.061362
0.987357
-119.430497
0.524356
-0.707986
1.389313
-340.202553
-0.090243
-1.160115
0.941221
-35.514027
-0.370657
-1.420928
1.602794
-379.535017
1.053194
0.068495
0.787105
-17.673138
0.575228
-0.733329
1.072074
-217.066667
0.811550
-0.450925
0.205074
274.988142
1.033917
-0.469438
2.349988
-968.791492
1.579069
0.588439
1.282497
-355.308083
1.194019
0.342141
0.959729
-56.620453
1.796242
0.729855
1.085813
-89.303755
1.915754
0.514602
0.557302
197.159960
0.449981
-0.945854
0.772088
62.755445
0.782546
-0.158022
0.746119
99.160466
-0.421724
-1.692422
-0.561793
681.998429
1.947102
0.445198
1.261183
-296.940293
2.796387
1.547412
1.440800
-202.511509
0.268487
-0.707540
0.864425
60.690706
1.134918
-0.241141
1.052030
-114.981952
1.766670
0.907075
0.341575
268.704075
1.162295
-0.146640
2.206956
-703.709951
-0.434868
-1.420901
1.027364
-110.585081
-0.770300
-1.797163
0.718870
121.804009
0.897840
-0.480307
1.323597
-235.201429
-0.224561
-1.502322
0.463953
318.761762
-0.021375
-1.149584
0.022433
498.433018
-0.030189
-1.392298
1.086304
73.800960
-0.494604
-1.671496
1.110839
-78.032841
1.446036
0.352405
0.100868
368.422338
0.130057
-1.233424
0.119663
397.785794
-0.184584
-1.601024
0.795909
97.572771
0.510511
-0.664398
1.578996
-340.447297
-0.050220
-1.385688
0.827988
51.247734
0.034189
-0.883068
0.592271
202.118779
1.031600
-0.079877
