544.234421
543.689906
538.101789
536.287525
543.433716
547.026060
538.627817
542.676309
545.928309
544.846147
542.871731
530.459635
536.075548
539.226875
545.566603
544.980707
541.878462
547.699154
546.371428
546.244425
547.209917
544.223375
543.999898
531.785930
546.848248
548.345023
546.832344
535.542730
527.654020
531.219079
542.877114
547.450075
545.193771
546.799405
543.954574
535.598779
545.414325
543.278680
545.667197
546.146333
544.656167
543.164861
545.568503
538.267201
540.658220
539.177813
537.885263
542.160895
538.417657
546.676543
553.819078
545.140831
547.543599
538.977974
541.785535
541.772497
537.876050
535.796140
539.850495
530.994940
537.289134
538.736374
540.384023
540.324679
538.089707
549.092012
545.141825
541.259305
544.801050
549.438236
551.617563
550.598077
544.113817
543.765293
536.457293
545.828997
547.431688
541.793810
539.090251
543.617992
537.161289
544.893203
543.067637
530.389815
546.044569
537.009149
538.538328
541.900757
543.160831
545.194904
545.722054
544.908376
545.179256
546.787664
547.242836
537.062212
530.178147
532.515029
530.971930
534.504351
527.339179
531.445747
549.217598
547.223797
550.227910
550.962479
548.740739
545.226562
545.829127
543.186884
546.796700
540.412620
541.935347
545.180616
542.768382
538.172492
537.372022
539.157224
538.613922
541.120067
546.801707
545.116370
535.702623
548.223877
545.008691
544.527732
542.100155
541.993548
538.002784
541.895724
539.681208
544.734176
540.436347
542.410549
545.865205
539.677231
537.494808
548.659141
536.343741
532.771293
534.075220
540.752696
541.639641
537.588916
544.417811
544.119766
536.063228
535.602130
542.767409
546.457323
537.362741
542.097469
545.355013
544.424024
542.227224
530.725695
536.780500
539.058285
544.677710
541.872402
542.348369
536.706409
545.633002
544.837071
545.281852
545.097863
544.676991
531.438177
539.557040
548.634064
549.599598
534.715871
527.101870
531.482015
542.803245
547.345841
544.646103
548.488436
542.849183
537.518404
546.541565
543.966102
547.930209
545.943310
544.247746
543.499906
539.108106
536.580372
536.839351
540.056194
539.774073
541.273686
538.265574
545.861140
553.487076
542.004900
536.981240
540.212287
542.076409
542.155385
537.084478
535.168512
539.922866
530.359413
544.132150
546.348079
547.143704
539.661031
537.217193
548.839919
545.748898
541.973375
545.577757
546.976308
547.592575
538.445086
545.583875
545.051608
537.437476
547.379727
548.071990
542.653335
548.593827
550.885016
545.322389
544.501302
541.867512
530.639535
546.441693
536.672397
538.388794
542.293370
535.158296
532.593404
545.513259
545.027605
544.880950
546.397634
546.398188
536.144961
537.032469
534.283253
536.158930
534.216298
527.471174
531.090632
549.527926
547.734495
549.539567
540.164027
543.515691
537.790253
546.823070
544.936393
548.036736
541.135293
541.241301
545.900809
545.106621
545.665306
538.857530
539.333975
538.384191
539.906638
547.034582
545.301606
535.909572
540.106781
542.523339
530.169746
541.727772
541.284030
535.950696
540.905733
538.582435
544.616268
540.332646
538.062558
541.638415
539.784707
537.046108
548.734563
535.964832
531.566944
533.247946
542.906326
541.535558
548.797555
544.965750
544.942786
537.807397
536.030568
543.347152
546.238712
537.882137
541.631336
545.528134
544.724522
542.606641
531.313097
537.258351
540.485768
545.968120
544.943561
541.773419
547.997400
543.542963
542.898012
544.033035
544.603543
544.897465
531.985562
547.144152
548.482414
546.930701
534.526895
527.800096
530.158344
542.272440
547.213534
543.697540
546.880160
544.204498
536.179331
546.032685
543.509591
548.462953
544.995397
543.660167
543.775363
545.955834
538.416808
540.532410
539.206762
538.739717
539.143332
538.773902
546.602250
552.587913
544.763399
547.542451
538.360582
542.491973
540.675220
536.345367
534.903785
539.612422
529.978313
536.784329
539.292959
540.753414
539.630734
535.614008
549.311067
545.832435
541.614644
544.940072
549.075072
551.635704
550.259171
