5.305046
5.422431
5.283027
5.253402
5.423236
5.336331
5.175611
5.373607
5.358161
5.288831
5.413923
5.351407
5.122373
5.415644
5.422392
5.505874
5.422798
5.294071
5.502539
5.722019
5.137363
5.381715
5.348776
5.216519
5.421583
5.583002
5.162196
5.563303
5.937272
5.559710
5.460447
5.506143
5.343178
5.571769
5.892272
5.513934
5.346086
5.422552
5.204685
5.439664
5.486738
5.173308
5.361071
5.444533
5.518951
5.597719
5.564283
5.238903
5.408349
5.505991
5.596455
5.393102
5.552601
5.400128
5.282847
5.583826
5.218791
5.389486
5.575309
5.249657
5.230933
5.497433
5.146953
5.762772
5.928879
5.579077
5.376468
5.416399
5.318486
5.798777
5.884778
5.551547
5.368032
5.437663
5.359620
5.564163
5.649303
5.437429
5.455674
5.660772
5.276607
5.491216
5.671375
5.579964
5.443685
5.653309
5.329732
5.561636
5.895953
5.470173
5.998887
7.666489
4.979177
5.369313
5.871639
5.492214
6.051113
8.116828
5.030093
5.818484
5.786730
5.422111
5.252064
5.589427
5.575138
5.722155
5.664717
5.412235
5.160008
5.479820
5.456503
5.644871
5.637004
5.574382
5.454889
5.724132
5.239469
5.593552
5.581877
5.543248
5.510254
5.728400
5.209567
5.544995
6.103383
5.460037
6.687115
10.414174
4.984130
5.616552
6.056388
5.470718
6.849631
10.927820
5.139806
5.719605
5.582014
5.509217
5.041997
5.282037
5.343885
5.758300
5.660059
5.456393
4.968947
5.243610
5.368893
5.657034
5.524335
5.882481
5.442954
5.777451
5.182554
5.587212
5.551989
5.775405
5.609761
5.731142
5.142668
5.620460
6.099909
5.512920
7.297788
12.856762
4.979286
5.762767
6.128968
5.543011
7.454146
13.332433
4.907339
5.839631
5.545891
5.272919
5.052274
5.338453
5.216417
5.817778
5.544334
5.229379
5.019744
5.397846
5.212483
5.484756
5.407101
5.389352
5.711311
5.791994
5.227339
5.413009
5.299516
5.484968
5.615794
5.701984
5.258267
5.631352
6.106880
5.595192
7.955875
15.468500
4.726587
5.572341
6.058568
5.535041
8.072407
15.841493
4.774264
5.643346
5.508621
5.262346
5.043009
5.277659
5.152338
5.558039
5.369611
5.223885
5.057805
5.228151
5.041368
5.291944
5.187024
5.403387
5.730754
5.586002
5.159157
5.267592
5.153780
5.385093
5.749071
5.642815
5.162572
5.443284
5.781028
5.263219
8.422220
18.077357
4.595017
5.504351
5.809070
5.308657
8.737595
18.626853
4.581496
5.635285
5.266277
5.287123
4.918111
5.011457
5.109354
5.605229
5.268219
5.329944
4.866720
4.957536
4.979061
5.225228
5.168881
5.343479
5.476698
5.479647
5.130763
5.117607
5.096371
5.235368
5.481166
5.474032
4.958054
5.491138
5.683878
5.389288
9.505695
26.458404
7.387206
5.516844
5.645595
5.372595
5.215837
5.654693
5.523161
5.582577
5.186141
5.199217
4.874148
4.804789
4.840725
5.586780
5.209915
5.184541
4.996840
4.806547
4.818296
5.010732
5.013043
5.302228
5.448761
5.187146
5.014800
5.038201
5.066774
5.309107
5.418558
5.129815
5.053306
5.391877
5.338778
5.384709
5.407727
5.635906
5.501325
5.480761
5.299473
5.252262
5.435888
5.614156
5.558728
5.510330
5.198087
4.926897
4.858026
4.740247
4.858159
5.525937
5.185000
4.886575
4.912081
4.694658
4.799907
5.044678
5.203986
5.275899
5.520791
5.237076
5.232254
5.021577
5.152986
5.283288
5.430321
5.241458
5.167136
5.511001
5.327419
5.120053
5.446466
5.679164
5.704428
5.547200
5.339503
5.059375
5.449715
5.688122
5.737212
5.581416
5.178321
4.954617
5.044360
4.853885
4.863626
5.560442
5.169591
5.004986
5.057663
4.883941
4.862694
5.158613
5.248816
5.426033
5.326543
5.284689
5.317789
5.220516
5.402953
5.576599
5.359020
5.358552
5.447471
5.546655
5.332435
5.107672
5.505024
5.706756
5.715906
5.440407
5.287827
5.063694
5.412899
5.698218
5.651986
5.392266
5.234695
5.159448
5.124653
4.747159
4.897606
5.402937
5.258986
4.924989
5.180122
4.698235
4.826915
5.178815
5.350479
5.437196
5.338186
5.251853
5.347541
5.137722
5.255455
5.294796
5.300873
5.322833
5.375550
5.430633
5.318066
5.077344
5.527335
5.633847
5.483843
5.489111
5.324447
5.220402
5.545950
5.656941
5.480360
5.549506
5.275027
4.846816
5.107806
4.868310
4.891222
5.592558
5.374415
4.880478
5.051935
4.989502
4.997435
5.186247
5.509522
5.376417
5.122365
5.206037
5.585517
5.248447
5.486885
5.343887
5.182577
5.291409
5.529266
5.567105
5.457166
5.434660
5.312773
5.278545
5.258089
5.625089
5.493851
5.494687
5.323521
5.346644
5.222494
5.423382
5.196602
4.779141
5.311879
4.995292
5.055828
5.405113
5.242814
4.809937
5.239354
4.997896
4.984911
5.331812
5.587472
5.328166
5.292725
5.346409
5.600779
5.362535
5.543843
5.436869
