550.033976
551.835806
535.931263
537.466783
536.631644
544.742870
533.842267
535.007657
536.983280
536.736598
535.802937
544.920590
534.526081
535.287972
538.193542
538.471291
532.195593
522.266498
535.516702
529.188775
535.857450
537.655527
531.853610
521.274533
536.211353
529.421847
535.878330
554.449359
537.172289
544.809330
550.828790
550.701619
536.050524
554.668949
536.385127
546.261926
549.511461
551.436012
535.776385
533.657957
532.811811
542.123540
533.013492
534.629422
537.467407
533.002922
532.611092
542.721729
534.044805
534.881792
536.431802
537.849401
532.137712
522.344802
535.696771
529.054639
535.526443
537.551752
532.061994
521.813739
535.259449
528.292698
534.034678
553.846896
536.380553
547.253827
550.468588
551.417599
537.143635
553.393017
535.645742
546.560696
550.927754
551.401690
537.699880
533.666731
531.313901
541.594635
533.485447
535.703099
534.440278
534.978319
532.407795
543.091471
534.643387
536.080040
538.107790
536.332122
532.113547
522.810822
535.107509
528.500176
535.442892
536.075167
532.288964
523.417562
534.974054
528.542515
535.599717
553.199097
535.056715
545.094439
550.576868
549.028886
536.930669
553.213913
534.176939
543.155278
551.099481
549.838266
537.964714
536.220019
532.124000
544.098939
533.872905
535.868467
535.393004
535.763227
531.355075
544.363517
536.024196
538.048619
535.511703
535.190962
532.669202
524.237345
535.881648
528.897451
536.211834
534.903231
532.387550
524.477948
535.392934
529.185535
535.871610
556.669028
535.072336
544.327901
551.960996
550.891373
540.213552
555.464172
535.071502
543.486432
552.373495
552.091121
539.983483
536.049032
531.063149
543.513018
534.100048
537.115203
536.241151
537.119708
531.880661
546.118559
534.721955
538.551674
535.579529
535.338462
533.599442
526.602780
534.812787
528.742836
534.562765
536.603771
533.530867
526.618504
535.211002
528.859569
534.547534
557.149662
536.196518
544.546391
553.766786
550.684562
540.586020
557.201956
536.229885
543.656713
554.444971
550.682322
539.304625
538.438558
532.879723
546.853905
535.419245
540.793133
536.001852
537.945850
532.312110
546.307084
535.005053
540.397196
535.000982
535.590097
533.776115
527.305114
535.916672
531.041882
534.061094
535.410006
533.729638
527.416863
536.484270
531.367756
534.299768
555.263426
535.874838
543.338754
554.364443
549.391571
540.849118
555.235330
536.030017
542.364316
555.380319
549.684481
541.066513
536.874783
533.461006
544.505191
533.569490
539.523279
535.496711
535.874822
532.138054
544.001585
534.489522
540.434493
535.327353
535.317393
534.020410
525.032837
537.210053
529.142076
533.566436
534.045417
533.069029
526.597618
537.798592
531.885525
533.336300
554.720811
535.351543
540.600804
554.743305
550.260280
542.888559
556.449440
535.297717
541.082076
555.604875
550.177981
542.299392
535.352778
532.639459
544.544072
535.819938
543.477199
537.557717
535.170860
533.197048
543.512896
536.430372
543.938466
537.470585
533.252572
533.099757
527.609955
538.113212
530.881790
532.523148
533.941638
534.109243
529.283810
537.134665
530.579579
532.236262
558.031992
536.847143
539.795470
553.907006
549.407342
542.036554
557.238460
535.879973
539.470947
553.569803
548.928799
541.044986
534.389449
532.591177
542.476149
535.977279
543.610153
535.765226
534.473335
533.121857
543.667444
536.588713
543.992976
535.920165
535.308773
535.864548
529.978140
538.082211
530.474757
529.286654
535.873212
537.700965
530.371557
538.667334
530.324858
529.198967
554.969604
534.281383
540.343204
554.523708
550.110685
541.561360
552.552166
535.624972
540.454423
555.131312
550.865516
541.699301
535.596950
535.591884
545.922131
540.333741
548.345627
535.690300
536.115120
534.980459
545.176694
538.558604
545.469879
536.254936
536.175477
536.782439
529.778142
538.413690
529.694515
530.049332
536.570891
536.922841
529.264742
538.128319
529.767285
529.614737
552.386277
535.122571
540.774392
558.071934
554.060258
541.954863
553.113407
535.462741
539.988205
557.914963
553.267692
542.367188
537.390317
534.735037
546.139872
538.849423
545.045600
536.006352
536.504217
536.951287
546.140448
538.911948
544.913876
536.638407
537.064187
537.262810
528.994811
539.506791
531.176036
530.299528
537.129128
537.054018
529.548237
539.155874
531.229715
530.430573
553.083225
535.987432
539.054065
556.208723
553.586340
543.287192
553.945104
537.337767
539.928165
556.095335
552.427018
543.846171
533.809431
533.549054
545.765887
536.520732
544.379211
538.869181
534.244160
534.494059
545.563264
536.560848
545.115548
538.720839
537.771744
537.760990
530.011341
541.074863
530.165809
530.468393
538.157163
537.932144
530.101169
541.705678
531.839553
531.763359
555.109303
536.989971
540.122610
557.749087
554.344803
543.911567
554.417564
536.956910
540.458551
557.269474
553.419469
544.404692
534.625287
536.449466
547.795367
538.466434
548.289695
539.632045
534.296492
537.020944
547.974112
537.008979
547.484111
539.321483
539.581195
539.720731
531.939101
540.338433
531.702932
531.817170
538.174024
538.650652
531.770694
540.786253
532.267840
531.627304
556.039956
537.494959
542.327145
558.756405
554.476356
548.000248
555.979032
534.616842
542.285868
559.003707
554.638493
548.741403
533.335049
534.954605
547.452550
536.717548
547.649983
537.703595
533.624014
535.571025
545.557473
