5.428830
5.635852
5.399323
5.190581
5.454581
5.606463
5.730159
5.336040
5.222141
5.341004
5.133670
5.152459
5.250769
5.353587
5.438076
5.347149
5.606301
5.404967
5.349223
5.029473
5.436919
5.399029
5.408482
5.564837
5.138945
5.017799
5.059387
5.468024
5.304082
5.154714
5.138700
5.437586
5.715499
5.551447
5.434986
5.858541
5.782458
5.649466
5.761583
5.568353
5.571896
5.632259
5.492726
5.556152
5.735357
5.876898
5.615838
5.836166
5.770342
5.669912
5.427435
5.461175
5.818197
5.771161
5.734350
5.481169
5.304243
5.144526
5.149159
5.129784
5.136022
5.053089
5.273412
5.401132
5.190191
5.181857
5.081258
5.109252
5.133647
5.498747
5.578241
5.542459
5.645993
5.290608
4.915365
5.308637
5.187866
5.172403
5.270147
5.301008
4.952648
5.125577
5.469153
5.439916
5.441501
5.533681
5.481452
5.176574
5.000415
5.118510
4.936208
5.510624
5.452256
5.821422
5.605183
5.528486
5.895040
5.573284
5.870922
5.637414
5.380660
5.400552
5.381272
5.473306
5.704614
5.722061
5.679323
5.795288
5.688695
5.800784
5.753236
5.840031
5.717967
5.597679
5.591960
5.923653
5.777170
5.597921
5.324492
5.427453
5.161434
5.246627
5.074821
5.334985
4.930016
5.063852
5.372298
5.321011
5.109859
4.980029
5.439815
5.319170
5.287297
5.381475
5.816807
5.319810
5.651638
5.635906
5.490671
5.153602
5.342389
5.342476
5.186989
4.956419
5.654927
5.458533
5.209180
5.318519
5.063098
5.121130
5.129655
5.319382
5.541048
5.550386
5.235603
5.410022
5.213235
5.634827
5.152328
5.226644
5.024529
5.365488
5.470986
5.486438
5.727775
5.428803
5.561299
5.411579
5.560391
5.325687
5.084427
5.201603
5.305323
5.301163
5.401826
5.772725
5.775786
5.653788
5.527259
5.617011
5.813219
5.639895
5.585781
5.309862
5.067724
5.821321
5.538077
5.317393
5.422328
5.467214
5.502987
5.583282
5.959007
6.010394
5.662902
5.512894
5.745538
5.408377
5.495735
5.621894
5.294298
5.713723
5.779618
5.139280
5.180405
5.153213
4.897978
5.275908
5.470660
5.306122
5.706055
5.419587
5.377276
5.255166
5.122008
5.270093
5.302942
5.280977
5.465966
5.271623
5.365604
5.434798
5.278061
5.447179
5.210287
5.088646
5.751000
5.578085
5.835423
5.613331
5.273354
5.320761
5.736694
5.499518
5.226032
5.345981
5.271986
5.095686
5.358595
4.931872
5.086463
5.332812
5.446242
5.556060
5.564099
5.554915
5.643505
5.393449
5.447785
5.759777
5.789496
5.720084
5.566351
5.488718
5.388802
5.280352
5.293270
5.301366
5.517529
5.552259
5.466324
5.497507
5.015849
5.193310
5.241453
5.282919
5.478415
5.320845
5.860972
5.773991
5.671770
5.637262
5.832236
5.660768
5.544307
5.511295
5.528622
5.292506
5.408829
5.339531
5.264027
4.997513
4.916381
4.971789
4.978836
5.030641
4.975812
5.336967
5.447415
5.279781
5.165359
5.372093
5.417466
5.452337
5.584992
5.529336
5.567255
5.171683
5.621134
5.537800
5.354806
5.222304
5.446101
5.673285
5.631587
5.817896
5.677649
5.404466
5.460560
5.328805
5.241127
4.862678
5.050464
5.110247
5.209382
5.394586
5.492457
5.746297
5.316598
5.466424
5.355064
5.467895
5.697614
5.990728
5.767089
5.391553
5.344906
5.341897
5.476475
5.636208
5.440308
5.137525
5.337010
5.464092
5.664566
5.522063
5.591092
5.533064
5.918333
5.385951
5.382113
5.539785
5.505779
5.443016
5.320276
5.885312
5.710582
5.551306
5.381362
5.564233
5.280438
5.253452
4.939969
4.944374
5.119605
5.095013
5.094322
5.118160
5.299409
5.524286
5.258312
5.310864
5.517252
5.737504
5.944757
5.707806
5.576743
5.598391
5.204040
5.231523
5.298739
5.280236
5.181462
5.172306
5.249881
4.982706
5.251981
4.942400
5.205169
5.253267
5.468467
5.145297
5.114427
5.262857
5.281159
5.490646
5.652788
5.697234
5.729002
5.840112
5.686153
5.227337
5.289054
5.418201
5.328960
5.259688
5.191449
5.139546
4.884312
5.249390
5.372375
5.445668
5.118878
5.325089
5.228263
5.824337
5.751155
5.641583
5.805913
5.717058
5.654589
5.425322
5.002688
4.988230
4.920514
5.235063
5.254128
5.320335
4.864341
5.217494
5.494382
5.643916
5.945651
6.183600
5.800410
5.389435
5.296501
5.069413
5.104320
5.315531
5.387516
5.345793
5.654750
5.772125
5.462273
5.034631
4.975132
5.353173
5.547542
5.298186
5.530763
5.501509
5.404550
5.238748
5.182840
5.298285
5.590140
5.680363
5.677380
5.734327
5.320828
5.565139
5.324231
5.726622
5.948944
5.796092
5.626151
5.674113
5.530576
5.213232
5.232725
5.203828
5.120206
5.400905
5.495594
5.343426
5.488025
6.035713
5.643150
5.729604
5.336630
5.506671
5.350486
5.294853
5.429776
5.377555
5.175602
5.177794
5.198631
5.216349
5.196934
5.382702
4.922516
5.010986
5.498665
5.196018
5.153827
5.039376
5.257293
5.642904
5.476256
5.393046
5.486800
5.113577
5.089630
5.116266
5.234518
5.604090
5.333630
5.411265
5.497872
5.834969
5.710867
5.763956
5.717137
5.113999
5.293139
5.435664
5.060171
5.583880
5.540994
5.354675
5.610341
5.277377
5.204856
6.043065
5.917386
5.839945
5.826998
5.630698
5.298468
5.204367
5.734648
5.784609
5.636078
5.412650
5.467700
5.544283
5.308604
5.627751
5.480891
5.300911
5.435377
5.098347
5.349210
5.406566
5.197955
5.148791
4.851636
5.452825
5.555431
5.524306
5.823393
5.591714
5.441668
5.820826
5.487364
5.562607
5.322075
5.494111
5.571133
5.538895
5.567850
5.299795
5.182179
5.072635
5.296345
5.746768
5.895010
5.863912
5.557865
5.522063
5.640023
5.633036
5.333302
4.896560
4.913523
5.166440
5.265031
5.306924
5.487467
5.853391
5.768433
5.552956
5.176793
5.079139
5.102497
5.351975
5.554474
5.675750
5.717368
5.464073
5.459348
5.512141
5.634546
5.155266
5.070030
5.272530
5.345067
5.399888
5.344405
5.473283
5.277958
5.463656
5.669180
5.496678
5.166644
5.051994
5.039966
5.360489
5.140822
5.292262
5.180933
5.196405
5.302302
5.356912
5.275107
5.678288
5.060080
5.192232
5.229724
5.226440
5.274992
4.977556
4.773773
5.443210
5.436642
5.489966
5.580385
5.726995
5.608986
5.253509
5.394576
5.356902
4.643259
5.106961
4.882712
5.173006
5.070624
5.224761
5.202562
5.499932
5.220808
5.243786
5.654046
5.536238
5.350436
5.368156
5.543470
5.508233
5.412330
5.434588
5.404095
5.614423
5.549688
5.430533
5.526668
5.383054
5.556885
5.158618
5.427575
5.247899
5.468830
5.295009
5.396019
5.191215
5.596334
5.391293
5.829580
5.671536
5.548098
5.075315
5.440408
5.284521
5.548851
5.137931
4.906819
5.350176
5.003898
5.222937
5.035663
5.191854
5.478613
5.186910
5.028276
5.186047
5.434473
5.413828
5.465850
5.546260
5.343036
5.238248
5.113303
5.151107
5.449637
5.568764
5.281095
5.352904
5.259813
4.941388
5.194744
5.449455
5.452726
5.272471
5.351890
5.326118
5.441824
5.340630
5.805737
5.683466
5.596722
5.481305
5.678598
5.639785
5.665676
5.849960
5.745903
5.680969
5.589668
4.990018
5.026654
4.785965
4.948904
5.450857
5.268283
5.356732
5.431093
5.098860
5.078340
5.405986
5.407968
5.313446
5.274072
5.187023
5.367781
5.374930
5.141474
5.553439
5.808386
5.595288
5.459536
5.203370
5.154021
5.205322
5.296475
5.156350
5.079366
5.188347
5.614874
5.736683
5.430683
5.506993
5.616542
5.440313
5.200775
5.524518
5.607357
5.227038
5.526676
5.615163
5.197101
5.283600
5.181797
5.294600
5.198084
5.041326
5.407144
5.416770
5.228049
5.467568
5.754469
5.661322
5.396090
5.155196
5.323512
5.348252
5.203784
5.360647
5.216634
5.375953
5.572357
5.509056
5.443936
5.300951
5.528842
5.785923
5.238661
5.444475
5.256029
5.320339
5.328233
5.743259
5.791461
5.915152
5.583829
5.470818
5.797588
5.173095
5.011012
5.079753
5.280874
5.122501
5.234005
5.374932
5.309975
5.112125
5.275040
5.518880
5.508594
5.482589
6.185985
6.022833
5.748718
6.112585
5.657686
5.768419
5.768815
5.744199
5.544955
5.420128
5.508419
5.426446
5.573062
5.516056
5.784620
5.816354
5.558959
5.440079
5.762887
5.721864
5.518188
5.660360
5.774861
5.662672
5.605538
5.446603
5.713141
5.744635
5.623778
5.452468
5.508819
5.027009
5.192988
5.451803
5.494090
5.183246
5.038257
5.190161
4.848845
4.996969
5.047460
5.358344
5.468364
5.612026
5.727286
5.439916
5.444897
5.575783
5.701125
5.832259
6.010254
5.650690
5.294170
5.364533
5.523779
5.639526
5.636074
5.216968
4.913763
5.081672
5.367839
5.438577
5.699885
5.296931
5.497092
5.324667
5.309174
5.320516
5.476671
5.482355
5.468248
5.373990
5.265896
5.294695
5.457063
5.254868
5.357119
5.190999
5.175475
5.106560
5.325669
5.315862
5.465673
5.427017
5.343598
5.414393
5.038170
5.021131
5.266324
5.179472
5.186525
5.360604
5.433612
5.717519
5.808752
5.280415
5.498577
5.109157
5.158580
5.353293
5.529490
5.213097
5.457823
5.310378
5.807997
5.418423
5.370371
5.265370
5.233905
5.694284
5.272445
5.452191
5.415614
5.293307
5.106294
5.637173
5.554854
5.683861
5.359500
5.197617
5.372079
5.460817
5.122088
5.670740
5.334372
5.658840
5.483335
5.618270
5.240373
5.530102
5.720600
5.602437
5.654747
5.513419
5.270678
5.329307
5.224581
5.073198
4.870112
5.545757
5.528004
5.463337
5.790843
5.193704
5.138438
5.419818
5.338130
5.373523
5.186972
5.122389
5.201506
5.192378
5.312898
5.405510
5.407394
5.526254
5.490596
5.612412
5.553466
5.510223
5.403326
5.156857
5.224694
5.345724
5.518736
5.288671
5.614569
5.436581
5.536104
5.695122
5.793237
5.437324
5.418541
5.361419
5.550267
5.255453
5.333193
5.363360
5.401146
5.539832
5.379047
5.309750
5.406385
5.018887
5.580197
5.623926
5.928897
6.078477
5.646017
5.590356
5.296945
5.252479
5.232801
5.449811
5.404873
5.225638
5.620213
5.419724
5.759637
5.501935
5.678299
5.753358
5.533486
5.247206
5.594447
5.340276
5.144579
5.490756
5.160463
5.425689
5.644740
5.679074
5.347338
5.432649
5.452538
5.321207
5.304418
5.481033
5.762852
5.467086
5.629366
5.584814
5.658359
5.549404
5.214400
5.485022
5.202423
5.357380
5.539315
5.644801
5.559646
5.828855
5.617655
5.437275
5.236766
5.247303
5.136295
5.190187
5.380161
5.550054
5.546054
5.367648
5.417858
5.414361
5.485980
5.328501
4.923415
5.172595
5.171905
5.115708
5.177585
5.278177
5.341939
5.506011
5.486305
5.461873
5.423057
5.514682
5.489700
5.453638
5.265025
5.411900
5.489158
5.194020
5.506440
5.335170
5.308069
5.291998
5.224729
5.333922
5.347811
5.264297
5.236425
5.793360
5.616057
5.570928
5.751932
5.255681
5.619303
5.526854
5.453825
5.439536
5.179316
5.335560
5.174979
5.666513
5.599141
5.257651
5.483357
5.346581
5.527380
5.583987
5.751370
5.529853
5.759429
5.554765
5.475977
5.352899
5.399289
4.927216
5.243702
5.338210
5.493407
5.385633
5.246906
5.189304
5.187124
5.334442
5.368334
5.591101
5.301817
5.616030
5.164436
5.316620
5.197790
4.957241
5.043817
5.227243
5.107787
5.247290
5.325391
4.995446
4.894546
5.091739
4.942765
4.882960
4.816750
4.920977
5.217015
5.533122
5.111527
5.378833
5.337321
5.474545
5.202762
5.170499
5.341102
5.470958
5.330101
5.414430
5.112701
5.234327
5.331662
5.441340
5.610584
5.580905
5.749211
5.482396
6.001083
5.679139
6.084890
6.031777
5.583802
5.436615
5.225261
5.438636
5.610239
5.519445
5.108508
5.362922
5.242259
5.195961
5.126922
5.113129
5.004967
5.142313
4.993861
5.018467
4.983546
5.304106
5.079055
5.491149
5.456661
5.308991
5.476604
5.450541
5.031168
4.971847
5.285950
5.263340
5.195290
5.297484
5.007174
4.923228
5.152395
5.605815
5.432075
5.338669
5.412365
5.432656
5.300530
5.114720
5.075841
5.286668
5.609593
5.430787
5.253890
5.257214
5.207777
5.468951
5.535102
5.143250
5.347996
4.949199
5.351562
5.615805
5.490715
5.336124
5.489494
5.609253
5.143126
5.378538
5.274122
4.905172
5.112614
5.056286
5.206967
5.357115
5.509730
5.378366
5.400375
5.287734
5.285151
5.203585
5.261890
5.120685
5.463773
5.171725
5.359699
5.199936
5.760388
5.762966
5.617815
5.406733
5.716234
5.515975
5.552175
5.969203
5.647691
5.446364
5.173804
5.336062
5.196573
5.396583
5.388436
5.279176
5.212768
5.388908
5.202156
4.896227
4.955062
4.930309
5.308499
5.268540
4.891637
5.234424
5.196632
5.449250
5.019031
4.960387
5.378342
5.592118
5.510792
5.578787
5.773747
5.477275
5.431393
5.483886
5.372390
5.132149
5.090741
5.123330
5.302846
5.798532
5.812089
5.803054
5.736728
5.632831
5.254663
5.499134
5.340987
5.415854
5.357098
5.721330
5.582613
5.608444
5.346017
4.878104
5.335584
5.011079
5.113691
5.181965
5.177063
5.473402
5.466540
5.298307
5.563059
5.776412
5.816334
5.567164
5.381491
5.658893
5.695383
5.545952
5.462821
5.180416
5.423085
5.651866
5.823450
5.689504
5.258608
5.325485
5.603206
5.490169
5.619008
5.565620
5.260432
5.009634
5.070104
4.999328
5.108912
5.373690
5.041599
5.260462
5.365224
5.706918
5.593199
5.820947
5.727630
5.510052
5.596939
5.795816
5.400132
5.512553
5.636253
5.064987
5.142918
5.028641
5.044826
5.146561
5.250328
5.298127
5.570535
5.811806
5.661955
5.338422
5.622706
5.612181
5.793200
5.672804
5.546978
5.737414
5.741797
5.609461
5.710276
5.518332
5.139669
5.520522
5.029848
5.402996
5.253082
5.447219
5.472436
5.518845
5.136927
5.155113
5.536628
5.726440
5.516468
5.324190
5.314931
5.687915
5.580435
5.417270
5.405950
5.267645
5.435424
5.106500
5.191006
5.335730
5.506029
5.052471
5.061647
5.268983
5.031528
5.267163
5.142774
5.311984
5.159621
5.579098
5.363404
5.562364
5.295203
5.334424
5.527037
5.648052
5.573865
5.484342
5.444840
5.623973
5.642163
5.095894
5.219240
5.550397
5.604578
5.385371
5.553406
5.754658
5.928725
5.512409
5.468411
5.413618
5.548582
5.339178
5.329264
5.131528
5.012771
5.042743
5.081162
5.505864
5.357025
5.308037
5.531687
5.420238
5.646420
5.534923
5.261048
5.386447
5.438498
5.416165
5.678166
5.414359
5.434711
5.624065
5.845871
5.224624
5.218468
5.181856
5.159528
5.024896
5.148744
5.187571
5.143064
5.116318
5.198974
5.471538
5.619303
5.369235
5.093729
5.421242
5.362172
5.148545
5.079750
5.389869
5.406413
5.510960
5.886188
5.498509
6.046411
5.144830
4.982188
5.308038
5.478176
5.370078
5.134290
5.300961
5.215256
5.144842
5.300827
5.360019
5.565263
5.507507
5.042083
4.936360
4.719596
5.297666
5.738871
5.520524
5.363867
5.451354
5.773236
5.450540
5.637814
5.641335
5.332068
5.469855
5.684768
5.650704
5.807034
5.719135
5.360667
5.526837
5.790318
5.656968
5.522100
5.452231
5.167443
5.025888
5.183636
5.155529
5.308118
5.492574
5.201852
4.946129
5.280987
5.323340
5.502774
5.691133
5.533383
5.602443
5.756604
5.650455
5.669545
5.527225
5.603105
5.362975
5.433660
5.043973
5.280044
5.310331
5.500930
5.653893
5.645875
5.435920
5.446639
5.536228
5.278985
5.443029
5.684850
5.750382
5.511183
5.657010
5.494951
5.613267
5.407534
5.204129
5.375253
5.245727
5.316708
5.277668
5.381154
5.487781
5.382622
5.266594
5.099964
5.327611
5.296075
5.381856
5.633891
5.642158
5.452978
5.163769
5.232259
5.058662
5.175155
5.342102
5.258000
5.325466
5.034768
5.339746
5.486871
5.243597
5.163511
5.159767
5.453802
5.347185
5.369698
5.759558
5.717091
5.707131
5.660360
5.360122
5.448264
5.521745
5.499311
5.640609
5.372767
5.672937
5.715994
5.592118
6.122400
5.905203
6.072356
5.493521
5.168138
5.435332
5.409977
5.469969
5.525464
5.263131
5.310773
5.433513
5.412350
5.418911
5.458922
5.452476
5.377706
5.309835
5.186924
5.228262
5.042815
5.397204
5.725173
5.487192
5.712487
5.410713
5.738601
5.552385
5.354920
5.105569
5.473285
5.328513
5.272369
5.156196
4.939178
4.732195
4.980589
4.923665
4.913721
4.818608
5.081529
5.246570
5.467713
5.858243
5.531066
5.295415
5.196110
5.092596
5.317371
5.731389
5.340371
5.218953
5.692723
5.605370
5.662645
5.719113
5.784070
5.375293
5.290769
5.071069
5.815528
5.483765
6.020170
6.103287
5.638860
5.327681
5.577989
5.536777
5.160488
5.172957
5.394762
5.665903
5.544605
5.357591
5.368157
5.002141
4.854095
5.206351
5.764539
5.392634
5.524389
5.663216
5.187680
4.861061
5.090038
5.035837
5.436392
5.406886
5.247033
5.389805
5.145878
5.006776
5.625878
5.715627
5.369678
5.391796
5.444766
5.388559
5.849786
5.793371
5.527036
5.191663
5.502603
5.492545
5.624006
5.326362
5.478370
5.439341
5.002084
5.003942
4.876626
5.165985
5.345064
5.171217
5.249808
5.180272
5.167150
5.442844
5.472553
5.704787
5.435422
5.078416
5.048295
5.634630
5.160163
5.115238
5.185053
5.155539
5.517796
5.540952
5.473925
5.294940
4.933379
5.009064
5.276185
5.493816
5.203504
5.171999
5.282158
5.018485
4.865517
5.093848
5.477296
5.985310
5.914120
5.653298
5.478202
5.048825
5.153642
5.450886
5.179606
5.603678
5.512137
5.472810
5.622998
5.373488
5.689754
5.270115
5.217149
5.261875
5.399189
5.568417
5.100191
5.374171
5.380761
5.715180
5.338764
5.301726
5.617747
5.402211
5.544178
5.629077
5.615206
5.398016
5.337788
5.438200
5.249010
5.171705
5.323946
5.351950
5.507357
5.693720
5.411471
6.177053
5.889323
5.732390
5.291852
5.249743
5.148061
5.475066
5.542485
5.408302
5.353220
5.312331
5.125089
5.288786
5.489646
5.380903
5.390583
5.731355
5.571534
5.561472
5.615419
5.497980
4.953265
5.163516
5.362865
5.100672
5.181993
5.163618
4.928974
4.992248
5.072809
5.086052
5.254399
5.365375
5.597421
5.374223
5.296013
5.459252
5.415338
5.644266
5.755625
5.233607
5.648616
5.494430
5.490015
5.260555
5.030172
5.236153
5.224191
5.177424
5.401841
5.875555
5.671933
5.766415
5.756580
5.665509
5.450297
5.373115
5.506717
5.536040
5.703850
5.264508
5.011420
4.979020
5.367601
5.111339
5.663520
5.551642
5.660977
5.280126
5.191754
5.176494
5.131985
5.024389
5.051227
5.177790
5.280483
5.574142
5.614699
5.637998
5.147449
5.315230
5.271375
5.446720
5.446767
5.725556
6.078560
5.453926
5.377245
5.827805
5.731309
5.770657
5.629626
5.771850
5.745586
5.698701
5.681690
5.708279
5.472247
5.044178
5.262816
5.418947
5.636889
5.562918
5.622039
5.202859
5.229680
5.259881
5.622549
5.549317
5.401850
5.707571
5.393142
5.195409
5.201256
5.292227
5.437795
5.540988
5.356373
5.698563
5.463592
5.770625
5.618562
4.980688
5.357935
5.553268
5.339356
5.364767
5.674270
5.575160
5.713105
5.122945
5.329728
5.781099
5.709862
5.453999
5.277032
4.974458
5.153346
5.178287
4.992010
5.200772
5.381585
5.375116
5.505305
5.803663
5.468964
5.231253
5.548546
5.262303
5.210275
5.048401
5.280746
5.092661
4.851752
4.740373
4.923540
5.110923
5.085822
5.344001
5.325963
5.425577
5.315250
5.129304
5.290932
5.521083
5.302201
5.120154
5.421421
5.195389
5.449950
5.895872
5.899188
5.513016
5.414860
5.766163
5.718127
5.366863
5.702974
5.825307
5.591334
5.513184
4.985355
5.272165
5.431107
5.044418
5.401736
5.292767
5.742580
5.202865
5.410593
5.344096
5.245007
5.175387
5.156920
5.301267
5.376640
5.413088
5.289609
5.578590
5.620691
5.843523
5.697839
5.631180
5.710008
5.758522
5.326339
4.939572
5.514332
5.513916
5.293793
5.422269
5.841897
5.740500
5.483359
5.534511
5.492051
5.555920
5.678140
5.591045
5.278466
5.252744
5.176604
5.625693
5.805736
5.660995
5.616105
5.473572
5.316159
5.252292
5.468864
5.459979
5.617902
5.659975
5.358446
5.426456
5.541856
5.612736
5.506263
5.213871
5.068762
5.313852
5.420722
5.064245
4.843569
4.971862
4.854800
5.698057
5.516131
5.597261
5.553903
5.787066
5.383705
5.299663
5.195178
5.564897
5.268249
5.232424
5.036661
5.392940
5.225828
5.192301
5.539885
5.426654
5.519556
5.290061
5.308999
5.221903
5.277981
5.258130
5.313134
5.321193
5.252160
5.141944
5.060124
5.278423
5.142189
5.198752
4.942235
4.957830
5.067266
5.117557
5.160455
5.595619
5.752823
5.968829
5.873136
5.595867
5.296181
5.892773
5.680123
5.976725
5.896735
5.493939
5.531830
5.516036
4.920760
5.015139
5.214533
5.370675
5.638032
5.346755
5.550253
5.545308
5.560002
5.413573
5.176456
5.327006
5.422078
5.425597
5.463511
5.230823
5.328306
5.313112
5.378066
5.226097
5.329489
5.349402
5.123295
5.123706
5.195876
5.339187
5.634425
5.308650
5.330421
5.198424
5.112952
5.023540
4.957795
5.567821
5.542354
5.406764
5.455659
5.294244
5.598942
5.534327
5.198860
5.407609
5.473953
5.467476
5.334247
5.284472
5.438989
5.376978
5.357153
5.362568
5.792181
5.791094
5.615568
5.685641
5.389978
5.503939
5.516757
5.459759
5.176187
5.091809
4.690550
4.915716
4.776919
4.921464
5.342901
5.219219
5.173516
5.260803
5.218843
5.356691
5.482885
5.407032
5.525448
5.223023
5.656344
5.405585
5.329095
5.471205
5.297537
5.161964
5.183448
5.205964
5.258844
5.529664
5.442212
5.573861
5.672790
5.877662
5.731640
5.519596
5.433648
5.528021
5.493078
5.009393
4.869080
4.765681
4.778196
5.094928
5.169132
5.226694
4.882742
5.045109
5.118744
5.182186
5.394061
5.545886
5.195191
5.240642
5.352479
5.702968
5.650803
5.197269
5.186429
5.586997
5.567293
5.614115
5.267030
5.013480
5.205159
5.280534
5.482899
5.246206
5.230601
5.204204
5.831053
5.733893
5.909108
5.585018
5.054610
5.133983
5.075996
5.400401
5.555712
5.391197
5.312175
5.670086
5.489598
5.354983
5.708685
5.070877
5.222250
5.358825
5.428759
5.174876
5.118020
5.182225
5.615172
5.208930
5.184122
5.377424
5.478854
5.463914
5.459440
5.446874
5.276978
5.561573
5.178477
5.289947
5.367018
5.415480
5.316017
5.289120
5.417647
5.438010
5.160851
5.547684
5.589727
5.450443
5.313766
5.362687
5.401335
5.549715
5.137038
5.267735
5.345319
5.495171
5.315613
5.393013
5.410059
5.255895
5.168760
5.140657
5.205535
5.319674
5.423872
5.529107
5.722148
5.528416
5.651166
5.354771
5.481678
5.402242
5.368535
4.997296
4.900600
4.973838
5.384025
5.516841
5.510259
5.190306
5.148941
5.355765
5.115512
5.016556
5.359079
5.761777
5.436919
5.466465
5.854218
5.663730
5.469616
5.834623
5.458704
6.054462
5.800470
4.953551
5.469908
5.691601
5.394714
5.293940
5.516529
5.230680
5.517636
5.698780
5.394075
5.167620
5.222577
5.546581
5.174926
5.334377
4.982868
4.893931
5.055650
5.237332
5.355719
5.376727
5.684916
5.462013
5.455723
5.795849
5.344358
5.365915
5.369823
5.617736
5.180694
5.366958
5.435939
5.046837
5.169238
5.064400
5.289209
5.371517
5.414863
5.444426
5.809580
5.823131
5.733260
5.686856
5.404528
5.563031
5.431973
5.704455
5.534937
5.687130
5.727565
5.603638
5.204961
5.192139
5.480299
5.666347
5.737913
5.597946
5.575171
5.521282
5.600594
5.266061
5.547326
5.618594
5.237644
5.399735
5.533566
5.660396
5.524666
5.635147
5.486829
5.208529
5.117044
5.306782
5.099144
5.520260
5.362699
5.924428
5.360718
5.342078
5.320937
5.213797
5.447340
5.209890
5.050875
5.427391
5.284150
5.501923
5.360521
5.133789
4.902831
5.296232
5.214447
5.195386
5.051012
5.232409
5.211401
5.106249
5.279713
5.020254
5.020100
5.128161
5.278117
5.273364
5.420416
5.179590
5.603717
5.772461
5.760899
5.777614
5.545988
5.742154
5.347656
5.473631
5.507622
4.783883
5.007747
5.195052
5.384469
5.410809
5.703580
5.734915
5.742794
5.854126
5.538049
5.432880
5.364675
5.431047
5.252719
5.249906
5.210671
4.888913
4.964728
5.299097
5.449886
5.626923
5.630507
5.357878
5.212866
5.528379
5.713679
5.418638
5.738373
5.312579
5.487562
5.325097
5.622984
5.163143
5.729767
5.388523
5.094910
5.055100
5.326115
5.230544
5.497739
5.662593
5.430295
5.287497
5.599679
5.469314
5.410081
5.698434
5.412772
5.295657
5.391918
5.305890
5.096346
5.326132
5.258406
5.336905
5.678651
5.459074
5.514207
5.528531
5.770229
5.632350
5.901898
5.878933
5.537059
5.962130
5.804573
5.754504
6.018371
5.532422
5.634344
5.584113
5.483716
5.481948
5.158512
5.153032
5.211772
5.322141
5.230352
5.281793
5.206842
5.373052
5.527090
5.478651
5.492837
5.631981
5.416924
5.259117
5.717818
5.778027
5.942801
5.432249
4.816097
5.026015
5.457596
5.588002
5.570345
5.567155
5.389323
5.653949
5.516766
5.271568
5.492895
5.406865
5.787913
5.834414
5.978424
5.587222
5.201695
5.120838
4.999798
4.865624
5.009887
5.282332
5.452947
5.401249
5.736453
5.344640
5.356829
5.383563
5.314663
5.273095
5.268068
5.371340
5.325432
5.405827
5.678037
5.774358
5.522969
5.525219
5.643974
5.516073
5.129405
5.293292
5.433475
5.479928
4.807719
4.635400
4.956279
5.616925
5.397120
5.120885
5.343989
5.222934
5.295071
5.047916
5.358980
5.642320
5.487816
5.511446
5.499659
5.525706
5.350416
5.842781
5.922195
5.667803
5.608852
5.296474
5.579270
5.605714
5.632462
5.512299
5.156716
5.523510
5.299397
5.539162
5.619542
5.641700
5.511501
5.574113
5.315825
5.208755
5.481217
5.082261
5.264951
4.911958
5.029063
5.036861
5.093854
5.202448
5.389907
5.343090
5.483070
5.444851
5.484947
5.608722
5.532568
5.538583
5.570586
5.397012
5.386528
5.660838
5.668712
5.235138
5.287090
5.407154
5.405745
5.471751
5.735282
5.703179
5.371144
5.482041
5.639893
5.628673
5.236420
5.387497
5.827197
5.627705
5.683332
5.283987
5.386114
5.321713
5.344903
5.318880
5.187343
5.230906
5.349793
5.250318
5.094368
4.903836
4.954139
4.968967
5.109507
5.040636
5.154368
5.428517
5.620233
5.469641
5.483951
5.901666
6.061917
5.841319
5.562609
5.833327
5.587341
5.481833
5.209363
5.172999
5.467987
5.403304
5.343690
4.974759
5.099259
5.162275
5.233023
5.339526
5.550959
5.321954
5.230738
5.122506
5.389204
5.459069
5.720655
5.733141
5.293392
5.148332
5.348057
5.355655
5.254373
5.377289
5.411971
5.673664
5.448681
5.546052
5.429602
5.501126
5.091536
5.240108
5.135963
5.365732
5.434973
5.605021
5.624365
5.482465
5.359881
5.223780
5.576741
5.465399
5.390305
5.850884
6.068605
5.881722
5.863385
5.764045
5.723672
5.639374
5.257050
5.040837
5.199045
5.073026
5.280523
5.298774
5.461147
5.536547
5.539884
5.354977
5.426683
5.351661
5.075112
5.247308
5.262259
4.841081
5.116019
5.209605
5.209519
5.141485
5.427891
5.105015
5.479781
5.746348
6.364090
6.044055
5.636206
5.300825
5.678617
5.439375
5.503677
5.513125
5.487551
5.408764
5.362559
5.575815
5.520606
5.287712
5.151680
5.461037
5.604635
5.684590
5.599498
5.592524
5.330501
5.159817
5.489309
5.051091
5.177798
5.341137
5.464676
5.614362
5.331940
5.371146
5.428829
6.329827
5.816125
5.472067
5.126772
5.081237
5.180246
5.212486
5.265418
5.484925
5.859477
5.600033
5.419174
5.467207
5.703980
5.579431
5.786319
5.561734
5.434375
5.325931
5.058636
5.241042
4.983547
5.396228
5.490787
5.493843
5.637784
5.471753
5.672178
5.427185
5.277629
5.207580
5.168515
5.377311
5.389828
5.441034
5.195507
5.384667
5.630107
5.738929
5.276236
5.341219
4.986211
5.149554
5.677647
5.089777
4.979340
4.820585
5.281157
5.489015
5.547060
5.667334
5.643709
5.561906
5.504505
5.483606
5.391999
5.139281
5.195458
5.140344
5.514993
5.520426
5.240312
4.988299
4.946570
4.926848
5.287914
5.602767
5.669595
5.742170
5.850998
5.563310
5.650514
5.573591
5.247105
5.587714
5.394800
5.340024
5.567951
5.468979
5.629455
5.621842
5.539215
5.568898
5.639580
5.631429
5.371273
5.387141
5.213461
5.422262
5.702966
5.756087
5.601298
5.699912
5.717746
5.568532
5.398536
5.374262
5.436584
5.631080
5.628596
5.465693
5.140402
5.587446
5.459395
5.714622
5.670938
5.555009
5.484117
5.687977
5.902031
5.372388
5.586173
5.447435
5.490761
5.435860
5.402995
5.479637
5.143428
4.982296
4.796762
5.229571
5.363661
5.272201
5.459156
5.538398
5.148746
5.548435
5.649270
5.790936
5.515175
5.537531
5.598765
5.645338
5.249916
5.331943
5.344391
5.445548
5.659154
5.470806
5.817688
5.329741
5.496769
5.564436
5.235508
4.958949
4.490080
4.691968
5.001819
5.400830
5.327413
5.192711
5.142415
5.235838
5.247871
5.665662
5.029140
5.025325
5.158787
5.122845
5.131265
5.440445
5.445618
5.464543
5.852394
5.837278
5.447271
5.704639
6.086091
5.767972
5.673990
5.549774
5.723641
5.363249
5.384566
5.185026
5.402956
5.669673
5.761349
5.541235
5.415030
5.154009
5.367072
5.444079
5.105679
5.302007
5.518363
5.098449
5.284591
5.241784
5.532174
5.702337
5.444093
5.584962
5.328382
5.541351
5.692480
5.559559
5.454562
5.485988
5.271533
5.332694
5.164617
5.361942
5.367284
4.979011
5.097852
5.063838
5.108877
5.234443
5.312042
5.539403
5.516531
5.128367
5.258751
5.267390
5.112057
5.420467
5.530573
5.361657
5.319050
5.665665
5.847624
5.744006
5.910179
5.712287
5.736269
6.086003
5.568033
5.643734
5.650978
5.415363
5.313321
5.213221
5.500200
5.126386
5.228520
5.279296
5.496820
5.750020
5.487612
5.582423
5.538976
5.242461
5.225323
5.476265
5.386308
5.463189
5.658165
5.664995
5.744135
5.656887
5.578895
5.527017
5.671704
5.521965
5.488827
5.386351
5.394857
5.717724
5.782957
5.574176
5.678776
5.762022
5.587220
5.091040
5.463732
5.395679
5.703288
5.663916
5.481183
5.778664
5.801235
5.610169
5.536340
5.680048
5.737697
5.336487
5.578663
5.471428
4.912887
5.226158
5.109072
5.187002
5.180288
5.241237
5.489075
5.058211
5.814108
5.934439
6.092565
5.556686
5.140821
5.360763
5.205166
4.862062
4.805187
5.292224
5.248761
5.025809
5.337927
5.269407
4.992883
4.755206
4.870252
5.387254
5.383585
5.641413
5.953946
5.964365
6.049834
5.930895
5.546202
5.278524
5.589519
5.355517
5.548767
5.433055
4.989036
5.244713
5.066625
5.277694
5.057923
5.167438
5.262706
5.264958
5.131240
5.300540
5.177928
5.235138
5.447598
5.279035
5.443780
5.322121
5.498205
5.234390
5.226657
5.270835
4.957047
5.400156
5.697002
5.666282
5.412623
5.552085
5.388746
5.449805
5.526500
5.545676
5.212835
5.224097
5.461086
5.379370
5.038257
5.009011
5.476327
5.617613
5.637296
5.289150
5.620411
5.853307
5.775977
5.274157
5.208833
5.040851
4.920289
5.235537
5.307461
5.524890
5.889952
5.633830
5.177327
5.485019
5.509048
5.229553
5.382845
5.418366
5.734752
6.144324
5.976162
5.854706
5.628146
5.541887
5.509051
5.548356
5.166752
5.094703
5.226202
5.154005
5.022731
5.337854
5.221250
5.317535
5.693627
5.467855
5.353713
5.128217
5.422714
5.456039
5.380240
5.342762
5.353803
5.489684
5.368351
5.402233
5.454092
5.627280
5.344853
5.676746
5.904065
5.703796
5.789046
5.958377
5.794364
5.822686
5.902805
6.003307
5.718330
6.213992
5.620629
5.814394
5.647757
5.365399
5.107265
4.976440
4.952581
5.195263
5.389690
5.252212
5.068894
5.322151
4.958139
5.379833
5.451767
5.542341
5.262184
5.778225
5.308297
5.589363
5.882040
5.423315
5.236879
5.416987
5.246674
4.883035
5.031970
4.959267
5.305002
5.604231
5.348110
5.511912
5.203188
5.417369
4.905976
5.464837
5.525101
5.407129
5.517914
5.105697
5.353857
5.258435
5.397060
5.863844
5.780191
5.551354
5.249199
5.333494
4.906361
4.932420
4.979846
4.962516
4.741667
5.135434
5.635721
5.594580
5.609080
5.682418
5.579088
5.198529
5.527916
5.396459
5.314831
5.532877
5.279742
5.098661
5.461223
5.683292
5.775308
5.306759
5.164865
5.456380
5.337134
5.431925
5.584569
5.408406
5.737432
5.618028
5.788804
5.186169
4.999799
5.121951
5.434260
5.585370
5.165575
5.441945
4.869573
5.235772
5.310111
5.301886
5.658809
5.747743
5.365324
5.502359
5.334174
5.505433
5.314593
5.602991
5.292531
5.246699
5.671435
5.648170
5.722837
5.518593
5.390608
5.479816
5.361193
5.673412
5.813808
5.566602
5.367698
5.283465
5.380605
5.641847
5.540425
5.635093
5.528761
5.216302
5.253762
5.405223
5.383902
5.364611
5.404142
5.437981
5.522686
5.643588
5.473884
5.299425
5.422482
5.417114
4.982646
5.288997
5.196310
5.056860
5.111560
5.548189
5.265047
5.501684
5.130237
5.305789
5.202154
5.250936
5.081317
5.213603
5.267642
5.383864
5.423457
5.268968
5.485486
5.427744
5.247207
5.317993
5.829570
5.553703
5.421024
5.358489
5.024856
5.154308
5.167896
5.016131
5.204632
5.390504
5.302557
5.467205
5.669416
5.706119
5.722920
5.765554
5.704956
5.528783
5.636230
5.448037
5.082461
4.780051
5.061995
5.075730
5.203234
5.585376
5.370483
5.175724
5.201719
5.693163
5.418477
5.300145
5.304121
5.295455
5.507721
5.829790
6.014905
5.558448
5.674303
5.966334
6.136002
5.920486
5.832591
5.402270
5.663561
5.595343
5.965713
5.997512
5.896943
5.434517
5.122853
5.156008
4.728687
5.247168
5.256658
5.181304
5.233433
5.632465
5.338601
5.247713
5.172421
5.103583
4.916494
5.298203
5.385434
5.573436
5.394127
5.410546
5.696472
5.964326
5.724309
5.258817
5.067333
5.404838
5.602715
5.607911
5.661257
5.920985
5.747248
5.661831
5.788476
5.431801
5.096026
5.271317
5.209559
5.198149
5.553666
5.504197
5.896258
5.609179
5.159288
5.460205
5.647401
5.628550
5.601403
5.600683
5.517444
5.507186
5.215276
5.346358
5.643640
5.620235
5.103759
5.418336
5.591559
5.101005
5.309801
5.279943
5.222035
5.332000
5.318867
5.562115
5.408619
5.498806
5.698033
5.792022
5.572447
5.223027
5.315361
4.972616
5.314489
5.245881
5.322826
5.250561
5.012121
5.237612
5.266039
5.399499
5.478407
5.347342
5.089581
5.167079
5.167238
5.537339
5.413019
5.801546
5.565147
5.659246
5.626327
5.307328
5.288545
5.466929
5.776163
5.905942
5.595802
5.645208
5.460114
5.666737
5.495747
5.455168
5.233509
5.461083
5.719150
5.317708
5.108261
5.132345
5.652146
5.794806
5.431569
5.577991
5.277396
5.136353
5.314533
5.005737
5.169621
4.931570
4.908123
5.016290
5.484751
5.287424
5.391962
5.288744
5.220141
5.432378
5.125933
5.221074
5.120325
5.275922
5.118887
4.839079
5.040781
5.069103
5.047823
5.198296
5.220050
5.459376
5.336321
5.681128
5.575553
5.562323
5.534921
5.467525
4.983308
5.110892
5.352085
5.391658
5.698247
5.636774
5.304321
5.232292
5.301249
5.390600
5.241282
5.302498
5.519791
5.534827
5.696276
5.513942
5.517726
5.503675
5.478884
5.415067
5.530457
5.530441
5.238017
5.257957
5.249781
5.058705
5.225627
4.756837
4.907502
5.027941
5.040665
5.066403
4.658174
4.633297
5.039303
5.352708
5.332674
5.304179
5.710440
5.380399
5.189894
5.489644
5.238896
5.233498
5.225726
5.420099
5.518951
5.291952
5.167037
5.356815
5.614386
5.327621
5.537530
5.552887
5.249228
5.478882
5.311073
5.197414
5.264091
4.983748
5.295944
5.033731
4.988551
5.559256
5.551856
5.488523
5.499577
5.621987
5.199737
5.115528
5.274778
5.295658
5.216648
4.732857
4.866872
5.312494
5.392621
5.175109
5.200254
5.836344
5.757011
5.509302
5.358639
5.195139
5.350385
5.403981
5.717848
5.413866
5.446076
5.280693
5.556958
5.713028
5.628773
5.419446
5.527239
5.726686
5.451934
5.422886
5.163458
5.406348
5.316797
5.595084
5.496538
5.479715
5.249359
5.501854
5.485760
5.401817
5.384210
5.434617
5.542309
5.552831
5.189255
5.717593
5.638622
5.752815
5.415189
5.276050
5.100871
5.490189
5.608060
5.664712
5.395161
5.480242
5.161677
5.695726
5.627262
5.828855
5.822445
5.757144
5.598438
5.511497
5.206796
5.494133
5.403149
5.249424
5.131439
5.578803
5.512790
5.546923
5.617093
5.877746
5.421437
5.543604
5.456951
5.435567
5.403629
5.326557
5.070565
5.133443
5.421525
5.202099
5.055308
5.470473
5.937803
5.613007
5.675926
5.335318
5.392465
5.659239
5.442672
5.876706
5.703007
5.528878
5.553505
5.656811
5.384692
5.025581
4.896931
5.068300
5.123506
4.870644
5.279662
5.354127
5.503868
5.514549
5.271875
5.812744
5.663873
5.654465
5.605708
5.981595
4.799373
5.154556
4.957782
4.829592
4.995034
5.069813
5.077497
5.361696
5.416829
5.369357
5.528902
5.365377
5.218765
5.601564
5.346236
5.145416
5.519084
5.204510
5.218640
5.438335
5.649348
5.505792
5.504794
5.367178
5.374958
5.719191
5.960261
5.746759
5.507821
5.485641
5.625282
5.608540
5.508091
5.299777
5.346952
5.594137
5.759398
5.693752
5.617902
5.541204
5.373955
5.470151
5.690502
5.690454
5.567755
5.444280
5.462034
5.428427
5.448866
5.495133
5.293944
5.824349
5.834022
5.441088
5.770763
5.940924
6.055003
6.057516
5.300120
5.352948
5.500253
5.150708
4.950064
5.145744
5.254876
5.152040
5.141781
5.164533
5.325928
5.300387
5.606754
5.376518
5.547926
5.211374
4.947360
5.440305
5.532078
5.702385
5.577964
5.215812
5.283157
5.320515
5.840155
5.600263
5.365850
5.491534
5.505998
5.702428
5.364799
5.226462
5.055571
5.113319
5.044606
5.308698
5.252686
5.184987
5.442142
5.601748
5.394967
5.535907
5.293595
5.133940
5.504458
5.690827
5.874394
5.473117
5.238112
5.497222
5.558885
5.258364
5.187884
5.083594
4.984809
5.198966
5.386250
5.422153
4.820987
5.128705
5.198093
5.023578
4.953908
5.266150
5.154040
5.529799
5.288956
5.080426
5.316971
5.348780
5.153936
5.392276
5.339951
5.315486
5.222259
5.397668
5.431664
5.546867
5.529928
5.494225
5.123086
5.470623
5.330831
5.443940
5.636811
5.701335
5.469316
5.702881
5.797202
5.552188
5.492854
5.370011
5.259281
5.429478
5.900433
5.645636
6.055990
5.558448
5.522242
5.390619
5.297206
5.435899
5.337655
5.221621
5.293537
5.117955
4.788549
4.992507
5.106709
5.107284
5.509104
5.477751
5.562816
5.728837
5.755785
5.642658
5.292394
5.244537
5.403551
5.600072
5.574541
5.531732
5.462235
5.455137
5.677930
5.502907
5.802747
5.604625
5.396024
5.487086
5.723117
5.671877
5.795945
5.788394
5.422984
5.487226
5.381506
5.114715
5.598471
5.179763
5.161221
5.357112
5.708528
5.294897
5.357220
5.228179
4.634095
5.022284
4.997053
4.883489
4.890036
5.097349
5.043688
5.076404
5.110762
5.246661
5.396488
5.403343
5.430752
5.310189
5.345630
5.322869
4.843390
5.030262
5.483823
5.368896
5.419314
5.295502
5.376858
5.367755
5.230039
5.251864
5.085566
4.865242
5.184717
5.080095
4.919843
5.443905
5.379642
4.777740
5.210342
5.094199
5.367692
5.638479
5.780578
5.740217
5.799533
5.877171
5.573184
5.674257
5.926977
5.534325
5.480791
5.805332
5.605782
5.331283
5.234572
5.249544
5.176575
5.664242
5.142018
5.550155
5.488818
5.306460
5.196449
5.281918
5.377416
5.542503
5.895702
5.844286
5.485620
5.379665
5.381204
5.651327
5.612503
5.615441
5.812903
5.672293
5.383753
5.491590
5.088538
5.372906
5.197530
4.862705
4.615455
4.654844
4.759429
5.107802
5.232227
5.259227
5.284820
5.412798
5.273697
5.498325
5.502524
5.279476
5.091867
5.126780
5.053309
5.265850
5.546655
5.297652
5.245633
5.181975
5.353187
5.153972
4.959566
5.091028
5.222467
5.432368
5.329107
5.453243
5.718722
5.592111
5.389883
5.108267
5.251723
4.934882
5.073093
5.367895
5.358863
5.823169
5.734647
5.868145
5.611576
5.301996
5.304293
5.726689
5.509876
5.293904
5.660859
5.840680
5.818302
5.508733
5.301660
5.469668
5.423876
5.622641
5.791210
5.543869
5.565951
5.424954
5.753276
5.704771
5.355779
5.015912
4.987376
4.887155
5.295325
5.443548
5.695150
5.445835
5.489878
5.379700
5.388071
5.168008
5.327891
5.457628
4.913474
5.245327
5.418046
5.636890
5.512432
5.609204
5.290102
5.220879
5.192785
5.164352
5.832980
5.452206
5.637678
5.065613
5.036516
5.066410
5.133762
5.666894
5.348093
5.538608
5.089699
5.292647
5.392112
5.609017
5.637907
5.439817
5.803002
5.933359
5.010875
5.490071
5.172001
5.159028
4.984903
5.244306
5.382033
5.269907
5.045942
4.911101
4.832755
5.245704
5.432820
5.212811
5.538114
5.679931
5.780395
5.638672
5.507267
5.639435
5.594082
5.236986
5.619722
6.091545
5.734084
5.507670
5.183961
5.276520
4.969657
5.611822
5.543443
5.375819
5.482599
5.023989
5.146558
5.427460
5.326655
5.348490
5.315950
5.619817
5.787863
5.461197
5.708333
5.609356
5.445452
5.640903
5.278234
5.184000
5.224028
5.577741
5.688846
5.376592
5.258571
5.236523
5.682140
4.717994
5.226953
5.451899
5.380312
5.182610
5.298901
5.041084
5.138793
5.392999
5.781149
5.639189
5.576703
5.960645
5.875323
5.464548
5.534564
5.506071
5.227641
5.254118
5.318165
5.200487
5.030033
5.121051
5.124695
5.745054
5.354802
5.378829
5.347383
5.255059
5.288435
5.459662
5.507955
5.441744
5.437181
5.704575
5.598815
5.642353
5.442261
5.759024
5.648083
5.532781
5.229326
5.227499
5.354142
5.023731
5.379944
5.386062
5.483236
5.689899
5.352489
4.915818
5.295143
5.308585
5.389723
5.059447
5.136211
4.945660
5.231989
5.517630
5.670796
5.478285
5.658868
5.445892
5.603199
5.503635
5.832785
6.180558
6.446571
5.996494
5.767816
5.617933
5.809412
5.499708
5.575577
5.282441
5.380021
5.188222
5.184264
5.535439
5.516286
5.526929
6.012861
5.862834
5.845217
5.872191
5.808797
5.637543
5.470523
5.614200
5.391492
5.195247
5.327555
5.425943
5.440815
5.796939
5.396279
5.029295
5.216555
5.261458
5.356792
5.160527
5.082082
5.253707
5.251209
5.430297
5.223794
5.455910
5.160116
5.276040
5.423586
5.284662
5.451185
5.352615
5.411273
5.386631
5.578358
5.230220
5.279345
5.205072
5.641331
5.727889
5.650610
5.346212
5.747448
5.825599
5.432612
5.325837
5.086224
4.883587
4.883268
4.937361
5.182568
5.116611
5.305959
5.738548
5.896027
5.791069
5.632522
5.624942
5.509606
5.435287
5.212495
5.734294
5.576654
5.577991
5.466021
5.271226
5.413821
5.290517
4.909561
5.083778
5.143067
5.346881
5.530333
5.790305
4.959410
5.133010
5.512748
5.502703
5.371824
5.415238
5.389246
5.481240
5.645311
5.769705
5.545162
5.681342
5.413430
5.545547
5.125663
5.085761
5.605517
5.534177
5.263267
5.144709
5.410921
5.707712
5.990686
5.523901
5.426965
5.199243
5.336978
5.437974
5.348068
5.547761
5.685684
5.521932
5.634283
5.468327
5.360882
5.436639
5.438512
5.364533
5.588043
5.460282
5.322338
5.630026
5.500067
5.517422
5.328734
5.598161
5.290676
5.348133
5.322305
5.211548
5.091693
5.241792
5.226903
5.282691
5.416014
5.335110
5.410407
5.217827
5.136581
5.501935
5.873753
5.277798
5.150537
5.225292
5.448852
5.435102
5.545618
5.605760
5.667529
5.582483
5.638984
5.746570
5.686349
5.722996
5.592667
5.489592
5.397948
5.208791
5.475273
5.571942
5.321272
5.272469
5.614242
5.349134
5.859630
5.898965
5.402614
5.230424
5.845137
5.954115
5.453930
5.474365
5.519745
5.468341
5.196938
5.378319
5.431092
5.544155
5.455229
5.450870
5.382554
5.536178
5.514111
5.216161
5.385364
5.690229
5.453467
5.649903
5.791100
5.270331
4.983277
5.135715
5.380670
5.428996
5.355410
5.216844
5.326357
5.402380
4.869307
5.105277
5.190119
5.179254
5.372396
5.618686
5.619645
5.219246
5.111273
5.399029
5.533407
5.528990
5.971675
5.774287
5.583089
5.511767
5.282946
5.497940
5.213672
5.455628
5.185516
4.965647
5.008512
5.416894
5.490428
5.437702
5.079173
5.074290
5.094825
5.396706
5.039491
5.013942
5.208322
5.165626
5.066299
5.130468
5.246737
5.235323
5.197540
5.648392
5.397571
5.099383
4.959408
5.079463
5.010296
5.140150
5.470968
5.260797
5.198654
5.343106
5.324704
4.987211
4.929580
5.097257
5.153333
5.304034
5.168990
5.398371
5.234823
5.295827
5.515205
5.305689
5.315510
5.391686
5.196385
5.486455
5.420163
5.280140
5.212773
5.345590
5.068747
5.262367
5.656181
5.723192
5.731333
5.456087
5.535647
5.443171
5.287917
5.304479
5.289343
5.577920
5.504544
5.511385
5.382105
5.078651
4.929660
5.063554
5.274988
5.713758
5.836481
5.929358
5.697240
5.692713
5.444326
5.496501
5.418299
5.411290
5.490026
5.738014
5.670254
5.493654
5.186608
4.924282
5.019303
4.739317
5.027146
5.199786
5.458043
5.180560
5.435670
5.335809
5.450977
5.508847
5.208707
4.987831
4.895470
5.174940
5.695331
6.041240
5.950651
5.615694
5.949588
6.021759
5.822964
5.674568
5.223099
5.251703
5.506597
5.467829
5.461532
5.721059
5.621791
5.389748
5.169578
5.583035
5.551221
5.834932
5.379345
5.453131
5.475143
5.597750
5.490291
5.517060
5.854164
5.615386
5.587534
5.233376
5.124513
5.273595
5.164479
5.102804
5.093204
5.221405
5.398298
5.446041
5.712440
5.412264
5.643844
5.461500
5.446404
5.641828
5.700242
5.530862
5.588050
5.419585
5.478068
5.345341
5.118120
5.525313
5.270918
5.405836
5.706694
5.731543
5.897082
5.457733
5.408249
5.334804
5.460638
5.466673
5.566877
5.035702
5.072234
5.189958
5.169950
5.291174
5.591243
4.975181
5.216508
5.084835
5.677894
5.547919
5.400829
5.639139
5.328385
5.456697
5.475108
5.370745
5.225839
5.298303
5.410947
5.868905
5.874777
6.062787
5.745074
5.772655
5.521953
5.507377
5.391757
4.861764
5.697878
5.292253
5.276030
5.390987
5.539678
5.653715
5.516188
5.411060
5.412339
5.003003
5.215552
5.004146
5.320863
5.596039
5.814156
5.788190
5.398287
5.294127
5.244805
5.077151
5.110858
5.105617
5.342563
5.566314
5.623051
5.487192
5.484923
5.581018
5.465083
5.336611
5.518711
5.344327
5.664155
5.964291
5.864172
5.569343
5.246721
5.245870
5.299845
5.271865
5.132289
5.322163
5.310782
5.102279
5.282562
5.106188
5.135641
5.400614
5.128748
5.110472
5.137178
5.186858
5.611117
5.464418
5.283699
4.957759
4.911819
4.735302
4.859059
5.144344
5.244985
5.244854
5.717449
5.747253
5.727897
5.679173
5.281888
5.047661
4.828680
5.217764
5.031675
5.018893
5.156538
5.223186
5.387759
5.339607
5.543849
5.158089
4.685437
4.914567
4.899832
4.785342
5.357848
5.256780
4.918727
4.866829
5.307746
5.168793
5.063609
5.209782
5.251570
4.998373
5.242905
5.306904
5.232061
5.371040
5.135058
5.101740
5.153380
5.326405
5.145752
5.580053
5.297278
5.622227
5.129397
5.045562
5.342822
5.132153
5.428843
5.554883
5.637478
5.403498
5.588843
5.500499
5.417960
5.488187
5.532118
5.206126
5.438740
5.474274
5.382659
5.242433
5.228037
5.713671
5.217814
5.227412
5.251468
5.406629
5.528794
5.770172
5.798038
5.612979
5.610085
5.505058
5.300400
5.338305
5.366810
5.257823
5.589947
5.322258
5.300066
5.730854
5.569387
5.287283
5.150251
5.152607
5.130155
5.433922
5.192966
5.304936
5.359060
5.646855
5.587698
5.644163
5.353907
5.328497
4.982163
5.046794
5.112106
5.219003
5.245919
5.139930
5.317499
5.065981
5.639632
5.361645
4.993383
5.167452
5.148659
5.289502
5.573221
5.627487
5.257791
5.243747
5.362746
5.638218
5.802651
6.086742
5.823836
5.769074
5.360880
5.443842
5.171229
5.152457
5.394333
5.116719
5.238419
5.629726
5.418733
5.521109
5.532242
5.640614
5.442057
5.599298
5.273877
5.396247
5.433036
5.149772
5.312059
5.681487
5.450025
5.217008
5.028895
5.177608
5.420445
5.176596
5.087494
5.343210
5.760775
5.734281
5.730699
5.400475
5.490468
5.716829
5.419798
5.053728
5.181182
5.239188
5.337163
5.361261
5.370544
5.270032
5.359804
5.648339
5.698601
5.514910
5.094943
4.853937
5.230483
5.426297
5.469709
5.528973
5.764246
5.273469
5.202139
5.580974
5.347328
5.201557
5.468130
5.272482
5.525209
5.649477
5.818836
5.781557
5.667252
5.331041
5.158482
5.272120
5.009355
5.206503
4.945530
5.368131
5.330874
5.523132
5.590082
5.587140
5.498359
5.453933
5.440538
5.007125
5.092779
5.184742
5.583457
5.511108
5.417193
5.344542
5.526168
5.529721
5.448158
5.192382
4.801140
5.141016
5.118317
5.245117
5.450555
5.345154
5.430776
5.410627
5.737072
5.353454
5.367186
5.445727
5.313792
5.559061
5.645061
5.811656
5.440042
5.517189
5.552010
5.156490
5.096099
5.324187
4.884183
5.304059
5.284218
5.179871
5.348784
5.281058
5.320133
5.407155
5.628268
5.453775
5.121931
5.430495
5.091401
5.165986
5.010048
5.114552
4.967524
4.981306
5.128237
5.251044
5.317536
5.343645
5.634307
5.385184
5.630616
5.365359
5.310991
5.267859
5.479304
5.579161
5.536404
5.864224
5.802170
5.527640
5.702366
5.463711
5.167792
5.100141
5.029444
5.333261
5.537403
5.420447
5.455082
5.244429
5.157511
5.254815
5.301001
5.035237
5.269936
5.329473
5.273208
5.141691
5.299402
5.252430
5.630554
5.430960
5.824741
5.291298
5.324345
5.329876
5.521818
5.691774
5.447145
5.539905
5.541415
5.724060
5.606304
5.376685
5.289978
5.435516
5.416013
5.298037
5.522029
5.446498
5.620922
5.441929
5.377962
5.834216
5.764528
5.604562
5.164629
5.244127
4.951012
5.285377
5.407209
5.498119
5.464362
5.398778
5.447644
5.383331
5.610479
5.494981
5.436127
5.996025
5.852960
5.784936
5.535046
5.553695
5.598003
5.551891
6.090167
6.216652
6.199791
5.997664
6.030525
5.431082
5.489073
5.332942
5.435592
5.455865
5.524059
5.897297
5.643010
5.529395
5.543313
5.589638
5.383515
5.304819
5.346820
5.415473
5.516624
5.153249
5.054327
5.151696
5.264255
5.343850
5.556822
5.202292
5.006224
5.059639
5.149892
5.135554
5.259563
5.415839
5.320592
5.318402
5.220377
5.427319
5.150991
4.784570
5.067962
5.161814
4.855869
5.012594
4.822186
4.659436
4.892396
5.059392
4.883600
5.078292
5.048136
5.284847
5.483179
5.502214
5.483943
5.541538
5.439140
5.382239
5.408490
5.212745
5.626843
5.153395
5.411647
5.513488
6.052727
5.825690
5.549949
5.865794
5.742872
5.580300
5.523809
5.775937
5.644818
5.348054
5.433159
5.220392
5.301633
5.097586
5.565275
5.719787
5.544378
5.663376
5.811411
5.358273
5.260481
5.135733
5.228193
5.153942
5.402232
5.439867
5.780547
5.415398
5.405556
5.681151
5.719621
5.206553
5.494488
5.146247
5.335497
5.264492
5.724360
5.811224
5.537831
5.446589
5.828998
5.578491
5.178358
5.414711
5.164694
5.493808
5.357697
5.479580
5.249282
5.216275
5.221048
5.313086
5.436916
5.537437
5.658583
5.457043
5.251511
5.076240
5.034064
5.469753
5.067143
5.148432
5.325687
5.504157
5.618722
6.046827
5.647500
5.816890
6.224219
5.601624
5.930790
5.378749
5.330007
5.155344
5.229645
5.067629
5.281829
5.476745
5.442111
5.108973
5.479953
5.138634
5.382087
5.396951
5.884648
5.699421
5.589805
5.551854
5.407203
5.699685
5.725194
5.603212
5.474131
5.140654
5.699407
5.291085
5.506990
5.277478
5.472044
5.742448
5.621176
5.426884
5.484740
5.284932
5.242376
5.278533
5.482560
5.427629
5.304531
4.826172
5.001427
5.207512
5.044753
5.294313
5.580295
5.325652
5.464213
5.587745
5.130077
5.010689
5.029444
4.909125
5.335900
5.539473
5.798145
5.850722
5.671878
5.648394
5.453949
5.168808
5.176156
5.080760
5.113412
5.280704
5.326959
5.354029
5.602057
5.586936
5.446900
5.648189
5.678867
6.170645
6.102361
5.879255
5.850202
5.790829
5.566696
5.532873
5.625153
5.189816
5.204877
5.083007
5.461184
5.473788
5.537853
5.232697
5.101051
5.087227
5.545883
5.293048
5.562438
5.619635
5.600219
5.335595
5.452290
5.467316
5.322625
5.358806
5.267710
5.246603
4.954092
5.254044
5.638191
5.411304
5.440851
5.471888
5.378396
5.361148
5.395786
5.605705
5.532358
5.775460
5.691969
5.983391
5.860613
5.672710
5.575621
5.557363
5.429334
5.201382
4.905644
5.445704
5.613285
5.649664
5.615527
5.782108
5.298610
5.449324
5.392445
5.095700
5.420271
5.385604
5.910711
5.357538
5.214223
5.496048
5.471303
5.417045
5.360636
5.357516
5.297281
5.087464
4.794107
4.691627
4.932593
5.262086
5.127313
5.302490
5.433347
5.708119
5.616295
5.652372
5.171822
5.462265
5.404522
5.565253
5.622501
5.255489
4.958964
5.462022
5.263436
5.275175
5.310192
5.245849
5.246000
5.390904
5.328123
5.304258
5.572953
5.887885
5.734848
5.416727
5.434192
5.109882
5.233423
4.987904
5.297769
5.497350
5.452357
5.561206
5.729228
5.207748
5.179938
5.552821
5.444683
5.576179
5.456225
5.235980
5.126280
5.235897
5.143206
5.576395
5.413612
5.601567
5.262322
5.339342
5.598700
5.382093
5.135345
5.235084
5.342866
5.207360
5.420021
5.064412
5.060690
4.739426
5.100857
5.574809
5.222663
5.347830
5.251100
5.140027
5.681692
5.665943
5.261915
5.133876
4.956624
5.374798
5.253048
5.353345
5.680850
5.193156
5.579882
5.492176
5.687043
5.615936
5.597758
5.805845
5.775271
5.522600
5.667555
5.362672
4.865175
5.552510
5.543742
5.225946
5.213521
5.332517
5.545551
5.593181
5.606251
5.570439
5.720141
5.654691
5.615370
5.558161
5.911290
5.339827
5.738057
5.654882
5.601489
5.629009
5.809625
5.103146
5.494233
5.930602
6.151520
5.925520
5.568781
5.716551
5.392865
5.593553
5.530941
5.747528
5.375716
5.385874
5.824776
5.246358
5.493863
5.546413
5.591965
5.771519
5.578768
5.837382
5.689169
5.850409
5.270695
5.620713
5.625089
5.878563
5.686244
5.844269
5.662971
5.481802
5.523900
5.313485
5.220845
5.426423
5.623493
5.272136
5.371803
5.556780
5.665864
5.540187
5.080196
5.163768
5.324134
5.439576
5.433844
5.495917
4.993120
5.536245
5.242480
5.321678
5.624995
5.655576
5.442406
5.221891
5.107558
5.225315
5.193816
5.682022
5.751973
5.568933
5.575995
4.637490
4.857302
5.054414
5.291529
5.528661
5.413451
5.248278
5.429195
5.473823
5.559728
5.079811
5.174638
4.897080
4.966084
5.194518
5.466621
5.413649
5.401954
5.689530
5.528667
5.565104
5.445783
5.288368
5.367530
5.630184
5.395713
5.506065
5.359698
5.454249
5.078465
5.015275
5.249434
5.172270
5.237753
5.227734
5.560129
5.598191
5.377148
5.153794
5.311477
5.528368
5.581779
5.583327
5.627919
5.379880
5.357203
5.185190
5.231986
5.156948
5.072906
4.990787
5.142352
5.460689
5.385803
5.373219
5.358351
5.504923
5.576199
5.787124
5.883205
5.613893
5.142450
5.071303
5.500558
5.262371
5.144007
4.945163
5.074356
5.132809
5.309542
5.233191
5.334179
5.481814
5.356736
5.315426
5.250006
5.435951
5.202826
5.584324
5.751145
5.315630
5.610043
5.103750
5.383097
5.188955
5.406865
5.202593
5.410708
5.905446
5.762752
5.638776
5.403657
5.441619
5.424389
5.346177
5.375571
5.464973
5.760794
5.934930
5.522865
5.644681
5.477887
5.376605
5.061462
5.406868
5.340338
5.699704
5.802944
5.582094
5.368235
5.174373
5.249408
4.956548
5.169561
5.554873
5.732271
5.419052
5.613857
5.192508
5.397057
5.566778
5.354078
5.713870
5.429201
5.235809
5.198517
5.308094
5.300138
5.411064
5.392113
5.536808
5.510321
5.256034
5.535925
5.409040
5.545075
5.351243
5.561611
5.784506
5.479281
5.485581
5.312945
5.680426
5.649165
5.801432
5.559155
5.515451
5.773574
5.445313
5.566585
5.638200
5.432234
5.307667
5.195499
5.399695
5.410378
5.416352
5.787343
5.523222
4.754720
5.227265
4.913761
4.949497
5.185657
5.266896
5.072748
5.147647
5.149946
5.275358
5.307479
5.419229
5.480544
5.444184
5.467881
5.139481
5.446038
5.476508
5.517667
5.780699
5.567173
5.567062
5.782244
5.670106
5.386555
5.366522
5.551411
5.414617
5.095201
5.437534
5.730974
5.525689
5.817419
5.503174
5.220055
5.151420
5.221627
5.266855
5.346406
5.428533
5.458144
5.610105
5.260630
4.903274
5.204717
5.455634
5.550997
5.664461
5.213559
5.268946
5.089111
5.434749
5.405569
5.639572
5.695176
6.137294
6.122230
5.564708
5.741558
5.266163
5.643025
5.552822
5.290732
5.489640
5.385754
5.403753
5.114882
5.319740
5.152594
5.238779
5.357943
5.672591
5.240547
5.252701
5.334797
5.471002
5.335234
5.447483
5.090635
5.186971
5.063096
5.233773
5.420517
5.741562
5.615085
5.578069
5.210406
5.763025
5.533431
5.424746
5.484273
5.705469
5.756401
5.449166
5.150890
5.332790
5.270875
5.559797
5.334366
5.442400
5.383917
5.480523
4.963062
5.116132
5.228951
5.290171
5.213042
5.298750
5.040333
5.139062
5.106153
5.513705
5.783378
5.970670
5.190577
5.378800
5.468788
5.628709
5.749824
5.348155
5.579236
5.492350
5.596141
5.344643
5.544641
5.430317
5.122800
5.350442
5.477393
5.288188
5.394771
5.165629
5.394035
5.047839
5.074459
5.329316
5.396774
5.473101
5.353658
5.561397
5.495445
5.343365
5.476244
5.267421
5.739150
5.704368
5.528657
5.411818
5.605697
5.441668
5.597476
5.363555
5.336996
5.404096
5.334573
5.472561
5.442859
5.928500
5.536878
5.701594
5.402829
5.834527
6.096896
6.098738
5.085100
5.139100
5.159044
5.230040
5.332601
5.564246
5.507273
5.246393
5.371621
5.657884
5.682247
5.639563
5.488648
5.237738
5.180485
5.629507
5.544494
5.642759
5.591473
5.382835
5.453901
5.446491
5.565116
5.533605
5.504948
5.418591
5.472606
5.549269
5.258303
5.154883
5.685253
5.847202
5.768511
5.525489
5.317484
5.545441
5.067214
4.842203
5.174569
5.429186
5.327267
5.573871
5.022069
5.215907
5.272673
5.228088
5.281541
5.427721
5.427046
5.265655
5.279061
5.613220
5.504823
5.437799
5.663163
5.617814
5.793701
5.593829
5.661869
5.275438
5.416509
5.522800
5.451669
5.317103
5.307287
5.472868
5.511419
5.204660
5.150691
5.341078
5.535255
5.556484
5.336825
5.758639
5.707886
5.606812
5.497551
5.432719
6.069698
5.421268
5.446204
5.280189
5.248855
5.092685
4.907885
5.103003
5.418140
5.803847
5.781847
5.491140
5.729817
5.881932
5.646744
5.732015
5.447486
5.193030
5.089855
4.982206
5.034365
5.129943
5.393041
5.676731
5.772497
6.142277
5.865293
5.470482
5.537499
4.757907
5.032566
5.416461
5.477162
5.230874
5.299968
5.510547
5.226173
5.494087
5.518185
5.695424
5.812356
5.569173
5.481596
5.116251
5.168463
4.684324
5.089265
5.136735
5.283739
5.342323
5.380789
5.173653
5.226464
5.195388
5.258773
5.274680
5.493321
5.023528
5.254532
5.153399
4.874148
5.016068
5.370608
5.582350
5.752862
5.286212
5.451413
5.028962
5.210589
5.124352
5.020298
5.239588
5.989051
5.839550
5.102897
5.283407
5.008747
5.266361
5.408817
5.503319
5.524368
5.461682
5.513234
5.090675
5.089634
5.353738
5.013788
5.349915
5.389101
5.517987
5.711391
6.204027
6.147420
5.691779
5.525373
5.288436
5.634556
5.217421
5.253365
5.240765
5.431829
5.437993
5.311887
5.406744
5.271393
5.174804
5.543104
5.632749
5.721240
5.571348
5.563866
5.328315
5.119319
5.457217
5.394956
5.434543
5.451735
5.906856
5.786984
5.581138
5.559231
5.596178
5.486580
5.294535
5.086642
5.517783
5.507438
5.333222
5.467099
5.738373
5.519194
5.542030
5.452055
5.459224
5.500220
5.603997
5.256556
5.072661
5.256287
5.313136
5.350833
5.427980
5.164871
5.360877
5.375846
5.598091
5.718613
5.594479
5.770087
5.735818
5.854825
5.785244
5.627992
5.760554
5.665274
5.576081
5.318173
5.883321
5.758106
5.908565
5.665692
5.567308
5.549035
5.411401
5.439199
5.198706
5.161547
5.273752
5.265903
5.639736
5.477192
5.270394
5.709484
5.321107
4.917171
5.395670
5.522886
5.166207
5.477169
5.610370
5.508726
5.575377
5.788005
5.563171
5.359468
5.433354
5.755942
5.702955
5.676654
5.658489
5.592500
5.799636
5.382177
5.254688
5.631374
5.332849
5.276307
5.247511
5.238848
5.213561
5.238433
5.255888
5.243081
5.287002
5.617466
5.903731
5.949631
5.601078
5.617079
6.013165
5.449080
5.626043
5.778577
5.693142
5.243967
4.911433
5.005471
5.301537
5.481276
5.280929
5.295925
5.268425
5.196265
5.130800
5.448863
5.403465
5.806492
5.701031
5.554093
5.766964
5.179148
5.539326
5.765387
5.861725
5.395785
5.640087
5.839642
5.644897
5.641261
4.995381
5.101565
5.775617
5.586244
5.563753
5.722782
5.810535
5.951792
5.862285
5.803692
5.429409
5.216527
5.320326
5.332383
5.496513
5.448580
5.549305
5.655923
5.256611
4.816203
4.702296
4.902646
5.166092
5.702760
5.752056
5.313999
5.505813
5.159073
5.034588
5.077708
5.507051
5.341199
5.708337
5.677419
5.521164
5.536319
5.365515
5.503257
5.041479
5.243183
5.164293
5.311588
5.645515
5.361986
5.348302
5.338428
5.428335
5.314458
5.420211
5.499648
5.200404
5.512633
5.573410
5.764912
5.576549
5.271464
5.174105
5.018020
5.239872
5.146898
4.804869
4.889266
4.924142
5.107507
4.940802
5.021747
4.813807
4.760474
4.992332
5.211245
5.208704
5.474743
5.494117
5.484666
5.317584
5.717124
5.670748
5.517990
5.719342
6.031541
5.534786
5.297407
5.551224
5.573340
5.142898
4.915353
5.127943
5.564309
5.614433
5.422077
5.486678
5.395321
5.420493
5.490118
5.381818
5.419849
4.925165
5.077109
5.303760
5.921779
5.653754
5.455248
5.365608
5.380189
5.813334
5.259590
5.342057
5.058492
5.163122
5.140929
5.339696
5.540172
5.502678
5.302248
5.676476
5.684818
5.446865
5.475381
5.689164
5.589699
6.228072
6.058095
6.203747
5.839234
5.601965
5.427032
5.683539
5.454509
5.529698
5.455768
5.527612
5.167510
5.305267
5.188988
5.316059
5.413799
5.417861
5.285094
5.418777
5.088394
5.525374
5.567598
5.175122
5.555547
5.504601
5.390285
5.557853
5.503932
5.243749
5.518500
5.460359
5.547452
5.285039
5.259603
5.019278
5.375260
5.313487
5.344817
5.662016
5.304344
5.427323
5.657689
5.504054
5.486067
5.326028
5.640711
5.175378
5.386646
5.608209
5.668279
5.241322
5.421215
5.225097
5.246555
5.137167
5.011880
5.212567
5.470824
5.446599
5.400174
5.798848
5.527572
5.294004
4.855783
5.039418
4.912365
4.941165
5.517105
5.230154
5.343285
5.287254
5.484115
5.595090
5.630655
5.464745
5.014112
5.214186
5.032169
5.301007
5.765530
5.229612
5.652793
5.533797
5.047807
4.890555
5.226580
5.447996
5.631851
5.322239
5.069450
5.325993
5.501129
5.447861
5.368906
5.428058
5.450371
5.435893
5.152628
5.185248
5.617670
5.937890
5.345745
5.260337
5.340736
5.454971
5.657444
5.400890
5.344747
5.326396
5.734563
5.563210
5.277062
5.285272
5.730830
5.529654
5.822134
5.454186
5.372916
5.528405
5.732209
5.396784
5.698836
5.762204
5.674712
5.415542
5.736763
5.743665
5.515544
5.458564
5.574022
5.116969
5.036566
5.279578
5.421108
5.154636
5.174190
4.880794
4.825547
5.107497
5.109317
5.042811
5.138849
5.124084
5.249870
4.917296
5.037837
4.883344
4.876657
4.937641
5.024665
4.973563
5.204568
5.389843
5.482633
5.761365
5.709450
5.785259
5.343440
5.360858
5.423611
5.388351
5.395745
5.724702
5.549747
5.716108
5.685986
5.504179
5.448520
6.004419
6.081610
5.592861
5.702955
5.811534
5.770245
5.700647
5.433421
5.294558
5.253719
5.148427
5.287436
5.837568
5.523260
5.641927
5.612326
5.664088
5.860783
5.845786
5.842859
5.777322
5.686397
5.445715
5.645014
5.844631
5.957878
5.958766
5.603531
5.777361
5.710336
5.480091
5.197187
5.194867
5.049473
5.363088
5.468042
6.014164
5.655323
5.869987
5.539263
5.314125
5.515787
5.555922
5.331241
5.036649
5.436375
5.737960
5.692474
5.496836
5.660770
5.473442
5.507480
5.266402
5.408533
5.528463
5.753796
5.472694
5.310769
5.419117
5.180089
5.211553
5.272488
5.078993
5.096463
5.336828
5.390131
5.418407
5.404002
5.574167
5.500574
5.557175
5.703351
5.896602
6.088932
5.830844
5.846145
5.457206
5.182371
5.565852
5.069340
5.437357
5.842503
5.724382
5.802868
5.520522
5.562956
5.595475
5.573111
5.394725
5.890377
5.680448
5.597377
5.667004
5.843637
5.542311
5.578731
5.319165
5.392656
5.074047
5.148577
5.301892
5.387409
5.502253
5.599856
5.280914
5.381271
5.607019
5.636637
5.260742
5.612109
5.598675
5.342813
5.664210
5.309494
5.054329
5.065543
5.348411
5.411198
5.418988
5.078583
5.433978
5.412519
5.098310
4.981161
5.056670
5.301315
4.839122
5.423803
5.710202
5.646361
5.583128
5.286156
5.128697
5.371388
5.467354
5.588333
5.632215
6.141065
5.703956
5.523449
5.316418
5.468359
5.683703
5.404647
5.247377
5.115674
5.238582
5.248631
5.288847
5.363691
5.514169
5.473866
5.591062
5.453953
5.514182
5.526943
5.675577
5.423553
5.339684
5.651703
5.715917
5.557007
5.441385
5.657374
5.424107
5.461730
5.407171
5.533447
5.599573
5.563419
5.700615
5.091408
5.674708
5.419897
5.596069
5.422820
5.681057
5.888097
5.676588
5.595524
5.681586
5.764929
5.432141
5.603840
5.676011
5.313253
5.591982
5.498915
5.581882
5.563420
5.405218
5.735172
5.839849
5.557738
5.320240
5.174023
5.362098
5.267215
5.183994
