0.065328
19.008951
0.144373
-0.061701
0.077894
12.311972
-0.096466
0.010958
0.110374
-10.117662
-0.239255
-0.086143
0.076205
12.370305
-0.084918
0.008063
0.106365
-8.021591
-0.242645
-0.088179
-0.039402
30.582614
0.245514
0.061895
-286.231582
3579914.244595
-529372.276732
77.080280
-0.042812
33.844301
0.244969
0.062390
-287.748171
3598889.829147
-532178.184067
77.499651
0.139064
6.944900
0.012140
-0.120148
0.058613
19.576312
0.115627
-0.059803
0.148388
6.447681
0.044801
-0.101969
0.056252
20.949378
0.111646
-0.059740
0.079312
11.977135
-0.134204
-0.010628
0.094162
-2.232999
-0.227314
-0.077402
0.073335
14.112550
-0.123683
0.013317
0.099071
-5.216693
-0.219345
-0.070377
-0.057419
41.981246
0.204305
0.045375
-294.816731
3687437.175380
-545279.949868
79.405571
-0.055973
42.273765
0.203404
0.040018
-296.339570
3706412.139320
-548084.269014
79.830945
0.131760
8.395241
0.010391
-0.114730
0.036278
27.988622
0.137317
-0.026452
0.129844
7.967693
0.000892
-0.114310
0.036861
27.305286
0.140031
-0.033653
0.077822
8.768050
-0.131857
0.011269
0.092442
-6.431894
-0.127061
-0.065029
0.082437
8.049538
-0.134400
0.027259
0.104367
-9.568296
-0.156511
-0.050004
-0.055601
41.849368
0.146540
0.017398
-303.417436
3794960.792607
-561173.112934
81.750665
-0.056667
43.603211
0.160583
0.020363
-304.933088
3813936.639764
-563979.684386
82.171213
0.126087
9.206936
0.024857
-0.104086
0.025333
27.797995
0.054570
-0.049087
0.134504
7.599424
0.045458
-0.089267
0.023403
25.663485
0.063019
-0.045540
0.092007
4.683766
-0.113566
0.056591
0.082141
-2.519974
-0.148780
-0.044388
0.084762
5.731393
-0.157594
0.052857
0.084543
-1.408881
-0.145214
-0.046824
-0.059190
46.464489
0.132089
0.010071
-312.009504
3902486.784805
-577070.059246
84.064602
-0.062074
48.224429
0.128757
0.009373
-313.526952
3921462.544427
-579876.561223
84.471936
0.132522
6.006591
0.017910
-0.090890
0.017401
21.799153
0.018323
-0.047712
0.131563
6.263273
0.090773
-0.082492
0.014478
23.542281
0.087428
-0.036727
0.080543
6.328198
-0.178012
0.065926
0.064882
7.794221
-0.120318
-0.069659
0.081168
5.810444
-0.163846
0.081718
0.068746
6.828548
-0.114162
-0.059059
-0.055686
46.326045
0.109837
-0.002239
-320.607972
4010018.638727
-592967.026224
86.420785
-0.052519
45.426032
0.103043
-0.013249
-322.136882
4028996.598952
-595776.595480
86.829134
0.132776
7.703287
0.079367
-0.084224
0.007291
26.394477
0.099824
-0.024873
0.134871
5.629531
0.076326
-0.082321
0.017126
22.664991
0.088659
-0.021511
0.085242
2.879690
-0.242041
0.070280
0.062453
4.760899
-0.126768
-0.080182
0.078957
6.262694
-0.231671
0.065309
0.056291
8.160536
-0.122473
-0.074182
-0.031137
35.756544
0.208698
-0.048602
-329.218209
4117549.156585
-608874.194219
88.751449
-0.027508
33.618331
0.200943
-0.044298
-330.730257
4136520.785135
-611680.110378
89.133692
0.122417
9.411278
0.043094
-0.087390
0.013456
26.332413
0.052462
-0.040996
0.122294
8.746881
0.042876
-0.082956
0.016369
24.681818
0.070886
-0.044488
0.068996
13.278415
-0.230733
0.061110
0.054690
11.287858
-0.097601
-0.066076
0.069472
13.006837
-0.239080
0.059647
0.057477
10.618591
-0.095237
-0.059930
-0.031970
28.491404
0.188892
-0.051018
-337.808409
4225064.006769
-624775.978019
91.001909
-0.036002
30.344097
0.194324
-0.049866
-339.323504
4244038.850814
-627573.865904
91.437355
0.108208
8.837684
-0.064830
-0.091831
0.018629
27.365600
0.091917
-0.042844
0.106007
9.669425
-0.054412
-0.087635
0.015856
29.273065
0.118157
-0.040526
0.061060
13.097016
-0.247689
0.059525
0.050616
14.163311
-0.116240
-0.068773
0.062488
12.512641
-0.268882
0.067099
0.058108
10.231952
-0.083909
-0.074952
-0.025867
31.982438
0.171014
-0.072263
-346.406441
4332586.276226
-640669.838594
93.306201
-0.023960
30.570937
0.149061
-0.067844
-347.920942
4351563.538684
-643479.227364
93.738726
0.106362
11.641216
-0.058513
-0.080666
0.016468
30.458221
0.130943
-0.033084
0.102218
8.887507
-0.014335
-0.055062
0.017300
30.666119
0.125065
-0.030999
0.061146
15.249386
-0.280427
0.044926
0.069800
6.346447
-0.034609
-0.073999
0.053441
18.462561
-0.245402
0.092090
0.080728
3.625873
-0.026300
-0.067060
-0.027834
28.411185
0.165966
-0.047819
-355.002203
4440114.400457
-656577.713125
95.707889
-0.023233
26.520448
0.171586
-0.052933
-356.517312
4459088.369045
-659383.611448
96.120247
0.108857
10.628673
-0.053520
-0.047589
0.015993
30.534663
0.147319
-0.028889
0.105181
14.602305
-0.045639
-0.066051
0.013224
31.749817
0.188907
-0.019953
0.043902
23.388026
-0.279832
0.044017
0.072587
7.835335
-0.073801
-0.065126
0.040687
23.443835
-0.241954
0.041966
0.064570
14.758549
-0.072803
-0.079528
-0.048078
30.031064
0.207751
-0.050645
-363.595414
4547628.942292
-672482.028282
98.030270
-0.041675
27.167784
0.204332
-0.057252
-365.110918
4566601.817760
-675289.483241
98.401264
0.097579
13.177513
-0.056624
-0.096495
0.009534
34.521035
0.160074
-0.029836
0.094038
15.582227
-0.056280
-0.088054
0.014520
32.095383
0.173916
-0.019835
0.062388
17.504531
-0.193358
0.052151
0.057609
15.586686
-0.070940
-0.069840
0.057924
16.633269
-0.194272
0.053482
0.057413
16.761847
-0.069771
-0.074528
-0.043350
26.503643
0.205643
-0.065072
-372.188486
4655147.070155
-688394.245878
100.294987
-0.050483
27.758525
0.204583
-0.063319
-373.704901
4674122.344811
-691201.804939
100.713083
0.098262
10.683058
-0.146476
-0.082977
0.013084
34.142711
0.180162
-0.009547
0.106209
14.431959
-0.104891
-0.067833
0.016824
31.559757
0.200634
-0.007220
0.067201
16.087863
-0.243790
0.066905
0.069661
10.176050
0.007955
-0.080596
0.062852
15.814760
-0.171910
0.081045
0.070238
10.959832
0.013385
-0.083804
-0.039820
25.869257
0.172899
-0.074252
-380.784043
4762672.869365
-704298.166889
102.602924
-0.035586
22.685580
0.175187
-0.067138
-382.298306
4781644.323297
-707104.072276
103.011342
0.113773
10.801297
-0.123355
-0.098367
0.042312
24.832904
0.156055
-0.008403
0.114331
10.003409
-0.122968
-0.096857
0.045781
23.025994
0.193985
0.008010
0.084223
9.665058
-0.152420
0.090426
0.081325
3.231226
-0.045667
-0.102429
0.081939
10.482285
-0.139614
0.097476
0.079447
4.590849
-0.021741
-0.082096
-0.018987
20.851548
0.204745
-0.071935
-389.377871
4870193.128830
-720200.500544
104.927527
-0.022982
24.647525
0.165437
-0.084542
-390.899933
4889173.149658
-722994.390280
105.353945
0.087622
17.985043
-0.138827
-0.104014
0.044271
22.363488
0.190544
-0.008055
0.087568
18.550382
-0.108684
-0.112724
0.044452
18.611429
0.183315
-0.008431
0.084588
9.078740
-0.084882
0.123083
0.080592
1.232408
-0.044606
-0.089680
0.082548
11.443444
-0.047522
0.133148
