-0.018402
5.347915
0.238940
-0.026555
0.043949
-13.413046
-0.109962
-0.115504
0.032713
-14.527620
-0.082788
-0.081620
0.001351
23.166265
0.007544
-0.045096
0.040431
-25.864295
0.116018
0.029521
-0.026208
23.377054
0.002411
-0.098292
0.082228
-21.820979
0.186389
0.022886
-0.017664
39.854894
0.258837
-0.073417
0.073278
-28.263528
0.128790
0.023870
-0.028492
35.356678
0.130530
-0.034054
0.085373
-21.584259
-0.333271
-0.058520
-0.055313
47.127472
0.335609
0.024955
0.025386
3.355127
0.128090
-0.006922
0.054760
-10.819843
-0.206948
-0.076925
-0.053029
40.649327
0.189953
-0.041619
0.064492
-15.585742
-0.139785
-0.003477
0.108696
-37.187058
0.036834
0.044890
0.007649
14.696183
0.325773
-0.063395
0.023769
4.347391
-0.137160
-0.042132
-0.000149
17.385876
-0.174899
-0.048512
0.011314
-16.250139
0.307284
0.072051
0.066760
-16.200736
0.051876
0.046065
0.035346
-2.520594
0.137058
-0.057371
0.025520
7.694730
-0.193317
-0.153558
-0.013797
4.604626
0.259364
-0.017906
0.063082
-13.038743
-0.180879
-0.120692
0.048232
-14.959518
-0.103534
-0.037160
0.000538
22.419008
-0.004397
-0.055540
0.020133
16.486797
0.204516
0.006518
-0.030034
21.561446
-0.200451
-0.111481
0.073478
-18.572044
0.167188
0.021211
-0.014411
18.165366
-0.081345
-0.101438
-0.019934
25.857625
0.308915
0.015394
-0.011223
25.946623
0.261029
-0.018676
0.037312
-21.178453
-0.096056
0.004217
-0.024072
19.165040
-0.405813
-0.029174
0.023168
2.554536
0.110071
-0.006245
0.076261
-18.177259
0.122232
0.000728
0.024613
-7.988831
0.340980
0.054841
0.064562
-14.825735
-0.122323
-0.003230
0.016444
17.621130
0.178660
-0.036038
-0.033032
34.177382
-0.067756
0.044405
0.019287
7.397639
-0.124545
-0.031261
0.031389
3.458479
0.050777
-0.168063
-0.013110
13.310513
-0.035241
-0.061496
0.065357
-14.813070
0.051539
0.048680
-0.065276
37.399696
0.225040
-0.001195
0.030955
-21.341273
-0.072984
-0.087278
-0.008099
2.111565
0.243680
-0.025970
0.046043
-14.946494
-0.078557
-0.115246
0.060974
-25.011705
-0.335386
-0.049883
-0.002155
22.727748
0.004315
-0.055019
0.040097
-25.890896
0.098724
0.027333
0.042732
-18.255763
-0.078407
-0.033833
0.083066
-22.936044
0.140531
0.009310
-0.026218
40.556257
0.256994
-0.074826
0.051521
-16.990944
0.397203
0.023458
-0.012376
26.099131
0.062398
-0.034691
0.089518
-23.105577
-0.345325
-0.063896
-0.014027
19.912508
0.175612
-0.137019
0.020495
2.667830
0.145692
0.004764
0.052000
-8.983611
-0.199933
-0.071933
0.031701
1.035256
0.192808
-0.082622
0.064553
-14.442986
-0.118731
0.001953
0.100005
-32.083799
0.030364
0.024842
0.016113
5.495425
0.059792
-0.065742
0.011554
9.506185
-0.120724
-0.024092
-0.003550
19.576052
-0.184841
-0.048532
0.019760
-1.765908
-0.164120
-0.001852
0.064015
-15.599375
0.048368
0.048991
0.034308
-2.183696
0.098266
-0.061192
0.065335
-18.740484
-0.188967
-0.049260
-0.010055
0.363518
0.264808
-0.017296
0.054704
-9.989510
-0.162391
-0.115737
-0.032089
20.201031
-0.046857
-0.040628
-0.002733
23.069008
0.005426
-0.061535
0.014841
16.755316
0.208981
0.013737
0.049146
-22.846130
0.067211
0.085616
0.083281
-24.601136
0.158329
-0.000340
-0.013851
17.082416
-0.084131
-0.098186
-0.026156
16.168815
0.366070
0.000955
-0.014563
27.255838
0.071899
-0.033347
0.043182
-22.823161
-0.112907
-0.012960
0.045594
-12.875342
0.018264
-0.039249
0.012836
6.033270
0.112807
-0.007090
0.073314
-18.953825
0.129171
0.011963
-0.002367
18.211492
-0.117158
-0.041420
0.066733
-15.460231
-0.121317
-0.004237
0.022175
15.459029
0.186563
-0.034871
0.073267
-34.280400
0.213167
0.009900
0.016953
7.055411
-0.122041
-0.016610
0.037364
1.269298
0.062623
-0.175078
0.038888
-15.884546
0.093530
-0.092573
0.061586
-14.943835
0.051954
0.053934
-0.068319
41.293140
0.231398
-0.013031
-0.020402
19.286999
0.113737
-0.068624
-0.006197
0.980817
0.288562
-0.017909
0.041067
-13.321567
-0.079658
-0.109675
0.033224
-14.884119
-0.071998
-0.076413
-0.005396
25.201290
0.015198
-0.047237
0.037821
-23.735541
0.058440
0.033476
-0.028294
24.265315
-0.000419
-0.099655
0.082102
-22.402839
0.171948
-0.001554
-0.031203
41.854460
0.265241
-0.068939
0.077812
-29.395733
0.123697
0.014037
-0.013153
26.139345
0.102251
-0.032936
0.075143
-17.250560
-0.333794
-0.062823
-0.053298
46.794360
0.393387
0.017631
0.013824
5.743728
0.122971
-0.005252
0.052246
-8.894834
-0.173455
-0.061256
-0.048997
40.042730
0.209841
-0.046610
0.066221
-12.925673
-0.105062
-0.006163
0.102821
-32.588636
0.012284
0.004158
0.012471
11.111121
0.341791
-0.049014
0.020513
6.290253
-0.090562
-0.014348
-0.006191
21.609735
-0.182969
-0.044638
0.012950
-15.463885
0.266739
0.043516
0.069755
-16.255295
0.050128
0.055426
0.030741
-0.812548
0.087562
-0.066622
0.030246
7.134065
-0.188490
-0.154024
