-0.011100
5.607404
0.301071
-0.703903
-0.860684
6.624633
3.113605
1.790630
1.115775
-1.343160
0.454851
-0.652207
0.953772
0.398635
-0.896444
-2.003226
0.148682
4.858727
0.251386
-1.295007
1.087045
-0.591476
2.280254
1.094013
-0.234305
6.810974
0.399639
-1.188026
1.138384
-1.540739
0.425359
-1.061517
0.446829
2.414453
0.170062
-1.518299
1.140829
-0.931228
0.900671
-0.191002
0.229885
3.202078
-1.621729
-3.193969
0.008967
4.815085
1.057834
-0.376334
-3698.563066
291444.811829
61565.746061
174.449378
-0.777490
6.642332
1.858725
0.489774
0.584262
0.669991
1.494938
0.067581
0.095952
3.442929
2.137833
0.841569
0.548073
1.338973
1.290394
0.284401
0.163764
2.633396
1.024310
-0.059921
0.720753
1.819750
-0.027507
-1.119535
0.773804
0.631255
1.639843
0.353415
0.930043
0.172873
0.635492
-0.926528
-0.016870
4.890279
0.293247
-1.124204
0.077865
3.038203
1.754471
0.226842
0.324240
1.753633
0.953901
-0.080694
0.390962
3.240596
0.352611
-0.922185
0.380656
2.445863
1.017689
-0.476214
0.909784
-1.442447
3.171762
1.688485
0.760546
0.228962
1.232772
0.282219
1.379251
-3.015071
0.907103
-0.282782
0.439539
0.999495
1.849330
0.435862
0.667867
-0.482346
0.913963
-0.595797
0.636595
1.569218
-0.524689
-1.592385
-0.137255
3.329023
2.499889
1.099491
0.170923
2.518550
2.122036
0.931553
0.639689
1.842027
-0.805781
-2.132342
0.344939
2.201626
1.052605
-0.364577
0.619981
-0.147059
1.516387
0.164653
0.089250
3.606297
0.891546
-0.474674
0.810199
-0.812716
1.857640
0.509692
-0.368430
7.241386
2.070366
0.864658
0.611949
1.539994
-0.164365
-1.404168
0.279552
2.369337
0.300835
-0.910257
0.290947
2.349848
2.177175
0.987539
0.054000
4.675725
0.846053
-1.125282
0.960145
0.495776
0.775562
-0.395115
-0.101147
4.670288
1.170985
-0.270024
0.460757
3.196454
0.332506
-1.095469
0.505874
2.184498
1.253892
0.052705
0.181432
3.360191
1.724028
0.284044
0.401948
2.257695
0.736142
-0.424942
-0.188380
5.529650
0.353162
-1.050134
0.848315
-0.584513
1.278420
0.186576
0.590849
2.691216
-1.835783
-2.943263
-0.424032
7.373466
-0.034096
-1.602070
1.536111
-4.310287
0.595098
-0.423705
0.205028
2.790088
1.625625
0.242848
0.807796
1.498399
-0.882142
-2.140811
0.969960
-1.057624
0.114816
-1.316044
0.609909
1.700127
0.908856
-0.327489
0.993683
-1.061420
0.249883
-0.584020
0.067843
3.787610
-0.153673
-1.476692
1.222570
-1.996188
-0.658729
-1.834124
1.018809
-1.830320
2.270942
0.682650
0.830373
0.461418
-0.251404
-1.582502
-0.172525
4.537887
0.785266
-0.132672
-0.194729
5.723239
0.847043
-0.665837
0.143457
5.004171
-1.299473
-2.848513
-0.078833
6.282323
0.923326
-0.464226
0.157693
2.480637
2.219616
0.914644
0.067765
5.022954
1.731596
0.094420
0.261232
2.032376
1.797627
0.325479
0.465905
2.839149
0.240069
-0.970692
0.979496
-0.887273
1.365957
0.025608
0.298322
2.877945
2.092599
0.846863
1.601057
-3.044119
-0.008933
-1.318545
0.242102
3.223545
-0.854879
-1.982347
0.659318
-0.363358
2.538703
1.662736
0.256557
4.205999
1.138351
0.019509
0.390141
3.114602
0.261259
-0.938987
-0.122453
4.640408
-0.927985
-2.227478
1.509124
-1.527126
-1.008771
-2.492725
1.059872
-0.262998
-0.177736
-1.416812
-0.468207
5.928759
1.697158
0.432386
0.976201
-0.613583
1.208591
-0.164148
0.561504
1.484499
1.148138
-0.063459
1.088804
-1.622953
1.698204
0.226527
0.164512
4.355014
0.372822
-0.992560
0.639801
-0.046929
2.569941
1.305002
1.297736
-2.537298
0.354316
-1.008702
0.076130
3.105806
1.779893
0.771933
0.218691
3.181275
0.484377
-0.725906
1.109391
-1.347647
1.172609
-0.000418
0.171704
3.636410
0.192097
-1.120772
0.006396
5.946932
-1.494781
-2.599709
0.732139
0.020528
-0.182678
-1.163831
0.485828
2.216731
1.035262
-0.241797
-0.445359
8.288217
-0.208133
-1.614612
0.700603
-0.263610
0.826042
-0.278692
0.827817
-0.193714
0.195251
-0.918319
0.007259
4.297983
3.305466
1.676262
1.030473
-0.065666
-0.796824
-2.036964
0.136872
4.282030
0.446376
-0.726212
-0.047295
3.491635
3.387440
1.696016
1.038421
0.944736
0.103445
-1.098912
-0.464248
6.414843
1.460609
-0.085048
0.045815
4.287517
-0.754947
-2.055063
0.203350
2.822405
3.383068
2.076698
0.550740
2.043338
0.595518
-0.302645
0.689091
0.815594
1.987630
0.593069
0.380674
0.914949
4.357913
3.189330
0.307826
2.366784
0.993234
-0.190704
1.062105
-1.252757
0.631287
-0.522998
0.620401
0.392688
0.934179
-0.316092
0.177183
4.975838
0.725148
-0.676424
0.768281
0.204058
-0.875405
-2.022035
0.768072
-0.156156
1.253076
-0.092164
-0.053739
4.330995
1.225169
0.083618
-0.430274
6.925866
-0.724454
-2.162249
1.048997
-1.199291
2.324438
1.042095
0.789597
1.520707
-1.604001
-2.831612
0.517516
2.368077
0.213435
-1.273548
0.734981
-0.530651
2.176400
1.170554
0.791721
-0.943106
0.642656
-0.729070
0.544784
2.534070
-1.552297
-3.058609
0.151900
4.595092
-0.822591
-2.178479
0.415499
2.273174
1.771596
0.539621
0.489321
2.474099
0.003773
-1.157232
1.233884
-1.301785
0.382847
-0.777928
0.845027
0.656113
-0.961501
-2.361092
0.238581
4.186739
-0.276514
-1.819600
-0.480352
7.437304
1.975659
0.527397
0.436942
2.438815
1.145618
-0.330779
1.360839
-3.834585
-0.185538
-1.077325
-0.328430
4.860786
2.381578
0.803518
0.045990
5.906431
-1.442746
-2.784705
0.483261
2.680257
0.306227
-1.148062
-0.408997
6.765851
1.912045
0.324301
0.539636
2.040400
-0.461009
-1.684295
1.064980
0.484560
-1.264507
-2.273224
0.392693
3.455898
0.287260
-1.127920
1.282874
-1.194094
0.403009
-0.687282
0.345853
1.692776
1.234980
-0.037386
1.801492
-6.738508
3.293784
2.190015
0.782773
-0.252696
-0.549461
-1.610252
0.998014
-1.177837
1.116045
-0.011838
1.631323
-3.422777
-1.013819
-2.075325
0.296274
3.367202
-0.083798
-1.170307
0.763019
0.912485
-1.715006
-2.775269
0.811169
0.385448
3.504263
1.829300
0.599841
0.566298
1.393369
0.197220
0.414071
2.429854
0.806122
-0.462298
-0.046035
4.463898
1.573052
0.469295
0.658397
0.434576
0.207809
-1.097300
0.129667
3.373575
0.611075
-0.657385
-0.191767
4.664616
0.930991
-0.346015
0.292013
3.909936
1.092766
-0.429318
0.785164
-0.503329
-0.208514
-1.699220
0.219259
3.400286
1.304661
-0.114653
0.417842
2.608942
-0.391358
-1.691909
0.348560
3.218103
0.492279
-0.670462
-0.108982
4.898712
-0.403354
-1.493908
0.539505
1.813932
-1.034443
-2.280077
-0.039098
5.345770
-2.016551
-3.323007
0.103098
4.200970
1.351314
-0.124555
0.480182
2.322400
-0.461951
-1.624662
1.363592
-2.187793
0.903249
-0.249367
1.165131
-2.229501
1.027447
-0.236417
0.844971
-0.767123
0.117691
-0.874371
1.134810
-0.844361
-0.118361
-1.215042
0.452712
3.409998
1.721110
0.438324
1.201112
-2.583065
1.349079
0.142279
0.136682
2.097460
3.169516
1.851392
1.283429
-3.009543
-0.916206
-2.069317
0.448640
1.766059
0.044344
-1.246881
-0.061863
3.867906
2.092835
0.785185
0.967089
-0.305134
-0.471713
-1.745697
1.212616
-2.871688
0.042690
-1.142977
1.140781
-2.333845
1.616054
0.713496
1.245163
-1.824064
0.122666
-0.858143
0.050105
5.102976
1.041251
-0.322073
0.497660
1.309446
2.082011
0.968690
0.751572
0.801199
0.000013
-1.315425
-0.169688
6.449030
-1.116766
-2.426557
0.468342
2.533875
1.536832
0.160289
1.182339
-1.436361
0.884775
0.013652
1.404338
-2.498626
0.295039
-0.832336
0.312830
2.523110
-0.656805
-1.860268
0.786180
0.021973
1.457848
0.335983
0.211679
3.784072
1.281335
-0.288581
1.055758
-0.850861
-0.635073
-1.648530
0.598693
2.780591
-1.362272
-2.802528
-0.102297
4.102044
0.331022
-1.345701
0.192665
1.123737
2.417171
1.284735
0.538193
0.159655
3.063802
1.597522
0.505432
1.841594
1.622860
0.196923
1.257883
-1.267948
-0.167440
-1.772461
0.095392
3.439189
1.264129
-0.352131
0.238541
1.188178
3.523189
2.443979
0.234828
4.013211
1.798736
0.290330
0.267223
4.054770
-0.395912
-1.872787
0.682021
1.779873
1.451966
0.332446
0.988698
-1.544568
1.627720
0.380515
1.048938
-0.350869
1.102130
-0.042254
0.074293
4.163915
0.625601
-0.708187
0.350730
2.415856
0.661185
-0.251889
1.403736
-3.122158
0.743292
-0.420498
1.206127
-2.553143
0.199075
-1.334015
1.437657
-3.216029
0.393272
-0.449358
0.088956
5.067992
0.642268
-0.696311
1.148133
-0.615883
0.766300
-0.350419
0.235340
1.864217
2.662607
1.250036
0.049787
4.147744
1.814712
0.600993
-0.196822
5.592293
0.444941
-1.043370
1.271221
-2.994404
0.952900
0.017304
0.027668
3.325489
1.390865
0.090384
-0.379525
6.589999
1.251372
-0.106411
1.116268
-1.127169
-0.156044
-1.368047
0.903626
0.443132
0.225056
-1.141333
-0.084540
4.125614
0.354382
-1.010287
0.277190
1.506941
1.162023
-0.127122
0.750975
1.359420
0.019795
-1.205893
0.672080
0.655950
0.071896
-1.232952
0.491956
0.925658
0.756396
-0.633619
0.627554
0.163341
0.800990
-0.539140
-0.379264
5.255277
0.933763
-0.357526
0.612117
1.974646
-1.404922
-2.443463
0.834029
1.962617
0.646415
-0.653514
0.812878
-0.314698
2.286066
1.184519
1.526390
-1.558663
-1.734317
-2.884433
0.411361
0.917337
2.487938
1.058272
0.447444
2.014876
0.536884
-0.704527
-0.586722
7.354660
0.086325
-1.494506
1.088893
-0.834020
1.103871
-0.554661
1.236711
-2.323086
0.794496
-0.386278
1.013803
0.003655
0.945676
-0.336510
0.388572
1.648001
0.438358
-0.831332
-0.203567
5.196355
-0.406249
-1.742015
-0.389338
7.857567
0.675733
-0.840169
0.855576
-0.441714
0.078322
-1.126825
0.823635
1.024302
0.210767
-1.156297
1.092797
-0.840041
-0.805233
-1.709819
0.793754
0.499419
-0.533643
-1.774269
0.760394
0.451350
1.402137
0.298189
0.325535
1.811789
1.874034
0.659341
1.369463
-2.622111
0.488384
-0.552780
0.688271
1.480260
1.054845
-0.463563
1.997712
-7.435522
2.233730
1.496195
0.974602
0.170979
-0.864553
-1.945928
0.421820
2.061943
0.831663
-0.411071
0.359803
2.801443
1.632788
0.474379
0.632883
1.847916
0.370364
-0.923594
0.034168
2.955053
2.282255
1.020851
0.719676
0.943372
-0.488954
-1.298813
0.445496
1.258441
2.367644
1.135045
1.366088
-2.109094
-0.935217
-2.437159
1.342075
-2.544063
0.589956
-0.461200
0.138479
4.627769
0.982993
-0.565950
0.642948
1.930349
-0.193282
-1.494826
0.732013
-0.723733
1.187201
0.374616
0.810805
-0.429898
0.314692
-1.024293
1.420559
-3.273170
1.234393
-0.024058
-0.279288
5.861210
0.610213
-0.771135
-0.079876
3.960542
2.003719
0.778885
0.139449
3.641279
-0.419627
-1.281953
0.830082
1.324168
-0.260034
-1.439859
0.769858
-0.762500
2.353170
1.149919
1.414436
-2.363324
-0.998372
-2.419605
0.136489
3.825541
1.056075
-0.036470
0.545399
2.612451
0.500227
-0.730952
0.945921
-0.168584
0.768008
-0.602236
-0.088742
4.784017
0.088143
-1.227866
1.015387
0.608741
-1.028088
-2.612898
0.774399
0.999123
2.448014
1.195765
0.703390
1.393790
0.102685
-1.303414
1.466413
-3.568497
-0.118276
-1.271817
1.583538
-4.289889
2.118560
0.644784
0.211420
2.694723
1.464021
0.448348
0.432553
1.767802
2.086680
0.581319
1.374088
-1.277289
1.000512
-0.619604
0.510112
1.532171
0.639023
-0.647494
