-0.226485
2.130985
0.630886
-0.677770
0.556922
-0.002218
1.428971
-2.341254
-0.385211
7.676235
1.603374
-1.319054
-0.117533
2.303352
-0.385445
0.498439
0.349500
3.842490
0.340768
-0.991525
1.437004
0.439516
-1.350408
-2.083748
-0.747499
7.439747
-1.410538
1.041259
0.560019
3.009988
-1.280482
-0.132997
0.356342
3.455475
6.753659
1.751343
0.968429
0.944168
1.011612
-2.423127
-0.772412
5.588470
4.274349
-0.934970
0.861799
0.007814
2.307566
0.772953
1.262405
-2.487519
-1.184546
-2.592927
1.742898
-1.585453
-1.013660
1.821786
0.804673
4.974768
2.566149
1.829736
1.258632
0.450381
-0.254957
-1.495933
1.033606
-4.714541
2.854411
-0.014408
1.177356
3.319990
-2.717785
-2.139575
0.980336
1.722672
2.895710
-0.371707
1.835688
-2.362262
-1.076221
1.240765
0.375965
2.393701
0.207869
-0.271756
-0.011474
2.290799
1.533828
-1.294715
1.199984
2.702527
1.447861
-2.431365
0.650798
2.818177
-0.208661
-0.292216
-0.435640
7.049070
-2.055183
-0.826106
0.650299
2.362967
1.265326
-0.437285
-0.026586
2.004015
4.348223
0.584008
0.363694
0.636777
2.497786
1.852675
0.641545
6.997529
0.132053
-1.236394
0.171867
5.629857
3.934073
0.348861
-0.242108
1.967528
1.925965
-0.385826
1.501095
-2.764220
2.773012
0.255362
0.395869
0.035404
-1.619974
-2.585352
0.936180
2.647330
1.723779
-0.201481
0.370144
2.662128
-1.446558
1.624405
-1.007040
9.597612
6.200624
0.511349
-0.215616
6.527431
0.371612
-0.958909
-0.914840
6.575115
-4.338333
0.981938
0.784882
1.431272
1.974729
-1.459192
0.055884
7.929334
1.856571
-0.662963
0.658130
1.816500
0.870738
-2.306106
1.619419
-1.196520
9.323734
-0.133578
-0.325284
4.915249
-0.588473
-0.900430
1.147825
2.778941
4.551509
-1.453820
1.267307
-2.818872
1.311729
-0.653386
-0.111551
-0.592180
3.897240
1.566761
0.659192
0.213864
-9.400281
-0.991314
0.847719
4.649295
-1.378329
-1.234240
0.894163
4.354443
-4.141496
-1.477850
-0.495369
4.557580
5.784179
0.033345
-0.294656
-0.605287
-5.175563
-1.021381
1.053455
2.240567
0.558369
-1.634426
1.879438
0.167735
1.679651
1.436091
0.464752
3.218406
-2.161085
-0.497891
0.099783
3.144307
-1.949567
-0.950041
-0.501376
4.879098
4.975407
1.092668
0.213363
2.411184
-0.746003
-0.613009
0.077425
4.400837
-1.138149
-1.638512
0.974709
-0.760068
-3.844055
-1.121035
0.019092
-0.777990
-4.456024
1.011929
0.665710
-2.022437
0.717969
-0.403912
0.455262
5.367456
2.789184
-2.822890
0.495628
4.420255
1.027068
-1.367358
0.653094
2.618323
3.495124
-1.050386
0.549977
1.622900
0.051957
-0.363814
1.040460
-3.536953
-5.975364
-2.090241
0.659504
2.484277
2.263527
-0.946568
0.279198
2.836864
-1.763683
-0.870712
0.309010
3.069154
0.813354
2.534646
0.013888
6.134654
-0.041943
-3.350883
0.109121
5.150675
-3.344654
-1.090436
-0.055590
-0.761237
6.350481
2.034332
-0.093030
0.194266
0.422868
1.820376
0.579267
2.590475
5.080780
-0.286599
1.406759
-3.646371
2.189349
-1.319197
0.958954
1.398940
-3.248620
-0.354683
-0.486058
2.729146
-4.114667
-1.877564
1.743088
-2.796443
-0.750910
0.032713
-0.282318
4.690249
0.358358
-0.315303
0.892392
0.785345
0.346564
-0.385970
0.795647
3.364567
1.683895
-2.462753
0.756298
-0.062735
6.485095
2.122455
0.234470
1.146686
0.289426
-0.036118
-0.467880
5.869676
0.693270
-0.037956
1.514246
-0.976748
6.615418
1.161017
0.542765
-5.314510
0.333935
0.761642
1.502812
1.051150
2.761238
1.542116
1.131859
1.175619
-0.614443
-1.528477
0.664366
2.215013
4.534608
-1.016737
0.660475
1.490166
2.196403
-0.199170
0.353450
-0.849531
0.314580
-0.775251
2.151644
1.941160
-0.669017
-2.802095
-0.552965
5.824259
2.431695
-1.718967
-0.485764
6.425752
1.372006
-0.516451
-0.492370
3.385651
1.836086
0.488034
0.730471
0.668484
-6.268345
-2.992958
-0.458515
0.613513
6.930277
-0.605254
0.447503
2.993442
-5.151612
-2.062656
1.072800
-3.777902
3.774579
0.217628
0.588657
-0.019947
-3.091950
0.265299
-0.143532
4.208554
3.500013
1.418372
-0.151183
7.018323
-1.330450
-0.938989
-0.424037
6.304536
1.180996
-1.630000
1.618641
-1.932174
-0.813483
-0.613238
0.340425
1.889369
-1.796760
-0.522516
0.324975
2.024185
1.138430
-1.676332
-0.331673
4.686390
-0.136303
-2.503670
-1.274768
8.359037
4.666909
3.203039
0.521285
1.529672
-2.342638
0.654119
0.511570
-1.822638
-0.628346
1.836084
0.446211
-2.666186
-1.756753
-1.642749
0.823258
3.080208
3.102816
0.091728
0.903551
0.681244
-0.787503
-0.433319
-0.405009
8.102019
2.440743
0.552618
0.585381
1.180943
-3.816047
-0.940994
-0.107845
3.682029
3.066610
-1.107282
0.312876
2.842662
3.567463
0.463236
1.372556
-0.389965
-1.789802
-1.005883
0.494244
-0.956039
0.717761
-0.845371
0.789763
5.909659
5.412419
-0.264526
0.601754
5.513699
8.322771
1.938644
0.908984
2.614672
0.417097
0.605312
-0.083153
5.320600
5.504150
1.165459
-0.816839
7.748399
-0.181501
-0.450172
0.461045
2.985765
-0.481571
-1.480864
0.321956
4.169171
-9.142481
-4.172605
0.734858
2.509417
5.216600
-1.127187
-0.124012
4.075284
6.102269
-1.414723
0.247363
0.149746
3.643625
-0.218154
1.233474
2.361106
3.503139
0.515802
-0.581998
7.283016
-2.005659
0.422884
0.081924
2.556516
3.284301
-1.916768
0.162861
0.830381
1.835150
-0.074300
-0.679720
5.314519
-0.611106
-0.212250
0.025916
3.661446
2.676663
-0.034004
-1.197445
3.149501
-7.921176
-1.137144
0.514596
2.559826
-2.024524
-2.113674
1.648398
-5.714545
-1.138295
0.053654
0.320168
2.146113
-1.322669
-0.433800
0.190900
5.813605
-1.469011
0.514980
-0.225982
5.700503
-2.859513
-0.474500
0.597918
-0.718591
-2.760039
-0.304170
0.574505
-1.173035
1.821414
-0.755639
-0.314385
5.934592
-3.555224
-1.262859
0.709418
3.546893
-2.284715
-1.947734
0.753835
2.746373
-0.025617
-1.042200
0.297049
3.271450
0.145676
-0.590801
1.116958
1.828576
1.423448
-0.797307
0.214141
1.095114
3.719266
0.002710
0.279555
3.521214
-2.298701
-0.179132
0.848875
2.444965
2.368593
-1.663320
0.376907
0.746364
-5.427229
0.118368
1.247338
-2.172350
0.775024
0.225397
0.280091
1.853787
1.107730
-0.224977
-0.216531
2.128725
5.770732
1.058109
-0.165817
3.544328
-2.222299
-1.236035
0.217079
4.917278
8.019127
0.697633
-0.168469
8.049904
3.906605
-0.461056
-0.283923
4.121711
10.172795
2.005107
0.247658
2.453336
0.609848
-2.040425
