555.469607
551.588046
548.508370
533.730654
535.324884
542.532047
538.274406
548.323251
541.736656
551.171941
551.228775
545.001462
543.505190
537.488668
533.976254
538.335448
524.428001
512.244784
548.373562
545.051608
541.202465
681.960584
3633.364096
849.580644
553.269197
545.333298
547.368316
536.133022
536.933993
536.152547
551.014101
544.910358
532.850871
558.608738
541.850389
535.530816
555.056219
551.147534
546.496219
533.440940
534.263055
540.322383
539.512628
547.745231
541.167155
551.526942
548.594597
545.555227
543.158836
539.372449
534.232667
538.797940
524.853984
516.696136
549.393234
546.012229
540.557836
686.038156
3695.520851
856.829601
554.974950
545.332689
549.524845
535.394363
538.738792
536.384446
550.155567
544.146404
534.580960
557.913956
543.267012
535.941874
555.455826
553.465254
549.087150
531.928215
534.998833
541.396958
539.092428
548.408168
541.172773
548.655892
547.373987
546.529457
541.756818
539.067769
533.934668
540.628156
524.491168
515.370493
549.360799
546.272058
538.875538
686.240999
3755.996902
862.707833
555.516529
545.634675
549.639309
535.942230
538.061598
535.474434
551.146079
545.857603
535.342127
557.860594
540.784473
534.113350
553.756681
553.392110
549.700248
531.349465
534.549584
539.530603
540.469890
548.002482
541.280201
549.139314
547.324835
543.986613
540.246934
537.627516
532.828485
539.092411
522.245669
513.175061
549.086821
544.989155
537.395912
688.211800
3818.901196
868.722577
552.641280
544.010128
547.577448
533.522846
536.829717
536.457188
550.691844
545.866384
534.615573
558.788149
541.836660
535.544874
553.677288
552.840788
548.605109
529.902067
534.418233
539.442386
540.160314
547.539409
541.509023
547.827747
546.754201
542.748360
541.828589
539.381210
532.039694
539.741968
523.073654
516.197526
548.879544
544.011027
536.027668
691.839265
3880.902514
876.742077
550.805675
543.386475
545.582693
534.317503
537.515373
538.163423
549.055192
544.126383
531.691173
558.830447
542.515078
534.875878
552.853632
553.399928
547.667849
529.984661
533.342752
539.202326
540.540909
550.052439
545.973214
545.908671
547.142722
541.937290
540.244699
539.394250
533.310287
539.274424
522.404994
515.803354
550.874946
545.857532
535.338308
696.620020
3943.592135
882.843590
550.956300
543.475173
546.260982
536.196370
539.226746
539.476405
549.702814
544.527888
532.350629
558.703119
541.983821
535.700426
552.689921
553.142323
547.941712
530.412407
532.682407
539.652706
542.128664
550.368147
547.305414
543.997729
544.995560
541.647369
539.893878
536.603516
534.075637
540.647914
524.531698
516.048671
549.436613
543.677874
534.623245
698.103018
4005.896334
890.033403
549.590771
544.040661
545.225724
535.507182
537.688798
538.164917
548.553583
543.767163
532.729554
560.400451
543.752057
538.024546
553.658176
554.562113
548.874843
531.093091
535.295425
542.348325
543.459507
552.442272
551.984021
544.613683
546.216340
542.207013
539.528109
537.053042
535.212471
542.940665
527.002499
517.434302
550.959021
541.206714
531.494431
698.685884
4066.641613
894.585214
550.060171
543.555298
544.882129
535.386567
536.906122
537.100284
550.279604
544.905568
533.588833
562.623723
544.972842
538.054295
553.598229
553.757413
547.654121
531.785242
533.437244
542.613650
541.251658
551.395380
551.191726
544.016178
545.551834
542.377646
542.007497
537.800639
537.374655
543.038396
528.162941
514.507898
550.801385
541.328575
532.580497
702.724327
4129.285336
902.165808
552.206939
546.458932
547.360726
534.119489
534.159847
533.630632
549.611693
542.907632
535.100182
562.061164
544.629488
538.903291
555.040171
554.796859
547.285894
530.953238
531.959928
541.754938
541.315304
552.446669
548.309093
542.725910
543.586722
543.872910
543.254845
538.905889
537.167992
543.767704
530.217408
515.102143
552.916629
541.777157
531.175345
705.370801
4191.762277
909.029175
551.307963
547.490126
546.208880
534.267113
534.373401
532.392503
550.818839
547.833579
541.298247
563.143244
547.610265
539.772253
