0.645923
283.597902
1.052094
-0.135198
0.731107
104.836616
0.004780
-0.893485
1.088819
-17.023072
-0.847333
-1.970044
1.144501
-308.992013
1.242711
0.208306
0.063426
518.825118
-0.937592
-2.392937
0.391569
319.169379
-1.561394
-2.817584
0.866765
16.195014
1.419563
0.038700
0.849611
-20.026911
-0.308996
-1.350887
0.234194
441.709444
0.594958
-0.545548
0.294892
380.456748
1.373047
-0.061264
0.071201
584.169977
-2.246596
-3.640187
0.646850
158.330983
1.512149
0.252752
0.775305
27.696763
0.547233
-0.659355
-0.340120
747.349032
1.497975
0.085997
0.871930
40.729034
1.051971
-0.207590
1.141017
-127.218244
-1.292070
-2.250285
1.190656
-264.457307
1.010367
-0.169221
0.638309
125.547730
0.212976
-0.769563
1.232323
-142.941403
1.089605
0.010403
1.868919
-396.777195
-0.804874
-1.954131
0.669753
119.487630
-0.037444
-0.982192
0.771933
59.646638
2.927850
1.790153
0.609029
163.466986
1.100636
-0.133268
0.990725
-76.605420
-0.719164
-1.806787
0.233449
371.879957
-0.598654
-2.027810
0.516283
96.755184
1.562510
0.629005
0.825421
132.635083
-0.958870
-2.263990
0.474799
375.960340
-0.923409
-2.135157
0.514528
86.646852
2.284977
1.085198
-0.038445
451.943602
0.759925
-0.636909
1.148232
-86.505439
0.971579
0.040679
-0.438922
715.167401
1.961384
0.641419
0.114095
432.170728
1.216564
-0.169990
0.903297
-86.519030
1.495670
0.535200
0.056789
395.037767
0.857256
-0.333890
0.746553
57.551953
0.451430
-0.721090
-0.057817
572.523897
1.064752
-0.346541
0.485359
306.690851
1.110506
-0.435831
0.393431
216.772579
1.085408
-0.437904
0.642927
158.878542
0.168841
-1.098495
0.461869
201.422022
2.520754
1.244381
1.325779
-162.649806
0.386973
-1.001009
0.579650
97.006075
1.906470
0.497886
0.738013
168.605081
0.024786
-1.162477
0.576581
128.853919
-0.953410
-2.300333
0.585907
179.340977
0.310332
-0.845089
0.369733
429.164548
1.211868
-0.191706
0.327276
304.981332
1.141288
-0.324873
0.769770
-39.563432
-0.632961
-1.792819
1.650883
-368.561692
0.300045
-0.898141
0.578294
194.597448
0.614615
-0.674216
1.533181
-463.543916
0.927592
-0.286140
0.427855
421.338601
-0.327663
-1.748488
0.678894
145.503598
2.285030
1.049661
-0.020897
521.059307
-0.007742
-1.340887
0.792583
-106.403141
1.621791
0.894075
1.943452
-621.341489
-0.744237
-2.101769
0.324266
293.293914
-0.986672
-2.122304
0.783102
143.168214
0.120786
-1.214196
1.367304
-351.752898
1.862940
0.817617
1.194484
-114.503942
0.466790
-0.798642
0.621560
-6.535524
1.306744
0.223874
-1.039947
1082.154917
-0.467632
-1.868057
0.755389
96.215551
1.661283
0.165328
1.136894
-19.887857
-1.289439
-2.688496
1.352951
-302.942168
0.615733
-0.054452
0.365766
329.866542
0.901412
-0.568357
0.538321
414.456190
-1.767032
-2.716473
0.260406
434.357691
0.656168
-0.788169
0.094839
453.738557
2.018530
0.656997
0.057002
367.664914
0.483354
-0.649102
0.831915
11.449400
0.778867
-0.389540
1.105407
0.677219
0.069490
-1.245898
-0.081221
656.946074
-1.196288
-2.208785
0.139295
226.222863
0.886268
-0.555162
-0.118602
694.258361
-0.117156
-1.690002
0.490714
304.538897
-1.133776
-2.548395
-0.312490
530.311186
2.028201
0.583651
1.022753
-113.343100
-0.704722
-2.083556
1.229263
-252.059190
0.211874
-0.867630
0.889475
69.881750
-0.130666
-1.396259
0.225284
542.391798
0.220496
-1.433057
-0.063320
178.672758
3.004145
1.918453
0.541633
62.569894
1.526191
0.365400
1.233827
-122.231844
0.038241
-1.110170
0.939613
1.059189
0.610909
-0.529047
-0.703247
775.985925
1.476085
0.076169
0.416321
317.297951
2.199128
0.486082
0.619864
219.653897
0.290829
-0.926663
1.418617
-262.445059
0.413009
-0.712845
0.782764
158.696687
0.125224
-1.098903
0.650068
248.020296
-1.002769
-2.110430
1.374282
-302.002770
0.951324
-0.195113
1.516368
-310.899285
-0.953772
-2.030467
0.670990
84.740463
0.711976
-0.444758
1.637990
-518.911231
1.260907
0.071549
0.846927
148.323131
0.250971
-1.187146
-0.016154
538.383888
1.368451
0.199233
0.723424
151.126865
-0.110872
-1.665646
1.296830
-101.033005
-0.742391
-1.974574
0.904426
-0.373737
0.572749
-0.601055
0.923937
65.127152
-0.035217
-1.238862
0.864603
206.292089
-1.541823
-2.587751
-0.275537
453.710150
2.272262
0.891668
0.868384
-54.555048
0.978639
-0.108812
0.227507
439.477465
1.820502
0.671302
1.431120
-222.400105
-0.447418
-1.483014
1.157805
-166.877822
1.859114
0.709982
0.797064
253.449412
-0.813420
-2.067576
0.724584
138.231816
2.562617
1.049150
0.577201
178.127527
-0.063225
-1.158846
0.533681
206.984857
1.609659
0.126831
0.753311
-4.799588
2.848921
1.458157
-0.601907
672.899616
1.962177
0.677250
1.727467
-342.173272
-1.731227
-2.771928
0.413294
489.527378
0.435231
-0.723728
-0.344973
560.276434
0.668925
-0.285357
1.086472
-25.443681
0.804434
-0.275660
1.010318
92.581282
0.188674
-1.234366
0.831096
124.286143
-0.665524
-1.935270
0.600684
46.419143
1.243161
-0.054385
1.030359
-98.219763
1.410125
0.023274
-0.768741
808.516054
1.648719
0.409919
0.598065
154.688167
0.164198
-1.037281
1.500448
-283.240135
0.160350
-0.842584
0.345125
338.931684
0.359075
-0.797468
1.787922
-482.889808
1.050361
0.040069
0.642340
145.687634
2.055788
0.705216
1.215674
-222.354630
2.053548
1.100543
0.514169
160.033150
0.653236
-0.422023
1.408227
-286.268674
-0.939069
-2.253043
0.243456
265.468805
1.099808
0.064810
0.443354
259.253360
-1.575329
-2.679158
0.300810
348.755385
1.198727
-0.356275
0.718067
59.851691
0.022861
-1.341709
0.499667
183.288913
1.508499
0.293947
0.551810
258.205845
1.308241
-0.313457
-0.097714
441.863687
-0.070536
-1.299057
-0.139116
443.313528
1.082694
-0.528065
0.716678
85.505177
0.213012
-0.659322
0.262685
234.313320
0.345510
-0.935274
1.013021
-125.188058
0.885710
-0.506076
1.054896
-31.311648
2.142065
1.042674
0.584807
192.880076
1.304837
-0.197708
0.894170
-58.873667
1.469748
0.190076
1.382860
-325.491123
2.243321
0.972598
1.927135
-335.310863
-3.213956
-4.477382
1.813673
-405.791613
0.018206
-0.848482
1.193901
-43.701779
-0.656800
-1.565286
-0.052923
480.413386
2.479317
1.290350
1.251208
-247.279820
1.284749
-0.046281
0.706666
264.665328
-1.483588
-2.821053
0.055301
359.212874
1.777832
0.412772
0.797763
151.010857
0.502580
-0.930236
0.690669
166.587827
0.678434
-0.691131
-0.145511
543.142946
0.944409
-0.224160
0.867808
6.291756
0.787676
-0.526180
0.771776
266.838050
-0.963887
-2.201609
1.025057
-49.804470
-0.441782
-1.717773
1.120637
8.636783
-0.421524
-1.892765
0.362769
368.418121
1.002373
-0.742889
1.843897
-415.318665
1.114321
0.041718
0.135069
341.842844
1.736614
0.176944
0.496198
221.865869
1.197243
-0.071301
0.657253
265.142893
0.909351
-0.681923
1.850680
-436.376809
-1.642133
-2.780277
-0.377826
647.639512
2.231814
0.596815
0.606214
113.448340
2.649568
1.186448
0.297354
406.537693
0.602670
-0.777647
0.372237
340.307339
-0.588059
-1.830341
0.295283
314.820610
1.934146
0.552996
1.217496
-138.859198
0.843105
-0.657244
1.560978
-376.015168
0.302006
-0.502740
-0.455903
565.860857
2.978398
1.574513
0.531130
192.654274
0.476143
-0.780620
1.172112
-106.756550
-0.852358
-1.920618
0.415373
204.336236
0.312091
-0.971028
0.460928
254.419083
0.884445
-0.466368
0.964492
-74.528081
0.104172
-1.057453
0.714345
181.829897
0.008918
-1.140817
0.129894
248.082742
2.403501
1.162939
1.630716
-449.923067
-0.340894
-1.593937
0.345607
284.958344
1.718002
0.226498
0.650531
147.554314
0.891031
-0.245863
0.847930
9.349980
0.847380
-0.518982
1.039087
-238.228393
1.771326
0.914463
0.859204
-5.484218
-0.124824
-1.197798
-0.071951
629.323682
1.185468
-0.390967
0.729030
-80.357490
1.615209
0.498934
-0.002177
581.120201
-0.989226
-2.453734
0.795486
-26.707654
1.748992
0.663419
0.624141
117.341526
1.568043
0.091511
0.751921
89.002278
-0.910617
-2.198535
0.023320
307.366438
-0.882302
-1.815499
0.688506
131.560197
1.375535
-0.202853
0.056353
322.200072
2.949882
1.598748
0.788142
-17.669185
0.566082
-0.772679
1.244016
-130.598146
-1.629421
-2.609947
1.020975
-269.681759
0.843861
-0.232608
0.504753
261.723388
-0.993177
-2.269819
1.279360
-288.068878
1.097355
0.001223
1.218871
-224.014775
0.332219
-0.821159
1.203938
-82.644101
0.127727
-1.040755
0.907534
75.103698
0.526001
-0.448823
0.287474
196.168222
1.558772
0.203284
0.666417
324.291811
0.283041
-1.112212
0.812129
133.668658
1.107112
-0.521995
0.941932
31.752752
1.883992
0.523895
0.746474
138.774170
-0.100819
-1.500844
-0.240183
727.374536
-0.234106
-1.851840
0.460245
225.107733
-0.541541
-1.299585
0.877224
207.178727
-0.944638
-1.937279
0.327872
381.266690
0.356304
-1.083826
1.366401
-166.048065
0.896261
-0.291359
1.455645
-169.487542
0.501693
-1.052342
1.345219
-94.486531
-1.690173
-2.935748
0.209532
406.287651
-0.352238
-1.851199
0.413853
427.195287
-1.842923
-2.845064
1.018133
-212.020244
0.826648
-0.426359
0.644932
48.876583
0.606385
-0.405442
1.511144
-322.378265
0.967675
0.089307
1.527364
-184.955480
-1.676565
-2.744590
0.563383
287.545117
0.950781
-0.210567
0.459026
314.233133
0.132908
-1.023797
1.664468
-391.736228
0.333583
-0.618569
0.222030
482.462023
0.463583
-0.996479
0.633951
168.825709
-1.072946
-2.297485
0.840213
24.512704
0.758104
-0.684978
0.200722
371.478912
-0.001652
-1.219382
0.142480
414.784582
1.594753
-0.000464
1.694386
-395.652864
-0.065631
-1.242853
1.017995
108.570726
-0.739565
-1.977105
0.289194
296.127595
2.764413
1.464667
0.826934
121.740657
-1.402697
-2.689704
0.843563
42.183500
0.848259
-0.243616
1.127727
-21.556933
0.492335
-0.863744
1.264166
-198.915972
-0.401649
-1.541345
0.925137
120.810767
-0.455478
-1.872794
0.713804
-72.615284
1.222913
0.478565
0.285113
251.863743
2.440214
1.067969
0.099561
488.215056
-0.299555
-1.602072
0.856454
136.463710
-0.022059
-1.229650
0.573825
118.164779
2.138722
0.654392
1.230063
-256.161684
0.176458
-1.016535
0.682012
155.810771
0.251498
-1.012566
0.580234
271.112046
-1.508813
-3.013586
0.212270
191.491859
1.804008
0.287664
0.728738
234.938919
-1.107856
-2.429124
1.256094
-104.783224
1.266819
0.519665
0.601800
46.520989
0.788429
-0.167382
0.556211
154.465036
-0.757812
-1.900551
0.255373
465.281806
1.370636
-0.306159
-0.655969
856.312326
1.779564
0.273899
1.224137
-148.526892
0.245629
-0.719753
0.831944
87.099628
0.719887
-0.266794
-0.060580
626.563826
0.432716
-0.639733
0.809309
138.793541
-0.977357
-2.406590
0.698321
221.949072
0.894360
-0.969439
0.848155
36.572654
0.945197
-0.309011
1.022277
-44.371925
0.710153
-0.482165
0.936548
46.995966
-0.590387
-1.787426
1.205390
-168.632912
1.969529
0.851892
0.514442
325.265269
-0.546362
-2.248420
-0.144963
514.330492
0.859292
-0.301883
-0.567463
689.462958
2.151061
0.604026
0.619824
120.359481
0.790464
-0.314335
1.382615
-229.336203
0.422389
-1.159042
0.568752
173.571310
0.461492
-0.770921
0.160682
352.428940
1.260571
-0.120509
0.275460
235.227943
1.231015
0.340471
0.273326
293.676536
0.878028
-0.277637
1.505955
-304.461946
0.828187
-0.398954
0.432070
263.807789
1.420909
0.365050
0.917818
-87.430169
-0.850567
-1.759224
0.626329
206.345543
-0.394178
-1.309209
0.720156
142.213503
-1.030674
-2.145719
-0.617656
707.620848
2.935682
1.762338
0.797599
70.945100
-1.843234
-3.037648
-0.345106
522.741071
2.213541
0.778393
0.938369
17.545113
0.022143
-1.436246
