0.012555
-0.025270
1.857608
0.386218
-0.073859
0.351764
-0.324671
-0.243065
-0.208160
0.652655
-0.620622
-0.124602
-0.094229
0.423183
-0.395784
-0.266321
-0.193359
0.602393
-0.725773
-0.137241
-0.205523
1.120195
0.813106
0.129129
-0.152386
0.640548
-0.072786
0.073072
0.001162
0.408485
0.356529
-0.209282
-0.144461
0.573391
0.162421
0.104986
0.090639
-0.065822
-0.743321
0.024681
0.053005
-0.296656
1.688637
0.488801
0.113083
0.037055
-0.691463
0.082421
0.052892
-0.207810
1.557470
0.431716
0.021951
0.432571
-0.648900
-0.524406
-0.008544
0.571407
-0.316796
-0.068733
0.076260
0.026633
-0.533912
-0.500942
-0.012363
0.570935
-0.450847
-0.238733
0.012658
0.397017
0.268010
-0.260226
0.078465
0.490360
-0.036814
-0.201103
0.055545
0.140281
0.200999
-0.295268
0.079308
0.439930
0.124198
-0.086711
-0.069116
0.715013
-0.900366
-0.187201
0.165737
-0.207104
1.258886
0.264953
-0.005537
0.749835
-0.739081
-0.274632
0.217052
-0.126138
1.114126
0.239178
-0.006865
0.179748
-0.571391
-0.541840
-0.193908
1.182163
0.115756
0.017030
0.011402
-0.003738
-0.289330
-0.418832
-0.108403
0.744257
-0.013154
-0.292012
0.078793
0.108671
0.155029
-0.467735
0.001087
0.759165
1.261825
-0.030851
0.090993
0.104038
-0.032299
-0.500398
0.062329
0.661493
1.280642
-0.054916
0.007339
0.662506
-0.563293
-0.238536
0.124688
0.061559
0.136977
0.308128
0.018017
0.585493
-0.416912
-0.195271
0.179908
0.007564
0.208851
0.348229
-0.014944
0.179745
0.321480
-0.303668
-0.166562
0.863279
-0.285295
-0.212726
0.007358
0.090200
-0.229124
-0.360383
-0.160962
0.933660
-0.466704
-0.246533
0.114789
-0.295433
-0.198689
-0.608761
0.085742
0.121007
1.613844
0.146485
0.139751
-0.271129
-0.300950
-0.701705
0.134717
-0.093858
2.298273
0.169506
0.080534
-0.228428
0.148750
-0.067940
0.276248
-0.414004
0.228879
0.051556
0.023537
0.233867
-0.060142
-0.286325
0.232631
-0.300494
0.459564
0.102456
-0.029570
0.250590
-0.462845
-0.232134
-0.155675
1.013557
0.381183
-0.035810
-0.025725
0.183475
-0.640961
-0.262107
-0.140525
0.670299
0.360407
0.025128
0.023045
-0.089073
-0.377584
-0.718371
0.110802
0.214147
1.511018
0.031572
-0.021485
-0.178451
-0.361447
-0.618788
0.127825
-0.057737
1.537357
0.030136
-0.094159
1.050847
0.124508
-0.274306
0.201275
-0.062515
1.364180
0.099764
-0.055038
0.681535
0.375905
-0.133555
0.160818
-0.060324
1.103892
0.110598
-0.045236
0.836081
-0.218643
0.018099
-0.199071
0.785721
0.678417
-0.003755
-0.067129
0.922473
-0.030714
0.029145
-0.086703
0.989396
0.576887
-0.024935
0.047600
-0.376657
-0.121453
-0.621544
0.260968
-0.886233
1.865560
0.049815
-0.111236
0.401748
-0.387797
-0.431032
0.174557
-0.523734
1.689726
-0.117790
-0.052121
0.515777
0.492270
-0.177035
0.179573
-0.238444
1.221646
0.183714
-0.010168
0.060026
0.358292
-0.120595
0.174559
-0.204450
1.044564
-0.009872
-0.073787
1.101135
0.483884
0.103558
-0.056430
0.793533
0.790979
0.002206
-0.114050
1.109795
0.485340
0.203813
-0.127925
0.979216
0.929038
0.115823
-0.113081
0.447384
-0.015541
-0.330958
0.220596
-1.399529
0.954635
-0.021763
-0.167959
0.709643
-0.140208
-0.286426
0.311717
-0.734093
1.205172
-0.190399
0.001115
-0.297506
0.589233
0.013613
0.094510
0.214786
0.778446
-0.023810
-0.010748
-0.105942
0.604031
-0.063699
0.062825
0.195169
0.791433
-0.045427
-0.172013
1.470409
0.433582
0.176115
-0.031170
0.136491
1.011013
0.148969
-0.150359
1.377872
0.575951
0.206707
-0.084584
0.540295
1.172680
0.268480
-0.283092
1.174050
-0.377224
-0.068216
0.222234
-1.020675
1.080397
-0.090383
-0.300475
1.345623
-0.576021
-0.067770
0.183673
-0.707600
0.392380
-0.115285
0.011249
-0.293908
0.702581
0.041691
0.055708
0.540538
0.765534
-0.174405
-0.014099
-0.154201
0.577899
0.191712
0.077172
0.535948
0.783231
-0.167718
-0.466318
0.976362
0.426916
0.308015
0.006501
-0.015735
0.813686
0.321546
-0.472965
0.951003
0.445858
0.292781
-0.054992
0.304630
1.123622
0.423806
-0.327772
1.456520
-0.484388
-0.010037
0.225871
-1.028154
0.877890
-0.040678
-0.310714
1.368307
-0.228412
0.057831
0.207867
-0.752692
0.327039
-0.185405
-0.086484
-0.126482
0.566266
0.088492
0.098183
0.712724
0.508632
-0.110708
-0.017839
-0.405175
0.571639
0.019006
0.083822
0.960578
0.455476
-0.020134
-0.424407
0.784060
0.476386
0.103356
-0.036089
0.453155
2.186156
0.415765
-0.310422
0.681387
0.782757
0.088573
-0.059554
0.547120
2.108571
0.361554
-0.269141
1.028327
-0.170633
0.118863
0.153062
-0.248933
1.131299
0.068342
-0.156478
1.074368
0.105528
0.188325
0.138578
-0.303286
0.875336
0.045753
0.017930
-0.395394
0.665193
0.011254
0.085498
0.476617
-0.339826
0.025800
-0.002176
-0.628465
0.778533
-0.016291
0.043454
0.601264
0.474289
0.082845
-0.325466
0.670408
0.600130
-0.054875
-0.030641
0.203710
1.743712
0.307615
-0.396753
0.877038
0.809101
-0.104528
-0.043920
0.358699
1.345446
0.195896
-0.127598
0.633563
-0.431441
0.025368
0.064119
0.573320
1.163009
0.143552
-0.141415
0.627805
-0.412757
0.052503
0.095596
0.291781
1.191009
0.251213
0.115763
-1.261928
0.822105
-0.057784
0.018296
0.659445
-0.322910
-0.323289
0.180995
-1.114621
0.979087
-0.010676
0.019505
0.664029
0.370946
-0.161586
-0.335587
0.206787
-0.468249
-0.313783
0.072414
-0.183938
1.294352
0.192887
-0.364238
0.313845
-0.469503
-0.295745
0.007558
-0.115136
1.056093
0.159002
-0.059538
0.512346
-0.538063
-0.136367
0.049427
0.466260
0.934598
0.177161
0.064977
-0.126773
-0.732936
-0.289306
0.090996
0.197543
1.341831
0.421733
0.028014
-0.208302
0.372547
-0.195210
-0.062745
1.195845
0.184038
-0.301064
0.029463
-0.345258
0.726973
-0.199063
0.015033
0.743563
0.323030
-0.318581
-0.281103
-0.349097
-0.243023
-0.235237
0.080766
-0.228655
1.195951
0.071128
-0.280816
-0.298287
-0.312085
-0.273475
0.014346
0.447579
0.748719
-0.159515
0.219516
-0.227669
-1.248381
-0.580560
0.054096
0.645835
1.785120
0.431683
0.298969
-0.447042
-1.406462
-0.612354
-0.203879
1.190047
2.448457
0.583449
0.163716
-0.561087
0.429605
-0.288872
-0.053744
0.688602
0.132514
-0.151804
0.167867
-0.579150
0.584459
-0.229096
-0.022263
0.620868
0.149259
-0.173856
0.122525
0.060652
0.030136
-0.177770
0.015904
0.263206
0.675069
-0.125481
0.156601
-0.004928
0.074717
-0.218533
