-2517.680609
13477040.061645
-27714.176012
99.225692
-256.769012
1340362.206464
2152.785634
135.458774
0.051803
10.825261
0.080140
-0.045035
-257.003744
1341590.690546
2154.678438
135.580471
0.052235
10.591394
0.078099
-0.045241
0.020130
164.849901
0.716390
0.041881
0.039543
12.425792
0.030848
-0.037886
0.020282
164.842817
0.716303
0.041457
0.039093
12.434209
0.022943
-0.039564
-10280.957024
36169034.287405
219472.335075
34.596460
-2523.040307
13505079.330672
-27607.188402
99.422973
-10289.865554
36200379.605362
219662.758556
34.626041
-2524.188916
13511087.860489
-27584.179218
99.463765
-257.768136
1345583.457814
2161.010132
135.986699
0.050698
10.781586
0.070290
-0.049139
-258.002575
1346811.176988
2162.907132
136.110880
0.050650
10.876347
0.074164
-0.049128
0.021717
164.319891
0.715095
0.039763
0.040067
12.121970
0.024238
-0.040400
0.020429
164.275938
0.714935
0.039145
0.040125
12.137757
0.025090
-0.040838
-10318.822151
36302252.997073
220281.473703
34.717994
-2529.547428
13539126.438415
-27478.047910
99.650319
-10327.732929
36333598.821443
220471.586268
34.748044
-2530.695119
13545134.601247
-27455.292267
99.691301
-258.766501
1350803.416815
2169.874310
136.513239
0.051268
10.838091
0.077977
-0.046796
-259.001324
1352031.836953
2172.062833
136.636167
0.050509
10.841146
0.070669
-0.047260
0.021866
164.048543
0.719495
0.042204
0.038953
12.489296
0.028016
-0.039392
0.020810
164.441703
0.718286
0.041551
0.039083
12.368777
0.028883
-0.039069
-10356.733188
36435470.875748
221089.717630
34.834069
-2536.054692
13573173.138226
-27349.079619
99.879999
-10365.643236
36466816.243642
221279.655285
34.859928
-2537.203117
13579181.527187
-27326.261632
99.921316
-259.765717
1356025.068173
2179.233179
137.044051
0.050926
10.584342
0.066118
-0.048165
-260.000287
1357253.469322
2181.240551
137.169753
0.050635
10.874528
0.070649
-0.048805
0.021186
164.558022
0.722427
0.041538
0.037970
12.983371
0.034508
-0.038544
0.020092
165.505427
0.726374
0.040968
0.038351
12.781615
0.034919
-0.038507
-10394.598641
36568688.041343
221897.951558
34.949481
-2542.559395
13607218.774630
-27220.428787
100.118857
-10403.508209
36600033.512874
222088.142460
34.982666
-2543.708248
13613227.577001
-27197.543387
100.161033
-260.763062
1361244.733056
2188.252116
137.579842
0.050581
10.685922
0.064706
-0.049590
-260.998449
1362473.170765
2189.070616
137.695047
0.050621
10.848796
0.063082
-0.049998
0.020015
165.231412
0.723247
0.042366
0.038235
12.588272
0.037874
-0.036966
0.020172
165.121352
0.719486
0.041372
0.038307
12.563095
0.035166
-0.037329
-10432.464101
36701905.980678
222706.246384
35.076593
-2549.067001
13641266.629562
-27090.597512
100.360800
-10441.374397
36733251.730013
222896.411230
35.107081
-2550.214943
13647274.640166
-27067.451841
100.401742
-261.761144
1366466.316114
2194.791083
138.098114
0.050762
10.916940
0.060361
-0.051670
-261.995849
1367694.689028
2196.279202
138.215281
0.050747
10.732655
0.060072
-0.051183
0.019531
165.555955
0.717675
0.040857
0.039603
11.752402
0.033741
-0.038003
0.019690
165.755216
0.718638
0.041328
0.039005
11.857316
0.029610
-0.038651
-10470.329180
36835123.678386
223514.838953
35.196539
-2555.573864
13675313.126218
-26961.546097
100.591470
-10479.239298
36866469.196460
223704.904631
35.224405
-2556.721887
13681321.293668
-26938.310560
100.633987
-262.760154
1371687.625321
2203.677078
138.616119
0.050699
10.789762
0.058690
-0.053923
-262.995117
1372916.316664
2205.968608
138.742180
0.050435
10.914288
0.059374
-0.053637
0.020559
165.802963
0.717915
0.041437
0.039365
11.678563
0.029358
-0.037134
0.021214
165.470113
0.719372
0.042101
0.038765
11.753917
0.029716
-0.036984
-10508.195282
36968341.587228
224323.317145
35.318212
-2562.081003
13709359.824373
-26831.620419
100.824588
-10517.104681
36999686.914742
224513.505430
35.347357
-2563.229317
13715367.779276
-26808.687754
100.865092
-263.758846
1376908.837536
2214.210557
139.133400
0.049774
11.698565
0.055560
-0.056080
-263.994184
1378137.145003
2216.105439
139.253822
0.049616
11.733852
0.059079
-0.055914
0.021141
165.765176
0.723462
0.041999
0.038979
11.921577
0.029912
-0.038416
0.021277
165.641847
0.724031
0.043218
0.039036
11.805773
0.031094
-0.038527
-10546.061439
37101559.561362
225131.449100
35.440800
-2568.587941
13743405.809986
-26703.424623
101.056100
-10554.970512
37132904.662692
225321.751848
35.467478
-2569.736303
13749413.878269
-26680.657695
101.098926
-264.759153
1382128.762642
2223.183309
139.655780
0.049425
12.395524
0.056796
-0.056420
-264.993740
1383357.441951
2225.490685
139.775958
0.049501
12.308911
0.056363
-0.056722
0.022963
165.405998
0.724653
0.042442
0.038878
12.266897
0.030465
-0.040354
0.022961
165.342811
0.723149
0.043425
0.038146
12.218672
0.030898
-0.039164
-10583.926542
37234777.013451
225939.567427
35.560193
-2575.094199
13777451.908384
-26573.455877
101.293375
-10592.835995
37266122.294530
226129.569863
35.587577
-2576.242348
13783459.915711
-26550.695934
101.332690
-265.757136
1387349.393528
2231.248233
140.180406
0.049857
12.244491
0.048368
-0.058155
-265.991830
1388577.873506
2231.505747
140.308033
0.049442
12.358463
0.050406
-0.057306
0.021771
165.604350
0.721039
0.043537
0.037613
12.649455
0.028682
-0.042376
0.021419
165.501376
0.721127
0.043791
0.038159
12.348536
0.019417
-0.043710
-10621.791820
37367994.410220
226747.743792
35.677526
-2581.601564
13811497.992801
-26444.624741
101.525299
-10630.701671
37399339.906832
226937.809242
35.705773
-2582.749565
13817506.092951
-26421.751648
101.567160
-266.755273
1392570.752274
2240.121686
140.719384
0.050131
12.231736
0.054134
-0.057007
-266.990014
1393799.088976
2242.140303
140.842422
0.049979
12.247227
0.052972
-0.057472
0.020594
165.702270
0.721581
0.047178
0.039081
11.578976
0.020779
-0.042450
0.020739
165.912247
0.720235
0.047193
0.038337
12.061606
0.019705
-0.042117
-10659.657962
37501212.411239
227555.789167
35.801139
-2588.108574
13845544.572626
-26315.204865
101.757459
-10668.567444
37532557.809844
227745.984644
35.828816
-2589.257032
13851553.048325
-26292.192996
101.799453
-267.753665
1397791.491931
2249.785704
141.243509
0.050180
12.231866
0.047885
-0.056747
-267.989097
1399019.457059
2251.628467
141.365544
0.049972
12.197280
0.047562
-0.056888
0.021283
165.703532
0.718575
0.047843
0.037361
12.573937
0.016376
-0.043070
0.021516
165.491493
0.718641
0.048289
0.038733
12.000009
0.014567
-0.044029
-10697.523954
37634430.308199
228364.222399
35.923141
-2594.615990
13879591.494039
-26186.178706
101.984038
-10706.434118
37665775.883860
228554.382200
35.950986
-2595.764007
13885599.542745
-26163.525943
102.025731
-268.752986
1403013.771338
2258.353974
141.770381
0.050495
11.685936
0.050372
-0.055234
-268.987950
1404241.599102
2260.329302
141.894821
0.050707
11.687215
0.047144
-0.055555
0.021388
165.534855
0.726310
0.048380
0.037991
12.144632
0.014340
-0.042684
0.020914
165.748758
0.726349
0.048083
0.038464
12.080129
0.014837
-0.042880
-10735.389842
37767648.240514
229172.464907
36.043447
-2601.123092
13913638.385164
-26056.802513
102.214920
-10744.299977
37798993.368244
229362.548363
36.072971
-2602.271670
13919646.523432
-26034.011700
102.254112
-269.751873
1408232.197153
2265.306459
142.291203
0.049295
11.947988
0.058746
-0.050693
-269.986930
1409460.028382
2267.519572
142.414310
