5.174185
5.110050
5.568512
5.290463
5.079961
5.328370
5.345992
5.212059
5.309855
5.173698
5.183237
5.089095
5.393073
5.230646
5.101519
5.357091
5.425156
5.464363
5.504179
5.323877
5.623416
5.409182
5.417776
5.214621
5.088562
5.282402
5.206903
5.095823
5.517305
5.458680
5.511185
5.605514
5.221953
5.500907
5.421371
5.430330
5.582171
5.857512
5.573506
5.262167
5.061162
5.487281
5.346700
5.645585
5.819503
5.844759
5.770132
5.811786
5.815789
5.902654
5.784014
5.493707
5.684809
6.052948
5.400239
5.543657
5.399825
5.863932
5.597254
5.556572
5.492969
5.581145
5.436147
5.236994
5.557207
5.546909
5.370205
5.194988
5.393522
5.376943
5.562601
5.321208
5.646362
5.531414
5.634058
5.538425
5.460981
5.145317
5.000836
5.467437
5.178091
5.565158
5.200563
5.558783
5.005384
4.978089
4.939467
5.341554
5.526744
5.408041
5.276594
5.343403
5.400834
5.488524
5.329023
5.360906
5.335615
5.307711
5.218731
5.432050
5.247993
5.457262
5.305916
5.127748
5.140689
5.136746
5.320885
5.436393
5.452214
5.575398
5.350924
5.159533
4.999855
5.214579
5.141578
4.804761
4.950766
4.927777
5.315717
5.289112
5.383260
5.130767
5.514807
5.203077
5.658131
5.603961
5.410760
5.364223
5.125407
5.285040
5.337643
5.730880
5.681328
5.420422
5.492596
5.492141
5.667400
5.475394
5.402475
5.531059
5.225452
5.146077
5.175252
5.415196
5.465628
5.258259
5.340581
5.071721
5.184027
5.131785
5.192807
5.397234
5.340553
5.416374
5.626893
5.863496
5.894799
5.968207
5.378787
5.651393
5.299739
5.400088
5.779633
5.579097
5.479014
5.421326
5.966071
5.821208
5.568945
5.478092
5.350404
5.087810
5.175814
5.104451
5.402736
5.659825
5.161329
5.631180
5.610608
5.749382
5.718030
5.741042
5.792337
5.942786
5.518165
5.325227
5.123175
5.435832
5.490342
5.338092
5.169592
5.076148
5.374302
5.489774
5.722563
5.421241
5.287737
5.176252
5.397201
5.449436
5.084377
5.201669
5.399383
5.666620
5.608102
5.568505
5.701906
5.502041
5.344694
5.095864
5.304177
5.246812
5.292593
5.561207
5.347937
5.445983
5.418116
5.793939
5.440800
5.440119
5.431905
5.409484
5.314753
5.293752
5.473694
5.465728
5.591193
5.920835
5.974207
5.291901
5.202139
5.281104
5.359721
5.426449
5.520469
5.492403
5.298242
5.120995
5.532227
5.464067
5.065484
5.327308
5.597431
5.346856
5.156489
5.157643
5.656275
5.511309
5.828996
5.659012
5.472297
5.408842
5.347247
5.426716
5.465442
5.390008
5.060322
4.981128
5.232869
4.769651
5.355899
5.288183
5.291576
5.686213
5.584249
5.377788
5.395336
5.836651
5.444847
5.885464
5.424328
5.388802
4.897295
5.000456
5.285017
5.397570
5.433258
5.434048
5.382569
5.332897
5.073043
5.289852
5.184916
5.033064
5.276596
5.059071
5.080247
5.395006
5.342925
5.288754
5.222500
5.316974
5.348288
5.335626
5.079555
5.652460
5.615751
5.597798
5.617921
5.515786
5.040620
4.851222
5.022680
5.511382
5.365287
5.081438
5.131626
5.067896
5.588487
5.518996
5.365119
5.387821
5.066337
5.046023
5.396492
5.737988
5.655030
5.486376
5.452943
5.529181
5.254889
5.336013
5.196471
5.009832
4.958205
5.072855
4.924954
5.190375
5.424274
5.680780
5.376602
5.472949
5.651837
5.457259
5.472380
5.744313
5.696965
5.658509
5.590042
5.758361
5.953375
5.986681
5.847845
5.845292
5.469447
5.457675
5.581127
5.164634
5.279208
5.770449
5.497364
5.248583
5.557586
5.526356
5.192902
5.492086
5.650004
5.800069
5.290135
4.979120
5.199459
5.359401
5.159960
4.656861
4.795234
5.059045
5.202625
5.633701
5.658612
5.546329
5.471902
5.354396
5.336370
5.221360
5.482751
5.586290
5.644195
5.667736
6.071904
5.496532
5.455202
5.526876
5.313930
5.326159
5.560120
5.718901
5.228901
5.394406
5.476649
5.315719
5.514830
5.176168
5.661092
5.714476
5.673096
5.675295
5.900651
5.753417
5.941088
5.735111
5.661998
5.438858
5.297879
5.512671
5.892921
5.781661
5.478062
5.609496
5.718360
5.524438
5.457044
5.413086
5.635536
5.604680
5.467448
5.320595
5.493182
5.748376
5.340357
5.452861
5.302656
5.840658
5.450347
5.041164
4.865518
4.817449
4.738839
4.792395
5.019209
5.537095
5.242262
5.283481
5.397512
5.444278
5.554294
6.015329
5.878735
5.854279
5.794196
5.769058
5.911361
5.768989
5.717573
5.651016
5.429237
5.252431
5.533697
5.220739
5.150981
5.081402
5.179991
5.690736
5.266194
5.434633
5.130605
5.155876
5.515432
5.623377
5.618575
5.573376
5.447094
5.508842
5.628078
5.531923
5.548444
5.698442
5.658418
5.529199
5.538793
5.359229
5.451063
5.721204
5.581031
5.519187
5.776396
5.619912
5.776949
5.651764
5.498879
5.196070
5.019121
5.152994
5.233598
5.214339
5.225666
5.248798
5.366417
5.192950
5.508124
5.424685
5.181948
5.031991
5.368890
5.304275
5.485991
5.452349
5.730336
5.689767
5.497974
5.605717
5.439860
5.708811
5.366021
5.732708
5.473881
5.043268
5.053341
5.386134
5.343329
5.589948
5.684420
5.492161
5.568524
5.380534
5.264116
5.354623
5.314732
5.186174
5.135876
5.136568
5.473945
5.360921
5.356875
4.807623
4.903155
5.043941
5.134464
5.735740
5.872485
5.667862
5.268390
5.709959
5.279435
5.775535
5.433875
5.688479
5.637226
5.436653
5.401260
5.367894
5.216848
5.200389
5.314413
5.136113
5.588912
5.560390
5.051683
5.165540
5.274870
5.139388
5.001054
4.953591
5.078686
5.182653
5.207018
5.485674
5.441005
5.529371
5.542217
5.381938
5.049856
5.122822
5.199271
5.338992
5.080215
5.374821
5.235599
5.306411
5.454575
5.812138
5.571974
5.147738
5.180845
5.460534
5.204924
5.482912
5.366525
5.798395
5.357515
5.130414
5.146822
5.305072
5.365537
5.294476
5.212086
5.020262
5.369002
5.556745
5.280981
5.296578
5.571046
5.534447
5.321663
5.267124
5.097625
5.002472
5.369774
5.599624
5.402573
5.319298
5.250843
5.166249
5.323745
5.081836
5.082638
5.600943
5.205995
5.298464
5.179134
5.286650
5.455049
5.479189
5.244299
5.097525
4.822818
5.745327
5.602531
5.818367
5.709340
5.178307
5.003152
5.240886
5.073089
5.098621
5.613165
5.679110
5.530536
5.877819
5.472153
5.495846
5.370324
5.299073
5.576148
5.484361
5.429465
5.455817
4.980765
5.157338
5.444367
5.220964
5.329781
5.398783
5.317720
4.861543
5.272349
5.356932
5.437017
5.112198
4.806069
5.084764
5.098677
5.150492
5.006722
5.162910
5.339242
5.295552
5.394548
5.576682
5.802187
5.553600
5.471440
4.908977
5.196753
5.333384
5.245618
5.472852
5.460812
5.505493
5.555722
5.391076
6.067146
5.658325
5.630607
5.387794
5.298797
5.400545
5.460195
5.201707
5.234535
5.633830
5.840470
5.827931
5.756886
5.517018
5.448368
5.204380
5.188245
5.242827
5.295537
5.491428
5.737955
5.675090
5.702800
5.584429
5.359938
5.582653
5.511313
5.579166
5.395269
5.400689
5.336180
5.318540
5.697088
5.304760
5.394645
5.156795
5.280786
5.404929
5.360452
5.363519
5.338757
5.214305
5.160241
4.923349
4.793470
4.881311
5.274694
5.007943
4.982467
4.972615
5.542612
5.677550
5.540201
5.583167
5.622576
5.044565
5.310351
5.357696
5.395011
5.577110
5.704208
5.247572
5.484065
5.695438
5.571572
5.255532
5.643048
5.623333
5.668152
5.458087
5.581758
5.406649
5.385881
5.285550
4.991350
5.577761
5.568312
5.230427
5.198086
5.252672
5.214224
5.595361
5.454226
5.320523
5.506118
5.304586
5.223706
4.939764
5.353731
5.646016
5.667147
5.693135
5.984055
5.934385
5.583142
5.348709
5.127187
5.292419
5.278628
5.411068
5.269642
5.584548
5.351516
5.189588
5.236986
5.190095
5.341041
5.484816
5.310203
5.379908
5.295658
5.566361
5.234400
5.332490
5.137302
5.451718
5.431725
5.150355
5.264023
5.440113
5.481340
5.044393
5.427367
5.304714
5.280998
5.504013
5.460692
5.361797
5.446097
5.487332
5.381643
5.227777
5.389299
5.534878
5.421218
5.351855
5.486351
5.342552
5.094254
5.227287
5.055048
5.455728
5.591377
5.785565
5.887551
5.505755
5.623495
5.540278
5.226257
5.519539
5.612012
5.392514
5.178561
5.867665
5.707607
5.389357
5.685502
5.465974
5.371344
5.117468
5.349325
5.279261
5.354164
5.633721
5.645099
5.361426
5.403873
5.620529
5.634032
5.507026
5.663599
5.666571
5.990193
5.952285
6.004754
5.414598
5.521082
5.380424
5.017266
5.159531
5.451251
5.574115
5.561425
5.628145
5.410445
5.445674
5.548338
5.651499
5.536099
5.469118
5.697129
5.110321
5.153620
5.278911
5.451008
5.397370
5.557518
5.411599
5.138269
5.301000
5.742552
5.771488
5.491790
5.303216
5.191704
5.249977
5.288359
5.239573
5.512589
5.733558
5.655025
5.669830
6.129290
5.624764
5.142030
5.548269
5.466070
5.067675
5.371377
4.934937
4.882257
5.016337
5.174538
5.091140
5.095699
5.319422
5.236416
4.786432
5.118419
4.854570
5.092650
5.262369
5.879686
5.630107
5.418209
5.172143
5.353004
5.024221
5.297860
5.230910
5.363949
5.621213
5.723448
5.826995
5.902994
5.806948
5.743974
5.403184
5.284785
5.014733
5.174215
5.644464
5.622382
5.835599
5.443527
5.148786
5.508195
5.572408
5.459372
5.539320
5.411385
5.811751
5.668818
5.601588
5.457245
5.332763
5.474133
5.071536
5.247695
4.940885
4.887826
5.303130
5.211991
5.409798
5.587855
5.465157
5.284636
5.336108
5.270909
5.391316
5.650084
5.475828
5.460485
5.563555
5.110533
4.948769
4.929922
5.328642
5.428731
6.050805
5.602820
5.430590
5.411796
5.910669
5.771093
5.562310
4.960910
5.282548
5.485820
5.345117
4.746280
5.103661
5.240514
5.784176
5.853754
5.447950
5.304367
5.334862
5.193507
5.566843
5.561511
6.050470
5.442458
5.484730
5.321060
5.257847
5.694395
5.542975
5.643761
5.857019
5.789749
5.663060
5.940188
5.711446
5.620635
5.625286
5.617489
5.243097
5.047951
5.242526
5.277868
5.219292
5.279917
5.979083
5.738552
5.472550
5.610939
6.054511
5.551486
5.670765
5.564277
5.414228
5.367834
5.589364
5.406964
5.528403
5.578851
5.570078
5.594653
5.319197
5.278406
5.018638
5.405873
5.317657
5.537602
5.281407
5.060188
5.186900
5.261805
5.269643
4.974311
5.159455
5.412699
5.104463
5.358511
5.407169
5.578023
5.376480
5.305071
5.264565
5.269385
5.295442
5.119728
5.336676
4.888049
5.108736
5.133468
5.185944
5.114180
5.120318
4.931584
4.985694
5.382090
5.030799
5.069721
5.257809
4.780139
5.166639
5.580888
5.803382
5.637666
5.758138
5.997842
5.530999
5.482658
5.604838
5.418829
5.651557
5.130599
5.102297
5.060669
5.588331
5.552577
5.423272
5.170115
5.541905
5.562440
5.313913
5.392160
5.183781
5.283212
5.503527
5.345273
5.351976
5.164155
5.005957
5.516015
5.469648
5.414539
5.059328
5.092480
4.911771
5.148630
5.200470
5.126704
5.109898
5.582692
5.261795
5.223399
5.381961
5.380719
5.318991
5.455140
5.149095
5.352265
5.087932
5.273383
5.402540
5.767316
5.379267
5.493572
5.116055
5.027569
5.279886
5.178430
5.292972
4.667349
4.885707
5.254488
5.351532
5.209953
5.384249
5.312390
5.849798
5.559317
5.270880
5.217332
5.337503
5.756794
5.498609
5.565403
5.769794
5.478257
5.445915
5.524353
5.408654
5.438320
5.534657
5.294827
5.505198
5.668635
5.510751
5.387087
5.611623
5.396354
5.408881
5.587352
5.562928
5.708196
5.607930
4.859197
5.352666
5.816634
5.487970
5.670809
5.717117
6.041278
5.261045
5.451964
5.371581
5.707268
5.613405
5.349691
5.400342
5.369999
5.494199
5.408076
5.293146
5.045571
5.238584
5.094668
5.375295
5.341060
5.393290
5.314386
5.277473
5.315786
5.087196
5.143037
5.373896
5.358638
5.447420
5.538123
5.679998
5.463631
5.272266
5.227749
5.197541
4.879554
5.142875
5.107590
5.128189
5.069257
5.311722
5.112102
5.410078
5.327994
5.558226
5.198588
5.246849
5.455017
5.625693
5.430843
5.266954
5.237610
5.296891
5.549082
5.531980
5.804854
5.314213
5.455967
5.113518
5.558979
5.432136
5.323103
5.441827
5.261441
5.198925
4.974960
5.429433
5.556062
5.434405
5.478807
5.439866
5.304574
5.584646
5.582687
5.681255
5.583708
5.704942
5.028172
5.081731
5.066490
5.028566
5.103500
5.272184
5.289535
5.149431
4.847693
5.142739
5.177658
5.310320
5.264720
5.270330
5.066548
5.146768
5.354394
5.653038
5.098216
5.470942
5.306555
5.262051
5.382341
5.344738
5.367906
5.687025
5.505236
5.376452
5.407731
5.366793
5.234391
5.620663
5.110478
5.572967
5.487966
5.317144
5.422773
5.465132
5.123889
5.067887
5.407401
5.055156
5.051797
4.991480
4.844650
5.029016
4.823723
5.109697
5.247485
5.187903
5.329630
5.396618
4.971560
5.105994
5.519445
5.777389
5.775272
5.407256
5.572572
5.230057
5.216170
5.452219
5.591169
5.539685
5.289053
5.561953
5.778500
5.735299
5.651782
5.498221
5.546240
5.619184
5.479597
5.633739
5.634355
5.338086
5.314048
5.574551
5.355096
5.414458
5.246288
5.361659
5.408281
5.217741
5.636749
5.514080
5.098463
5.156819
4.933558
5.095400
5.450248
5.036182
5.001254
5.116233
5.775953
5.753660
5.525901
5.043081
5.409390
5.131531
5.166974
5.093526
5.105367
5.399553
5.430034
5.366582
4.951122
4.997569
5.156775
5.372296
5.744724
5.540805
5.658072
5.674474
5.495738
5.536321
5.693204
5.617782
5.474977
5.662372
5.544575
5.734468
5.411348
5.417567
5.375520
5.501968
5.509178
5.402079
5.569247
5.678906
5.661859
5.714370
5.911087
5.306488
5.145098
4.993651
5.009019
5.011289
4.919687
4.959010
5.525652
5.453593
5.161064
5.442481
5.657726
5.913374
5.723949
5.825606
5.845251
5.267086
5.450980
5.833147
5.805638
5.791649
5.292510
5.107110
5.279191
5.398862
5.319356
5.255508
5.205401
5.250463
5.104590
5.090861
5.405611
5.625087
5.518674
5.319563
5.116366
5.391390
5.460405
5.420235
5.681834
5.379522
5.654215
5.385893
5.430897
5.556916
5.393542
5.449190
5.502600
5.420146
5.550224
5.726411
5.599672
5.518203
5.493832
5.520775
5.532978
5.511591
5.458531
5.476614
5.402990
5.330698
5.508081
5.251158
5.089458
5.162411
5.367686
5.310999
5.340127
5.464240
5.275747
5.630932
5.331403
5.505449
5.376624
5.069318
5.105085
5.597371
5.642378
5.280438
5.355946
5.047532
5.241388
5.465990
5.508594
5.239167
5.082684
5.412237
5.532262
5.429816
5.598517
5.581889
5.227362
5.291737
4.988410
5.026582
4.653473
4.737950
4.748874
5.158647
5.061532
5.376030
5.232039
5.207272
5.465496
5.514700
5.288410
5.283321
5.451337
5.507916
5.626806
5.513465
5.234351
5.549385
4.880246
4.874249
5.303274
5.520883
5.290337
5.306789
5.317501
5.523895
5.539134
5.660427
5.714426
5.312504
5.492691
5.325047
5.078120
4.907363
5.082145
5.642156
5.230899
5.544795
5.079168
4.613602
4.738166
5.371823
5.603805
5.641781
5.376300
5.279769
5.079492
4.917898
5.045250
5.155385
5.109520
5.377542
4.947839
5.230655
5.498508
5.157029
5.541759
5.132012
5.124614
5.568209
5.461782
5.627995
5.565024
5.417394
5.670974
5.311468
5.541622
5.417639
5.187673
5.367768
5.259486
5.397666
5.182547
5.189300
5.560329
5.222612
5.242886
5.458889
5.391360
5.508005
5.676247
5.707653
5.582825
5.582512
5.642051
5.618845
5.652751
5.804602
5.845890
5.572417
5.541699
5.303105
5.530390
5.332941
5.714365
5.214949
5.815645
5.123274
5.333908
5.290418
4.931027
4.733983
4.740891
4.868950
5.030278
5.225262
5.431515
5.685029
5.621176
5.552510
5.279838
5.336091
5.392392
5.719508
5.584759
5.453659
4.962340
5.126131
5.542506
5.240172
5.718268
5.809442
5.707857
5.546457
5.365792
5.834553
5.485800
5.576013
5.286469
5.289234
5.206247
5.741929
5.511922
5.607210
5.535227
5.281856
5.343711
5.586794
5.924694
5.670587
5.837357
5.256454
5.305522
5.160882
4.947324
5.260516
5.782443
5.404014
5.454009
5.377050
5.362806
5.091329
5.376287
5.396000
5.308973
5.279454
5.491956
5.467958
5.324787
5.198548
5.389065
5.187614
5.372832
5.522898
5.476936
5.441423
5.175800
5.364679
5.323160
5.119759
4.954045
4.951285
5.399700
5.547655
5.318219
5.470883
5.575402
5.207651
5.266837
5.413656
5.565739
5.446249
5.527828
5.179574
5.521006
5.571872
5.778958
5.602368
5.815554
5.369055
5.541580
5.789737
5.478951
5.273306
5.227397
5.442771
5.634447
5.190660
5.459766
5.075976
4.726061
5.222543
4.974115
5.035483
5.247577
4.690737
4.961754
5.213581
4.986437
4.696096
5.016287
5.109517
5.249820
4.892837
5.077643
4.892163
5.073534
5.206887
5.518219
5.417939
5.421909
5.135108
5.320453
5.173928
5.441775
5.331199
5.342714
5.000176
4.914962
5.055167
4.910754
4.977537
5.274891
4.879721
5.034473
5.589838
5.565453
5.658314
5.491342
5.559179
5.317644
5.219490
5.023292
5.359829
5.253050
5.317706
5.566194
5.596895
5.330565
5.088113
5.070739
5.625634
5.633682
5.593596
5.213736
5.379149
5.648412
5.722613
5.582467
5.108695
5.207770
4.955866
4.717677
4.957572
5.465402
5.532019
5.124657
5.787890
5.399341
4.981660
5.263716
5.374818
5.276971
5.347288
5.090834
4.988556
5.584814
5.551425
5.346115
5.429498
5.271638
5.557172
5.427669
5.386539
5.601893
5.710234
5.631701
5.300769
5.172192
5.513952
5.410589
5.140493
5.111991
5.310580
5.239019
5.274313
5.035612
5.005404
5.344322
5.168896
5.234943
5.170744
5.094698
5.116497
5.272512
5.588792
5.348254
5.182975
5.346650
5.294960
5.452542
5.411416
5.553090
5.649270
5.879710
5.752431
5.376135
5.596881
5.019229
5.089190
5.067498
5.161206
5.249856
5.635629
5.364880
5.464847
5.586953
5.313303
5.560290
5.428198
5.250392
5.061126
5.238427
5.534541
5.675105
5.868059
5.633719
5.958105
5.777109
5.665261
5.563762
5.554219
5.431591
5.618057
5.431223
5.301679
5.151942
5.129347
5.831686
5.153022
5.328493
5.151657
5.437986
5.570256
5.694465
6.093467
5.915063
5.836871
5.169593
5.476433
5.601690
5.731826
5.662154
5.854741
5.220167
5.405874
5.252532
5.499446
5.469168
5.883930
5.734416
5.707176
5.456240
5.420491
5.388947
5.443821
5.138232
5.148369
5.170943
4.995501
4.761391
4.906322
5.348673
5.100880
5.378607
4.928078
5.024622
5.387527
5.295783
4.967956
5.030566
4.822725
5.224996
5.200009
5.609801
5.340665
5.394602
5.849616
5.977194
5.926814
5.781487
5.470086
5.331457
5.399476
4.610243
5.226986
5.515768
5.493222
5.713543
5.359094
5.288729
5.694647
5.687973
5.522362
5.521936
5.856810
5.664290
5.639187
5.766784
5.830688
5.755547
5.594674
5.523195
5.249006
5.097059
4.923157
5.396983
4.923703
5.470400
5.537914
5.338800
5.581091
5.595878
5.116984
5.392227
5.756073
5.806867
5.793258
5.722213
5.569750
5.232274
5.275895
5.007060
5.410605
5.396324
5.379646
5.363294
5.420384
5.209825
5.497968
5.147043
5.201101
5.132763
5.416086
5.416441
4.810047
5.159343
5.076656
5.417286
5.660556
5.467790
5.482836
5.304250
5.338272
5.704346
5.417756
5.313244
5.579826
5.360892
5.274858
5.344167
5.076250
4.828695
4.976329
5.484522
5.354422
5.390384
5.474070
5.337870
5.100966
5.021716
4.758400
5.028225
5.259878
5.420434
5.238884
5.263912
5.498196
5.678672
5.267758
5.064856
5.239189
5.537168
5.093613
4.964292
5.202642
5.172714
5.440620
5.154012
5.269463
5.331893
5.498950
5.410096
5.362297
5.534641
5.688481
5.503247
5.595469
5.335591
5.287477
5.592057
5.468246
5.151293
5.409793
5.128727
5.060428
5.223290
4.875753
5.126108
5.308631
5.540622
5.235091
5.208596
5.233705
4.900723
5.166392
5.084383
5.358729
5.369083
5.287543
5.465105
5.436706
5.301839
5.838919
5.916613
5.438508
5.144927
5.309013
4.889000
5.108962
5.017296
5.222814
5.154214
5.165929
5.016365
5.160530
5.060636
5.201804
5.276801
5.469226
5.639468
5.764922
5.438143
5.155353
5.006347
5.048059
5.560245
5.473291
5.269801
5.269079
5.072217
5.555740
5.555476
5.471521
5.352731
5.304317
5.300354
5.139685
5.034208
5.064466
5.671237
5.564449
5.411033
5.461832
5.158954
5.141192
5.148813
4.960127
5.507305
5.790265
5.486498
5.603953
5.475410
5.263825
5.130571
5.178400
5.140449
5.495770
5.303387
5.291523
5.286394
5.481639
5.092002
4.897537
5.121548
5.022650
5.574129
5.656938
5.522808
5.626642
5.500885
5.449866
5.525592
5.652812
5.361002
5.233134
5.329497
5.332130
5.429866
5.369466
5.249460
4.954893
5.172914
4.918378
5.164048
5.468100
5.521842
5.650327
5.681135
5.421726
5.004431
5.056841
5.354388
5.455438
5.296307
4.860060
5.136705
5.190706
5.294652
5.211009
5.514317
5.716283
5.599097
5.740647
5.852312
6.112096
5.708378
5.659758
5.192250
5.251791
5.520181
5.419055
5.216565
5.065315
5.176174
5.164799
5.386955
5.273232
5.630184
5.686886
5.457125
5.448361
5.093911
5.282525
5.610225
5.558078
5.645573
5.746551
5.424452
5.132545
5.425526
5.327474
5.227199
5.507466
5.494775
5.107914
5.212983
4.924505
5.061885
5.397752
5.499110
5.296993
5.632635
5.160643
5.803522
5.622982
5.434874
5.596048
5.331166
5.595838
5.212988
5.227824
5.577431
5.583598
6.092898
5.688963
5.509465
5.769235
5.651409
5.511561
5.414554
5.269587
5.239120
4.898439
5.325800
5.164708
5.429451
5.509239
5.070303
5.167989
5.339292
5.552235
5.100607
4.992699
5.264653
5.538990
5.408409
5.450124
5.438457
5.463444
5.417734
5.444299
5.375092
5.325444
5.499290
5.666175
5.330906
5.270334
5.703574
5.231444
5.432277
5.026703
5.071585
5.363179
5.334648
5.231470
5.226212
5.455051
5.254112
5.362320
5.633297
5.992831
5.426535
5.302562
5.359916
5.332372
5.176505
5.260172
5.318941
5.287243
5.526373
5.225919
5.323891
5.254315
5.254003
5.103543
5.561935
5.391118
5.252237
5.446466
5.363615
5.032635
5.346656
5.366375
5.709903
5.590948
5.267360
5.202541
5.112979
5.378405
4.986347
4.944244
5.142660
5.280183
5.441940
5.407672
5.428229
5.336271
5.493772
5.958839
6.186972
6.000132
5.667277
5.583123
5.788995
5.531054
5.723668
5.488963
5.334451
5.373522
5.225911
5.245402
5.103267
5.459368
5.281323
5.312329
5.625490
5.646102
5.792501
5.824110
5.581639
5.330224
5.312751
5.333117
5.645263
5.430238
5.271804
5.824135
5.457917
5.656141
5.776018
5.571209
5.623890
5.242460
5.432534
5.847419
5.653368
5.974349
5.696655
5.368759
5.155912
5.630287
5.635958
5.340979
5.201725
5.557483
5.474900
5.598597
5.400654
5.529312
5.465870
5.473372
5.766745
5.761863
5.781030
5.579400
5.550793
5.483202
5.556302
5.316633
4.986089
5.073340
5.155726
4.985254
4.834927
4.992362
5.061319
5.429513
5.183980
5.161444
5.260826
5.343419
5.061846
5.514236
5.475270
5.403651
5.222041
5.168104
5.194082
5.305975
5.811418
5.728806
5.824389
6.104825
5.748316
5.527358
5.448739
5.196964
5.001008
5.594183
5.407968
5.488349
5.194411
5.301782
5.348194
5.578887
5.510560
5.957095
5.357247
5.551478
5.587039
5.125656
5.370294
5.429389
5.379397
5.820696
5.691024
5.800050
5.704570
5.873407
5.919078
5.808769
5.735374
5.851647
5.565724
5.776961
5.477858
5.277822
5.165152
5.381095
5.167884
5.526523
5.553186
5.395297
5.380163
5.438978
5.074224
5.122124
5.509223
5.351026
5.646225
5.503077
5.466462
5.761800
5.709105
5.612434
5.448969
5.606599
5.667965
5.487402
5.310561
5.070305
5.398750
5.296053
5.279455
5.328334
5.686182
5.731819
5.690425
5.604080
5.400869
5.266435
5.460898
5.355857
5.193573
5.617134
5.634853
5.381671
5.331087
5.364909
5.621533
5.382964
5.582513
5.598201
5.626298
5.620867
5.710513
5.370738
5.052660
5.224839
5.068052
4.713711
5.098946
5.192710
4.979485
5.089330
5.511610
5.340357
5.412156
5.379560
5.079950
5.114848
5.512966
5.154668
5.338246
5.565040
5.491837
5.573193
5.590203
5.419747
5.179673
5.962248
5.327325
5.629294
5.601215
5.312806
5.340510
5.532814
5.701978
5.645346
5.815321
5.621976
5.704007
5.605678
5.610020
5.296732
5.201033
5.802897
5.732216
5.604966
5.887760
5.556800
5.441615
5.117083
5.328558
5.596380
5.431950
5.280701
5.440094
5.736183
5.294505
5.290882
5.090630
5.129003
4.698460
5.150574
5.554486
5.528789
5.442296
5.165004
4.884907
4.666731
5.511911
5.308414
5.541569
5.024636
4.973386
5.640978
5.743908
5.547777
5.461844
5.469086
5.734398
5.424961
5.607470
5.215624
5.634795
5.523798
5.738550
5.768921
5.654567
5.631308
5.877098
5.883296
5.653485
5.299213
5.097740
5.479723
5.204569
5.442426
5.389795
5.349246
5.364541
5.779007
5.286291
5.321083
5.454501
5.235481
4.956714
5.055705
5.266442
5.000243
4.993278
5.685310
5.835642
5.782150
5.768007
5.752515
5.209356
5.404880
5.562238
5.976362
5.987977
5.881802
5.437346
5.430470
5.724702
5.659786
5.609078
5.796350
5.496191
5.355876
5.396547
5.395262
5.911116
5.251894
5.652518
5.301772
5.194580
5.154684
5.047519
5.262860
5.444924
5.793230
5.598359
5.506989
5.598803
5.519102
5.360265
5.314998
5.189232
5.254739
5.505116
5.309991
5.574939
5.518073
5.953929
5.701946
5.315056
5.296374
5.260798
5.020581
5.293777
5.149222
5.120078
5.354032
5.234777
5.467380
5.351820
5.581824
5.546960
5.565978
5.527397
5.700634
5.652459
5.303514
5.235746
5.266331
5.371986
5.310080
5.093454
5.090097
4.959066
5.137906
5.357771
5.160587
4.992032
5.237053
5.141962
5.109995
5.134843
5.331637
5.326125
5.461814
5.312860
5.178876
5.641093
5.704885
5.565764
5.454247
5.419793
5.409199
5.379048
5.454000
5.447605
5.546483
5.635642
5.672180
5.884687
5.597277
5.831059
5.464601
5.514283
5.412923
5.128243
5.051518
4.980456
5.287715
5.116883
4.842917
5.455433
5.398751
5.306350
4.981333
4.977731
4.998286
5.179926
5.153572
5.452184
5.760647
5.762425
5.522429
5.425877
5.659448
5.555546
5.531787
5.285090
5.606957
5.301420
5.401013
5.488872
4.978918
4.895127
5.036242
5.220028
5.508899
5.880988
5.446509
5.710532
6.089514
5.514775
5.601295
5.375584
5.429118
5.236421
5.458223
5.392434
5.529934
5.233818
5.433323
5.311042
5.130956
5.258902
5.434301
5.501031
5.596500
5.614790
5.854608
5.902595
5.635788
5.194190
5.092012
5.160725
5.146903
5.048491
5.149259
5.115603
5.139958
5.237286
5.335880
5.632837
5.523641
5.205100
5.457307
5.454998
5.395796
5.543423
5.719517
5.455109
5.420489
5.557692
5.667091
5.528745
5.433324
4.999339
5.318813
5.375354
5.179775
6.358572
5.499637
5.488678
5.490791
5.437386
5.284262
5.142086
5.690792
5.691162
5.440971
5.478196
5.167602
5.002103
5.340575
5.147925
5.137616
4.927530
5.278126
5.447777
5.458711
5.500257
5.467521
5.285776
5.520861
5.871943
5.668927
5.850962
5.978156
5.840687
5.255007
5.086648
5.567775
5.558532
5.373565
5.659382
5.577872
5.561896
5.208916
5.640297
5.623009
5.302297
5.612384
5.558678
5.681690
5.987058
5.536656
5.773350
5.709673
5.623808
5.375914
5.195885
4.923546
4.939577
5.186022
5.182732
5.570042
5.432630
5.763817
5.609731
5.870573
5.756168
5.454819
5.486660
5.268239
5.108446
4.993467
5.345016
5.430664
5.198512
5.209599
5.620909
5.566882
5.246817
5.374464
5.797649
5.965956
5.715487
5.199368
5.161389
5.205467
5.072026
5.558191
5.941540
5.828880
5.214402
5.626847
5.418992
5.253356
5.460190
5.342913
5.150406
5.269330
5.339071
5.375922
5.139640
5.304348
5.565373
5.904046
5.619168
5.932717
5.412131
5.446621
5.340129
5.632583
5.053524
5.043385
5.174721
5.255293
5.125532
5.012852
4.988095
5.020741
4.944011
5.164833
5.131075
5.130540
5.346447
5.341441
5.042768
5.566311
5.610632
5.129163
4.917219
5.439045
5.365941
5.244366
5.130104
5.371219
5.323240
5.538656
5.527185
5.357055
5.766683
6.010572
5.233938
4.979093
5.320915
5.458168
5.294808
5.039543
4.990979
5.158128
5.622272
5.174213
4.794356
4.922140
5.027198
5.160954
5.074177
4.977885
5.068770
5.105523
5.112473
5.115011
5.237227
5.328764
5.662779
5.626756
5.297815
5.515341
5.478026
5.573533
5.585133
5.491179
5.527533
5.759707
5.151185
4.919776
4.939736
5.188555
5.262070
5.315714
5.528736
5.504363
5.362213
5.553769
5.636624
5.672035
5.751333
5.469399
5.638683
5.416279
5.340878
5.315984
5.590187
5.755889
5.851689
5.916737
6.169101
5.684022
5.401534
4.976667
5.261463
5.514505
5.383691
5.247812
5.449998
5.245753
5.187067
5.437887
5.549630
5.730410
5.833788
5.754367
5.557901
5.271346
5.181661
5.362345
5.536347
5.367429
5.523429
5.712732
5.953061
5.721221
5.518655
5.522415
5.290442
5.153310
5.004641
5.334948
5.319225
5.363534
5.329738
5.424755
5.192886
5.380173
5.466168
5.035203
4.970959
5.490272
5.534753
5.581880
5.078585
5.514462
5.859413
5.629718
5.540087
5.493376
5.711655
5.618815
5.448442
5.425953
5.923639
5.306749
5.225618
5.279897
5.293664
5.301533
5.315957
5.242178
5.043628
4.876095
5.141175
5.170787
5.145765
4.972551
5.111477
5.132673
5.093285
5.505674
5.540512
5.255253
5.178125
5.328607
5.555025
5.659706
5.290611
5.138652
5.217806
5.376637
5.498137
5.654579
5.607906
5.577259
5.628949
5.570184
5.723945
6.001677
5.946988
5.256016
5.340079
5.274107
5.033916
5.410139
5.449286
5.077035
5.333100
5.165981
5.243682
5.567387
5.535671
5.573834
5.595968
5.822358
5.425604
5.667721
5.294378
5.464086
5.578451
5.373336
5.605979
5.801782
5.869622
5.775934
5.339188
5.198862
5.285763
5.588997
5.506713
5.513734
5.747743
5.804685
5.702330
5.674530
5.304069
5.340097
5.537464
5.564209
5.202686
5.144038
5.730199
5.581302
5.585681
5.524607
5.550184
5.612886
5.543748
5.370585
5.107609
5.240875
5.052116
5.415043
5.638324
5.563098
5.460391
5.488851
5.004356
5.478717
5.655211
5.475690
5.607204
5.809889
5.495122
5.276344
5.316843
5.767105
5.262503
5.419357
5.288932
5.361011
5.583798
5.656436
5.305082
5.136621
5.339594
5.775405
5.328994
5.581416
5.613445
5.882956
5.514830
5.343801
5.284388
5.218456
5.248900
5.387706
5.344550
5.851475
5.766797
5.616550
4.934892
5.488947
5.108656
5.228052
5.009305
5.196668
5.150607
4.893411
5.399244
5.052783
4.982295
5.206377
5.414565
5.497709
5.520672
5.621573
5.864198
5.587421
5.508644
5.711021
5.386891
5.023802
5.151405
5.089370
5.297251
5.217924
5.372723
5.523738
5.442635
5.033227
4.934070
5.130155
5.342950
5.292131
5.223035
5.585207
5.572433
5.514174
5.334021
5.549622
5.089502
5.041411
5.371576
5.210866
5.058726
5.104465
5.211398
5.653790
5.590075
5.605354
5.597308
5.464257
5.047113
5.132799
5.161746
5.150327
5.169483
5.341144
5.182620
5.424287
5.355395
5.430197
5.278713
5.376458
5.229755
5.227230
5.625145
5.698065
5.894670
5.768636
5.636232
5.822924
5.593909
5.791352
5.931665
5.627223
5.442696
5.520077
5.144085
5.365688
5.258419
5.736619
5.603556
6.184585
5.705699
5.616947
5.587730
5.616739
5.118313
5.279000
5.275867
5.343457
5.245482
5.383520
5.397361
5.153227
5.037000
5.141090
5.253507
4.977618
4.832286
5.709123
5.658347
5.794319
5.667871
5.508298
5.617651
5.834504
6.095137
5.945063
5.843276
5.695405
5.704204
5.853889
5.853936
5.550750
5.329595
5.360335
5.091156
5.693289
5.829679
5.603475
5.509770
5.725366
5.679095
5.296983
5.174903
5.111066
5.255244
5.412712
5.318457
5.374898
5.048062
5.285679
5.276857
5.362660
5.325880
5.486984
5.617648
5.656310
5.311178
5.385977
5.663449
5.336596
5.135539
5.720365
5.447358
5.300006
5.482542
5.546951
5.626948
4.880480
5.268452
5.530523
5.606481
5.642771
5.511110
5.501041
4.986018
5.362866
5.294734
5.350428
5.092044
5.648592
5.353934
5.168530
5.437393
5.474339
5.467302
5.569405
5.423833
5.560404
5.460794
5.732859
5.742577
5.465182
5.552879
5.145594
4.996814
4.928830
5.083383
5.568931
5.344467
5.502399
5.544352
5.495330
5.392932
5.449364
5.556847
5.452718
5.505648
5.402906
5.443538
5.597635
5.156379
5.233677
5.618952
5.389635
5.368424
5.324855
5.466279
5.484643
5.256118
5.433797
5.350737
5.942373
6.189549
5.773582
6.150307
5.799567
5.528689
5.392198
5.270248
5.078857
5.456882
5.622416
5.750935
5.567965
5.688063
5.709770
5.815068
5.656634
5.494277
5.307780
5.575150
5.781100
5.104734
5.290907
5.336257
5.286689
5.571544
5.211701
5.230656
5.074200
5.288515
5.336291
5.475581
5.267977
5.021048
5.257559
5.399030
5.504326
5.301044
4.968225
5.215447
4.550081
4.786265
4.866837
4.790750
4.968804
4.990927
4.947551
4.931776
4.943711
4.867177
5.157366
5.124653
5.545466
5.400583
5.420576
5.162320
4.700216
4.782098
4.721540
5.343771
5.253273
5.523530
5.346438
5.364716
5.352724
5.030916
5.167587
4.987133
5.438520
5.310368
5.241790
5.286387
5.280404
5.354489
5.227284
5.250901
5.237515
5.146517
4.713853
4.557972
4.878588
5.736959
5.521260
5.212643
5.218502
5.680897
5.667048
5.541928
5.620277
5.546028
5.494521
5.460953
5.618543
5.653861
5.667704
5.251517
5.476485
5.663132
5.811197
6.032076
5.584436
5.134575
5.079027
5.357428
5.218749
5.479905
5.592966
5.555347
5.532287
5.668762
5.335397
5.279566
5.484716
5.603671
5.599094
5.429124
5.318863
4.921397
4.869432
4.950275
5.028533
5.340286
5.154321
5.101432
5.638841
5.992557
5.235961
5.265844
5.049563
4.804750
5.239564
5.526617
5.356064
5.315430
5.140280
5.347619
5.282111
5.244735
5.717128
5.083807
5.229626
5.641162
5.365492
5.549610
5.789561
5.558653
5.463903
5.661412
5.689656
5.354032
5.112887
5.032893
4.993033
5.180628
5.163892
5.303945
5.498652
5.594774
5.631356
5.366805
5.256899
4.961660
4.962171
5.369627
5.734919
5.586744
5.284374
5.362004
5.396077
5.424126
5.366071
5.384757
5.471748
5.253080
5.281811
5.753621
5.755183
5.938580
5.826991
5.519137
5.511538
5.484349
5.663931
5.409490
5.574409
5.733072
5.538300
5.282470
5.231078
4.994349
5.042939
4.944228
5.265775
4.826306
5.157681
5.019778
5.375159
5.325001
5.283228
5.164198
5.215683
5.367728
5.654265
5.476863
5.897359
5.818605
5.029457
5.326425
5.219053
5.460513
5.546766
5.194295
5.308065
5.550862
5.476818
5.317434
5.481544
5.449424
5.097256
4.989426
4.804351
4.841936
4.805645
4.959206
5.322178
5.188878
5.336048
5.176820
5.178493
5.513839
5.638430
5.457635
5.887088
5.555110
5.532084
5.623303
5.576835
5.041875
5.160823
5.204008
5.308058
4.899819
5.134785
5.253241
5.314392
5.799169
5.715086
5.373850
5.495449
5.299702
5.121238
5.260993
5.327474
5.213564
5.553236
5.437123
5.207768
5.424595
5.590957
5.846834
5.590188
5.352009
4.951382
4.741209
5.082347
5.753090
5.613178
4.885801
5.318174
5.469819
5.637799
5.529823
5.324771
5.585875
5.128996
5.154958
5.440999
5.654313
6.171917
5.988885
6.000821
5.463990
5.328008
5.448758
5.466024
5.504286
5.275832
5.395365
5.789590
5.590219
5.526847
5.575514
5.723375
5.566777
5.436875
5.633757
5.698286
5.429079
5.934737
5.613355
5.741411
5.451730
5.171256
5.296353
5.502887
5.280958
5.626912
5.393962
5.591245
5.667988
5.676441
5.797358
5.540450
5.445579
5.358786
5.128364
4.984432
5.345959
5.589467
5.249322
5.602048
5.462469
5.744883
5.508907
5.150202
5.256481
5.146681
5.372690
5.563992
5.446740
5.598654
5.499733
5.483263
5.486066
5.852992
5.997121
5.569376
5.692872
5.402133
5.858694
5.940427
5.528656
6.016882
5.627330
5.631415
5.370143
5.535446
5.255740
5.429752
5.632601
5.793888
5.437241
5.678024
5.364675
5.204801
5.450460
5.497197
5.178482
5.142327
5.526260
5.513938
5.623110
5.446802
5.604741
5.709590
5.863501
5.236466
5.042199
5.212231
5.415452
5.722781
5.318596
5.477416
5.058118
5.034478
5.332057
5.765456
5.959452
5.432548
5.253583
5.304997
5.356559
5.538460
5.616053
5.552955
5.636402
5.696495
5.403014
5.793446
5.483221
5.604925
5.331880
5.459908
5.629886
5.325424
5.576010
5.322674
5.461215
5.392873
5.757564
5.573373
5.264762
5.895147
6.096063
5.672587
5.665716
5.809083
5.667558
5.614818
5.178246
4.886807
5.017760
4.893386
4.920423
4.706937
5.040627
5.163497
5.142781
5.292481
5.203526
5.278154
5.335975
5.356854
5.541315
5.563238
5.401736
5.137127
5.112687
4.942158
5.430436
5.318996
5.627210
5.597305
5.295060
5.211561
5.193432
5.243786
5.650841
5.378312
5.491907
5.633024
5.622756
5.385316
5.198872
5.387634
5.574457
5.144527
5.463339
5.274784
5.361615
5.434307
5.301220
5.563449
4.925652
5.078437
5.286778
5.565041
5.639072
5.805949
5.910601
5.932228
5.721605
5.636071
5.390328
5.155200
5.035024
4.947169
5.144113
5.286788
5.121335
5.434560
5.753164
5.589160
5.392703
5.169157
5.128628
5.353113
5.151775
5.422921
5.371760
5.604409
5.659758
5.722189
5.663476
5.734285
5.649893
5.512135
5.534083
5.931963
5.973386
5.659270
5.770101
6.328142
6.306864
5.912187
5.797457
5.704866
5.892808
5.753713
5.964848
6.050327
5.928238
5.519852
5.395484
5.420866
5.012015
5.204379
5.302217
5.271704
4.960997
5.012888
4.884486
5.209030
5.219222
5.308287
5.241369
5.630907
5.342164
5.270070
5.045667
5.502015
5.245382
5.434563
5.528126
5.613237
5.913132
5.578105
5.771207
5.518755
4.998165
5.610988
5.289293
5.536924
5.723368
5.746372
5.304064
4.986004
5.100067
4.889553
5.044060
4.910302
5.107086
5.210118
5.457996
5.589217
5.290756
5.410148
5.369878
5.720800
5.669255
5.800233
5.447871
5.853643
5.571966
5.764941
5.717593
5.370761
5.484385
5.550867
5.080782
5.220263
5.404221
5.458001
5.343139
5.814323
5.688555
5.401124
5.342152
5.394703
5.474159
5.440111
5.406447
5.609396
5.455027
5.432542
5.438935
5.900502
5.765106
5.343483
5.465880
5.506324
5.391201
5.368273
5.346173
5.244165
5.464469
5.527834
5.626809
5.339941
5.489458
5.663497
5.555750
5.384561
5.178473
5.078308
5.495879
5.502881
5.494081
5.327759
5.256823
5.352171
5.626441
5.848868
5.849700
5.386998
5.441957
5.491827
5.395969
5.225451
5.248160
5.550845
5.232211
5.216065
5.353562
5.086216
5.249528
5.105968
5.086034
5.037876
4.968807
5.359321
5.335505
5.172456
5.437816
5.694769
5.730465
5.516046
5.543656
5.377449
5.246323
5.283431
5.137779
5.085595
4.678555
5.486918
5.704885
5.611577
5.539131
5.434330
5.778059
5.524459
6.014806
5.427883
5.349273
5.308903
5.060372
5.158620
5.419079
5.706609
5.465302
5.503361
5.999817
5.744935
5.581896
5.303029
5.354070
5.381858
5.741565
5.872770
5.541597
5.228270
5.338306
5.405198
5.395886
5.071924
5.144450
5.046623
5.367908
5.610208
5.250224
5.301541
5.375820
5.841313
5.689324
5.760445
5.317531
5.308487
5.676746
5.557300
5.742958
5.684947
5.857248
5.806190
5.551917
5.589268
5.539600
5.319995
5.315502
5.234939
5.373606
5.500169
5.336770
5.396895
5.580700
5.553809
5.869000
6.059611
5.547310
5.762055
5.456460
5.916654
5.640624
5.570846
5.152423
5.158324
5.462019
5.607738
5.527575
5.369071
5.222279
5.601168
5.719238
5.457131
5.592112
5.618759
5.448718
5.210556
5.426361
5.637667
5.293252
5.243477
5.398033
5.535433
5.439164
5.597712
5.256209
5.433365
5.538050
5.173971
5.144767
5.252552
5.440198
5.428536
5.499382
4.950268
5.091794
5.325365
5.321243
5.074012
5.304046
5.454481
5.116331
5.022238
5.126929
5.191215
5.154352
5.070225
5.145493
5.213699
5.134874
5.341817
5.342289
5.620347
5.606859
5.616898
5.389286
5.476170
5.541354
5.288138
5.527057
5.571530
5.844308
5.604868
5.882739
5.482318
5.602759
5.770012
5.417132
5.372120
5.172457
5.079583
5.073440
5.076788
5.122333
5.140371
5.036879
5.344622
5.379916
5.346131
5.190856
5.242613
4.747527
5.109803
5.394771
5.271269
5.340717
5.206490
5.250041
5.005116
5.185669
5.260896
5.501819
5.443093
5.154566
5.669811
5.435247
5.289690
5.009597
5.991160
5.778197
5.716270
5.542572
5.281754
5.564232
5.413470
5.064385
5.285657
5.063668
5.205466
5.392447
5.760020
5.196867
5.412203
5.763868
5.246222
5.120770
5.252305
5.327524
5.280324
5.081022
5.297105
4.848739
5.072350
5.107392
5.266257
5.268770
4.937960
4.948071
5.079109
5.234501
5.261544
5.393084
5.751962
5.955389
5.653861
5.484714
5.437507
5.262715
5.274251
5.137978
5.018476
5.321983
5.209932
5.127999
5.062142
5.153525
4.963378
5.296644
5.246939
5.475437
5.574424
5.787349
5.912072
5.688593
5.573100
5.232086
5.268139
5.061621
5.745225
5.735635
5.684094
5.921419
5.664298
5.497889
5.829866
5.820721
5.366042
5.162182
5.357781
5.101116
5.019358
5.515776
5.659701
5.273123
5.329830
5.243984
5.740429
5.733045
5.591960
5.105474
5.237282
5.445662
5.500452
5.562854
5.550105
5.638971
5.375174
5.254227
5.524660
5.586080
5.946318
5.730708
5.384505
5.545138
5.861960
5.580390
5.249270
5.353252
5.195221
5.100457
4.826957
4.948293
4.963533
5.414077
5.472508
5.656135
5.773634
5.611140
5.426128
5.028740
5.493214
5.359204
5.570960
5.534743
5.459186
5.451486
5.626582
5.610233
5.518802
5.562832
5.481548
5.179225
5.266559
5.540432
5.164688
5.641878
5.635577
5.578272
5.329144
5.773284
5.724345
5.658206
5.857741
5.532263
5.398143
5.548144
5.618315
5.673844
5.762713
5.492497
5.714914
5.328548
5.288963
5.471890
5.845707
5.947242
5.865502
5.441728
5.584212
5.581131
5.377141
5.022742
5.258992
5.203989
5.174377
5.348923
5.108983
5.238618
5.244025
5.084111
4.932790
5.132063
5.776756
5.365738
5.497528
5.141209
5.243731
5.626428
5.457309
5.559309
5.635429
5.302580
5.311131
5.335307
5.206044
5.208144
5.625559
5.292374
4.909441
5.384553
5.698327
5.190223
5.098795
5.598084
5.719184
5.746976
6.040748
6.174955
6.087466
5.706490
5.211892
5.275422
5.142616
5.103345
5.034496
5.023520
5.380053
5.352564
5.725939
5.654997
5.465077
5.616623
5.690499
5.675150
5.620304
5.422944
5.667137
5.295920
5.582109
5.722618
5.736975
5.460319
5.545652
5.419015
5.965640
5.382514
5.617199
5.356134
5.397250
4.966418
5.538893
5.498727
5.773412
5.572120
5.496915
5.587914
5.258059
5.261621
5.408133
5.237314
5.168819
5.209899
5.050052
5.013580
5.365845
5.354309
5.396405
5.600987
5.716601
5.588988
5.183600
5.130091
5.113009
5.123369
5.477138
5.428794
5.263341
5.595416
5.282347
5.634458
5.749020
5.596351
5.539702
5.241388
5.220827
5.508450
5.722346
5.330204
5.398467
5.508578
5.397533
5.152683
4.924245
5.001899
5.140410
5.646627
5.408335
5.605018
5.582172
5.264041
5.293265
5.399587
5.320513
5.095780
5.342404
5.249126
5.307034
5.316599
5.513496
5.544584
5.515310
5.778132
5.763085
5.579012
5.382020
5.408823
5.383427
5.082020
5.319586
5.143838
5.367074
5.220208
5.075220
5.244480
5.245377
5.486657
5.317864
5.445453
5.163543
5.320792
5.359580
5.149474
5.088330
5.186736
5.305629
5.729478
5.068639
5.346501
5.221284
5.503139
5.339341
5.288277
5.213043
5.517579
5.464898
5.563294
5.513875
5.334066
5.217178
5.059007
5.366964
5.591747
5.670766
5.517070
5.869731
5.835671
5.443594
5.532706
5.449417
5.409627
5.369764
5.453433
5.354759
5.079573
5.513742
5.236110
5.738814
5.420068
5.625045
5.714400
5.649984
5.740371
5.220783
5.709110
5.476711
5.204060
5.326235
4.826971
5.268636
5.071830
5.262476
5.658475
5.383748
5.319615
4.987347
5.117538
5.367793
5.361315
5.259623
4.961767
5.430679
5.432514
5.116225
5.476373
5.352175
5.437793
5.656491
5.352028
5.632808
5.287021
5.168279
5.065483
5.336455
5.615014
5.717243
5.135715
5.067578
5.230371
5.093518
5.029554
5.341287
5.357053
5.514221
5.271694
5.138200
5.033691
5.238492
5.194349
5.430895
5.359733
5.160961
5.186225
5.116504
5.038921
5.149713
5.669703
5.556647
5.558056
5.888725
5.776994
5.770572
5.898617
5.875352
5.700936
5.572388
5.461402
5.569510
5.882106
5.182440
5.144005
5.264509
5.060403
5.206778
5.188644
5.466088
5.385869
5.453278
5.488875
5.298553
5.513037
5.118858
5.081878
5.160533
5.240602
5.271002
5.087399
5.369985
5.278352
4.993427
5.060097
5.258288
5.194345
5.208623
5.125931
5.347590
5.394065
5.220531
5.517286
5.626069
5.403138
5.471725
5.556059
5.517737
5.661274
5.475706
5.380204
5.448664
5.362225
5.497416
5.561136
5.280248
5.229265
5.625450
5.623490
5.538509
5.300923
5.182627
5.557973
5.667975
5.740081
5.709365
5.681604
5.851222
5.600434
5.529789
5.505198
5.645722
5.150424
5.023732
5.033993
5.614749
5.119476
5.551589
5.755622
5.581886
5.439179
5.311651
5.228055
5.347184
5.334064
5.279220
5.278398
5.180479
5.305530
5.448399
5.353361
5.013229
5.394797
5.197453
5.117969
5.279022
5.061081
4.997535
5.251985
5.352220
4.880706
4.967963
5.249994
5.051565
5.336711
5.289581
5.289844
5.141401
5.795185
5.906665
5.638748
5.694151
5.501357
5.260959
5.174365
5.628650
5.511705
5.149021
5.087655
5.039535
4.850092
5.038881
5.387551
5.579853
5.896770
5.916095
5.558349
5.479890
5.684808
5.912965
5.446590
5.456854
5.612873
5.312315
5.235619
5.378286
5.339358
5.263378
5.539839
5.630848
5.248055
4.907207
5.130520
5.227485
5.454998
5.432843
5.246731
5.272083
5.320521
5.352817
5.716932
5.592450
5.814272
5.493538
5.560576
5.366713
5.121086
5.165226
5.543880
5.770771
5.883332
5.919800
5.544768
5.371041
5.329444
5.396886
5.231865
5.495621
5.415765
5.272544
5.558482
5.300056
5.507876
5.529464
5.423373
5.244631
5.286360
5.434511
5.462965
5.100258
5.211421
5.845510
5.923758
5.740092
5.595218
5.370744
5.630669
5.524546
5.437615
5.425217
5.465994
5.663976
5.590248
5.365915
5.181865
5.191149
4.994503
4.933519
5.156294
5.185650
5.218851
5.253933
5.005933
5.004623
5.362683
5.307136
5.271427
5.403178
5.326153
5.454739
5.321635
5.537294
5.106488
5.411662
5.402694
5.365277
5.265249
5.207261
5.312143
5.205571
5.326766
5.472933
5.442037
5.828221
5.632640
5.404760
5.245193
5.166153
5.139818
5.579147
5.842397
5.690201
5.826004
5.817540
5.748278
5.536269
5.464798
5.309171
5.307347
5.649583
5.226871
5.116264
4.966659
5.279642
5.243728
5.386849
5.281015
5.627673
5.324189
5.342277
5.586669
5.635726
5.572394
5.725897
5.668991
5.773272
5.641814
5.533814
5.380073
5.318657
5.224280
5.101786
5.074291
5.500172
5.253618
4.987645
4.970619
5.013871
4.788817
4.708301
5.023607
5.135676
5.020551
5.148015
5.171243
4.824331
5.212973
5.499492
5.096333
5.204426
5.192116
5.180236
5.311954
5.452728
5.364615
5.340965
5.120835
5.209609
5.216514
5.283981
5.397721
5.445913
5.248920
5.435556
5.561567
5.854757
5.574762
5.532046
5.515708
5.774734
5.390265
5.449962
5.544263
5.596372
5.351963
5.052368
5.095471
5.322925
5.531836
5.467899
5.257114
5.406879
5.317478
5.394932
5.536302
5.305681
5.349920
5.643497
5.391427
5.461081
5.400319
5.169326
5.410375
5.514726
5.639899
5.738056
5.685202
5.548375
5.200890
5.259013
5.319340
5.485162
5.596140
5.418152
5.376341
5.399606
5.402902
5.298667
5.401152
5.473309
5.483085
5.190270
5.569202
5.070978
5.097007
5.460966
5.645679
5.258929
5.405154
5.080037
4.807970
5.072696
5.211009
5.319569
5.394129
5.177386
5.293262
5.075267
5.006169
5.180914
5.320008
5.492918
5.674682
5.507890
5.581665
5.311929
5.111963
5.011801
5.114291
4.953874
5.001055
5.273802
5.026400
5.029935
5.125045
5.082064
5.295261
5.585315
5.580988
5.387150
5.156724
5.348867
5.607537
5.357175
5.566368
5.138996
5.126745
5.451357
5.375805
5.282123
5.553908
5.544749
5.498695
5.461338
5.633378
5.544128
5.670591
5.985742
5.965338
5.720160
5.821321
5.996704
6.024620
5.653379
5.496575
5.550531
5.535840
5.271826
5.465192
5.198819
5.160002
5.278903
5.706677
6.004810
5.721787
5.576673
5.251530
5.577071
5.275382
5.200965
5.072472
5.199015
4.989951
5.668762
5.551798
5.286532
5.417816
5.099288
5.497221
5.519046
5.703723
5.639387
5.799796
5.394948
5.188915
5.035751
4.987873
4.998006
5.070490
4.837839
5.269158
5.275948
5.477776
5.592299
5.352320
5.258986
5.600192
5.776082
5.279962
5.317217
5.294251
4.841443
5.242478
5.030479
5.410389
5.250743
5.448948
5.470137
5.240869
5.319818
5.474033
5.497374
5.984908
5.673543
5.397115
5.733285
5.691523
5.802061
5.507533
5.228611
5.285138
5.446558
5.349874
5.591731
5.214486
5.280141
5.319171
5.821579
5.309923
5.469322
5.520192
5.646161
5.593123
5.646631
5.730266
5.943499
5.753724
5.538312
5.612992
5.706547
5.562082
5.655994
5.943838
5.771295
5.617044
6.057622
6.303579
6.042967
5.525867
5.177308
5.669514
5.178701
5.714720
5.410965
5.207032
5.477447
5.371287
4.943494
4.900889
4.946430
5.297889
5.402883
5.368611
5.697003
5.612265
5.800713
5.324490
5.500629
5.337821
5.272106
5.302918
5.450346
5.330535
5.193090
5.634841
5.445334
5.401788
4.914165
5.320283
5.889483
5.823544
5.721813
5.662617
5.789477
5.492538
5.528952
5.455774
5.672093
5.900963
5.411812
5.294794
5.100258
5.514625
5.451155
5.456065
5.222920
5.191173
5.377641
4.950690
4.793616
5.034744
5.189455
4.877001
5.031585
5.602989
5.327266
5.603609
5.380890
5.408573
5.711484
5.137629
5.370606
5.132552
5.425794
5.269218
5.183862
5.027589
5.231696
5.530175
5.635173
5.228894
5.385859
5.453541
5.064104
5.388868
5.345944
5.446891
5.574616
5.332057
5.461224
5.917327
5.658494
5.303390
5.519104
5.481517
5.300301
5.028490
5.703536
5.380646
5.401184
5.321567
5.330087
5.365270
5.047000
5.608181
5.627268
5.723669
5.681959
5.106320
5.484332
5.197573
5.319903
5.471549
5.441207
5.059722
5.143280
5.408884
5.706819
5.781790
5.547669
5.359219
5.333611
5.239238
5.403260
5.584845
5.938085
5.672806
6.401232
6.008672
5.571777
5.694218
5.593546
5.567602
5.574471
5.659182
5.336982
5.271159
4.850357
5.683660
5.510087
5.370141
5.320280
5.218209
5.324054
5.524527
5.968565
6.144627
5.608053
5.291757
5.080060
5.374856
5.486324
5.006095
4.971809
5.133630
5.224162
5.207242
4.922373
5.111303
4.810089
5.196165
5.548009
5.427134
5.526023
5.321667
5.371503
5.237776
5.472726
5.728363
5.384289
5.154722
5.568019
5.782656
5.463554
5.405001
5.088279
5.423879
5.533119
5.333334
5.553951
5.844131
5.600383
5.278874
5.258986
5.524270
5.656251
5.651494
5.685120
5.412609
5.725005
5.484297
5.187066
5.481597
5.240588
5.042652
5.230643
5.569658
5.677489
5.502076
5.333632
5.099923
5.259290
5.165141
4.614684
4.717763
4.981851
5.215127
5.379371
5.417479
5.375743
5.826560
5.705130
5.533507
5.463623
5.443151
5.463469
5.218811
5.480785
5.600071
5.349572
5.476208
5.546317
4.581821
4.986800
5.304653
5.157575
5.030853
4.957988
4.815816
4.854487
5.031153
5.139852
5.312248
5.058603
5.269497
5.482095
5.453330
5.441994
5.737431
5.270571
5.364930
5.208459
5.515112
5.383134
5.140985
5.395942
5.559384
5.628288
5.877169
5.646831
5.378355
5.478564
5.667557
5.449011
5.472021
5.761139
5.414149
5.308955
5.403078
5.392512
5.715814
4.835237
5.133315
5.221494
5.223893
4.905653
5.028709
5.018003
4.938111
5.183079
5.293648
5.058467
5.176698
5.279596
5.240529
5.187782
5.008948
5.169703
5.262868
5.302760
5.310396
5.516852
5.324949
5.735448
5.542752
5.292272
5.467569
5.100557
5.340782
5.216871
5.408620
5.451087
5.455695
5.434377
5.450430
5.707952
5.892791
5.578882
5.305187
5.206769
4.838254
4.823523
5.670411
5.363199
5.476583
5.120481
5.243582
4.952478
5.122536
5.182575
5.254619
5.342101
5.551043
5.875065
5.674204
5.542920
5.693890
5.438274
5.231653
5.394915
5.222620
5.514353
5.500337
5.233416
5.311729
5.277979
5.595324
5.469680
5.645596
5.662846
5.331514
5.111773
5.268358
4.990880
5.279893
5.010802
5.086665
4.771121
5.206163
5.272337
5.416075
5.046806
5.349597
5.725496
5.837829
5.996213
6.182459
6.100802
5.618238
5.362731
5.206579
5.404303
5.287073
5.329380
5.424519
4.811584
4.928781
5.150449
5.300478
5.611073
5.240642
5.292844
5.330997
5.297881
5.010421
5.392129
5.484091
5.376648
5.281401
5.249260
5.399974
5.072008
5.067976
4.999088
5.283470
5.501431
5.719286
5.429902
5.479593
5.296276
5.452031
5.461624
5.213578
4.931995
5.428034
5.165132
5.498818
5.547065
5.322414
5.907102
5.667315
5.691114
5.314425
5.320752
5.347614
5.016047
5.289118
5.414808
5.667963
5.449991
5.789425
5.784727
5.770318
5.778130
5.615195
5.503889
5.696915
5.772172
5.258815
5.296645
5.409689
5.651386
5.395006
5.326153
5.246929
4.988006
4.848295
5.043947
5.167713
5.205821
5.168013
5.199728
5.361009
5.331452
5.361020
5.225248
5.681310
4.819724
5.292972
5.240988
5.401357
5.240609
5.424636
5.364031
5.389395
5.365703
5.346629
5.420837
5.377090
5.769208
5.481607
4.624449
4.548877
4.884896
5.321273
5.293374
6.011559
5.624938
5.382115
5.743939
5.448882
5.494025
5.390870
5.326201
5.163285
5.419762
5.352647
5.325629
5.855176
5.621946
5.390108
5.485450
5.833053
5.971534
6.098858
5.538784
5.545865
5.543341
5.358754
5.471702
4.535808
5.217354
5.033143
5.203350
5.425828
5.252694
5.358356
5.161586
5.308143
5.450269
5.252784
5.086379
5.586321
5.687812
5.549776
5.711630
5.769504
5.652066
5.654093
5.443010
5.561416
5.436587
5.443417
5.414086
5.239707
5.334105
5.319362
5.146418
5.047575
5.550731
5.452704
5.634368
5.285632
5.315070
5.440278
5.270167
4.880132
5.556478
5.134408
5.468453
5.657984
5.652479
5.980020
5.351346
5.495432
5.652737
5.775975
5.779307
6.141185
5.637580
5.307189
5.182692
5.463141
5.161735
5.234220
5.461425
5.472998
5.478154
5.609998
5.751374
5.602210
5.639035
5.780305
5.506108
5.221631
5.314495
5.733482
5.608831
5.340120
5.228211
5.294985
5.642507
5.691932
5.636337
5.680369
5.637663
5.221843
5.539303
5.363677
5.367055
5.188793
5.313778
5.191289
5.380784
5.309285
5.233071
5.110747
5.343522
5.381990
5.162877
5.379506
5.222065
5.599478
5.436969
5.437826
5.764957
5.400063
5.489064
5.659220
5.475107
5.502819
5.050208
5.327999
5.270944
5.086592
5.123357
5.146026
5.110619
5.027472
5.193503
4.858384
5.118773
4.906493
4.914399
4.811571
4.966679
5.323080
5.802046
6.065749
5.532849
5.157210
4.956317
5.034819
5.081521
5.037935
5.209262
4.998034
5.446985
5.594185
5.573606
5.189311
5.479345
5.541380
5.603998
5.599114
5.301048
5.610421
5.810044
5.673306
5.634179
5.598202
6.013506
5.760917
5.492462
5.333479
5.237619
5.461023
5.699366
5.743592
5.751186
5.365487
5.419191
5.462125
5.265975
5.254214
5.430515
5.095799
4.888142
4.805840
5.181217
5.288986
5.428916
5.630090
5.468985
5.147369
5.237917
5.261163
5.510201
5.326633
5.650330
5.478553
5.808228
5.208685
5.629240
5.448005
5.712011
5.705415
5.617334
5.597389
5.491650
5.689813
5.632403
5.737151
5.646119
5.376709
5.325446
5.448528
5.406288
5.468471
5.251620
5.160241
4.890064
4.904071
5.194940
5.249519
5.414286
5.372668
5.333879
5.610975
5.580510
5.453868
5.684960
5.179593
5.565015
5.481919
5.105205
5.189647
5.484665
5.763423
5.708112
5.962392
5.611360
5.487190
5.700897
5.571240
5.299361
5.347776
5.874474
5.857238
5.861141
5.695785
5.722072
5.832859
5.791588
5.605127
5.569684
5.436964
5.390793
5.389132
5.469354
5.359065
5.257592
5.459390
5.443589
5.311486
5.586620
5.526451
5.530813
5.576994
5.760773
5.235272
5.108321
5.646952
5.783350
5.279051
5.265631
5.286116
5.400548
5.581066
5.163467
5.213311
5.286819
5.001065
5.349243
5.320316
5.118191
5.354143
5.305587
5.385466
5.190209
5.151576
5.065403
5.298541
4.906060
4.995900
5.232085
5.275456
5.193147
4.951162
4.932917
5.280007
5.301392
5.037863
5.434017
5.489222
5.408999
5.082449
5.343950
5.148322
4.968725
4.863874
5.080497
5.029214
5.347649
5.213755
5.363524
5.548461
5.302717
5.787024
5.366902
5.228003
5.267523
5.314987
5.227242
5.044275
5.485225
5.366552
5.314960
5.255694
5.426075
5.685581
6.168432
5.622283
5.454537
5.846018
5.642789
5.845259
5.598566
5.392715
5.317675
5.068772
4.916288
5.326669
5.295184
5.186793
4.969860
4.737346
4.832525
5.073751
5.600297
5.633940
5.786834
5.698581
5.815584
5.398680
5.517047
5.376404
5.228592
5.307138
5.339510
5.354383
5.259172
5.466748
4.919665
4.964773
5.128356
5.030682
5.448333
5.376699
5.883944
5.889035
5.575610
5.842986
5.599145
5.566484
5.662719
5.499213
5.151022
5.284367
5.287889
5.211485
4.965139
4.916681
4.865382
5.130066
5.118686
5.287564
5.574053
5.766119
5.407639
5.514943
5.976964
5.691395
5.803491
5.357480
5.436917
5.857249
5.850794
5.745633
5.545204
5.663386
5.710480
5.809660
5.491624
5.118538
5.388799
5.637115
5.758691
5.873869
5.541756
5.667519
5.489127
5.306155
5.473992
5.362519
5.455660
5.215363
5.070403
5.341938
5.560696
5.840978
5.681558
5.579630
5.433302
5.253599
5.065114
4.959764
5.334133
5.613937
5.635774
5.351295
5.108100
5.244295
5.324065
5.464940
5.379628
5.424082
5.634069
5.611218
5.422796
5.149766
4.991727
4.910225
4.940726
4.964113
5.425220
4.914427
5.229386
5.099746
5.194147
5.085029
5.088516
5.212805
5.050590
4.919742
5.228500
5.031985
5.276653
5.257647
5.243696
5.044375
5.115479
4.960273
5.253116
5.214769
5.225284
5.031958
5.454684
5.444529
5.514968
5.524422
5.280792
5.170756
4.972770
5.020886
5.233751
5.491170
5.747804
5.825771
5.931525
5.771931
5.709821
5.642755
5.842074
5.589330
5.663229
5.384988
5.648615
5.251580
5.276387
5.330064
5.120828
5.088999
4.895673
4.961606
5.025702
4.765223
5.024126
5.752441
5.554321
5.476258
5.899286
5.649112
5.406720
5.852621
5.505184
5.581085
5.705284
5.688935
5.647831
5.350713
5.521960
5.392168
5.255809
5.035858
5.176856
5.487685
5.692884
4.831920
4.678909
4.718361
5.012498
5.036308
5.389244
5.617848
5.886925
5.918434
5.841163
5.761233
5.934316
5.648183
5.851115
5.634806
5.564038
5.049681
5.246218
5.431388
5.310367
5.611199
5.430371
5.117362
5.057684
5.285805
5.575241
5.504066
5.366974
5.045040
5.071561
4.668686
4.993132
5.139341
5.391529
5.298452
5.216174
5.554026
5.603661
5.463199
5.261783
5.494548
5.248880
5.441309
5.335200
5.116094
5.110758
5.671248
5.734525
5.460013
5.495788
5.452645
5.314662
5.074933
5.219792
5.473563
5.568885
5.610378
4.884709
4.776503
5.304989
5.508813
5.454340
5.679963
5.433942
5.281855
5.575375
5.449753
5.206637
5.274838
5.359090
5.489506
5.358638
5.481827
5.904326
5.246804
5.331813
5.492693
5.455891
5.574324
5.294795
5.240996
5.611310
5.149464
5.255774
5.508981
5.766856
5.401652
5.691992
5.317356
5.149450
5.238209
5.532949
5.205469
5.503087
5.740632
5.590774
5.118759
5.217942
5.615468
5.104639
5.321154
5.453115
5.373250
5.712917
5.693234
5.544382
5.554469
5.770276
5.420103
5.436132
5.639247
5.635013
5.234198
5.519460
5.168227
5.179299
5.163100
5.145477
5.456336
5.278124
5.013194
4.936131
4.950765
5.399383
5.594752
5.520465
5.591715
5.525046
5.208730
5.169814
5.098084
5.554027
5.518137
5.931662
5.651847
5.565482
5.485007
5.578321
5.710266
5.679659
5.478457
5.490564
5.591024
5.646704
5.955327
5.747961
5.552269
5.348352
5.430405
5.930261
5.492008
5.468557
5.588519
5.664748
5.779544
5.531824
5.350228
5.450874
5.593059
5.605027
5.369437
5.428864
5.499902
5.454611
5.400406
5.313198
4.886079
5.312928
5.064382
5.375896
5.277800
5.354986
5.186667
5.755175
5.642001
5.213192
5.243858
5.667847
5.341050
5.355302
5.443180
5.549825
5.481871
5.352404
5.938756
5.344339
5.579633
5.035801
5.167606
5.609369
5.386986
5.038241
5.444487
5.282757
5.538191
5.128516
5.137041
5.374887
5.182116
4.831050
4.859354
5.069135
5.060664
5.267875
5.151511
5.416728
5.401618
5.050213
5.124004
5.559004
5.467413
5.666555
5.808024
5.782472
5.406851
5.489129
5.729596
5.289626
5.419400
5.206708
5.080405
4.762801
4.860878
5.168910
5.350181
5.591583
5.685217
5.497857
5.468597
5.310464
5.516928
5.497786
5.685991
5.966931
5.744656
5.433837
5.275007
4.860566
5.117049
5.419825
5.400699
4.978518
5.297001
5.197972
5.018726
5.214516
4.946319
5.199790
5.350095
5.247261
5.263975
5.364114
5.450805
5.400308
4.991120
5.205077
5.287019
5.516960
5.776630
5.623335
5.189797
5.278114
6.213214
6.245722
5.664127
6.342919
5.868076
5.372201
5.492510
5.256493
5.017433
5.381078
5.335999
5.217602
5.325123
5.563131
5.731436
5.868752
5.914185
5.529087
5.563366
5.438707
5.239976
5.218971
5.186529
5.300220
5.362663
5.343757
5.214038
5.298867
5.487707
5.451132
5.112911
5.207465
5.205218
5.313983
5.318599
5.444063
5.438156
5.514080
5.525006
5.515530
5.529405
5.037811
5.105241
4.952002
5.159588
5.320211
5.444917
5.695482
5.667961
5.407443
5.079589
5.529877
5.702072
5.609367
5.617049
5.228956
5.050056
5.337397
5.369277
5.272936
5.249428
5.310083
5.405357
5.505186
5.524027
5.583162
5.484839
5.561043
5.176430
5.400347
5.457199
5.005445
5.394993
5.523197
5.521929
5.478972
5.606990
5.764226
5.316668
5.086073
4.743750
5.187956
5.601776
5.382165
5.613771
5.310940
5.285432
5.519320
5.168694
5.485297
5.283484
5.491907
5.305289
5.130916
5.405143
5.300144
5.370572
5.331738
4.922434
4.773752
4.661564
5.130829
5.308218
5.098503
5.277206
5.329877
5.495913
5.552378
5.062801
4.771269
4.732574
4.883686
5.433226
5.736888
5.485885
5.163404
5.072926
5.239402
5.249561
5.387350
5.811720
5.582702
5.603258
5.639729
5.701564
5.364800
5.642727
5.630170
5.567089
5.745333
5.990027
5.521933
5.361619
5.440713
5.309123
5.319541
5.422797
5.613274
5.682801
5.290185
5.363327
5.630112
5.443013
5.276728
5.333689
5.248508
5.264475
5.402447
5.215988
5.308870
5.582154
5.269335
5.759946
5.915098
6.166976
5.590997
5.532352
5.238414
5.664257
5.654915
5.765049
5.583175
5.626170
5.539913
4.972704
5.495411
5.557928
5.401577
5.377592
5.449294
5.541604
5.502270
5.700805
5.778065
5.991717
5.776779
5.403105
5.487560
5.100069
5.032775
5.179983
5.065237
5.318543
5.284564
5.344965
5.072347
5.164679
5.271721
5.041906
5.150983
4.914168
4.988097
4.905568
5.266979
5.266719
5.384655
5.377812
5.095032
5.069054
5.014688
5.220544
5.354523
5.484820
5.505278
5.181777
5.479553
5.075819
5.182411
5.351258
5.294433
5.439290
5.595799
5.199181
5.328978
5.219159
5.432827
5.266321
5.320274
5.490600
5.529960
5.545499
5.483348
5.715393
5.556914
5.792447
5.633651
5.367125
5.828833
6.166279
6.011315
5.010495
5.294942
5.020147
4.782492
5.491553
5.373622
5.308278
5.195896
5.645842
5.632182
5.418830
5.509378
5.410883
5.623279
5.432249
5.449285
5.375389
5.148523
5.094032
4.942795
5.102523
5.543039
5.350278
5.395314
5.264589
5.341708
5.123564
5.150060
5.078406
5.070912
5.222530
5.382322
5.314796
5.621832
5.480568
5.384019
5.286474
5.198939
5.464892
5.183627
5.290567
5.373408
5.446690
5.625278
5.539817
5.747536
5.569031
5.510581
5.583226
5.497751
5.314113
5.488337
5.316715
5.669796
5.216117
5.100262
5.356057
5.309487
5.233271
5.395033
5.258259
5.197764
5.411307
5.719473
5.574063
5.519277
5.684874
5.598552
5.380901
5.251720
5.188834
5.276258
5.419655
5.387472
5.495638
5.524436
5.126457
5.594384
5.547789
5.556242
5.257094
5.588210
5.012138
5.061051
5.363543
5.658238
4.998563
4.759375
5.122696
5.043163
5.193620
4.894908
5.200542
5.366565
5.281763
5.031352
5.084032
5.143417
5.150919
4.903615
5.504923
5.662917
5.614118
5.673497
5.556826
5.730455
5.756427
5.297143
5.139315
4.893657
4.540191
4.551348
4.904372
5.243341
5.149078
5.357003
5.351505
5.454949
5.720279
5.591869
5.310789
5.580287
5.594216
5.656013
5.514154
5.593693
5.637811
5.757223
5.256544
5.384638
5.657629
5.889830
5.725615
6.080089
5.696051
5.109832
4.967768
5.020947
5.208783
5.670429
5.709753
6.007366
5.563434
5.498815
5.314035
5.266029
5.233119
5.480511
5.428991
5.335917
5.511776
5.430050
5.347634
5.576995
5.349028
5.272083
5.126353
5.206032
5.527769
5.558160
5.237021
5.430672
5.292555
5.464521
