543.404907
544.505416
544.780671
542.678430
542.695423
541.391566
541.986233
543.049293
542.945353
537.955903
543.273931
541.766612
541.496350
545.535930
543.774667
543.340524
545.462783
541.341207
539.634007
541.151756
539.064120
546.213667
545.648045
544.336012
540.698090
541.608077
539.577282
543.293960
541.599837
536.663794
543.577097
543.841280
541.365602
539.678834
540.192709
539.079639
540.144972
541.073996
542.169819
541.085844
541.366334
540.451680
542.091683
540.717399
535.857176
541.005924
541.220437
539.401913
538.306603
541.171105
540.892246
541.166836
544.676936
539.999571
537.718691
538.520232
539.592049
540.873206
541.058567
542.612175
538.665180
541.693082
541.104949
544.651085
544.620028
543.322138
543.100694
545.442498
543.416398
537.698929
540.806375
542.933821
543.874013
541.978321
541.571907
540.257556
539.614614
543.640410
540.925455
540.485094
544.204212
539.649383
540.903273
536.258751
542.240262
540.940047
540.883865
542.861037
541.726835
541.107343
540.249625
540.595408
539.274878
539.392006
539.211967
539.271540
540.355819
539.044761
541.129543
543.416180
544.543998
543.008885
541.433918
543.255101
542.034860
541.037764
541.180934
537.600016
543.434111
544.257215
543.327169
541.732825
543.392831
542.517247
541.267854
540.509909
538.049257
540.506673
539.281200
542.247162
539.151684
539.995622
541.468528
545.133462
545.624537
545.700252
543.582741
544.967303
541.103261
542.792261
541.702071
541.536022
541.413796
544.031891
537.568634
539.329130
543.078496
538.787017
540.241072
543.436338
544.912263
543.507908
542.312500
543.392114
539.380567
541.615821
540.117060
541.075253
542.571994
542.082794
538.412758
543.433964
542.002748
541.976871
541.639913
543.930255
542.768027
545.972179
542.323803
541.315262
539.400609
540.988103
542.810610
542.761493
543.609264
542.985993
540.950215
538.481691
543.525480
544.666430
544.897584
541.519535
544.487864
541.243913
539.467864
540.154185
537.570201
541.480105
539.722859
540.806360
541.792392
539.652783
539.302424
540.942619
540.044440
543.322167
539.173709
539.689694
539.813319
546.410931
545.514828
544.121922
540.375503
542.909195
540.306958
543.763820
542.992269
541.773710
538.463417
540.283472
543.283590
541.085457
543.335530
543.992950
540.222610
541.028528
544.883316
539.679591
540.862799
540.921725
542.326579
540.704695
535.639415
542.001941
543.190431
545.119280
544.909211
540.245308
541.307818
546.200908
545.903989
547.444961
541.316429
540.331486
540.526987
539.498471
541.617270
541.029460
541.831406
543.718142
545.657871
544.474687
544.509851
543.523028
546.896531
547.246404
543.521449
540.025163
541.107534
543.133482
543.385748
541.742737
542.437178
543.076232
545.250299
543.305849
542.143027
543.821184
545.187769
540.613445
541.889825
539.484198
542.095431
540.928589
540.831061
540.729509
542.728840
544.425086
539.126834
538.295078
538.511285
540.232019
540.769192
537.441360
542.567759
543.629881
543.249282
542.185464
544.923892
540.531687
542.389020
541.262430
540.246448
540.776656
540.976121
537.632055
543.159538
543.019970
544.664274
542.939405
543.281411
543.384525
540.539585
541.693403
541.319246
543.735843
541.480505
538.862241
542.886705
539.660195
538.826586
540.138302
541.311559
542.311917
543.296828
544.710657
540.733045
540.645154
540.068348
539.274008
540.049563
541.614696
540.400175
540.626701
541.855266
541.170800
541.497438
539.843908
541.064107
542.864291
544.931761
543.654437
539.279657
540.008108
540.277130
541.088075
542.764884
542.177023
544.309188
540.089607
540.337966
542.436612
540.557430
538.234722
543.246168
543.568162
547.395461
542.601477
545.365790
545.902057
540.925162
540.757173
540.722266
542.759291
542.891887
540.417967
543.366950
544.708590
544.813217
542.642034
542.821673
541.438401
540.262334
538.219012
542.396334
541.406200
540.990366
539.099932
539.925459
541.598327
543.278636
541.976168
542.880912
542.687862
539.655037
541.419269
542.287906
546.529742
545.519646
544.266748
540.649196
541.681830
539.716550
539.929497
541.809992
542.261346
539.406302
541.017022
540.759578
538.770086
541.228415
544.414024
540.218013
542.565949
539.091742
543.009281
544.455974
541.616673
542.288321
540.854534
535.515540
540.886207
541.143631
539.773806
540.642520
541.926059
542.008942
543.052101
545.263239
540.197030
536.259657
537.271619
539.343167
543.146090
543.630812
545.150750
540.478720
539.103236
540.176850
544.212617
544.298419
543.196652
543.078133
545.694409
543.703101
540.644450
542.098813
542.352146
543.600800
543.944441
545.052360
542.138365
541.462150
539.749584
540.123534
541.357182
542.936534
541.137150
543.039078
540.518028
542.180236
540.758443
540.384077
542.992338
541.684729
541.038805
539.610666
540.400387
539.680167
539.055460
538.550597
540.534530
540.983974
542.315698
542.026553
538.703450
539.022000
540.178703
540.589193
542.279683
542.697672
540.914297
541.061794
537.880280
543.219227
544.291631
543.212617
538.657929
541.272438
540.945899
540.100018
541.046140
543.501703
537.976306
540.668094
541.182890
541.335349
542.728654
543.972687
543.361746
542.061307
542.035666
543.237691
544.726512
540.476669
542.942393
541.644217
541.532023
543.409067
543.461081
543.301334
539.496052
542.703176
544.915533
538.581111
538.628215
540.495876
539.961257
538.948124
538.271163
540.346902
540.496482
541.082666
541.135369
542.967293
542.093537
538.464870
543.470568
541.978191
538.652927
538.956684
538.405666
540.027993
541.162177
541.766735
543.966277
540.102117
539.712512
539.600661
540.771940
541.724078
542.189747
541.731261
542.487953
543.257305
544.620168
544.798029
541.685220
544.678031
541.241527
541.298564
543.016974
539.774133
542.117178
542.009263
545.100130
537.706253
539.847679
539.887956
539.943203
541.349249
539.156688
543.301554
542.938925
542.434849
546.312500
545.360023
544.192827
540.355638
542.867502
540.294484
540.673937
543.176971
542.245475
543.374653
545.651556
544.328989
542.621124
544.374718
541.091493
542.840213
544.373414
541.505597
540.028694
539.769966
539.159719
542.128852
540.748570
535.652968
542.163580
543.476537
544.977037
541.008572
541.280935
539.819326
540.665998
542.633942
542.927846
539.963655
541.816250
543.570642
539.553297
540.453729
535.671375
541.528084
541.430859
544.767111
544.215402
544.379888
543.501051
546.930868
547.346776
543.421729
541.396790
541.713907
543.223148
541.989332
540.327114
537.505275
543.175997
543.873809
544.139817
540.755119
539.846167
540.979747
545.475049
546.407593
540.976983
542.098665
540.794277
540.661666
540.793180
542.887947
544.154725
542.960125
541.500269
541.796470
543.310140
543.967387
545.174649
540.436699
540.758025
541.084774
541.727013
541.517729
540.852891
538.525898
536.359999
537.142754
541.100551
541.091705
537.809746
543.034677
542.821671
544.765894
541.415334
542.818470
541.877760
542.201569
544.252837
544.981387
543.279883
544.050625
539.644858
542.082050
543.019043
544.503055
541.020611
542.466371
539.992276
543.477820
544.837588
540.697055
540.676701
540.179665
539.314131
540.332112
541.082446
539.548357
538.978249
538.176952
540.385532
541.743423
542.187067
542.467273
543.812263
545.466326
540.329372
538.036991
538.336516
540.699170
540.998775
543.200499
542.058807
544.641214
540.193313
540.409646
541.007638
539.774942
543.749628
540.088828
538.812686
543.004887
536.735574
534.580656
538.063908
541.402977
542.704632
541.028193
535.833220
539.558001
541.040346
543.270796
544.620154
544.799298
542.536584
542.800301
541.433882
541.867509
542.884159
543.148921
543.468420
544.384416
541.176963
544.198647
541.799668
542.841205
541.271089
540.854785
541.108319
540.823190
541.259791
543.692140
546.131839
545.257885
544.302918
540.885742
541.708506
539.743406
543.378387
541.510134
536.820400
539.843842
539.897198
540.376080
542.629698
540.406290
538.776532
541.109373
541.142199
540.729840
541.345374
544.584583
542.328618
542.251341
540.796726
535.799581
540.683164
540.898581
539.731529
538.177369
541.039111
541.044943
540.371042
544.861543
544.313678
540.334780
542.217096
539.692979
538.721358
539.480562
539.164566
542.092980
544.422738
541.722465
544.411894
544.341603
543.376087
543.410536
545.622457
543.397841
537.526218
540.710152
543.124817
541.610539
543.587255
545.236536
540.534242
544.774182
545.527231
540.079496
541.925147
539.396753
541.439793
543.940804
539.461602
542.082915
540.590422
540.706495
543.228367
541.943363
541.366272
540.279405
540.458964
539.159874
540.855068
541.023740
541.139702
539.665486
542.970662
544.740461
541.983395
542.633514
545.907825
538.867692
540.295196
540.514424
540.920767
540.998676
537.694673
543.302754
544.391417
543.175583
541.753241
543.434093
542.472495
541.092885
540.094058
545.987583
540.535182
540.967927
539.448951
542.555776
544.434330
540.842686
543.613313
543.473023
542.897500
543.245514
544.406515
540.665093
542.962165
541.694994
541.919785
541.201072
544.189962
537.642409
541.638422
542.627065
545.542281
540.792453
540.844104
541.583979
541.392499
541.111110
544.757809
539.640125
537.694279
543.432244
540.845156
543.036638
542.019142
538.762730
543.787255
541.961511
542.000394
541.599938
543.891788
542.814751
543.831729
547.343027
544.978297
544.289613
545.307980
542.108104
543.068824
542.168505
543.351212
542.638654
540.127067
