0.069031
11.175520
0.039660
0.045785
-0.019741
32.195727
-0.227570
-0.101006
0.047255
43.634728
0.286649
0.001352
0.104237
27.760542
0.074042
0.049521
-0.013795
47.966710
0.161945
0.077412
0.096788
-16.437989
0.111073
0.022094
0.052438
2.018789
-0.095703
-0.095373
0.072124
16.075626
0.081644
0.018004
0.145583
10.942821
0.355229
-0.094644
-0.013968
67.100591
-0.025638
-0.079037
0.090575
8.800700
0.809152
0.026133
0.020053
22.692661
0.450170
0.184138
0.066771
10.031819
-0.043986
0.036180
-0.020755
35.466738
-0.200618
-0.104940
0.054233
40.622317
0.337406
0.019173
0.114368
27.616849
0.088499
0.045579
-0.014818
47.143546
0.226509
0.078577
0.094972
-15.370486
0.138211
0.024360
0.052193
5.111019
-0.098798
-0.115865
0.064781
19.130334
0.069366
0.000774
0.141285
13.349602
0.377328
-0.083922
-0.009709
65.743153
-0.060732
-0.078454
0.084188
7.662444
0.795003
0.018172
0.030404
18.189238
0.411980
0.172376
0.075035
9.188047
-0.045467
0.015935
-0.022672
37.500053
-0.200615
-0.123485
0.055772
39.564061
0.342507
0.028013
0.114787
28.543509
0.096007
0.053456
-0.007246
44.136212
0.315479
0.099018
0.105509
-17.624591
0.152833
0.012424
0.072393
-5.902700
-0.092335
-0.108320
0.067364
20.387899
0.115538
0.019699
0.140398
13.294703
0.391323
-0.079196
-0.014428
68.629873
-0.065254
-0.085430
0.089376
2.086624
0.798304
-0.000402
0.043618
18.500575
0.395624
0.181022
0.063083
12.371368
-0.043263
0.010855
-0.017429
37.961491
-0.191199
-0.100379
0.066911
34.286349
0.276133
-0.009309
0.126875
24.088919
0.083449
0.036016
0.002727
46.249682
0.297080
0.079157
0.106539
-17.603011
0.173888
0.012393
0.071939
-7.810681
-0.120177
-0.125330
0.067618
18.830421
0.114016
-0.001910
0.137801
14.933595
0.384346
-0.084973
-0.003766
66.160468
-0.081495
-0.088678
0.094977
2.037595
0.810716
0.009252
0.035192
19.695272
0.390279
0.163751
0.057775
15.920417
-0.044894
0.001010
-0.013558
38.464431
-0.151033
-0.081826
0.062346
38.031268
0.294209
0.004554
0.131797
18.776707
0.060362
0.065718
0.000536
50.840935
0.334530
0.100698
0.096673
-13.937320
0.141913
0.001198
0.067406
-5.061962
-0.113976
-0.116528
0.067572
16.824657
0.080047
0.023397
0.123969
22.088832
0.349026
-0.095711
-0.008033
67.003579
-0.102006
-0.075640
0.077276
8.276150
0.762685
0.003617
0.029926
21.189500
0.360220
0.131007
0.058258
15.369396
-0.029381
-0.000872
-0.021074
38.255962
-0.126352
-0.075696
0.062669
39.212429
0.302012
-0.012509
0.132465
18.618488
0.018972
0.055509
0.010915
48.809515
0.311360
0.070641
0.093246
-12.346451
0.121683
-0.019522
0.062360
-1.920140
-0.168438
-0.130861
0.063370
15.445448
0.122691
0.027878
0.112718
25.494837
0.364887
-0.119362
-0.011278
69.390457
-0.130016
-0.089059
0.076778
4.563896
0.737230
0.004172
0.031999
21.590183
0.346133
0.143091
0.062283
16.743214
-0.019836
-0.015916
-0.017414
35.961456
-0.174225
-0.078401
0.051089
40.489392
0.345529
0.004300
0.134007
16.817712
-0.015856
0.051332
0.020666
43.582656
0.309272
0.079729
0.087423
-9.171098
0.113071
-0.023633
0.064925
-4.011307
-0.160796
-0.126002
0.068957
13.875050
0.106753
0.028582
0.123880
22.832914
0.434598
-0.111410
-0.011900
69.766703
-0.131278
-0.078623
0.074698
4.194061
0.745854
0.006640
0.020593
26.197910
0.312415
0.147615
0.061964
17.562013
0.007784
-0.002090
-0.018021
35.222860
-0.171594
-0.074703
0.043878
42.166047
0.329694
-0.005589
0.129683
15.585020
-0.028636
0.050328
0.010663
47.334171
0.313489
0.113882
0.094288
-12.645842
0.107753
-0.061301
0.057098
1.828545
-0.158932
-0.119229
0.072470
12.675613
0.119573
0.029789
0.122839
18.469804
0.375865
-0.102086
-0.012670
70.362688
-0.146990
-0.079806
0.079485
4.698801
0.716255
0.004739
0.029660
23.504236
0.330862
0.156250
0.065926
17.343122
-0.015616
-0.025430
-0.018382
34.984351
-0.183972
-0.069434
0.057676
38.793974
0.265766
-0.029813
0.120626
19.257741
-0.004338
0.060096
0.008880
49.647390
0.325481
0.120033
0.098022
-14.407348
0.101493
-0.026669
0.066731
-1.254406
-0.189791
-0.157212
0.112345
-0.634821
0.250137
0.028578
0.120845
22.668764
0.368789
-0.127076
-0.008886
68.542659
-0.097642
-0.071136
0.072718
7.570778
0.724873
-0.019739
0.031305
21.587353
0.267215
0.147591
0.073949
13.372738
0.001317
-0.015773
-0.009235
31.517736
-0.191510
-0.061661
0.051831
37.740993
0.219154
-0.037619
0.124842
19.820048
-0.104190
0.035210
0.003621
51.507300
0.311770
0.124600
0.090373
-13.079903
0.081117
-0.029284
0.067253
2.808576
-0.220379
-0.179304
0.134318
-3.142485
0.166701
0.005446
0.115366
24.573158
0.331544
-0.133594
-0.026433
68.180681
-0.165458
-0.060788
0.083810
3.660810
0.703348
-0.056100
0.043997
22.091067
0.280098
0.187971
