0.062983
6.910131
-0.109259
-0.074364
-0.096884
58.061750
0.448123
-0.055888
0.071165
9.923564
0.199025
-0.006166
-0.096639
59.660568
0.411535
-0.055789
0.071673
13.223882
0.214854
-0.003422
-29.279712
67556.217239
423.995834
11.371200
0.080296
5.849777
0.002977
-0.045681
-31.850110
77208.742508
483.305551
11.638076
0.065097
9.163431
-0.008393
-0.059149
0.080289
15.606225
-0.472022
-0.140594
0.053132
11.741817
-0.104474
-0.062044
0.083267
18.320448
-0.445112
-0.142638
0.053918
13.447627
-0.104531
-0.065232
-0.101602
60.021784
0.395171
-0.046802
0.068303
12.031551
0.187908
0.018779
-0.085984
57.338915
0.397313
-0.054897
0.074708
9.353274
0.173177
0.009197
-40.166454
108583.952392
676.362360
12.567118
0.066455
8.732008
-0.030049
-0.056306
-42.727708
118238.923667
735.704595
12.856678
0.069780
7.072933
-0.034654
-0.055822
0.085491
16.072252
-0.433024
-0.161518
0.046144
18.008083
-0.002703
-0.066401
0.085719
16.440969
-0.445596
-0.154154
0.045676
18.244950
0.014831
-0.058494
-0.071714
51.484689
0.426261
-0.031485
0.068835
10.122450
0.159053
0.012032
-0.087237
57.195192
0.416810
-0.046333
0.067746
10.771411
0.160645
0.007903
-51.049834
149618.923306
927.830904
13.737949
0.067669
5.638303
-0.062613
-0.053681
-53.612006
159274.431877
987.176237
14.037785
0.067251
6.543169
-0.050695
-0.049835
0.068762
18.590770
-0.401905
-0.164592
0.053014
21.314030
-0.035536
-0.095989
0.071422
19.280802
-0.379510
-0.166250
0.044794
24.757181
-0.021416
-0.087190
-0.093181
60.323407
0.360185
-0.038381
0.070407
10.700187
0.123618
-0.001597
-0.094434
59.072467
0.360950
-0.034337
0.062269
14.488339
0.140207
0.008420
-61.935900
190654.943478
1180.650020
14.940145
0.064304
6.917927
-0.064575
-0.058929
-64.493143
200308.429836
1239.733062
15.209029
0.061172
8.694269
-0.075234
-0.064299
0.065483
21.901391
-0.367706
-0.153861
0.052355
22.916388
-0.030280
-0.107323
0.065500
21.838621
-0.349027
-0.143501
0.048046
23.687173
-0.068334
-0.104684
-0.095363
59.132698
0.328804
-0.035958
0.067744
11.974354
0.137450
0.010773
-0.090016
57.193745
0.314221
-0.033626
0.062732
15.087434
0.121205
-0.007697
-72.835796
231697.999309
1428.502840
16.110261
0.062151
8.249045
-0.120683
-0.072129
-75.397389
241353.467941
1488.620478
16.400423
0.064050
8.013876
-0.120965
-0.072741
0.057371
22.916001
-0.334561
-0.126457
0.038652
26.944563
-0.008780
-0.109479
0.054294
25.188413
-0.335198
-0.127434
0.040838
25.075293
-0.001392
-0.111221
-0.085138
59.208689
0.329087
-0.029286
0.058864
13.744867
0.126181
-0.000045
-0.077035
55.819738
0.337530
-0.014677
0.054214
15.572747
0.124440
-0.004548
-83.711721
272729.688407
1679.067109
17.356667
0.066174
7.970082
-0.093905
-0.046257
-129.534663
434282.147740
2657.327648
17.616291
0.067254
6.772536
-0.075474
-0.039151
0.041489
24.460076
-0.324096
-0.109775
0.043010
23.812082
-0.071284
-0.120995
0.037106
26.319702
-0.298505
-0.125001
0.042233
26.275906
-0.076560
-0.120179
-0.085884
56.412410
0.268545
-0.034836
0.043116
18.245332
0.109989
0.002063
-0.078850
53.993101
0.271319
-0.049346
0.043197
18.938651
0.108837
-0.000197
-419.098249
1453004.921451
8837.750010
18.556198
0.084938
2.121343
-0.033178
-0.042921
-508.174817
1766462.722972
10747.146059
18.839283
0.090891
0.567106
-0.029383
-0.042776
0.036289
24.878855
-0.300796
-0.125542
0.028605
31.689467
-0.028130
-0.099786
0.037644
24.252269
-0.307567
-0.119365
0.031851
30.513707
-0.027771
-0.108150
-0.093382
58.402619
0.333156
-0.004640
0.034566
20.704958
0.106685
0.009277
-0.091803
57.257530
0.345781
-0.001560
0.032145
22.419515
0.083640
-0.001107
-797.753366
2785187.475046
16926.161459
19.768884
0.086271
4.758564
-0.067487
-0.052543
-886.850170
3098641.881376
18828.047626
20.060189
0.089812
3.539399
-0.093223
-0.054541
0.034203
22.917384
-0.291947
-0.116994
0.037875
26.748820
-0.003286
-0.107613
0.040110
20.693172
-0.273386
-0.123368
0.037425
27.914265
-0.007403
-0.107991
-0.099710
59.836666
0.378681
0.003008
0.035514
23.511751
0.073772
-0.011613
-0.094833
58.319344
0.377380
-0.000035
0.034618
23.799603
0.055622
-0.005851
-1176.417701
4117369.707730
25010.251113
20.948232
0.084295
6.161072
-0.090230
-0.039047
-1265.513173
4430824.002757
26909.045976
21.227503
0.084699
6.066072
-0.107935
-0.042455
0.042331
20.782092
-0.277583
-0.131985
0.058704
27.389066
0.008079
-0.108524
0.049718
17.569680
-0.281396
-0.114316
0.045611
27.462962
-0.012655
-0.128952
-0.090259
57.170923
0.390440
-0.002820
0.023206
27.506047
0.086044
0.002141
-0.086749
56.565344
0.389950
0.001016
0.029093
24.827013
0.089852
-0.001215
-1555.063032
5449540.944026
33091.484794
22.163601
0.053813
19.550577
-0.039477
-0.041883
-1644.180734
5763001.842659
34993.407006
22.481244
0.060168
16.503607
-0.067223
-0.035577
0.059199
15.957949
-0.359531
-0.117883
0.031899
33.678693
-0.037506
-0.143190
0.054619
18.355113
-0.343428
-0.108706
0.030546
32.785667
-0.058551
-0.151760
-0.086868
54.776840
0.355578
0.006620
0.016467
32.293224
0.092189
0.001515
-0.083531
52.723292
0.338942
0.005271
0.009917
35.647332
0.112736
0.017659
-1933.742438
6781725.835197
41174.342967
23.393353
0.054750
17.647257
-0.095944
-0.060619
-2022.840803
7095180.212724
43076.225975
23.662131
0.059099
13.840194
-0.107240
-0.056003
0.051670
18.356233
-0.347452
-0.117822
0.020227
35.614754
-0.040615
-0.147467
0.051906
18.772127
-0.330738
-0.105637
0.025074
34.908843
-0.072295
-0.165478
-0.074595
51.333365
0.338087
0.014876
-0.001715
39.822534
0.066356
-0.005212
-0.080081
54.477306
0.362225
0.015533
-0.004513
39.505933
0.074655
-0.007338
-2312.401973
8113905.919667
49254.747331
24.615167
0.062986
13.995925
-0.243669
-0.057869
-2401.499083
8427361.669435
51155.740603
24.903723
0.055245
15.303246
-0.233320
-0.054489
0.044327
21.725420
-0.324528
-0.107063
0.036725
31.639272
-0.047114
-0.160393
0.043849
22.104059
-0.330372
-0.109708
0.037541
32.709211
-0.037643
-0.159816
-0.080983
57.022219
0.347321
0.014875
-0.005357
37.141455
0.064870
-0.010796
-0.079753
55.035279
0.339808
0.013665
-0.009151
38.355295
0.064671
-0.015818
-2691.063330
9446086.927930
57341.611528
25.845307
0.061176
12.386333
-0.233908
-0.067073
-2780.158871
9759542.012428
59243.088104
26.129802
0.058778
12.085894
-0.239241
-0.065100
0.037255
27.209860
-0.285537
-0.125657
0.029031
34.836123
-0.066213
-0.157827
0.034251
26.417165
-0.283761
-0.120297
0.026902
35.665120
-0.065644
-0.169433
-0.074019
54.135778
0.320291
0.007579
-0.004245
39.362353
0.069812
-0.007408
-0.067336
53.414566
0.320303
0.007830
