543.487520
543.568282
541.470102
544.961454
544.161343
543.298569
543.378681
542.751610
543.097649
538.951389
540.925288
539.332020
541.197926
543.139719
540.583321
539.881314
542.412767
540.804458
544.525024
541.267532
545.658932
544.051907
541.494080
539.593462
541.579705
544.194070
549.126650
543.292110
541.108874
541.679800
538.842250
540.702874
545.284897
539.885737
539.852020
542.066848
540.588712
542.163365
543.957088
544.479004
544.254165
542.931027
542.398713
539.627605
540.284120
542.331491
542.200849
541.749799
541.286292
541.923274
540.537688
539.237420
540.969105
541.256556
541.539547
542.402878
542.600520
539.758476
541.270467
539.540213
542.934063
541.545589
541.225226
541.554071
540.675412
534.868654
541.582739
540.272521
542.517534
539.111140
542.255849
540.011978
540.951928
540.419269
539.091161
541.650170
543.349075
540.746503
541.642664
543.930138
545.263929
541.279750
538.897768
539.670088
539.109800
541.452211
540.882745
543.881978
542.873497
540.867359
542.939001
544.307135
542.243104
541.047296
540.576410
542.448902
539.109873
541.118190
543.147888
539.445301
541.120924
539.758883
542.109609
543.436253
544.322530
542.218971
543.237497
539.355250
542.159782
546.077118
546.575015
545.025835
544.085414
539.893554
542.040714
545.500322
541.440654
541.015988
541.681963
541.517283
542.617976
543.049768
544.219580
541.137157
542.614575
543.743089
543.263975
539.983646
536.382800
543.298170
543.981144
540.284874
542.801297
543.224215
542.970119
539.736807
540.760073
538.692101
544.293031
542.979445
543.264189
541.119564
539.298554
540.352020
542.469198
540.977744
538.777372
542.760573
544.462181
543.795477
543.130656
542.619587
542.034980
541.644323
539.638853
539.729485
542.629744
543.822644
543.770590
541.548124
542.209258
542.134761
540.975248
545.160240
543.784728
543.698779
541.307031
542.815960
543.515810
543.673335
541.595853
542.448915
543.759841
543.936769
540.607763
542.184980
542.910910
542.274086
544.213425
543.884169
540.172374
541.838759
542.817367
541.192033
541.138848
540.624875
540.373772
539.484007
540.125906
543.940683
541.500793
539.603854
541.583518
543.017708
541.578631
542.288856
541.758016
546.374046
540.259155
544.636582
544.090556
541.636257
543.099500
540.798810
542.413560
541.386088
541.421410
538.440281
539.792540
540.642512
542.471981
539.885712
540.547965
538.642976
539.429351
535.979831
541.848077
542.949683
545.191276
539.880270
540.875621
535.915292
537.342064
541.586038
539.735539
540.901815
538.593460
541.423524
538.664546
543.158475
540.618035
541.588850
540.746294
534.980619
542.851682
540.438170
540.377378
539.339955
540.435146
536.367190
541.685969
541.771755
544.625754
539.258599
540.161198
541.559350
540.234519
541.390219
541.590994
538.557521
539.140181
543.551083
539.254522
541.494280
541.101626
542.500713
541.467456
540.076466
543.429869
541.487121
543.944128
538.667826
540.838206
541.027243
539.090320
540.373875
540.998610
541.868856
541.380443
539.322413
541.422744
543.527441
543.314380
542.267304
543.312093
539.308340
542.349664
543.127535
545.794470
545.193493
543.073390
543.689466
543.817582
544.245548
543.334070
539.670470
541.383349
544.168588
539.600783
542.923453
539.960334
541.136169
543.924271
541.432413
543.160564
540.006397
536.531210
541.795477
542.369347
539.514620
538.736379
538.554052
536.045211
542.101118
542.358273
541.548022
541.950141
541.226751
543.380282
538.997623
540.195892
539.299979
539.266115
539.187267
543.702239
542.662048
544.188011
543.493583
542.616208
542.603235
543.230574
543.941677
540.967521
542.834369
545.422630
542.838470
546.699729
541.791969
544.552689
545.761179
541.614934
541.639972
539.866135
539.886840
541.800279
539.617461
543.431552
543.611131
541.594569
545.044457
544.086255
542.970150
542.765048
542.412315
540.166464
538.204086
538.207638
542.332314
539.248177
540.746684
542.100896
538.029937
539.798466
541.687880
540.458473
540.583874
541.305982
544.027440
541.610428
539.769249
541.763671
544.530704
549.279869
542.479835
546.209274
543.714311
541.646747
542.331026
539.653142
538.741316
539.856194
541.911764
543.260754
542.808801
544.333587
545.110584
545.262460
542.759468
542.166229
539.482372
540.746135
542.244904
542.142876
541.766317
539.476736
541.044805
540.962612
543.422912
543.439724
542.184932
540.504569
541.167494
539.043458
539.250816
541.059923
545.162104
544.786858
542.447941
543.554456
541.084097
540.305124
534.745546
541.522914
540.104673
542.139720
539.654815
540.153651
542.396878
541.896728
541.386725
540.289886
540.140099
541.128875
542.278275
538.201134
539.155500
540.610719
537.618777
537.391086
541.202099
539.142806
541.420234
540.896327
543.784219
542.712116
540.674334
544.396291
544.179822
544.880067
543.429924
541.617521
544.317690
542.115936
540.734656
543.752116
540.719328
541.535174
540.527646
543.324087
541.171065
541.501898
542.352288
543.159663
539.047563
542.024545
546.150303
546.510854
543.194243
543.059543
543.249974
542.534821
541.763892
542.386006
544.729864
542.666450
541.000022
542.180130
543.099332
542.305258
538.983617
539.479946
538.795044
543.542190
540.474705
536.651576
543.506507
544.424863
540.784445
542.661683
543.166515
546.055394
544.597770
544.472623
540.722816
539.336052
542.405871
538.416531
540.817288
541.058801
540.468300
541.981558
542.593676
541.576345
542.732332
543.956590
543.336419
543.186547
542.423367
541.889762
539.696087
539.621568
537.350302
541.038514
542.100778
539.599278
538.566367
540.900123
538.886510
540.469726
539.451236
540.157094
542.856105
541.711142
541.242859
543.780924
543.923317
541.973720
542.315487
543.482566
543.965573
541.091442
541.633937
546.127596
540.582008
541.234659
539.824776
538.471047
542.034568
542.080692
542.380924
542.835496
541.668593
543.489944
544.811869
544.281653
544.216368
541.775932
539.859668
541.487579
542.981638
541.799296
542.638077
540.955733
538.760329
538.071942
539.565350
539.411730
541.542717
542.763375
539.814428
539.453158
539.103500
540.553645
541.736827
543.208230
545.562891
542.164539
539.482375
541.110321
538.836619
539.636155
536.348964
544.263419
542.129778
543.519871
539.607441
543.303198
542.283122
542.207035
541.653411
541.519614
538.565242
541.425127
540.992968
541.979112
543.370110
540.659618
541.262788
540.524053
534.811683
542.300442
540.294030
540.597432
543.985541
545.376110
543.947734
540.188105
540.049591
540.149652
541.296870
543.197798
538.547708
538.511543
538.435482
540.799230
540.472829
541.841044
542.489894
539.061588
541.618688
540.888318
542.159288
541.285871
540.210705
540.736109
542.408781
546.120788
541.983410
544.617067
544.243163
538.738143
542.279154
544.623207
538.427598
542.363131
544.982109
542.343463
540.897422
540.724335
541.974249
542.782211
538.942043
542.331654
543.001238
545.972381
541.301446
540.268632
543.322993
542.585456
544.339281
543.035028
542.736362
542.158402
539.845339
540.717916
544.226526
539.913310
541.516612
543.043392
543.743909
543.426718
540.423856
536.385464
541.563813
542.242770
539.367973
540.352403
542.184354
540.884850
541.875115
538.887137
539.138564
539.676939
539.802130
540.257643
543.545707
542.027189
541.739197
544.385197
540.816783
540.050674
542.992716
544.116497
543.664512
542.798016
542.893582
543.327657
542.695471
546.567953
546.916499
541.394460
540.887779
543.702474
540.878457
542.627502
538.054516
544.169589
545.697370
544.694115
538.936961
542.054503
536.167422
543.774820
544.125724
542.173462
545.211709
544.258230
542.755699
543.523284
543.006324
543.417865
538.106208
540.001568
540.566155
538.230870
538.961767
539.332168
542.584643
542.792762
541.331214
542.691695
542.255942
541.215368
544.193159
541.854389
539.789741
541.623188
544.302992
549.290194
542.952842
541.013796
541.597012
540.307482
542.485323
545.054970
543.326677
542.467760
544.672098
543.437906
543.021032
541.236734
539.711696
541.442832
541.996954
542.062465
539.649439
541.225589
542.450082
542.408552
541.670296
541.258103
541.828886
540.658478
542.090491
540.745666
543.044948
544.263705
542.408631
540.247038
543.642940
544.042318
541.753434
541.378258
540.913680
541.310354
540.903331
540.128866
534.798026
541.715354
540.060026
542.208655
539.190714
542.466012
540.123543
542.822369
542.320484
544.087685
543.223181
541.758268
539.476263
540.265160
539.015931
542.338896
539.878867
538.753053
540.750479
538.968752
541.414945
540.379103
543.924174
542.904932
540.710721
542.775942
544.319736
542.269631
539.967926
541.046576
539.277775
541.468343
539.321349
543.129651
542.639243
542.750521
539.582974
542.509555
542.856724
542.908076
541.858542
543.205140
539.376030
541.746923
546.138068
546.711013
545.155831
544.185072
539.863876
544.397592
546.203341
538.065130
543.449187
543.337261
542.573579
539.167164
540.948165
540.758073
543.352847
539.759594
538.516395
543.547150
540.731605
536.579472
543.430910
544.323643
540.852358
542.418911
543.362671
543.135806
540.637189
542.897009
542.188306
538.585819
540.856571
541.853153
542.621296
543.702664
541.370663
540.006074
539.127337
540.693371
542.777115
543.942076
543.339059
543.192704
542.637056
541.797244
541.735481
539.636782
539.880913
542.894111
545.029424
545.680274
540.415035
542.925753
544.251662
540.390287
542.231498
542.359251
539.862602
541.390573
545.130688
