-0.002608
24.867474
0.158221
0.022765
0.008531
10.720217
0.409007
-0.008767
0.018566
-1.409973
0.041782
-0.029304
0.021949
9.197916
-0.003567
-0.091190
0.024862
-10.756821
0.122216
0.005017
-0.004801
16.791751
-0.351980
-0.148130
0.059421
-0.075205
0.022144
-0.101778
0.024241
-1.445702
0.177925
-0.086274
-0.019894
16.800825
-0.015897
-0.070698
0.026099
10.827403
0.082308
-0.074093
0.012095
-10.419629
0.113981
0.017381
-0.025877
31.111437
-0.514194
-0.040925
0.054855
-8.458489
-0.159413
-0.063186
0.053462
-4.372027
0.077220
-0.033289
0.027153
-10.121199
0.429664
0.075679
0.050652
-2.787041
0.117498
-0.003260
0.034391
1.596920
0.094628
-0.079299
-0.012316
22.480923
-0.020079
0.001645
-0.083213
53.350976
0.338881
0.018370
0.019000
7.363141
-0.192730
-0.125443
0.002018
2.820264
0.029404
-0.073141
0.068129
-5.860170
0.039122
-0.042441
0.006294
5.146274
0.229449
-0.062392
0.014369
-9.632296
-0.487975
-0.121471
0.001239
25.293111
0.130768
0.005547
0.031513
2.839322
-0.124743
-0.136644
0.065387
-14.457094
-0.302417
-0.002304
0.020284
10.962092
0.002631
-0.102014
0.026079
-6.281940
-0.032934
-0.039314
-0.000933
1.300079
0.019281
-0.086652
0.052778
4.080119
0.017996
-0.112303
0.020319
17.765783
-0.131958
-0.076717
0.060816
-30.997610
0.151172
0.017040
0.026403
8.202570
0.113126
-0.060225
0.028990
-16.474303
0.015260
0.004514
-0.002964
27.604080
0.006494
-0.117309
0.054297
-7.783579
-0.158728
-0.050922
0.026810
2.817750
-0.041125
-0.064335
0.006251
5.308847
0.206665
-0.066997
0.050867
-4.051870
0.165644
0.011221
0.096870
-36.416105
-0.198630
-0.054185
0.018249
-0.738311
0.067621
-0.081063
-0.075917
49.719720
0.339364
0.007182
-0.008843
22.401251
-0.165047
0.000342
0.061182
-17.913000
-0.117934
-0.004230
0.073455
-9.322913
0.037295
-0.039014
0.105790
-28.207394
0.115926
-0.092266
0.072959
-13.629208
-0.193490
-0.086744
0.005056
23.640558
0.139600
0.000296
0.007617
11.378586
0.430205
-0.008422
-0.031267
11.266644
-0.218622
-0.001343
0.019830
11.561384
0.025170
-0.099674
0.021082
-7.917287
0.101971
0.004030
0.024819
-11.643512
-0.321110
-0.028507
0.055214
2.343794
0.030058
-0.106436
0.026954
-3.728454
0.182358
-0.082282
-0.047309
30.675176
-0.139619
0.002693
0.029918
5.523471
0.113089
-0.058135
0.019827
-10.785454
0.203133
0.018673
0.056387
-13.984823
-0.045019
-0.026180
0.055282
-6.414803
-0.142593
-0.058713
0.050424
-3.565266
0.039383
-0.034392
0.009924
16.971900
-0.067251
-0.015591
0.053630
-6.007969
0.159835
0.003856
0.023121
6.572496
0.072535
-0.086093
0.077859
-30.464235
0.161071
0.005898
-0.074923
47.390560
0.341779
0.012880
0.019732
6.080474
-0.223931
-0.137264
0.073138
-36.800105
-0.042588
-0.094678
0.069809
-6.454239
0.038624
-0.048586
0.006670
5.669195
0.193161
-0.069292
-0.006815
15.719840
0.152432
-0.076816
0.005814
22.982389
0.122422
-0.006081
0.028203
5.704170
-0.121724
-0.140365
0.042481
-7.001429
-0.301389
-0.017202
0.017485
11.481610
0.032198
-0.090229
0.030921
-8.218893
-0.019156
-0.048434
-0.014831
19.229284
0.097579
-0.059119
0.055528
2.304112
0.029437
-0.107546
0.025117
17.134435
-0.126854
-0.068052
0.081821
-27.972372
0.095593
-0.050453
0.034938
3.742530
0.102844
-0.067498
0.028387
-15.954609
0.024963
-0.001383
-0.059412
51.436372
0.341103
0.045407
0.052461
-4.312297
-0.124044
-0.054174
0.019992
5.331068
-0.025573
-0.055129
-0.041768
39.485113
0.266225
-0.079017
0.042331
-5.879324
0.228813
0.021451
0.100074
-38.416993
-0.228480
-0.058502
0.014445
14.161007
0.185554
-0.072409
-0.075516
48.746119
0.352161
0.012250
-0.007586
22.530183
-0.156086
0.001094
-0.009736
-3.559556
0.332778
0.001160
0.074566
-7.942623
0.055415
-0.046433
0.103457
-26.664876
0.101405
-0.091782
0.042002
0.805049
-0.156781
-0.177074
0.009367
22.633416
0.116192
-0.005986
0.005287
11.865468
0.317181
-0.012797
0.020683
-2.849767
0.028839
-0.023666
0.024214
10.064489
0.044623
-0.101283
0.004857
-3.241464
0.112520
0.013721
0.001547
14.277167
-0.343007
-0.145561
0.054852
0.669237
0.029698
-0.112089
0.031889
-5.341627
0.174840
-0.076104
-0.022563
15.821994
-0.007247
-0.060838
0.032885
2.520847
0.112694
-0.073644
0.016339
-9.284506
0.199485
0.021147
-0.027828
32.783930
-0.549885
-0.038921
0.056314
-6.003981
-0.153627
-0.068079
0.053579
-6.980351
0.049104
-0.025462
0.023646
-10.411936
0.438195
0.074129
0.041995
-4.791563
0.216840
0.002157
0.022612
6.372017
0.063498
-0.079298
-0.017225
25.333750
-0.002648
0.001634
-0.077009
49.138720
0.355623
0.005945
0.017598
6.947846
-0.208109
-0.140518
-0.001595
3.493294
0.024973
-0.070198
0.071599
-6.679394
0.084657
-0.043366
0.011482
2.747751
0.205773
-0.074208
0.014113
-9.902700
-0.478423
-0.109322
