0.412261
262.158980
0.202042
-1.192463
0.858947
45.755051
-0.622392
-1.746338
0.934911
-140.018151
1.403157
0.090455
-328.505090
nan
5266.564758
13.439123
0.447253
255.386310
2.155122
0.697424
0.960596
-198.787748
1.509759
0.269871
0.760038
75.776302
0.973179
-0.088192
0.321506
202.940995
1.408667
0.217875
1.133271
-51.397397
1.280545
-0.087344
0.197281
521.878458
-0.859762
-1.951548
0.356809
273.400847
1.831440
0.534936
1.075494
-90.352724
1.924579
1.287023
0.487468
60.258290
1.455011
0.347839
0.631235
-9.377097
0.905751
-0.342019
0.470992
358.293469
1.491565
-0.078705
1.285321
-167.094107
1.207138
-0.303565
0.607127
202.148697
-0.057219
-0.947649
0.654395
87.809871
0.889963
-0.285760
0.074788
452.857175
-0.468012
-1.802148
0.910862
-174.721562
2.199322
0.991592
1.181027
-134.670375
0.497098
-0.775428
-0.056888
389.580460
0.928634
-0.455056
0.440090
304.880588
0.338975
-1.092396
0.333773
229.936363
0.076334
-1.404899
0.692413
261.472054
-1.675660
-3.065798
0.701580
31.813917
1.268521
0.138636
0.723009
-85.553938
2.054271
0.932521
-0.017426
542.256102
-0.208285
-1.493976
-0.653490
740.674179
0.993936
-0.444380
0.512026
139.118000
0.326210
-0.218930
0.927572
-17.181791
-0.102374
-1.406380
0.554724
47.745183
2.024539
0.852534
1.583063
-244.026982
0.041996
-1.268686
0.162294
294.157218
1.032350
-0.123581
0.865276
33.204219
0.165780
-0.172864
0.405032
202.237834
-0.185075
-1.262175
1.152363
-164.739395
0.227424
-0.819109
-0.468329
713.180159
1.589769
0.443595
1.458910
-170.688035
-0.660285
-1.978863
1.051932
-101.536847
0.501586
-0.600418
0.477273
272.533827
0.146714
-1.253655
0.517921
46.236435
1.761976
0.469791
0.381926
196.450288
1.292133
0.043541
0.602888
105.174411
1.466334
0.204187
0.511869
199.324860
-0.755863
-1.917235
1.865422
-504.184947
1.500030
0.451404
0.007748
269.562879
3.328094
1.875424
1.379145
-312.878973
0.292114
-0.366658
1.122872
-197.414304
0.707385
-0.506735
0.443601
239.716038
0.110764
-1.196967
0.969472
-104.456544
0.751541
-0.450601
1.536341
-388.870411
-0.320045
-1.083470
0.077611
335.042131
2.473233
1.057239
1.460875
-302.006212
0.176191
-0.843703
0.389817
358.528777
-0.354195
-1.514638
0.260477
296.506866
0.725959
-0.782644
1.871403
-415.201751
-1.211241
-2.309742
-0.360587
803.823774
0.516866
-0.930913
0.659912
84.820356
0.976008
-0.331222
1.105955
-18.143769
-1.251595
-1.882341
-0.380362
734.409325
0.111142
-0.896162
1.232429
-18.651110
-0.113748
-1.129200
0.636786
36.033449
0.128358
-0.946320
1.171750
-105.022268
0.939675
-0.057694
-0.962179
1041.209635
-1.231809
-2.469814
1.132020
-97.551279
0.709966
-0.085604
0.743778
170.512508
-0.802004
-2.160462
0.473348
86.996626
0.532283
-0.559901
0.482556
327.198713
-1.719378
-2.900722
0.791264
92.476427
-0.311248
-1.514293
0.721294
-101.565352
3.410373
2.024867
0.555563
5.177510
1.069846
-0.111748
1.012327
-60.659238
1.314991
-0.152079
0.324483
253.850120
-0.886291
-2.065414
0.975456
-57.744951
1.171893
-0.060282
0.504973
244.970217
0.542109
-0.772639
0.957747
-26.315752
0.776265
-0.463267
0.064008
370.472012
2.008430
0.460529
0.046275
450.647074
-0.262483
-1.447239
0.639326
126.771369
0.507115
-0.902303
0.726025
-74.778985
1.453760
0.459894
0.211882
399.640132
1.393699
0.401421
0.884824
-80.226888
0.216017
-0.981167
0.588536
230.691476
1.576912
0.422004
1.343619
-321.287060
0.269504
-0.905223
1.350566
-327.062839
1.334422
0.421115
-0.143144
540.081860
2.708820
1.331743
0.797911
242.458187
0.624249
-0.474543
0.537985
109.334167
2.133504
1.086880
0.590949
118.583269
1.239808
-0.027751
0.470379
126.021264
1.061155
-0.249185
0.458736
168.878675
0.608555
-1.039388
1.080760
29.655396
0.959783
-0.235695
-0.769029
805.069331
1.788688
0.614977
0.655437
174.359250
0.145416
-1.155645
-0.083714
414.074846
1.176777
-0.194144
0.333638
243.188637
0.831478
-0.065534
0.531948
187.405108
-1.642762
-2.855800
0.770053
71.581148
-0.239994
-1.555935
1.603870
-306.461280
-0.346369
-1.540897
0.058403
539.670304
1.300203
0.237900
0.419339
324.675289
0.405366
-0.649075
0.123473
428.846334
0.698003
-0.434569
0.581972
247.683379
-1.174194
-2.533941
1.424856
-107.821413
-1.575788
-2.727381
0.315948
315.175604
0.651579
-0.710492
1.105056
-298.639246
2.372294
0.936605
0.836813
3.088763
-0.076244
-0.960371
1.268943
-244.610430
1.138297
0.076562
0.513559
288.296703
-0.566709
-1.851749
1.537181
-218.507105
1.003581
0.029125
0.537183
33.488989
2.688607
1.684217
-3.646863
20770.484586
95.317711
1.086493
-0.187740
622.018624
-0.123596
-1.533729
0.765749
-26.441119
2.215080
1.433318
1.247749
-182.684111
-0.700615
-1.497819
0.503602
158.119801
1.362079
0.144073
1.417864
-250.584132
0.599477
-0.690195
1.223838
-32.478645
-1.007979
-2.262222
1.103732
-62.783403
-1.320875
-2.292605
-0.693931
779.001339
1.958990
0.461042
0.747724
-32.218101
-0.373376
-1.986258
1.128390
-174.411752
1.167990
-0.144361
1.846135
-532.658257
1.341660
0.316854
0.129329
133.380614
2.285035
0.993808
0.672575
202.011643
-1.852948
-3.103902
0.155551
366.153668
0.835622
-0.408218
-0.021319
397.743002
0.855004
-0.365700
1.206913
-189.052094
1.046611
-0.513182
1.191963
-79.077177
0.029017
-1.411727
0.377993
164.791373
2.013410
0.358684
0.116205
476.420676
0.273403
-1.297061
0.320522
327.696117
0.907393
0.025509
0.727038
212.337833
-1.456433
-2.524007
0.395398
173.049050
1.231615
-0.088888
1.740633
-463.321355
2.460353
1.193373
1.074406
-183.606049
1.700090
0.414896
0.089843
560.264132
-1.812926
-3.356180
0.932831
95.433989
-2.328891
-3.659038
1.487067
-258.439651
-1.122038
-2.318228
0.844657
-133.139915
2.740014
1.305429
0.583615
259.046259
-0.092323
-1.233265
0.902422
99.651005
-0.978369
-2.266104
-0.183935
643.630197
-0.197882
-1.498750
1.441525
-279.166415
0.949164
-0.273314
0.324330
261.016029
0.979647
-0.305271
0.721492
-11.485419
3.168309
1.649894
0.803488
-50.411903
1.483058
-0.019424
0.724457
-10.147783
0.355756
-0.743529
0.166585
229.545913
0.312787
-1.262263
0.691571
223.863305
-0.461768
-1.905446
0.439980
214.868454
0.665253
-0.931300
-0.347603
644.291994
0.712391
-0.766085
-0.195296
556.696682
-0.016177
-1.149908
1.061782
-127.120254
1.129391
0.099405
0.385322
249.549096
1.933473
0.329617
-0.204505
527.733771
2.166484
1.040119
1.466186
-370.086145
0.690688
-0.220549
0.624314
190.748930
1.070982
-0.034352
1.305552
-221.249004
1.532662
0.435845
0.278411
225.989019
0.428889
-0.758106
-0.046827
471.939503
-0.034177
-1.437995
0.687158
17.797831
0.643044
-0.865240
0.605179
149.886813
0.415644
-0.719528
0.854826
-4.529892
1.504780
0.439599
0.915280
92.126323
-0.693526
-1.744093
0.908513
-118.122582
1.906062
0.762101
0.954807
25.549555
0.549470
-0.482967
1.111448
-156.080833
-1.226053
-2.407307
0.723980
61.763811
-0.656388
-1.952971
0.239791
225.326763
1.943390
0.442838
1.965316
-615.480730
0.808690
-0.170776
0.992988
24.755641
-0.253661
-1.708216
1.225151
-119.326154
-1.194133
-2.151687
0.596786
14.636762
1.796307
0.704341
0.737536
99.273955
1.754550
0.740306
0.046524
371.694205
0.958381
-0.409864
0.632242
109.789735
0.091059
-1.037527
0.389518
370.937836
0.340746
-1.131304
1.111375
-115.517026
0.774942
-0.352856
0.520153
216.041322
0.412640
-0.592430
1.113171
-219.249094
2.767326
1.931968
0.260877
257.312925
0.334146
-1.025495
0.136788
381.536312
0.932844
-0.206381
1.218677
-247.171733
1.657481
0.520928
1.014813
-209.863311
2.059711
1.006992
0.432758
149.820855
1.253893
0.058263
1.004632
-81.098131
1.124852
0.240700
0.184340
318.768296
1.219351
0.115897
0.492842
203.568097
0.446753
-0.771675
0.247798
304.739514
0.637112
-0.900717
0.700799
181.594123
-0.972338
-2.123654
1.408232
-198.454283
0.576105
-0.930741
-0.160646
560.571300
0.576615
-0.607579
-0.756300
780.151545
1.645046
0.412058
0.825609
-31.612253
1.043306
0.266734
1.120295
-68.330500
0.573536
-0.678729
0.588719
164.168656
1.240330
-0.040735
0.794128
55.927130
-0.872416
-1.958385
0.732457
258.020730
-1.309910
-2.562675
-0.464819
633.862602
1.265042
-0.108333
0.258738
378.478268
-1.247526
-2.200542
0.710941
158.921338
1.200465
0.004757
0.622100
38.187038
1.295297
0.256463
0.341725
345.637756
-0.682645
-1.974347
0.256291
503.509166
-0.712222
-1.991755
-0.550072
664.984976
0.764629
-0.793915
1.323176
-374.317286
0.272714
-0.754497
1.192667
-120.444370
0.574521
-0.753720
0.550325
198.362096
1.372549
0.547149
0.051437
526.078606
-0.736484
-2.047762
0.677554
153.147951
-0.551525
-1.850359
0.504525
353.115562
-2.036758
-3.260931
1.008837
-26.423224
1.263687
-0.038331
-0.223658
521.607355
1.799219
0.080428
0.368060
222.173122
0.024160
-1.143101
-0.425622
683.524501
1.613219
-0.099402
0.058492
320.848310
0.688384
-0.601626
0.288715
194.849248
2.198146
0.770117
0.465788
185.427919
3.521249
2.017854
0.877802
27.352726
2.070787
0.795600
0.523552
221.432317
0.821509
0.004575
0.897082
6.011888
0.727503
-0.237246
1.079704
-41.808289
-0.326876
-1.546776
1.341999
-336.626899
1.417844
0.419177
0.975806
19.379228
0.428684
-0.878380
0.572662
159.172232
0.416238
-0.636416
0.933802
-32.614881
0.430473
-0.358691
0.942646
-45.256514
-0.699986
-1.767240
0.703046
174.416843
1.781257
0.563229
1.132184
-78.614654
0.624667
-0.632008
0.533219
268.055211
-0.212154
-1.459803
0.422913
55.131292
0.673088
-0.370585
0.369050
248.444612
0.894422
-0.462139
0.916477
-100.233321
0.351410
-0.672967
0.189496
262.964299
2.944009
1.435184
0.733779
103.446705
-0.015138
-1.390475
0.972837
-78.288857
-1.115795
-2.361728
1.087239
-42.731513
0.847873
-0.393304
1.201922
-56.383823
-1.816507
-2.846391
0.749614
207.814498
-1.558675
-2.692397
-0.161841
490.254713
-0.011967
-1.393664
0.442161
293.866252
1.169896
-0.370503
0.040303
532.153007
0.410121
-1.091259
0.782734
-47.097387
0.553064
-0.443033
0.297648
447.844558
-0.556000
-1.449833
-0.079339
459.053176
0.625004
-0.593306
0.372973
255.233824
0.962432
-0.455878
0.316357
293.821296
-0.047809
-1.515015
0.012408
480.411050
0.836593
-0.376369
1.580958
-371.438214
0.785886
-0.575106
1.016551
-21.389690
-0.531334
-1.405946
-0.033715
497.700095
0.548705
-0.726767
1.327416
-177.710854
0.069125
-1.183192
0.947194
-52.032596
2.281560
1.174577
0.414021
372.288504
-1.085834
-2.570869
0.693633
-10.387721
0.724813
-0.328597
1.050408
-41.969926
-0.600792
-1.700832
0.413731
261.347094
1.822860
0.518846
0.684732
42.718629
0.430695
-0.296683
0.496897
246.637512
0.590848
-0.598441
0.092000
437.131781
1.108397
-0.128006
-0.672295
761.441471
1.235317
-0.221823
0.481380
343.082458
2.359415
1.363339
0.850671
39.673519
1.146014
-0.196890
0.883940
15.848812
0.626151
-0.835371
0.983071
-180.527616
0.921130
-0.813532
1.738474
-393.439452
1.065068
-0.071297
-0.163816
626.085828
-0.328955
-1.613930
1.469303
-412.927872
1.925119
0.867046
0.474195
233.704391
0.454004
-1.061607
1.942232
-576.301026
0.645006
-0.715854
1.110706
74.216408
-2.660638
-3.589875
1.321252
-170.741447
-0.898305
-1.828006
0.046194
319.415357
-0.152924
-1.212848
1.440819
-296.032978
-0.209987
-1.277803
0.635042
98.804255
1.393643
0.066464
0.299984
326.704883
2.303666
1.018760
0.595440
159.885787
0.018226
-1.110875
1.409437
-69.309102
-1.038717
-2.339026
