548.450531
547.106954
540.693445
536.615812
541.811809
547.515955
536.831725
543.302674
546.104764
543.861767
541.455716
531.384276
536.608391
540.513791
546.415490
541.339760
542.036221
536.536485
547.126759
547.627195
545.313427
545.371438
545.086179
529.633505
538.371973
547.282328
546.438134
536.832166
528.559518
525.347930
543.946161
551.216287
547.403862
547.636501
544.410715
538.850022
542.019457
540.917540
545.403751
547.673683
546.180912
546.028047
537.109086
534.925271
533.380908
537.148622
539.298998
541.996088
538.538150
547.047760
555.431189
544.036816
538.141249
539.402202
543.388266
547.549110
539.385476
537.691098
540.924716
533.424555
545.157534
547.364152
548.233123
538.586347
538.050782
549.990448
543.485671
540.937966
545.013185
546.652279
548.049673
538.564694
548.480502
546.967299
541.775277
543.810463
548.962697
543.424372
548.692742
549.725391
546.308186
543.039980
541.286482
530.784928
545.672823
536.106286
538.595436
541.051094
534.428805
533.286256
547.408827
547.456446
543.671864
545.731285
546.101687
537.281337
536.600761
533.288889
535.764361
538.354507
529.853864
529.318496
548.787529
543.510241
548.885663
541.385665
542.950526
538.797405
542.601656
541.409623
546.313893
541.582706
542.991922
545.304119
545.758417
545.642985
538.976468
536.898117
538.470661
542.192882
545.810769
543.345269
536.260249
537.845128
540.589022
529.946019
543.754674
546.865365
538.629272
544.813543
542.697389
544.204592
539.738952
537.043854
540.891823
538.081558
537.192453
549.610785
538.231945
534.602451
534.489488
542.774295
542.782279
548.908322
547.965180
547.141649
542.317006
536.283279
541.582944
547.574930
538.299398
543.167648
544.880347
541.995234
540.354632
530.886019
536.796458
540.491199
546.220002
545.027916
542.112732
548.107563
546.631662
549.023529
544.157754
546.312766
544.900286
529.912807
546.531912
546.835225
546.276163
537.663020
528.984362
529.246067
544.271745
551.306554
548.289108
546.710926
543.317888
535.421685
542.354683
541.307623
546.138792
547.596186
545.901460
545.335989
546.168617
539.496586
541.233221
537.206410
538.168085
542.429879
539.198787
547.579015
553.836845
545.680145
547.618198
539.330922
543.626044
546.126890
538.495603
536.932983
540.544584
532.308162
536.228087
538.968318
540.913836
538.664134
536.888435
550.393566
543.427063
540.840060
545.453236
551.263750
552.812193
551.163263
548.230524
547.477954
542.442888
543.462657
548.331738
542.683725
539.317895
543.336729
535.453094
541.975268
540.616105
530.814676
544.700661
535.489123
538.117447
541.358665
544.362793
545.166632
547.303314
549.259935
545.457614
544.318328
545.254745
537.656856
530.288254
532.158747
531.708733
537.461244
528.321996
528.643137
548.299725
544.127609
548.909308
551.468843
548.574068
545.631936
543.242891
539.982126
546.071408
542.360131
543.869497
545.553588
544.662304
540.297328
540.052686
536.903729
538.269869
543.285672
547.127591
545.411386
536.526009
549.419102
543.668391
545.533327
543.047386
545.352163
539.510726
544.257264
541.817499
545.305756
539.618121
541.205116
545.471699
538.371432
536.459329
549.385762
538.860941
534.085805
534.137782
539.475871
540.828501
536.154264
547.266503
546.667910
541.714469
536.274649
542.143222
547.326642
536.894956
543.635915
546.878610
541.859716
540.922019
529.349008
536.618084
539.468387
545.851247
541.773027
541.577437
536.493827
546.238807
548.133528
544.795319
546.071985
544.660740
530.080201
539.008090
547.248857
547.407383
537.075457
527.912336
528.942133
542.801066
549.402933
546.772563
547.646812
544.781413
538.452966
542.920631
540.274358
546.362564
547.124239
545.812094
544.970948
537.355496
535.395773
533.648239
537.601915
537.967997
543.148755
539.312610
547.211117
554.374031
543.760864
538.242841
540.699442
543.642936
544.966035
539.707769
537.146793
540.939253
531.928062
545.463032
546.724833
548.315542
539.461283
536.772524
550.033014
543.948505
541.033315
545.041441
546.653134
548.061767
538.355719
