571.919535
657.142332
544.629195
793.721565
2512.524323
563.118289
834.452066
4365.993058
668.216867
793.789887
2513.645048
563.151948
834.503156
4367.220283
668.284839
631.346343
4566.157898
690.755837
544.729103
546.332714
541.530402
631.490979
4568.824180
690.884973
544.854140
546.402249
541.418998
544.233793
541.604888
534.105901
572.452085
659.505092
544.920371
544.174741
541.569443
534.083987
572.579676
660.021889
544.866564
794.732344
2517.617592
563.243494
834.789452
4373.163212
668.648493
794.883191
2518.712485
563.199585
834.861093
4374.392044
668.586615
631.443618
4577.034767
691.040484
544.797228
546.319744
541.333381
631.471318
4579.761488
691.245838
544.791671
546.295427
541.306991
544.121650
541.436853
533.893817
573.253008
662.247784
544.854882
544.189312
541.482440
533.871653
573.313916
662.860275
545.175765
795.267029
2522.708082
563.598018
835.449448
4380.251122
668.842090
795.523229
2523.933417
563.756713
835.528015
4381.453257
668.802465
631.838589
4588.218648
691.650017
544.889169
546.298384
541.062727
631.831161
4590.752914
691.730735
544.875918
546.299893
540.986672
544.262668
541.526782
533.952385
573.752496
665.069722
545.074238
544.325092
541.442814
533.793203
573.951972
665.602908
545.172026
795.910342
2527.672003
563.724696
835.978886
4387.449981
669.101463
796.224122
2529.078625
563.872368
836.078868
4388.703109
669.080545
632.084814
4599.215905
692.171651
545.014985
546.350264
540.947741
632.117944
4601.770833
692.251835
545.034203
546.345112
540.946957
544.440577
541.599038
533.885400
574.554753
667.765250
545.028791
544.436896
541.558510
533.852015
574.706274
668.282858
545.149187
796.546701
2532.852782
563.916359
836.555735
4394.519850
668.913348
796.766709
2533.916982
563.727735
836.651736
4395.830602
668.943608
632.359363
4610.126034
692.497507
545.022121
546.280238
540.719585
632.533387
4612.759108
692.616750
545.032145
546.232734
540.780345
544.554909
541.597322
534.013227
575.353891
670.527704
545.153450
544.538456
541.696510
534.057805
575.541675
671.065758
545.281245
797.337319
2537.900149
563.937953
837.293947
4401.741616
669.262751
797.449187
2539.059152
563.943602
837.424903
4403.016198
669.251328
632.512142
4621.048078
692.956271
545.007921
546.412764
540.805645
632.634848
4623.646413
693.142496
545.077958
546.493402
540.776906
544.794806
541.952199
534.186137
576.038144
673.293576
545.257730
544.781271
541.996159
534.202590
576.269956
673.836328
545.166012
798.026098
2542.888344
564.003498
837.897227
4408.829661
669.291975
798.288525
2544.193223
563.942713
838.000745
4410.114444
669.320887
632.859533
4632.206822
693.283962
545.065645
546.438506
540.608597
632.852888
4634.725587
693.345074
545.061292
546.369958
540.546379
544.806274
542.057513
534.036562
576.680812
675.998712
545.365450
544.606374
541.954400
533.849712
576.836203
676.558614
545.340876
798.898333
2548.010331
564.080702
838.307030
4415.943336
669.571099
799.077807
2549.201022
563.998785
838.420697
4417.307233
669.674212
633.048716
4643.152393
693.652979
544.884495
546.438086
540.788866
633.124453
4645.702535
693.759601
544.948358
546.392574
540.708408
544.619733
542.090832
533.850359
577.291116
678.652385
545.371374
544.525816
541.986966
533.856137
577.348174
679.158313
545.414662
799.708183
2553.033099
564.040729
839.121531
4423.308446
669.901350
799.889506
2554.220481
564.013275
839.128816
4424.540993
669.836768
633.015254
4654.166187
694.310975
544.829151
546.317226
540.755311
633.113689
4656.790694
694.424915
544.859060
546.395051
540.631404
544.444636
541.987922
533.942145
577.899990
681.551226
545.651194
544.470031
542.096892
533.916120
577.935986
681.974345
545.762240
800.535166
2558.168786
564.018720
839.598750
4430.435717
670.079341
800.818062
2559.431301
564.086129
839.601067
4431.675640
670.141983
633.216433
4665.112250
694.633072
544.566377
546.103806
540.509327
633.246149
4667.697425
694.769973
544.521560
546.065393
540.516886
544.498606
542.102470
533.919523
578.336520
684.165271
545.713158
544.440136
542.094253
533.831163
578.536210
684.572141
545.778521
801.096659
2563.327525
564.140200
840.051203
4437.566546
670.491648
801.236514
2564.535160
564.109150
840.109161
4438.849616
670.507361
633.620186
4676.137353
695.087252
544.303380
546.049403
540.492882
633.650466
4678.740841
695.165872
544.366600
546.076465
540.513809
544.500193
542.079094
533.897144
579.144650
686.734812
545.743522
544.490584
542.159719
534.005897
579.180327
687.194197
545.753658
801.996398
2568.576896
564.455450
840.190733
4444.583668
670.576210
802.205842
2569.666122
564.480262
840.409475
4446.061550
670.900523
633.640032
4687.108708
695.657887
544.380593
546.149989
540.400434
633.722083
4689.682779
695.733530
544.238390
545.982110
540.372104
544.624071
542.193901
533.947196
579.496033
689.528745
545.903951
544.636471
542.190226
534.090887
579.666193
690.090851
545.955803
802.588641
2573.465662
564.415899
840.810852
4451.834203
671.015481
802.639464
2574.645545
564.383490
840.893062
4453.102066
671.023601
633.781962
4698.115767
695.938225
544.095406
546.152683
540.447582
633.546654
4700.624297
696.098238
544.040956
546.178256
540.394125
544.778979
542.271439
534.117235
580.040940
692.117560
545.800784
544.795569
542.321368
534.256373
579.968528
692.510657
545.803006
803.451032
2578.401859
564.389092
841.354138
4459.033436
671.320217
803.505773
2579.552687
564.341012
