0.299472
3.161666
0.380385
-0.689953
1.291704
-2.248494
0.027236
-1.020151
0.408803
1.105955
2.640140
1.182496
0.839456
-1.876278
1.634827
0.514857
0.197709
5.333377
-1.473806
-2.753491
0.650242
1.959152
-0.768545
-2.051252
0.737070
0.825227
2.510424
1.402604
0.514042
1.178748
1.255195
0.315858
1.169799
-1.399068
-0.065557
-1.203578
0.191411
1.975292
2.185642
0.512094
0.706154
1.902721
0.964580
-0.345591
1.345923
-1.428398
0.499096
-1.186869
0.581182
2.161856
-0.358543
-1.747949
0.540913
2.208331
2.097852
1.090077
0.234270
3.679090
0.581832
-0.837878
0.648079
0.617744
1.164050
0.039599
0.746822
-0.589284
1.370411
0.413923
0.432925
1.711021
1.479443
0.009610
1.348653
-1.850733
0.834873
-0.353851
1.129570
-1.567800
0.084190
-1.241053
-0.117847
4.060990
-0.454977
-1.789547
0.855664
-0.402821
0.451617
-0.880836
0.464195
2.014112
-0.156021
-1.308150
0.917883
-0.260644
-1.246460
-2.379189
0.630532
-0.058845
1.875510
0.820792
1.265467
-1.913758
1.203993
-0.242550
0.001388
2.833789
4.067981
2.881546
1.072475
-1.730165
1.522817
0.195674
0.650156
0.639471
1.123659
0.183319
1.127529
-2.522738
-1.138121
-2.283442
-0.096411
4.320270
2.199021
0.692918
1.768707
-6.324679
1.053645
-0.015707
1.359252
-3.245548
2.651111
1.905556
1.545530
-2.862942
-0.642972
-1.780053
0.436582
3.014307
1.815790
0.473507
0.511174
1.539446
2.933589
1.774532
0.717325
1.903318
-1.723542
-2.902983
1.232623
-1.423622
0.079292
-0.953740
-0.103146
2.441438
4.075183
2.920682
0.780364
1.672636
-1.612444
-2.823360
1.016020
0.032130
-0.969348
-2.433813
0.376467
2.974809
-0.779010
-1.978147
1.642203
-2.918353
-1.055116
-2.233730
-0.626943
6.395091
3.142889
1.990539
-0.420493
5.179837
0.648327
-0.765758
0.881329
1.298869
-0.415395
-1.670094
0.230792
3.416084
-0.715064
-2.026900
0.297444
3.867976
-1.110979
-2.256229
0.588704
1.954010
2.470134
1.392532
0.572933
2.171975
-0.052263
-1.390243
0.663344
0.555627
-0.198243
-1.076231
1.040806
-1.049345
0.166075
-0.966082
0.037226
4.820611
0.906160
-0.411805
1.056918
-1.077596
1.052485
-0.318091
0.748115
0.745930
1.060300
-0.138516
1.136789
-0.773078
0.091368
-0.980498
1.008193
-1.479971
1.666197
0.771246
0.067492
3.856231
1.465960
-0.313655
0.501744
3.023563
0.209130
-1.060008
0.973869
0.054390
2.561540
1.230853
0.469158
2.690312
0.248327
-0.709864
1.572871
-1.944520
-2.178625
-3.406995
1.322497
-2.550994
0.446175
-0.424231
0.206103
5.591773
-1.165745
-2.539787
1.331878
-2.262724
0.488058
-0.356215
0.498930
2.001189
1.887222
0.841820
0.720906
1.485879
0.126579
-1.290097
0.943534
-0.859728
0.763156
-0.374347
0.602738
-0.241688
0.650148
-0.345372
1.879213
-5.814207
0.416136
-0.130528
-0.122151
6.192550
0.204539
-0.802769
0.559126
1.817563
1.383577
0.243952
-0.070146
5.506803
0.870906
-0.616336
0.879621
0.935538
1.734577
0.231597
0.691099
2.791793
0.308608
-0.873821
1.497824
-2.798739
-0.841607
-1.821379
0.938390
-0.208469
-0.552691
-1.784618
0.114735
4.598277
0.429566
-0.871302
1.099001
-0.955845
0.791341
-0.380378
0.723751
1.027231
-2.194651
-3.454064
-0.068237
7.151144
0.496276
-0.856871
1.303725
-1.921478
0.036110
-1.169017
0.499370
3.054216
0.782900
-0.765382
0.740639
1.306054
1.922462
0.888633
1.054846
-1.442508
0.524171
-1.061421
1.587263
-2.782827
2.122625
0.726911
1.953375
-4.651475
-0.988175
-2.304262
0.425091
2.581065
1.859444
0.573274
2.011542
-5.524022
0.154773
-0.753894
0.630634
1.973443
1.994390
0.872369
-0.088873
5.144351
0.126071
-1.048913
1.241000
-1.117851
0.628131
-1.078348
0.834913
-0.010162
1.100162
-0.262154
0.983153
-1.026051
0.803882
-0.336483
1.099140
0.278157
-1.285995
-2.412119
0.058611
5.153760
-0.447676
-1.912680
0.484694
1.797195
0.891794
-0.058527
1.045439
-0.923374
0.157348
-1.288859
0.604763
1.825763
-0.796600
-1.839238
1.127930
-1.676402
-0.656803
-1.357167
0.431163
4.016629
-1.817793
-3.169934
0.806602
0.200756
0.564420
-0.514202
1.725117
-3.934307
-0.104107
-1.250866
-0.149564
5.331318
1.356375
-0.164051
0.785742
1.243379
1.223857
-0.001622
1.117298
-0.607848
0.253813
-0.852723
0.844441
-0.380895
1.514915
0.128743
1.039339
-0.282858
-0.369967
-1.710814
0.909419
0.096206
0.635893
-0.492904
-0.483678
7.944176
0.023936
-1.378312
1.012960
-1.347903
1.336462
0.032337
0.996552
-0.811445
1.725231
0.707635
-0.231552
5.577022
-0.437501
-1.812105
0.663676
-0.234523
1.025869
-0.174463
1.241649
-2.461926
1.244749
0.102043
-0.050213
4.532908
-0.637353
-1.984597
0.943306
-1.236993
1.644332
0.630906
1.226314
-1.085185
-0.327986
-1.264455
0.275033
4.232514
1.150267
-0.241564
-0.321101
4.780325
2.028437
1.128814
1.038385
0.008250
-1.575780
-2.897083
0.790626
1.497908
0.274097
-0.833503
1.188259
0.331978
0.045254
-1.161378
0.034104
3.097837
2.822791
1.518960
-0.072972
4.759387
-0.401803
-1.815895
0.192043
2.661940
0.247589
-1.141575
1.245501
-1.512665
-1.329511
-2.196802
0.772426
-0.096711
1.529870
0.332654
0.676285
1.883647
0.772209
-0.251870
0.440288
2.345663
1.765417
0.504686
1.316171
-3.380275
0.092416
-1.112338
1.150354
-1.381933
0.115954
-0.579866
0.203916
4.232666
-0.158602
-1.739328
0.867485
-0.759221
1.569534
0.329248
1.733568
-3.856242
0.964249
-0.277354
1.597033
-4.907996
0.527971
-0.388216
1.042089
-1.036079
0.508177
-0.825353
0.944522
0.797065
-2.167837
-3.601956
1.075433
-0.155736
0.620528
-0.947417
0.740299
1.721933
-1.143978
-2.109924
0.214305
3.729327
-0.919361
-1.864052
0.909441
0.171781
1.103000
-0.142164
1.024433
-0.502707
-1.134060
-2.683080
0.544767
1.390997
0.691992
-0.813898
1.020906
-1.769343
4.365059
2.943087
1.153139
-1.271904
1.428888
0.090454
-0.185213
5.155926
0.872043
-0.652293
1.033317
-1.542272
1.506315
0.466395
0.238518
2.139604
2.290354
1.226961
1.357940
-0.617869
-1.437941
-2.765654
1.450364
-2.908501
0.743004
-0.273317
0.463693
3.160354
2.538109
1.211309
0.416739
4.386061
-1.470161
-2.452520
1.313672
-0.641662
0.426856
-0.664978
0.256044
2.673969
-0.840287
-2.087486
0.032312
4.901855
0.042514
-1.418984
0.944838
-0.280328
0.620176
-0.315005
-0.351567
5.499095
2.629315
1.173120
1.221246
-2.831560
1.698485
0.492292
0.792075
1.198966
1.773765
-0.003615
-0.008545
3.557630
0.867622
-0.611006
1.303553
-2.026872
1.016833
-0.314431
0.889476
-1.113800
1.653028
0.157208
0.097563
3.940750
2.396272
1.483325
1.262811
-1.852761
-0.191972
-1.174860
1.141172
-2.024162
1.223083
0.116911
-0.041343
3.268700
1.899511
0.635858
0.719684
1.015031
1.816953
0.698232
1.023631
0.023493
0.101911
-1.153324
1.209776
-0.913075
-1.949653
-2.601475
0.766372
-0.071685
0.655860
-0.768239
1.545860
-3.011499
0.761386
-0.293368
0.101425
4.766383
-0.494801
-1.664394
-0.453878
6.159042
3.268344
1.978163
0.210575
5.053269
-1.019563
-2.195736
0.516929
1.183831
0.811496
-0.734603
0.608358
2.020348
-0.797255
-2.113837
0.785368
1.427216
-0.492322
-1.720254
0.476614
3.173924
-1.067896
-2.480387
0.325622
2.955974
-0.238581
-1.533058
0.890852
-1.019471
2.008481
1.315957
1.358413
-2.292578
-0.476083
-1.633283
0.948932
0.701353
0.071607
-0.982806
0.053334
3.952896
3.121913
2.143006
1.410440
-2.744729
-0.123087
-1.216721
1.272401
-1.414534
1.014923
-0.250007
0.368925
1.806505
0.212575
-1.000283
1.241046
-3.260360
2.002136
0.911495
0.547034
1.482737
2.270543
0.963996
0.489983
3.125931
0.085001
-1.075478
0.436691
1.787445
0.895928
-0.115529
0.892972
-0.574011
0.656011
-0.643968
0.062533
3.912789
1.187435
-0.224656
0.293221
1.893069
2.701328
1.546570
1.015277
-1.573017
1.201863
0.331422
0.786523
2.171157
-1.375969
-2.554252
-0.142943
5.382182
1.451630
0.031894
0.839555
1.561311
0.375394
-1.229464
0.790385
-0.303093
1.580095
0.323847
0.653231
0.046184
0.960431
0.183476
0.408961
3.095418
0.916935
-0.466400
0.722905
0.758956
0.664623
-0.658118
1.023407
-0.810130
1.323684
0.302057
0.480279
0.274764
1.448888
0.379920
1.771624
-4.391147
-1.490380
-2.663022
0.983765
0.284183
0.722754
-0.551428
0.578450
3.306066
0.607115
-1.033073
1.279264
-1.840289
-0.252398
-1.721702
1.092008
-1.275559
0.894797
-0.280682
0.931007
-0.489109
1.953242
0.522329
0.731952
0.447890
2.077451
0.904058
0.637587
2.183264
-1.203067
-2.307091
0.620724
3.415916
-0.634423
-1.924385
0.871308
-0.175310
0.692300
-0.584324
1.739579
-5.167399
0.510703
-0.554085
0.061343
4.219509
-0.505189
-2.111157
0.294723
2.181444
1.524476
0.225458
1.512988
-3.751103
0.464182
-0.592750
0.833607
-1.230854
2.239212
0.908838
1.493427
-3.645966
1.839582
0.544070
0.361087
2.321334
1.043949
-0.037932
0.617502
1.795541
-1.330167
-2.865740
0.625358
1.773725
2.190372
1.024805
1.630868
-2.812207
-1.209594
-2.316830
1.752154
-4.859511
1.678925
0.788954
0.400087
1.357035
1.553665
0.291304
1.103179
-0.900364
1.169498
-0.187239
0.183452
4.218492
0.253607
-1.062682
0.595644
0.045607
2.077094
1.028090
0.844435
-1.158754
1.043901
-0.330816
0.297703
2.948336
-0.201334
-1.352332
-0.367100
6.184445
0.810936
-0.949525
1.266867
-2.974520
-0.949311
-2.274670
0.573894
1.117691
1.282350
-0.132816
0.585344
-0.169869
1.538200
0.221271
0.427372
2.081367
1.703621
0.175111
1.511358
-3.017837
-0.352909
-1.455475
-0.039693
4.075302
2.882931
1.511195
1.310653
-2.414362
0.116986
-0.795324
0.771115
1.540713
-0.945492
-1.933815
0.400669
2.122811
1.621412
0.676762
0.274320
2.121441
1.487765
0.169451
1.309128
-2.609509
0.709017
-0.451836
0.641014
1.344080
-0.620731
-1.633515
0.302820
2.963048
1.334210
0.154319
0.536897
1.777902
0.289826
-0.869170
0.737887
1.000923
0.433525
-1.113423
0.153061
5.641643
-1.063800
-2.363025
1.251873
-1.404562
0.861062
-0.436727
0.840769
0.686624
-0.138156
-1.447291
1.452840
-3.664325
0.600593
-0.907698
0.832096
1.303297
-1.393979
-2.792732
-0.727534
7.600757
0.822706
-0.510701
1.230255
-4.044788
1.374756
0.662304
0.484532
2.224486
0.558220
-0.867363
1.798975
-5.213967
0.136803
-0.836939
-0.067468
5.018946
0.696459
-0.830167
0.413995
2.558118
-1.301115
-2.905158
0.966262
0.680107
1.157648
-0.289371
0.348486
4.672326
0.731048
-0.972019
1.447524
-2.338508
0.802974
-0.351400
-0.038560
3.789120
2.227634
0.884230
0.609118
3.065646
-1.168840
-2.657165
0.440665
3.887934
-0.697443
-1.801110
1.522800
-3.296641
1.035380
0.072424
0.181648
3.451719
0.852407
-0.421460
0.068781
2.835990
1.031866
-0.303155
-0.002566
4.608434
1.471283
0.069687
1.247984
-0.640883
1.404050
0.150913
0.401175
2.012295
2.275369
1.119178
0.968432
-0.693481
-0.616784
-1.428859
-0.223290
6.007888
1.580571
-0.031122
0.652884
1.009937
0.445970
-0.681305
1.297372
-2.601032
2.275875
1.041544
0.746535
-0.521660
2.062914
0.708583
1.347269
-1.200185
-0.759018
-2.056437
1.018417
-1.328936
0.471571
-0.769507
1.147286
0.003506
0.008696
-1.683631
0.924827
-1.939252
1.139882
-0.126533
-0.160767
5.497045
2.691400
1.205942
