550.881532
554.864667
540.249457
553.748591
544.961390
537.021218
540.408356
545.178399
556.550899
540.913214
534.776920
537.772279
722.590567
2896.226347
617.043240
541.803727
544.154749
531.775647
543.062362
537.470065
537.625896
526.426917
526.842670
527.306698
600.491787
1870.774072
536.154159
544.779706
539.132044
532.870596
540.825859
539.305933
531.670969
546.531072
545.930411
541.664488
551.958329
554.712646
538.895605
553.471566
543.853913
537.604414
539.942756
544.052707
554.990865
540.524000
535.980953
538.939468
725.734835
2950.710476
619.042682
542.820507
545.793288
531.603779
542.600550
536.478088
537.971209
527.363116
528.963438
526.685075
607.059891
1934.745331
536.468093
545.247426
540.438302
531.026368
540.281063
539.125423
531.438088
548.351777
545.841439
541.035630
549.816886
553.318153
538.776344
556.311518
545.514256
539.070516
540.236512
545.186832
554.872354
541.797030
535.967136
540.325221
730.066862
3006.310542
621.539411
542.920750
544.706412
531.068897
542.909526
536.785117
538.698728
527.607598
529.982814
528.052293
610.563530
1999.465556
538.266056
544.094792
539.862576
529.742114
539.755349
537.544330
531.263088
548.610586
546.448515
539.760216
551.587984
553.698139
537.305987
555.457824
547.809405
540.538282
538.942169
543.887517
555.395010
542.060141
535.234780
539.751750
733.027333
3059.593116
624.044362
543.133546
543.214412
529.844849
543.266814
537.785908
536.402705
528.791760
529.865504
528.645908
615.147587
2061.652971
538.355461
543.181881
539.037193
526.562931
541.342040
536.179616
530.134536
548.213709
547.865571
540.885185
550.798730
551.931973
537.446639
553.596607
547.048586
540.085314
538.496000
544.200140
551.593242
542.489449
535.843217
539.130463
738.523096
3115.186089
626.267907
543.035315
545.141103
529.857942
543.525986
536.789543
536.494252
528.710110
529.135705
528.286815
617.827955
2127.012583
540.702140
543.012274
539.146336
525.837357
543.598020
536.976138
530.160118
546.472817
548.040129
541.038550
550.297286
553.138860
539.666951
553.516026
547.305981
539.076418
537.150009
540.257267
546.346318
544.503573
536.195730
540.736709
743.666855
3169.850823
627.469623
543.279202
545.516387
529.480134
544.312137
539.698370
540.329962
530.560221
529.922794
529.078856
620.957344
2190.338042
541.078751
543.511729
541.171715
526.767013
541.347407
536.396829
531.257181
545.391790
547.466573
540.352752
551.464353
553.310698
536.101032
554.426954
548.985520
538.269587
538.767718
539.922961
545.025346
543.803321
536.636278
539.053698
745.845378
3224.759484
627.853890
542.766360
545.458650
532.363948
543.881197
540.321574
541.129243
529.471600
530.964517
530.092858
621.215616
2252.987714
540.046329
542.741321
542.167862
529.767689
540.604686
536.308122
529.617500
545.843642
547.287198
540.728822
551.395221
553.449773
536.624472
553.141590
546.914140
537.788898
537.934810
540.321759
545.720797
545.519377
539.074273
540.642607
747.497192
3278.507404
628.678418
542.999494
544.563749
532.972805
543.581143
541.242946
543.461059
529.976068
532.441927
530.891551
624.902159
2317.545916
540.173489
543.966701
543.617272
532.264539
542.175919
535.682896
528.238506
544.714408
545.503667
539.964309
549.892545
552.145113
537.286847
555.629617
545.766246
535.476330
538.894242
538.846755
543.238534
547.059804
540.641446
539.204922
752.368061
3333.031233
630.907928
542.443840
543.281012
531.272330
539.132550
538.619653
542.003724
530.945509
534.878205
533.472831
628.301501
2380.819315
540.019772
544.254924
543.188080
534.789641
542.241401
535.857458
526.956988
544.947705
545.206061
539.543586
550.481729
552.259354
533.965824
554.888696
546.182592
534.600839
537.537940
536.558310
543.993526
546.396663
539.746380
537.378067
756.645291
3388.561194
633.407982
542.739571
543.802465
531.743383
542.442433
539.790300
542.994905
531.661313
537.570569
533.735180
630.983620
2444.326870
540.185948
543.292825
543.676926
530.417677
540.940483
536.516894
528.446431
544.728414
545.743897
538.401423
