543.045754
544.965456
543.441158
540.506739
542.378305
539.143133
540.036814
539.864391
538.044104
541.186645
539.710246
541.046498
539.474922
539.947741
540.703674
540.304541
541.439386
541.135484
540.603920
545.841692
544.136722
543.738926
540.985242
544.369054
541.078061
543.203886
540.758499
542.126152
542.362578
542.455506
537.985197
539.722843
542.790701
540.977631
541.846223
545.255215
543.063323
541.070731
542.650204
538.671493
540.805730
543.857509
543.136903
542.219079
540.334409
542.441884
540.990738
543.435567
544.526931
540.358980
543.050593
545.044156
544.604557
545.610691
538.716615
540.355687
543.332356
542.159313
542.883767
541.436633
542.477302
541.574063
539.189522
544.151321
543.314281
544.045636
547.084675
545.729591
544.045766
539.595289
540.864787
543.341767
543.426637
541.956499
542.221876
539.403252
539.601625
539.936721
541.182743
543.524443
543.593350
540.389559
541.876262
539.206138
541.986449
540.769388
539.341477
540.748006
541.177938
544.549726
539.310889
539.092333
539.299639
540.302363
540.431394
536.661657
544.383690
544.385312
540.720372
540.962635
539.273852
540.852207
539.057577
539.023197
542.061335
541.587896
541.471763
540.826829
543.024584
544.213768
543.641594
542.120279
543.627715
543.269243
539.436571
540.562592
539.887455
543.780152
543.189501
544.542695
544.276219
543.456517
543.335020
541.007862
543.582469
543.659397
544.477556
543.697417
542.303765
540.778985
539.276744
538.312896
540.254258
542.199892
539.684560
541.140297
542.144398
541.645717
540.465811
542.332608
542.810560
540.807347
541.099201
541.996901
539.718824
540.607847
543.045541
541.148371
541.872972
541.278528
545.260974
540.414992
540.284181
541.924438
540.594033
538.268235
543.192183
543.866263
546.937752
540.913429
540.918442
538.074825
540.224120
543.016070
542.769773
540.663514
540.026424
541.884052
543.003351
544.907147
543.213520
542.992369
543.835005
543.000488
542.341678
540.274389
540.699941
541.439878
540.707443
539.569408
544.502293
543.034209
542.052747
543.534190
542.106019
545.087707
538.838156
540.765995
538.661933
543.697118
540.884313
544.104951
540.932937
541.376756
542.625760
539.829066
540.602116
541.191350
539.800120
541.477222
540.175261
541.807498
540.976714
542.972860
540.772112
540.752630
542.442026
537.820278
537.157514
541.972567
543.382946
542.394542
540.205769
542.108220
542.876346
540.913336
539.583368
540.248232
540.832517
543.050982
545.087541
539.382634
543.870979
543.303823
545.226135
539.353489
542.259573
542.164156
540.549062
540.117919
541.972607
544.652352
543.758528
544.267124
542.102073
544.417075
543.901515
540.832306
542.351154
542.819547
544.282095
544.133533
544.719821
538.326471
541.942417
542.066960
544.704984
542.484439
538.191431
541.081526
541.699635
541.893129
541.702060
540.665803
539.279240
542.350389
542.272508
538.818462
539.809145
540.261182
539.677177
539.046848
538.596157
541.471345
544.546257
544.398172
541.509267
545.277966
547.889081
545.118635
540.437791
541.192760
538.936739
541.631351
541.711445
541.279761
542.744608
542.317337
542.569199
538.287301
539.658689
540.438065
540.616404
541.978203
544.007570
546.629915
546.019000
540.754538
540.285152
540.174177
541.914043
541.913415
542.731282
542.269428
544.587145
543.852726
542.331722
541.412941
541.172351
540.010386
544.486637
544.096665
544.618600
539.487700
542.188678
544.619484
539.764748
543.027674
542.188420
543.526508
544.635190
541.391053
539.754155
540.841421
538.148339
540.928496
541.791551
541.433523
538.989134
543.099158
542.289544
538.871319
539.104549
538.280055
539.731820
540.394531
540.196677
540.721297
545.148018
544.347259
537.017237
538.886883
538.847222
540.103142
542.361264
543.831519
542.804259
545.031741
543.209787
540.527459
542.084609
538.886145
541.949355
543.422344
540.548097
542.644411
542.347502
544.273519
540.991587
540.354963
540.269169
541.788982
544.274657
541.768725
546.748611
546.594703
550.533857
543.800081
540.953871
544.207933
541.233468
543.213101
540.850156
541.867331
544.655360
542.397734
543.482445
546.342947
545.677254
538.456273
540.973432
537.653271
543.757122
540.113702
538.260894
541.694151
540.876303
541.652036
543.415400
542.072170
540.064131
542.130622
540.919328
543.459334
540.498698
541.603700
539.185514
540.145365
542.359710
543.416999
542.074592
540.170367
539.482115
540.746301
540.371565
540.696913
537.179258
540.016787
542.367423
544.559572
543.669178
544.185557
547.092185
545.768147
544.387209
541.311627
541.949688
544.238859
542.172645
540.143862
537.413850
540.217117
541.074245
541.391884
540.904640
542.308039
540.591623
540.432888
542.501752
543.624930
541.484793
540.450195
539.089057
540.944378
541.612510
544.823727
542.314315
541.538000
541.257573
543.908024
544.888184
545.542514
542.441196
541.168807
538.173237
538.431851
541.966346
545.924772
541.022137
541.302259
543.126919
541.398507
541.296981
540.853790
542.894070
543.811153
543.394905
540.697131
541.435239
540.074779
541.986485
544.726267
545.230503
541.296844
540.991606
542.566146
542.515059
542.782645
541.870440
540.358372
541.203351
543.944819
544.914813
543.790282
542.192678
540.569843
539.013524
538.012977
540.069383
540.047150
539.189226
539.452048
538.139750
539.986845
543.603991
543.028877
538.709963
542.375952
543.885736
544.196091
540.766764
541.997765
544.161150
541.162156
542.098286
541.655266
545.113556
540.602317
540.574785
541.559422
540.595162
544.396671
540.636935
538.880341
542.707703
537.506048
541.624421
539.948639
542.790556
543.942543
545.849000
539.762202
542.021299
543.853997
542.990984
545.204066
543.408359
542.939205
543.690038
542.865030
542.116006
542.530045
542.975762
543.349784
544.334961
540.447558
540.813624
538.808815
541.934223
543.504400
541.204270
542.616799
542.219057
543.995687
542.919082
543.819784
540.896970
544.267022
540.874815
541.275167
542.366321
543.203819
542.289197
537.294675
539.253208
539.882001
540.597505
540.312832
540.975393
542.321052
541.631517
542.397478
542.648567
543.185392
542.817840
543.942529
543.547416
542.087773
539.721439
542.303097
543.006744
541.280171
538.724883
541.579014
540.818972
541.223890
545.013326
545.029160
540.943419
541.505751
541.553036
539.786502
540.775266
541.279295
540.360447
540.897267
539.977593
544.438415
543.646869
544.088933
542.189125
544.698307
543.899953
538.725995
541.310465
543.086694
540.778813
543.256168
545.595502
541.241241
541.501385
541.772524
537.263724
539.070747
540.994428
540.419000
541.606094
541.431853
541.503864
540.423899
539.205554
542.324814
542.186287
538.960490
539.207281
540.162346
539.211209
541.088477
541.151011
540.604068
539.819184
540.390190
541.672926
541.856376
541.542828
542.043186
537.519580
537.643449
538.050302
541.198436
541.079348
540.941522
542.611567
542.709397
542.550083
541.883041
544.168566
542.621867
541.192920
540.858336
546.608076
541.068562
541.037175
541.542263
541.299622
540.900160
545.665322
537.753829
540.491308
540.593148
545.110284
543.793521
542.189528
541.468622
541.478435
540.439107
541.538632
544.203396
537.987550
541.908928
542.802284
545.061850
540.500982
542.363633
540.950157
540.056303
541.667571
540.867514
541.341129
541.216467
540.133479
541.103493
542.049289
541.978862
538.922452
543.097425
542.186666
541.535387
541.842310
542.852364
543.321120
543.558004
546.981557
539.872611
539.887491
542.336046
538.432918
541.320097
540.126942
541.296090
542.820233
544.126237
542.856526
545.376691
543.224618
540.245222
541.870232
539.010128
540.040529
539.733160
537.804599
540.130185
538.218878
539.415917
539.339066
538.659972
542.145081
540.572185
543.181094
541.724325
538.639017
541.678115
544.597396
544.000042
541.316090
544.387664
541.151607
543.179856
540.878293
542.231361
542.718378
542.779172
542.602395
543.848696
545.154578
539.586460
540.925826
542.295549
540.529869
543.502915
543.145890
540.945684
542.680131
540.686691
543.507705
542.082556
539.797171
542.135562
540.993307
543.184654
544.531025
540.093987
543.035157
541.100580
539.530128
537.800968
539.558190
538.520930
541.927577
540.949596
543.427662
542.800096
540.385396
541.477043
540.816457
544.480196
543.789518
543.978109
547.031887
545.818927
544.270143
539.707364
540.603335
543.481835
542.734583
542.721155
545.934204
542.088137
542.440604
545.431692
540.827464
543.082435
543.530842
541.730494
540.602574
542.337495
541.518853
540.501776
539.414656
540.966178
541.785088
544.649264
539.338387
538.928813
539.286637
541.241662
540.131747
542.018081
540.459125
542.602017
542.414850
540.574903
540.280314
543.150367
541.382661
543.106648
548.113665
541.120271
541.000430
540.566293
542.815381
543.664809
543.903994
542.046764
543.500019
543.425784
538.885234
541.360215
545.145499
542.233804
542.022762
542.395645
541.319574
540.544432
539.967240
541.792068
539.354679
543.382451
545.092128
543.968633
542.267384
540.928204
539.400405
538.309712
540.141390
542.201536
539.714725
540.520198
542.328108
540.687849
535.970941
538.525736
539.405509
541.465012
539.570202
542.004770
541.572036
540.510701
543.355437
541.125961
541.975039
542.207888
545.055715
540.696810
540.987201
541.931595
540.615463
538.611554
542.453277
540.688176
534.124385
543.058959
542.431342
542.262038
540.589721
541.325538
538.688898
541.129858
543.371840
541.380858
