547.381393
534.687893
536.770481
539.757436
542.569267
537.613190
547.814781
555.297630
554.682063
540.337264
542.835086
537.428550
548.134777
555.078889
554.079283
550.724499
546.422413
535.089161
541.584188
542.914980
548.137836
552.071428
546.905697
536.096437
541.700252
542.091318
548.014043
550.946924
555.914419
535.780919
547.715560
535.868963
536.741067
550.796800
556.182879
536.934607
547.607390
534.632359
535.615112
539.441818
542.491578
537.965649
549.055144
555.837008
554.378299
539.632300
542.854854
537.265808
549.260777
555.903355
553.348171
551.707930
547.305168
538.229186
539.907913
539.093561
545.588098
552.428085
546.820573
537.870385
540.941314
541.048791
547.454391
551.603213
557.096646
537.373665
547.565520
537.033194
537.279108
550.579251
557.009763
536.466865
547.426705
536.296529
537.024356
538.736048
543.764684
539.132515
548.074451
555.440092
553.435263
537.926489
543.733722
538.462770
548.342644
555.027310
553.678311
551.879690
547.370690
539.606724
540.445020
541.716738
548.141822
550.810285
547.893703
540.673556
540.793952
541.480799
547.178288
549.803825
554.471494
534.471907
550.608158
537.023445
536.490258
549.524455
554.571394
534.443669
550.666659
537.365831
536.683172
538.891043
543.501636
538.740747
547.979895
556.611925
554.848389
540.146410
544.748761
539.301032
547.760473
556.384600
554.716603
550.885366
549.360836
539.929443
539.223841
540.776635
547.675326
549.392883
547.151619
539.549319
540.199934
540.948427
547.698838
547.947410
554.685138
534.180219
550.399399
538.193002
537.549366
549.100207
555.935974
534.197662
551.095151
537.636785
537.259571
539.817996
543.182913
539.941176
547.283920
553.926432
552.804484
539.889581
542.320197
539.033055
547.185195
553.739143
552.889039
550.354051
549.159922
539.748605
539.938636
540.002536
546.416336
549.878681
548.943169
539.853400
539.503820
538.665878
545.060834
547.787229
553.592645
531.002668
549.072499
536.804573
537.307867
547.645722
553.726961
531.754066
549.365108
537.237076
539.661752
538.637036
540.092200
539.779010
547.539187
554.905647
551.982199
538.262309
539.536130
538.990821
547.988315
553.423145
551.365466
550.078836
551.634665
543.779287
539.197910
538.110713
546.356862
550.000369
550.736312
543.487493
540.826406
538.938027
547.388222
548.447196
553.883110
531.967519
548.103099
536.420971
537.677452
548.500590
553.431005
532.127103
548.445807
536.678926
537.809763
538.084358
539.296567
538.515580
545.598681
550.226825
546.312415
538.676071
539.092933
537.509721
545.700391
550.480683
546.182512
549.549257
551.280432
543.317737
539.995316
538.655447
546.639941
549.133706
551.790000
544.338237
540.753377
538.846549
547.044768
546.955068
553.189575
530.697775
549.048694
534.345430
536.557329
547.289052
552.591485
530.362430
549.805122
534.760578
537.898287
537.056606
536.656054
535.669303
547.560613
550.431791
547.150067
537.862559
536.425926
536.215732
546.833742
550.132189
547.553465
547.594682
550.001105
545.409614
540.998471
539.987057
548.046039
548.080742
548.322416
545.561350
540.748246
539.261163
548.530302
547.046387
554.462556
529.851126
550.845020
535.746576
539.425879
547.962377
554.249545
529.868335
551.737325
536.984155
540.153979
535.670206
534.681275
533.020913
546.340986
548.729146
546.125047
538.974308
536.774138
535.112741
546.533754
548.235769
546.585642
548.970535
549.683671
545.557910
540.351796
538.172112
549.681087
548.750053
549.421496
544.809072
541.051312
539.388013
550.731589
549.522431
554.305042
530.044232
552.464650
537.180332
540.048266
549.288657
553.548425
530.631224
551.784851
536.981461
540.301953
536.297305
536.201112
531.493508
545.530805
546.604070
545.495406
536.457727
536.064277
533.902961
544.201284
545.564463
541.026531
549.349740
547.490853
543.088497
542.313716
540.891866
547.647904
550.222878
547.777072
543.425543
542.609948
541.285724
548.087862
548.257391
553.788839
531.515698
549.977375
533.624488
540.442319
547.322452
553.124999
530.497547
549.525606
532.988244
540.094616
536.517796
535.960956
534.277775
544.906274
546.675496
543.242383
536.166624
535.114960
534.319399
544.786061
546.173436
543.046289
548.583009
546.192233
544.497895
543.906969
542.092916
549.150781
547.667364
546.606615
544.504099
543.554154
542.048927
550.811632
547.019240
552.535351
531.853562
549.563916
533.215292
540.539014
545.617332
551.741882
529.444373
549.798437
533.962013
541.216738
537.645491
536.619340
532.525336
544.480124
547.763612
542.324539
537.275810
535.314534
532.116604
543.421278
546.622282
542.014772
546.521698
545.464220
545.310251
543.075626
541.157247
549.321766
545.901160
545.167229
545.638239
542.725323
540.864532
549.524192
544.984081
551.972394
531.976328
548.555302
533.217325
541.921356
544.921257
551.645591
531.636524
548.825559
533.568688
540.585834
537.541912
534.814846
532.004010
542.653361
544.240400
539.759646
537.668550
534.872763
531.946750
541.518999
543.454672
538.456161
547.273035
547.015093
547.227840
544.580711
542.373151
548.809419
546.423291
546.560377
546.485094
544.008621
542.506111
549.074681
546.260079
551.362848
532.686746
549.695036
536.407635
540.726177
546.505046
551.430695
533.692696
548.992137
534.829925
539.479863
536.772949
532.502703
530.740091
540.271591
541.551550
536.645958
537.330929
533.134537
531.114500
