0.499211
0.601590
3.237851
2.159724
0.454500
2.017916
0.548320
-0.649703
-0.179659
5.455439
0.277823
-1.079856
0.531179
1.939386
0.839720
-0.579929
-0.077749
6.392427
1.876580
0.422937
1.000795
-0.621397
0.971716
-0.223615
1.624235
-4.309825
0.951923
0.284231
-0.268412
6.075923
1.881473
0.698289
1.137654
-1.099048
0.458454
-0.892469
0.480345
0.981171
2.302881
1.031239
0.664505
1.213778
-0.191493
-1.371233
0.506313
2.196333
-0.879428
-2.230892
0.809734
0.632279
0.822656
-0.457569
0.237803
2.757464
1.867963
0.576012
0.430945
2.221759
1.583787
0.213872
1.255916
-0.982831
-1.265351
-2.260967
0.516755
1.091462
1.557330
0.049427
0.535768
1.139999
0.744168
-0.365888
0.802917
1.006357
-0.682983
-2.278147
0.338374
1.400022
1.408841
0.080304
1.177929
-0.975261
0.104517
-1.501984
0.475730
2.978201
1.754562
0.749274
0.670879
1.703130
-1.755599
-2.531962
0.450979
3.502282
0.708866
-1.014616
0.358951
3.049972
1.920024
0.237777
-0.042741
4.967522
0.131415
-1.009465
0.794591
0.581614
0.585978
-0.391887
0.878252
-0.499760
-0.346801
-1.877279
1.542954
-5.072115
1.521752
0.524867
0.828377
0.862657
0.387233
-0.826135
1.341693
-2.696958
1.558170
0.410037
-0.581382
7.076364
1.714443
0.383771
0.917314
1.301009
1.745038
0.779766
0.868851
-0.551807
1.764008
0.583575
-0.210196
5.776017
1.218342
-0.545336
0.501725
1.790225
1.633450
0.241684
0.859848
1.383760
-0.187559
-1.080411
0.977527
-0.331960
2.224107
1.234948
-0.118609
5.842285
-0.634188
-1.855799
-0.021034
3.414310
2.710308
1.499709
0.128033
4.111304
1.313851
-0.100818
-0.262768
5.808181
1.321306
-0.073311
0.561875
1.887694
0.069898
-1.066130
0.664165
1.439595
0.323974
-1.302028
0.964415
-0.913775
0.659022
-0.630827
0.113709
4.520029
0.465321
-0.576017
0.636219
1.864668
2.504654
1.379049
0.166506
3.792613
1.458725
0.112935
0.691747
0.554953
2.014270
0.766545
1.183422
-2.486825
2.164223
0.917104
0.709500
0.308124
0.190395
-0.896475
0.911816
0.287414
-0.294809
-1.351035
0.389584
2.347294
3.196452
1.940943
0.522469
1.819614
1.399606
0.164550
0.757727
0.034977
1.986814
0.921509
0.370558
1.686473
1.904436
1.041835
1.000232
-1.539920
0.607696
-0.600380
0.233034
4.391457
0.513143
-1.091591
0.591266
0.441539
1.583447
0.493613
0.697010
1.090071
2.633005
1.141786
0.766363
0.041206
0.226196
-1.076732
0.086866
4.285519
-0.374205
-1.699638
0.426096
2.053884
-0.561742
-1.643992
1.381387
-2.487213
1.466343
0.180006
0.178748
3.635286
0.787895
-0.670208
0.129805
4.869486
0.396334
-0.469660
0.094037
4.887076
0.929278
-0.638683
1.347685
-1.907814
1.491445
0.283008
0.461500
1.815584
0.871422
-0.186517
0.821863
1.952799
0.374135
-1.048066
0.812400
1.642954
0.270466
-1.061285
0.679944
1.662481
0.132912
-1.151776
-0.191347
3.884051
2.128599
0.825981
1.077557
-0.511564
-0.752240
-1.521151
0.368257
2.551275
1.569352
0.356002
1.224848
-0.012897
-2.804431
-3.846626
0.230989
3.785638
0.514479
-0.576987
1.125097
-0.152831
-0.514634
-1.982173
0.876310
-0.021667
1.323857
0.103530
0.768993
1.509475
-0.063819
-0.683672
0.501544
2.093728
0.704719
-0.570786
0.697031
2.079303
0.846223
-0.357587
0.448727
1.085976
0.520191
-0.543691
-0.414610
5.600052
0.374584
-0.725884
0.820223
0.925682
0.243022
-0.524525
-0.036603
4.932634
1.552959
0.449639
0.252740
3.623003
1.384474
-0.031246
0.578817
2.487208
-0.665227
-2.117165
1.274122
-1.399277
0.173063
-0.778731
0.109484
4.761807
2.815651
1.528238
1.271049
-1.363482
-0.145911
-1.307640
-0.234291
3.823020
3.167013
1.931412
0.994195
-0.602333
-0.761395
-1.632381
0.902088
0.005078
-0.333783
-1.194285
0.545173
2.039451
1.324544
0.426360
0.827191
0.099017
1.543337
0.176946
0.205291
3.282860
1.377714
0.247972
-0.003274
5.571192
-0.046416
-1.344837
1.155928
-3.159347
2.115863
1.033215
-0.413565
6.304784
3.683972
2.075087
0.537339
1.157687
1.429374
0.150486
0.540438
0.988235
-0.037206
-1.100297
0.132265
2.079866
1.249946
0.236691
0.914289
-1.170300
1.897016
1.097463
0.269733
2.709315
-0.276472
-1.296701
-0.827485
8.202724
0.330276
-0.962399
0.389782
1.403400
1.792197
0.228524
0.861076
0.065436
0.180360
-0.983661
0.809131
0.492283
2.363194
1.192043
1.151474
-0.912911
-2.161808
-3.102825
0.963892
0.770589
1.001796
-0.229961
-0.124333
5.042553
1.428545
-0.084558
1.453341
-4.836704
2.199831
1.166742
0.356981
3.884892
-0.992105
-2.707656
1.767247
-5.294820
1.584768
0.360191
1.492235
-4.482655
0.573633
-0.155747
0.298867
4.501021
0.531985
-0.973607
0.100785
5.079614
-0.261767
-1.301996
1.030206
-0.256892
-0.684582
-2.024019
1.341306
-1.848081
-1.443542
-2.341929
0.345345
3.120654
-0.979367
-2.349056
0.781164
-1.284762
3.303739
2.342397
0.888475
0.301395
1.363966
0.242810
0.629468
0.820728
2.013062
0.964656
0.582215
2.038581
0.025495
-1.271393
1.132127
-1.758558
1.215855
0.442292
1.621205
-2.333861
-1.897455
-2.983902
1.588346
-2.183989
-1.928843
-3.111035
1.447676
-2.820934
1.869178
0.453123
1.369092
-1.354279
-0.457628
-1.802517
-0.106446
6.508891
-0.227325
-1.501102
1.264443
-2.611682
0.518230
-0.324380
0.706794
2.044865
-1.084302
-2.219674
-0.031601
4.468061
2.054546
0.930829
-0.120526
4.056277
1.416408
-0.118213
0.324953
3.627673
1.538229
0.255345
0.467213
4.210574
-1.459506
-2.646682
0.546165
2.950158
-1.044475
-2.531028
0.948086
1.169410
-1.210581
-2.220322
1.315726
-1.779578
0.697799
-0.829865
0.988650
0.539708
1.645776
0.344564
1.250488
-3.093101
2.228443
1.038377
-0.189992
5.060050
1.068635
-0.212320
0.967148
-0.168060
-0.778192
-1.912596
0.732624
-1.326334
2.119353
0.780566
1.208837
-0.348931
-0.100684
-1.507313
0.710366
0.811429
0.986820
-0.424729
0.613148
3.154975
-0.982616
-2.231953
-0.469295
5.966233
0.087490
-0.900736
0.013771
5.104582
1.175483
0.114737
0.786232
0.757304
1.234534
-0.149723
1.092179
-1.351484
-0.552470
-1.406920
1.551721
-2.709175
-0.500171
-1.696839
0.985643
-1.169550
-0.049581
-0.968541
0.521693
0.166236
4.622751
3.095039
-0.040365
3.463689
1.044600
-0.257245
1.515993
-1.868716
-0.656153
-1.879300
1.575532
-4.616677
0.065839
-0.873207
1.249998
-2.081234
0.208745
-0.412300
0.923917
-0.377869
-1.036421
-2.259313
0.746320
0.750876
0.087410
-0.618647
1.936003
-4.812588
0.439109
-0.230340
1.128648
-1.674735
3.084267
1.840966
1.184497
-0.318718
-1.000006
-2.198149
1.059421
-0.398869
-0.156939
-1.368712
1.013747
-1.710177
-0.136925
-1.187173
2.112872
-7.174518
-0.216482
-0.939387
1.289652
-0.075464
-0.864210
-2.056843
0.604389
2.113429
1.835652
0.449837
0.390982
3.190809
-0.404722
-1.579455
0.379130
1.581027
1.574084
0.200290
1.077375
-0.800762
0.406002
-0.853092
1.446445
-2.726848
-0.441527
-1.646884
0.537346
2.629938
0.214401
-0.946994
1.671708
-2.619376
0.444376
-0.895032
-0.022395
5.475897
0.094399
-1.416981
1.080949
0.060632
-0.396962
-1.846029
1.391413
-3.183681
1.391174
0.296163
1.280118
-1.195495
-0.275075
-1.402661
0.777766
0.796525
1.959485
0.892246
0.991907
-0.599452
0.223365
-0.709735
0.966155
-1.649737
1.845266
0.507279
0.377045
2.179649
0.123433
-0.928965
0.859528
0.393104
-0.814333
-2.195657
1.201123
0.049967
-0.744590
-1.890023
0.938158
-2.166542
3.850016
2.736084
0.515247
0.297194
1.599766
0.302812
0.737691
3.027341
0.721779
-0.344505
0.422082
3.358844
0.563610
-0.776762
0.015066
5.591751
1.169380
-0.284819
0.714094
2.072630
1.612530
0.185949
0.670871
-0.352885
2.724298
1.833311
0.671267
2.034388
0.410328
-0.942050
1.010653
-0.187826
0.068090
-1.279455
1.183939
-1.150050
-0.226858
-1.203942
0.357537
2.759538
1.279024
0.025402
0.542796
0.896795
2.388402
0.888106
-0.136322
5.257156
0.917530
-0.316106
1.203182
-2.679162
2.521228
1.112541
0.894334
-0.407195
0.052160
-1.401126
0.865484
-0.217000
-0.525552
-1.444655
0.836881
1.455448
1.084274
-0.126571
0.399119
2.471795
1.830806
0.689713
1.536164
-3.207530
1.742930
0.437503
0.411533
2.619342
0.348806
-0.757980
0.560042
2.468182
-0.535598
-1.677873
0.377285
1.966302
0.029098
-1.137374
1.265228
-0.456107
-0.014088
-1.223660
1.197190
-1.790507
1.980146
0.833588
0.719508
1.859991
0.611507
-0.547791
0.601141
2.304929
-0.231339
-1.440927
0.862380
0.327300
-0.696648
-1.797414
0.804431
0.782044
0.182149
-0.929514
0.643348
2.271786
0.341372
-0.909313
0.290905
3.477369
-0.914765
-1.922689
1.307330
-1.468495
1.655547
0.350266
0.572133
2.594243
0.588759
-0.292150
0.609413
1.207234
0.701973
-0.347479
0.913376
-0.701471
0.820164
-0.568953
1.228186
-1.743525
0.567715
-0.893821
0.503881
1.340269
2.431853
1.182400
0.945840
-0.365585
1.771847
0.649316
1.096387
-1.086106
0.693031
-0.549389
0.451974
1.934787
0.720080
-0.543176
0.052427
3.813377
2.215342
0.814350
0.904210
-0.543012
-1.474495
-2.879610
0.337400
1.410245
0.445402
-0.852511
0.875339
0.789502
1.827205
0.769499
0.323724
2.997753
0.673955
-0.706481
0.584204
2.001318
-0.353147
-1.537274
1.034239
-0.122119
-1.410280
-2.342001
-0.079159
4.267131
1.928127
0.547642
0.141798
4.314346
0.907392
-0.534702
0.450943
2.579878
-0.872460
-2.201907
0.300072
3.004987
0.221277
-1.090424
-0.191302
4.221159
1.363366
0.130618
1.462863
-3.134440
-0.321166
-1.274164
1.390646
-1.858636
-0.378068
-1.627584
0.891677
-1.729268
2.297224
1.506357
0.389776
2.786760
1.436200
0.158404
0.818781
-0.157189
1.113350
-0.336667
1.220048
-1.937019
0.930526
0.021134
1.216329
-1.627115
0.137521
-0.934015
0.404978
2.167849
2.222237
0.629341
1.162323
-2.054259
-0.721409
-1.688160
1.101601
-1.117235
0.136945
-1.247528
0.989919
-1.663235
0.384359
-0.864428
0.892998
-0.503313
0.706101
-0.280551
1.642174
-3.304936
1.201056
0.284447
0.880650
-0.092194
0.730579
-0.245097
0.666183
0.842903
0.818200
-0.298997
1.517818
-3.213939
0.086688
-1.068157
1.505586
-3.591805
-2.004030
-3.002155
1.156543
-2.203793
-0.312845
-1.398681
1.380934
-2.042753
0.806817
-0.400896
0.615679
2.967127
-1.522550
-2.753912
1.471629
-2.595023
-0.912956
-1.941420
1.497315
-3.978552
1.588721
0.660454
1.534953
-4.055646
1.240046
0.218149
1.413564
-3.982639
-0.589471
-1.716981
1.826218
-4.396232
-1.118650
-2.395945
1.245219
-3.329461
2.178342
0.927477
0.988532
0.345423
-1.290054
-2.309847
0.895251
1.594886
-2.299011
-3.859382
0.309573
2.944611
0.389561
-1.144957
-0.107233
4.336950
1.788201
0.346814
1.583299
-2.054677
-1.572576
-3.015248
1.057478
-0.678497
-0.480744
-1.719644
0.515310
1.226044
1.833497
0.513894
-0.082242
4.219598
2.045577
0.435112
1.147439
-0.444267
-0.816560
-2.121136
1.464591
-4.390360
2.039546
0.972468
0.066425
5.515152
1.465296
0.373970
1.222757
-1.125350
1.479499
0.218459
0.911766
0.403488
2.555175
1.605614
-0.030777
5.474731
-0.627587
-2.051600
0.579956
1.214335
2.806841
1.719752
-0.142961
4.735591
2.707828
1.355585
0.714480
1.348413
1.665970
0.206527
1.589619
-2.564119
0.393080
-0.977226
