545.158680
550.019744
545.533264
541.951484
548.694393
536.157756
545.962527
549.766963
543.488372
537.177883
536.333218
534.377361
547.001416
545.648292
550.129223
723.649776
1771.204376
368.739689
703.296249
3618.742314
503.443637
537.613258
554.313442
538.028065
546.020566
536.832200
526.570607
540.268199
539.722728
538.750215
536.758831
528.743046
543.569879
548.884159
537.921407
527.000725
543.501949
546.541992
542.776728
541.985829
546.805839
532.089679
546.587132
549.291776
542.697207
536.830330
537.069403
533.768885
547.485962
546.866517
551.521999
728.481913
1803.062501
364.333992
704.649995
3676.212635
502.708543
538.595121
554.396206
539.719340
546.309977
535.919673
526.949969
540.749529
540.036550
539.036074
538.066339
528.634250
545.273776
549.473174
538.132471
528.738816
543.476007
546.676340
542.094375
542.271411
546.477101
533.407567
546.676852
549.402993
543.840496
537.363109
536.926759
535.636511
547.456287
546.640270
552.223948
734.579313
1836.530516
359.219512
709.179114
3733.466360
502.109186
537.529929
554.543124
539.544931
547.091241
537.839560
527.389096
542.663030
541.138886
541.123605
536.726755
527.412380
545.781062
549.886117
537.551833
529.272043
544.957806
548.498001
543.220244
542.966716
547.035558
533.789718
546.814715
551.256382
544.149437
536.841306
535.574006
535.349864
547.898953
547.047435
551.839770
740.244122
1870.654164
356.008340
710.342802
3790.946494
501.536744
538.864824
555.607750
539.599156
547.518923
540.109028
529.593732
540.615842
540.062389
540.776023
536.920753
527.891880
545.746544
549.205344
536.741449
529.509591
545.126946
548.820207
542.218160
543.225926
546.805309
532.584918
547.101107
551.642843
540.789427
537.037411
535.284333
534.466010
548.215443
548.240394
552.061165
743.478408
1903.060171
350.431605
714.090410
3846.960998
501.722301
538.597359
553.745348
540.191790
545.877544
537.956191
530.300030
541.375044
540.045828
540.843307
536.446260
526.416145
543.426674
546.976134
536.162994
529.148848
545.276090
548.572461
543.833898
542.578796
546.958704
534.199184
546.512834
551.776517
540.558772
537.626387
536.176363
534.325427
547.214839
546.330823
549.187300
749.103719
1936.291738
345.839340
720.218698
3906.827105
503.260837
537.263039
553.382217
538.661291
546.710212
540.841312
533.707216
542.816103
540.750033
541.847594
536.152675
526.611531
542.918070
545.635564
534.213768
527.794403
545.958026
549.412669
544.957091
542.826018
547.065626
533.771726
547.150378
553.125536
541.498359
538.163640
536.486077
533.384155
547.416176
547.416832
549.619623
753.983564
1970.430668
345.276450
721.652800
3963.769418
503.229686
538.773571
552.633804
538.685261
548.919179
541.307507
531.826002
540.922051
537.355928
542.433425
536.204519
525.829551
544.041338
543.817982
532.119031
526.800348
545.516786
549.456787
543.013796
543.007163
546.205895
532.295069
545.022079
550.587365
538.953653
536.814781
537.978772
532.034109
546.205212
546.261845
548.370530
759.365457
2004.202380
338.789566
725.348281
4022.447468
503.518705
539.077889
552.785881
537.176558
546.912000
540.259328
530.962525
541.196908
538.174751
543.710199
537.636443
526.094713
544.985137
543.639413
532.640167
526.603642
545.412083
546.987986
542.148184
544.402615
547.294919
533.260076
547.313478
552.503759
539.918608
537.679184
540.819517
533.240265
546.412455
546.539511
547.076752
763.042978
2036.678671
334.181496
729.501884
4079.503818
502.984317
541.729283
553.912056
537.216870
546.680914
541.508644
532.279036
542.056644
539.129059
544.294420
538.279595
526.550755
545.513742
543.956018
533.727138
527.843432
545.057697
547.327614
541.838337
544.160883
548.443383
532.811657
548.455761
554.099694
540.272280
537.503003
540.642663
533.036864
544.918365
545.759714
547.550265
767.543056
2070.160026
329.141235
732.703682
4138.331392
503.684395
541.791436
554.500493
535.462515
545.207694
539.064374
534.234861
541.101532
537.748565
542.878431
538.087880
527.360462
545.290254
543.337149
533.212477
529.250404
