1.772642
-4.831648
0.554570
-0.702360
0.334613
2.194529
-0.018505
-1.488849
0.946857
-1.502477
1.346056
0.068390
1.132425
-2.975057
2.555165
1.461089
0.712861
0.540867
-0.332550
-1.415845
1.131822
-1.469082
1.299101
0.275074
0.767109
-0.637986
-0.002039
-1.134080
0.857432
-0.127021
0.933218
-0.132694
0.636623
1.878942
-0.062394
-1.121458
1.239345
-0.247033
-0.560386
-1.474506
0.941763
-0.602076
0.771195
-0.084178
0.152447
2.531961
0.336400
-0.473044
0.599414
1.056694
-1.335319
-2.406594
0.646491
0.971013
0.648327
-0.719207
0.841109
1.628596
-1.658424
-2.772125
1.016010
-0.853446
-0.426043
-1.618086
2.563598
-8.877250
-1.630732
-2.267387
0.482306
1.606221
0.516364
-0.210491
0.427737
3.373121
0.244291
-0.722103
-0.023753
4.891918
0.231630
-0.946247
0.344210
2.706618
0.103939
-0.866910
-0.170507
4.712983
-0.051850
-1.487945
0.214241
3.220716
0.850797
-0.498551
0.097460
6.317758
-0.655066
-1.954230
0.570353
1.500341
-1.399158
-2.076990
0.349145
4.120025
-1.869020
-3.131790
1.310769
-3.182087
1.003109
-0.396309
0.268243
2.708242
0.799862
-0.594057
1.250869
-1.091261
-0.804609
-1.874211
1.120237
-0.497887
-1.235081
-2.130251
0.103605
3.403454
0.971371
-0.281286
-0.501708
8.066621
1.753431
0.090828
1.800536
-3.307787
-1.014372
-1.925163
0.229433
3.112748
0.522883
-0.510220
1.076184
-0.514329
0.835841
-0.322259
0.581712
2.368734
-0.158419
-1.391387
0.739825
-0.927011
1.606032
0.254921
0.496242
3.154088
-2.468224
-3.620242
1.895455
-4.471548
0.605557
-0.461528
1.720364
-5.757833
0.250643
-0.752187
-0.003801
3.791953
0.991312
-0.151007
-0.267822
6.655851
0.844259
-0.521378
1.609935
-3.617111
0.288250
-0.955691
1.341657
-2.731692
-0.375434
-1.635088
0.783484
-2.034006
1.985914
0.794297
0.436987
0.533099
2.276102
1.164233
-0.097943
5.342643
1.850961
0.349628
-0.205853
5.686282
-0.675656
-1.904854
1.511757
-1.785720
-1.374232
-2.630693
0.885318
1.233480
0.340243
-0.708296
0.425497
1.745152
1.130319
0.012000
0.028143
5.362365
0.563966
-0.627863
0.357802
3.349350
1.773716
0.474217
0.779511
0.642736
0.428975
-0.548693
0.764806
-0.222475
0.442288
-0.166326
0.653231
0.067478
0.949806
-0.083573
0.500513
3.619380
-0.687115
-2.124270
0.881143
0.032290
0.823362
-0.316368
0.402716
2.300708
0.120649
-1.057988
1.576873
-4.855360
1.813943
0.901691
2.081692
-5.998296
2.803683
1.722970
-0.026061
4.352731
2.043333
0.824099
-0.271851
5.762305
1.423088
0.525331
0.042149
4.580504
-0.106336
-1.287591
0.701935
1.342837
-1.526448
-2.435571
0.055085
2.466297
1.962066
0.732543
1.079275
-1.111963
0.174062
-0.972575
0.714971
0.257801
2.188723
0.893137
0.867672
-1.113464
1.207844
0.004523
-0.255678
6.232952
1.105700
-0.169194
0.827013
0.345868
1.264276
0.516587
0.911557
-0.294915
0.997440
-0.216179
0.871718
-0.238794
0.225670
-0.996918
0.540477
1.542893
0.659564
-0.429477
1.251169
-2.504293
-0.049676
-1.187350
0.700550
-0.262333
-0.485746
-1.904280
0.530341
2.636834
-0.920232
-2.147348
1.140608
-1.591692
0.510921
-0.324198
1.833991
-4.459145
0.679175
-0.329762
-0.024316
4.550576
0.810863
-0.767924
1.124654
-1.738152
-0.973273
-2.127297
-0.071647
4.852254
0.252203
-1.134549
0.363834
2.844017
3.512456
2.370718
0.673717
0.429455
2.095775
1.022929
-0.119068
5.721095
1.559878
0.280288
1.079469
-1.017307
0.176531
-0.619251
0.525934
1.242164
1.058418
-0.184978
0.863833
1.116599
-2.235520
-3.425052
0.563702
0.720694
1.351999
-0.079401
0.427852
2.524057
0.812930
-0.637555
0.688541
1.678361
-0.940495
-2.261168
0.973351
-0.508093
1.361040
-0.065976
0.305236
2.255101
-0.058768
-1.330504
0.625914
2.033991
-0.055716
-1.369407
1.071623
-0.868259
-0.864439
-2.205096
0.751080
-0.041252
0.852886
-0.345281
1.524767
-3.200666
-0.668815
-1.709989
1.511969
-3.367966
-0.096846
-1.090790
0.278761
3.002753
2.703420
1.327599
1.984738
-5.934201
0.735602
-0.289811
0.536118
0.721234
2.754394
1.366330
0.722584
0.754672
0.909243
-0.331367
0.761957
0.192955
0.612380
-0.572279
1.802919
-3.240112
0.112572
-1.172383
0.749686
0.188218
3.159399
1.866935
0.683423
1.608242
-0.211391
-1.412160
0.961167
-0.772502
1.331651
0.326195
1.334844
-1.042550
0.327430
-0.614634
-0.118957
5.346036
0.172773
-1.006139
1.094352
-2.054133
2.266040
1.277781
0.163680
5.187205
0.917557
-0.096901
0.975306
-2.288146
1.766248
0.784647
0.167713
3.156942
0.359022
-0.579696
1.594625
-4.006032
-0.455147
-1.453191
0.499858
1.378450
0.625749
-0.334917
0.648063
2.673645
-0.242357
-1.122687
0.746349
0.024619
1.200349
0.157637
1.499336
-4.156994
1.144424
0.206356
0.103931
4.254421
-0.322497
-1.878561
-0.115853
5.238662
-1.115590
-2.287760
0.774641
-0.411147
2.245028
1.056083
-0.227148
4.849517
-0.262145
-1.314320
0.488156
0.839132
1.609299
0.600653
1.007182
-1.331163
0.185936
-0.943487
0.115846
6.053407
-2.214777
-3.555517
1.332934
-3.325891
1.364014
0.470771
0.799265
0.509840
0.706096
-0.783524
0.382354
3.419828
0.273387
-1.263116
0.266702
3.667621
-0.207996
-1.313423
0.725551
-0.102094
0.960127
-0.354573
-0.223714
4.925850
0.939195
-0.406797
1.258684
-1.215510
0.881450
-0.476738
0.386041
2.855442
0.968635
-0.101177
1.526245
-3.583069
1.687862
0.465384
1.582335
-2.755376
1.084494
0.327622
0.621975
1.389534
1.155621
0.203720
0.563249
1.407677
-0.270882
-1.510027
0.021316
4.572960
-0.016760
-1.391666
0.275743
3.276246
-1.587461
-2.732002
0.584496
0.890275
-0.559750
-2.167485
0.911785
0.285305
0.673641
-0.366217
0.807408
1.198972
-0.476519
-1.424144
-0.954752
8.081147
2.187542
0.814052
0.608245
2.339303
-1.911187
-3.189074
0.688549
0.898999
0.077666
-1.228046
1.130391
-1.618353
2.317290
1.135037
0.148166
6.179114
-2.679632
-4.138479
0.984978
-1.273685
0.156425
0.041833
0.063421
4.647206
1.776238
0.390939
0.900900
0.650079
0.227908
-1.087894
-0.000074
4.431135
1.514095
0.119255
0.086541
3.248828
1.310928
-0.145260
0.284453
3.248271
1.990322
0.806508
-0.137274
4.153537
2.863699
1.314936
0.282027
2.260860
-0.275319
-1.339591
0.500575
2.192508
0.516996
-0.701915
0.655573
0.783552
0.853534
0.346053
0.222676
4.035979
-0.055449
-1.538235
0.667207
3.228211
-1.146550
-2.146513
1.588770
-3.881658
1.002132
-0.032870
0.554084
1.282777
1.550919
0.001214
1.226618
-1.534643
0.518438
-0.197025
0.880458
1.969993
-1.477294
-2.669518
0.674161
2.000134
1.639548
0.419610
0.500147
3.202243
1.663671
0.635374
1.241612
-2.470686
1.567798
0.567072
0.000083
4.686197
-1.901565
-2.614924
0.723269
0.593019
1.086515
-0.053343
1.046534
-0.943389
1.430458
0.135726
1.605447
-2.515436
-0.366774
-1.486992
-0.261346
5.234650
1.545418
0.304791
1.797031
-3.466206
-1.163431
-2.217971
1.700011
-3.913309
-0.910802
-1.815427
0.307167
1.891687
1.802551
0.656898
0.587143
1.261045
2.465743
1.485434
0.226651
1.915228
3.970022
2.982001
0.492747
2.296335
-1.320042
-2.390269
0.953008
-2.672362
1.483859
0.631192
1.282404
-2.192054
0.783577
0.063201
1.069002
-1.172428
1.949857
0.392259
1.503401
-2.982420
0.560283
-0.308979
1.229014
-1.857524
-0.925911
-1.746792
0.292660
2.772710
2.767757
1.455939
0.601851
0.696654
1.673798
0.646471
0.014974
4.487909
0.308046
-1.110452
0.890208
-0.471026
0.258343
-1.139866
1.168702
-0.182662
0.087924
-1.191735
1.115014
-1.487824
0.367199
-0.978183
0.297905
4.575362
-1.685782
-2.673968
0.712596
0.035744
0.469783
-0.785482
0.531267
3.087374
-0.749100
-1.993900
1.022980
-0.510913
-0.959076
-2.831950
0.993148
0.098408
-0.695931
-1.667031
1.873126
-3.742006
-1.708201
-2.762109
0.202600
2.920329
1.798692
0.525665
0.401879
2.002482
0.991002
-0.038219
0.867866
0.367243
0.674140
-0.241756
1.552260
-4.756910
1.603826
0.849215
0.347845
3.701236
-0.849678
-1.871170
1.160931
-1.333405
-0.813384
-1.999766
1.332270
-3.450534
0.986862
-0.101201
1.079007
-0.507481
0.144899
-0.854935
0.419348
2.657321
0.596414
-0.940594
1.254601
-1.915654
-0.237201
-1.054613
0.698901
3.010635
-0.284114
-1.495710
0.525397
0.048440
2.235730
1.285642
1.300480
-1.823065
0.661732
-0.721384
0.766741
0.266797
0.790633
-0.613842
1.031357
-0.289964
-1.116051
-2.095526
0.375265
1.318183
2.976970
1.904243
1.106210
-1.779229
1.005331
0.005376
0.354373
1.211504
1.116277
-0.121275
-0.020506
4.845546
0.926007
-0.580748
0.093994
4.100237
1.359827
0.065936
-0.459424
6.297029
2.910268
1.524371
-0.020212
4.143533
2.361010
1.233087
0.706399
1.579817
-0.455627
-1.711263
1.219701
-1.053505
-1.462098
-2.572957
0.312859
4.288019
0.456804
-0.825624
0.265285
5.007155
-1.137401
-1.853277
0.148607
2.971330
2.230092
1.113866
0.388356
2.646752
0.895996
-0.357853
0.816846
1.056167
0.453581
-0.407625
2.043279
-5.477958
0.687964
-0.359024
0.395619
2.258377
-0.031958
-1.279440
0.376659
1.830611
0.043397
-0.979165
0.791982
-0.094743
1.591131
0.209771
0.391957
3.381418
-0.750724
-1.968080
-0.414901
4.978776
2.299276
0.772255
0.890481
-0.696264
0.291487
-0.597036
0.870503
0.704406
1.345130
0.215536
1.019834
-0.758736
-1.029597
-2.276096
0.502964
1.848382
1.092339
-0.297250
-0.019228
3.906823
0.036971
-0.863484
0.545835
0.882071
2.512643
1.233393
0.417986
3.495591
-0.584474
-1.777485
1.084579
-0.978930
0.321239
-0.961323
0.393143
1.363341
2.680337
1.313877
-1.064964
11.974713
0.860182
-0.741902
0.917664
0.638728
0.183685
-0.749095
0.118445
3.972591
0.034358
-1.305328
1.040593
-1.005539
1.411586
0.363063
0.078888
4.384075
-0.108399
-1.164974
0.871989
-0.425202
0.928588
-0.149942
0.754155
-0.360248
0.683257
-0.246882
1.193791
-1.747595
-1.711696
-2.385177
0.192650
3.952284
0.231513
-0.798557
1.219939
-2.653022
-1.402454
-2.413400
0.619403
1.623264
0.078078
-1.181739
0.303236
4.729434
0.003840
-1.232167
0.704568
1.780611
0.206609
-0.965732
0.171418
3.487341
1.351145
-0.080440
0.370756
3.702189
1.066187
-0.035331
0.715742
-0.458977
1.802103
0.756078
1.235115
-2.601744
1.416278
0.166230
0.225610
4.433247
0.340151
-0.808369
0.519455
1.355996
0.929935
-0.058194
0.931387
0.127497
-0.293015
-1.521699
0.372678
3.855460
0.900989
-0.578479
0.964591
-0.115555
0.339780
-0.815472
1.150453
-1.017777
1.144603
-0.028987
0.130812
3.147656
0.541377
-0.221581
-0.080550
4.018727
0.762860
-0.368163
1.104722
-0.231565
-0.668026
-1.980004
0.541258
1.111272
1.153784
0.115964
0.668448
1.190960
1.716607
0.483092
0.303466
3.628026
0.235617
-1.141898
0.874791
-0.711103
3.703605
2.791929
1.032848
-0.187263
-0.152954
-1.612817
0.365918
3.450542
-0.833872
-1.922342
0.781123
-0.671727
0.986624
0.038013
1.066164
-1.579562
0.532787
-0.630421
1.122313
-2.048504
2.308254
1.633093
0.216552
2.144214
0.532607
-0.773476
0.429099
2.115670
-0.297573
-1.192115
0.776389
0.090181
1.351570
0.173926
1.319940
-3.575056
1.006576
0.246133
1.424606
-4.028905
3.774811
2.507495
-0.098454
4.931150
0.984014
-0.258862
1.158790
-2.269873
1.351135
0.241003
