1.043057
39.539226
-0.208725
-1.596222
0.763282
62.449243
-0.998499
-2.152508
0.986111
-258.300896
2.392295
1.338642
0.288230
335.212300
1.965036
0.559113
0.589993
99.080268
2.756957
1.648848
0.403371
429.525600
0.572784
-0.787683
0.026189
340.894787
1.637573
0.807486
0.886911
72.923315
0.335517
-0.906981
1.006663
-61.275465
0.192132
-1.051301
0.497893
141.582428
-0.056702
-1.434997
1.995979
-595.490681
0.317953
-0.866499
0.939487
-123.659952
2.194796
0.882317
0.899537
-62.475332
1.355115
0.236044
0.181274
177.226009
1.565148
0.209255
0.948577
-176.216726
2.055557
0.861094
-0.034583
548.892862
-0.539713
-1.681845
-0.055837
597.955492
-0.115521
-1.665227
0.663483
46.240546
1.847464
0.904271
0.052195
545.964723
1.350584
0.009464
0.814777
15.861723
0.368878
-1.148573
0.382272
219.273481
-0.264874
-1.468520
0.310952
116.843104
2.103364
0.854158
0.856386
66.767963
0.383850
-0.887452
1.531648
-470.554613
-0.927153
-1.884279
0.807201
117.983648
0.162847
-1.087692
0.355535
248.989425
-0.284799
-1.338892
0.579845
298.781295
-0.429535
-1.712681
0.772732
7.615611
1.804266
1.020353
0.255477
313.052492
1.085162
0.367875
0.533229
157.670028
0.487365
-0.234833
-0.132546
479.230894
1.868238
0.615442
0.581907
130.786860
0.538255
-0.211438
0.660650
138.816383
2.319911
0.919610
1.253580
-90.451292
1.022960
-0.290360
0.171098
322.928994
-1.032819
-2.319578
0.314298
354.045020
0.475622
-1.025295
-0.248539
557.663733
1.881084
0.357128
0.521669
79.583358
2.495397
1.255616
0.435222
154.022683
1.124362
-0.007444
1.026745
-187.327333
1.108496
0.427453
1.095882
-96.502542
-0.958647
-1.881177
0.340719
278.871567
1.543677
0.244220
0.198339
356.267296
-0.007233
-1.650061
0.474256
274.262968
2.084906
0.682002
0.554518
158.372467
1.786550
0.382155
0.373922
131.839935
3.185943
2.073801
-0.785167
801.582173
1.561025
0.284938
1.983262
-691.072578
0.942235
0.193984
0.478343
111.755203
1.800895
0.797282
0.168276
434.969774
0.306567
-0.995097
0.416048
92.826072
0.899408
-0.262068
-0.021249
500.521534
0.848885
-0.554028
-0.258693
595.157383
0.842878
-0.327775
0.645622
120.863097
2.367672
1.352188
1.579794
-213.622831
-2.313085
-3.205548
1.681045
-461.523230
0.236852
-0.578233
0.667364
184.850009
-0.508525
-1.700854
0.510164
235.568083
-0.487697
-1.611624
1.455910
-303.342899
0.768322
0.078078
0.909573
-75.939043
-0.339256
-0.923746
-0.104015
525.273107
2.377499
1.293519
1.581080
-305.570278
-1.055334
-2.156446
0.745542
180.989579
-0.570180
-2.000874
0.337719
192.259102
0.720456
-0.592123
1.433396
-176.135368
0.750751
-0.569180
1.419184
-304.288059
0.300108
-0.809481
0.945094
-13.520149
0.247286
-1.167780
1.837600
-545.605521
1.383414
0.495529
1.315583
-221.325519
0.950073
-0.059263
1.557198
-400.715827
2.190479
1.126364
0.270905
125.530765
2.366374
1.216073
0.467479
259.134576
1.370301
0.183291
0.440500
91.536409
2.453135
1.554199
1.137729
-220.807522
0.821625
-0.001392
0.177311
291.889832
1.842072
0.996880
0.708613
-125.385924
3.134996
1.948087
1.440339
-177.722378
-0.680300
-1.616301
-0.033065
414.778936
2.201990
0.845207
1.770285
-327.644839
-1.428599
-2.820805
0.237947
419.693556
-1.599866
-2.920246
0.505458
211.572737
-0.744075
-1.439204
0.706695
72.521906
1.026557
0.270178
1.240061
-164.380788
1.019043
0.239384
1.431491
-201.552151
-1.052977
-2.212884
0.628724
91.049983
0.935462
-0.223166
0.172598
402.199499
1.252253
-0.219959
0.432799
177.006607
1.384190
-0.165061
-0.265297
616.867723
-0.205010
-1.106416
1.111089
-105.048940
-1.535911
-2.628498
0.766575
188.476405
-0.817654
-2.051653
0.874169
-38.128669
1.663087
0.209726
0.412602
225.234516
1.283103
-0.146214
1.044143
-53.089425
0.208338
-0.961752
0.480701
314.405812
0.524070
-0.472661
0.927014
-154.027822
0.916237
-0.063927
-0.080305
522.456985
1.975351
0.614354
0.150012
402.225731
0.362556
-0.942159
0.412527
224.113157
-1.192426
-2.354562
0.352626
125.774569
2.319452
0.823496
1.236223
-136.875895
0.777982
-0.228349
0.742132
36.395725
1.019036
-0.157499
-0.500191
762.076672
0.045648
-1.335356
1.311966
-349.932640
2.323335
1.188209
0.846614
132.166170
0.660498
-0.349191
0.664044
110.677033
0.631667
-0.760338
0.484678
237.847848
-0.182588
-1.264611
1.336797
-265.936022
0.667196
-0.476353
0.277641
360.569446
1.378684
0.227100
0.186815
373.163732
1.204193
-0.015804
0.706600
71.985972
0.212253
-1.104551
1.058400
-14.343431
-0.814109
-1.998984
0.277533
502.067448
-0.162617
-1.572648
0.794030
82.220540
0.360574
-0.669682
1.154034
-187.308899
-1.267554
-2.158526
0.658103
171.326631
1.168956
-0.202365
0.157171
304.442464
-0.081930
-1.035106
0.562326
108.933470
1.128724
-0.441189
0.812221
93.859281
2.572047
1.267593
-0.055366
487.374359
1.782147
0.303606
0.964327
-137.163538
-0.427794
-1.471149
0.595328
140.451199
0.092642
-1.157745
0.969394
2.228463
0.230574
-0.887867
1.290325
-341.628479
0.735737
-0.378670
0.694005
-36.533163
2.761380
1.624609
0.179871
428.899505
0.164686
-1.424779
0.716897
49.483500
-0.194357
-1.503626
1.188908
0.183715
0.373497
-0.616824
0.203488
385.916339
-0.649982
-1.857173
0.327917
233.508051
2.137798
1.311210
1.108188
-171.728507
1.178911
-0.153192
-0.348384
549.091993
1.004633
-0.241366
0.425468
325.370038
-1.243037
-2.242758
1.480743
-325.978943
-0.340806
-1.586255
-0.204207
623.198623
1.457173
-0.012603
1.051849
-15.100901
-0.510151
-1.969936
-0.827575
869.661492
1.097637
-0.300713
1.079625
-59.226412
-1.199035
-2.221085
0.608664
283.791746
-0.589626
-1.777945
0.536474
104.676408
0.938174
-0.073442
0.515502
84.444332
1.294565
0.061433
1.535148
-310.067556
-0.410516
-1.704722
1.413730
-184.847351
0.582231
-0.587879
0.732849
161.371588
-0.998401
-2.175225
0.228171
463.358449
-1.795616
-2.822505
0.229682
346.329464
-0.378049
-1.538014
0.993758
-191.523944
1.171861
-0.149820
0.077459
532.838189
-0.465965
-1.810268
0.562531
170.902292
1.041707
-0.338862
0.636708
42.888463
0.951823
-0.496268
0.377317
369.830680
-0.714092
-2.267946
-0.014642
556.443340
-0.022665
-1.603339
1.945607
-541.328406
0.783864
-0.427954
1.620242
-378.018023
0.378630
-0.928944
0.452620
191.749810
-0.177666
-1.281013
0.906931
-58.201244
1.018509
0.032883
0.672113
309.602077
1.481949
0.401797
0.438745
313.287625
-1.267966
-2.405798
0.885903
-49.924955
0.872085
-0.527811
1.324555
-245.302075
0.954355
0.155196
1.334044
-425.893969
0.229640
-0.701749
0.920842
-70.831648
1.507292
0.552616
0.807087
107.153746
0.069189
-1.082194
0.593147
201.181973
1.090624
-0.329726
0.140322
335.057167
2.056427
0.829296
1.421314
-158.142823
-1.964721
-3.162167
0.544415
236.759317
1.697577
0.437726
1.242472
22.810170
-0.073134
-1.538805
0.457068
129.415425
0.757731
-0.301006
0.543470
192.281855
-0.913544
-2.192937
0.514195
142.754188
1.147024
-0.137489
0.792685
22.894861
2.888216
1.550682
0.652824
181.896750
0.270434
-0.953345
0.630953
115.070276
1.135596
0.130441
0.564157
169.535174
-0.665381
-2.029259
1.470046
-292.316863
0.011237
-0.987913
1.122439
-140.812345
0.337590
-0.888804
0.823374
-156.163176
1.226351
-0.009293
1.302064
-232.894211
-1.252638
-2.096457
-0.426842
492.974189
4.846727
3.241638
1.056093
4.285285
-0.192205
-1.303028
1.379062
-320.065537
1.059097
-0.051758
0.188591
423.049072
0.341590
-0.898694
0.828620
95.218710
-0.615480
-1.856061
1.273857
-296.066935
1.251710
0.002998
1.124882
3.829295
-1.354916
-2.404615
1.485431
-224.370687
-0.396731
-1.217078
0.888608
58.179192
0.330858
-0.773190
0.215741
357.258846
0.198714
-0.835088
0.733612
108.028604
0.737455
-0.479184
0.468130
141.950117
1.224858
0.067732
0.054627
579.001601
0.492103
-1.162387
0.809714
-96.598609
1.913866
0.753869
1.731950
-553.951182
1.547926
0.429437
0.779182
111.864773
0.717345
-0.683623
0.273572
224.002675
0.921686
-0.253275
1.452435
-402.638065
0.157156
-0.931972
0.680896
-7.506651
3.230025
2.023661
1.755213
-447.309125
0.409881
-0.661030
0.705393
83.766474
0.929597
-0.373786
1.278753
-182.240453
-0.688806
-1.930994
-0.193546
259.763242
3.074896
2.079311
0.578181
74.639669
1.510246
0.313613
1.730307
-355.807505
0.448300
-0.842380
0.930383
-97.397485
1.653119
0.619866
1.020751
30.529054
0.120697
-0.853799
0.538099
131.731057
0.814189
-0.573060
0.728364
-111.042457
0.750773
-0.430240
0.415077
191.405393
1.273419
0.062001
0.647274
87.258015
1.728689
0.226011
0.776043
78.600366
0.582042
-0.104524
0.140437
362.242329
0.895044
-0.336850
0.438146
201.619046
0.695406
-0.355154
0.829705
166.609843
-0.179417
-1.591396
-0.339828
645.694261
0.826098
-0.362341
1.079919
-27.624827
1.936566
0.697115
0.566461
-12.170564
2.053493
0.749734
0.190168
506.059472
0.064216
-1.398292
0.453156
121.582190
0.989923
-0.161805
0.707506
9.378143
-0.536999
-1.786189
0.607627
187.264708
-0.746413
-1.922992
1.137299
-148.331622
-1.055755
-2.346444
1.233489
-151.251541
-1.200623
-2.250899
0.765617
25.223993
0.568801
-0.088240
0.568276
250.090122
-0.283876
-1.434488
-0.136832
621.564554
1.585974
0.159386
0.534029
407.294579
0.261712
-1.008310
0.563571
116.536322
0.401147
-0.886554
0.988365
30.776152
-1.341454
-2.281729
0.588315
192.859494
0.714822
-0.412848
0.975919
-55.533663
0.328301
-1.054872
0.399615
169.702724
1.309867
-0.023509
1.387717
-232.042757
-0.021543
-0.847230
0.033637
517.768084
0.781087
-0.496381
1.727211
-360.991383
0.589384
-0.732542
-0.045284
335.375614
1.795432
0.361303
1.589941
-306.282311
0.585177
-0.212134
1.092340
-125.147547
-0.368432
-1.407223
1.122830
-164.541589
0.499134
-0.691811
0.296733
233.343078
0.289679
-0.930669
0.857826
-145.571814
3.929476
2.600283
0.691245
65.992611
0.446395
-0.726851
0.863587
0.978464
0.823016
-0.172948
0.319383
254.331976
1.840440
0.680736
-0.324892
344.881741
2.342008
0.824119
0.705406
-104.821347
0.730806
-0.197803
0.686686
143.438853
0.452825
-0.743399
0.859135
94.425741
0.433027
-0.647019
0.674890
62.847633
1.161555
-0.115598
0.912526
139.290900
1.571564
0.046375
1.063105
-147.540240
-0.066349
-1.453389
0.287430
318.467190
2.999534
1.833476
0.806601
-65.880771
0.533205
-0.740621
-0.575460
684.604444
1.640165
0.537892
-0.197900
524.826334
1.303672
-0.185688
0.628424
116.039591
1.347488
-0.089572
0.726236
75.099169
1.428017
0.313406
0.581099
151.795513
0.540205
-0.779717
0.716685
-22.796135
1.557577
0.250360
0.071925
368.575739
2.308008
0.981862
1.222682
-116.623674
-0.298514
-1.553992
1.140233
-88.004251
-1.280719
-2.172794
0.847859
-33.865298
1.670178
0.824718
0.108593
400.848625
-0.837085
-1.979712
0.803534
191.186205
-2.476195
-3.437414
1.924291
-472.449286
-1.781716
-3.196543
0.898682
-12.179773
0.646335
-0.807981
0.394639
276.501816
1.421001
0.125429
0.140517
359.170823
1.896662
0.467105
0.217787
362.550939
1.268179
-0.264850
0.314816
453.915965
-1.235623
-2.489409
0.604382
187.055322
-0.816445
-1.872781
0.197627
427.569594
1.248225
-0.486951
0.267357
247.005125
1.877048
0.704986
0.304086
222.995550
1.610610
0.194000
1.814160
-581.125177
1.799916
0.778993
1.422064
-326.273220
0.803709
-0.212834
-0.138731
607.048805
-0.368432
-1.634246
1.522860
-430.558697
0.680132
-0.384588
0.819215
62.760453
0.364445
-0.705653
1.459292
-144.684906
-0.794609
-2.117828
