0.457262
183.699995
1.140021
0.134649
0.901189
82.095070
-1.144901
-2.570038
0.383883
214.512222
0.272741
-0.869055
-0.177756
642.743765
-0.274761
-1.707327
0.290601
460.048338
-0.245132
-1.585635
1.078725
-143.181493
0.276171
-0.884546
0.762926
57.736594
0.085934
-0.963677
0.898968
-58.126926
0.534829
-0.678769
-0.134689
622.536246
0.545977
-0.932352
0.323232
331.589127
-0.588074
-1.969626
0.459225
250.153976
0.308369
-0.852663
-0.315428
601.616352
2.643327
1.877080
-0.200567
414.243040
1.003768
-0.272245
1.577884
-315.486890
0.314338
-0.673271
-0.081772
514.180924
1.819472
0.341561
0.462125
265.255520
-0.403986
-1.603336
0.360842
74.080191
0.509006
-0.409080
1.026113
-151.820864
-0.008460
-0.745905
0.745227
-12.227695
1.540867
0.214061
1.525789
-242.376405
-0.389564
-1.580993
0.260811
329.868183
0.314312
-0.922058
0.206282
348.491067
2.063621
0.893500
0.305235
363.832339
2.442189
1.026666
0.844078
43.115354
0.632583
-0.408519
0.185513
333.781865
0.750052
-0.392947
-0.211702
578.718297
1.069389
-0.313910
0.380803
196.151716
2.146826
0.659235
0.043220
482.352718
1.589942
-0.104253
0.670615
82.400301
0.141742
-0.917411
-0.221976
668.132972
0.487299
-1.023726
0.330024
198.653198
1.419454
-0.021353
0.803975
54.124787
-0.028209
-1.356090
0.366974
310.792644
-1.039213
-1.969944
0.798305
48.298169
1.007439
-0.345877
0.210188
339.600296
1.455073
0.373657
-0.400471
599.324306
1.639851
0.441535
0.777334
7.926409
0.121823
-1.338724
0.099262
512.744539
-0.533845
-2.067152
0.811406
178.274986
-1.156867
-2.245552
0.162769
381.245785
0.629793
-1.079418
0.423270
412.896184
-2.636280
-3.808793
0.662551
44.048203
0.918035
-0.114861
0.174282
392.223293
1.653784
0.428975
0.685468
36.321714
0.679751
-0.327748
0.211317
255.955857
2.418614
1.202732
0.901663
33.297103
0.656685
-0.563585
0.379856
433.946936
-0.754600
-2.233865
0.714704
33.290849
0.040717
-0.986160
0.789634
-60.179887
0.155642
-1.143074
0.702264
137.318432
-0.639968
-2.079443
0.271867
273.979220
-0.817478
-2.088478
-0.356295
720.498857
0.583402
-0.715626
0.554808
244.567871
0.892955
-0.316825
1.378170
-288.538336
2.933391
2.140455
-0.219894
446.222840
1.591609
0.523255
1.711340
-481.668034
0.037827
-0.760609
1.044786
-88.955838
1.063390
-0.069706
0.337610
418.285964
-1.309983
-2.499848
1.063147
-80.756502
2.347830
0.802210
-0.664253
614.632287
3.931324
2.438078
0.331881
320.307731
-0.493183
-1.502621
0.718853
-59.631157
2.208360
1.022692
0.749904
165.646889
-1.284629
-2.628680
0.778979
72.852402
0.576937
-0.611707
0.197836
196.482061
2.211498
0.999292
0.403280
143.413599
1.509237
0.096294
1.282257
-244.003425
-0.103346
-0.654480
0.316693
292.434145
2.072022
0.566631
-0.538093
745.484737
2.691983
1.341236
0.983142
-182.813322
-0.463097
-1.407762
-0.353682
668.480931
-0.487532
-1.763171
0.818939
60.063627
-0.093099
-1.327806
0.860873
88.538816
-0.263114
-1.414310
0.310679
262.059999
0.980584
-0.169115
0.644459
143.070101
1.839824
0.322456
0.920944
-146.944198
3.593000
2.399536
-0.316160
506.815130
1.175344
-0.065228
0.125793
319.557230
0.101681
-1.433887
0.828733
47.103719
0.166577
-1.055597
1.206752
-45.827726
-0.670292
-1.909589
1.288125
-74.751897
0.458708
-0.862362
0.685027
94.200973
1.456827
0.436254
0.561039
121.460873
-0.576260
-1.538440
0.946377
-92.529234
1.576694
0.219117
0.079066
380.586442
1.773376
0.512822
0.156248
417.774905
-0.067685
-1.163534
1.190049
-66.263468
-0.702267
-1.960448
0.650094
177.179728
1.151828
0.075664
-0.040961
487.113223
1.310875
0.071488
0.403253
227.275756
0.648563
-0.982628
0.924007
69.384014
-1.908980
-2.900099
0.976577
-135.263133
0.553028
-0.827399
0.250387
276.004202
0.636611
-0.619851
-0.377738
634.359201
1.128936
-0.403088
-0.322483
626.258955
2.628785
0.992914
-0.237665
605.636990
0.980618
-0.101102
0.177953
274.177230
-0.938993
-2.102554
1.201118
-13.888225
-0.224199
-1.707149
0.415306
340.885009
-0.647003
-2.071414
-0.108389
466.272410
1.071260
-0.192980
0.670450
198.895575
-0.219191
-1.487712
-0.084301
604.373146
0.550110
-0.678749
0.224712
334.868749
2.223190
0.607579
0.049014
466.117695
1.944374
0.443208
0.144928
400.141900
-0.338631
-1.415392
0.583931
82.638932
-0.393757
-1.207362
0.797410
17.165986
-0.412429
-1.360587
1.027978
-136.848411
1.495382
0.087969
0.412038
349.938728
0.051115
-1.380052
-0.463424
629.314430
0.366173
-0.863807
0.538031
76.819805
1.885771
0.414726
0.722720
-66.936950
0.523292
-0.316822
0.775852
270.453599
-0.594124
-2.074432
-0.102338
419.193087
4.083265
2.711491
-0.129178
535.218537
1.414169
0.039000
-0.061438
581.293911
1.192258
-0.351870
0.751603
125.625295
0.305462
-0.811257
0.235154
297.334921
-1.262815
-2.555245
-0.090869
481.376532
2.237128
1.036786
0.891533
-132.146829
2.771298
1.512148
0.619971
120.147682
2.368417
0.860337
0.489677
143.235726
1.927364
0.524050
0.473629
157.647944
0.462612
-0.842536
-0.114493
474.161427
2.554493
1.153973
-0.312110
710.805536
-0.195096
-1.618804
0.195019
435.260841
-0.924177
-2.390633
0.378226
282.438920
2.700174
1.212806
1.209540
-297.609190
2.111147
1.216527
0.841217
27.408860
1.491182
0.268658
-0.195544
523.204562
1.000068
-0.406931
0.699471
233.756829
-0.816147
-2.109563
1.259433
-143.795163
0.427177
-0.935891
0.999280
42.603241
-0.064929
-0.915732
0.330479
316.120960
0.120102
-1.190463
-0.728381
748.256566
1.728106
0.341733
1.104152
-194.273660
0.826846
-0.406755
0.329843
351.481224
0.520425
-0.529437
0.468781
211.820873
0.374220
-0.644702
0.095224
323.651494
1.390912
0.269168
-0.673296
852.566465
-1.821890
-3.324040
0.429755
441.863844
0.386849
-1.073381
0.826793
198.924381
-0.035649
-1.142200
1.136653
-266.974490
1.796067
0.489063
1.447459
-155.766135
-2.583286
-3.707191
0.018347
600.345645
1.303538
-0.171183
0.274758
288.075824
0.668498
-0.624617
0.771026
94.381620
0.603537
-0.490784
0.445569
390.822714
-0.107191
-1.464499
0.238844
273.578909
0.663531
-0.610926
0.754347
33.886275
-0.863582
-2.028412
-0.017382
531.442227
0.094640
-0.997311
0.274860
248.959451
3.445543
2.298923
-0.048123
536.042598
3.308376
1.801110
0.054614
308.296915
2.873107
1.669666
0.425076
150.415772
2.591020
1.373020
0.620502
-29.311970
1.204474
0.104367
0.455451
106.317108
2.357614
1.334465
-0.023573
536.509041
1.056639
-0.290701
0.449451
93.833533
1.735534
0.718336
-0.509767
713.535636
2.046132
1.217128
-0.694319
709.420020
2.123677
0.908504
1.411588
-359.382824
1.272851
0.019388
1.322176
-145.631443
-0.373757
-1.573639
-0.369216
647.106111
-0.504508
-1.823242
0.868515
33.551749
0.273085
-0.865444
0.468377
365.899460
-0.493507
-1.846101
-0.043640
476.375169
2.731100
1.123716
-0.009435
630.946410
-2.558652
-3.879719
0.668939
227.470009
-0.878295
-2.480634
0.541535
143.353367
2.252103
1.007240
0.388368
425.479221
-1.021785
-2.399383
0.817406
-20.814756
0.743050
-0.559211
0.620355
95.612139
2.136582
0.709787
0.127053
512.208588
0.269720
-1.124940
0.610775
323.487268
-1.156623
-2.495071
0.199037
276.519284
1.844155
0.577085
0.662680
201.362232
-0.776025
-2.379757
-0.310438
543.783022
1.725035
0.199193
0.817112
2.715653
2.327146
1.174708
1.428343
-267.817084
-0.142915
-1.037377
0.939819
-124.101038
0.592836
-0.418267
-0.043082
572.107265
1.444535
0.297694
0.011867
508.189788
0.740000
-0.551302
-0.501773
743.493504
2.010222
0.419430
-0.067264
431.437916
3.495735
2.052888
0.514047
-64.871296
3.339955
2.301113
0.780000
-0.967221
1.973434
0.973354
0.679667
143.304829
-0.074053
-1.316077
-0.776664
642.229924
2.881430
1.194952
0.953577
-134.968369
-0.073959
-1.398343
0.852302
-74.467503
2.222952
0.884505
0.368514
209.880898
1.367184
0.065134
0.450841
324.295061
-1.402191
-2.540512
1.071582
-149.343748
2.486531
1.104331
0.519436
69.336727
2.076540
0.673954
0.108502
482.367018
0.855107
-0.648714
0.249031
320.713874
-0.195538
-1.398081
0.216333
356.595984
-0.467510
-2.019691
0.326158
474.282886
-0.917947
-2.108747
0.708487
252.158662
-0.808123
-2.050922
-0.476158
643.028966
1.630623
0.458008
-0.111293
582.024405
3.263374
1.656887
0.459506
235.381869
-0.240273
-1.567559
1.143699
-135.789174
-0.716043
-1.899821
-0.044465
386.403563
1.976962
1.076292
0.710470
135.281870
0.960849
-0.905442
0.481875
192.589854
1.664504
0.646933
1.180850
67.519072
0.345790
-0.926889
0.017762
482.705965
1.333420
-0.059998
0.017975
406.046513
0.260524
-1.211748
1.292750
-85.465315
-0.613136
-1.640825
0.185461
370.125737
1.613380
0.205203
-0.393734
523.767362
1.383999
-0.117546
0.869808
83.288777
0.911641
-0.026120
0.318912
274.896692
1.538582
0.464093
1.032317
-87.394500
1.764656
0.403147
0.298942
360.244449
0.753663
-0.678632
0.656618
-72.376376
2.141901
0.767154
0.534883
127.858405
1.196757
-0.047994
0.863748
-13.144787
0.252024
-0.969400
0.259329
276.409183
0.366390
-1.045924
0.844818
-40.439747
1.838417
0.551675
0.068573
469.840803
0.943771
-0.512727
0.341187
304.696534
3.435820
1.921678
0.347874
429.225145
2.594549
0.900855
0.431426
141.282761
2.258557
1.261915
-0.404965
829.718007
0.495034
-0.858319
1.811309
-570.296451
0.127337
-0.884034
0.851665
-56.099820
0.157882
-0.987328
-0.505178
756.387889
1.588817
0.270352
0.885758
66.897572
-0.188456
-1.276611
0.084543
449.115455
-1.652466
-3.059725
0.594546
115.118273
1.489552
-0.003153
1.436179
-362.346767
2.323836
0.852312
0.671537
141.041083
-1.687821
-2.929526
-0.089045
539.598289
0.464802
-0.810282
-0.108268
537.175157
1.664345
0.229029
0.293015
305.774744
2.460132
0.896253
1.767020
-339.079570
-1.474862
-2.464233
-0.164314
582.129930
1.412207
0.294795
0.638966
182.372868
0.591089
-0.635723
0.337360
353.858431
-0.280918
-1.413122
0.656187
57.608329
1.297102
0.217850
0.239340
455.450404
0.746284
-0.702105
-0.180246
571.813870
1.163641
-0.478220
0.250068
414.006090
0.463018
-0.806613
0.335480
336.414590
1.792293
0.393435
-0.110239
460.825903
-0.512524
-1.778571
0.562377
228.234485
0.097683
-1.049068
0.380278
245.542675
1.191750
-0.084719
-0.250029
688.780221
0.526896
-1.043954
-0.150088
559.111350
0.539599
-0.761451
0.446813
209.976070
-0.155438
-1.746400
-0.258379
706.555761
-0.358349
-1.328207
0.167971
354.710005
0.228156
-0.939285
-0.061161
381.177864
2.717287
1.211168
0.560490
330.008193
-0.113415
-1.358682
0.318012
225.953794
-0.154403
-1.338870
0.090750
418.933996
1.420385
0.148781
0.277494
321.517996
0.537646
-1.101581
1.179446
-216.655387
-0.870327
-2.279020
0.103466
385.185676
1.534212
0.284318
0.705966
178.753124
0.622294
-0.671541
0.587103
140.863675
2.635418
0.978305
1.224582
-256.240311
0.172392
-0.806338
0.458263
354.187579
-1.623806
-3.005206
1.122157
-47.582146
0.464902
-0.901795
0.382077
171.518979
2.242941
0.820199
0.934960
201.953449
-1.828548
-2.886216
0.039739
309.994538
2.920903
1.397459
-0.250587
522.504728
0.141585
-1.212656
0.279044
282.453899
1.029331
-0.237329
-0.117092
513.435651
2.088636
0.640338
0.841458
62.343813
1.600050
-0.005491
0.326650
452.570694
-0.215338
-1.446697
-0.028929
518.738574
0.635166
-0.654565
0.646006
93.459020
0.189315
-0.921919
0.645826
348.142435
0.332619
-0.882620
0.439326
243.481385
1.356692
0.115210
-0.603682
738.909307
0.587487
-0.616841
