0.048581
8.116269
0.025180
-0.043571
0.043535
-11.946352
0.087789
-0.065006
0.023835
-7.530876
-0.082823
-0.063870
-0.006576
5.339445
-0.028709
-0.045813
-0.009912
10.296106
-0.012818
-0.064366
0.016441
-4.967045
-0.099529
-0.064006
0.013585
-7.624108
-0.001359
-0.043348
0.055534
-7.290674
0.086260
-0.045303
0.034891
-5.222234
0.052461
-0.023351
0.026597
-6.066035
0.056912
-0.034487
0.002788
2.058152
0.151048
0.003024
0.003776
1.264268
-0.034952
-0.046236
0.011292
-4.639630
0.026534
-0.026464
-0.005760
4.386176
-0.027670
-0.038383
0.038044
6.682635
0.040206
-0.040570
0.042178
-4.298273
-0.077304
-0.050191
0.028513
-4.883108
0.091452
-0.028891
0.030007
-12.816849
-0.007267
-0.038384
0.004673
1.542822
0.042912
-0.041652
0.001739
-5.340441
0.039299
0.015172
0.018508
-9.380301
-0.004179
-0.041379
0.018257
5.208697
0.069638
-0.015153
0.027363
3.615538
0.010907
-0.041271
0.028341
-0.510926
0.026607
-0.080968
0.018596
0.117604
-0.107241
-0.061652
0.007375
1.447118
-0.064071
-0.069486
-0.021650
14.727824
0.108209
-0.031095
0.018434
-11.745528
-0.154455
-0.014938
-0.004575
10.398477
0.012705
-0.027245
0.029822
-0.637214
-0.119298
-0.059243
0.031196
-11.258844
0.072659
-0.041818
0.023077
-8.581747
-0.053349
-0.017222
-0.015493
8.527931
0.017207
-0.030343
0.010533
-7.747378
-0.109813
-0.032318
0.007629
-6.465922
-0.031752
-0.020191
0.029202
-0.829519
-0.065973
-0.076951
0.017378
-3.668613
-0.082234
-0.011937
0.017443
-1.495844
0.091217
-0.015170
0.013667
-6.225685
0.018244
-0.019007
0.022113
-4.112884
-0.122242
-0.081555
0.000554
2.990421
0.075334
-0.031760
0.015240
-8.406474
-0.048373
-0.052859
0.052473
-11.823427
0.084924
-0.033016
0.012149
0.693244
0.070726
0.033713
0.003705
7.629344
-0.041422
-0.081542
0.019318
-6.278464
-0.104704
-0.056968
-0.017757
10.018600
0.067193
0.005190
-0.002182
4.011656
-0.100065
-0.089020
0.023325
-11.788941
-0.033971
-0.032643
0.020191
3.633001
0.057917
-0.044024
0.001715
17.507202
-0.042552
-0.029081
0.033835
-9.961686
0.028023
-0.063696
-0.008607
9.540290
-0.037348
-0.078370
0.004897
4.495741
-0.081615
-0.043179
-0.012604
5.102654
-0.010239
-0.016363
-0.000434
2.276434
-0.050832
-0.058910
0.051882
6.668201
0.049115
-0.042993
0.032501
-3.902164
0.057929
-0.023564
0.028160
1.062238
-0.009493
-0.052479
0.032573
-6.417422
-0.155699
-0.045995
0.006529
0.448533
-0.189954
-0.064931
-0.018469
10.167866
-0.031273
-0.029709
0.008480
-6.477587
0.063299
-0.021039
0.055486
-6.402498
0.098325
-0.044021
0.024310
-1.697560
0.024606
-0.006079
0.016678
-5.341062
0.059033
-0.061960
0.008372
-2.845244
0.025797
-0.048790
0.031974
-8.596997
-0.085922
-0.083756
0.022975
-6.419191
-0.025658
-0.073511
-0.003430
5.627414
-0.131895
-0.063215
0.038078
6.070539
0.041802
-0.041421
0.028218
-3.765829
0.051723
-0.035480
0.010797
5.503360
-0.034770
-0.076587
0.018192
-7.297316
0.007908
-0.047465
0.020541
-12.229236
-0.002301
0.012099
0.006012
1.155128
-0.036702
-0.033192
0.002659
-1.900721
0.029292
-0.024279
0.017180
5.473996
0.075085
-0.015728
0.011362
5.480478
0.036886
0.002408
0.017533
-0.592675
0.033230
-0.053406
0.008472
0.239227
-0.096101
-0.057864
0.013227
-4.842311
-0.106360
-0.067243
-0.027297
15.535176
-0.112586
-0.075067
0.004621
-3.689204
0.062343
-0.032661
-0.002488
9.215620
0.021854
-0.021844
0.005043
6.570813
-0.007982
-0.025132
0.032860
-9.422389
0.089621
-0.037680
-0.003469
5.810598
-0.190486
-0.096004
0.004445
1.733236
0.109178
-0.017957
0.041054
-21.765863
-0.076855
-0.055224
0.021729
-12.774304
-0.021369
-0.046681
0.032158
-2.095052
-0.051567
-0.073299
0.022144
3.217404
0.062524
-0.048722
0.019710
3.712375
-0.005607
-0.061458
0.020180
-9.695458
0.055278
-0.016227
0.004079
-0.785250
-0.070094
-0.048935
-0.004292
4.068149
0.011518
-0.069607
-0.010940
6.953541
0.145989
-0.054057
0.052818
-11.820303
0.090757
-0.031729
0.042772
-10.248735
-0.027606
-0.001415
0.022764
2.388720
-0.067237
-0.074993
0.000915
-0.595433
0.000015
-0.041231
0.001695
-1.368818
-0.013926
-0.053144
0.002219
1.924387
0.037413
-0.059793
0.018023
-7.818671
-0.021404
-0.050432
0.019192
3.733436
0.055453
-0.041372
0.026749
-1.662452
0.011354
-0.025514
0.011813
0.660497
0.124304
-0.045657
0.018060
-4.346427
-0.075443
-0.082062
0.022665
-7.209322
0.117380
-0.061942
0.000751
-2.911119
0.075530
-0.007832
0.018372
-11.303650
-0.112644
-0.038403
0.051175
6.916548
0.050698
-0.040946
0.043078
-12.256985
0.088720
-0.064447
0.027729
-2.999810
-0.062506
-0.056284
0.002727
4.840754
-0.014262
-0.079668
0.020273
-4.448118
-0.000389
-0.038813
-0.002347
3.207902
0.039589
-0.045599
0.010174
-7.099460
-0.045422
-0.001135
0.055504
-6.190722
0.102393
-0.045008
0.033993
-4.831531
0.059612
-0.022405
0.011614
4.995497
-0.075793
-0.052599
-0.003876
8.707856
-0.043165
-0.031030
0.002153
0.975921
0.004983
-0.051623
0.013065
-3.200508
-0.117937
-0.070750
-0.002471
4.244955
0.072142
-0.059156
0.038847
6.001981
0.044969
-0.043236
0.041398
-4.318158
-0.080204
-0.051237
0.008850
1.440881
0.004309
-0.033899
0.014621
-3.150555
-0.000899
-0.026284
0.014529
-2.978052
0.001026
-0.061676
-0.002344
2.241220
0.085124
-0.033933
0.012199
-2.433800
-0.112505
-0.057397
0.018390
5.165877
0.086735
-0.013592
0.027495
3.263407
0.009168
-0.042318
0.044514
-8.029101
-0.012056
-0.055029
0.038314
-16.220224
-0.042666
-0.014196
0.015251
-2.940113
-0.043369
-0.028808
-0.002177
0.552601
-0.012544
-0.062755
-0.027100
15.916168
0.058324
-0.006390
-0.001449
8.550421
0.027786
-0.020435
0.031174
-1.443671
-0.112056
-0.060840
0.023626
-1.906982
0.051419
-0.034683
0.004720
2.692884
0.001970
-0.010789
0.002869
1.184027
-0.030585
-0.047055
0.007185
-2.465612
-0.018287
-0.022688
0.026923
-16.678701
-0.036392
-0.050488
0.031820
-1.566133
-0.059475
-0.072168
0.018581
-4.185062
-0.070284
-0.008106
0.033727
-6.585153
0.059945
-0.030737
0.006164
4.113237
-0.025615
-0.081197
-0.001639
4.674013
-0.019931
-0.025944
0.011740
-5.854978
0.000107
-0.059070
0.017717
-12.321625
-0.027070
-0.018365
0.053416
-12.101958
0.101277
-0.031811
0.013674
0.304185
0.067546
0.031220
0.031416
-7.585232
0.020361
-0.057502
0.027069
-7.777578
-0.008897
-0.057291
0.027322
-10.926799
-0.000230
-0.055753
0.018941
-10.754505
0.023433
-0.022893
0.003203
-1.699658
0.143666
-0.031140
0.020566
3.422312
0.058150
-0.039289
0.001049
17.143263
-0.046793
-0.028492
0.028244
-6.265885
-0.020019
-0.062605
0.022974
-7.662807
0.033205
-0.043134
0.030708
-12.862978
-0.034699
-0.087682
0.031240
-19.001298
0.077530
-0.021778
0.009277
-1.285891
-0.034237
-0.071610
0.050005
7.349911
0.043894
-0.040948
0.033589
-4.111275
0.061382
-0.023512
0.009352
3.066960
-0.102811
-0.032898
-0.000690
4.109575
-0.017755
-0.034258
0.019930
-6.159569
0.059226
-0.043594
-0.008394
8.266699
0.014328
-0.050070
0.025754
-12.764988
-0.026553
-0.041167
0.056192
-6.194009
0.102949
-0.042551
0.022740
-1.204449
0.027442
-0.004858
0.006092
3.164384
0.019818
-0.032685
0.021771
-1.125609
-0.017928
-0.096025
0.011107
-2.212315
0.054453
-0.072059
0.020131
-9.535301
-0.140026
-0.048000
0.003580
-0.073057
0.078461
-0.053105
0.039405
6.039955
0.044352
-0.048494
0.028416
-3.869132
0.054715
-0.035870
0.018303
-2.161415
0.172045
-0.038814
0.023180
-0.612496
0.017096
-0.026354
0.012111
-3.909355
-0.095229
-0.038326
0.012620
-1.984864
0.063782
-0.084337
0.001719
1.354341
0.031278
-0.052795
0.016257
6.108758
0.088141
-0.010463
0.013769
4.622849
0.037447
-0.001831
-0.000836
4.940653
-0.062030
-0.022396
0.016091
-1.290819
-0.106380
-0.051982
-0.004908
6.626834
0.089698
-0.065565
0.012991
-5.643062
-0.011344
-0.070244
0.016735
-7.813856
0.039235
-0.034932
0.000225
7.258521
0.028345
-0.021394
0.004922
5.535199
-0.006586
-0.026290
0.009940
6.189696
-0.063021
-0.063204
-0.000010
3.706913
0.053103
-0.021619
-0.008285
4.448803
-0.008696
-0.026097
-0.023668
11.443476
-0.008766
-0.037554
0.017802
-1.734955
0.014006
-0.050134
0.032583
-2.337877
-0.055836
-0.070834
0.021408
3.991829
0.057073
-0.050224
0.025878
-8.780608
-0.045897
-0.082458
-0.007563
5.085975
0.000035
-0.024686
0.013900
-1.599277
-0.037941
-0.053313
0.008889
-3.290227
-0.062346
-0.016709
0.024599
-15.572248
0.004604
-0.019965
0.052630
-11.512062
0.103984
-0.034264
0.043722
-10.994087
-0.027651
0.000338
-0.011303
16.264336
0.048153
-0.062479
0.028574
-3.795679
-0.024860
-0.092653
-0.001003
6.313049
-0.063869
-0.077396
0.025537
-12.881331
0.050123
-0.073770
0.009939
-5.307697
0.009567
-0.028864
0.020321
3.282384
0.056031
-0.037105
0.024659
-0.850121
0.003113
-0.021555
0.002268
11.968628
-0.037339
-0.076849
0.012941
-4.239660
-0.088433
-0.044897
0.020462
-8.807664
-0.047923
-0.023104
-0.006885
8.322922
0.090471
-0.058105
0.016840
-6.750385
-0.102246
-0.101611
0.050608
6.784480
0.045656
-0.039505
0.040617
-11.964726
0.095334
-0.064301
0.025368
-7.613216
-0.077857
-0.063444
0.005089
3.626969
-0.045297
-0.073964
0.019059
-7.236192
0.067439
-0.039612
-0.004492
4.076529
0.039739
-0.061557
0.003967
-4.057423
0.038453
-0.021169
0.057227
-6.478998
0.093133
-0.044789
0.033380
-4.793361
0.055657
-0.020898
0.024621
-5.455569
0.056425
-0.032841
0.008378
-1.428027
0.083425
-0.030302
0.012806
-5.082599
-0.006021
-0.013790
0.006609
1.473152
0.097869
-0.065053
-0.003075
-1.541311
0.000872
-0.000759
0.036351
6.550002
0.044888
-0.048224
0.041425
-4.243471
-0.078732
-0.050099
0.029048
-5.096190
0.093451
-0.026725
0.038873
-12.146771
-0.014172
-0.061163
0.004470
-0.794346
-0.057596
-0.046889
0.022813
-7.871276
-0.002607
-0.072395
-0.025021
9.582425
0.140893
0.002849
0.017082
5.941799
0.080918
-0.010544
0.025397
4.002479
0.013123
-0.039673
0.030787
-1.381955
0.026616
-0.087107
-0.010952
14.587282
0.084465
-0.032478
0.013173
-4.674726
-0.055286
-0.075225
0.017963
-7.182562
0.025503
-0.032988
0.007393
-2.392794
0.039621
-0.025264
0.000789
7.032420
0.030360
-0.022856
0.031553
-1.233664
-0.115292
-0.061073
0.031462
-10.926925
0.072215
-0.045467
0.010345
-1.801275
-0.071151
-0.063178
0.004135
-5.650639
-0.005729
0.009647
-0.007516
6.990352
-0.010633
-0.051181
-0.005674
0.946085
0.108187
-0.029342
0.032257
-1.905593
-0.054721
-0.071806
0.019266
-4.761853
-0.073471
-0.010217
0.016692
-1.069860
0.091024
-0.012631
0.008384
-0.807905
-0.040962
-0.058460
0.024938
-8.988803
-0.090264
-0.063719
-0.006696
5.794676
0.030420
-0.053629
0.008745
-6.846114
-0.032779
0.003155
0.052079
-10.555357
0.112790
-0.032857
0.014116
0.282906
0.068699
0.031722
0.002701
7.406338
-0.040322
-0.080137
0.017532
-3.831206
-0.048787
-0.054042
0.031110
-17.021146
-0.076830
-0.014870
-0.001380
1.469220
-0.051375
-0.022183
0.003384
-2.165682
0.030464
-0.033800
0.020574
2.859399
0.061745
-0.034416
0.001419
16.855920
-0.044322
-0.027815
0.035617
-10.659392
0.029734
-0.063792
0.011423
-4.217216
-0.042320
-0.036195
-0.016439
12.600684
0.045104
-0.041421
0.024275
-12.716357
-0.162894
-0.049397
0.006150
0.601992
0.041547
-0.066168
