543.073621
544.906856
540.665012
541.813652
543.110033
545.418059
545.338345
545.238999
544.029545
544.221009
545.641616
547.575875
544.433332
544.548993
546.185480
540.340941
541.574432
541.774862
540.288940
541.801811
542.680204
548.031899
546.369964
547.497374
542.292544
542.317093
545.522834
540.981491
541.439379
540.790573
541.012979
546.866902
541.492626
539.935917
540.088661
541.486939
542.189408
540.120783
540.521534
543.455303
543.566631
539.621847
541.389353
540.943694
539.126763
542.486101
544.667304
544.146310
540.208801
541.298384
540.102588
537.815227
538.811027
541.188738
540.314330
541.212852
538.311501
540.974251
539.004025
541.437552
542.278452
542.109447
546.143862
543.055953
541.158410
540.608624
542.135526
543.392845
539.122095
541.882324
543.184926
542.538333
543.148784
542.138161
542.049918
542.204406
543.638325
542.003758
540.557046
542.950861
539.015408
538.889764
539.211940
537.878019
543.288941
541.613018
538.719318
547.186310
542.513430
545.651211
539.273531
538.391717
541.256163
539.442430
541.557849
544.201367
543.304236
543.503532
542.198365
540.726467
535.947927
535.345139
541.775857
542.222356
541.837265
544.350224
544.080793
542.091271
539.947316
540.756939
541.500463
541.058782
543.098816
540.800062
543.652406
542.755339
542.285333
539.118567
542.212203
542.395361
539.118851
539.453161
544.185268
540.796984
543.037302
544.573563
544.582939
545.646763
542.323046
542.157263
540.905475
544.668645
542.389160
541.405591
542.177733
544.623403
544.899061
543.280146
537.735705
541.006227
541.942329
541.803508
541.195203
542.489129
538.805417
545.033335
543.572902
543.426051
543.161734
538.444782
540.519943
538.140485
537.169963
542.882256
543.847003
543.949587
537.382940
537.007168
537.844496
541.300808
541.706091
546.538088
539.987767
541.273376
537.991889
542.004794
544.098666
539.623345
543.035681
545.151107
540.245803
542.965585
546.620643
541.657427
543.463558
542.016236
541.476060
538.203703
542.554654
539.557289
540.980153
542.762300
539.135058
540.866160
542.894588
544.548319
541.947755
541.094760
540.607254
547.997629
546.539435
547.744379
543.065136
544.110629
541.325509
542.189932
541.022075
539.494702
537.197897
543.486292
543.010698
543.156414
543.611644
544.185519
540.868647
543.543018
544.557518
540.321688
540.228076
541.615204
541.368952
540.894814
539.142905
542.170595
540.686949
541.800301
544.917515
544.188015
542.485619
541.818125
541.055234
540.291154
539.780810
544.337551
545.114208
537.929769
539.329999
541.803018
541.264652
542.917670
542.239435
543.133094
540.768527
540.346020
544.458820
542.977540
541.555213
540.321991
537.854402
540.141072
542.301486
542.058967
541.383932
543.170861
543.054794
541.644819
542.235215
544.315679
542.041962
544.864681
544.818012
544.378038
543.319548
541.367669
539.078819
540.291718
539.169394
538.014436
541.523320
542.573293
541.995031
543.450627
546.981301
540.198758
540.737026
538.644823
538.574793
541.095579
542.541627
540.759045
541.276455
543.027541
541.364909
544.371157
544.089980
541.737903
540.243548
541.126490
540.204372
544.218239
543.807114
543.969014
542.051100
544.603871
545.347784
538.836168
538.577493
537.736110
540.643201
539.372755
540.682947
542.775631
542.622702
539.775882
544.806413
545.711491
542.684419
542.111529
545.327870
541.318335
542.910131
541.957214
537.693003
543.230476
545.292140
542.048714
541.966585
539.627074
539.675005
542.986428
541.454844
545.004198
538.965847
541.165985
543.284092
543.481287
543.234348
538.484717
542.633963
544.634004
541.246559
539.472005
537.803931
539.895484
541.578881
542.195885
542.718716
541.267815
540.311991
537.259037
540.837266
544.128436
540.765861
540.354699
538.208583
537.216558
542.820402
544.626111
540.370407
541.862971
543.218537
545.769950
539.410484
541.795041
542.890732
539.775765
540.047534
539.379701
539.113028
538.659424
538.085362
540.217194
542.898075
541.976871
543.188494
542.411564
543.493700
548.231453
546.384280
547.657705
542.317956
542.130640
545.367187
539.616606
543.239090
543.023078
541.135957
539.658451
540.721729
542.370325
541.171821
542.271443
540.354403
543.760076
542.151534
542.775607
541.309756
540.559978
541.363934
541.020120
539.472457
542.629350
544.662673
544.102903
542.750723
544.081391
543.559020
543.005574
543.856785
546.623403
541.596469
543.527026
540.318185
542.839297
540.629785
541.039172
540.701541
542.595178
543.977958
543.189204
541.062994
540.324770
542.393471
543.575897
539.027564
541.058362
541.993198
541.862423
540.731438
542.344412
542.424604
543.218264
540.065909
540.729525
540.258208
539.803041
537.382262
541.132737
540.555957
546.679274
543.010162
541.109056
539.065402
547.106272
542.824076
545.990292
540.836322
542.626227
543.826062
539.142711
542.401601
542.901633
541.801984
543.851230
540.017675
539.552521
540.834159
540.656874
540.161918
539.161447
539.915336
544.393972
544.144125
541.502489
539.950401
540.766219
541.908642
542.843623
544.548769
540.497026
538.244699
541.277633
542.381949
540.534363
541.503602
543.864697
540.755892
540.852808
540.221061
541.273434
541.339829
540.422114
544.951582
546.042388
543.015493
542.151412
540.732108
544.782855
542.447465
541.087672
539.684719
542.344582
543.437795
542.714951
538.522555
540.109492
538.669321
543.850898
540.793153
540.568232
536.780140
538.495063
542.088084
543.729397
543.027889
538.783826
540.798544
538.466567
536.778906
542.305810
542.700386
543.493751
541.363621
539.825411
539.163720
542.034085
542.974231
541.281001
540.215383
540.868956
537.451824
542.293620
541.118621
542.368999
543.028633
544.732605
540.549542
543.071061
546.433617
541.923340
539.059613
540.318754
540.126151
541.674769
542.523907
543.091742
537.333727
540.321323
539.470564
538.888747
538.801380
537.516879
536.272732
538.999112
542.085041
548.432331
546.408896
547.630252
542.936016
543.987732
541.430595
539.906038
542.898188
541.232830
545.254323
542.686599
541.505801
540.133345
540.993653
545.655282
540.447245
542.985367
544.243011
542.616545
543.535221
542.036387
541.561479
540.976777
539.607953
542.194607
540.911572
542.083234
541.294235
542.689657
541.258569
539.735248
541.793566
541.982805
542.405722
544.038705
542.432579
541.755036
542.809203
539.555945
543.820764
541.545654
536.492331
543.259728
540.820107
540.375325
544.182272
543.161039
541.634715
539.790623
542.244829
540.828586
537.236265
539.265444
540.843195
542.579505
540.790853
543.079084
540.435072
539.868887
535.492894
538.610439
540.015865
541.600281
543.108533
541.024499
538.918116
540.403133
539.088691
537.928879
540.213480
541.677652
546.419875
542.809952
542.298570
539.799938
540.441011
541.675235
541.098071
540.501907
541.545032
546.339461
537.550812
538.000469
538.231205
544.510130
544.220660
541.463657
540.253499
541.137648
540.720805
538.553877
541.023973
538.943692
543.404105
543.628031
545.208596
539.515898
542.305864
540.993570
540.544259
539.562294
539.042976
542.844737
542.413778
540.819454
544.946710
545.905142
543.170419
542.269995
545.573672
541.515634
540.980143
541.865984
541.740330
540.963143
539.687891
542.123828
541.308685
540.401156
544.580064
536.454365
540.314466
541.901322
541.410289
542.974598
541.730925
543.635109
542.896181
538.681857
542.945258
544.620508
541.325131
540.063437
541.802429
539.842732
543.176346
543.315872
543.086357
542.493763
540.848661
542.899545
535.610150
539.646790
540.133126
540.091079
546.298241
546.008673
543.145444
544.765707
540.771847
542.275224
543.738447
546.202613
545.480682
545.161366
543.833131
541.938075
543.161760
537.263470
539.817710
542.468599
542.368112
537.309341
538.896571
542.076021
538.276877
540.586392
542.643430
548.370050
546.404809
547.401595
542.361905
542.234583
545.426434
541.271662
541.519423
540.507244
538.023823
539.703342
539.329793
543.368905
543.829684
541.642989
542.088379
540.624402
543.549452
538.993141
539.283094
539.582362
541.432864
540.898663
539.407648
542.228999
544.413709
543.891889
540.081563
541.367829
540.029510
544.176511
544.083903
542.388305
544.712693
545.288816
542.066705
540.783655
543.648577
539.500178
540.456192
541.648961
542.964657
543.513371
540.989303
540.228482
542.112099
543.421698
539.202545
541.797438
543.043563
542.495364
541.079476
543.531247
544.668113
541.599711
542.892735
540.862596
541.032193
541.590763
539.920923
538.975558
542.646440
540.460290
542.986992
540.911223
538.967232
547.221700
542.901320
546.023842
538.973509
538.343559
541.512725
539.799428
540.729088
539.435241
540.035683
540.110505
541.831128
540.719960
541.315906
542.501601
538.342847
542.444250
546.425933
544.649838
544.168007
541.949439
539.973167
541.086450
541.949706
541.290405
543.273379
540.934662
542.361197
542.329629
538.821801
540.597232
537.950466
539.259789
539.937837
542.226450
542.851172
540.939173
540.986232
542.572141
545.243154
546.048213
543.072136
542.139665
541.027301
544.853151
542.178446
541.301016
542.209623
538.931325
542.575883
543.650688
540.926470
542.753766
542.523632
539.101363
541.811430
544.988042
542.248629
540.583993
537.304754
543.773271
542.758233
538.917168
540.771099
538.300094
536.372306
542.887366
543.810796
543.876220
541.894608
544.760525
542.351460
540.637968
545.229661
544.073791
541.010498
544.873825
545.728590
542.620247
544.827423
542.516248
