0.036306
33.090294
-0.017175
-0.227157
0.002281
30.273340
0.092486
-0.017083
0.038594
38.500849
-0.253376
-0.159928
-0.003056
33.172176
0.084862
-0.015521
0.039608
38.452225
-0.250720
-0.155992
-13292.808639
46747089.688225
283694.053616
59.882612
0.082793
7.432210
-0.064645
0.006164
-13381.913051
47060545.860091
285595.934537
60.164402
0.077239
7.607057
-0.075837
0.002660
-227.025585
1113510.519062
1467.997035
122.313725
0.053728
35.511369
0.020954
-0.239428
-229.375542
1125789.252611
1488.733773
123.504938
0.053586
34.301534
0.021274
-0.232120
0.011354
28.507994
0.078884
-0.017146
0.053305
40.179355
-0.248182
-0.146336
0.008105
31.712873
0.080490
-0.017795
0.057836
38.794478
-0.244510
-0.146329
-13671.472452
48079271.441915
291775.700959
61.119965
0.087972
4.814579
-0.038130
0.030026
-13760.567874
48392725.863720
293676.305555
61.425100
0.095345
3.596817
-0.039852
0.023232
-237.026072
1165718.286554
1557.320217
127.447612
0.061689
33.025713
0.021042
-0.230825
-239.381209
1178009.375473
1580.957670
128.717190
0.067200
33.838155
0.027772
-0.234105
0.006030
31.323946
0.103441
-0.002900
0.054038
36.210277
-0.200331
-0.146442
0.005408
30.189993
0.105323
0.001025
0.055227
36.886669
-0.192211
-0.147746
-14050.132486
49411454.876715
299858.004529
62.348019
0.088315
6.968811
-0.023253
0.020738
-14139.228961
49724911.051149
301759.929183
62.668863
0.081829
8.333604
-0.001869
0.038319
-247.024684
1217943.082788
1648.018042
132.644704
0.060936
28.039638
0.062723
-0.236214
-249.377683
1230229.173335
1666.291735
133.831382
0.061541
29.398135
0.025622
-0.234692
0.007645
31.034375
0.064366
-0.009258
0.048047
34.267526
-0.232048
-0.131992
0.009456
30.779070
0.073090
-0.001923
0.053462
32.818828
-0.211009
-0.125878
-14428.791417
50743632.322001
307939.861350
63.578317
0.065853
11.152497
-0.001767
0.032880
-14517.880772
51057084.134344
309841.244536
63.879404
0.084040
6.852999
-0.008049
0.030569
-257.003825
1270145.483492
1737.164059
137.823009
0.051650
32.306195
0.046304
-0.208131
-259.359719
1282430.666620
1761.791427
139.014973
0.059326
28.753599
0.015776
-0.208946
0.012176
25.768386
0.074279
0.014859
0.037243
39.778685
-0.262738
-0.142913
0.016027
24.728437
0.105479
0.009984
0.030314
41.094322
-0.149201
-0.121448
-14807.444811
52075809.568299
316021.643188
64.837225
0.093797
6.169588
-0.037334
0.020737
-14896.540121
52389264.288582
317926.324006
65.131988
0.092107
5.122547
-0.029501
0.025839
-267.006414
1322354.368734
1822.927822
143.073174
0.062239
24.847943
0.070715
-0.189720
-269.358349
1334639.021208
1842.574112
144.315558
0.068665
22.682840
0.055305
-0.190827
0.014409
25.012453
0.097295
0.014311
0.024625
44.392750
-0.100633
-0.117380
0.014275
25.147631
0.124089
0.019392
0.031826
40.802167
-0.069717
-0.130340
-15186.100581
53407988.027901
324106.643321
66.051288
0.091862
3.656026
0.009096
0.032346
-15275.197189
53721441.427864
326011.378109
66.351801
0.093965
2.997794
0.020966
0.031034
-276.998636
1374570.024247
1900.175530
148.373050
0.079510
18.433996
0.082037
-0.185518
-279.346555
1386859.395443
1920.037918
149.682169
0.082218
17.356725
0.071688
-0.178893
0.011923
22.268032
0.116720
0.010986
0.033631
44.604811
-0.059366
-0.138052
0.008730
23.691060
0.051874
0.011952
0.032926
45.107940
-0.045664
-0.127273
-15564.769367
54740170.195673
332193.530212
67.267501
0.089164
4.468071
0.013982
0.024131
-15653.867789
55053622.973016
334095.411354
67.533949
0.091520
-1.026348
0.002267
0.031765
-286.983274
1426774.180257
1983.093405
153.659705
0.080824
18.026683
0.097460
-0.168400
-289.333373
1439056.943160
2006.114742
154.886959
0.081034
16.544548
0.105228
-0.164426
0.012723
23.781771
0.042671
-0.007295
0.017458
45.793614
-0.048786
-0.124157
0.017280
23.287921
0.051325
-0.001996
0.017892
44.949575
-0.046389
-0.118782
-15942.784227
56072350.166636
340277.086230
68.448311
0.096973
2.453552
0.054303
0.046163
-16031.880889
56385804.866598
342178.975770
68.727686
0.100330
1.832609
0.053337
0.042140
-296.978385
1478985.605407
2077.383399
158.841349
0.091484
11.928420
0.136970
-0.146767
-299.325838
1491270.736075
2088.609280
160.063192
0.085899
14.162144
0.134118
-0.144240
0.015412
24.116420
0.065047
-0.005809
0.011803
46.189825
-0.058634
-0.096010
0.021643
21.299740
0.072914
-0.001060
0.010474
47.191547
-0.074329
-0.103518
-16321.443235
57404526.536103
348360.062420
69.609968
0.107022
-3.880609
0.116846
0.073924
-16410.542734
57717984.110774
350262.174954
69.874663
0.106951
-3.510766
0.128213
0.076975
-306.962047
1531192.670411
2146.176071
164.008576
0.089476
12.783225
0.194384
-0.123750
-309.315462
1543479.412103
2162.008088
165.252849
0.078215
15.093703
0.185402
-0.131925
0.023859
21.652384
0.073931
-0.006195
-0.014621
53.306452
-0.113950
-0.111999
0.029981
19.473682
0.083909
0.002811
-0.010622
50.746097
-0.137314
-0.116338
-0.013372
34.198949
0.294647
0.145592
0.109393
-5.127993
0.096474
0.069037
-0.005313
31.158287
0.253517
0.112630
0.105888
-2.476178
0.087011
0.070140
-316.923326
1583408.414364
2227.903774
169.152484
0.077977
14.502246
0.218334
-0.132994
-319.276449
1595694.103092
2246.195877
170.382316
0.084225
13.196987
0.197146
-0.142568
0.017219
21.248364
-0.028651
-0.005963
-0.014046
51.744449
-0.133103
-0.122096
0.029350
19.120329
-0.043177
-0.009892
-0.015287
52.456198
-0.143937
-0.121814
0.001890
25.000124
0.260732
0.128600
0.124083
1.557129
0.053088
0.035750
-0.001920
28.498547
0.247662
0.103989
0.128396
-1.155387
0.058914
0.036210
-326.937229
1635624.251289
2305.043396
174.472464
0.093993
15.973294
0.217793
-0.139354
-329.281262
1647908.669629
2323.955661
175.707529
0.094232
17.019425
0.234241
-0.143721
0.029387
20.128309
0.044201
0.015347
-0.021227
52.630934
-0.146549
-0.118106
0.026364
19.451666
0.018111
0.013504
-0.017029
50.965556
-0.146393
-0.095989
-0.012934
31.239492
0.274150
0.114377
0.072490
-1.605343
0.086463
0.024697
-0.007732
30.599276
0.283497
0.110553
0.084370
-3.633003
0.091717
0.032413
-336.925364
1687818.710391
2384.112671
179.770561
0.094459
18.976405
0.289057
-0.116322
-339.275189
1700100.885535
2395.343819
181.014548
0.089956
19.905917
0.272459
-0.130445
0.011939
25.847618
0.017458
0.013401
-0.014218
48.373556
-0.161988
-0.112903
0.007848
27.509469
0.022981
0.007829
-0.012542
46.974269
-0.158090
-0.108281
-0.011325
31.731785
0.284214
0.103431
0.083551
-6.213411
0.079256
0.025351
-0.005245
31.057901
0.315548
0.103734
0.100661
-4.138935
0.122016
0.037528
-346.914163
1740035.007343
2465.646790
185.116164
0.080994
22.313641
0.274162
-0.119297
-349.268523
1752330.210767
2485.469466
186.314699
0.084930
20.780822
0.229298
-0.116135
0.020134
30.618114
0.006712
0.004928
-0.022277
48.456049
-0.180418
-0.109714
0.019178
30.366604
0.001467
-0.000615
