-0.253705
0.796298
0.547932
0.038330
-0.329693
1.619096
-0.479842
-0.640537
0.155596
-0.017529
1.206743
0.204021
-0.340117
1.635981
-0.571302
-0.619803
0.211210
-0.227293
1.117906
0.159166
-0.117718
0.227349
-1.685296
0.113320
-0.166598
0.391979
-0.198995
-0.090038
-0.041592
0.163010
-1.767099
0.008662
-0.128121
0.174640
-0.383759
-0.207546
0.178851
-0.633856
-0.034763
0.137282
-0.133804
0.627166
0.568896
0.240427
0.034793
-0.207072
0.754392
0.266105
-0.155114
0.299794
0.389144
0.312821
-0.131203
1.423886
-0.304431
-0.623552
0.200061
-0.396460
1.512650
0.273820
-0.025391
1.158984
-0.086337
-0.456759
0.141545
-0.399969
1.271080
0.147800
-0.041819
0.013325
-1.538390
0.095555
-0.253666
0.443405
-0.106332
-0.111459
-0.078381
0.208935
-1.688060
0.129975
-0.244314
0.600456
0.031960
-0.109426
0.164250
-0.760779
1.824217
0.193387
-0.144646
0.318207
0.508956
0.299328
0.146771
-0.452142
1.890666
0.128543
-0.122097
0.040907
0.417569
0.317815
-0.071076
1.288123
-0.380878
-0.365999
0.166328
-0.393876
0.572978
0.233668
-0.034486
1.403324
-0.153394
-0.262050
0.245484
0.047117
0.548607
0.098829
-0.109413
-0.439987
-1.891029
-0.066764
-0.350586
0.727191
0.038547
-0.219877
-0.115975
-0.601857
-1.948363
-0.068907
-0.373000
0.828600
0.227467
-0.206798
0.055624
0.095226
1.961574
0.237543
-0.075256
-0.001087
0.194963
0.163249
0.067850
0.802345
1.340518
0.115679
-0.090366
0.134652
0.291564
0.252442
-0.017238
1.445209
-0.235096
-0.328161
0.122188
0.347867
0.643378
0.209420
0.013826
1.320676
-0.122162
-0.239400
0.163151
0.146924
0.185962
-0.009967
-0.068452
-0.093438
-2.146708
-0.069509
-0.274613
0.272404
-0.486703
-0.311152
-0.158745
0.011647
-2.133430
0.186576
-0.316392
0.515324
-0.491743
-0.347793
-0.012598
0.533440
0.989973
-0.030623
-0.215735
0.937992
-0.073240
-0.051296
0.022937
0.327027
0.560008
-0.071929
-0.210786
0.858089
-0.013720
0.012424
0.286755
0.789546
-0.709879
-0.426935
0.093872
-0.096650
0.343147
0.089776
0.348547
0.777301
-0.469575
-0.335967
0.053633
-0.164372
0.552661
0.141393
-0.125367
-0.292302
-1.864175
0.261896
-0.287415
0.389157
-0.111244
-0.237314
-0.193431
0.214450
-1.824113
0.172512
-0.204787
0.166720
-0.013794
-0.194795
-0.048859
0.612531
1.478148
0.083525
-0.181261
0.758302
0.036182
-0.001629
-0.055807
0.826462
1.719687
0.276216
-0.010696
0.299688
0.076669
-0.045013
0.329716
0.897363
-0.389604
-0.333457
-0.009961
0.196587
0.349103
0.108226
0.254831
1.172605
-0.253915
-0.284744
0.056826
0.141642
0.190454
-0.031009
-0.153611
0.271179
-1.610056
0.128589
-0.141827
0.396520
0.014568
-0.190023
-0.161295
0.552687
0.355204
0.014940
-0.146623
0.010879
0.030963
-0.311223
0.017696
0.299662
1.743994
0.236661
-0.010995
0.250848
-0.081851
0.020367
0.021711
0.228260
1.949141
0.282296
0.000358
0.353832
-0.074548
-0.075352
0.224961
1.718919
-0.295232
-0.183492
0.312500
0.006918
-0.449574
-0.156411
0.154422
1.501138
-0.244117
-0.238402
0.219839
-0.068866
-0.443456
-0.121102
-0.157981
0.117111
0.580299
0.122564
-0.321514
0.431857
0.085209
-0.216326
-0.127908
0.062636
0.631721
0.158821
-0.331122
0.482533
-0.018804
-0.332267
-0.056567
0.953381
0.763369
0.261999
-0.140356
1.178298
-0.220713
-0.252450
-0.081970
0.681356
0.782195
0.297479
-0.128047
1.174204
-0.216226
-0.258535
-0.022083
1.589547
-0.352427
-0.014438
0.249660
0.082164
-0.696084
-0.187760
-0.014167
1.612500
-0.207092
0.042882
0.255505
-0.159953
-0.658902
-0.132363
-0.142737
0.240965
0.367288
0.234493
-0.272618
0.049734
0.300042
-0.195607
-0.054371
0.357046
0.360289
0.241111
-0.285835
0.083000
0.207800
-0.257399
-0.097785
0.505436
0.896068
0.456084
-0.139772
1.030381
-0.465999
-0.386323
-0.061043
0.353274
0.856733
0.419273
-0.187861
1.153198
-0.391034
-0.380760
0.036108
0.975333
-0.014973
-0.071425
-0.023550
-0.191845
-0.478851
-0.382953
-0.123783
1.373193
0.014419
0.025798
-0.061029
-0.046244
-0.210301
-0.356813
-0.075660
0.191320
0.405644
0.307730
-0.130118
-0.173283
0.145881
-0.264460
-0.223445
0.591901
0.419495
0.409449
-0.102023
-0.151175
0.177792
-0.326243
0.074046
-0.497872
0.912194
0.347614
-0.193622
1.073525
-0.315256
-0.265066
0.070020
-0.357217
1.043338
0.338279
-0.223057
1.105337
-0.292254
-0.230061
-0.034136
1.119765
-0.120349
-0.036433
-0.182994
0.290510
-0.077230
-0.300194
-0.219452
1.174724
0.029108
0.016288
-0.110082
-0.106843
-0.061055
-0.212832
0.015925
-0.078024
0.033583
0.189162
-0.175161
0.161776
0.234404
-0.321200
0.096502
-0.168973
-0.373997
0.119084
-0.204230
0.262645
0.306228
-0.269675
0.087651
-0.263110
1.635215
0.355785
-0.218067
1.155183
-0.334799
-0.200717
0.080251
-0.154901
1.463958
0.383549
-0.219160
1.336332
-0.326533
-0.203620
-0.190107
1.141712
0.740804
-0.021162
0.023731
0.266111
-0.081414
-0.498581
-0.182552
1.171714
0.524742
0.041220
0.040203
0.300742
0.337205
-0.309403
0.125658
-0.356849
-0.137701
-0.030712
-0.253623
0.515948
0.099332
-0.358638
0.097430
-0.289294
-0.135260
-0.002541
-0.209182
0.433868
0.188893
-0.383683
0.140529
-0.443791
1.501817
0.284227
-0.325361
1.910941
-0.353514
-0.134504
0.061383
0.083262
1.361442
0.243180
-0.316768
1.739510
-0.030797
-0.151567
-0.162917
1.074317
1.142608
0.306560
0.073356
0.134411
-1.081506
-0.324464
-0.099545
0.755275
0.886405
0.124554
-0.020486
0.414391
-1.024028
-0.308469
0.189321
-0.374173
-0.141484
0.085935
-0.181950
0.411555
0.280068
-0.269350
0.235043
-0.518086
-0.075989
0.041066
-0.164747
0.462311
0.092183
-0.303275
-0.037213
0.454827
0.910067
0.132946
-0.341934
1.863862
-0.242628
-0.145564
-0.033966
0.541096
0.894230
0.160491
-0.317219
1.741292
-0.300926
-0.096727
0.032369
-0.291327
0.864866
0.566914
0.000175
0.136409
-1.099687
-0.332856
-0.071212
0.005225
0.869325
0.381447
0.030060
-0.003190
-0.995218
-0.258178
0.145656
-0.047993
-0.203447
-0.021212
-0.001477
0.401052
-0.204551
-0.433608
0.146866
0.008671
-0.293011
-0.041875
-0.055491
0.672334
-0.423845
-0.457437
-0.026128
0.211358
0.614405
-0.106239
-0.360898
1.964342
-0.548376
-0.072966
-0.010970
0.224994
0.825264
-0.092887
-0.486408
1.710682
-0.781028
-0.141967
-0.085002
0.150496
0.952191
0.326273
0.113277
-0.165375
-1.185225
-0.246288
-0.021525
-0.137461
1.132056
0.270557
