539.782129
543.836677
532.521489
531.948297
540.940022
539.462880
542.534330
543.959732
544.749455
543.109739
544.098143
533.377415
541.556248
544.922430
542.598271
542.435896
539.343781
539.056281
537.608066
537.534790
539.550799
547.228042
545.995532
539.309148
542.100871
544.893635
553.090410
535.692089
530.356308
539.003614
544.540702
547.139821
544.161488
548.369853
542.942055
533.253669
538.589863
544.854101
547.115192
544.901261
545.744401
541.856270
540.966221
540.102286
536.466204
541.728176
544.537813
545.352013
537.996766
547.124898
552.525969
540.292774
536.284250
539.564928
535.180129
529.918718
522.933490
536.276580
541.565207
529.914973
543.205648
541.357094
548.244111
542.188820
538.036004
543.020516
545.267030
542.877703
552.907837
542.008502
545.372255
541.350978
539.301828
542.210939
531.638040
549.425206
549.903498
541.589503
549.703350
547.567852
542.894373
544.130225
544.438817
534.454826
542.815411
537.356280
544.920072
549.250281
539.939351
536.103337
538.623106
538.331311
540.211224
542.144588
543.892146
542.064896
541.285998
536.149202
540.282850
536.018606
530.710646
538.831320
544.554063
546.780781
547.047371
540.377708
541.359784
535.837228
539.450194
545.861257
547.281859
542.483979
541.314278
543.015107
546.116306
544.053460
540.963730
540.710668
543.913708
544.422133
546.216112
543.770671
543.307232
536.179375
540.951637
532.760721
534.746271
530.076097
522.416402
537.261691
538.103152
541.307391
542.391399
539.921166
544.013590
542.816332
539.180324
542.893461
542.900423
546.344479
539.470472
542.002674
540.884660
545.623527
538.966471
542.062114
531.640054
531.531969
540.512165
539.232312
537.826742
538.298478
542.078225
544.053926
544.236137
534.073301
541.382517
544.666857
542.875312
546.311825
540.328007
544.383980
538.215892
538.060366
540.515122
547.300785
546.397036
539.439621
548.903882
554.322333
548.504121
536.003959
530.864591
539.556541
544.131879
546.547785
544.935580
546.526087
549.289443
534.831255
538.920383
545.183320
546.358901
544.968929
545.425096
542.141747
552.053748
545.945560
541.816088
540.553777
543.354003
543.740893
537.996622
546.664989
552.259880
540.682831
548.675211
538.666787
535.161744
530.603787
523.208333
536.290070
541.828635
529.921132
543.938728
545.257043
545.889014
541.783436
538.895149
543.039933
545.463954
542.923021
552.979240
543.701331
543.744286
547.057107
539.770331
542.498165
533.290936
549.854269
550.405043
541.807130
536.969440
544.528652
535.731954
544.944206
544.480950
533.806388
543.543123
537.395183
545.729158
543.940507
545.101579
545.391522
538.080478
538.334275
540.594847
541.901158
543.435899
541.220333
530.051839
527.488585
529.196037
536.074816
531.513794
539.508838
544.389525
545.699400
546.829036
548.757009
549.340993
545.613815
539.052054
545.404071
546.163716
542.767392
541.923561
544.135499
540.899867
536.799487
537.379465
541.357330
544.190727
545.098838
546.757436
544.243911
543.361037
546.743722
545.714856
545.584513
535.548658
530.230817
523.175879
537.600092
537.994809
541.865141
541.406312
546.790724
551.549237
542.270653
539.069575
543.664122
542.794140
547.329070
539.788137
543.852129
538.006546
537.070191
539.437754
542.771589
532.724412
530.480004
539.275394
537.802786
542.494001
543.828634
545.101791
545.447152
544.135427
533.871176
540.553741
544.262186
542.819993
541.973445
539.030240
540.193017
537.579887
537.574871
541.544579
546.614143
544.668826
538.616689
542.977700
545.379041
553.677768
535.515029
530.257495
538.560912
543.262332
544.252657
543.594761
547.928586
543.819197
534.014744
537.732825
544.086238
545.425030
545.785880
544.903222
542.149892
540.406387
539.483038
537.076016
541.141976
543.784034
544.379783
538.584443
547.031260
551.713061
540.342442
535.806429
539.601479
536.546378
530.268817
522.940183
536.035590
541.806545
529.817814
544.401626
541.997791
547.848570
542.993368
539.221389
543.029631
544.598738
542.634335
552.745806
542.496689
545.284217
541.180769
