541.238998
543.323177
537.278373
550.781219
551.921594
545.254472
541.656449
543.878478
537.169632
543.027587
538.854228
539.975698
541.163486
540.119546
544.400662
543.086849
547.498437
545.409841
537.143394
541.271580
539.367954
543.694804
543.480644
537.975757
532.532042
528.295253
533.719637
536.405326
545.766424
549.052325
545.475941
539.709051
540.579876
549.269402
546.351815
544.654521
536.137320
539.986604
550.233822
538.862025
539.641982
541.397503
542.789052
537.278995
536.322280
544.830908
543.319171
539.075374
546.887128
542.473833
542.672973
547.572276
544.004902
543.007445
540.893247
537.253676
531.435082
533.859024
534.440735
538.721230
539.246422
546.909583
550.880299
545.875169
543.572554
540.890618
544.648920
546.910609
539.106481
546.095340
537.385374
533.932224
540.672619
542.496345
536.204849
533.572143
543.577313
536.980980
541.591314
542.967261
541.736914
542.175210
539.017814
540.793492
542.317340
542.233616
540.446950
537.293041
536.695149
542.258436
535.827830
540.247273
538.921444
543.602255
547.603889
543.015748
543.580421
546.896408
549.994426
535.973454
545.518538
548.684609
543.580220
546.037872
545.131953
546.047994
544.460480
536.812715
536.445891
541.224895
549.778908
546.173399
546.312827
540.286765
540.557595
539.229608
536.939564
545.776938
543.465926
538.534815
538.422607
545.261361
549.464007
540.310552
533.086636
537.793228
541.668929
537.580091
532.062791
543.637614
547.729404
532.901524
546.748801
543.803884
548.288906
545.963723
543.079454
539.975169
543.577491
547.793344
553.817211
539.956325
546.424747
544.071415
540.002431
542.369320
535.336940
550.754299
552.306287
546.375277
551.816398
546.830966
548.021608
542.236589
538.775779
541.619384
541.575144
540.830135
544.391714
548.229609
538.419696
535.546974
535.889310
540.050400
539.789573
543.800063
543.302250
538.544419
544.572876
541.969663
544.515991
535.459071
545.366030
548.500058
545.776032
539.429952
540.473463
539.415715
539.741021
534.269429
535.691601
540.603463
550.470701
538.899921
539.534587
541.652687
546.487309
545.798672
544.071125
545.231986
543.964325
538.635687
547.331269
542.481153
542.029368
535.034120
537.946895
531.597942
542.603312
538.617604
532.717839
533.718943
533.645409
538.477475
546.278823
545.143601
546.588256
545.944858
543.076438
540.454220
543.714144
546.174820
537.964923
539.674192
538.240802
549.909708
540.157961
541.865723
535.312249
533.553612
543.855807
535.854016
540.728972
537.202276
540.691846
542.274051
539.109587
542.047591
541.385279
541.690199
540.398974
544.878685
538.663087
539.828392
535.041625
539.789881
539.723425
542.022656
547.303609
542.764222
550.244115
553.089391
548.921245
535.855083
544.802901
548.194526
543.262951
545.559183
546.038829
545.707903
550.122862
537.757086
535.175362
540.842286
550.556493
547.033414
546.139658
539.685304
550.364489
546.843145
543.389417
544.685088
542.684776
539.330739
537.910504
545.374320
549.657619
538.639245
545.432123
538.998680
542.804997
539.003236
532.391641
544.290552
548.037688
532.613975
543.801996
544.617769
548.560378
546.179013
543.919958
540.486878
543.836385
546.978050
553.197324
540.112326
543.668243
547.035776
540.616464
542.879857
535.090088
550.575763
551.965703
546.528354
541.305290
543.413447
536.313870
541.899723
539.308085
541.310228
542.172127
540.750524
543.879267
543.149475
547.481580
545.943327
534.873393
539.400402
540.232581
543.288419
543.078230
537.963721
533.092914
528.115887
533.923657
535.341291
544.334348
548.592232
544.667145
539.996818
540.556598
548.834389
546.504923
544.155902
534.796605
540.806884
550.136076
539.342459
539.771653
541.121622
543.171572
537.448438
534.812383
544.658794
542.589051
539.803091
547.005690
541.974940
541.691430
547.686982
543.525030
542.625358
544.387136
540.529059
532.983118
534.303171
533.299720
538.906016
539.725746
547.741824
550.522078
546.741373
543.527305
540.290387
543.719022
545.790859
538.335595
545.661413
537.977550
534.356337
