0.066357
-8.943209
-0.092514
0.003106
0.105428
-5.545606
0.552686
0.041200
0.077245
-22.627516
-0.144007
0.037511
0.089384
-10.533909
0.056370
0.121802
0.006118
17.720920
0.046837
-0.201521
-0.005592
49.241624
0.235622
-0.021488
-0.018881
44.746306
-0.183345
-0.171580
-415.112870
2770916.053135
9524.328997
156.164673
0.093599
5.771511
0.330165
-0.049457
-0.025003
30.033575
0.019771
0.234747
-0.018172
24.741392
-0.228080
-0.153333
0.052152
17.715495
-0.458850
-0.126692
0.065579
-9.333375
-0.108391
-0.007795
0.107966
-4.272194
0.515381
0.031906
0.083734
-25.114991
-0.137549
0.047053
0.074542
-4.578037
0.015950
0.128180
0.001917
22.759510
0.039671
-0.217314
0.007960
44.017248
0.220450
-0.040152
-0.017750
41.787363
-0.183838
-0.169885
-421.760094
2814956.984246
9664.930842
158.645823
0.096790
7.753101
0.359140
-0.039925
0.001841
24.035358
0.088758
0.236536
-0.009186
22.281926
-0.276489
-0.167710
0.065600
16.313445
-0.470000
-0.104377
0.064713
-11.698644
-0.088992
-0.000824
0.091946
0.925213
0.381561
0.016975
0.088688
-25.378422
-0.194344
-0.019657
0.076287
-1.567237
0.005830
0.118820
-0.002581
23.212873
0.039776
-0.224050
0.020359
37.667721
0.254788
0.001101
-0.020516
44.243524
-0.109664
-0.183225
-428.414986
2858995.678009
9820.211896
161.073443
0.106076
2.751459
0.343951
-0.049265
0.007418
24.842427
0.124901
0.234580
-0.013883
21.261933
-0.289411
-0.174859
0.059762
20.552800
-0.459491
-0.112506
0.068316
-13.161484
-0.055333
-0.004698
0.092302
3.378287
0.387976
0.012768
0.085886
-23.795932
-0.156659
0.005749
0.062794
1.313855
-0.020406
0.112531
-0.001335
23.538268
0.064058
-0.202015
0.017310
38.954264
0.354601
-0.012330
-0.017665
43.406745
-0.175777
-0.219724
-435.061119
2903024.068209
9968.289683
163.522693
0.111297
-0.030706
0.323576
-0.067854
0.009910
22.036460
0.179006
0.262292
-0.020574
23.506544
-0.298378
-0.161211
0.050228
20.517207
-0.463956
-0.100637
0.058190
-10.961863
-0.076166
-0.015900
0.094572
-2.574243
0.412828
0.030889
0.087931
-24.917889
-0.120187
0.020609
0.065205
1.367976
0.043197
0.128171
-0.007628
27.997635
0.023990
-0.204935
0.023783
37.697491
0.387303
-0.000733
-0.014725
45.233289
-0.028285
-0.234313
-441.720402
2947070.102616
10131.444010
165.995511
0.073599
2.411874
0.287105
-0.080986
0.007992
21.856646
0.119654
0.238240
-0.024545
23.039907
-0.244881
-0.144568
0.069902
15.635738
-0.438220
-0.094459
0.049248
-7.428910
-0.062904
-0.000532
0.095175
-3.405868
0.407337
0.037224
0.075165
-21.936685
-0.200715
0.026501
0.067360
5.577102
-0.029048
0.112102
-0.007568
27.432756
0.067551
-0.198409
0.026396
36.326755
0.451730
0.022401
-0.006357
42.498748
-0.034405
-0.248214
-448.371305
2991106.191570
10270.007816
168.419322
0.070071
2.724047
0.266360
-0.064785
-0.000870
23.122697
0.134762
0.259721
-0.027234
25.110708
-0.252670
-0.148936
0.075293
14.487580
-0.489923
-0.084993
0.047267
-4.600254
-0.060814
-0.002170
0.095384
-4.751235
0.411067
0.015750
0.088672
-22.658040
-0.151724
0.007630
0.066425
5.618928
-0.038996
0.112941
0.005713
22.266430
0.047261
-0.209457
0.019146
36.349007
0.429510
0.032322
-0.004161
41.449337
-0.047224
-0.257208
-455.004954
3035130.421283
10414.138480
170.895195
0.060672
10.598375
0.299614
-0.073823
-0.000163
25.171729
0.115235
0.269249
-0.023366
24.212244
-0.263849
-0.166061
0.087281
17.891112
-0.481982
-0.103638
0.048589
-6.037365
-0.069478
-0.005436
0.089477
-3.258781
0.391832
0.027312
0.089332
-23.824776
-0.150356
-0.000858
0.037989
11.970343
-0.055963
0.105789
0.016578
12.302380
0.057094
-0.148505
0.016115
39.171921
0.386531
-0.004907
0.005964
40.112683
-0.049039
-0.251648
-461.649658
3079164.131169
10560.918758
173.393487
0.058530
10.964528
0.297402
-0.061010
-0.008161
30.079839
0.102954
0.269581
-0.014693
17.012327
-0.276272
-0.145250
0.086182
19.066227
-0.485666
-0.097307
0.043379
-6.455083
0.060767
0.008471
0.087719
-1.368338
0.422085
0.043039
0.076846
-16.692743
-0.141930
-0.011426
0.050228
11.864417
-0.043510
0.108696
0.019733
9.164806
0.065823
-0.133200
0.025316
36.403971
0.373998
-0.004560
0.023283
32.222217
-0.000621
-0.242448
-468.294029
3123203.156974
10707.693051
175.948472
0.064061
12.587003
0.290714
-0.076301
-0.010137
29.954560
0.126641
0.247803
-0.024084
17.900395
-0.353253
-0.154566
0.094277
15.497600
-0.497869
-0.111050
0.043691
-0.590073
0.007673
-0.010120
0.088219
0.552441
0.472482
0.048314
0.065371
-11.935027
-0.114569
0.019790
0.056116
14.487964
-0.008452
0.128124
0.011517
16.125577
0.164516
-0.070941
0.015077
41.756239
0.357949
-0.013134
0.013251
35.181726
-0.065479
-0.259505
-474.931382
3167235.250101
10858.104742
178.396966
0.058870
22.162172
0.254811
-0.103951
0.002126
25.397640
0.088638
0.215727
-0.014384
18.191045
-0.347372
-0.153598
0.088236
20.650548
-0.510245
-0.111492
