0.010458
29.112664
0.123678
-0.092514
0.040034
18.191788
-0.026561
-0.159806
0.008208
35.131459
0.421922
0.165189
0.042710
16.549216
-0.022638
-0.161169
0.004456
36.105267
0.403509
0.165805
-0.008844
30.024773
-0.182922
-0.134875
0.099837
-7.366196
-0.132731
0.035077
-0.011894
31.735714
-0.200097
-0.147584
0.104305
-10.128807
-0.119314
0.043266
-0.097976
83.603268
0.253034
0.066400
0.005421
31.478948
0.165071
-0.074396
-0.097144
85.384502
0.242571
0.061395
0.001032
33.089805
0.234432
-0.070550
0.024982
20.465098
0.022957
-0.128095
0.003233
38.266520
0.353293
0.163206
0.016261
23.400239
0.019542
-0.136361
0.008184
38.128584
0.351073
0.162758
-0.017191
32.354568
-0.208736
-0.141685
0.094827
-12.392631
-0.100692
0.026515
-0.011337
30.680550
-0.301274
-0.134712
0.098606
-9.732236
-0.092277
0.024143
-0.100023
85.751374
0.258004
0.074843
0.000828
31.543223
0.157536
-0.088039
-0.111844
85.209776
0.258486
0.105227
0.005366
31.676548
0.174162
-0.074292
0.017320
22.903640
0.009968
-0.126283
-0.000746
41.309769
0.321010
0.124014
0.002728
20.621890
0.003849
-0.103335
-0.001626
41.784956
0.313760
0.125860
-0.008423
32.288858
-0.218948
-0.151068
0.092497
-10.996461
-0.082126
0.025475
-0.002776
30.742848
-0.216631
-0.150878
0.094618
-11.381874
-0.096169
0.018190
-0.106856
81.733707
0.252692
0.105883
0.018060
32.822621
0.205617
-0.076158
-0.101894
84.766840
0.279248
0.107390
0.008099
38.983033
0.210048
-0.072064
0.003611
21.982899
-0.009461
-0.082858
0.000998
42.315968
0.315491
0.120120
0.008238
20.235476
0.010129
-0.073724
0.000338
41.552637
0.329562
0.119140
-0.004067
30.869006
-0.227180
-0.130200
0.094419
-16.147144
-0.114520
0.035535
0.000139
31.317836
-0.222583
-0.141943
0.079049
-9.067803
-0.125963
0.031663
-0.096031
82.625607
0.306644
0.100701
0.011755
37.937595
0.128689
-0.047582
-0.098221
83.560099
0.324269
0.103032
0.003903
38.061259
0.151654
-0.033699
0.013173
19.434149
0.029211
-0.056886
0.001428
44.022094
0.317238
0.127942
0.009102
20.383214
0.035342
-0.050705
0.006374
42.676227
0.301884
0.110574
0.003943
26.643521
-0.221282
-0.140579
0.085937
-12.417189
-0.116878
0.029950
0.008757
25.613795
-0.213501
-0.138887
0.088796
-13.460079
-0.139745
0.035113
-0.094928
87.249066
0.316880
0.098582
-0.004360
41.629859
0.147596
-0.057493
-0.090227
87.093071
0.262838
0.077380
-0.009289
42.937647
0.150322
-0.073114
0.004511
23.991052
0.045287
-0.049412
0.018923
34.832075
0.265369
0.114344
0.006714
23.767611
0.078699
-0.028463
0.019121
35.631122
0.242705
0.104778
-0.003027
31.052074
-0.210222
-0.135703
0.091074
-14.520844
-0.166458
0.047812
-0.000213
27.931657
-0.222874
-0.130918
0.095085
-14.435617
-0.163492
0.041318
-0.083386
85.505878
0.257422
0.083163
0.009436
37.662630
0.098709
-0.108537
-0.085338
85.091745
0.306117
0.083365
0.006060
38.965880
0.110759
-0.103108
0.003742
22.522621
0.104587
-0.007056
0.012664
36.248114
0.219442
0.095829
0.002533
24.567370
0.103341
-0.018429
0.024086
36.433936
0.255718
0.110876
-0.005249
33.893079
-0.320435
-0.151642
0.082046
-9.792927
0.078309
0.041979
-0.001025
32.059666
-0.312539
-0.152125
0.090772
-9.735544
0.067633
0.033170
-0.086817
84.526912
0.252358
0.070479
0.008861
37.383678
0.117850
-0.102424
-0.090631
86.014329
0.255604
0.077208
0.004904
40.888471
0.132194
-0.111557
0.002470
23.439592
0.169759
-0.019870
0.007152
42.437943
0.225455
0.070038
0.003988
22.563662
0.134712
-0.032113
0.008690
40.981780
0.235519
0.073768
-0.001842
30.937487
-0.311748
-0.164517
0.087223
-5.925832
0.072063
0.034539
-0.001332
32.157893
-0.335065
-0.171440
0.092960
-8.608455
0.102051
0.042619
-0.099907
90.718447
0.268154
0.091649
0.007838
40.396789
0.104008
-0.123261
-0.094788
88.511791
0.266083
0.092068
0.008714
37.705978
0.087680
-0.114456
0.010739
17.820618
0.229946
-0.008565
0.002482
37.728812
0.303197
0.100006
0.012870
22.886687
0.180544
-0.013486
0.005523
35.730146
0.299931
0.106301
0.006742
26.652009
-0.284514
-0.158111
0.085575
-2.137354
0.116295
0.036923
0.005524
25.756075
-0.282620
-0.152831
0.077703
-1.958564
0.085730
0.037953
-0.086793
83.912760
0.276968
0.065384
0.023580
34.772148
0.100292
-0.125179
-0.084278
84.677024
0.250383
0.070039
0.023704
34.515453
0.101504
-0.121054
0.019229
20.678112
0.193877
-0.023841
-0.000296
38.966816
0.335068
0.097603
0.017547
20.753685
0.213277
-0.019778
0.002803
35.667909
0.309874
0.102939
-0.000381
31.535693
-0.230808
-0.172253
0.075433
-3.796318
0.028115
0.025604
0.010295
30.543849
-0.233739
-0.171257
0.077409
-3.876705
0.037143
0.029752
-0.082446
82.420850
0.273484
0.064817
0.030962
31.521098
0.088271
-0.116308
-0.079415
81.186157
0.263000
0.056255
0.026654
33.013349
0.087922
-0.123742
0.019247
18.702596
0.264771
0.016509
-0.005067
37.557215
0.307166
0.100070
0.017890
20.112943
0.249419
-0.002863
-0.005068
38.582066
0.321257
0.103410
0.008580
34.980831
-0.241779
-0.183370
0.080682
-1.345322
0.065932
0.018848
0.007199
33.277421
-0.275175
-0.174790
0.070028
0.333514
0.053834
0.008230
-0.077379
79.330196
0.287798
0.051263
0.030973
29.959534
0.108991
-0.102248
-0.074639
78.182659
0.279021
0.040554
0.031989
30.514118
0.096698
-0.110352
0.031489
18.574331
0.256121
0.000656
-0.002613
37.198047
0.320715
0.085142
0.035380
13.889588
0.270963
0.003231
-0.005044
38.080704
0.323181
0.084976
0.002313
33.885280
-0.237715
-0.153698
0.077713
-3.857097
0.099901
0.044421
0.009630
31.273364
-0.234932
-0.144521
0.077944
-2.811890
0.086964
0.038353
-0.066494
79.185996
0.230756
0.009698
0.032929
26.894096
0.127438
-0.091235
-0.081488
87.512355
0.256800
-0.004380
0.032749
28.562264
0.125544
-0.089106
0.044347
13.437016
0.300549
0.013097
-0.006637
37.722964
0.258320
0.095629
0.045402
12.358849
0.296188
0.008896
-0.002148
35.103589
0.326334
0.090014
0.006915
26.452661
-0.245396
-0.140017
0.075201
-0.047987
0.117571
0.018221
0.003855
29.053040
-0.255424
-0.145000
0.076024
-0.530018
0.119987
0.019744
-0.066918
77.376372
0.250315
0.002921
0.038103
24.396356
0.000740
-0.079199
-0.071331
79.054536
0.275339
0.009652
0.045236
21.948760
-0.008235
-0.085434
0.058173
9.601675
0.355048
0.012435
-0.007785
39.417540
0.359272
0.088716
0.059206
11.532177
0.341866
0.006232
