546.259907
538.306701
531.197756
551.752945
550.330118
531.043360
541.036794
540.533188
527.169568
550.828023
549.596218
529.906984
541.507933
540.552710
527.639495
861.981097
3038.272601
572.084651
546.346321
544.996276
538.489735
862.933407
3049.074373
571.241210
545.841672
544.776154
538.396312
583.498690
3077.810734
632.277669
542.868892
536.927343
529.093473
585.270414
3103.662122
633.965749
542.674151
536.724948
529.625917
551.164718
551.666774
530.809363
542.408023
541.330338
523.977018
551.212565
551.647837
529.417438
542.073458
541.256160
524.692992
864.931612
3088.190272
571.748037
544.158919
544.358778
537.709439
866.782946
3100.721153
572.495243
544.921677
545.385078
538.518170
586.090378
3187.149935
636.003115
542.148631
536.347283
529.567297
586.654912
3213.342937
634.867455
542.857140
536.782357
529.417410
549.489632
550.402835
529.189293
540.345921
540.576566
525.463093
549.187596
550.305498
529.150634
540.181142
539.945344
525.129006
871.037056
3137.526777
572.618536
542.015327
542.592851
536.938863
871.965368
3149.857634
571.235457
541.917935
542.401701
536.316025
590.077294
3298.468365
637.251146
541.779833
536.375508
531.076780
591.114771
3324.215484
638.555036
542.226279
537.487050
530.852982
548.512699
548.724090
530.625507
540.871479
541.596837
526.164922
549.123967
548.734794
530.648171
541.399104
542.999429
526.288598
876.070356
3186.691111
573.564805
543.896169
542.630496
536.190163
876.960004
3200.023661
574.372537
543.503256
542.201652
537.284715
593.421758
3409.339979
643.255023
542.697486
536.308735
528.681272
594.307635
3434.213653
644.143332
543.285860
538.025954
530.175965
550.872743
548.625653
532.473412
540.606787
540.294075
524.136940
551.365338
549.416793
533.980596
539.307089
538.432870
523.448052
881.797329
3239.086248
576.376422
543.988013
542.097467
537.925382
881.181511
3250.555935
576.298542
544.281228
541.998409
538.606496
595.784932
3518.907543
646.805971
544.374028
539.425697
531.932431
596.777223
3545.461114
647.748869
544.334804
539.928743
533.089567
549.446651
548.783567
533.550570
539.072840
536.276684
522.479965
550.030015
549.505682
533.381113
541.255808
537.114296
525.280164
885.040740
3288.847234
577.252678
544.288751
544.105762
538.958873
887.093367
3301.714260
577.340507
544.315569
544.142315
539.336160
597.815907
3629.449256
651.662428
544.766900
539.588411
535.071877
596.715112
3654.360210
652.935752
544.978857
541.228959
534.632944
550.481220
549.747784
534.423899
539.615656
536.010366
523.418918
550.280980
548.632313
533.692447
539.909057
536.696494
523.361074
891.030686
3339.644754
576.327013
544.103171
543.427010
539.422657
893.437474
3351.464014
577.060549
543.907773
545.792809
540.651318
599.619939
3739.091203
656.497618
543.528243
539.745996
534.183560
599.435355
3763.624364
658.053328
542.248546
540.229938
534.240460
550.463717
548.131769
533.516458
539.440966
535.225881
523.972729
551.877088
549.141659
534.168549
538.728287
535.404308
523.655738
898.174472
3390.036246
575.864722
542.429105
544.196207
540.133924
900.013374
3402.099524
576.381706
542.962908
544.411324
541.017570
601.002475
3846.155391
659.883551
543.249632
541.157465
536.647564
602.191599
3872.826172
661.514901
543.669239
540.430792
536.235945
551.983284
549.244475
532.747344
540.788559
536.002360
521.905760
550.928779
549.432158
532.949424
541.141477
536.066980
521.599554
907.775016
3442.425115
576.518722
541.217141
543.970700
542.370672
908.358402
3452.853952
576.284351
540.837269
543.632483
542.201440
604.289100
3957.129803
664.884013
542.375155
538.804818
537.362657
605.187539
3983.515209
665.911289
542.328282
538.309040
536.586181
552.907196
549.675291
534.517083
540.224047
535.475313
520.138565
553.333531
551.148899
534.760707
540.831549
535.679163
521.483794
541.626463
535.751598
539.722473
540.435486
541.545637
544.331683
542.399459
536.335870
541.410386
541.013033
541.211328
544.490423
607.842142
4067.024707
669.269614
542.633779
539.441713
536.074974
608.216867
4092.347496
669.222139
541.881170
539.707581
536.111610
552.131679
550.215735
534.778129
541.622103
534.990582
522.413540
552.048768
550.294589
535.651846
541.955286
534.315614
522.161767
541.625272
537.884836
543.427227
542.079295
541.320850
543.476707
540.760360
536.683837
541.933576
542.781735
541.702732
544.294476
608.268967
4176.813834
673.849169
539.601712
537.361927
534.209038
608.938520
4202.710751
674.237318
540.437019
538.053642
534.442241
553.847650
554.527498
536.033075
543.142226
534.514166
522.789206
552.664194
553.557473
535.819632
544.481824
534.939878
523.607166
541.775507
537.486894
541.001329
542.153674
539.302394
544.751608
541.390196
537.551874
541.230087
541.814275
539.741003
545.206740
609.270434
4287.340502
678.862179
539.480318
535.789003
534.771465
609.677904
4313.423332
680.026546
539.667289
535.592360
533.634761
552.190989
551.413351
534.754269
544.099392
535.441110
524.331524
551.407095
550.931294
533.225536
544.396711
535.636491
525.180183
540.666721
536.978860
541.261339
541.504385
539.411942
545.922656
541.681491
537.601647
542.049059
540.952189
539.772837
544.557263
610.153050
4399.167548
683.622673
539.988701
536.151191
533.488694
610.650158
4424.379548
683.095119
541.542890
536.912009
533.988491
553.176697
550.919350
532.364167
544.146025
534.679788
524.669091
552.702135
550.603047
532.936480
