0.045073
14.313637
0.085636
-0.040083
0.021376
164.585446
0.699032
0.039540
0.046278
8.610708
0.028439
-0.040960
0.021431
164.619787
0.700706
0.039725
0.045934
8.963725
0.027299
-0.044258
-9258.585230
32572152.639046
197646.622356
31.342245
-2347.331002
12585822.390274
-31088.343104
93.178365
-9267.494037
32603497.701199
197836.810980
31.370240
-2348.479323
12591830.225177
-31065.583414
93.218611
-230.796543
1204629.317870
1942.575435
121.888664
0.044495
14.538980
0.083214
-0.041438
-231.031713
1205856.997712
1944.535956
122.013395
0.044424
14.762753
0.083660
-0.042510
0.020936
164.778295
0.699500
0.038555
0.046029
8.678330
0.024336
-0.043134
0.019935
165.076913
0.699766
0.039857
0.045772
8.915960
0.024146
-0.043617
-9296.450097
32705370.051455
198454.904355
31.462885
-2353.838728
12619868.320586
-30960.669783
93.408528
-9305.359673
32736715.424349
198645.094711
31.491006
-2354.986894
12625876.696010
-30937.785756
93.446339
-231.796361
1209850.258259
1950.191108
122.405980
0.045304
14.153096
0.084896
-0.045453
-232.030728
1211078.765209
1952.272172
122.529225
0.045077
14.296125
0.085428
-0.044740
0.020946
164.796845
0.697613
0.039309
0.045363
8.942642
0.026056
-0.041325
0.020332
164.988967
0.698268
0.039851
0.045115
8.992518
0.024846
-0.041440
-9334.315627
32838587.657821
199263.059323
31.584304
-2360.345497
12653914.803784
-30831.389716
93.639277
-9343.225189
32869933.053738
199453.242179
31.611398
-2361.493964
12659922.985227
-30808.629714
93.679602
-232.794767
1215070.821142
1957.012235
122.934976
0.046122
13.630362
0.088349
-0.044153
-233.030070
1216298.904959
1958.996955
123.059124
0.046161
13.776769
0.089292
-0.045282
0.020791
164.780225
0.697990
0.039237
0.044662
9.734336
0.025259
-0.042228
0.020705
164.643462
0.696963
0.038942
0.043382
9.869468
0.024352
-0.042652
-9372.180953
32971805.999925
200071.041253
31.705306
-2366.852878
12687961.558437
-30701.900873
93.870632
-9381.091312
33003151.668913
200261.231093
31.735848
-2368.001313
12693969.659235
-30679.300072
93.911430
-233.793991
1220291.053734
1965.426811
123.454932
0.046926
13.356827
0.083855
-0.045453
-234.027362
1221518.073451
1966.883481
123.577348
0.046742
13.587524
0.081343
-0.047026
0.022608
164.472472
0.697207
0.037003
0.042324
9.882242
0.026809
-0.041707
0.020810
164.740252
0.698859
0.038157
0.042265
9.928480
0.023155
-0.042025
-9410.046672
33105024.314135
200878.646720
31.827743
-2373.360589
12722008.796947
-30572.497262
94.099705
-9418.957399
33136369.746822
201068.857708
31.855881
-2374.509018
12728016.934637
-30549.663885
94.139990
-234.792255
1225510.038977
1972.935885
123.975935
0.046040
13.568386
0.089517
-0.044504
-235.027561
1226738.955329
1974.975257
124.100266
0.045896
13.706072
0.088551
-0.045110
0.020950
164.466123
0.699708
0.040048
0.041856
10.194174
0.025911
-0.041891
0.020845
164.262851
0.689852
0.041445
0.042521
9.907437
0.026100
-0.041375
-9447.911394
33238242.102963
201687.183305
31.953590
-2379.868550
12756055.607222
-30443.136208
94.334047
-9456.822191
33269587.695402
201877.336520
31.981101
-2381.016434
12762063.606834
-30420.426405
94.374252
-235.792939
1230730.418944
1980.287062
124.509399
0.046196
13.882630
0.087309
-0.044242
-236.024967
1231958.808225
1981.662466
124.633555
0.046808
13.630333
0.086486
-0.043690
0.021461
164.114243
0.702412
0.040568
0.042783
10.041644
0.031736
-0.038916
0.020522
164.512520
0.702561
0.040527
0.043079
9.940548
0.028923
-0.038659
-9485.777555
33371460.022402
202495.566112
32.069111
-2386.375969
12790102.311913
-30313.845256
94.558548
-9494.687344
33402805.543770
202685.807250
32.095020
-2387.524771
12796110.736834
-30291.519635
94.599287
-236.789994
1235949.747640
1988.778991
125.026812
0.045523
14.040617
0.091260
-0.042329
-237.025842
1237178.729033
1990.513145
125.148404
0.045924
13.937712
0.092223
-0.041115
0.019425
164.799151
0.701025
0.040830
0.042303
10.086810
0.023406
-0.036997
0.018379
165.148291
0.701599
0.040081
0.041714
10.324248
0.027675
-0.037560
-9523.643593
33504677.711407
203304.447625
32.185479
-2392.883858
12824149.235421
-30185.765116
94.790328
-9532.553143
33536023.343204
203494.635438
32.211998
-2394.032205
12830157.399571
-30163.003966
94.830707
-237.789381
1241170.223479
1996.758835
125.550407
0.045887
14.025276
0.090656
-0.040792
-238.023366
1242398.788037
1998.230440
125.674081
0.045268
13.947937
0.090941
-0.040137
0.018422
165.076665
0.697254
0.041307
0.042344
10.768153
0.019699
-0.038910
0.019044
164.865075
0.696856
0.040214
0.042075
10.848031
0.019951
-0.038874
-9561.509725
33637896.034071
204112.629448
32.308296
-2399.391100
12858195.759007
-30056.613652
95.017196
-9570.419980
33669241.581661
204302.732044
32.337020
-2400.539396
12864204.098853
-30033.847648
95.057424
-238.787854
1246392.126466
2004.893561
126.074081
0.045630
14.024519
0.089887
-0.042461
-239.024650
1247620.617087
2008.425365
126.198160
0.045704
13.952425
0.090071
-0.042199
0.018630
165.269007
0.700412
0.039850
0.041245
10.990702
0.027802
-0.038323
0.018314
165.369264
0.699472
0.039460
0.041410
11.022701
0.028974
-0.037965
-9599.377921
33771113.834613
204920.885694
32.428890
-2405.911893
12892241.946455
-29927.375134
95.250296
-9608.287333
33802459.221817
205111.471385
32.457048
-2407.060363
12898250.235574
-29904.615430
95.290617
-239.788147
1251613.166204
2013.516496
126.595525
0.046008
13.795355
0.091394
-0.042292
-240.023016
1252840.558861
2016.531180
126.717472
0.045952
13.701957
0.092665
-0.041707
0.017998
165.589684
0.702621
0.040699
0.040950
11.308530
0.024361
-0.038784
0.018571
165.346382
0.703657
0.041811
0.041176
11.305394
0.024644
-0.038531
-9637.243162
33904332.080734
205729.644660
32.552507
-2412.419315
12926288.539577
-29798.065415
95.484372
-9646.152784
33935677.522445
205919.966121
32.581127
-2413.567168
12932296.448711
-29775.267791
95.525760
-240.787592
1256833.517204
2023.239835
127.112781
0.045958
14.053283
0.105739
-0.041333
-241.022347
1258062.052875
2025.959596
127.242035
0.045624
14.057242
0.093991
-0.043339
0.017828
165.826040
0.697688
0.039976
0.040174
11.797327
0.027863
-0.034699
0.017601
165.900857
0.698133
0.040472
0.039981
11.736054
0.026382
-0.035771
-9675.108801
34037549.476422
206538.187633
32.676701
-2418.925464
12960334.263441
-29668.953028
95.716614
-9684.019372
34068895.222239
206728.251303
32.704147
-2420.073706
12966342.602332
-29646.618726
95.757747
-241.785874
1262054.100058
2031.976803
127.648187
0.044986
14.204762
0.089737
-0.047337
-242.021372
1263282.275447
2033.792545
127.775025
0.046240
13.660473
0.089132
-0.044400
0.017033
165.766126
0.700135
0.041896
0.041132
11.341513
0.032636
-0.033990
0.017465
165.647949
0.700285
0.042439
0.041057
11.343648
0.033059
-0.034341
-9712.975211
34170767.741072
207346.559046
32.798813
-2425.432364
12994381.122029
-29540.067046
95.951661
-9721.884360
34202113.056233
207536.715685
32.827141
-2426.580825
13000389.311240
-29517.306782
95.994795
-242.784931
1267274.691403
2037.601826
128.166354
0.045722
13.864007
0.084855
-0.045751
-243.019790
1268503.206406
2039.216343
128.290060
0.045834
13.724401
0.083013
-0.046203
0.018265
165.260347
0.696437
0.041140
0.041361
11.389012
0.035847
-0.033713
0.018168
165.339313
0.696771
0.041336
