-0.158761
1.059246
-0.162206
0.025391
0.004102
0.920930
-0.361311
-0.100673
0.018688
-0.324347
0.332437
-0.378488
-0.033252
1.036616
0.008583
-0.086079
0.000788
-0.376897
0.329922
-0.354695
-0.073654
0.470082
0.643525
-0.036061
-0.180394
0.990592
0.074276
-0.221310
-0.050934
0.748727
0.615893
-0.083812
-0.224628
1.107819
0.193123
-0.166791
0.220256
0.245317
-0.659933
-0.108455
-0.213598
1.320496
-0.136251
-0.224717
0.217477
0.354194
-1.059339
-0.235999
-0.231335
1.291660
-0.166700
-0.199324
-0.063727
1.294612
0.169252
-0.118044
0.003033
-0.062106
0.800725
-0.001332
-0.062950
1.259853
0.262854
-0.032186
0.008187
0.018561
0.698321
-0.127734
0.041394
0.381154
0.315436
-0.160153
-0.192738
1.231402
0.308712
0.026051
0.051182
0.521205
0.268633
-0.117772
-0.177019
1.234016
0.240568
0.070882
0.198801
0.232261
-0.382477
-0.087760
-0.208715
1.252647
-0.428505
-0.226563
0.142343
0.564940
-0.393338
-0.079817
-0.255625
1.444645
-0.669069
-0.278199
-0.035388
1.094262
0.489492
0.084469
0.149224
-0.422543
0.494591
-0.345227
-0.073346
1.185084
0.174731
-0.031798
0.111468
-0.422664
0.596188
-0.370348
-0.038279
0.811899
0.672257
-0.021469
-0.207109
1.786437
0.336179
0.253220
0.044875
0.643943
-0.022905
-0.115640
-0.128519
1.575187
0.276645
0.191406
0.133032
1.043877
0.368655
-0.042041
-0.179348
0.885675
-0.869611
-0.474283
0.090858
0.985313
0.271112
-0.041629
-0.146006
0.717211
-0.772739
-0.389827
-0.051606
1.548714
-0.148788
-0.276234
0.258367
-1.152103
0.326462
-0.304118
0.009814
1.107433
0.297967
-0.100939
0.283697
-1.433581
0.674945
-0.215296
0.064003
2.562465
0.614900
0.466318
-0.025038
1.303848
0.117607
0.012174
0.167374
15.362263
-50.574094
3.033918
-0.026535
1.226280
-0.021771
0.020533
0.277840
-0.033122
0.177082
-0.080985
-0.160540
0.541861
-0.779730
-0.209728
0.283252
0.012362
0.060257
-0.065333
-0.126441
0.463036
-0.681895
-0.198726
-0.028655
1.081539
0.240826
-0.070271
0.240425
-1.168415
0.074992
-0.304817
-0.083214
1.363821
0.377294
0.001808
0.260600
-1.585317
0.255395
-0.337676
0.140868
130.291546
-5.969894
11.332565
0.015754
0.758269
0.121082
0.246380
0.100785
165.879538
7.967387
14.168789
-0.035052
0.886383
0.057202
0.197317
0.299974
0.269296
0.289360
-0.071740
-0.164244
0.605236
-1.006018
-0.215354
0.328878
0.222177
0.378550
-0.145304
-0.087040
0.366321
-0.973262
-0.202614
-0.134905
1.067715
-0.012225
-0.079668
0.131849
-0.982596
0.161508
-0.317930
-0.108907
1.027217
0.041031
-0.011797
0.088674
-0.757987
-0.164944
-0.287006
0.014855
275.854610
51.010374
22.723529
0.076084
0.619278
0.262561
0.306482
-0.011231
311.223992
54.562212
25.370345
0.065661
0.421550
0.283673
0.244483
-0.075603
0.714943
-0.061068
0.126508
0.060401
-0.247642
-0.888274
-0.294797
0.015397
0.993637
0.311836
-0.112653
0.076304
-0.259992
-0.921396
-0.290247
-0.076425
0.725766
-0.307054
-0.177625
0.084791
-0.540886
-0.249587
-0.373900
-0.151668
0.713982
-0.346943
-0.131292
0.125079
-0.604127
-0.215937
-0.333838
-0.106638
418.354818
115.487479
34.465756
0.083994
0.140050
0.296733
0.344821
-0.201672
453.852219
127.584450
37.004589
0.042887
0.186010
0.136618
0.240694
0.008530
1.016144
0.188833
-0.014781
0.113978
-0.158182
-0.892284
-0.042471
0.025636
0.862916
0.129141
-0.086660
0.195749
-0.363984
-1.264375
-0.263682
-0.087850
0.364539
-0.418664
-0.284439
0.078101
-0.554373
-0.191266
-0.453406
-0.024911
0.403400
-0.402995
-0.251185
0.082138
-0.379020
-0.130129
-0.422345
-0.392626
569.342275
165.948187
45.073943
0.041020
0.570609
0.683213
0.192524
-0.429311
604.809153
185.830410
47.753458
0.046910
0.441297
0.653161
0.160563
-0.069461
0.765447
-0.245982
-0.098500
0.385849
-1.007180
-0.859834
-0.153599
0.009456
0.636965
0.033048
-0.195752
0.356315
-0.679411
-0.871015
-0.170782
-0.018259
0.064581
-0.141625
-0.282353
-0.008224
-0.263004
-0.377598
-0.263410
-0.036247
-0.146638
0.238874
-0.237783
-0.009091
-0.140986
-0.439968
-0.289398
-0.464375
720.107246
272.712515
55.940130
0.073326
0.329536
0.736473
0.097504
-0.490842
752.306764
292.641265
58.661245
0.080535
0.420491
0.681101
0.071188
0.037332
0.655056
-0.064443
-0.104767
0.363716
-0.614588
-0.828127
-0.227046
0.014417
0.779337
0.283788
0.112667
0.380636
-0.743139
-1.535223
-0.156835
0.143477
-0.374223
-0.058165
-0.190899
-0.076857
0.360470
-0.289301
-0.382812
0.146350
-0.586923
0.098617
-0.132089
-0.086998
0.500169
-0.421348
-0.370475
-0.031829
0.567403
0.663917
-0.197386
0.113919
0.244488
0.736538
0.105602
-0.091069
0.885116
0.767189
-0.127788
0.084126
0.364260
0.870684
0.215627
0.014201
0.908618
0.317311
-0.112578
0.287177
-0.038528
-0.542367
-0.356820
-0.027056
1.165375
0.322638
-0.138046
0.319175
-0.085212
-0.947761
-0.282735
0.076049
-0.053761
-0.413029
-0.278499
-0.165778
0.779536
-0.049369
-0.194202
0.085941
-0.379944
-0.143059
-0.225546
-0.298503
1.002905
0.098180
-0.196292
-0.090098
0.680412
0.981332
-0.176896
0.352434
-0.035119
1.031759
0.013919
-0.131649
0.733848
0.509563
-0.290972
0.400455
-0.182853
1.049977
0.022481
0.010967
0.376733
0.342886
0.056718
0.293772
-0.014305
-0.524972
-0.401082
0.034910
0.020511
0.179047
0.067086
0.252065
0.195948
-0.381167
-0.361764
0.205999
-0.980498
0.590681
-0.007962
-0.110685
0.850763
0.340384
-0.052035
0.241678
-0.744067
0.558914
-0.026888
-0.118875
0.688132
0.546352
0.237536
-0.194708
1.160028
-0.003164
-0.269242
0.315696
0.066636
0.687390
-0.190598
-0.233243
1.434863
0.140981
-0.310643
0.322206
0.079336
0.665780
-0.187001
0.003552
0.305855
0.476134
0.050351
0.115426
0.229961
0.416774
-0.272640
0.023559
0.323967
0.779698
-0.015544
0.073778
0.384945
-0.023018
-0.423951
0.224246
-1.218623
0.643520
0.193572
-0.144102
0.529532
0.260932
0.021144
0.206253
-0.978243
0.513654
0.074604
-0.113134
0.438087
0.250183
0.005235
-0.330215
1.753691
-0.384476
-0.358526
0.377655
-0.211000
0.462213
-0.204594
-0.363632
1.908810
-1.113418
-0.505707
0.304969
0.242637
0.593055
-0.054783
0.054655
-0.154349
0.580615
0.015480
0.029594
0.423394
0.256634
-0.266223
0.000420
-0.002934
0.515583
0.034285
-0.066709
0.358926
0.289308
-0.260997
0.190272
-0.950798
0.649084
0.077928
-0.242235
0.766654
0.254405
0.012631
0.170090
-0.453882
0.484051
0.094150
