0.410195
7.596115
-1.777231
-3.857818
0.803586
1.264830
-4.696626
0.412153
0.846711
1.033529
0.816928
-0.052399
0.371287
1.372362
-7.913781
-1.644415
1.173685
-0.690144
3.781060
0.436420
0.685755
0.735363
6.314397
-0.460396
1.436267
-0.885239
2.128141
-0.520665
0.685707
1.495024
0.695398
0.082801
-0.784139
7.901761
-0.066419
-1.644593
0.862083
0.223836
1.743862
0.635130
0.731359
3.214116
2.917695
-1.964843
0.241684
2.349927
-0.961677
-1.933362
1.138633
1.755200
-1.896716
-1.600318
0.783329
0.662145
-0.622335
-1.416839
1.224379
2.484281
-3.296749
-1.802521
0.391091
2.931408
-3.741063
-3.087232
1.740370
-0.472699
4.015791
-1.441153
0.384840
2.679011
-1.624629
-1.822188
0.845183
-2.360650
-1.094743
-2.316245
0.666786
0.814733
-1.146617
-1.292676
0.520795
4.105460
1.350182
-0.714350
-0.641487
3.937853
4.902859
-0.322042
-0.673342
-1.930762
-2.231645
0.185436
1.381511
-2.117094
3.219200
2.780307
-0.005836
9.293558
-1.066811
-0.885619
0.300734
2.664270
1.772508
-0.517739
0.583260
0.650439
6.879199
1.884707
1.447569
1.766431
1.436423
0.053673
1.617733
0.487461
3.335994
-1.030273
0.804231
7.648878
-1.294100
-1.672566
1.565614
-2.813792
1.298817
0.176769
1.159539
-1.413901
6.988302
-0.522507
0.319381
6.357903
5.884572
-0.349002
0.046346
1.840751
0.787803
-2.672655
0.551000
2.262051
0.748883
-0.333839
0.247430
4.866451
-3.827518
-2.470571
0.236065
-1.494388
1.735920
-0.490032
1.255796
-0.950240
6.896898
-0.337897
-0.327413
4.328065
-0.393873
-1.824051
1.036579
-0.098581
-5.857900
-0.375687
-0.789267
2.236342
-6.620000
-2.174865
0.599983
5.380732
0.546369
-1.250292
1.421424
-0.176056
-3.582803
-0.913845
2.293062
-2.476214
0.491947
0.464745
1.083783
-1.919049
-2.444758
0.047495
-0.880845
1.973852
1.851413
0.053736
2.329264
-0.295609
-2.955441
-0.709681
1.042779
-0.560690
4.797599
-0.199676
0.765429
-0.243380
1.295685
0.254165
0.085572
5.787065
0.619705
-2.869458
-0.155326
2.473836
-0.860239
-2.132322
0.356712
0.145663
1.827451
0.026125
0.117583
3.640501
2.665109
-1.865336
0.005561
3.419482
2.618451
-0.688643
-0.356504
4.073004
1.914788
-1.602490
0.605212
1.277630
-5.387563
-2.239847
0.093415
3.551374
-0.892010
-0.201734
0.710796
-3.904810
-4.144527
-0.940735
0.695052
-0.290435
-2.170829
-0.615906
0.289863
-1.738166
2.718117
-0.710608
0.238085
2.745043
2.845947
-1.207881
0.436921
-2.159876
-4.640432
-2.528923
2.543745
-1.578478
-3.422894
0.882098
-0.371316
5.561079
-4.322951
-1.683347
-0.842532
4.101791
1.325404
1.184759
0.664630
1.461861
3.525510
-0.214298
0.840644
3.141943
5.118435
-0.978158
0.916760
2.125092
0.361615
-0.888453
-0.915255
7.522660
4.350133
-0.106302
-0.333138
2.983564
6.001407
0.429441
0.720607
2.813452
-0.243536
-1.847165
0.129153
4.323988
1.470383
-2.790961
1.218153
-0.059872
2.468349
-0.361745
-0.128755
2.681517
-1.274187
-0.769099
0.734795
0.388387
-0.517683
-0.782945
0.618941
-1.161086
2.676718
-0.947022
0.779492
2.046345
2.329059
0.340710
0.760909
0.086770
1.538688
-0.921770
1.219673
5.241247
5.244789
0.136186
0.006414
5.513533
5.311967
1.658394
-0.572850
4.483283
1.158072
-1.841511
1.196326
0.882633
1.650346
1.209296
0.165473
4.543835
1.757335
0.267202
1.316942
-3.255265
-3.241723
-1.549650
1.787127
0.403391
0.419265
0.692016
0.581457
2.851763
4.888241
-3.097449
0.979281
4.353840
2.062320
0.977829
1.022373
-1.061414
-8.067260
-2.429412
0.679728
0.611802
3.598444
-0.806298
-0.781833
3.736662
-1.215316
-0.862973
-0.513307
3.264896
1.135424
0.979479
1.755019
-1.855987
2.001470
-1.834267
1.685695
-2.911935
-0.261476
-0.628323
-0.583887
4.465165
0.299974
-1.600576
1.227156
1.413440
-1.302765
0.248281
-0.384050
5.204855
2.441826
-1.187067
1.482775
-3.408877
4.716294
0.825226
0.271169
-0.342930
-1.360178
-0.762125
0.765259
-2.822553
4.062552
0.248193
1.592185
1.655872
3.469703
0.521578
0.635707
1.526906
6.508783
1.054941
0.332295
5.160341
4.179881
2.198536
0.738087
-0.668876
0.820294
-1.621089
0.318775
1.199195
1.645661
-0.812270
2.150076
-4.840949
0.405381
-0.659107
-0.641746
7.891892
-1.930091
-2.581885
1.187663
2.642157
-4.559554
-1.335843
1.063027
1.418494
2.096311
0.182791
0.897039
-1.214054
7.266094
0.665507
-0.046404
4.922782
-2.400368
1.886531
0.754597
1.295520
2.943080
-0.905975
1.748029
-7.871713
-1.049707
-0.872455
0.545238
3.754696
-0.616999
-2.273246
0.107785
6.355919
3.230624
-0.096051
1.179997
1.760477
1.487753
-2.138036
0.153313
3.824907
-2.434001
0.332599
1.022969
0.739416
-4.357172
-2.043142
0.372598
1.699240
-5.802384
-0.157165
-0.267881
-1.490232
-2.170054
-0.113347
1.131531
-2.733997
7.170038
-2.447320
-0.038817
0.380579
-3.605469
1.182064
2.180722
-7.126460
1.271400
0.478145
-0.636543
-1.300360
2.234862
0.196606
1.869919
-2.138697
3.567976
0.007289
0.292519
1.308135
2.170794
-0.996518
0.772142
-0.021000
-0.128963
-0.255614
0.045576
4.794573
-2.461965
-1.870550
0.877816
2.201791
-1.415500
-1.326045
1.449577
-3.219696
-0.209082
-2.318638
1.193065
-2.763185
-3.203676
0.166990
-0.262894
1.900033
-0.043887
0.564702
0.677171
-1.822240
1.812000
-2.095537
-0.127839
9.508935
-1.175309
-0.468622
1.874219
-2.375494
-4.926423
-2.304491
0.363871
3.106648
5.276249
0.175464
0.593576
-0.781945
1.066252
0.453319
0.403030
-2.110783
0.882780
-2.357439
1.200496
2.684987
3.966778
-1.145399
-0.606343
1.854939
1.526396
0.879829
0.174799
-0.228689
-0.779953
2.132677
0.289271
3.770415
-3.051044
-0.452005
0.504823
2.792242
2.475201
1.321131
2.045350
0.434904
1.343122
-1.183173
-0.529401
1.285688
-0.163421
0.836049
0.856685
1.387761
2.092271
-0.625913
1.055901
1.278889
-2.663832
-0.201316
1.719837
1.943504
-1.885955
-2.220019
0.721338
-2.688291
5.157534
-0.495194
1.521361
-1.321157
4.043696
-2.183991
0.224241
-2.160018
-2.922402
-0.075738
0.899373
-0.672145
-5.043238
-2.836203
0.973440
0.766735
-0.044828
0.527799
-0.357325
5.173543
5.557157
2.021986
0.081929
1.772164
-0.747352
-0.918259
0.883265
0.385949
0.338103
-0.859234
0.509357
0.565211
1.797372
-0.327029
0.663155
0.026345
-1.524808
-0.437499
1.820540
-1.660179
2.369729
-0.433388
-0.060152
5.267308
-0.396407
0.462122
1.228476
1.126735
6.985745
-1.182212
