545.004720
540.325891
539.011856
632.175093
5150.347541
712.710494
563.734471
786.671125
542.898192
632.184225
5152.950026
712.753734
563.838332
787.770261
542.904225
544.830207
542.202563
533.867376
604.161325
804.368615
547.813299
544.845740
542.144960
533.880900
604.369264
804.820349
547.856944
829.654295
2785.754721
567.102228
545.021710
540.465380
538.964811
829.875434
2786.978839
567.254763
544.984172
540.327420
538.825531
632.045338
5161.356600
713.138074
564.375879
793.169538
542.801153
632.099434
5163.957006
713.233422
564.528484
794.317697
542.741515
544.902414
542.058881
533.875347
604.684743
806.692945
547.651236
544.954180
542.083142
533.777239
605.014096
807.320447
547.787086
830.147150
2790.844571
567.400824
545.085720
540.513242
539.202710
830.245311
2791.985607
567.416544
545.040964
540.449711
539.204841
632.068667
5172.437794
713.766930
564.974216
799.686473
542.786695
631.936736
5175.049035
713.833189
565.038011
800.826530
542.787127
544.854694
542.114759
533.769917
605.343086
809.482592
547.818416
544.771040
542.129273
533.783736
605.509047
809.930220
547.715941
830.626620
2795.625221
567.326346
545.358268
540.397082
539.214130
830.785390
2796.826152
567.377757
545.299717
540.360940
539.212349
632.099237
5183.497641
714.177387
565.580010
806.258118
542.982471
632.095848
5186.198467
714.312573
565.663020
807.349439
542.975810
544.750931
542.083568
533.536961
605.903690
812.157373
547.853516
544.616941
541.834489
533.523077
606.090192
812.671933
547.824191
831.214894
2800.669437
567.432742
545.442265
540.626441
539.518929
831.394290
2801.991796
567.498511
545.447209
540.518564
539.458040
632.048450
5194.602989
714.781112
565.954680
812.610108
542.958206
632.099889
5197.210424
714.836046
565.951775
813.736670
542.975280
544.614979
541.983263
533.570895
606.547223
814.846353
547.762533
544.572515
541.929793
533.470943
606.614516
815.229652
547.633319
831.781441
2805.720488
567.298945
545.207753
540.421943
539.207322
832.016367
2806.965540
567.408410
545.185766
540.416525
539.333489
631.987273
5205.522988
715.257005
566.534643
819.163772
543.046810
631.907540
5208.087150
715.290567
566.619759
820.188002
543.025517
544.619440
542.059290
533.597111
607.258447
817.509427
547.787081
544.685613
542.039131
533.545388
607.542338
818.087842
547.871744
832.552225
2810.858571
567.505384
545.056105
540.198735
539.033667
832.711183
2812.047200
567.542216
545.098582
540.224219
539.042384
631.944632
5216.558827
715.711749
567.027523
825.357740
542.760448
631.952889
5219.172290
715.723021
567.131658
826.479046
542.752242
544.719818
542.080753
533.583687
607.899177
820.291204
547.863908
544.641574
542.064892
533.638989
608.011139
820.782763
547.869930
833.238578
2815.816971
567.564677
545.102092
540.047133
538.965865
833.390419
2816.960171
567.572395
545.178765
540.056668
539.044304
631.612469
5227.381340
715.836748
567.459760
831.809511
542.846863
631.676652
5229.917327
716.004031
567.431644
832.884471
542.817047
544.451756
541.731455
533.685818
608.528777
823.150030
548.048585
544.391068
541.521574
533.729043
608.598560
823.588435
548.053522
833.797567
2820.746084
567.427656
545.508211
540.238402
539.248036
833.989784
2821.868784
567.451954
545.512302
540.281276
539.252647
631.497309
5238.287371
716.093357
567.898860
838.185643
542.838643
631.803255
5241.063188
716.367915
568.052294
839.323464
542.900789
544.427087
541.704247
533.929817
609.403711
825.847556
548.219791
544.367137
541.677991
533.901954
609.524644
826.430835
548.316828
834.614720
2825.748284
567.585836
545.546982
540.293049
539.172608
834.704000
2826.885632
567.584378
545.484313
540.291104
539.178928
631.635332
5249.474439
716.315304
568.337640
844.628682
542.913850
631.682705
5252.104891
716.644009
568.332671
845.694860
542.479679
544.398708
541.589371
533.943651
609.953281
828.607172
548.080035
544.452600
541.574731
533.997710
610.108820
829.109070
548.155215
835.270504
2830.744552
567.734530
545.511585
540.030919
539.266408
835.392426
2831.882023
567.578952
545.460270
539.918395
539.315481
631.659871
5260.592924
716.969080
568.775054
851.144279
542.810604
631.611960
5263.104633
717.050831
568.803057
852.198799
542.706234
544.466347
541.386177
534.093804
610.955200
831.469074
548.307527
544.461117
541.432999
534.087626
611.087712
831.970045
548.449998
835.955093
2835.722227
567.831623
545.628047
539.965819
539.265195
836.033958
2836.856717
567.649283
545.560535
540.004411
539.313978
631.710689
5271.678976
717.268080
569.264528
857.717630
542.758445
631.653324
5274.224629
717.364705
569.292987
858.770539
542.759726
544.318981
541.242552
534.027174
611.622201
834.318918
548.395968
544.337517
541.287300
534.148298
611.689785
834.773415
548.413590
836.503032
2840.738488
567.951779
545.626374
540.022333
539.284521
836.664728
2841.893582
567.946885
545.641194
540.085203
539.182171
631.580441
5282.683232
717.604487
569.568246
863.875918
542.632463
631.641670
5285.302344
717.736945
569.512299
865.005804
542.574051
544.503930
541.299989
534.202674
612.496095
837.093488
548.514165
544.413868
541.264836
534.174157
612.562887
837.653060
548.532832
837.174868
2845.701141
568.061793
545.799241
540.169271
538.946741
837.389508
2846.865934
568.158696
545.788831
540.114529
538.810668
631.558102
5293.691634
718.067254
569.656144
870.150896
542.515508
631.671559
5296.359560
718.188407
