535.833369
539.761196
532.587442
532.159747
539.979695
537.004713
539.571385
538.293955
540.165289
540.553376
538.782594
535.716527
541.254496
542.683449
541.042490
544.553169
538.415850
541.434717
537.638783
534.203132
534.852953
544.037848
547.321969
542.495672
551.909049
555.510759
553.010377
532.385661
535.252996
542.839600
544.944236
546.009585
545.470079
547.260625
551.739727
538.887335
539.537360
538.623595
549.849055
547.872100
545.325218
539.630948
551.444088
546.119734
542.438326
543.865427
545.188960
540.404069
535.853086
544.547855
549.492864
540.689368
547.202388
536.767129
537.666547
530.193870
529.262021
539.933687
544.292751
534.834881
543.880189
546.211028
547.749688
545.940982
542.506803
541.270424
545.242236
546.785563
556.686206
540.196915
542.611359
548.055166
537.666909
541.097489
533.481306
547.578067
547.378971
535.619847
539.379523
544.364902
535.226207
540.651605
539.236473
537.285931
542.628011
537.905011
544.095598
542.634599
546.452650
547.266804
537.792924
534.463659
535.458543
543.246065
543.676522
538.212202
531.702089
527.612160
531.806896
532.495519
536.259845
541.978767
543.696083
540.746557
542.400153
548.080005
546.524353
544.182686
539.804096
538.905959
550.404887
538.537937
538.307895
543.390692
541.816857
537.868379
538.160815
544.753068
545.739733
540.585582
550.663576
542.813671
543.243646
547.873273
546.837321
546.728880
538.195610
530.183678
528.575345
537.364344
538.465371
538.496814
538.452965
545.023378
550.631822
546.207875
542.454875
541.071981
543.448885
549.694192
540.644676
547.434388
539.671826
535.508618
537.686157
540.338057
533.124755
533.213012
541.006635
537.356673
540.978158
542.320003
541.361028
541.381832
539.384249
537.495753
541.110774
542.313634
541.894425
538.431166
535.949022
540.221665
537.646707
535.092706
535.444378
543.999954
547.800135
542.380108
544.256249
546.127707
551.367137
532.528137
535.874840
541.762498
544.440692
544.984953
545.944932
546.049578
544.061418
536.538352
539.739957
539.513257
551.342814
546.939201
543.751524
540.092737
543.254806
540.353673
538.263559
544.535109
545.205872
539.259380
535.633751
543.834414
548.889357
540.577519
535.427737
539.111534
538.200465
530.437923
527.118731
540.260124
545.098845
535.010362
545.839187
543.765987
545.439259
546.275374
541.953714
540.706468
545.130640
547.647501
556.575676
540.753682
543.713193
541.742954
537.262509
540.404649
534.005407
547.367622
547.220310
536.550428
550.347450
548.280666
546.977848
541.859007
539.945005
538.086218
543.097511
538.446839
543.830637
548.637639
536.786149
534.192509
537.614252
534.901755
535.058170
543.660469
543.275541
538.511496
541.764901
539.644180
542.950102
532.746292
537.071897
541.724146
544.049346
540.908486
542.170943
538.127501
540.619160
535.417347
540.191735
540.485870
553.236899
538.712911
538.142374
543.751015
548.399597
546.108912
542.648695
544.224338
544.062275
538.340324
551.190313
543.200401
542.879326
536.015527
539.337402
532.939117
538.691601
531.124684
527.811360
537.085060
537.859018
537.819821
543.735279
541.937938
545.970474
546.572536
541.932323
541.256663
543.555306
549.337010
540.927700
539.221183
536.655202
546.591193
537.353912
540.034518
533.436538
532.676312
541.093360
535.548023
540.917592
538.973787
539.531267
542.281589
540.357330
537.600575
540.935728
541.565898
540.964205
544.780038
539.472816
542.636535
537.546704
534.560731
535.730099
543.017576
547.443878
542.202412
552.007217
555.098040
553.561633
533.170043
538.197915
541.962239
544.502914
544.921004
546.027841
547.050535
551.191324
539.078427
539.551893
538.987950
552.413194
546.547326
545.113407
540.444082
550.933601
545.707678
543.192992
544.071581
542.932025
537.400963
535.442684
543.539156
547.882186
540.202317
546.703743
536.695265
538.631638
531.400233
528.430037
540.302749
544.698495
535.658394
542.935456
544.845764
547.143764
546.206047
541.783879
541.916361
544.529735
547.505021
557.098923
539.837861
542.832821
548.308606
