543.724533
542.602319
540.812930
742.548624
2109.089469
555.787959
790.322629
3793.497632
647.593713
742.719586
2110.331548
555.887525
790.314199
3794.689148
647.584007
612.432808
3683.865106
657.404379
545.462233
546.185064
541.859060
612.558164
3686.460131
657.521028
545.563767
546.296947
541.892345
543.499722
541.184763
534.001209
543.887051
542.653630
541.129682
543.481789
541.075996
533.950147
543.898271
542.692062
541.186525
743.126680
2114.181585
556.061343
790.672606
3800.570117
647.843514
743.195275
2115.299246
556.004770
790.749809
3801.816615
647.819201
612.911652
3694.833515
657.872260
545.647333
546.384744
541.823600
612.846997
3697.412542
657.951936
545.572979
546.336414
541.792006
543.561255
541.110706
534.088011
543.880903
542.688079
541.115876
543.675423
541.064948
534.138317
543.862165
542.736004
541.026793
743.795182
2119.243539
556.094184
790.971142
3807.506061
647.831101
743.958117
2120.358622
556.086390
791.041618
3808.772152
647.894132
613.162828
3705.954938
658.362647
545.664252
546.184798
541.850926
613.139625
3708.520119
658.398462
545.689034
546.225167
541.893005
543.745584
541.166558
534.269440
543.806001
542.627720
541.066467
543.612505
541.162211
534.382054
543.769179
542.571533
541.166957
744.270783
2124.332722
556.184518
791.535148
3814.415336
647.874982
744.478652
2125.342313
556.144839
791.654828
3815.757565
647.993760
613.141388
3716.717982
658.558402
545.755119
546.239569
541.868405
613.182362
3719.300311
658.616464
545.720698
546.231507
541.825554
543.576376
541.186957
534.389358
544.083710
542.607775
540.948205
543.557831
541.090981
534.407568
544.114701
542.649913
541.031598
745.035410
2129.065019
556.220112
792.266032
3821.769049
648.089970
745.208894
2130.261940
556.247490
792.411849
3823.047480
648.071126
613.628449
3727.772399
658.950823
545.795911
546.301094
541.955302
613.695166
3730.406909
659.017320
545.769436
546.247458
542.035716
543.359869
540.964833
534.321051
544.121422
542.607155
541.009217
543.387808
540.973167
534.352525
544.134275
542.574578
540.955037
745.785809
2134.110192
556.291888
792.831437
3829.009179
648.295526
746.030686
2135.390992
556.363515
793.041061
3830.319665
648.326730
613.680360
3738.843151
659.448241
545.719046
546.219836
541.697298
613.807852
3741.490752
659.594000
545.893327
546.422028
541.782015
543.384603
540.961087
534.142828
544.353793
542.612121
541.022908
543.447053
541.067247
534.136373
544.360982
542.691069
540.948051
746.244686
2139.159906
556.197611
793.416595
3836.127479
648.546474
746.576397
2140.316284
556.191915
793.483338
3837.557232
648.687833
614.086606
3750.126339
659.893589
545.744295
546.407201
542.048831
614.298859
3752.710331
659.950671
545.849265
546.489984
542.012176
543.276997
540.933417
534.104775
544.185107
542.469033
540.903630
543.365285
540.968329
534.078206
544.270608
542.513553
540.885471
747.020137
2144.152204
556.205716
793.885201
3843.240515
648.681157
747.228789
2145.437094
556.306008
793.953205
3844.515016
648.790619
614.456041
3761.189475
660.428111
545.895529
546.601736
542.215715
614.473173
3763.738590
660.528845
545.778401
546.483980
542.241623
543.061425
540.684224
533.699906
544.166501
542.640582
540.972335
543.065767
540.712363
533.647929
544.135911
542.630092
541.044962
747.589485
2149.193705
556.246765
794.458006
3850.456900
649.025807
747.728905
2150.371443
556.342461
794.536190
3851.695644
649.085613
614.670516
3772.152105
660.752130
545.725404
546.640473
542.281911
614.822317
3774.729649
660.801840
545.732604
546.636924
542.114859
542.971864
540.702472
533.765176
544.098834
542.608144
541.118206
542.994986
540.737533
533.810621
544.079787
542.619948
541.121589
748.211065
2154.225527
556.469375
795.084589
3857.726380
649.407912
748.224641
2155.377474
556.398662
795.065096
3858.941241
649.450006
614.968356
3783.252116
661.188449
545.760055
546.749604
542.107649
614.957018
3785.844237
661.212421
545.738868
546.903016
542.270391
543.207559
540.860332
533.949492
544.084484
542.665033
541.417398
543.194170
540.778636
533.870628
544.222110
542.677830
541.402592
748.507969
2159.205283
556.314597
795.589600
3864.827085
649.621608
748.561893
2160.438791
556.470728
795.725324
3866.207548
649.704318
615.052599
3794.305780
661.542402
545.765126
546.710660
542.325259
615.198288
3796.927012
661.682290
545.747619
546.605973
542.212092
543.159983
540.757196
533.834495
544.179933
542.349102
541.219669
543.164683
540.802531
533.890522
544.151783
542.616109
541.405990
749.199075
2164.347869
556.645829
796.127003
3871.827388
649.910557
749.309275
2165.478468
556.693077
796.254366
3873.213725
650.046702
615.363844
3805.446015
662.060343
545.832934
546.635649
542.117188
615.520841
3808.059598
662.175179
545.778413
546.623301
542.133077
543.275019
540.984056
534.062979
544.163842
542.352618
541.322071
543.283830
541.009971
534.057668
544.196476
542.509532
541.401092
749.749545
2169.340712
556.824101
796.872932
3879.046004
650.251616
749.935613
2170.502114
556.761846
796.920810
3880.349571
650.227078
615.818845
3816.520682
662.448864
545.970907
546.690779
542.236058
615.857096
3819.065103
662.496536
546.086626
546.860351
542.388887
543.521845
541.162036
534.166607
544.011618
542.446452
541.181457
543.474871
541.033932
534.154185
543.992879
542.468989
541.159107
750.336783
2174.300792
556.735881
797.089087
3886.216163
650.501525
750.458023
2175.475806
556.819709
