0.028325
-1.604656
0.016396
-0.005948
0.054522
-8.951604
0.022595
-0.033604
0.035930
-12.747068
-0.067053
-0.042128
0.034139
-9.626382
0.024230
-0.028906
0.017407
-3.709878
-0.051843
-0.072071
0.005894
-4.074765
-0.049485
-0.037995
0.003189
-4.289414
-0.022257
-0.058484
0.035269
8.463135
-0.063176
-0.032859
0.014199
2.167349
0.132248
-0.047059
0.009275
5.669269
0.044273
-0.069447
0.004740
1.555389
-0.014532
-0.026181
0.005211
0.215197
-0.031359
-0.046462
0.017736
-6.468928
-0.049866
-0.036743
-0.010212
3.711162
0.005141
-0.026663
0.020673
13.649696
0.163487
-0.057517
-0.002764
14.591955
0.056963
-0.067257
0.022640
-5.509080
0.071661
-0.051383
0.016757
-6.894341
0.129668
-0.051230
0.010157
-7.080492
0.022278
-0.004517
0.021403
-11.117841
0.046727
-0.040742
-0.004021
3.645294
-0.054180
-0.060077
0.005716
20.880583
0.084909
-0.007861
0.009589
8.065115
0.026111
-0.036778
0.025012
-8.373989
0.052545
-0.023471
0.021791
-4.892889
-0.010231
-0.106533
0.012941
-6.474254
0.046570
0.003551
0.011353
-5.981358
-0.055260
-0.029490
0.003721
-4.157137
-0.008499
-0.047738
0.040550
2.667741
-0.011044
-0.037432
0.012529
4.851459
0.012858
-0.018081
0.056114
-17.388329
0.029599
-0.051319
0.040821
-19.704525
0.120834
-0.000934
-0.010189
5.222741
-0.063062
-0.041861
-0.000203
-0.374977
0.034667
-0.029406
0.014023
-8.470832
0.062313
-0.041492
0.007278
10.736921
0.004909
-0.018411
0.036024
-9.480748
-0.087264
-0.066711
0.015230
1.547844
-0.021623
-0.074056
0.022669
-4.330346
-0.132394
-0.080711
0.001521
2.162129
0.025104
-0.057461
0.006117
-2.160927
0.001794
-0.043430
0.008955
-5.338009
0.000452
-0.024736
0.021885
16.491212
0.034411
-0.065885
0.009185
5.069524
-0.052020
-0.079109
0.014512
0.113997
0.109817
-0.010425
0.003341
-0.353394
0.015983
-0.031454
0.009397
0.268050
-0.096133
-0.077749
0.013869
-11.454084
0.086446
0.007902
0.003608
0.464057
-0.111842
-0.055706
0.056858
-7.166903
0.093152
-0.042595
0.020604
-1.732065
-0.007652
-0.030546
0.035306
-19.636929
0.064552
0.010859
0.006819
-2.967538
-0.014570
-0.044856
-0.003394
4.269391
0.119270
-0.039132
-0.000864
-0.927455
0.185676
-0.011521
0.007142
1.194932
-0.009150
-0.061481
0.027384
-1.193955
0.010209
-0.006534
0.021389
-0.866319
0.017059
-0.009407
0.005272
-0.682765
0.001958
-0.036735
0.018593
0.189648
0.021899
-0.043338
0.016037
-1.795412
0.030162
-0.072100
0.006292
0.342225
-0.033483
-0.053962
0.007456
-3.862965
-0.067790
-0.060018
0.037695
7.900949
-0.069858
-0.033599
0.071794
-22.408768
-0.062284
-0.028157
0.022458
0.848360
0.027837
-0.039525
0.028727
-7.746665
0.004479
-0.051468
0.014555
-6.509279
0.026278
-0.048901
-0.007294
8.216685
-0.112439
-0.062932
0.013683
-3.062562
-0.079045
-0.072268
0.020800
13.736853
0.164380
-0.057124
0.022108
2.134766
0.029071
-0.022861
0.001434
4.405288
0.030474
-0.033145
0.014211
-2.242520
-0.067964
-0.022391
-0.000354
1.547598
0.164949
-0.030297
0.012624
-5.873065
-0.023838
-0.041556
-0.012581
3.931914
0.014760
0.000556
0.006820
20.500699
0.088927
-0.007325
0.025142
-2.673495
-0.078492
-0.064817
0.016544
0.655896
-0.109598
-0.067782
0.019636
-3.572159
-0.021614
-0.053042
0.010918
-4.566006
0.026794
-0.010813
0.007871
-0.317736
0.007905
-0.068169
-0.004814
1.987593
0.023060
-0.051822
0.041639
2.262097
-0.011850
-0.039365
0.011189
3.517971
0.008239
-0.008839
0.024627
-1.792410
0.074872
-0.048937
0.033338
-8.916314
-0.092398
-0.055253
0.017081
-9.341111
0.099754
-0.008077
-0.011754
7.015518
0.059801
-0.055599
0.000832
-4.091845
-0.007570
-0.032720
0.010442
9.486279
0.003980
-0.018494
0.063888
-18.436909
0.055618
-0.036569
0.005082
7.331141
0.115504
-0.014831
0.028400
-7.747289
0.101558
-0.088435
0.010817
-1.732238
-0.022586
-0.028774
0.012550
-3.918005
-0.025976
-0.057034
0.020299
-5.643342
-0.140231
-0.082236
0.022824
15.857320
0.036577
-0.066002
0.029775
-0.773764
0.043267
-0.052459
0.029399
-2.836364
-0.067201
-0.048125
-0.005360
9.946155
0.073736
-0.020591
0.016577
-4.101628
-0.075279
-0.044176
-0.015892
11.258496
0.049395
-0.062464
-0.002198
-1.230309
0.012409
-0.022008
0.056902
-7.447398
0.089224
-0.040137
0.013117
0.767748
-0.028565
-0.059344
0.003313
3.837219
0.012390
-0.035621
0.018456
-1.458596
0.038544
-0.051415
0.014462
-1.296259
0.004759
-0.081174
0.018749
-5.215956
0.067270
-0.053928
0.015194
-3.942351
0.051052
-0.096396
0.027823
-1.654327
0.004804
-0.007831
0.054798
-9.702785
0.025521
-0.028805
0.038980
-11.069624
-0.064755
-0.061792
0.030678
-13.302850
-0.149295
-0.057148
0.021154
-12.211799
0.038372
-0.028957
0.005431
-0.539455
-0.012642
-0.049682
0.007596
-2.279563
-0.071605
-0.035426
0.038958
7.189633
-0.069405
-0.030072
0.015418
1.989925
0.140565
-0.043965
0.035498
-7.476966
-0.019958
-0.060552
0.030212
-14.629475
-0.002372
-0.041956
0.015185
-6.143121
-0.007987
-0.029828
0.010310
-5.021354
-0.017277
-0.014358
0.009616
-4.005500
0.084044
-0.037860
0.019858
14.754617
0.157750
-0.057069
-0.004366
15.413332
0.063884
-0.067964
0.025869
-7.004556
-0.036084
-0.077009
-0.013707
14.896790
-0.166110
-0.093691
-0.000189
-1.663993
0.072066
0.037570
0.000980
1.930900
0.009433
-0.043002
0.001747
-3.999350
-0.010982
-0.008107
0.007995
20.169145
0.098951
-0.007850
0.009088
8.328646
0.020213
-0.037851
0.012276
1.559269
-0.046217
-0.036004
0.023193
-10.649139
-0.029027
-0.019809
0.015441
-5.782984
0.108999
-0.003125
-0.013198
6.187353
-0.019851
-0.027903
0.009228
-5.964584
0.021553
-0.024573
0.041661
2.702548
-0.019410
-0.041185
0.011991
4.945244
0.012314
-0.020626
0.026934
-6.128893
-0.021786
-0.030161
0.008587
-2.587766
-0.017553
-0.007128
0.017301
-4.318845
-0.053020
-0.043821
0.020822
-13.323305
-0.048371
-0.045338
0.017318
-7.603723
-0.016261
-0.058794
0.008869
10.133137
0.002637
-0.015868
0.034956
-8.719675
-0.080718
-0.064068
0.015218
1.284825
-0.110661
-0.036653
0.024352
-4.213176
0.054458
-0.054600
0.024585
-12.864951
0.088477
-0.028534
0.001539
0.380473
-0.002027
-0.029453
0.020285
-13.324327
-0.025308
-0.005656
0.023730
15.199456
0.034319
-0.064977
0.009278
5.077835
-0.056253
-0.080839
-0.004810
8.335226
-0.017127
-0.043072
0.020634
1.379112
0.000748
-0.068756
0.032194
-16.756143
-0.066030
-0.019315
-0.007166
8.638137
0.092141
-0.064944
0.010062
-2.908935
0.047087
-0.048017
0.057286
-7.871341
0.086002
-0.039926
0.021205
-2.315154
-0.006884
-0.030958
0.021086
-1.201273
-0.086780
-0.008558
0.041282
-9.531860
-0.036104
-0.073564
0.026207
-14.989185
-0.028644
-0.006483
0.002082
3.627854
-0.028445
-0.047294
-0.002194
3.068539
-0.060133
-0.032299
0.028100
-1.413118
0.004812
-0.007152
0.021356
-1.237933
0.005322
-0.013457
0.016981
2.475591
-0.103548
-0.010060
0.024395
-9.382174
0.046576
-0.050728
0.019357
-8.276140
0.051836
-0.048100
0.017224
-7.675351
0.045861
-0.070630
0.007829
-4.583644
-0.008575
-0.053427
0.037029
7.723392
-0.076531
-0.033988
0.070388
-22.037578
-0.061868
-0.025731
0.045162
-13.846045
-0.073331
-0.047685
-0.002183
2.767707
-0.002807
-0.040125
0.007026
-1.676599
-0.015003
-0.054626
-0.023137
16.848683
-0.042900
-0.045718
0.000229
-0.392474
0.203285
-0.027338
0.021325
13.971716
0.153128
-0.056635
0.023235
1.819366
0.035096
-0.022626
0.017508
-1.786085
-0.087759
-0.046742
0.018397
-6.499018
-0.071646
-0.010591
-0.007936
7.565165
0.023443
-0.028814
0.009898
-6.502574
0.061250
-0.043064
-0.002180
-0.049098
-0.102589
-0.038343
0.006051
21.135190
0.089964
-0.008562
0.025534
-3.096621
-0.061394
-0.062589
0.015860
-1.689032
-0.023328
-0.023338
0.007453
-0.613760
0.059612
-0.022335
0.005907
2.049949
0.054076
-0.028919
0.002056
-3.276069
-0.074490
-0.023899
-0.017472
8.367022
0.101762
-0.048660
0.041024
3.128427
-0.020816
-0.041288
0.011325
3.333824
0.021562
-0.005759
0.016871
-0.447920
0.008833
-0.018075
0.022544
-3.060839
0.001470
-0.071705
0.021735
-2.286737
-0.063720
-0.086883
0.008243
-3.882267
-0.067295
-0.060504
-0.015807
11.511242
-0.064502
-0.043559
0.010633
9.820472
-0.001738
-0.018504
0.066023
-19.180816
0.053607
-0.041041
0.024689
0.144691
0.047062
-0.070952
0.012637
-5.744122
-0.012908
-0.010144
-0.008985
8.083735
0.021737
-0.039003
0.015529
-5.605861
-0.066741
-0.047707
0.016108
-7.758092
0.054474
-0.012932
0.023776
15.428105
0.039224
-0.066392
0.030740
-1.519113
0.053820
-0.049227
0.028936
-7.429896
-0.082962
0.001071
0.009232
1.333064
-0.020951
-0.031191
0.002510
-1.717889
0.009824
-0.017250
0.016036
-6.732154
0.081799
-0.043734
0.008692
-4.992195
-0.011480
-0.015037
0.057121
-7.473680
0.087917
-0.039756
0.014075
1.774358
-0.039389
-0.064230
-0.002566
12.099374
0.064707
-0.065212
0.006094
2.173048
-0.032689
-0.018277
-0.009286
9.115430
0.039668
-0.032946
-0.008451
7.471521
0.019772
-0.003926
0.012881
-2.256582
0.068968
-0.068232
0.028890
-1.805058
0.008082
-0.006385
0.055449
-9.419457
0.017415
-0.030637
0.034692
-12.989117
-0.073857
-0.042186
-0.003068
2.032517
0.015482
-0.031689
0.008087
-5.060573
0.050493
-0.018446
0.015594
-0.397932
0.065745
-0.086280
0.013175
-4.778496
-0.051219
-0.069724
0.034299
8.292991
-0.076234
-0.030392
0.016455
1.400593
0.146032
-0.042695
0.009085
5.676882
0.040913
-0.070649
0.001829
0.822052
0.131434
-0.006442
-0.008575
6.830519
0.011650
-0.071050
0.006036
-1.023188
-0.132166
-0.072545
0.010314
-3.325688
-0.083239
-0.058487
0.023754
12.728097
0.149696
-0.061496
-0.003547
15.373358
0.056786
-0.068532
0.020291
-5.179921
0.067816
-0.050513
0.028651
-8.630875
0.183034
0.008313
0.020766
-7.016398
-0.051214
-0.046201
0.013249
-6.930936
0.039424
-0.023044
0.008832
-7.630326
-0.086481
-0.039058
0.006837
20.433204
0.089202
-0.008536
0.010161
7.634039
0.022723
-0.037830
0.024659
-8.056336
0.047457
-0.025738
-0.009352
8.264234
-0.060353
-0.054966
0.003797
0.558658
-0.043812
-0.071413
0.016595
-5.046036
0.008718
-0.049930
-0.007844
4.040685
0.042102
-0.062053
0.037142
4.628978
-0.025199
-0.043895
0.011831
5.017629
0.008424
-0.022741
0.057597
-17.734238
0.023397
-0.050219
0.021523
0.041375
0.080489
-0.038034
0.011552
-0.265356
-0.023335
-0.026207
0.023095
-9.525117
-0.060055
-0.054502
0.030978
-15.910011
0.034865
-0.030391
0.011514
9.125971
-0.013329
-0.023409
0.034130
-8.316147
-0.074596
-0.064546
0.015085
1.708326
-0.030459
-0.075297
0.003579
-0.031977
-0.041909
-0.015302
-0.011795
9.819896
-0.068822
-0.041738
0.007138
-4.775257
0.040617
-0.059857
0.005527
-4.648668
0.074501
-0.022484
0.025380
14.705771
0.037354
-0.066883
0.010567
4.282140
-0.060533
-0.083716
0.015340
-0.364996
0.101693
-0.009244
-0.008007
5.623940
0.070663
-0.015421
-0.010668
7.512179
-0.069204
-0.025020
0.001867
0.662514
0.015865
-0.009414
0.031245
-12.413165
-0.054580
-0.076163
0.059724
-8.585461
0.085735
-0.037906
0.019891
-1.860052
-0.002505
-0.029365
0.036261
-20.034182
0.058960
0.013988
0.033017
-9.796017
-0.048624
-0.032211
0.004326
-0.334977
-0.001252
-0.031715
-0.001518
0.962477
0.036623
-0.031408
0.023766
-9.261851
-0.067945
-0.088088
