0.042003
17.202724
0.295082
0.026560
-0.054040
41.721510
-0.205442
-0.029944
0.100921
27.822162
0.198308
0.018343
0.042863
27.203751
0.148459
0.103522
-0.020558
41.719635
0.197832
0.079558
0.088294
-1.947696
-0.031299
0.040855
0.031221
9.375312
0.100016
-0.034328
0.063447
19.680831
0.058464
0.003037
0.144249
0.524176
0.408162
-0.086820
0.007214
56.407483
0.104800
-0.019413
0.090997
4.388168
0.190596
-0.056596
0.002229
26.357467
0.464923
0.149751
0.068644
9.404758
0.292404
0.049582
-0.051610
42.861320
-0.199013
-0.052514
0.095831
27.265696
0.206043
0.023933
0.070207
22.741857
0.164668
0.121622
-0.018115
44.262849
0.170150
0.077288
0.111512
-9.926994
0.004099
0.032684
0.025195
14.740068
0.062271
-0.042104
0.060294
17.179768
0.043082
-0.002738
0.144583
-1.298272
0.431279
-0.067609
0.022211
50.466461
0.046658
-0.065219
0.089444
5.789615
0.180592
-0.060897
-0.002145
28.181379
0.494410
0.147905
0.089675
7.928527
0.294188
0.063187
-0.045253
42.741052
-0.220920
-0.070906
0.083419
35.707122
0.213208
-0.004979
0.071256
23.556212
0.124114
0.108617
-0.023932
48.609211
0.177807
0.058259
0.107835
-10.280621
-0.024791
0.025658
0.024775
13.026637
0.043034
-0.040500
0.048504
23.455402
0.029881
-0.004007
0.135587
3.559039
0.433407
-0.077576
0.024650
51.198321
0.103526
-0.061145
0.093218
3.147787
0.337475
-0.052129
0.003442
25.233201
0.510029
0.165763
0.089073
8.453572
0.269835
0.052393
-0.035267
37.456784
-0.236033
-0.057130
0.081348
36.121547
0.250025
-0.001530
0.082428
18.451240
0.119224
0.125775
-0.029882
49.450606
0.211359
0.051294
0.102894
-10.237254
-0.089808
0.049345
0.025746
12.027833
0.040254
-0.036252
0.051479
21.744828
0.040814
-0.008137
0.150040
-6.772758
0.436592
-0.073218
0.012774
53.373687
0.107494
-0.033944
0.074154
6.393444
0.337399
-0.037408
-0.003417
25.732740
0.446622
0.172174
0.082037
2.080015
0.237967
0.029760
-0.018943
32.072909
-0.193533
-0.045260
0.079781
36.471729
0.203511
-0.020386
0.089398
23.512094
0.122611
0.112519
-0.035694
52.377191
0.216276
0.057875
0.100012
-10.295684
-0.034115
0.064322
0.029085
10.589792
0.037891
-0.041860
0.056318
19.613395
0.044432
0.020939
0.149140
-5.096246
0.423461
-0.091356
0.017713
52.411339
0.103218
-0.043829
0.070309
6.127515
0.351316
-0.022637
-0.001129
24.925514
0.475903
0.159287
0.074252
4.471512
0.246899
0.032017
-0.023931
35.804744
-0.182945
-0.074588
0.069545
42.910064
0.210215
-0.001315
0.103030
14.761384
0.062681
0.108083
-0.017085
50.080674
0.235919
0.055237
0.105669
-13.506412
0.105983
0.054335
0.041834
6.627993
0.052114
-0.038161
0.054045
21.483994
0.038255
0.026391
0.151050
-8.186095
0.429581
-0.083385
0.023608
51.638176
0.113496
-0.050393
0.084243
3.406876
0.609021
-0.001258
-0.003925
23.854346
0.516842
0.173307
0.078417
2.625468
0.125253
0.045558
-0.027164
36.979867
-0.219482
-0.077125
0.073553
40.369905
0.246693
-0.004631
0.118340
16.052644
0.078878
0.084496
-0.018242
49.664054
0.234937
0.048925
0.098625
-11.268221
0.091684
0.056321
0.033757
9.400539
0.093256
-0.036553
0.055702
17.616929
0.006357
0.021264
0.150544
-3.653166
0.436606
-0.092231
0.012464
53.742953
0.078092
-0.057203
0.085843
2.658495
0.636081
-0.011845
-0.006529
22.409673
0.511570
0.186820
0.077159
7.640619
0.073465
0.038902
-0.026896
38.109181
-0.209574
-0.057774
0.056689
43.126010
0.237746
-0.005148
0.123480
15.413437
-0.019642
0.076706
-0.016094
49.057407
0.170744
0.073102
0.105379
-16.067602
0.074041
0.057898
0.042060
9.444367
0.077174
-0.047700
0.060413
14.723775
0.007860
0.030794
0.137293
-0.561124
0.395943
-0.101822
-0.013145
62.475139
0.114628
-0.053978
0.089990
3.173614
0.633282
-0.015022
-0.007831
26.417436
0.492417
0.179219
0.090529
4.460270
0.081452
0.052805
-0.029250
40.003501
-0.194079
-0.058191
0.059512
43.812159
0.297017
-0.008559
0.123519
18.519003
-0.023808
0.068202
-0.022007
51.251585
0.198548
0.085160
0.115765
-19.844531
0.075977
0.041689
0.045346
6.850841
0.017849
-0.071498
0.062298
12.462863
0.012866
0.041159
0.134519
2.248836
0.354957
-0.104603
-0.016799
64.238398
0.111669
-0.045187
0.079241
8.369016
0.721870
0.000193
-0.009839
31.965568
0.448923
0.164385
0.084641
8.626187
0.082020
0.051375
-0.027915
39.337366
-0.236919
-0.072880
0.063354
40.478577
0.286654
-0.015331
0.124204
18.190118
-0.038370
0.053542
-0.037738
55.495370
0.204234
0.066402
0.114911
-22.555585
0.032602
0.047198
0.045344
5.383126
0.012607
-0.080592
0.055486
15.845792
-0.024869
0.012894
0.149954
0.170094
0.351232
-0.085734
-0.010018
55.675317
0.086568
-0.056843
0.073591
8.340671
0.711038
-0.009159
-0.018394
25.269902
0.448264
0.179498
