0.159475
-0.418630
-3.783978
-0.788392
1.085499
-1.664701
-2.244668
-2.552273
0.269999
2.487113
-0.396054
0.295385
0.846442
0.530635
-5.680062
-1.275468
-0.103235
3.238449
1.146707
0.455963
0.675774
0.972278
-1.253792
-1.380024
-0.128247
4.723028
1.547163
-0.828269
-0.066351
2.051208
3.090583
0.050040
0.053354
4.661463
-4.373333
0.097221
-1.329527
6.671164
7.249960
3.028325
0.939638
-2.923505
0.508312
-0.147950
0.462670
3.599755
-4.494908
-0.474440
0.181100
1.189335
4.375313
0.731485
-0.117037
4.976801
-3.449177
-2.405901
0.987746
3.785712
1.285660
-1.217448
0.694044
2.144469
-4.149712
-1.392482
0.244004
2.662105
4.033239
-0.828001
0.164819
3.909231
2.633610
-0.289561
0.643234
-0.482400
-6.701871
-0.629076
-0.248627
0.151512
2.053224
1.581915
1.133159
-0.478810
-1.691844
-0.798459
0.680201
1.109370
6.311265
0.793383
0.889085
-0.542555
1.835783
-0.965101
0.496351
-3.602635
3.293832
-1.005958
1.046608
0.466560
0.183613
0.291137
1.102954
0.961849
3.290387
0.889465
0.824502
-1.169077
-2.757130
-3.453961
2.539324
-3.031809
-1.785386
-0.806414
1.046504
-1.033549
-2.907360
-2.079560
1.074483
3.013077
2.635827
-0.645988
0.334909
2.491420
1.789645
-0.674951
0.509796
-0.014289
1.034840
-0.583558
1.033728
3.165883
3.894760
0.807592
0.925808
0.791088
-0.130241
-1.756092
-0.153846
4.763870
1.380166
-1.816172
0.597390
-0.033574
2.327459
-2.377589
0.240549
3.396624
-0.173709
-1.779200
0.713658
4.724629
2.901660
-0.364098
0.962960
0.692674
0.637766
-1.762289
0.565327
-3.718605
-0.028280
0.000031
1.202844
-0.900134
-2.028987
-0.705890
1.531964
0.501894
-3.728157
-2.079733
1.559717
-0.391129
-3.967534
-2.565828
0.623056
3.562754
-3.706442
-2.653337
-0.643312
1.343862
0.206389
-0.333187
1.887461
-5.218707
1.817300
-1.174032
0.559161
-2.114570
2.329065
0.502063
1.111366
-0.621699
3.593263
-0.134024
0.637056
0.989093
2.008967
0.378553
0.718565
1.784113
-3.040971
0.887166
0.678728
0.816779
2.919135
-0.131163
-0.266048
1.990418
3.617894
0.929650
1.550900
-3.470774
-5.761409
-1.281036
1.012482
-1.037732
1.617454
0.305588
1.954178
-3.145872
4.025505
-0.461088
1.075942
-0.434024
-1.813524
0.787026
1.580929
-2.590140
-0.382037
0.242999
0.982020
1.459653
1.486765
-1.055035
1.288842
-1.486103
-5.543978
-0.145912
2.008424
-3.528776
0.879961
-1.188251
1.722523
-6.491438
-1.490613
-1.050757
1.710958
-0.706420
0.934715
-1.201267
0.546146
1.786047
-0.165252
0.036764
1.316767
-4.295273
6.680669
-0.700174
0.264472
0.359418
6.340396
1.350375
1.174417
0.349551
0.857835
-1.424494
1.619058
-3.281179
-1.266430
0.753774
0.281899
1.841879
-3.145472
0.500488
0.783635
0.743046
2.928952
-0.429296
1.415858
-1.142751
6.710360
1.710612
0.566603
2.844629
5.268200
-1.360557
0.220949
5.134235
-1.026295
-0.402515
-0.146137
2.179005
-3.487334
0.495218
0.712758
3.017383
-2.490694
-0.862128
0.675018
3.299498
-2.133652
-0.255738
2.165901
-1.529147
-6.326166
-2.108531
0.469503
3.894712
2.909570
1.824224
1.444710
-3.825106
-0.337848
-0.038325
1.572393
-3.277615
0.968115
0.798937
0.264162
2.221901
-2.157820
-1.333229
1.988342
-2.889832
-3.654537
-0.586694
1.313369
-3.269088
4.069416
1.624010
1.211377
2.294907
2.131275
-0.791288
1.294877
2.170087
1.231685
-1.267469
0.698822
3.337461
3.938701
0.499126
0.988314
-9.599845
5.742172
1.647971
1.518244
-3.095743
-1.853668
-1.976615
0.080370
3.484337
6.330714
-0.279945
0.570559
1.654690
-1.645978
-1.335958
1.386853
-1.332593
4.503764
0.108844
-0.395523
2.456120
-2.116744
-1.822367
-0.209938
2.088752
-2.817244
0.977231
0.564947
-1.407367
-0.681352
0.135952
0.606575
-0.788258
-1.326383
-1.244229
0.774706
3.265150
1.244879
-1.547839
0.111620
3.280010
-1.953519
-0.233071
-0.689979
2.992718
4.155342
0.773588
-0.113073
5.987339
-0.966993
-0.572947
-0.286251
3.950603
-0.551868
-1.282355
1.513246
-1.606324
-0.163450
0.440921
0.455982
-4.038912
3.196161
-0.694230
0.481506
-5.549283
2.512037
0.975325
0.355092
2.127049
-0.980858
-0.311690
0.726862
2.062231
6.826684
-0.621040
-0.470662
7.208969
4.553912
-0.166474
0.771801
2.071887
1.465963
-0.109256
0.723723
1.321355
6.408670
1.341670
0.243301
0.712831
1.978825
-0.595250
-0.225722
6.851963
0.241371
-1.000137
0.678473
1.905139
1.099520
-1.873461
1.638563
-1.978244
-5.253427
-1.114412
1.714211
-0.071306
-6.095878
-2.228965
-0.191002
0.579013
3.211651
0.475845
0.554753
5.578564
-1.417501
-4.190556
3.123761
-3.657091
-2.304807
-0.047432
-0.161652
4.001377
-0.218402
-0.515206
0.655121
0.514552
-2.549394
-0.607753
0.970268
-1.289701
2.885877
-1.224050
1.341857
-5.012354
0.378844
-0.176428
0.428923
1.232375
7.071019
2.638950
0.970475
2.772544
-2.224127
-0.071145
0.503376
2.638068
-2.997154
-1.053138
0.402931
-2.761153
1.757111
2.691320
-0.077467
0.052640
-4.167242
0.607670
1.121655
2.996007
-3.542786
-0.932921
0.862764
-4.162076
-0.226540
0.789107
1.336314
-1.912461
-1.821366
-0.712980
1.357951
-0.540641
1.578575
-1.387478
-0.444698
3.996602
0.044594
-1.214399
0.455756
-1.941388
0.933709
-1.051954
0.211537
3.762945
0.428776
0.048773
1.686168
-5.299198
1.736462
0.617325
1.081173
2.697735
2.103963
-0.919601
1.160087
0.940057
-0.380659
-0.674785
1.009223
1.653339
0.652704
0.729067
0.422639
1.894621
-2.975986
1.267893
0.533638
-1.693469
2.131198
0.306665
1.054156
0.246354
-3.900199
-1.452195
1.169271
-1.330688
0.710574
-0.914650
0.243788
2.335230
-5.140765
-1.490977
0.602541
1.653081
6.329820
-0.288785
1.603415
-3.493167
1.867061
-1.494220
1.023443
0.122703
0.097069
-1.539615
2.208274
-3.079292
2.180446
0.770597
1.514555
-3.917845
-4.180134
-0.395394
1.038528
0.457467
3.549558
0.737430
-0.194587
-0.391697
-0.389175
-0.102517
1.202700
-1.868564
-0.852363
-0.942098
0.958509
3.244036
3.764550
0.867669
0.540693
1.843085
3.865207
0.966295
1.103028
-0.574509
-8.363658
-2.048352
0.656246
-0.384924
-1.347694
-1.101418
0.657134
1.384463
2.803110
-0.120180
1.929213
-0.308257
4.088212
0.571537
1.483546
0.376682
-0.184119
-1.384989
0.224629
2.548454
0.804558
0.901462
0.440796
2.930968
4.700437
0.090619
0.213000
0.308076
2.306037
0.188086
0.742485
1.003989
1.511769
-1.076977
0.309149
0.398613
-1.813058
-1.988425
