5.191473
5.395352
5.520407
5.218552
4.776157
4.696287
5.209419
5.185673
4.845053
5.175320
4.867122
4.802964
5.071450
5.163530
4.855868
5.162127
5.477917
5.383673
5.767090
5.603700
5.219491
5.161996
5.499864
5.354359
5.787848
5.736617
5.285859
5.496701
5.346877
5.213525
5.036296
5.307748
5.387079
5.551244
5.377835
5.241123
5.016812
5.277535
5.343229
5.183650
4.974737
4.822770
5.384922
5.440958
5.123877
5.139630
4.987197
4.828979
5.358185
5.393483
5.002016
5.267378
5.389242
5.291331
5.686984
5.589158
5.045028
5.301822
5.329380
5.258319
5.765541
5.709811
5.074366
5.541092
5.466900
5.457442
5.201452
5.397432
5.485318
5.589262
5.543737
5.410846
5.264207
5.563220
5.666173
5.031776
4.998050
4.539470
5.299197
5.475672
5.194917
4.955094
5.054917
4.501570
5.211531
5.426709
5.224834
5.217036
5.334323
5.218638
5.702176
5.490827
4.985366
5.278931
5.351881
5.241197
5.736109
5.506905
5.071444
5.534562
5.445409
5.688739
5.418465
5.661514
5.816224
5.497535
5.288028
5.391091
5.397938
5.671079
5.893615
5.102555
5.152835
4.768230
5.340112
5.513292
5.229874
5.115297
5.115767
4.639409
5.334252
5.519445
5.286533
5.391261
5.408506
5.394452
5.826866
5.489427
4.909407
5.400345
5.382921
5.301929
6.003408
5.727454
5.099000
5.498382
5.335696
5.411990
5.551976
5.710486
6.168871
5.428502
5.241980
5.364946
5.525389
5.645215
5.827802
5.253235
5.407422
4.851599
5.400246
5.691098
5.627138
5.238434
5.376247
4.823938
5.315204
5.621019
5.545375
5.573718
5.246280
5.608893
5.883330
5.619647
5.018007
5.628285
5.233777
5.549841
5.928411
5.622570
5.033937
5.275037
5.344464
5.583729
5.563841
5.832717
6.310561
5.265729
5.345510
5.681435
5.581960
5.781308
6.216867
5.276841
5.368098
4.823287
5.254532
5.513264
5.406140
5.377564
5.403044
5.018819
5.204585
5.474266
5.485549
5.807177
5.466315
5.619858
5.796411
5.438331
4.879720
5.719519
5.386955
5.607044
5.790848
5.513840
5.129390
5.215667
5.238955
5.590097
5.599379
5.581093
6.197084
5.167656
5.244533
5.540778
5.628756
5.583112
6.161002
5.298390
5.292868
5.071322
5.213392
5.379141
5.536569
5.283283
5.304502
4.916721
5.206500
5.345032
5.462028
5.711190
5.203991
5.554258
5.791568
5.368876
4.864447
5.710033
5.289102
5.512410
5.802659
5.396701
5.035948
5.170497
5.265141
5.338096
5.727535
5.667737
6.377423
5.197345
5.160961
5.365119
5.681362
5.752856
6.295393
5.418248
5.552585
5.145674
5.150752
5.364380
5.593415
5.464485
5.531748
5.132469
5.135355
5.259215
5.616341
5.594012
5.378871
5.881186
5.714792
5.454040
5.205366
5.624139
5.338967
5.865989
5.677199
5.368799
5.106783
5.065716
4.928747
5.361874
5.451360
5.536336
5.993548
5.142283
5.039683
5.334887
5.422333
5.481033
6.023615
5.544201
5.690549
5.354029
5.085360
5.273203
5.513378
5.609491
5.782088
5.306688
5.023491
5.185458
5.449159
5.515546
5.281195
5.943225
5.738918
5.616416
5.547131
5.515575
5.257467
5.962961
5.697890
5.563656
5.235393
5.049003
4.853734
5.174239
5.298369
5.372253
5.738189
5.117631
4.999241
5.217831
5.297908
5.293969
5.652259
5.577315
5.794232
5.228310
5.151369
5.372693
5.706621
5.498598
5.775524
5.149542
5.152749
5.306385
5.711144
5.545607
5.116963
5.856193
5.581021
5.396454
5.117544
5.573972
5.121348
5.807828
5.612721
5.411755
5.420687
5.177195
5.003277
5.236047
5.169077
5.323972
5.608915
5.273286
5.148803
5.170213
5.119119
5.203063
5.542229
5.620374
5.791585
5.337504
5.029681
5.204980
5.543546
5.658738
5.906141
5.404824
4.992577
5.188540
5.580621
5.295072
5.042380
5.641439
5.644201
5.346678
5.488694
5.278913
5.080682
5.733718
5.752477
5.416492
5.494402
5.406417
5.066244
5.219807
5.199835
5.151287
5.380654
5.377553
5.103492
5.172226
5.299314
5.353807
5.497420
5.668524
6.080723
5.431177
5.098201
5.090467
5.424780
5.611515
6.002563
5.171334
5.229766
5.104349
5.417121
5.232814
4.887847
5.533579
5.652216
5.265633
5.453250
5.244084
4.923686
5.636724
5.704165
5.338899
5.434552
5.438478
5.291614
5.298229
4.984154
5.092997
5.201617
5.467939
5.223514
5.295074
5.058254
5.093576
5.154846
5.567665
6.018908
5.371468
5.203868
5.238013
5.368284
5.550697
5.893902
5.293810
5.281779
5.208796
5.299200
5.167311
4.759004
5.517057
5.549275
5.252923
5.514006
5.279599
4.772449
5.460444
5.577113
5.298883
5.519139
5.535065
5.268496
5.475583
5.081933
4.990768
4.993225
5.479875
5.300156
5.525630
5.066778
4.902936
4.928486
5.447556
5.670149
5.139548
5.334813
5.198161
5.351302
5.457937
5.575814
4.984414
