544.349113
547.862996
538.992954
542.593144
544.797807
534.052384
551.219523
554.401131
539.756021
542.784030
544.341498
533.596696
549.288372
554.128088
537.260021
542.725111
533.992396
541.318038
545.463159
545.636636
545.270216
541.174211
533.416517
540.154565
545.823004
546.177523
545.562840
542.933305
533.584823
529.088558
541.047524
545.132295
538.652106
543.155987
533.049203
529.367195
541.163525
545.400344
538.691222
544.014691
544.513893
532.478873
548.581736
554.233071
537.999572
544.614428
543.667621
531.724717
549.191226
555.128128
537.386623
540.908210
533.530670
540.805816
546.527019
546.070852
546.468240
541.574673
533.108792
539.437548
546.674173
546.451881
545.665303
545.059496
534.042941
530.472554
541.034479
543.873248
537.631642
544.176492
534.760839
530.362998
541.862660
544.118382
538.014795
543.109770
543.054588
531.486269
549.841525
553.675961
536.520359
543.101249
543.638632
531.103171
550.113040
554.134023
537.624614
539.363012
532.318123
541.743224
543.892614
544.804916
544.474514
538.839019
532.915500
542.341426
544.166254
544.397453
544.847458
543.872793
533.823252
531.359440
542.057013
544.412154
536.556983
543.946624
534.518638
531.050531
541.730721
545.053835
536.798031
543.322051
543.573145
531.809406
549.397006
551.258002
538.716473
543.003794
543.591498
531.344000
549.124169
552.151976
538.368025
536.845643
531.670520
541.178793
543.404302
543.346441
545.693747
536.810878
531.910371
541.238564
543.855071
543.707969
546.717640
542.745080
534.831511
531.444159
543.256510
546.617047
535.466070
542.790439
534.273786
531.523817
543.401901
546.655242
534.234700
543.074420
544.223153
532.742411
550.517172
551.520369
538.293635
543.072024
543.499742
532.582423
192.730313
8697.957383
547.551071
534.800357
528.710923
538.775574
542.621918
544.732363
547.853543
534.368739
529.051230
539.920237
542.651691
544.444266
547.543526
542.595140
535.223609
532.200451
544.446547
546.889036
533.777144
543.101245
534.837447
532.364907
545.055111
546.951909
533.669252
542.853357
541.989816
531.684423
551.120179
551.563469
540.868652
542.796552
540.875579
530.637027
551.501941
551.814356
539.853144
534.826256
528.776014
539.790326
541.685197
543.412441
547.729134
533.744958
528.068664
539.046731
540.778396
543.072103
547.649545
544.391034
536.693247
531.894395
544.316703
547.362929
534.146824
543.957711
537.003382
531.461980
544.575743
547.126203
534.602840
544.191871
542.454741
532.238187
549.675611
551.638497
542.168573
543.793895
541.961167
532.206265
550.532913
551.564749
541.731542
534.672624
528.859466
539.852645
544.636030
544.322877
547.882961
534.875511
528.902894
540.495420
544.975712
544.354747
547.649201
545.028082
537.345399
533.666666
542.266906
548.142417
533.389248
544.356693
537.296972
533.784358
542.623919
548.598690
532.134032
543.802214
541.389584
530.659932
549.657805
547.321472
539.341518
544.707675
541.881693
531.112888
548.371075
548.640837
539.728668
533.920130
527.145690
539.635372
546.684643
544.010685
551.574256
533.623988
526.574653
539.084190
544.887588
543.436343
552.568120
545.381053
537.240278
535.193726
541.874335
548.867470
534.143444
545.444807
538.546668
537.192959
541.593457
549.047098
534.606725
544.095200
540.837046
530.701722
548.711352
547.047779
538.911915
545.607676
541.096884
529.270283
549.131987
547.335163
538.321700
532.503666
525.231293
540.273124
544.424602
542.451923
551.575953
533.189198
524.306020
539.832927
545.164097
542.835908
551.492855
544.286026
539.377039
536.735301
541.719958
547.160607
533.852859
543.787521
540.062264
536.467972
540.657135
546.002115
533.214846
544.528197
539.649097
529.160524
548.502175
547.353470
537.889489
543.436008
538.302664
528.667655
549.696396
548.625262
538.787606
534.091162
525.910648
543.426064
545.730241
543.841322
551.230600
534.045781
525.916081
543.736569
545.939676
544.016898
551.081879
545.719215
542.230108
540.022120
541.776752
547.319396
535.854838
545.232058
541.921122
539.077660
541.270973
547.420432
536.076524
543.475257
538.235795
528.623579
548.392393
547.777742
535.670817
543.770193
537.933233
527.375856
549.251785
547.576152
534.483637
535.149967
528.887737
545.382655
546.291749
544.171199
550.827948
534.688239
527.992272
544.608831
546.672080
544.226749
550.691867
545.046601
542.051566
539.497100
540.904278
548.354948
537.305678
544.799823
541.265622
540.368987
540.421801
547.826379
538.832380
542.523410
536.132442
525.370425
548.852710
546.141881
534.648529
542.806915
534.826691
523.984705
548.842906
546.146182
535.081411
535.999441
528.534833
544.030492
548.051526
542.997928
549.672443
535.752944
527.968463
544.088080
548.084844
544.090955
549.624608
545.528470
542.301205
538.580399
542.437747
547.559029
537.544128
545.186129
542.749726
539.443841
541.889316
548.479356
538.042350
541.930544
535.077323
524.546927
549.709750
545.783135
535.000381
541.282351
534.279950
524.048289
549.823554
546.849938
534.724382
536.217287
527.575773
542.605934
547.786139
545.355090
549.926216
535.157586
526.108703
541.890067
548.857538
545.944797
550.604121
545.326492
543.213216
540.119280
540.486023
548.045405
538.267426
544.886346
542.740111
540.087419
541.062793
548.913961
537.750721
540.209925
532.904184
523.083037
549.641952
546.148824
533.691404
541.328590
533.608471
524.934343
