-3236.400122
6992590.853327
85286.907293
3.387295
-15809.252530
55618854.449929
337483.407861
52.260504
-3474.163333
18315378.370714
-9394.463762
133.209784
-15818.161565
55650199.767865
337673.594466
52.287819
-3475.318412
18320608.606461
-9374.808699
133.249003
-519.622963
2719241.788656
4366.405116
213.314946
-14.909633
98312.719811
8476.570382
4.534579
-520.813171
2725502.050717
4376.385755
213.441620
-14.957380
99033.739918
8539.016980
4.569310
0.026743
167.282735
0.732955
0.026327
-3277.613285
7081610.132444
86372.594908
3.424004
0.027637
166.957426
0.735078
0.027743
-3286.444787
7100685.580033
86605.263558
3.432968
-15847.118225
55752072.431329
338291.411912
52.385889
-3480.708941
18345017.841003
-9282.455816
133.430560
-15856.027286
55783417.457006
338481.584921
52.414135
-3481.863447
18350248.083651
-9262.627360
133.471977
-524.680059
2745849.266733
4408.548903
213.864215
-15.470248
102398.136539
8829.115071
4.731011
-525.870296
2752110.288852
4418.486082
213.992856
-15.580016
103118.858448
8891.266222
4.765334
0.026826
167.095850
0.728396
0.024950
-3327.656155
7189704.191966
87690.957613
3.462464
0.026580
167.241586
0.725965
0.024293
-3336.487525
7208779.771760
87923.636603
3.470001
-15884.983287
55885289.980721
339099.436697
52.510107
-3487.253196
18374656.697657
-9169.797318
133.663355
-15893.893120
55916635.418736
339289.612292
52.539233
-3488.407693
18379886.908143
-9150.052118
133.703585
-529.737293
2772458.244783
4451.330487
214.417739
-16.093808
106483.493387
9181.860170
4.921519
-530.926966
2778718.041395
4461.130514
214.546929
-16.203879
107204.441838
9244.085149
4.955253
0.026900
167.144176
0.727803
0.023994
-3377.699853
7297798.942904
89009.116613
3.502248
0.027730
166.931522
0.731019
0.023905
-3386.530041
7316874.567285
89241.776037
3.509199
-15922.850227
56018508.090045
339907.526620
52.628440
-3493.796803
18404295.180845
-9057.447789
133.894220
-15931.759118
56049853.269498
340097.594081
52.654725
-3494.951740
18409525.522829
-9037.542540
133.936465
-534.794365
2799065.285044
4493.680242
214.969857
-16.719470
110570.078185
9534.051187
5.111241
-535.984370
2805327.047086
4503.479865
215.103824
-16.829679
111290.988151
9596.402711
5.144334
0.028599
166.548132
0.730194
0.024703
-3427.736377
7405894.087318
90327.506069
3.544567
0.029203
166.356520
0.729198
0.025077
-3436.567444
7424969.875699
90560.164559
3.550957
-15960.673239
56151725.881274
340715.538125
52.747495
-3500.341024
18433933.584647
-8945.716910
134.129643
-15969.582968
56183071.330220
340905.769806
52.773034
-3501.496073
18439163.982049
-8926.117316
134.167818
-539.852436
2825675.441058
4533.999107
215.530965
-17.342481
114655.310849
9886.344178
5.300884
-541.042473
2831935.689289
4543.981405
215.660914
-17.452494
115376.261137
9948.425341
5.332115
0.028297
166.738969
0.728795
0.023869
-3477.782561
7513989.679050
91645.924122
3.586456
0.029712
166.549218
0.729775
0.024091
-3486.613809
7533065.232361
91878.468293
3.594231
-15998.498533
56284943.776990
341524.248402
52.864966
-3506.884158
18463571.811409
-8833.666305
134.364740
-16007.407891
56316289.076195
341714.438134
52.894202
-3508.039215
18468802.164037
-8813.787107
134.404611
-544.910221
2852284.242780
4575.941661
216.084743
-17.965578
118740.510046
10238.519283
5.490145
-546.100428
2858545.113536
4585.923763
216.212462
-18.075532
119461.292891
10300.703901
5.521775
0.029987
166.511967
0.728753
0.023036
-3527.826626
7622084.503981
92964.248860
3.630502
0.028883
166.723125
0.725416
0.021596
-3536.657848
7641160.136757
93196.905102
3.637542
-16036.365078
56418161.998485
342332.810965
52.987378
-3513.428786
18493210.530439
-8721.685820
134.592626
-16045.275210
56449507.526596
342522.937969
53.018993
-3514.583562
18498440.875069
-8702.385756
134.634575
-549.968188
2878893.210488
4617.432664
216.629511
-18.589409
122826.089030
10591.727258
5.687374
-551.158489
2885154.278591
4628.341979
216.758988
-18.699435
123547.161436
10654.053810
5.721816
0.028854
166.401344
0.726854
0.023467
-3577.853354
7730179.079793
94282.555311
3.672215
0.028156
166.738964
0.716426
0.022783
-3586.685124
7749255.069115
94515.213356
3.677362
-16074.230479
56551380.122302
343140.616621
53.115215
-3519.972131
18522849.089298
-8610.455876
134.825845
-16083.140979
56582725.767968
343330.640139
53.141458
-3521.126616
18528079.330612
-8590.710865
134.864653
-555.025765
2905502.929296
4658.803926
217.170810
-19.211782
126911.876689
10944.154980
5.877040
-556.216202
2911763.496829
4668.718146
217.292636
-19.321746
127632.720814
11006.293077
5.912411
0.027705
166.654155
0.710338
0.020740
-3627.898155
7838274.302066
95600.932030
3.711457
0.026850
167.100830
0.722181
0.021451
-3636.729520
7857349.838472
95833.617320
3.718902
-16112.097199
56684597.996701
343948.377500
53.230390
-3526.515229
18552487.128213
-8498.151020
135.048284
-16121.007177
56715943.413788
344138.567003
53.258871
-3527.670868
18557717.736752
-8478.367185
135.088733
-560.085417
2932112.175017
4699.711270
217.720173
-19.835894
130997.663316
11296.686882
6.069596
-561.275284
2938372.702909
4709.511326
217.853426
-19.945950
131718.451105
11358.700943
6.101058
0.027148
166.744592
0.710248
0.021024
-3677.941752
7946368.987796
96919.445877
3.753325
0.027183
166.687673
0.707875
0.020281
-3686.772669
7965444.635973
97152.036878
3.761116
-16149.986419
56817815.673611
344756.520127
53.352927
-3533.060803
18582126.264492
-8385.220118
135.273681
-16158.896191
56849161.275957
344946.597388
53.380944
-3534.215785
18587356.424912
-8365.189463
135.315463
-565.143001
2958719.929440
4741.262098
218.282891
-20.459853
135083.306704
11649.540103
6.258594
-566.333126
2964980.666061
4751.342386
218.413115
-20.570081
135804.233604
11711.654698
6.292524
0.026402
166.991722
0.709563
0.019788
-3727.984945
8054463.921021
98237.667177
3.800011
0.026659
166.985963
0.709347
0.019489
-3736.816371
8073539.495376
98470.325668
3.806988
-16187.853111
56951033.928120
345564.716517
53.475837
-3539.605249
18611765.636527
-8273.453400
135.505919
-16196.762730
56982379.405460
345754.906242
53.504704
-3540.759698
18616995.888515
-8254.524305
135.547782
-570.201598
2985327.788136
4782.605817
218.829469
-21.084767
139168.683780
12001.952698
6.444452
-571.392020
2991588.487469
4792.406122
218.958122
-21.195270
139889.811506
12064.138870
6.480880
0.026151
167.349550
0.714006
0.019383
-3778.028966
8162558.849386
99556.110233
3.840155
0.026111
167.335283
0.707601
0.017108
-3786.860305
8181634.518948
99788.786833
3.848094
-16225.718790
57084251.885178
346372.886577
53.595939
-3546.149258
18641404.600176
-8162.260109
135.742333
-16234.628529
57115597.479996
346563.076004
53.624851
-3547.304399
18646635.244901
-8142.513031
135.782611
-575.260209
3011936.186636
4823.961045
219.365731
-21.707994
143254.295890
12354.791189
6.640991
-576.450256
3018196.441753
4833.760371
219.492077
-21.819049
143974.999870
12417.348950
6.674377
0.025024
167.732025
0.704848
0.018434
-3828.072813
8270653.612267
100874.525608
3.883062
0.025416
167.562955
0.706168
0.019215
-3836.903646
8289728.995166
101107.197767
3.890741
-16263.584206
57217469.625788
347180.965303
53.719088
-3552.693650
18671043.311123
-8049.569890
135.974753
-16272.494088
57248815.119893
347370.913595
53.747107
-3553.848954
18676273.632280
-8029.833704
136.014873
-580.318228
3038545.784292
4864.758137
219.918467
-22.332451
147339.996527
12707.464358
6.833221
-581.508248
3044806.967067
4874.565762
220.047386
-22.442152
148060.906216
12769.648892
6.867719
0.025387
167.630897
0.706164
0.017569
-3878.117165
8378748.592045
102192.964283
3.926382
0.025222
167.645144
0.707850
0.017376
-3886.947958
8397824.134609
102425.652097
3.935357
-16301.449069
57350687.610520
347989.326921
53.841815
0.016572
19.064283
0.051859
-0.035295
-16310.358292
57382033.083511
348179.516717
53.872022
