0.147030
1.561804
4.594255
-0.318452
0.737316
1.229476
-0.833175
-0.681078
-0.090544
5.218258
7.563786
2.717014
1.015780
-0.509702
2.864679
-0.394438
0.294648
1.409328
-0.094428
-1.592455
0.480565
0.014785
2.185368
1.237141
0.319646
2.145019
2.567978
-1.259329
1.106399
0.832054
-2.370218
-1.987626
0.694310
4.847566
-1.600295
-2.319799
0.053150
5.170872
1.924765
-1.434943
0.926160
-0.670416
1.056532
0.749264
1.327335
-5.898462
2.664025
-0.798139
2.749333
-4.316898
3.024175
-1.171449
-0.039163
2.549716
2.420975
-0.298374
1.447783
-1.384444
2.088248
-0.609012
0.552152
2.559502
-3.762685
-1.428200
0.966361
0.667873
-1.833802
-0.947582
0.456862
1.815201
3.032327
-1.641437
0.773737
-0.316313
-0.450968
-1.090808
0.165158
2.654761
-0.344604
0.474379
0.576383
2.466819
6.004257
-0.552728
0.477061
-1.530476
-0.018039
1.965621
-0.145409
4.461227
2.865776
-0.566302
0.040787
2.058949
2.426594
0.615955
0.874597
-3.272679
1.650939
0.885711
-0.103263
1.308769
-2.270289
-0.977492
0.409104
1.662077
0.402203
-3.064659
0.479230
-0.607918
-4.819936
-1.377394
0.163041
-0.162631
-2.005270
-1.173087
0.146878
3.819106
-1.520412
-0.987754
1.451716
1.197638
-5.491433
-0.476440
0.404201
2.775275
-2.762529
-1.629852
0.270539
2.877684
1.060417
1.916056
-0.816037
5.765359
0.571394
0.050337
1.221747
-0.162364
-5.089743
-0.633965
1.572445
0.866674
-2.791674
0.411839
0.322343
2.582880
0.722391
-0.457265
1.035939
1.165968
-2.131656
-0.807393
-0.311447
2.576778
3.835215
-0.831763
1.336829
1.968652
-1.974410
-2.568233
1.582342
0.171482
3.656430
0.930606
0.228110
2.416546
1.183649
-0.986606
0.969119
-1.466788
-0.869022
-2.328778
0.979554
-1.414382
3.677711
-0.335062
1.510475
-1.345342
0.145486
-0.397184
-0.376618
4.055387
1.643974
-0.166230
0.022494
7.231299
-3.297226
-0.486378
-0.257806
4.346160
6.119254
2.004357
0.502730
0.787468
7.100687
2.826736
1.318797
-0.782214
3.443599
-0.068494
2.479970
-5.506497
0.261877
-0.265654
0.282183
-0.422204
1.931480
0.383839
0.952870
2.017789
3.756426
-0.249613
1.507370
-3.643303
1.849337
-0.693374
1.989819
0.669832
0.255944
-2.818230
-0.199582
4.019110
-1.287096
0.395224
-0.149764
7.889010
7.436537
1.053759
-0.419167
7.038519
2.009708
-0.253758
0.708654
0.600437
1.103189
-1.293876
1.384365
1.212611
-3.791532
-2.539154
0.955072
0.572122
4.145210
0.960332
0.134518
1.059588
4.765359
-0.319289
1.558948
-3.235642
1.323754
-1.271817
-0.700489
8.263485
-2.757257
-0.474629
0.828234
0.219857
-2.541148
-0.413769
0.206794
1.866054
3.459773
-0.539319
0.621881
-2.101736
-1.579372
0.343601
1.104719
-0.643928
0.242300
-1.177244
1.100728
-0.803280
2.353053
-1.852759
1.272749
2.255340
7.014629
0.205177
1.309149
-0.005088
5.555216
-1.140569
-0.239594
2.442805
-1.024332
0.570566
1.375840
-2.631814
2.021199
0.173507
-0.883147
5.697429
2.344305
-0.928932
1.045239
2.251161
-0.272919
0.019066
0.299899
1.203468
1.929715
-1.257772
0.430172
0.311929
-2.999382
-1.103573
0.401211
2.390925
1.599120
-0.131299
0.557966
1.691040
-2.312666
-0.175350
0.729352
0.200141
4.488731
-0.378378
1.453017
0.186117
4.456604
-1.087451
-0.699105
7.757216
2.124889
-0.114946
0.480717
-0.911819
1.904952
0.415299
0.724867
-2.429101
1.098842
-0.188674
0.881195
0.177457
1.066638
-1.419131
0.199795
9.157361
1.060041
-1.538814
-0.022802
2.648818
-0.286281
-0.009115
0.843687
4.889242
-3.669618
-1.795780
0.916154
4.902123
-0.794515
-0.740288
2.013854
-3.232476
6.663103
-0.183575
1.056252
2.755659
4.108238
-1.599845
0.083826
3.195088
0.467039
0.871123
0.028328
1.714825
5.468083
-1.252109
0.192780
3.214621
2.840918
-1.855916
0.290105
2.600272
5.205635
-0.949206
0.129279
1.604793
-2.746221
-0.391173
0.303175
1.427849
-0.385753
-0.257483
1.249565
2.208619
-3.477911
-1.959585
0.718529
-0.364096
1.825111
-0.038066
-0.430134
1.653980
1.921453
0.969631
0.296545
-0.584729
0.888463
-1.352860
1.447978
2.095905
0.986566
-1.019631
0.967217
-0.722733
-7.231074
-2.123116
-0.325723
1.570123
1.058522
-1.408569
1.416539
-1.709559
-2.895890
-1.780080
1.209570
-2.604409
1.495279
-3.012805
0.550912
1.227561
6.195491
1.272749
0.608734
-1.822976
0.825742
0.877942
0.001013
1.366862
1.674865
-1.499177
0.995450
-0.045758
-2.238443
0.150071
1.384461
-0.360760
-1.032814
-0.004291
0.317488
0.370197
-2.106580
-1.800310
0.309238
1.557036
-0.661376
-1.461182
1.018089
0.476996
3.160803
-0.967878
0.618072
-1.597672
-0.322623
0.101444
0.244897
3.307439
-2.039241
-2.206385
0.611172
1.049045
-2.368459
-0.680886
0.930149
3.324843
-0.349627
1.084190
-0.490936
7.280102
3.818385
1.383331
0.254125
4.660003
-0.687067
-2.395594
1.317671
-3.289498
-0.346080
0.795039
0.505171
3.881590
1.113596
0.225746
0.836596
0.136868
-1.320181
-0.144581
2.061222
-2.943845
2.526844
-0.213370
0.837940
-2.877537
-2.367444
-2.635584
0.037512
9.171727
-1.285867
0.454176
0.980390
0.767441
-0.665424
-0.606225
-0.220157
3.210220
0.013679
-0.920102
-0.369835
3.521724
-2.110278
-0.678947
0.314772
-1.152902
-1.412616
-0.672927
1.846241
-0.371936
0.591369
-0.152979
-0.010613
6.331811
2.934824
-1.278187
1.510412
-0.434525
5.094372
-0.222415
1.361698
1.666685
0.772776
-0.045046
-0.463153
3.145705
-7.111093
-2.568461
0.892870
-1.157196
-0.470653
-0.275187
0.912974
-0.040911
2.338322
0.329937
2.161831
-3.341386
-0.034804
-1.344916
1.602222
-0.872720
7.356733
1.090667
1.354440
-5.359925
4.295439
0.021630
1.105491
-2.643561
-3.192332
0.316576
1.379536
-2.782039
2.947493
-0.002368
0.465680
0.747579
-3.924665
-0.146014
1.909186
-4.469497
1.507055
-0.252141
-0.149239
4.986846
5.645086
0.187170
0.435181
-0.092986
-8.707500
-0.762803
1.701125
-0.975507
-1.584559
-0.937973
1.532173
-3.893623
4.839764
0.312971
1.680904
-2.338727
2.326296
-0.635536
0.990641
1.254220
-5.416161
-1.809986
1.249393
-0.470795
7.838430
-2.244861
2.445746
-3.297570
-4.742622
-0.177469
0.180678
4.908814
-1.147710
-0.354153
0.049096
1.678714
-0.179856
-0.025156
0.411295
1.738923
0.011882
-1.301722
0.712002
-0.279981
-0.266671
-1.542387
0.862117
-0.573282
2.175346
0.737428
1.693690
-1.713690
7.659096
1.776329
-0.533335
2.584129
-1.070757
-0.637842
-0.082072
7.457760
1.213211
0.363138
