6.028262
5.706311
5.605965
5.551565
5.596142
5.849999
5.646622
5.561369
5.628656
5.414669
5.762879
5.706831
4.950313
5.459711
5.533892
5.338468
5.459600
6.038520
5.898553
5.425240
5.332939
5.978487
5.972163
5.653943
6.339923
5.491170
5.504418
5.333502
5.468373
5.195217
5.245152
5.105228
5.009064
4.805462
4.949549
5.426926
5.216164
5.337810
5.386450
5.487036
5.647506
5.332858
5.330880
5.604608
5.381195
5.389175
5.260698
5.075858
5.123842
5.175589
4.842507
5.033422
5.082178
5.264769
5.127917
5.376664
5.585815
5.416296
5.473529
5.678683
5.347557
5.402980
5.671107
5.291789
5.055494
5.403585
5.209359
5.352189
5.563803
5.574540
5.263707
4.868913
4.678087
5.085354
5.538827
5.567058
5.849637
5.592449
5.223404
4.859361
4.889066
5.068385
5.672259
5.817147
5.495357
5.388361
5.498132
5.090819
5.185717
5.117126
4.645884
4.994584
4.886497
4.808645
5.108811
4.877041
5.457417
5.222315
5.644107
5.075640
5.355311
5.611110
5.513000
5.321689
5.316430
5.334133
5.400926
5.483435
5.692598
5.414211
5.472974
5.272937
5.381064
5.332747
5.524429
5.362504
5.409236
5.399242
5.738382
5.727787
5.496084
5.587218
5.503098
5.222035
5.303248
5.263240
5.620537
5.332797
5.339354
5.162431
5.096273
5.084983
5.561270
5.418204
5.025596
5.061375
5.251440
5.162202
5.330022
5.392411
5.684021
5.401529
5.291401
5.383660
5.805363
5.666187
5.652471
5.263403
5.353583
5.329756
4.987659
4.854835
5.051306
5.246274
5.147938
5.290813
5.392997
5.377249
5.689461
5.743177
5.565414
5.406083
5.324731
5.145703
5.206929
5.334718
5.222207
5.136059
5.537367
5.228225
5.380175
5.116450
5.288274
5.763118
5.927026
5.299732
5.118690
5.002429
5.187931
5.299840
5.129236
5.306718
5.298460
5.353738
5.362235
5.508944
5.614816
5.715423
5.423459
5.303928
5.128015
5.186787
4.962679
5.140758
5.156149
5.061062
5.069648
5.169603
5.436992
5.360177
5.442826
5.277125
5.314591
5.518934
5.818280
5.490161
5.617122
5.222303
5.509450
5.300477
5.843567
5.343070
5.310381
5.188647
5.389905
5.683978
5.588482
5.564229
5.662916
5.631102
5.383625
5.159326
5.148642
5.465293
5.439408
5.333796
5.239521
5.403286
5.346167
5.550322
5.468235
5.495424
5.420856
5.380111
5.435699
5.416546
5.310358
5.204386
5.153590
4.951135
5.106340
5.071777
4.988078
5.012032
5.326728
5.169124
5.532592
5.252971
5.353073
5.502425
5.498213
5.782357
5.496470
5.005606
5.177152
5.344731
5.015139
5.178802
5.178818
4.953224
5.042376
5.317572
5.390204
5.039035
5.371640
5.406454
5.214167
5.345843
5.559015
5.989325
5.837436
5.650520
5.653455
5.487389
5.131016
5.340871
5.454355
5.441431
5.332115
5.407709
5.466359
5.291021
5.041430
5.261092
5.560296
4.924934
4.970507
5.253566
5.367236
5.296160
5.786028
5.015173
5.444624
5.318074
5.169103
5.097317
5.095323
5.139976
5.232269
5.113492
5.483575
5.279479
5.425577
5.553656
5.526804
5.504415
5.556425
5.231515
5.546465
5.366783
5.488279
5.486125
5.448253
5.392677
5.414095
4.926765
5.086085
5.417874
5.473361
5.688387
5.483511
5.175112
5.105696
5.135014
5.373774
5.370458
5.006567
5.001411
5.173929
4.962845
5.164827
5.324494
5.709256
5.604467
5.670415
5.615214
5.464659
5.327451
5.757102
5.289403
5.311381
5.960091
5.994972
5.696879
5.966532
5.812354
5.816947
5.307868
5.405469
5.277979
5.250689
5.534263
5.236156
5.233695
5.028891
5.425745
6.057334
5.771986
5.650804
5.611130
5.470772
5.784170
5.726198
5.624848
4.939595
4.909139
5.103789
5.473260
5.051096
5.359952
5.448550
5.211959
5.265514
5.235409
4.993388
5.245253
5.357921
5.586654
5.424007
5.216127
5.432194
5.332506
5.258816
5.266419
5.144674
5.208101
5.297919
5.539701
5.520614
5.021649
5.625862
5.492755
5.426177
5.677693
5.488459
4.989870
5.046992
5.107114
5.295388
5.246665
5.271529
5.327343
5.629637
5.601818
5.313311
5.520958
5.275670
5.255271
5.236897
5.483391
5.575503
5.480359
5.456633
5.308113
5.510719
5.368676
5.439477
5.636163
5.760557
5.803237
5.937362
5.686642
5.250419
5.143054
5.415350
5.490953
5.215954
4.959855
5.445129
5.458267
5.479866
5.573875
5.515759
5.639444
5.466491
5.457584
5.491636
5.811851
5.728237
5.583282
5.407433
5.658300
5.771740
5.876461
5.581233
5.567276
5.364046
5.172562
5.259877
5.066316
4.885088
5.498198
5.421354
5.361576
5.275919
5.555337
5.830916
5.400831
5.348556
5.422305
5.415999
5.175912
5.327155
5.357910
5.749056
5.583820
5.856127
5.637253
5.658487
5.442863
5.579214
5.729738
5.561456
5.567019
5.602975
5.504912
5.448016
5.279147
5.176956
5.167985
5.286924
5.102292
5.395215
5.404244
5.277411
5.470829
5.421463
5.826112
5.879164
5.741726
5.651530
5.821093
5.625337
5.278678
5.085745
4.991709
4.910587
5.011381
5.571644
5.208322
5.367022
5.379613
5.382457
5.622299
5.467230
5.660440
5.749065
5.412630
5.146430
5.445450
5.241469
5.301673
5.249175
5.847219
5.633968
5.179679
5.637521
5.367518
5.186949
5.459813
5.769719
5.497350
5.786165
5.832481
5.701005
5.523361
5.308945
5.533065
6.008486
5.829144
5.694042
5.626750
5.452911
5.809544
5.736268
5.483565
5.628406
5.274620
5.418300
5.348168
5.300889
5.254561
5.491800
5.600899
5.297327
5.226284
5.015654
5.174203
5.165526
5.381979
5.543493
5.512970
5.390229
5.189115
4.831105
4.986773
5.197119
5.170399
5.114812
5.162682
5.201567
5.321010
5.458934
5.590763
5.246608
5.055705
4.881806
5.213454
5.199617
4.919661
5.204571
4.990476
5.460443
5.255797
5.372547
5.329090
4.906778
4.988264
4.972533
5.364872
5.739694
5.553666
5.572993
5.595302
5.526361
5.510979
5.725060
5.775018
5.604011
5.564789
4.872336
4.759132
5.269181
5.436318
5.140638
5.213164
5.043482
4.864349
5.094841
5.359945
5.402882
5.481234
5.819520
5.781182
5.821856
5.377416
5.136596
5.277280
5.268528
5.594685
5.394522
5.664332
5.678593
5.484697
5.298294
5.329416
5.194274
5.401290
5.287937
4.981019
4.879877
5.254476
5.417672
5.474460
5.543278
5.249185
5.612241
5.860064
5.360371
5.192027
5.347640
5.204286
5.377100
5.715094
5.529810
5.408242
5.498139
5.067444
5.146791
4.917226
5.412482
5.258856
5.200549
5.083080
5.110690
5.402484
5.287576
5.312688
5.437432
5.168329
5.444381
5.561799
5.480988
5.432274
5.661337
5.497276
5.272144
5.117615
5.644793
5.599144
5.371967
5.280505
5.228061
4.874085
4.910180
4.787262
5.436056
5.378181
4.875799
5.373104
5.549695
5.523166
5.310752
5.197435
5.330983
5.619096
5.647561
5.307909
5.405279
5.087677
5.465138
5.464274
5.152197
5.127185
5.492914
5.428101
5.554309
5.523936
5.335587
5.503631
5.575540
5.415199
5.308306
5.173841
5.213855
5.586739
5.330420
5.513490
5.304725
5.383808
5.214577
5.210361
5.368893
5.556686
5.246913
5.007573
5.060506
5.241381
5.153991
5.057426
5.231429
5.224457
5.074497
4.828968
5.119146
5.300186
5.298278
5.153228
5.616936
5.714943
5.679252
5.631103
5.565713
5.454628
5.243060
5.014030
4.989877
5.060516
5.537729
5.643552
5.287377
5.349689
5.348066
5.045103
4.887163
5.178653
5.034935
5.325190
4.992403
5.316738
5.418614
5.480672
5.555187
5.535899
5.734751
5.670391
5.387905
5.395714
5.635363
5.190197
5.344821
5.133272
4.997909
5.128559
5.287770
5.192112
5.357467
5.629660
5.116606
5.206918
5.387146
5.436438
5.402946
5.592431
5.565580
5.342853
5.308540
5.265271
5.344333
5.200070
5.263013
5.201317
5.361406
5.628777
5.557687
5.332973
5.624010
5.420212
5.338703
5.650760
5.525227
5.412144
5.599421
5.404925
5.217807
5.432658
5.420648
5.606893
5.771727
5.592569
5.256882
5.232188
5.119413
5.627915
5.738275
5.344208
5.259514
5.264790
5.164632
5.347095
5.328434
5.198068
5.052209
5.309002
5.334162
5.401737
5.237526
5.600411
5.695044
5.696025
5.698733
5.745309
5.306270
5.235253
5.065278
5.463263
4.899043
5.072158
5.512502
5.240037
5.216864
5.328782
5.064783
5.412945
5.445290
5.222669
5.393962
5.303953
5.650222
5.548174
5.487292
5.320730
5.551049
5.359757
5.040453
5.201605
5.103736
5.317633
5.289708
5.088056
5.390643
5.965539
6.272740
5.844022
5.909956
5.875308
5.762684
5.850179
5.798173
5.428635
5.410047
5.380365
5.376360
5.203431
5.259577
5.579451
5.346566
4.905787
5.500156
5.238926
5.139814
5.295745
5.129297
5.158242
5.175262
5.084796
5.368060
5.669014
5.961784
5.441660
5.529804
5.288306
5.511918
5.150281
5.241916
5.322036
5.280562
5.365438
5.014246
5.202138
5.176328
5.268972
5.728361
5.659057
5.384182
5.435216
5.482919
5.577091
5.785848
5.576539
5.797434
5.683502
5.568352
5.678306
5.165793
5.146148
5.187107
4.930053
5.289630
5.588347
5.486434
5.268873
5.094691
4.834022
4.973231
5.212189
5.197185
5.227266
5.175614
5.533670
5.133145
5.479801
5.657493
5.379885
5.256615
5.129798
5.080706
5.281354
5.259152
5.354496
5.429063
5.199094
5.152544
5.673008
5.466665
5.847435
5.836457
5.648788
5.618536
5.313265
5.519608
5.424424
5.472183
5.461513
5.159862
5.045648
5.215949
4.874588
4.850413
5.210503
5.002922
5.138769
5.191284
5.674019
5.588467
5.507934
5.546977
5.665179
5.673791
5.545074
5.660033
5.329665
5.421744
5.708292
5.577526
5.423352
5.852355
5.517535
5.290568
5.364724
5.203998
5.013855
5.087555
5.161989
5.203847
5.725440
5.354802
5.499742
5.530785
5.559621
5.847542
5.789109
5.486698
5.657485
5.563560
5.565358
5.255845
5.332941
5.389789
5.020734
4.742455
5.064364
5.044476
5.476608
5.531401
5.469904
5.638974
5.505589
5.730397
5.638599
5.598568
5.407560
5.384794
5.578280
5.280145
4.901680
5.550804
5.233653
5.119967
5.177085
5.404368
5.464755
5.537381
4.929444
5.454408
5.365005
5.385106
5.432983
5.687451
5.032709
4.912982
5.094266
5.166462
5.002622
5.135764
5.506978
5.519105
5.644489
5.885189
5.630717
5.186077
5.160510
5.306016
5.451335
5.368439
5.329953
5.229304
5.626767
5.692740
5.443012
5.879130
5.828931
5.670144
5.344443
5.607463
4.984049
5.333279
5.455158
5.017966
4.729294
4.950727
5.102789
5.194894
5.147198
5.520653
5.359639
6.147231
5.825438
5.438941
5.478501
5.506323
5.467964
5.456437
5.085251
5.544673
5.791813
5.869828
5.564001
5.153488
5.409714
5.565828
5.399902
5.482983
5.735245
5.953945
5.628655
5.738026
5.438365
5.659014
5.820763
5.438361
5.274723
5.393286
5.410520
5.073801
5.653781
5.788875
5.552168
5.443892
5.329446
5.171982
5.123016
5.068271
5.635691
5.518856
5.344358
5.276353
5.385310
5.752163
5.843808
5.600385
5.502315
5.463355
5.114271
5.239737
5.239623
5.170204
5.469336
5.476692
5.444514
5.667613
5.553239
5.826931
5.948383
5.681278
5.544454
5.258181
5.267173
5.209530
5.322825
5.397463
5.321705
5.474004
5.550316
5.490926
5.492245
5.682355
5.367539
5.350059
4.787190
5.298038
5.630674
5.504762
5.058073
5.233263
5.475676
5.272582
5.511220
5.552070
5.224468
5.128464
5.521942
5.296995
5.484726
5.147087
5.044490
5.235757
5.200375
4.919486
5.206105
5.461715
5.189471
5.452388
5.254732
5.439570
5.546229
5.398911
5.237365
5.549563
5.751571
5.483147
5.475467
5.385433
5.490800
5.289759
5.646816
5.934601
5.731348
5.805710
5.754321
5.287146
5.597408
5.821744
6.239980
5.563253
5.225464
5.205871
5.073401
5.033325
4.949204
5.242934
5.340829
5.184598
5.196883
5.272973
5.131285
5.267889
5.165972
5.461308
5.461842
5.354891
5.614859
5.538778
5.711517
5.745109
5.530252
5.247591
5.400623
5.410362
5.463194
5.290924
4.937820
5.323036
5.611317
5.820581
5.511321
5.182843
5.267603
5.586755
5.579010
5.402773
5.271161
5.594524
5.440725
5.435227
5.480348
5.003298
4.958100
4.915322
5.167464
5.166171
5.113708
5.209526
5.350053
5.193616
5.620599
5.472465
5.501069
5.656010
5.495638
5.525685
5.562188
5.344354
5.241827
5.239374
5.161298
5.122446
5.123169
5.189453
4.914654
5.183108
4.930311
5.003464
5.266170
5.338824
5.318547
5.502645
5.331519
5.319389
5.536095
5.650578
5.266937
5.497991
5.353411
5.479221
5.561196
5.392409
5.388017
5.430981
5.162001
5.302462
4.913851
5.270788
5.401968
5.433681
5.376290
5.481842
5.409119
5.553649
5.401887
5.538380
5.512660
5.575331
5.334652
5.330901
5.204480
4.886246
4.916049
5.189344
5.297981
5.197731
5.446946
5.264246
5.247640
5.573176
5.449935
5.257677
5.299717
5.137351
5.033976
5.224459
5.717034
5.650651
5.825123
5.313347
5.121385
5.194548
5.479964
5.483620
5.519535
5.209129
5.421673
5.239919
5.199082
5.154773
5.069449
4.973230
5.215547
5.729565
5.541040
5.582332
5.253933
5.261571
5.178615
5.615989
5.507008
5.414458
5.357827
5.644058
5.706155
5.493608
5.578203
5.512492
5.492953
5.283909
5.182657
5.457565
5.452098
5.411821
5.489627
5.572100
5.776433
5.837295
5.281353
5.008753
5.516062
5.726889
5.672675
5.204439
4.841919
5.045609
5.167009
5.133063
4.766272
4.974165
5.196513
5.594352
5.392156
5.394775
5.409155
5.594871
5.635093
5.163928
5.152716
5.274505
5.344842
5.445633
5.079930
5.111588
5.564465
5.389059
5.509282
5.289248
5.226036
5.305452
5.426065
5.645991
5.531580
5.522894
5.454735
5.708722
5.680072
5.511377
5.572451
6.030342
6.151753
5.650795
5.618556
5.465171
5.150406
5.654695
5.613175
5.647626
5.614438
5.745346
5.421271
5.556780
5.545928
5.502937
5.518474
5.647314
5.291056
5.332805
5.391476
5.281119
5.308776
5.182417
5.210951
5.348852
5.597623
5.817194
5.605275
5.166956
5.279869
5.245083
5.510200
5.846064
5.345994
5.456580
5.532870
5.384351
6.070797
5.745051
5.528151
5.870025
5.743587
5.697936
5.639776
5.754547
5.417046
5.476108
6.013096
5.655665
5.451656
5.614436
5.712810
5.306223
4.986438
5.438930
5.288906
5.474258
5.835399
5.771153
5.874486
5.978368
5.410944
5.274132
5.286229
5.468813
5.240290
5.359773
4.875267
5.322999
5.507733
5.598062
5.320693
5.123216
5.398178
5.090224
5.391852
5.280569
5.346525
5.545972
5.433319
5.265386
5.518946
5.346226
5.105977
5.163698
5.699775
5.713603
5.775181
5.508895
5.458315
5.117009
5.090011
4.915425
5.320526
5.238405
5.412671
5.216513
5.365655
5.283411
5.438382
5.313457
5.593891
5.756256
5.534854
5.434597
5.040845
4.971719
4.861773
5.195678
5.044721
5.145992
5.359465
5.450063
5.323113
5.060767
5.193700
5.227868
5.263360
5.200107
4.892071
5.314383
5.255801
5.522335
5.507622
5.580280
5.501615
5.783110
5.594150
5.316791
5.123588
5.363335
5.205760
5.417541
5.578683
5.259642
5.412317
5.484155
5.711919
5.633152
5.542760
5.442075
5.294005
5.331862
5.069470
5.129541
5.276389
5.394971
5.280103
5.255097
5.261550
5.491981
5.913960
5.560659
5.642674
5.587198
5.240860
5.171577
5.336039
5.716970
5.621880
5.399837
5.120968
5.103511
5.027764
4.871051
5.178162
5.713846
5.385965
5.429507
5.203888
5.642286
5.863375
5.318712
5.287584
5.554579
5.440063
5.529160
5.639362
5.212521
5.174357
5.033516
5.433516
5.390889
5.109393
5.249650
5.232351
5.285501
5.369964
5.524035
5.371255
5.270226
5.171873
5.241702
5.129477
5.249045
5.336943
5.263021
5.125377
5.715442
5.610356
5.690968
5.573473
5.192725
5.231541
4.853808
4.994600
4.915503
5.040387
5.192921
4.931081
5.248100
5.578454
5.560654
5.376549
5.629848
5.806028
5.908375
5.592581
5.609253
5.421290
5.515766
5.494880
5.339140
5.547439
5.702262
5.323244
5.407488
5.385239
5.216407
5.290782
5.470969
5.485676
5.922939
5.917577
5.755509
5.388989
5.676933
5.319974
5.606782
5.578408
6.043581
5.790622
5.698027
5.765062
5.520343
5.479526
5.481783
5.897037
5.298103
5.378589
5.210418
5.680695
5.916287
5.602290
5.380438
5.229827
4.875712
5.025443
5.158362
5.195977
5.327722
5.226498
5.541082
5.755219
5.867791
5.685760
5.092113
5.172959
5.134558
5.565213
5.154888
5.110425
5.148152
5.002131
4.922582
5.163634
5.168780
5.969741
5.833203
5.765402
6.185072
5.760857
5.963108
5.827797
5.869111
5.900196
6.115287
5.813451
5.277690
5.716874
5.591545
5.595669
5.285890
5.694267
6.090691
5.712786
5.591728
5.627252
5.601055
5.369633
5.908545
5.574984
5.867323
5.705662
5.341863
5.347344
5.170624
5.353750
5.555519
5.257602
5.632655
5.361710
5.321666
4.961689
5.183835
5.653658
5.340706
5.471997
5.638561
5.379644
5.462087
5.565852
5.221698
5.205687
4.977170
5.053731
5.426373
5.600504
5.311855
5.251315
5.534705
5.376788
5.405372
5.680920
5.427208
5.520209
5.365151
5.011672
5.377571
5.330749
5.692327
5.793231
5.650205
5.629504
5.505723
5.604147
5.701120
5.781401
5.561539
5.384707
5.611527
5.695185
5.628182
5.394908
5.507939
5.472915
5.147248
5.427751
5.604699
5.530833
5.426501
5.359310
5.041373
4.906023
5.063970
5.063213
5.400973
5.449443
5.457267
5.581007
5.395089
5.244668
5.147079
5.376744
5.412809
5.410765
5.549507
5.897700
5.777963
4.984449
5.754232
5.577640
5.649076
5.336082
5.448166
5.473901
5.559176
5.510710
5.587207
5.638030
5.574602
5.509613
5.411120
5.291344
5.488428
5.787385
5.514086
5.738111
5.495631
5.443989
5.500782
5.780174
5.613803
5.492147
5.327806
5.452024
5.526283
5.412193
5.294950
5.028317
5.137593
5.504512
5.283574
5.165399
5.216553
5.181645
5.248326
5.388741
5.217824
5.398671
5.640034
5.392323
5.305582
5.179079
5.188113
5.319380
5.398111
5.413921
5.387988
5.340334
5.270206
5.075610
5.481279
5.433674
5.428010
5.033612
5.084070
5.296832
5.118103
5.606807
5.693668
5.459610
5.477963
5.327282
5.501507
5.263092
5.501922
5.480814
5.583254
5.491908
5.161091
5.142430
5.474615
5.501864
5.654864
5.604570
5.559372
5.180865
5.330146
5.807031
5.706797
5.000302
5.324557
5.525088
4.970244
4.982439
5.182454
5.207041
5.767149
6.013898
5.667037
5.764534
5.656816
5.675530
5.294108
5.214574
5.358750
5.694643
5.744500
5.354429
5.479680
5.612939
5.670687
5.147805
5.251977
5.065131
5.198299
5.090211
5.014158
5.012878
4.953689
5.396835
5.245496
5.398181
5.149005
5.188428
5.355857
5.300507
5.249320
5.108259
5.115317
5.017832
5.139903
5.171057
5.523136
5.292870
5.479464
5.319447
5.384402
5.461723
5.647445
5.229610
5.349347
5.762612
5.598351
5.697475
5.347843
5.326047
5.730081
5.519481
5.505481
5.721771
5.137834
5.216742
5.227292
5.575157
5.663972
5.574916
5.827922
5.431894
5.577516
5.502604
5.500823
5.631639
5.279602
5.319293
5.367700
5.409804
5.548926
4.971143
5.130279
4.969630
5.501765
5.108574
5.144848
5.151127
5.467597
5.410666
5.752445
5.611297
5.503204
5.888457
5.607121
5.633201
5.195903
5.321422
5.257920
5.390156
5.297831
5.445155
5.195637
5.354066
5.201239
5.377670
5.344487
5.448659
5.512281
5.543614
5.291221
5.157016
5.123605
5.599877
5.536551
5.275912
5.098992
5.149766
5.102414
5.049868
5.163770
5.057072
5.191195
5.391403
4.904267
5.355579
5.347058
5.693934
5.288542
6.010156
5.493722
5.576208
5.485448
4.894474
4.887786
5.235967
5.213549
5.355684
5.036821
5.055498
5.443962
5.591083
5.586198
5.742288
5.551437
5.524289
5.131252
5.330399
5.380871
5.536281
5.611151
5.671818
6.095414
5.468277
5.628363
5.350471
5.357676
5.408969
5.679143
5.723193
5.734110
5.254148
5.357519
5.482708
5.028248
5.102798
5.407009
5.204799
5.447174
5.499571
5.555112
5.558709
5.507974
5.606243
5.664376
5.308469
5.436165
5.377775
5.301659
5.391991
5.389220
5.675399
5.401542
5.516854
5.555531
5.268927
5.434541
5.505138
5.241514
5.676466
5.401589
5.589329
5.431868
5.244527
5.256824
5.225374
5.096677
5.020882
5.039215
5.037074
5.415979
5.500748
5.168976
5.131539
5.435258
5.384281
5.687031
5.356983
5.149316
5.074184
5.232694
5.047205
5.235302
5.203555
5.246921
5.279735
5.165314
5.061881
5.316973
5.107989
5.630713
5.294326
4.908863
5.005375
5.151201
5.063537
5.089320
5.356394
5.149528
5.185144
4.964508
4.956104
5.141028
5.327388
5.205186
5.333742
5.484122
5.580970
5.305579
5.249358
5.746555
5.174972
5.527091
5.598251
5.916912
5.528003
5.240383
5.262460
5.525224
4.660760
4.985509
4.938451
5.320510
5.166205
5.336540
5.148693
5.070018
5.091403
5.278717
5.654076
5.636949
5.475941
5.191345
5.141533
5.614550
5.970745
6.174503
6.103228
5.846986
5.254284
5.113302
4.877508
5.408754
5.226482
5.177254
5.400895
5.128074
5.525946
5.694131
5.661956
5.058651
5.013061
4.884695
5.300910
5.390796
4.994456
4.953181
4.879381
5.102592
5.282796
5.544529
5.557877
5.800792
5.339352
5.238533
5.269141
5.410582
5.731333
5.587987
5.366096
5.611478
5.707678
5.520062
5.230555
5.520344
5.732459
6.133889
5.521161
5.838106
5.247547
5.170653
4.869131
5.455821
5.154522
5.275123
5.688931
5.936982
5.567985
5.593982
5.273971
5.140247
5.438834
5.450333
5.526231
5.527269
5.411416
5.750725
5.642251
5.529111
4.977897
5.246301
5.392177
5.451896
5.232533
5.326570
5.560083
5.771405
5.891333
6.056011
5.757885
5.791931
5.622455
5.237524
5.750366
5.949560
5.842865
5.757868
5.603603
5.203090
5.201781
5.000414
5.831005
5.680434
5.138651
4.954488
5.273338
5.067096
5.153243
4.861968
5.363545
5.604187
5.446452
5.575390
5.667865
5.527967
5.352459
5.563758
5.528999
5.397150
5.634784
5.564909
5.232574
6.078493
5.695064
5.845016
5.388487
5.319821
5.284424
5.351872
5.275885
5.219887
5.156431
5.393903
5.389203
5.589381
5.441993
5.234704
5.170631
5.127587
5.482625
5.247147
5.217220
5.692531
5.766360
5.579226
5.733185
5.751071
5.816597
5.619851
5.499517
5.691616
5.392206
5.437097
5.437472
5.331171
5.454174
5.195882
5.246392
5.426375
5.146334
5.444142
5.290555
4.828861
4.311905
5.041880
5.169828
5.358337
5.370902
5.178279
5.198838
5.452067
5.395754
5.541756
5.361887
5.231554
4.921907
5.378705
5.703871
5.759519
5.591773
5.503661
5.724469
5.719423
5.186215
5.215290
5.515496
5.414563
5.426534
5.652832
5.648062
5.552675
5.629525
5.301983
5.697614
5.763223
5.426064
4.919347
5.035497
4.823254
5.229350
5.107279
5.405604
5.361213
5.390085
5.322154
5.451545
5.521986
5.335608
5.502550
5.790692
5.352465
5.398412
5.394242
5.723175
5.064927
5.480401
5.395179
5.547402
5.477481
5.285291
5.354666
5.234360
5.121462
5.311936
5.264861
5.157043
5.232373
5.434320
5.490139
5.742527
5.403804
5.770637
5.545429
5.358107
5.208763
5.198723
5.189357
5.030630
5.348119
5.344663
5.242393
5.493687
5.357510
5.249152
5.286969
5.049988
5.242802
5.461467
5.860641
5.561519
5.574043
5.480883
5.619689
5.572606
5.815810
5.688494
5.318628
5.421440
5.299496
4.990733
5.274089
5.267976
5.742619
5.466463
5.229748
5.719553
5.214611
5.262866
5.421044
5.559832
5.632100
5.595444
5.658517
5.669973
5.329126
5.515275
5.271480
5.138850
5.657173
5.417017
5.114377
5.229614
5.281759
5.117809
5.225626
5.382367
5.556155
5.187308
5.622078
5.283154
5.384486
5.404955
5.331184
5.268519
5.232249
5.312058
5.253267
5.770195
5.560904
5.713922
5.420444
5.718753
5.516684
5.379079
5.415921
5.590634
5.884087
5.673785
5.427187
5.441286
5.301791
5.479855
5.433831
5.587680
5.547489
5.886145
5.874774
5.756091
5.423294
5.387760
4.937211
4.952959
5.066173
5.099013
5.267925
5.471025
5.279524
5.260878
5.160182
5.379631
5.655799
5.362534
5.310444
5.551775
5.440808
5.455441
5.673279
5.173007
5.096161
5.340456
5.185859
5.355113
5.529905
5.558384
5.680721
5.487528
5.384442
5.654142
5.447727
5.832406
5.535122
5.593206
5.299470
5.561424
5.283999
5.008394
5.052163
5.303436
5.465638
5.641327
5.329032
5.317458
5.453810
5.569820
5.724818
5.775056
5.503925
5.456404
5.414852
5.349495
5.387287
5.561165
5.733993
5.591438
5.505691
5.756603
5.396343
5.550525
5.209119
5.615760
5.365213
5.596239
5.633434
5.570992
5.687906
5.963236
5.578594
5.539596
5.366559
5.295143
5.313711
5.659266
5.866127
5.664858
5.691947
5.541085
5.569329
5.647746
5.607447
5.466917
5.702726
5.822552
5.717205
5.363424
5.142736
5.747271
5.580465
5.420811
5.535966
5.796600
5.893158
5.890017
5.763450
5.652177
5.640621
5.695047
5.552365
5.745453
5.576489
5.392347
5.327925
5.325558
5.224015
5.096978
5.139394
5.177125
5.296938
5.224495
5.176910
5.527191
5.277741
5.341565
5.401940
5.453280
5.376264
5.741826
5.700450
5.430140
4.960728
5.394246
5.636897
5.733964
5.483530
5.283688
5.197912
5.402633
5.474842
5.194326
5.193851
5.250907
5.797650
5.526898
4.814404
5.176041
5.268678
5.240332
5.413466
5.348032
5.190314
5.209722
5.527179
5.284875
5.150248
5.081761
4.830963
5.015281
5.107800
5.071666
5.029722
5.400427
5.139674
5.443095
5.344517
5.037324
5.407394
5.355900
5.557664
5.523434
5.443245
5.821370
5.774193
5.310613
5.820269
5.359563
5.642792
5.625239
5.504927
5.298030
5.463083
5.595125
5.185343
5.574893
5.613716
5.566428
5.384183
5.439976
5.212835
5.202631
5.645330
5.084424
5.190375
5.053175
5.256368
5.015021
5.358903
5.048772
5.071293
5.085610
5.561941
5.329309
5.769761
5.501638
5.617610
5.542136
5.868202
5.833460
5.668454
5.511144
5.195603
4.927291
5.329139
4.978086
4.943341
5.272038
5.289734
5.021065
5.159571
5.135324
5.529839
5.318331
5.357629
5.240419
5.433618
5.470924
5.466870
5.006120
5.102993
5.381527
5.336393
4.755274
4.910006
5.171453
5.308227
5.146401
5.215749
5.078408
5.035457
4.957319
5.063348
5.052667
5.132623
5.362830
5.401593
5.368601
5.263382
4.857890
4.888099
5.222823
5.729595
4.998066
5.283470
5.459005
5.303364
5.139702
5.142301
5.290493
5.376797
5.254208
5.357813
5.050259
5.118291
5.440496
5.666502
5.607355
5.839517
5.308814
5.229727
5.137017
5.125850
5.088902
5.212213
5.340127
5.106213
5.298874
5.284717
5.506324
5.140665
5.144031
5.147656
5.293037
5.445014
5.300518
5.484039
5.457436
5.840192
5.234364
5.414119
5.271363
5.132280
5.117360
4.959613
5.234262
5.539930
5.370680
5.340024
5.125302
5.387192
5.727057
5.771082
5.491242
5.363437
5.578239
5.537924
5.598122
5.316127
5.579278
5.251832
5.233160
5.095254
5.048987
4.780777
4.808817
4.904058
5.156919
5.030364
5.331621
5.209642
5.419014
5.495745
5.530569
5.586841
5.393305
5.364378
5.203387
5.364229
5.004130
5.211418
5.165507
5.442006
5.522363
5.347248
5.307878
5.374591
4.977835
5.427936
5.377924
5.281390
5.905488
5.481286
5.311595
5.279767
5.144671
4.941201
4.820554
4.894014
5.294458
5.364184
5.395347
5.402698
5.449371
5.383847
5.598665
5.647329
5.601351
5.738150
5.463422
5.280696
5.172977
5.220101
4.934922
4.845759
5.093144
5.122550
5.023119
4.934487
5.660045
5.314574
5.317865
5.631974
5.651632
5.404649
5.690403
5.859414
5.584304
5.603505
5.770309
5.812384
5.814944
5.702462
5.541809
5.576258
5.340243
5.867457
5.440962
5.699472
5.607328
5.363854
5.223230
5.394108
5.348462
5.129321
5.132154
5.293753
5.102999
5.086181
5.488109
5.598668
5.557401
5.705213
5.374783
5.384740
5.298712
4.946154
4.808591
5.013660
5.183379
5.249979
5.385589
5.560137
5.364469
5.518849
5.725546
5.707709
5.512976
5.533065
4.904689
5.107579
5.220786
5.580798
5.020186
5.003881
5.218705
5.185623
5.731730
5.687651
5.623111
5.556694
5.138047
5.165464
5.340608
5.186019
5.159307
5.247951
5.317549
5.501305
5.708763
5.372269
5.146787
5.452404
5.416999
5.608042
5.502503
5.806362
5.469189
5.429355
5.283030
5.783336
5.871030
5.649441
5.076594
5.417418
5.204791
5.304458
5.654480
5.377250
5.388163
5.462549
5.540277
5.563082
5.555150
5.346864
5.609235
5.515258
5.757765
5.597846
5.457891
5.524003
5.332204
5.027906
5.413109
5.559318
5.571965
5.461648
5.240867
5.833166
5.611848
5.728400
5.277374
5.536909
5.606300
6.031459
5.556006
5.738842
5.642380
5.725482
5.760785
5.767522
5.529853
5.614616
5.323970
5.133857
5.049199
4.867762
5.032730
5.282888
5.420626
5.298007
5.215384
5.257638
5.556524
5.557008
5.548075
5.314119
5.361173
5.448454
5.300338
5.572567
5.650290
5.664923
5.291839
5.408750
5.515088
5.562243
5.472193
5.522452
5.795409
5.592532
5.252590
5.028858
5.081462
4.842005
4.766626
4.950454
5.321212
5.027379
5.352785
5.242074
5.481241
5.585425
5.111100
4.989331
5.097325
5.428844
5.516528
5.312487
5.209015
5.238977
5.290835
5.288213
5.557090
5.620268
5.100890
4.901864
4.798672
5.154973
5.221545
5.599589
5.769106
5.742025
5.030978
5.260492
5.031719
5.092453
5.380008
5.160750
4.850269
4.774073
5.031816
4.937272
5.092324
4.968344
5.072019
5.247705
5.169267
5.338637
5.300540
5.295277
5.304310
5.403893
5.052642
5.217731
5.101889
5.526923
5.743408
5.799443
5.593551
5.740859
5.540996
5.584011
5.286965
5.246601
5.694626
5.921058
5.421136
5.595569
5.461269
5.665400
5.899031
5.753284
5.483024
5.562577
5.519698
5.339361
5.302128
5.311630
5.337443
5.243795
5.327715
5.409721
5.430771
5.596804
5.363188
5.676860
5.599987
5.522717
5.239781
5.288211
5.307002
5.382645
5.158958
5.363706
5.461043
5.455536
5.037428
5.248302
5.460301
5.291008
5.252481
5.332582
5.315689
5.544620
5.257220
5.266993
5.386168
5.263201
5.056116
4.980758
4.933093
5.340934
5.349830
5.332252
5.469180
5.410728
5.021954
5.131455
5.215664
5.462156
5.656786
5.713712
5.822232
5.515627
5.526463
5.516504
5.266175
5.155159
5.498328
5.663845
5.679632
5.233340
5.305239
5.469768
5.461469
5.377710
5.224863
5.617924
5.548419
5.356451
5.350594
4.905145
4.898005
4.805826
4.622604
5.199290
5.302694
5.331109
5.311576
5.429674
5.345832
5.538802
5.534554
5.709257
5.880341
5.768728
4.858948
5.047124
5.193584
5.132496
5.256309
5.407083
5.393368
5.481697
5.485912
5.596185
5.405308
5.258362
5.764965
5.387157
5.112474
5.292901
5.414290
5.446994
5.430789
5.801037
5.091080
4.920208
5.335056
5.236096
5.279312
5.046367
5.394888
5.334130
5.349041
5.643060
5.255001
5.118192
5.245412
5.609905
5.664970
5.133643
5.310128
5.133737
5.280252
5.411608
5.370070
5.239932
5.430917
5.155650
5.085120
5.266029
5.251693
5.411002
5.095595
5.539317
5.480233
5.512940
5.579255
5.442941
5.402223
5.429396
5.090701
5.469112
5.427682
5.506960
5.698491
5.312674
5.417909
5.274881
5.690889
5.382239
5.166132
5.227929
5.535329
5.533836
5.219684
5.446853
5.412603
5.315516
5.344561
5.334601
5.597188
5.732686
5.762411
5.755133
5.506998
5.614743
5.240082
5.296534
5.684292
5.181016
5.024285
5.109707
5.046958
5.101974
5.420430
5.354158
5.567527
5.338908
5.178587
5.251709
4.983723
5.291034
5.359975
5.571009
5.506411
5.207566
5.251632
5.304825
5.418385
5.471964
5.408909
5.250865
5.171613
5.077622
5.029172
5.591222
5.815958
5.639006
5.629350
5.422195
5.348953
5.378716
5.685346
5.882608
5.821148
5.622907
5.739100
5.176359
5.196208
5.459022
5.083882
5.161578
4.993016
5.024610
5.406984
5.606549
5.180942
5.189810
5.215388
5.293840
5.566775
5.260253
5.253636
5.329924
5.235790
5.546663
5.216892
5.198885
5.149886
5.024851
5.193422
5.318555
5.090915
5.414789
5.091637
5.069428
5.067835
5.084544
5.176796
5.470707
5.660577
5.576420
5.414601
5.469876
5.505408
5.269348
5.572311
5.523234
5.505682
5.688122
5.297258
5.408107
5.293266
5.368818
5.255697
5.282381
5.136594
5.506366
5.450175
5.017813
4.805029
4.636477
5.070232
5.305917
5.069448
5.414496
5.214492
5.111988
5.130716
5.019376
5.115795
5.340311
5.457368
5.209754
5.594019
5.714050
5.429620
5.445436
5.594784
5.655305
5.387620
5.670568
5.606326
5.501663
5.348290
5.318324
5.394706
5.365650
5.475230
5.581328
5.661626
5.401055
5.530075
5.486146
5.610163
5.180546
5.445160
5.297605
5.132907
5.220017
5.345581
5.481748
5.817786
5.528992
5.249729
5.293675
5.501222
5.452567
5.532329
5.458005
5.613475
5.434515
5.369917
5.388706
5.554810
5.530365
5.604559
5.502014
5.727407
5.988149
5.747870
5.233051
5.191600
4.847567
4.887176
4.980568
4.994424
4.996869
5.366844
5.443530
5.579106
5.581841
5.468306
5.275522
5.116707
5.538061
5.421744
5.505709
5.662536
5.701433
5.685394
5.315453
5.546422
5.451756
5.313807
5.300296
5.141509
4.994839
5.231711
5.205949
5.118615
5.194499
5.288389
5.548457
5.589771
5.486139
5.163829
5.222735
4.981235
5.499474
5.208375
4.819492
5.061971
5.354202
5.504519
5.507942
5.350115
5.816083
5.458150
5.679115
5.184701
5.197683
5.632691
5.764134
5.205796
4.829742
4.899835
5.109643
5.117689
4.954403
5.039557
5.711119
5.439722
5.602736
5.854872
5.574579
5.332799
5.382692
5.172425
4.956200
4.908632
5.436180
5.478899
5.386695
5.313045
5.863202
5.601474
5.113789
5.438217
5.542800
5.444361
5.779150
5.795765
5.676123
6.063701
6.046966
5.870399
5.739745
5.247589
5.773107
5.692485
5.761601
5.747937
5.765001
5.253883
5.354082
5.385424
5.314383
5.317810
5.178290
5.161172
5.245674
5.357309
5.595824
5.724059
5.859879
5.577570
5.301139
5.524097
5.218955
5.298144
5.677944
5.604037
5.818355
5.804946
5.582904
5.398197
5.369172
5.258782
5.425576
5.291628
5.427936
5.248611
5.375553
5.665802
5.742056
5.813691
5.498710
5.239677
5.450494
5.479303
5.367140
5.055458
5.577352
5.539267
5.286689
4.836215
4.991067
5.161452
5.044020
5.185708
5.308464
5.137045
5.111995
5.310631
5.139681
5.428640
5.254893
5.373743
4.966358
5.328901
5.381345
5.146204
5.544467
5.163422
5.237450
5.134255
5.144452
5.291562
5.758927
5.775827
5.532115
5.555533
5.351769
5.171100
5.220832
5.601953
5.572634
5.554755
4.996425
5.283288
5.610836
5.559205
5.441891
5.596244
5.436411
4.835610
5.053176
5.247071
5.368717
5.404349
5.581621
5.714779
5.298483
5.516607
5.791789
5.429755
5.702535
5.367272
5.539003
5.523542
5.538830
5.452917
5.136266
5.240636
5.458887
5.085357
5.482077
5.072432
5.471774
5.474777
5.571635
5.442221
4.985377
5.233893
5.526484
5.490107
5.043277
5.223731
5.154375
5.452761
5.078284
5.030416
5.475064
5.317358
5.298685
5.116406
5.179553
5.284961
5.053472
5.383687
5.625623
5.077848
5.154568
5.650057
5.804074
5.679942
5.498507
5.489264
5.574117
5.521651
5.548112
5.427017
5.842318
5.614087
5.515795
5.444570
5.316752
5.307735
5.000307
5.449480
5.242284
5.200154
5.467480
5.560669
5.828670
5.609542
5.467057
5.322571
5.222227
5.063702
5.384663
5.675587
5.374781
5.483246
5.496295
5.854881
6.071411
5.302742
5.563373
5.598685
5.182594
5.335208
5.228978
5.331584
5.816741
5.356266
5.243031
5.148612
5.292892
5.490210
5.601515
5.748411
6.005135
5.511255
5.292250
5.325069
5.352193
5.428136
5.129244
5.302022
5.016305
5.130913
5.304236
5.554226
5.689434
5.708708
5.622092
5.569084
5.533492
5.152992
5.490803
5.270415
5.057795
5.235200
5.317306
5.443611
5.470289
5.667315
5.739308
5.343343
5.036750
5.364455
5.524528
5.159849
5.187138
5.298752
5.558267
5.479163
5.446866
5.192063
5.497289
5.476732
5.405293
4.996342
4.998482
5.074926
5.638691
5.598148
5.470618
5.616515
5.533470
5.098822
5.313295
5.055272
5.199313
5.570278
5.403457
5.252046
5.222570
5.450288
5.504008
5.165117
5.068543
5.332118
5.574527
5.419649
5.059487
5.616863
5.592636
5.487555
5.313168
5.174998
5.050377
5.313046
5.244645
5.389638
5.548591
5.691360
5.778393
5.597486
5.542001
5.439897
5.768169
5.666197
5.739972
5.580865
5.754197
5.439734
5.405973
5.450295
5.653562
5.648087
5.871710
5.767366
5.541075
5.509293
5.669210
5.445070
5.498889
5.033136
5.463433
5.459746
5.667418
5.868613
5.815801
5.443704
5.592985
5.212908
5.134371
4.987999
5.076743
5.105760
5.136722
5.027029
5.240125
5.129996
5.103021
4.994967
5.130229
4.979756
5.010235
5.064708
4.995173
5.081123
5.491358
5.404627
5.366467
5.638061
5.404352
5.570121
5.472007
5.286719
5.325495
5.370537
5.022297
4.940134
4.925027
5.187038
5.278853
5.431071
5.281295
5.723988
5.853591
5.786194
5.555370
5.560746
5.669884
5.587860
5.410449
5.592981
5.287861
5.695973
5.398881
5.327114
5.291173
5.294145
5.125950
4.989062
5.206220
5.409895
5.824343
5.565618
5.864403
5.490874
5.349846
5.603595
5.622019
5.672186
5.297212
5.373887
5.456450
5.224284
5.544882
5.608474
5.065295
5.274151
5.351630
5.505312
5.773640
5.175718
5.346270
5.143479
5.166177
5.026093
5.036662
5.269444
5.397261
5.456545
5.592162
5.680189
5.602295
5.438436
5.306387
4.762094
4.929327
5.382521
5.093353
5.543115
5.604374
5.425494
5.494258
5.153024
5.221491
5.056505
4.797651
4.918700
4.869422
4.886388
5.180948
4.947295
5.442391
5.910489
5.495619
5.367491
5.517342
5.620153
5.492589
5.060069
5.140102
5.358729
5.655125
5.659152
6.074670
5.833326
5.487359
5.779658
5.299826
5.379278
5.464861
5.356147
5.414612
5.506935
5.620625
5.776334
5.232822
5.306126
5.335805
5.337319
5.328551
5.512211
5.676203
5.532193
5.419234
5.555209
5.837967
5.326189
4.877751
5.303324
5.361762
5.413444
5.158288
5.357407
5.457545
5.442070
5.550780
5.300225
5.330849
5.242328
5.024343
4.865388
5.305865
5.484463
5.580565
5.370309
4.933085
5.148304
5.127868
5.234642
5.776295
5.760983
6.017674
5.639397
5.542476
5.047939
4.989297
5.333896
5.415834
5.393780
5.523684
5.197574
5.455726
5.196679
5.322150
5.266902
5.314316
5.419148
5.253535
5.434995
5.278019
5.232125
5.456397
5.135062
5.522826
5.402138
5.278977
5.526695
5.396991
5.273075
5.422879
5.321487
5.414146
5.320300
5.376508
5.629000
5.376461
5.398256
5.053206
5.000146
5.347844
5.309786
5.081662
5.351892
5.192429
5.485243
5.592655
5.205848
5.642079
5.818078
5.750018
5.665199
5.622456
5.670758
5.923192
5.837445
5.679936
5.755386
5.843493
5.859822
5.365832
5.427961
5.678216
5.622897
5.272040
5.165628
5.376417
5.283116
5.419035
5.475107
5.524222
5.441651
5.597647
5.575539
5.767737
5.546123
5.260368
5.426362
5.507298
5.655845
5.528679
5.684096
5.777271
5.677407
5.204978
5.277650
5.110913
5.181933
5.661163
6.152435
5.715753
5.489216
5.454239
5.467167
5.638410
5.338373
5.600477
5.631373
6.267200
5.892017
5.920087
5.549726
5.271471
5.388027
5.230288
5.123620
5.813791
5.902877
5.575683
5.406267
5.426854
5.347919
5.825443
5.555737
5.263234
5.330497
5.387181
5.510629
5.636030
5.505828
5.694426
5.448596
5.421689
5.588004
5.724800
5.836016
5.618760
5.404586
5.226317
5.310403
5.370373
5.675564
5.494138
5.341002
5.020995
4.978148
4.800049
4.985964
5.034457
5.157623
5.243670
5.489672
5.505438
5.469671
5.354254
5.547905
5.355040
5.138760
5.327874
5.205191
5.201444
5.447421
5.155804
5.282570
5.979207
5.620548
5.442982
5.412484
5.690345
5.594325
5.271608
5.334181
5.248202
5.104066
5.229150
5.134329
5.520271
5.770547
5.172635
5.415097
5.425321
5.160581
5.341084
5.574700
5.495563
5.342180
5.596815
5.360398
4.979552
5.096395
5.126431
5.528000
5.446636
5.530557
5.116738
5.175971
5.603651
5.632855
5.087581
5.854377
5.739087
5.536783
5.989356
6.054537
6.137475
5.988861
5.980237
5.727725
6.014941
5.754814
5.239729
5.204771
5.617578
5.485704
5.359813
5.724365
5.729196
5.571330
5.626305
5.828919
5.796832
5.567402
5.632881
5.557781
5.769269
5.540026
5.425091
5.052234
4.979300
5.016186
5.084201
5.159447
5.185075
5.160707
5.019531
5.212362
5.123541
5.276598
5.314669
5.906565
5.854156
5.712189
5.443790
5.609668
5.430262
5.107351
5.189321
5.258510
5.234412
5.486847
5.412111
5.278138
5.284987
5.330398
5.437116
5.248153
5.414185
5.239458
5.387680
5.211019
4.703664
5.133946
5.126658
5.164542
5.425750
5.640291
5.508140
5.206626
5.508374
5.284387
5.421788
5.408935
5.218663
5.258993
5.284229
5.286808
5.257754
5.263743
5.214910
5.232976
5.103086
5.127433
5.051897
5.324425
5.265793
5.322297
5.444806
5.352738
5.282704
5.459689
5.572835
5.610783
5.428070
5.212290
5.068801
5.359981
5.194512
4.829188
5.285937
4.969469
4.931747
5.007909
5.220595
4.902903
5.319856
4.945852
4.933389
5.092101
5.196794
5.138348
5.113406
5.057618
5.030447
5.411943
5.489393
5.338918
5.323752
5.162046
5.286193
5.206185
5.265679
5.683648
5.614766
5.222930
5.033858
5.146716
5.266177
5.160005
5.457414
5.615833
5.508418
5.274138
5.362471
5.615610
5.559598
5.605778
5.834229
5.782232
5.701340
5.366205
5.313324
5.537495
5.438327
5.173625
5.108217
5.127358
5.007739
5.230965
5.381377
5.668536
5.686717
5.291621
5.394658
5.514148
5.163914
5.379456
5.311103
5.206694
5.203350
5.417199
5.614457
5.635091
5.591316
5.375029
5.227726
4.998296
5.205901
5.086721
5.051038
5.049798
5.527541
5.587475
5.552802
5.630841
5.565489
5.422696
5.420416
5.057892
5.218912
5.280516
5.150580
5.443773
5.125647
5.313150
5.444347
5.524557
5.708125
5.583277
5.700960
5.457475
5.729366
5.626701
5.456906
5.830328
5.571295
5.469471
5.193468
5.053390
5.408035
5.490491
5.042782
5.210233
5.108050
5.481378
5.025885
4.915061
5.383924
5.412447
5.167148
5.465646
5.487877
5.516760
5.388817
5.215049
5.275366
5.082363
5.027709
5.088773
5.419417
5.410061
5.609067
5.934662
5.851036
5.447246
5.699910
5.227899
5.488541
5.674995
5.438077
5.401723
5.332874
5.168384
5.098120
5.121691
5.265463
5.368762
5.268238
5.142348
5.296471
5.362633
5.370176
5.473711
5.688943
5.445977
5.432891
5.510257
5.676520
5.276956
5.199340
5.239794
5.324289
5.134003
5.518198
5.651716
5.343284
5.524540
5.087067
5.296659
5.261903
4.889365
5.059213
5.437819
5.292889
5.472549
5.498659
5.556559
5.137491
5.599030
5.912843
5.479376
5.460188
5.198253
4.773773
4.743860
5.088802
5.087572
5.135542
5.156774
5.028261
5.165441
5.047530
5.291151
5.436170
4.990403
5.472148
5.793587
5.552006
5.587407
5.299104
5.399627
5.214399
5.373512
5.400686
5.521825
5.425436
5.439976
5.120407
4.968060
5.263141
5.291804
5.445712
5.849965
5.453973
5.380306
5.518757
5.465239
5.496283
5.712548
5.081126
5.301369
5.397231
5.183285
5.119015
5.102624
5.116439
5.173776
5.018413
5.180895
5.310762
5.235274
5.451538
5.456651
5.416366
5.497338
5.669862
5.611889
5.033037
5.114691
5.144558
5.446863
5.887198
5.595211
5.557444
5.637391
5.435019
5.279339
5.190961
5.570696
6.192350
6.033314
5.856989
5.732510
5.691940
5.410135
5.146503
5.359188
5.256698
5.040493
4.915369
5.049047
5.274658
5.261631
5.456379
5.603072
5.696131
5.670855
5.413909
5.357702
5.396272
5.624162
5.355680
5.137259
5.350402
5.765090
5.391681
5.281122
5.463815
5.310511
5.076920
4.924311
4.926302
4.947559
4.852039
5.062271
5.431670
5.055405
4.989546
5.411096
5.115249
5.184297
5.124307
5.350625
5.253621
4.797257
4.798173
5.083374
5.152333
5.297895
5.428433
5.458298
5.712286
5.465603
5.265037
5.407372
5.579911
5.895479
5.388018
5.484863
5.726281
5.388409
5.432090
5.398754
5.645396
5.263998
5.382431
5.199890
5.186579
5.201324
5.329976
5.345904
5.106499
5.183287
5.306555
5.356786
5.502344
5.242625
5.291006
5.236139
5.444943
5.623351
5.483712
5.449562
5.805211
5.926698
5.617988
5.601806
5.574027
5.981133
5.734301
5.639588
5.373076
5.700858
5.324701
4.908914
5.101168
5.031092
5.045498
5.144003
5.289257
5.261322
5.336752
5.375578
5.780847
5.603390
5.624751
5.727955
5.548767
5.502207
5.580529
5.578034
5.680099
5.557708
5.529024
5.396390
5.138006
5.172665
5.083521
5.376393
5.710952
5.793181
5.483669
5.506104
5.359733
5.332725
5.383908
5.234660
5.259405
4.905162
4.899468
5.239538
5.128902
5.408822
5.385462
5.534827
5.305322
5.388214
5.309286
4.693730
4.698030
5.093398
5.411658
5.477765
5.391490
5.484621
5.301634
5.646244
5.692402
5.273976
5.228565
5.572975
5.109742
4.848251
5.294236
4.997674
5.208222
5.611468
6.011851
5.600524
5.762656
5.331780
5.100833
5.252162
5.175994
5.396009
5.257754
5.169351
5.484194
5.533725
5.254967
5.118468
5.318910
5.365369
5.452980
5.401868
5.574765
5.377659
5.346149
5.378254
5.322175
5.415284
5.610406
5.224120
5.266526
5.409539
5.363142
5.694890
5.438494
5.410297
5.317975
5.156019
5.355153
5.299640
5.212490
5.446262
5.510123
5.341630
5.836964
5.862786
5.655096
5.340394
5.313796
5.318389
5.890288
5.537239
5.294345
5.096860
5.182162
5.358052
4.952574
5.216452
5.729763
5.685382
5.758995
5.741645
5.421044
5.278566
5.259947
5.134406
5.451371
5.423393
5.569466
5.734148
5.582662
5.467418
5.672488
5.380864
5.625520
5.316791
5.442860
5.364920
5.212892
5.169746
5.692778
5.571751
5.292055
5.017674
5.081130
5.455930
5.566661
5.713816
5.615761
5.402644
5.447685
4.904778
5.008763
4.804702
5.399703
5.247210
5.525531
5.196107
5.625550
5.207593
5.200526
5.799038
5.800719
5.306387
5.407793
5.262234
5.316261
5.243890
5.284013
5.111457
5.197288
5.296954
5.404487
5.500050
5.183101
5.371503
5.409929
5.050445
5.127290
5.339715
5.365094
5.455599
5.307633
5.399722
5.384077
5.600965
5.463957
5.330718
5.444121
5.349010
5.463878
5.362097
5.247654
5.915090
5.751508
5.852593
5.997952
6.094352
5.762906
6.122490
6.025091
5.880663
5.682739
5.574524
5.257079
5.432600
5.434893
5.138087
5.009868
4.859009
4.894100
4.964711
5.438428
5.056211
5.074217
5.415956
5.407249
5.857512
5.648287
5.175429
5.272823
5.465823
5.125933
5.020970
5.313137
5.245447
5.416627
5.179045
5.358549
5.737143
5.731066
5.468817
5.392340
5.301317
5.664544
5.150345
5.120820
5.300495
5.777269
5.471929
5.117286
5.558493
5.169167
5.470434
5.546382
5.217182
5.213638
5.188393
5.167276
5.363873
5.135677
4.970757
4.979438
4.935424
5.208128
5.570348
5.344065
5.354230
5.402153
5.664270
5.401660
5.367132
5.554064
5.661751
5.565162
5.126506
5.195631
5.312177
5.910879
5.823937
5.596281
5.530109
5.683421
5.321079
5.212273
5.002598
5.189680
5.275046
5.223002
5.415634
5.394469
5.313732
4.975123
5.414588
5.168034
5.298762
5.655500
5.814318
5.475259
5.586900
5.189974
5.566249
5.559518
5.310712
5.230981
5.312612
5.758438
5.729323
5.521853
5.296280
5.543359
5.529374
5.681861
5.682487
5.484523
5.509827
5.296274
5.140725
5.267367
5.257927
5.559147
5.270242
5.018714
4.781116
5.231158
5.388639
5.346670
5.515986
5.259360
5.490367
5.127300
5.466156
5.458442
5.460605
5.714491
5.266764
5.386844
5.363486
5.014885
5.106377
4.906692
5.180314
4.957709
5.300778
5.436625
4.943867
5.281083
5.327963
5.253014
5.482100
5.295098
5.348257
5.422876
5.077191
5.253395
5.134620
5.247245
5.121862
5.387504
5.276832
5.350875
5.285929
5.388570
5.079557
5.070061
4.836777
5.016034
5.299019
5.408123
5.356336
5.583285
5.926212
5.756871
5.717131
5.678309
5.512468
5.184695
5.095187
4.808209
4.777925
5.050940
4.980691
5.270932
5.276469
5.120696
5.288093
5.183677
5.208781
5.336243
5.433766
5.192401
5.562066
5.740249
5.308442
5.325999
5.679653
5.374885
5.218319
5.325604
5.719274
6.093004
5.865235
5.860915
5.634315
5.570677
5.645162
5.821129
5.775805
6.021161
5.733081
5.579976
5.058669
5.152207
5.428353
5.273901
5.112361
5.490861
5.920951
5.758429
5.952475
5.782185
6.001985
5.823330
5.806112
5.435400
5.318271
5.448299
5.377632
5.498957
5.563772
5.482322
5.494365
5.363883
5.386822
5.525666
5.411046
5.345676
5.281951
5.223062
5.401382
5.428757
5.626524
5.292019
5.500110
5.206988
5.181417
5.293433
5.244304
5.484630
5.974097
5.938029
5.776428
5.523235
4.877079
5.050298
5.348353
5.489127
5.873411
5.188124
4.946391
5.590704
5.407472
5.467883
5.686631
5.464746
5.545375
5.864304
5.921235
5.388408
5.328237
5.308900
5.320995
5.238000
5.426626
5.341908
5.743460
5.363337
5.473033
5.460572
5.216338
5.151873
4.919035
4.800965
5.002549
5.379017
5.493867
5.690018
5.205351
4.958193
5.083923
5.510715
5.162592
5.205947
5.233015
5.164930
5.213947
5.539973
5.270248
4.911649
4.453730
4.657416
4.697878
4.954558
5.122476
5.315866
5.103407
5.196042
5.023221
5.310361
5.359448
5.179265
5.277284
5.456380
5.310637
5.656031
5.578509
5.604746
5.737822
5.512722
5.359385
5.427925
5.713156
5.429515
5.349376
5.282517
5.346171
5.347969
5.428469
5.119083
4.939083
5.306451
5.513259
5.240453
5.053502
5.328614
5.172378
5.304864
5.445691
5.252453
5.308165
5.633490
5.623756
5.369641
5.451495
5.148637
5.304932
5.213077
5.063930
5.145516
5.257411
5.465600
5.377302
5.373998
5.597076
5.693869
5.315912
5.405904
5.615003
5.501040
5.186353
5.469866
5.614890
5.451881
5.085652
4.929808
5.266002
5.288922
5.564866
5.291728
5.458211
5.672904
5.298028
5.476918
5.390580
5.725715
5.737440
5.518354
5.394234
5.206881
5.209887
5.338049
5.211819
5.656170
5.922066
5.498547
5.389229
5.408987
5.140976
5.506890
5.780025
5.468862
5.689924
5.604681
5.266828
5.330466
5.183189
4.738673
4.727407
5.445476
5.544481
5.452469
5.487624
5.311018
5.298709
5.043928
5.250050
5.246429
5.107062
5.416512
5.365711
5.380476
5.281164
5.190090
5.370795
5.556359
5.524896
5.379225
5.690238
5.776834
5.532307
5.550517
5.274612
5.818064
5.912195
5.787524
5.851175
5.153623
5.131131
5.500100
5.178072
5.019836
5.332383
5.487903
5.394433
5.519695
5.098172
5.050565
5.206518
5.195233
5.478907
5.491869
5.661860
4.964072
5.157695
5.150708
5.275733
5.417347
5.275314
5.398579
5.486751
5.592637
5.925708
5.750463
5.624689
5.545322
5.707324
5.501572
5.256227
5.668701
5.378672
5.197878
5.357521
5.273348
5.280644
5.533112
5.426092
5.520920
5.348107
5.370820
5.479697
5.191978
5.212328
5.327243
5.352709
5.948736
5.755287
5.936105
5.711417
5.667171
5.594137
5.738043
5.618375
5.665419
5.380428
5.413241
5.471040
5.575885
5.342194
5.071406
4.958911
5.182100
5.138389
5.301153
5.312003
5.489687
5.278691
5.078852
4.855423
5.310399
5.295932
5.388630
5.656808
5.645372
5.707671
5.297292
5.242725
5.351789
5.529755
5.364435
5.341593
5.230818
5.015650
4.955704
4.494812
4.744673
5.136792
5.603671
5.264309
5.395347
5.381934
5.259414
5.293688
5.256556
5.067787
5.344976
5.471238
5.543980
5.472053
5.602613
5.612783
5.550117
5.414187
5.340299
5.290468
5.032568
5.109343
5.469020
5.201046
5.177408
5.264631
5.392508
5.485304
5.686719
5.565030
5.255823
5.393100
5.206993
5.363542
5.084033
5.156924
4.995797
5.148876
4.870188
5.341614
5.226159
5.222744
5.549176
5.747303
5.567540
5.429348
5.390415
5.319371
5.164006
4.952391
5.165609
5.342911
5.240745
5.087531
4.953812
5.463717
5.464774
5.381875
5.361003
5.412317
5.437069
5.254280
4.976104
5.019921
5.237863
5.473056
5.293704
5.124199
5.125247
5.248463
5.450652
5.503411
5.719580
5.577862
5.649845
5.392430
5.232910
5.509609
5.432155
5.551870
5.356138
5.536009
5.749601
5.551223
5.149914
5.182221
5.217834
5.432224
5.429792
5.137491
5.195665
5.616516
5.236612
5.002704
5.177974
5.462049
5.344006
5.236525
5.250414
5.467951
5.527326
5.837043
5.785183
5.643710
6.016822
5.708566
5.441917
5.186133
5.399466
5.408615
5.465628
5.768035
5.440592
5.779217
5.468387
5.444253
5.442326
5.377063
5.571385
5.401921
5.191383
4.806065
4.930212
5.191320
5.361233
5.053780
4.973791
5.081518
5.195032
5.242685
5.336892
5.030081
5.087869
5.241193
5.081153
4.932796
5.113291
5.329618
5.574668
5.602944
5.422298
5.329598
5.246674
5.250731
5.382219
5.268060
5.337961
5.389602
5.343795
5.430242
5.286890
5.362630
5.190957
5.322114
5.173270
5.403003
5.509383
5.906978
5.193436
5.530880
5.221636
5.323890
5.290920
5.233883
5.479805
5.407649
5.386340
5.208764
5.102657
5.652834
5.371116
5.122967
5.080044
4.851866
5.472133
5.248138
5.237900
5.384456
5.294652
5.283153
5.508297
5.473069
5.412526
5.211712
5.291002
5.501470
5.866856
5.530931
5.615783
5.413089
5.277049
5.974455
5.747232
5.692329
5.462950
5.182815
5.472412
5.598405
5.554258
5.277685
5.133170
5.091754
5.321657
5.367007
5.468887
5.728230
5.455354
5.532892
5.723976
5.748669
5.683644
5.317348
5.299533
5.245833
5.291973
5.710931
5.479994
5.293374
5.350839
5.405299
5.350041
5.236159
5.423280
5.439060
5.291423
5.719375
5.583891
5.523616
5.364321
5.363887
5.216914
4.918411
5.135350
4.901138
5.097620
5.233402
5.334040
5.119180
5.372001
5.445904
5.587412
5.622881
5.586335
4.999033
5.338489
5.336616
5.265165
5.512997
5.374841
5.307691
5.214485
5.021546
5.026572
5.275126
5.212480
5.399778
5.659022
5.407865
5.901166
5.621185
5.266008
5.687368
5.496128
5.566787
5.336506
5.702720
5.603471
5.104719
5.242223
5.399746
5.316380
5.631288
5.359172
5.682024
5.388827
5.198666
5.259519
5.168088
5.310209
5.497101
5.134603
5.357155
5.220032
5.384481
5.280682
5.268569
5.156724
5.035131
5.131009
5.150695
5.337952
5.337720
5.501484
5.559541
5.526670
5.250373
4.967298
5.186581
5.517067
5.782858
5.621498
5.513631
5.872978
5.676293
5.519702
5.407588
5.500521
5.532182
5.338401
5.729655
5.470955
5.253186
5.308180
5.270354
5.146425
5.295326
5.319369
5.203336
5.071366
5.215462
5.415624
5.200962
5.252452
5.122318
5.285050
5.157908
5.166076
5.244958
4.809308
5.095976
5.328856
5.231632
4.977266
5.313823
4.972725
4.985346
5.202748
5.122621
5.319837
5.383619
5.139920
5.597876
5.556069
5.556933
5.518051
5.408622
5.545447
5.342151
5.617088
5.614004
5.589516
5.390036
5.303573
5.238632
5.327770
5.383631
5.381393
5.415521
5.369845
5.160060
5.273652
5.404188
5.553134
5.348630
5.392548
5.135130
5.067160
5.550206
5.678009
5.693567
5.811220
5.427761
5.447602
5.629204
5.459058
5.592060
5.684996
6.238628
5.886922
5.580513
5.240846
5.710429
5.384910
5.572034
5.604819
5.412088
5.295954
5.192931
5.532836
5.088670
5.460640
5.266911
5.429659
5.544858
5.328577
5.106225
4.971451
4.728102
4.991502
5.022416
4.892604
5.106421
5.538778
5.774686
5.326315
5.169241
5.220765
5.454183
5.366936
5.311412
5.097224
5.282742
5.524687
5.394968
5.374917
5.315086
5.518851
5.587974
5.476546
5.477391
5.332463
5.046737
5.306023
5.463946
5.410178
5.303582
5.738314
5.669840
5.347670
5.528113
5.671253
5.358153
5.737877
5.409229
5.629846
5.772140
5.593484
5.456749
5.697701
5.260137
5.339928
5.238916
5.230709
5.178672
5.110146
5.484785
5.497806
5.214070
5.378450
5.282776
5.080728
5.362536
5.388360
5.263341
5.392532
5.526849
5.404331
5.331276
5.162385
5.351411
5.519655
5.540106
5.352804
5.547781
5.407023
5.223025
5.158976
5.209782
5.042353
4.951484
5.110064
5.419298
5.409586
5.050015
5.010469
5.375895
5.393051
5.780996
5.812178
5.811540
5.932325
5.635850
5.019279
5.193504
5.462927
5.344503
5.401842
5.691869
5.723924
5.470841
5.423249
5.073266
5.205305
5.123500
5.213460
5.366495
5.461045
5.746925
5.402612
5.511155
5.517948
5.215513
5.624386
5.605350
5.626811
5.419510
5.413315
5.797057
5.831896
5.870723
5.784169
5.727493
5.743603
5.774891
5.222555
5.474433
5.427668
5.592202
5.537442
5.596838
5.764813
5.847168
5.645348
5.232635
5.204624
5.126636
5.034083
5.192944
5.240595
5.643738
5.333799
5.278849
5.550664
5.509342
5.683185
5.436413
5.251719
5.060468
5.128081
4.653953
4.963063
5.160830
5.102774
5.847084
5.939794
5.324759
5.325000
5.664478
5.295514
4.987903
5.569501
5.734693
5.426968
5.706500
5.568038
5.575527
5.610105
5.396659
5.423720
5.294135
5.350622
5.561588
5.344789
5.190184
5.535831
5.572083
5.654473
5.783591
5.707378
5.411497
5.189061
5.321404
5.377209
5.969446
5.746075
5.370358
5.432505
5.398114
5.631264
5.678432
5.664557
5.772390
5.591727
5.510666
5.358847
5.639574
5.564955
5.318398
5.376610
5.347607
5.437348
5.883123
5.851412
5.668773
5.828410
5.850474
5.344041
5.515313
5.612137
5.322394
5.427928
6.061019
5.610915
5.644886
5.705908
5.854550
5.930684
5.718198
5.611024
5.426547
5.140312
5.240338
5.443760
5.377123
5.303711
5.311009
5.263820
5.376184
5.171793
4.992662
5.293199
5.673678
5.449869
5.542079
5.350840
5.478473
5.477802
5.467832
5.564570
5.903412
5.885688
5.725388
5.425162
5.298322
5.291156
5.240190
4.907231
5.434129
5.248979
5.367933
5.569089
5.544186
5.603854
5.830901
5.721349
5.751041
5.739564
5.574722
5.453365
5.353871
5.663355
5.835115
5.597093
4.911045
4.942092
5.001390
5.062162
5.213426
5.027473
5.099524
5.285906
5.275396
4.930961
4.810331
4.676808
4.842957
5.583855
5.206680
5.271379
5.092179
5.170199
5.122069
5.451942
5.623624
5.474107
5.799609
5.809174
5.885556
6.111075
6.027592
5.524590
5.557967
5.339685
5.041726
5.503297
5.145873
5.115187
4.687679
4.700778
5.017417
5.196472
5.049687
5.074010
4.881435
5.269980
5.334544
5.275184
5.436985
5.147433
5.406660
5.439770
5.345621
5.231092
5.139826
5.451031
5.553876
5.231594
5.868172
5.111384
5.538022
5.659983
5.614815
5.473001
5.221779
5.400599
5.242855
5.211867
5.170146
5.122437
5.080606
5.433471
5.370133
5.383492
5.343743
5.295216
5.193740
5.195898
5.511634
5.730822
5.470175
6.059299
5.654863
5.501064
5.380558
5.574257
5.828792
5.672518
5.581423
5.521884
5.395603
5.337388
5.191481
5.345535
5.609362
5.435280
5.505934
5.208052
5.181208
5.045311
5.248681
5.235947
4.979058
5.463225
5.520240
5.463579
5.407426
5.088788
4.884854
4.692956
5.203132
5.146794
5.293429
5.465033
4.865794
5.279488
5.515649
5.644492
5.433459
5.994878
5.965982
5.877052
5.320036
5.422536
5.258615
5.259136
5.573292
5.481206
5.744401
5.573887
5.315280
5.397938
5.447483
5.501918
5.477414
5.259591
5.242015
5.656456
5.493415
5.395498
5.607699
5.311571
5.515544
5.605173
5.338973
4.958496
5.179625
5.609824
5.612959
5.796214
5.266101
5.612884
5.633414
5.687675
5.971155
5.997981
5.935852
5.731465
5.535275
5.603456
5.628237
5.165167
5.362065
5.585836
5.570513
5.169138
5.096529
4.828643
5.263762
5.174907
5.406250
5.271324
5.253271
5.273975
5.318558
5.165082
5.143851
5.339643
5.156015
5.158843
5.023164
5.938019
5.640422
5.715447
5.358402
5.369358
5.082840
5.213275
5.293999
5.411136
5.755115
5.409961
5.226494
5.145360
5.462993
5.724326
5.751924
5.519835
5.234031
5.120435
4.734241
4.632713
4.755953
4.946989
5.593802
5.223074
5.100835
5.535945
5.152958
5.246149
5.078171
5.187953
5.169374
5.355654
5.745378
5.705684
5.491924
6.009513
5.555471
5.687251
5.870888
6.016091
5.640897
5.447964
5.341009
5.581234
5.555906
5.644471
5.357183
5.685101
5.546653
5.292539
5.628075
5.804031
6.021840
5.643214
5.552032
5.351563
5.115321
5.161293
5.668195
5.575110
5.258240
5.510466
5.265297
4.881382
5.408893
5.319522
5.614869
5.727337
5.938121
5.848994
5.750432
5.565798
5.683019
5.632736
5.575128
5.448133
5.820849
5.775684
5.501232
5.385771
5.469618
5.423098
5.720861
5.439335
5.064979
5.192638
5.214365
5.272608
5.163608
5.345161
5.636782
5.505238
5.097598
5.344647
5.468704
5.898562
5.496819
5.283715
5.198638
5.445094
5.299723
5.368765
5.275910
5.560439
5.066699
5.172001
5.560518
5.683555
5.307070
5.811767
5.241643
5.270236
5.383179
5.319461
4.884840
4.914199
4.797470
5.241769
5.530589
5.174945
5.270910
5.327830
5.026996
5.012714
5.051179
5.281023
5.621153
5.447681
5.241435
5.164123
5.420836
5.335697
5.340692
5.356621
5.011973
5.060151
5.279117
5.515729
5.634872
5.484075
5.485833
5.280140
5.111134
5.060270
4.864939
4.616328
5.142832
5.079451
5.003575
5.096222
5.261466
5.341896
5.013773
5.250361
5.156591
5.801203
5.726015
5.561795
5.377766
5.215579
5.110583
5.076113
5.349035
5.462250
5.927102
5.616988
5.451602
5.534707
5.771531
5.511762
5.092580
5.314068
5.163975
5.365721
5.518613
6.505869
6.066794
6.123043
5.895352
5.930554
5.851835
5.566287
4.915235
5.174174
5.480786
5.409625
5.530206
5.339310
5.161325
4.926547
4.842554
5.218276
5.383063
5.504066
5.404977
5.264687
5.046210
5.289296
5.436716
5.467019
5.755210
5.180630
5.063652
5.300214
5.432560
6.118332
5.298341
5.432293
5.346777
5.164215
5.198525
5.336420
5.439385
5.301758
5.141748
4.940912
5.096643
5.773207
5.797710
5.874556
6.029175
5.810075
5.534004
6.045524
5.729520
5.137558
5.431554
5.270679
5.546581
5.562565
5.317051
5.447092
5.016601
5.129428
4.975855
5.041045
5.255392
5.277347
5.558612
5.764584
5.887629
5.753911
5.433812
5.166664
5.177570
5.285256
5.594336
5.609793
5.531999
5.645034
5.341211
5.191636
5.174008
5.465400
5.488420
5.461872
5.381332
5.354627
5.139456
5.452115
5.341816
5.490548
5.565258
5.645083
5.737104
5.525169
5.830802
5.961488
5.721057
5.551578
5.334760
5.347994
4.903471
5.094526
5.298889
5.249546
5.122405
4.786763
5.138557
5.417555
5.486338
5.529358
5.288177
4.923122
4.831809
5.115011
5.266296
5.213672
5.416977
5.449866
5.904169
5.800329
5.827518
5.874714
5.873927
5.460078
5.735610
5.910185
6.209022
5.470329
5.473681
5.336990
5.304231
5.313301
5.643561
5.704860
5.807589
5.616593
5.934378
6.096011
5.879245
5.267856
5.360034
5.404270
5.583494
5.689657
5.639306
5.416185
5.510261
5.241251
5.361523
5.483033
5.390422
5.398043
5.034838
5.126010
5.041008
5.534630
5.784789
5.305556
5.393177
5.432895
5.414118
5.828073
5.524558
5.471240
5.393249
5.540018
5.614474
5.771744
5.559536
5.856723
5.615732
5.470633
5.399944
5.514572
5.653460
5.764428
5.587632
5.713561
5.155385
5.459599
5.456891
5.605419
5.511827
5.390157
5.144789
5.140012
5.391743
5.308590
5.209267
5.185691
5.346340
5.114962
4.847137
4.945355
5.456765
5.248787
5.814114
5.620868
5.065268
5.288140
5.179428
5.226704
5.462035
5.179124
4.913484
5.019867
5.304989
5.239665
5.354710
5.427169
5.219053
5.099047
5.274545
5.403487
5.116124
5.150569
5.093754
5.368312
5.359959
5.514138
5.451062
5.598661
5.349392
5.514461
5.338424
5.427348
5.249019
5.564660
5.423721
5.635795
5.264254
5.441331
5.313552
5.272335
5.708626
5.614407
5.313448
5.307086
5.433261
5.279221
5.581251
5.502215
5.535639
5.540026
5.212587
5.403111
5.608657
5.471307
5.869620
5.429762
5.134159
5.155220
5.205868
5.495936
5.369074
5.079501
5.578967
5.419045
5.287630
5.362167
5.117221
5.492841
5.506554
5.512672
5.317372
5.408323
5.203014
5.459729
5.511267
5.490524
5.350744
5.382931
5.406201
5.657340
5.684644
5.669685
5.582829
5.365402
5.269737
5.458340
5.586124
5.637011
5.633732
5.329737
5.588404
5.452824
5.581467
6.083122
5.692783
5.557751
5.544660
5.790515
5.461585
5.588619
5.621363
5.396706
5.260552
5.523116
5.349113
5.727722
5.769857
5.388965
5.261775
5.282693
5.443603
5.228857
5.231695
5.386759
5.314611
5.426282
5.582548
5.530882
5.746996
5.872347
5.849663
5.697575
5.732923
5.772478
5.427740
5.085047
5.003214
5.033148
5.284428
5.406977
5.669126
5.761718
5.501442
5.444380
5.368684
5.551951
5.539923
5.414862
5.584316
5.346447
5.432822
5.430577
5.222967
5.382072
5.157945
5.314612
5.270656
5.526361
5.449109
5.243490
5.213680
5.349148
5.336738
5.490665
5.411762
5.315120
5.412878
5.380564
5.232843
5.514035
5.665616
5.675417
5.454672
5.281757
5.147096
5.392338
5.402382
5.332624
5.205011
5.205634
5.651426
5.359245
5.170938
5.332348
5.288586
5.322360
4.984471
5.044589
4.988316
5.424866
5.285995
5.230594
5.379396
5.601025
5.412912
5.728957
5.787418
5.694873
5.447272
5.570647
5.408467
5.405457
5.350850
5.691759
5.505831
5.564198
5.509574
5.782829
5.426023
5.110481
5.107535
5.538131
5.601282
5.704191
5.421966
5.311109
5.571113
