0.926584
0.616801
-0.349926
-1.571384
-0.088025
5.280860
0.424074
-0.653242
-0.506224
8.898397
-1.504956
-3.004136
0.183572
3.195466
1.542215
0.340410
0.306934
3.605293
0.386079
-0.863820
0.094426
2.201705
1.932107
0.537726
0.287586
5.152134
-0.913788
-2.318660
1.585320
-4.368497
0.503520
-0.766398
-0.280982
5.025261
0.493602
-0.579328
0.578517
1.238028
0.817846
-0.546037
0.679542
1.102670
1.458579
0.450265
0.143399
4.550984
0.262284
-0.612691
-0.383128
5.723397
0.754555
-0.430434
1.348084
-2.940533
0.176046
-0.914107
0.868211
0.760740
0.672904
-0.637996
-0.952898
7.780094
0.988696
0.069105
0.058971
4.322119
1.083286
-0.252859
0.278062
3.694866
1.074252
0.035645
0.752020
1.005445
0.770896
-0.466492
1.082357
-2.181756
-0.279948
-1.162329
0.921444
-0.129816
0.012248
-1.541515
0.964976
0.258294
0.526117
-0.571990
0.175744
5.725223
1.016113
-0.420386
0.795265
0.737537
0.569831
-0.612271
0.231487
2.666113
2.664601
0.931565
0.689591
1.076150
-0.132552
-1.126892
0.765576
0.818263
-0.324740
-1.567668
0.262221
2.193041
3.201931
1.835711
1.378455
-1.698607
-0.158454
-1.238776
-0.218772
3.608131
1.298584
0.131635
1.032840
-2.046502
-0.109156
-1.217113
0.214232
4.498449
0.301403
-1.041841
0.266524
3.632142
-0.670411
-1.912584
0.075642
4.124423
0.524708
-0.821993
-0.155715
6.271174
1.170474
-0.184634
-0.169266
5.194136
1.353644
-0.008600
0.605621
3.221422
-1.539137
-2.713407
0.205877
2.968718
1.704980
0.404610
-0.776184
8.730198
0.576638
-0.642825
0.313621
2.754297
0.883984
-0.533189
0.524088
3.139750
-0.768201
-1.940476
1.304831
-2.452748
0.631733
-0.588181
0.120470
2.563522
2.321335
1.230060
0.439958
1.743857
1.968640
0.728501
-0.832965
7.416260
2.817043
1.338121
0.123403
3.996929
2.258328
0.755103
1.029625
0.518299
-0.894176
-2.289961
0.385389
0.458551
0.754861
-0.263824
0.936958
-0.080141
0.685577
-0.509592
0.458694
3.029444
-1.287375
-2.294497
0.509494
3.008264
-0.755199
-2.197295
0.491677
1.258582
0.570602
-0.331130
0.568084
3.055776
0.518010
-0.864813
0.275464
1.616398
2.393087
1.517043
0.274974
1.327845
1.594279
0.400116
0.672431
1.055295
0.738739
-0.185317
0.919531
0.060438
0.951139
-0.350529
-0.429438
7.324838
0.936365
-0.420577
0.226797
3.472059
0.538227
-0.543793
-0.258068
4.549071
2.579828
1.471176
0.583523
1.157863
0.144437
-1.191208
0.594516
1.073814
0.869547
-0.468255
0.545340
2.591423
-0.359155
-1.505279
1.153923
-0.050322
0.192914
-1.279622
0.246711
3.552378
0.791557
-0.198802
0.732380
1.901611
0.836292
-0.561545
0.131064
4.486547
1.413590
0.123783
0.735593
0.603679
1.305344
-0.196582
0.610825
1.594702
-1.158243
-2.183401
0.576559
0.771481
1.176366
-0.181766
0.699762
1.903781
1.665329
0.325564
1.511321
-3.059618
-1.691287
-3.122791
0.717037
0.763065
-0.949177
-1.971477
0.137378
2.773589
0.212055
-1.020178
-0.386576
5.760410
0.003916
-1.246540
1.270914
-1.199371
2.029080
0.513691
0.144198
2.952723
3.222530
2.195953
0.484905
2.868877
0.140713
-1.512856
0.039704
4.980067
-0.368033
-1.872365
0.629120
0.822571
0.946425
-0.221175
-0.297539
8.439561
-0.878049
-2.185017
0.509708
0.572590
2.634994
1.446153
0.997575
-0.094557
-2.838539
-3.842521
0.370020
1.523406
0.183981
-1.229214
0.907506
-0.211691
-0.495443
-1.505915
0.650660
1.647241
-0.797127
-1.879348
0.236747
3.933374
-0.189901
-1.600350
0.905189
-0.589588
0.588840
-0.418507
0.205427
3.074104
3.231601
1.767095
0.047315
3.987218
1.855206
0.759201
0.049241
4.862970
0.193969
-0.681567
0.297349
0.913820
2.203678
1.192125
0.286593
4.015364
1.589227
0.368091
-0.617347
6.946653
0.573556
-0.687469
0.264843
4.063837
-0.935521
-2.052897
-1.152635
12.058643
0.046906
-1.498643
-0.358749
6.464508
-0.738937
-2.224496
1.263955
-2.774830
0.231386
-0.945813
0.295638
3.817558
0.571139
-1.034838
0.974344
0.449920
0.023675
-0.909129
-0.014721
4.283004
-0.309477
-1.664910
-1.030407
11.090935
-0.027105
-1.351725
0.109380
4.217595
1.900217
0.418859
0.542493
3.089452
0.407084
-1.118558
1.021459
-1.182944
1.021118
-0.376170
1.096988
-1.669032
0.252060
-1.096403
0.457680
1.782215
-0.181261
-1.196627
0.790804
0.935596
1.115939
-0.498316
0.199888
5.838787
-0.302484
-1.912697
-0.244463
4.707809
1.572524
0.035410
0.472357
2.290642
0.598121
-0.318196
0.179552
2.219553
1.461442
0.222607
-0.010986
4.172011
2.047573
0.711691
0.962703
-0.073279
1.321465
0.048936
0.616216
1.984394
0.352032
-1.097369
0.437417
1.751063
1.429424
-0.111902
1.223620
-1.107883
0.561732
-0.439229
0.420733
3.490260
-0.841430
-2.136107
-0.102402
2.477064
3.120377
1.895169
0.282342
3.927480
1.314733
-0.028667
0.580811
1.856428
0.385034
-0.496737
1.639861
-3.384996
-0.819073
-2.047837
-0.103163
4.306528
2.763711
1.226713
0.055861
4.082133
1.063379
-0.450685
0.451962
1.870535
-0.551832
-1.716249
0.529026
2.693255
-1.318448
-2.579214
0.293221
3.556613
1.015723
-0.477867
0.771173
0.290808
-0.172498
-1.848141
0.840448
0.887129
-1.681249
-3.150976
-0.130545
6.111093
2.157852
0.700500
0.530544
3.109376
-1.382492
-2.971628
0.363871
2.199519
0.374332
-1.224719
-0.180371
6.088492
0.853072
-0.716192
0.501342
1.964539
1.565246
0.118863
0.153115
2.861421
1.781350
0.561111
1.040569
-0.672098
0.397685
-0.695382
0.892199
0.480291
2.459016
1.172060
-0.401540
6.818593
0.730115
-0.458558
0.296004
2.908401
0.640544
-0.492520
-0.469339
6.767426
0.305117
-1.399064
0.284065
3.387159
0.592576
-0.777994
0.297597
3.609287
2.897375
1.396734
0.609930
0.464783
1.957004
0.586727
0.638958
3.004093
-1.323951
-2.469340
0.667115
1.204948
0.973928
0.215055
0.114286
6.139457
-2.214100
-3.601770
0.395365
0.430801
1.911593
0.774118
0.130159
4.204633
1.128557
-0.444131
0.714764
1.389941
0.787887
-0.666198
0.519830
-0.042314
0.985469
-0.326604
0.917109
-0.305263
1.492157
0.700288
0.858444
0.433616
-0.949589
-2.078142
0.263175
3.163099
1.781543
0.461499
0.124674
3.963418
1.452379
0.163647
0.791811
-0.260970
0.463867
-0.706607
0.493938
3.281683
0.001997
-1.472774
0.440243
2.506578
-0.194145
-1.386586
0.094466
5.527328
0.467948
-0.703386
0.250401
1.938383
0.552272
-0.717994
0.806306
0.694136
-0.123281
-0.899851
0.009845
4.362268
0.251918
-0.977969
1.068485
-1.980583
1.294131
0.249459
0.315014
2.282857
2.630004
1.208243
0.853811
-0.218726
-0.356422
-1.504915
0.427013
2.418336
0.831739
-0.243059
0.690818
0.922666
-0.183880
-1.290073
0.190484
3.832753
0.678163
-0.945782
0.384780
3.766991
0.910265
-0.406557
-0.128016
6.956982
-0.492951
-2.067682
-0.131910
4.021032
3.064074
1.837298
0.508770
3.017086
-1.882168
-3.089522
-0.679780
7.437209
1.796271
0.431521
-0.505210
7.950884
2.394464
0.939573
-0.154450
5.645229
1.513257
-0.048054
-0.136750
3.871166
3.558032
2.250267
0.199940
5.117149
2.585636
0.842845
1.072475
-0.736700
-0.108951
-1.381047
-0.500803
6.933790
1.630676
0.242065
-0.583704
7.353674
2.981233
1.631039
0.547626
1.581961
0.270129
-1.109110
0.490332
1.841215
-0.705550
-1.935299
0.147064
4.452937
1.938148
0.812046
-0.237653
6.517853
0.743543
-0.345108
0.930805
1.556839
-0.730603
-2.205283
-0.453109
6.081523
2.711651
1.131757
0.357876
1.886533
1.284227
0.062689
1.247163
-1.204078
0.638401
-0.528271
0.765991
0.043119
1.428338
0.415816
0.348247
3.021455
2.079444
0.477385
1.194721
-2.707832
-0.027407
-1.167091
0.161811
3.321537
0.416545
-0.861090
1.053365
-0.165182
-0.784966
-1.817368
0.234032
4.563853
1.327517
0.089198
1.088979
1.725333
-0.270538
-1.892338
0.396651
3.153860
1.410989
0.045633
-0.280315
6.943108
-0.056932
-1.632144
0.706987
-0.089638
2.190931
1.024305
1.932244
-5.594286
-0.964771
-1.988990
0.289672
5.928813
-0.322221
-1.720722
0.644970
1.548323
0.518260
-1.005188
-0.111988
5.308166
3.159700
1.577951
0.600694
1.397750
-0.116746
-1.354401
0.357532
3.439060
-1.599042
-2.956133
-0.054182
5.025194
0.228318
-1.234877
0.474409
2.478312
0.955255
-0.308030
0.644443
0.961655
2.312303
0.766617
0.008257
4.574886
0.353833
-0.910721
0.647783
1.433563
-0.038038
-0.898529
-0.178117
5.923523
-0.333682
-1.601376
1.034834
-1.677675
0.850676
-0.252460
0.221687
2.541967
0.913768
0.000028
-0.340891
7.416063
0.222219
-0.972461
0.165735
3.634705
-1.625219
-2.864006
1.176845
-2.083403
0.217864
-0.866858
0.794591
0.130759
-1.181698
-2.362110
0.851457
-0.667446
3.454688
2.020690
0.233100
4.680225
0.151793
-1.489717
0.318522
2.131541
1.007746
-0.370235
0.082738
2.997939
0.851886
-0.367490
1.253629
-2.064960
0.718131
-0.602043
-0.437057
5.432186
2.788170
1.381976
1.214816
-1.668863
1.834437
0.494323
-0.380605
7.356602
0.926022
-0.292884
-0.860773
7.741437
3.468801
2.064428
0.199526
4.634380
1.497311
0.097621
0.592471
1.609445
1.956870
0.681675
0.259860
3.977242
-1.401426
-2.756281
0.573722
1.788755
0.437371
-1.015907
0.682605
0.251231
-0.168831
-1.662399
-0.226657
7.379494
-0.111754
-1.513730
0.307418
3.552447
0.542173
-0.640190
0.423353
3.125052
-1.690709
-2.937235
0.909332
-0.371430
1.985726
0.478150
0.806499
0.275849
2.998608
1.527732
0.327605
2.714446
1.046409
-0.401857
1.015275
0.137478
0.492286
-0.588609
0.550489
3.869959
-0.444338
-1.835516
0.540310
1.760926
0.875416
-0.173647
1.115448
-0.715592
0.295128
-1.142017
0.484159
2.478547
-0.611333
-1.772276
0.059104
5.524208
0.475101
-0.957237
0.790963
1.414449
1.696264
0.115872
0.609223
2.210398
1.380082
-0.068177
0.974059
0.655364
-1.508736
-2.625926
0.363147
4.332865
-1.353433
-2.765197
0.148768
6.542110
-0.139801
-1.607399
0.587044
0.775872
1.043087
-0.106799
0.911320
-1.196704
0.163418
-0.940986
0.489345
2.675307
1.480408
0.108908
0.573559
0.661240
2.269218
1.011929
0.239480
4.265536
-0.899978
-2.405716
-0.337803
6.747091
0.957228
-0.209749
0.588946
1.760539
1.055413
0.087676
0.043007
4.528434
0.407082
-0.818483
-0.272647
5.651928
2.059041
0.937544
-0.070659
4.662090
2.162650
1.082939
1.344827
-0.455687
-0.135172
-1.392713
0.660891
1.501826
2.123950
0.745465
0.234321
2.794639
1.212329
0.299878
1.180382
-0.842744
-1.023905
-2.298191
0.805595
-1.262847
1.208109
-0.012605
0.243025
3.231312
-0.644690
-1.855027
-0.071002
5.404640
0.256657
-1.354430
0.621201
1.692636
1.604665
0.074825
0.731236
2.041352
-1.066761
-2.227494
0.102806
5.729815
0.088440
-1.391446
0.627480
2.125204
-0.115127
-1.285425
-0.393839
5.181096
1.027142
-0.291708
1.308699
-1.566461
-0.183479
-1.012104
0.070126
3.836720
2.178804
0.761911
0.828957
-0.518313
1.280812
0.126882
0.152229
4.407603
-0.449554
-1.911293
-0.001257
4.496147
1.347579
0.095134
0.439645
3.503612
0.221294
-1.196524
0.216479
5.502801
-0.255130
-1.630000
0.586912
2.899724
0.377280
-1.035573
0.338703
2.512979
0.518523
-0.727957
1.175868
0.085128
-0.647752
-1.954217
0.888277
0.267606
0.952991
-0.379553
0.352173
1.743451
4.170430
2.682094
