543.913388
546.930718
544.596281
541.270929
543.034613
538.565744
541.520035
542.812725
540.296564
542.096458
542.305514
544.618298
541.023790
540.453345
540.269615
541.906054
544.412802
541.751167
537.951443
537.724863
537.358402
545.115002
543.045776
543.853065
540.892433
543.375422
540.807209
541.270049
544.124065
542.107255
543.530890
545.814502
545.205328
538.551896
541.153465
537.834089
543.962095
540.126490
538.259446
539.204615
539.413360
543.790495
544.240799
542.118541
538.710304
542.680228
541.926442
543.840670
540.430609
541.245570
539.518287
540.176791
542.446410
543.671461
542.194647
540.201938
539.631322
540.822079
540.364927
540.972848
541.245844
541.071880
541.524652
544.827815
542.763796
542.301257
547.182607
546.237942
544.556893
540.971074
541.758585
543.991997
542.169936
540.216667
537.419525
540.230316
541.133661
541.815686
540.866547
542.196011
540.585190
539.904001
538.582849
540.893140
542.731332
540.860354
540.268889
541.188742
542.614065
545.843538
542.722913
541.758067
541.260002
543.999142
544.962878
545.373222
542.534554
541.290239
537.973946
538.370174
541.909583
545.898850
542.700055
544.365587
542.610307
541.205367
541.449496
540.473152
542.596250
544.251381
544.054269
541.172812
541.395377
540.453211
542.250887
544.668072
545.245756
540.903642
540.720307
542.754951
542.751998
542.742951
541.795487
543.344331
546.446373
543.936166
544.898019
544.027653
542.239799
541.212569
540.190167
539.395290
539.957054
540.463985
539.625800
539.306988
537.953786
539.551366
543.368014
542.894357
538.636582
542.469250
543.830278
544.165026
540.694212
541.903853
543.608678
540.864077
540.890422
541.445266
545.251307
540.699238
541.511508
540.863364
540.255171
543.890265
540.144278
538.749924
542.790471
537.781406
542.079402
539.949115
542.582464
543.949759
545.832611
541.114488
538.452163
537.486191
543.637269
546.614280
544.796672
543.166692
543.709494
542.422073
542.047530
542.678155
542.859129
543.038052
544.096791
540.233167
540.409589
538.695235
541.885346
543.325452
541.134917
542.612501
540.795319
541.975637
544.052473
545.133942
542.885431
543.750878
541.349792
541.579498
542.832295
543.044865
542.436552
537.653828
539.377592
539.694714
540.727405
540.203278
540.790098
542.408539
541.798431
542.418845
542.742533
541.348136
541.882299
541.125065
544.150755
541.980324
538.813309
542.245725
542.906517
541.007960
538.388738
541.080844
540.565326
540.940683
544.766041
544.626256
540.720244
541.593611
541.597420
539.751627
540.703951
541.426392
539.319410
538.266148
540.368245
544.645700
542.817131
542.445676
542.243806
544.908424
543.544010
537.848472
541.413559
542.720671
541.059773
543.536035
545.199577
541.126539
541.682679
541.918135
537.327000
539.298383
541.143066
542.514076
543.362947
545.102592
542.684717
540.952710
540.649259
542.487309
542.226222
538.739722
539.627365
540.518129
539.300955
541.150816
540.917915
540.654327
539.982788
540.624613
541.588109
541.894466
541.449864
542.006952
543.148360
542.695870
543.965973
541.131249
541.311105
540.248893
542.971448
543.523290
543.459892
542.140878
543.897753
542.016517
541.316819
540.847623
546.858870
540.933850
540.755512
541.757649
541.180128
541.009347
545.604406
541.806383
543.950789
541.406200
544.833864
543.978235
541.946439
541.693045
541.350882
540.361674
541.437110
543.976795
538.256918
542.212705
543.162201
545.584574
540.676422
542.490809
541.112333
539.979953
541.517776
540.686492
540.740887
541.627206
538.853156
540.774850
540.735973
541.406207
537.621092
542.509550
542.070096
541.355409
540.743132
542.980541
542.811818
543.580286
547.105778
539.902740
539.960711
542.530716
538.644734
541.170574
540.186503
542.442774
544.101974
541.759260
543.581841
546.684345
544.832099
541.315093
543.348815
538.683830
540.242174
540.120966
538.014062
540.118268
537.896705
539.356406
539.452149
538.965117
542.340248
540.424429
542.995779
541.581305
543.102447
541.246463
541.792724
545.063107
543.134745
543.687094
540.714687
543.132875
540.651968
542.858786
542.686049
542.560462
542.525503
543.501549
545.201779
539.462017
540.723658
542.552047
540.510941
543.450208
543.057117
540.846225
539.488358
540.224319
544.336082
542.097523
538.541811
542.710082
542.198559
543.915649
545.240826
540.538256
542.434242
541.134696
539.325001
538.016684
539.613254
538.777769
542.163113
540.950770
543.408602
543.104313
540.055052
539.661075
542.393986
544.511655
542.864106
542.761116
547.167433
546.450504
544.608157
539.849927
540.315396
543.686434
542.772251
542.837780
545.707992
541.938729
542.512781
545.403420
540.604057
542.913766
543.502512
544.350689
544.204496
542.736724
542.749258
540.890145
540.708162
541.192108
542.313438
545.677544
539.417323
539.043416
538.981888
541.106857
540.094150
541.769076
540.156111
542.580877
542.556814
540.354189
540.266926
542.962151
542.380541
544.012004
542.494854
541.028710
541.425752
540.279787
542.784088
544.304255
544.430317
542.467175
543.934100
543.795901
539.281590
541.674132
545.392136
542.032908
541.681990
542.298521
541.367225
540.690840
540.166492
538.827019
539.876794
542.579514
544.950776
543.983491
542.021264
541.070602
540.108058
539.336145
540.060793
541.943361
539.969943
540.716259
542.170302
540.962160
536.162541
538.898367
539.520742
541.332443
539.610226
541.859775
540.538361
541.205329
547.449045
540.724882
540.536739
541.498000
544.802156
540.322547
541.351220
541.716572
540.135186
538.405476
542.305193
540.741360
534.326510
543.111186
542.472498
542.059005
540.830050
541.392443
538.859997
542.685471
542.889120
542.803203
543.674603
546.685188
544.821904
543.287345
543.741165
542.383984
541.860266
539.706757
541.335718
541.175937
543.590480
543.347626
541.981348
543.432905
540.936837
541.883200
543.025127
541.493312
541.381169
542.633656
545.361756
545.314183
543.091284
543.220985
541.200184
541.405796
542.428469
540.555266
541.364865
541.325277
545.732153
540.828221
542.087520
538.410234
539.941110
541.852662
537.736819
540.238828
540.255566
541.353696
544.224249
542.655439
544.300099
542.057073
538.214313
541.897980
542.450871
540.746982
539.848436
541.076993
541.891796
541.920544
543.458887
539.262793
541.335684
543.913254
542.236946
539.705118
540.869548
537.739241
532.991552
535.391756
541.104970
544.508277
542.988185
543.279066
542.125321
545.117370
543.232165
540.756739
542.419961
541.951623
540.354431
542.619383
538.924455
540.914351
539.166776
537.824207
541.733480
540.836100
540.109998
540.340425
540.128717
540.522346
542.711020
540.827992
540.483937
541.977063
541.703094
538.342692
540.045984
540.515923
539.780450
541.474250
544.758387
542.984052
542.531169
544.753636
543.917035
541.805592
544.025275
543.861023
537.921031
539.046715
541.644714
541.260195
542.029321
540.572418
542.978341
543.772745
543.597343
538.328645
540.170238
540.709816
539.516967
544.478984
541.246029
539.044267
538.988441
537.711240
542.205681
544.149549
545.617131
540.366870
539.173227
544.713703
544.826665
543.960246
542.104340
541.565569
541.117929
540.152774
543.673790
543.803296
544.238250
540.464557
541.594852
541.171094
542.558382
541.973632
543.325917
540.617870
540.599530
544.510365
538.325749
539.120790
539.742433
540.784382
540.585351
541.506269
537.360946
542.433780
541.853209
539.278815
539.928387
537.605038
538.169054
538.131203
540.606271
538.155825
542.300577
541.647177
540.193579
541.295120
536.100782
539.201274
540.800343
544.707440
543.561727
546.618304
544.769749
541.372963
543.558694
538.831889
541.730722
542.882248
540.296340
543.844861
544.658143
542.650806
540.014874
539.051934
539.645441
538.590801
544.725398
542.018654
542.525469
544.461389
545.650974
545.171270
542.684170
542.887777
540.337687
542.794102
540.449541
541.215832
544.080474
542.312312
539.705160
541.790648
541.008449
542.132692
541.955101
544.067772
538.684552
541.675915
543.080008
537.385711
541.617331
543.902044
544.029734
541.828668
537.992287
542.622504
542.047630
544.096033
540.586482
541.410921
539.453169
540.828978
541.132375
540.459368
540.350948
541.336210
545.073002
543.793890
541.351692
542.671494
541.841968
539.937215
541.374392
544.434416
542.767083
543.621237
547.345623
546.667517
544.634698
541.012929
541.761950
544.279902
538.800122
541.523866
542.002270
539.230132
540.197204
543.461363
542.709180
543.975884
543.471006
539.526549
539.479474
539.514657
542.634814
540.804345
540.524076
541.194442
542.260660
545.673636
542.727660
541.857270
541.286011
540.315504
542.301211
542.413058
540.125622
540.776351
539.110491
542.716866
540.889924
544.154956
539.155541
539.786727
540.024338
541.471465
542.380108
540.630867
542.776805
544.039312
544.392159
541.194086
541.354118
540.386730
541.166730
543.205788
542.924055
536.693835
539.538477
542.436213
542.340704
540.484356
545.806649
539.485332
541.926682
544.544138
544.862421
544.148711
542.035375
541.312051
540.283165
539.379534
540.149097
540.772748
539.964259
540.115115
541.603054
539.540601
540.858331
542.037461
541.370740
543.448996
544.595179
543.833262
542.011519
544.349724
543.229518
540.867688
541.059653
541.886899
544.790849
540.450690
541.769800
540.711208
540.124491
543.769099
542.112933
544.634239
543.323606
541.197546
540.700268
537.580913
538.679688
540.998710
539.782574
546.922864
544.148404
543.416816
