539.602396
542.951998
532.371333
551.070607
550.170925
539.940828
549.311618
546.799031
542.191771
544.969126
545.138649
538.086412
542.298769
535.898408
545.436586
549.448729
539.627881
536.561598
536.882578
538.516801
541.480848
542.885680
544.499161
541.961607
540.977633
536.626633
541.700992
537.464872
533.254895
540.458497
544.386489
545.419257
546.539017
540.235441
541.604886
535.688262
537.249024
542.702954
546.024100
541.326336
541.054117
542.861218
546.672371
544.274857
540.639885
542.465614
544.203496
545.166361
548.074235
544.335156
543.029540
535.311242
539.957772
531.886278
536.353514
528.571847
523.722372
537.925958
537.673872
541.152810
543.768095
540.892018
543.764158
542.876264
537.908244
542.599470
543.420569
547.475521
540.226375
542.579688
541.149652
546.019798
538.359065
542.626136
531.724374
530.156095
540.239183
538.618537
536.722836
537.205336
542.069512
545.037102
544.537491
537.181074
540.858571
543.130620
541.058743
544.615568
538.701900
541.747884
537.279257
537.549145
540.551743
545.162687
544.677375
538.269333
549.088281
554.427826
549.156791
537.639781
534.113175
540.851806
544.084586
545.437302
544.591217
547.247192
550.537502
534.551374
536.543932
541.953911
545.762748
546.924322
545.616691
542.509121
552.944693
546.442569
541.949814
541.647864
543.989843
544.961675
537.802352
546.093809
550.547938
540.716445
548.120835
537.841134
536.586979
529.136607
525.429903
535.917596
541.083821
529.776764
543.670968
545.118539
546.499436
542.977829
538.682000
543.915562
544.917812
542.573652
551.263775
543.856056
544.120116
546.277483
538.474011
543.088221
532.043970
550.907534
550.207254
539.516775
537.407472
545.217710
536.297310
543.964392
544.217051
536.855407
542.368796
536.364172
544.925044
543.849767
546.335473
547.112582
537.163501
538.131740
540.811998
542.455769
544.933377
542.954483
529.324039
527.486372
529.677222
537.443755
534.822507
541.800607
545.449456
546.186578
546.893499
548.403467
549.839702
545.830446
536.518899
541.204952
545.611568
541.780319
541.179273
542.769913
540.509898
536.774247
537.371268
541.995040
544.276524
545.882636
549.533282
544.889519
542.104771
547.559615
544.783824
544.925308
536.847683
529.820251
526.503594
538.177437
537.660874
542.321788
540.759382
547.658390
552.493033
542.806726
537.899849
543.257678
543.718387
547.744586
540.348625
544.051729
538.844431
536.633573
538.663110
543.341875
532.089422
528.851655
538.518651
537.623022
542.300406
542.709233
544.154663
543.881271
544.040940
536.853318
541.376866
544.161338
542.261408
541.344098
538.996463
539.940097
537.881498
537.504789
540.408617
545.847040
544.672704
538.710790
541.666337
544.218754
551.640232
537.291737
535.691034
542.336660
544.346166
545.438835
544.864881
547.582710
543.690410
534.817258
536.373708
539.649191
545.776705
546.442965
544.709715
541.421702
541.411590
540.626483
538.008626
542.257725
544.043703
546.230024
537.449514
546.036333
551.298068
540.836593
536.247166
540.551710
537.030022
529.805533
526.221812
536.130369
540.959675
530.657035
543.917732
541.610729
546.990642
542.713752
538.512818
544.161580
545.048016
542.790692
551.010261
542.972467
545.875623
542.646705
538.620668
542.378056
531.601035
549.600732
550.088340
538.652242
548.976648
547.120150
543.120332
545.366745
544.419555
537.578599
542.559745
535.628964
543.900291
548.698328
539.700479
537.135384
537.962660
537.713709
541.440388
542.013032
544.732147
543.331396
540.861162
537.849445
541.851038
536.514772
535.788146
542.542285
544.742253
545.612436
546.389714
539.866258
541.423543
534.956526
536.570468
539.029341
546.727273
540.318946
541.296162
543.982728
546.635804
544.599436
540.474909
542.481816
544.343599
546.255487
549.345828
543.797825
541.928971
536.030603
538.562264
531.767300
536.533712
529.228303
525.912965
538.400084
538.097174
542.613324
542.529495
540.081092
542.918760
542.524846
537.449999
544.088903
544.014972
548.333887
542.012253
541.160390
540.248139
545.773037
