0.917064
-2.104522
0.480244
-0.855732
0.983746
-1.784501
1.431217
0.151257
1.605291
-3.385775
-1.248906
-2.463566
0.744666
-0.281725
1.600890
0.467612
-0.067102
2.261041
4.256183
3.185681
0.460073
1.910055
1.398475
0.441600
1.228396
-1.428152
0.428108
-0.889521
0.064113
4.674674
2.792322
1.341263
-0.391941
6.133250
0.403083
-1.077185
0.650716
1.779862
-0.303149
-1.590250
-0.795099
8.431533
-0.167398
-1.462939
0.967634
0.490416
-0.666493
-1.972726
0.052014
6.165733
0.702198
-0.670461
0.698533
1.816934
-0.722590
-2.033835
1.506289
-4.028314
-0.661538
-1.766885
0.559849
1.428749
1.300462
-0.023988
0.218786
3.445425
3.533179
1.860111
0.770417
-0.300906
0.868970
-0.549854
0.025821
4.322533
0.300143
-0.945544
0.501641
1.785442
0.040554
-1.270543
1.507296
-2.358428
-2.299468
-3.614527
0.472011
1.553440
2.136049
0.701901
0.084406
3.832229
0.894096
-0.383901
0.680013
-0.362837
0.586197
-0.571696
-0.607325
8.067159
1.427530
-0.427596
0.777344
0.910588
-0.199933
-1.572754
1.406205
-2.144782
0.188337
-0.879825
0.836323
0.792820
0.069769
-1.020241
0.566012
1.880324
2.173483
1.067041
0.287824
2.864680
0.084294
-0.913929
1.159675
-2.344829
1.929596
0.730170
-0.561864
7.440867
1.909032
0.590207
0.476721
3.014696
0.461408
-1.044859
1.365906
-1.398432
-1.140221
-2.570642
-0.371722
7.083549
2.001556
0.664686
1.074409
-0.897778
-0.523882
-1.763561
0.764387
1.467176
-0.854264
-2.076893
0.115056
3.075483
1.859860
0.718922
0.462390
2.540262
0.586714
-0.588757
0.188122
3.583798
0.656053
-0.633190
0.706245
0.040611
1.949346
0.640558
0.681468
0.954129
1.866039
0.443864
0.825486
-0.549119
2.260867
1.078900
1.163197
-1.099796
0.798640
-0.525864
0.888616
-2.008685
4.106169
2.892877
1.270596
-2.991921
0.494125
-0.389406
1.032489
-0.514379
-1.065306
-2.524003
0.554994
1.570471
1.606774
-0.019419
1.225686
-1.194115
-0.098643
-1.103016
1.093465
-1.327067
-0.028386
-1.120283
0.574303
-0.513518
2.188099
1.113367
1.018152
-0.597269
0.818651
-0.426719
1.188410
-1.874967
-0.209146
-1.480470
0.019002
3.148320
1.061390
-0.259220
0.223870
3.396344
1.975936
0.418057
0.819725
0.751047
-0.202825
-1.400988
0.257753
3.166957
3.309864
1.540057
0.980727
-1.013642
0.384601
-0.919118
-0.336660
5.550889
-0.547681
-1.848849
0.167725
3.527567
1.203474
-0.196079
0.016100
4.520173
-0.232370
-1.435500
0.859222
-0.386490
1.376322
-0.055361
1.296392
-3.142088
2.389994
0.888925
0.527678
2.819355
-0.937818
-2.133675
0.425521
3.363169
-1.149457
-2.409272
-0.295563
6.894181
-0.177234
-1.299679
0.788124
2.168466
-1.700357
-3.013119
0.049340
3.878378
-0.169509
-1.669473
0.919975
-0.311932
-1.716159
-2.768222
1.179609
-3.034906
1.069867
0.015615
1.666860
-3.376169
-0.428230
-1.562417
1.558565
-4.666032
1.379849
0.378646
1.528188
-3.170206
0.273099
-1.047492
1.289841
-0.444865
-1.219251
-2.544584
0.205071
2.701743
1.533056
0.353470
1.087682
-3.159830
1.570357
0.397253
1.729807
-4.853787
1.365314
0.358207
0.778524
-1.037450
0.006414
-1.137539
1.446410
-3.700931
0.377949
-0.908911
0.519736
1.074325
1.103582
0.058296
1.241307
-1.675672
0.403338
-0.700129
1.850922
-4.683185
-0.632948
-1.905151
-0.218053
6.516530
0.614382
-0.931800
0.077808
2.879707
1.489306
0.047999
0.546738
2.666241
-0.811986
-2.215358
0.943212
-1.237455
2.534267
1.200492
0.604300
1.539263
1.093323
-0.225475
0.448898
1.843345
2.082898
0.666402
0.122174
4.800562
-1.569706
-2.907362
1.386882
-2.946980
-1.074716
-2.354670
0.409046
3.864290
-3.515065
-4.612103
1.307770
-1.526528
-0.615332
-1.967748
0.062779
4.973626
1.270531
0.001189
1.471257
-2.408774
-0.073571
-1.230571
0.128216
2.903289
0.558379
-0.505524
0.768045
1.352276
0.453804
-0.811701
0.487510
2.586784
-0.527581
-1.251304
0.501728
1.076314
-0.510952
-1.805053
0.677324
0.002107
0.207084
-0.862004
-0.138489
6.570364
-1.556904
-2.908988
0.416144
2.814558
-0.213282
-1.619553
0.612776
1.951220
0.894562
-0.550562
0.412120
2.390290
-0.867287
-2.279484
0.508333
1.613515
1.820115
0.943469
0.629153
0.458533
2.072566
0.805517
1.028426
-1.584063
0.542956
-0.718348
-0.339985
5.346366
1.956882
0.368035
0.984765
-0.455309
-0.485207
-1.160654
0.100188
2.884714
1.768855
0.259949
0.813634
0.121378
0.534197
-0.534924
1.282290
-1.461295
-0.637503
-1.428791
0.200748
4.266322
-1.149499
-2.582623
0.567479
1.267840
0.914660
-0.353536
0.550545
0.697148
1.913325
0.874069
0.462881
1.529133
1.551554
0.112891
1.114902
-0.028360
-0.509967
-1.605916
0.301010
2.456339
2.573692
1.373462
1.387382
-3.329538
-0.946099
-1.781255
1.068940
0.509371
0.446097
-0.597912
1.242679
-1.456910
-1.227889
-2.723120
0.210184
3.777158
-0.885396
-1.828051
0.472976
2.079841
2.603625
1.516465
0.987222
0.320969
-1.704543
-2.999766
1.343070
-1.612916
0.259508
-0.995612
0.844770
-0.615879
2.112642
0.956441
0.403749
2.481635
-0.369323
-1.697928
-0.104490
6.184660
0.740986
-0.635289
1.099171
-1.485819
2.491178
1.066979
1.358942
-2.752593
-0.067880
-1.057877
1.022036
1.247916
0.220754
-0.780223
0.550574
0.707449
1.167454
0.189529
-0.138722
6.614059
0.687130
-0.919433
0.651066
1.443950
-0.068158
-1.000660
0.732685
0.602565
0.338743
-0.416729
0.629064
0.882311
0.290809
-0.779115
1.193469
-0.938924
-0.568818
-1.816900
0.776557
1.073172
0.208659
-0.944751
0.803447
-0.675043
1.252617
0.351210
-0.136222
4.503815
0.619077
-0.447246
-0.241986
6.362328
0.092901
-0.923105
0.115466
3.356746
0.758079
-0.379706
0.367988
1.846170
1.669796
0.443624
0.364845
2.044658
1.204878
-0.175069
1.273409
-3.930012
1.659307
0.829336
0.255434
2.118309
1.015592
-0.488402
0.359856
2.341015
1.309066
0.181336
0.853355
0.790405
0.697475
-0.443936
-0.173503
3.821140
0.608651
-0.933110
-0.104624
4.657608
-2.167251
-3.149072
1.666559
-2.934870
-1.627592
-3.029282
-0.057481
3.459337
1.996728
0.294548
1.371022
-2.244234
-1.115048
-1.975070
-0.020968
4.159849
0.858239
-0.380262
-0.091742
6.397644
-0.536659
-2.035395
0.649994
2.136378
1.088135
-0.210896
0.607035
1.764862
3.062919
1.982145
0.743083
-0.243511
0.067070
-1.028350
1.519417
-2.740634
-1.649930
-2.773733
1.254531
-3.084458
-0.264712
-1.025913
0.605670
0.758752
0.779891
-0.478078
0.048211
5.105569
1.572418
0.183116
0.486361
0.836658
-0.243227
-1.549520
-0.496669
5.996191
2.670169
1.276416
1.383176
-2.762510
1.391088
0.351274
1.270469
-2.280540
0.723814
-0.317328
0.768850
0.225402
0.300900
-1.067831
0.192811
3.028042
0.249709
-0.707590
1.959553
-6.180871
-1.357994
-2.218207
0.462402
1.341647
0.331178
-1.151381
0.539245
2.929263
-1.143948
-2.689796
0.078030
4.070322
0.672860
-0.812275
0.784085
0.492767
1.701563
0.494007
0.862236
-0.091336
0.270198
-0.641163
0.306169
3.522047
0.784115
-0.840394
-0.791781
8.733358
1.941639
0.578721
0.294835
3.650886
2.434683
1.047929
0.574556
1.254392
1.501367
0.202409
1.301188
-1.392467
0.436613
-0.834832
0.950650
-0.367564
1.420546
0.277658
0.681484
1.096053
0.159239
-0.804843
0.174258
3.265386
1.311746
-0.380006
1.085484
-1.196622
-1.270210
-2.565362
0.453259
3.138989
-0.259245
-1.386566
0.250027
2.847483
3.244658
1.944101
0.635268
-0.827382
2.995344
1.996687
0.526418
0.881481
0.702344
-0.407594
0.402170
2.879398
0.068431
-1.298211
1.416556
-3.642822
1.190318
0.053351
1.192006
-2.915795
2.543705
1.435885
0.836462
0.640254
0.459962
-0.631324
0.109677
4.278879
0.800662
-0.350438
-0.061354
5.898821
0.797955
-0.490910
-0.151428
3.762845
2.685796
1.188774
0.150563
3.195714
1.168515
-0.216308
1.314476
-2.187372
-0.215273
-1.224810
-0.195144
7.054699
-0.155742
-1.656965
1.042101
-0.181151
-0.030996
-1.518938
-0.097076
4.813199
0.774517
-0.948212
0.851826
-0.362622
0.228422
-0.928922
0.201676
2.387976
2.121977
0.821603
0.092081
4.246547
-1.102064
-2.229352
0.517919
3.183044
0.057254
-1.262057
0.102806
3.653310
-0.635480
-1.925312
0.302793
2.319548
0.685401
-0.579331
0.333880
2.557429
0.389480
-0.484876
-0.327461
4.992254
1.945016
0.481540
0.751550
1.653139
-1.866825
-2.976867
1.752693
-4.267388
2.133538
1.010586
0.667527
3.097418
-0.686729
-2.043724
0.904234
-0.742302
-0.161844
-1.524416
0.821230
-1.287370
3.171489
2.112692
0.912832
0.147555
0.541557
-0.041546
1.280690
-2.362402
0.533358
-0.602608
0.856836
-0.071740
0.338116
-0.792639
0.694828
1.106170
-0.318484
-1.463058
0.423849
3.090862
0.543639
-0.750070
1.098524
-1.060745
-0.447361
-1.692629
1.297525
-1.804874
1.335436
-0.171587
0.404862
3.792326
0.670997
-0.788451
0.184797
3.150536
0.144212
-1.112177
0.283208
3.523813
-0.005640
-1.849595
0.046145
3.821611
1.215925
0.107111
0.444855
2.744156
2.220961
1.270122
0.053099
4.180643
-0.673403
-1.944499
0.117533
5.105166
-0.000609
-1.596509
-0.484116
6.826997
0.824188
-0.564923
0.615660
1.750295
-0.155878
-1.265187
-0.528222
6.823556
0.037147
-1.087700
-0.371439
5.558731
2.789186
1.588262
0.589681
2.289016
2.313386
0.973300
0.853367
0.725964
-0.281827
-1.414532
0.776437
1.787810
-0.975882
-2.112568
0.278416
3.814090
0.642562
-0.504729
-0.509405
7.092614
1.610231
0.341413
0.159376
3.333233
1.400372
0.184251
-0.115434
5.325771
1.349386
-0.339574
0.315152
1.021131
2.586998
1.431524
0.950168
0.159957
-0.390669
-1.575792
0.342828
0.491332
3.006186
2.025025
0.215236
4.121348
0.613683
-0.640203
0.044890
4.653587
0.798584
-0.581172
0.295324
3.417020
0.656211
-0.731862
0.041409
2.880884
1.762721
0.551803
0.816484
1.175794
-1.671777
-3.228431
0.294359
2.670544
1.996133
0.718233
-0.711397
8.352595
0.040552
-1.450623
-0.175739
5.854847
0.551629
-0.985154
1.547740
-4.625131
1.813122
1.008410
0.395794
3.769446
0.659940
-0.566788
-0.541308
7.192958
0.002558
-1.561802
1.149644
-0.077694
-0.593030
-1.927658
-0.457115
6.180652
1.644650
0.216549
0.361462
1.875877
1.736219
0.598727
-0.881764
9.873098
1.784471
0.333966
0.507146
3.563481
-2.451688
-4.014651
-0.546179
9.322826
-0.116803
-1.364211
0.602005
2.767671
0.147314
-1.254772
0.426406
2.268703
0.032253
-1.240480
0.769305
-0.461630
1.328376
0.194933
0.307770
2.435126
-0.022435
-1.067697
0.462215
3.359236
1.133020
-0.380003
0.035903
3.536691
3.062923
1.608351
0.434206
1.541276
1.330991
-0.132946
0.071747
3.835475
1.403147
0.117262
0.526896
3.102436
-0.071720
-1.594093
0.373806
2.687237
0.640364
-0.827441
-0.380450
3.995510
2.116656
0.628305
0.359263
1.566323
2.060949
0.638500
0.625327
1.197780
0.145563
-0.822918
0.292454
4.237183
-0.573949
-1.794262
0.031617
4.688226
1.802641
0.595724
2.049158
-5.242075
-0.276218
-1.469588
0.723398
0.693048
-0.750137
-1.830758
0.118018
2.917822
1.257286
0.064656
-0.696609
7.645525
0.358470
-1.063020
-1.071776
9.123240
1.694357
0.059489
0.046441
2.951712
0.759172
-0.182772
0.249012
2.935510
-0.164574
-1.501772
0.344063
4.562220
-0.662527
-1.889334
1.313706
-0.730669
-0.028104
-1.218861
