0.032769
21.351855
0.247398
0.019837
0.050913
-7.283711
-0.173078
-0.100485
0.041343
-13.410742
-0.196072
-0.032625
0.016648
11.059606
-0.121505
-0.118000
0.022019
-10.158815
0.037060
-0.002520
-0.024016
18.872601
0.046943
-0.064930
0.035985
2.551614
0.101467
-0.099292
0.007284
23.975816
0.050553
-0.073150
0.091343
-28.857718
0.194579
-0.016306
0.026867
13.325362
0.052882
-0.057239
0.028412
-14.659534
-0.072697
-0.025988
-0.062082
52.017192
0.316274
0.029793
0.022826
1.474434
-0.136304
-0.031496
0.041396
3.258337
-0.075620
-0.060213
-0.043960
36.916467
0.269801
-0.093142
0.056152
5.270389
0.064220
-0.022738
0.112709
-39.932113
-0.212029
-0.021197
0.013986
21.053671
0.141327
-0.088659
-0.099090
49.299472
0.368611
0.006448
-0.016429
30.458698
-0.205271
-0.044673
-0.012240
-2.878608
0.279599
0.011227
0.098321
-14.723568
0.107629
0.001695
0.077472
-20.013113
0.151075
-0.087887
0.044429
0.729940
-0.172607
-0.168058
0.027182
23.452594
0.261126
0.023051
0.007345
3.729494
0.331610
-0.038757
0.037711
-11.625110
-0.029164
-0.035143
0.016080
11.981763
-0.125014
-0.120008
0.049577
-9.966439
0.093388
-0.006887
-0.017259
27.794376
-0.379837
-0.132457
0.039154
1.280365
0.107005
-0.109530
0.010152
3.251172
0.117443
-0.083342
-0.018238
15.297814
-0.043328
-0.029157
0.022510
14.165211
0.047464
-0.060506
0.020122
-13.626443
-0.035041
0.008129
-0.019668
27.405747
-0.503128
-0.046839
0.020632
-0.440612
-0.156527
-0.031975
0.068852
-11.325141
0.065345
-0.019563
0.036210
-14.142659
0.395218
0.077585
0.057305
4.173082
0.063640
-0.026256
0.038042
4.719303
0.109462
-0.063501
-0.016357
27.980671
-0.006369
-0.002770
-0.099490
49.655965
0.348882
0.003481
0.028385
4.135368
-0.113311
-0.115667
0.003954
5.804064
0.056916
-0.098532
0.101337
-14.105364
0.071827
0.003245
-0.023654
21.192546
0.190894
-0.060760
-0.000257
-2.727172
-0.426378
-0.112625
0.021185
24.451060
0.259859
0.023335
0.045972
-5.195429
-0.183086
-0.108905
0.067484
-14.591975
-0.276722
-0.022288
0.019529
11.724038
-0.159337
-0.131680
0.025952
-10.938789
0.043699
-0.008324
0.016534
-9.971910
-0.022642
-0.072901
0.037632
0.898520
0.113542
-0.101612
0.002264
25.999118
0.059834
-0.066365
0.056754
-25.180354
0.186411
0.028323
0.027344
14.462279
0.069768
-0.058064
0.015626
-8.671108
-0.051195
-0.010930
-0.003037
24.130013
0.115778
-0.146829
0.022135
0.089024
-0.163585
-0.048616
0.048837
-0.492112
-0.121136
-0.065352
-0.000995
7.872642
0.279466
-0.071663
0.052603
5.209720
0.066101
-0.015270
0.108946
-38.226510
-0.207434
-0.023117
0.016339
0.912713
0.075266
-0.065837
-0.104555
52.178230
0.356574
-0.001226
-0.014191
28.462385
-0.218064
-0.034803
0.064060
-17.365990
-0.230445
-0.034222
0.093200
-11.109219
0.077413
0.011070
0.084752
-21.058557
0.131670
-0.092235
0.088444
-22.637311
-0.141892
-0.069900
0.016228
26.071516
0.258760
0.025305
0.003366
5.730049
0.337254
-0.035942
-0.044723
20.919734
-0.189779
-0.018963
0.018158
10.433428
-0.108832
-0.119274
0.042384
-7.665877
0.077946
-0.012963
0.011473
-5.758219
-0.208292
0.004243
0.036098
4.343849
0.138278
-0.107600
0.020456
-2.798073
0.118078
-0.090394
-0.054595
36.614517
-0.252825
-0.041841
0.013794
18.286104
0.042265
-0.063797
0.019532
-14.991088
-0.054661
0.017539
0.068022
-17.534051
0.011870
-0.057903
0.020794
1.223733
-0.176339
-0.050785
0.071092
-13.477700
0.076350
-0.006390
0.004818
21.466273
0.007864
-0.009094
0.048489
5.850827
0.082094
-0.008221
0.033976
2.781296
0.111949
-0.065872
0.076648
-33.723723
0.242352
0.007021
-0.111230
56.203212
0.363148
0.003420
0.022256
6.519646
-0.134711
-0.125693
0.064445
-32.225646
-0.000221
-0.077043
0.092240
-10.860312
0.127025
0.008398
-0.015489
16.998391
0.195720
-0.049739
-0.006316
17.139101
0.145634
-0.089291
0.019062
25.379937
0.263144
0.011956
0.047369
-7.462798
-0.152497
-0.104111
0.036242
-9.300787
-0.207244
-0.028769
0.016349
10.492261
-0.120158
-0.109143
0.027444
-11.529677
0.038999
-0.007845
-0.028054
20.754371
0.037407
-0.074690
0.029940
5.703076
0.149634
-0.103530
0.007233
24.597423
0.058963
-0.066360
0.093087
-28.982931
0.194438
-0.019949
0.015047
19.341141
0.034956
-0.062223
0.019242
-12.133895
-0.055723
-0.013393
-0.066382
52.657444
0.310910
0.041488
0.027705
-2.094400
-0.170171
-0.049707
0.035367
1.495384
-0.091492
-0.036202
-0.040934
35.642448
0.252529
-0.098913
0.044022
6.465741
0.099892
-0.016433
0.120847
-43.067214
-0.213871
-0.032935
0.011630
21.346851
0.095679
-0.086678
-0.104550
54.419723
0.357501
-0.006394
-0.011909
26.899106
-0.196753
-0.037705
-0.008247
-4.433145
0.295857
0.006148
0.098110
-11.256527
0.130621
0.018749
0.087264
-23.461994
0.108953
-0.086106
0.037958
3.880473
-0.154301
-0.165409
