0.065328
19.008951
0.144373
-0.061701
0.077894
12.311972
-0.096466
0.010958
0.110374
-10.117662
-0.239255
-0.086143
-0.046184
35.184157
0.387889
0.169443
-284.208907
3554615.477581
-525629.588085
76.550180
0.083484
24.588194
0.168718
0.081109
0.083113
14.057696
0.337671
-0.208371
-0.054261
48.305205
0.193034
-0.079411
-1004.485875
4890904.091064
13032.339205
47.446210
-0.041275
32.633529
0.246311
0.065735
0.030659
43.684475
3.829267
-0.130198
0.139064
6.944900
0.012140
-0.120148
0.055889
22.961131
0.118596
-0.064193
0.076742
12.220435
-0.108993
0.003255
0.102257
-5.348454
-0.255978
-0.079921
-0.050964
30.973714
0.358655
0.167958
-290.780171
3636836.100730
-537790.350160
78.333494
0.080940
25.678550
0.175326
0.078195
0.086829
13.829964
0.362593
-0.203577
-0.050146
48.544201
0.175482
-0.078023
-1053.213282
5128149.673231
13674.230280
49.652942
-0.047225
39.151919
0.154744
0.045059
0.026677
44.044579
3.877600
-0.105284
0.132555
9.493194
0.045985
-0.098358
0.052688
22.281873
0.101623
-0.064259
0.075636
11.748635
-0.134583
0.002922
0.098602
-6.080509
-0.182395
-0.069762
-0.063532
31.771116
0.350470
0.139622
-297.347600
3719062.582864
-549954.877712
80.112198
0.077708
28.631478
0.165241
0.068676
0.097361
12.534467
0.350555
-0.214396
-0.042561
46.557328
0.128198
-0.115043
-1101.934916
5365393.397680
14310.213105
52.034305
-0.050963
39.445780
0.154919
0.041786
0.016988
44.888856
3.911750
-0.078234
0.121593
11.546707
0.017352
-0.112477
0.044941
24.219365
0.130505
-0.035703
0.095600
3.042330
-0.135876
0.025648
0.099191
-8.051150
-0.150235
-0.057159
-0.068864
33.243562
0.404368
0.152278
-303.921969
3801285.248912
-562108.413022
81.893906
0.070434
31.548906
0.146394
0.082206
0.098328
15.535370
0.348495
-0.223700
-0.035262
45.650658
0.112894
-0.117981
-1150.669216
5602639.188711
14918.497976
54.275846
-0.059256
46.693483
0.148468
0.012008
0.013898
48.301134
3.935278
-0.080990
0.131168
8.446275
0.040581
-0.096839
0.020497
25.014934
0.065780
-0.041806
0.092602
4.978841
-0.118287
0.050704
0.086348
-2.358797
-0.146232
-0.040873
-0.075000
34.584363
0.407299
0.158028
-310.492067
3883512.034455
-574264.385202
83.685249
0.081468
29.382501
0.144999
0.115454
0.091837
18.048330
0.343693
-0.208779
-0.037616
48.011334
0.139765
-0.107326
-1199.386512
5839884.298960
15548.217199
56.566935
-0.062074
48.224429
0.128757
0.009373
0.018796
47.870410
3.905100
-0.088137
0.132902
6.253241
0.088235
-0.093536
0.017401
21.799153
0.018323
-0.047712
0.078948
6.572443
-0.137455
0.065585
0.066853
6.573652
-0.119931
-0.065779
-0.072715
36.731028
0.365603
0.147598
-317.071715
3965745.768604
-586419.035850
85.438571
0.089217
29.749585
0.126302
0.120288
0.107875
7.073154
0.335398
-0.186477
-0.043468
49.172175
0.096287
-0.109529
-1248.116948
6077132.537228
16180.303858
58.932609
-0.055686
46.326045
0.109837
-0.002239
0.011198
43.822336
3.883361
-0.069325
0.135689
6.743373
0.075509
-0.091593
0.010189
25.616849
0.126778
-0.014177
0.081883
6.420203
-0.233625
0.082535
0.046763
12.946377
-0.161281
-0.067343
-0.080764
36.886693
0.367656
0.135110
-323.654353
4047971.269903
-598581.715955
87.242396
0.107317
24.068393
0.121878
0.111771
0.115273
4.534676
0.320560
-0.183690
-0.014570
43.325886
0.060246
-0.103337
-1296.848228
6314385.893858
16803.860622
61.282828
-0.036366
37.920760
0.260393
-0.051676
0.032498
44.763619
3.929072
-0.066084
0.121568
9.425600
0.055714
-0.072233
0.012509
25.659906
0.085705
-0.022250
0.078062
7.319734
-0.232574
0.061217
0.060195
5.922892
-0.092655
-0.052159
-0.074228
33.979715
0.361892
0.127407
-330.228876
4130198.110803
-610744.812135
89.009666
0.107531
22.204595
0.127626
0.111718
0.126938
-2.821042
0.295166
-0.187628
-0.011663
41.402924
0.059414
-0.100353
-1345.580246
6551628.260516
17426.972005
63.577367
-0.035613
32.037041
0.212308
-0.040588
0.014564
47.127310
3.913473
-0.068991
0.121268
8.143161
-0.042821
-0.099834
0.018927
24.762903
0.067049
-0.045962
0.068210
13.809594
-0.261264
0.056209
0.051857
12.295676
-0.108241
-0.063723
-0.081200
36.589965
0.374580
0.118703
-336.800828
4212418.026746
-622906.256859
90.725532
0.102006
24.378163
0.141904
0.119794
0.126359
-1.641313
0.206205
-0.197979
-0.000898
35.226904
0.042915
-0.102807
-1394.311148
6788872.733427
18059.446288
65.866804
-0.027866
26.469463
0.197146
-0.047924
0.019221
46.876886
3.931917
-0.059644
0.112001
8.648250
-0.047233
-0.084837
0.014621
29.617141
0.122660
-0.033797
0.062723
13.088775
-0.240665
0.061231
0.050626
13.856745
-0.108882
-0.064616
-0.087123
38.799613
0.396124
0.101842
-343.370972
4294637.682282
-635056.308747
92.483357
0.099685
21.902085
0.116474
0.092428
0.131322
-0.617991
0.485591
-0.203310
0.001800
33.288165
0.018328
-0.092291
-1443.035825
7026113.031679
18691.784365
68.194369
-0.026155
32.207919
0.162487
-0.071367
0.025923
42.677421
3.908602
-0.081582
0.105714
10.018616
-0.025812
-0.073997
