0.049430
9.953123
0.096442
-0.041502
0.029384
165.612326
0.770051
0.035665
-575.267978
1244483.532808
15178.840830
1.145743
0.029365
165.569824
0.776238
0.036877
-584.099323
1263559.001220
15411.484712
1.152354
-13802.360303
48558299.388563
294642.228440
45.866281
-3127.967628
16671409.270729
-15613.043586
120.941448
-13811.269863
48589644.851323
294832.453036
45.896329
-3129.079574
16677417.608757
-15590.206113
120.980634
-350.657603
1831094.250267
2963.082102
184.739701
0.049758
9.691740
0.091126
-0.043974
-350.892697
1832322.159189
2965.386649
184.863367
0.050886
9.425770
0.091104
-0.043602
0.029478
165.438775
0.771177
0.036821
-625.312797
1352578.775072
16497.251824
1.187461
0.029287
165.448825
0.775641
0.037556
-634.144569
1371654.494960
16729.933117
1.195610
-13840.226329
48691518.014005
295450.872715
45.991291
-3134.438629
16705456.919358
-15483.549664
121.175944
-13849.136358
48722863.382345
295641.034567
46.017289
-3135.586807
16711464.978861
-15460.996298
121.215930
-351.656547
1836314.799165
2971.774287
185.261707
0.052225
8.797052
0.090868
-0.042481
-351.891148
1837543.342522
2974.633248
185.384332
0.051934
8.906855
0.089963
-0.043202
0.029327
165.554212
0.770820
0.035758
-675.357839
1460674.023419
17815.674903
1.231138
0.029547
165.564201
0.770732
0.035406
-684.188929
1479749.414989
18048.334885
1.236903
-13878.093885
48824736.494332
296258.894437
46.105738
-3140.946207
16739503.470554
-15355.089014
121.402245
-13887.002676
48856081.643307
296449.407537
46.136112
-3142.094589
16745511.658380
-15332.467547
121.442608
-352.654806
1841534.121553
2982.113705
185.790285
0.052043
8.861473
0.090639
-0.043484
-352.890383
1842762.231583
2983.994277
185.913527
0.052025
9.035649
0.089478
-0.044527
0.029525
165.719398
0.766109
0.035453
-725.402146
1568768.986078
19134.111247
1.274595
0.028252
166.103900
0.765690
0.037133
-734.233141
1587844.481671
19366.777135
1.282075
-13915.959678
48957954.510263
297067.173242
46.228437
-3147.452678
16773549.675959
-15226.096276
121.633237
-13924.869488
48989299.804321
297257.167571
46.255051
-3148.601168
16779558.274411
-15203.121843
121.674069
-353.654479
1846754.008859
2990.062819
186.318151
0.052609
9.107140
0.092862
-0.045296
-353.889640
1847982.508788
2991.856456
186.440921
0.052166
9.284430
0.092686
-0.044852
0.027097
166.267216
0.769989
0.038175
-775.445106
1676864.038971
20452.537489
1.312982
0.027090
166.279916
0.769002
0.037156
-784.276301
1695939.598850
20685.200970
1.320298
-13953.825801
49091172.176179
297875.191703
46.345916
-3153.960368
16807596.256434
-15097.089217
121.866996
-13962.735288
49122517.269865
298065.380999
46.374022
-3155.108512
16813604.176449
-15074.330372
121.908620
-354.653041
1851974.265825
2999.588396
186.838427
0.052588
9.288759
0.090614
-0.045111
-354.887752
1853202.556986
3001.571774
186.958796
0.052300
9.478239
0.090594
-0.044704
0.028589
165.829891
0.763170
0.036799
-825.481586
1784959.026932
21770.954386
1.352837
0.029023
165.639379
0.763301
0.036804
-834.312886
1804034.510140
22003.613377
1.360580
-13991.691832
49224389.837123
298683.748802
46.467691
-3160.467764
16841642.438730
-14967.662966
122.101990
-14000.600911
49255734.827842
298873.948595
46.497491
-3161.615958
16847650.559752
-14945.355739
122.143570
-355.651425
1857195.437408
3010.235194
187.356894
0.052404
9.337362
0.083967
-0.045992
-355.887172
1858424.067986
3012.028067
187.475417
0.052275
9.551103
0.084668
-0.046178
0.028312
165.687766
0.762292
0.035713
-875.526251
1893054.028642
23089.410282
1.394874
0.028757
165.553194
0.761390
0.035179
-884.358141
1912129.886638
23322.093935
1.401933
-14029.558250
49357607.986832
299492.159198
46.591260
-3166.974495
16875688.234316
-14839.296493
122.335213
-14038.467933
49388953.522065
299682.394039
46.620002
-3168.122836
16881696.445695
-14816.536589
122.376260
-356.650666
1862416.302973
3018.128365
187.878954
0.052508
9.459590
0.083525
-0.046420
-356.885543
1863644.647575
3020.261036
187.999069
0.052998
9.406472
0.085702
-0.045627
0.027246
166.137608
0.757692
0.035561
-925.570957
2001149.207096
24407.899647
1.434572
0.026804
166.168348
0.755189
0.034404
-934.401506
2020224.806087
24640.573956
1.443371
-14067.424525
49490826.262915
300300.590997
46.713229
-3173.482261
16909735.133333
-14710.703630
122.563994
-14076.334198
49522171.845778
300490.907104
46.740760
-3174.630147
16915743.141202
-14687.946241
122.605531
-357.649691
1867635.603323
3027.693561
188.398991
0.052061
9.957807
0.084238
-0.045117
-357.884554
1868864.504883
3032.098486
188.522493
0.052521
9.992697
0.083255
-0.045737
0.027565
166.133666
0.755323
0.033833
-975.613898
2109244.078096
25726.358774
1.476049
0.027373
166.210585
0.756154
0.034573
-984.445293
2128319.700306
25958.964751
1.482697
-14105.290055
49624044.462647
301108.839278
46.832078
-3179.989000
16943781.142031
-14581.258925
122.791686
-14114.200146
49655390.152937
301299.112270
46.861105
-3181.137377
16949789.387274
-14558.356621
122.832963
-358.648981
1872855.630064
3039.460028
188.923418
0.052070
10.236273
0.085281
-0.045200
-358.884014
1874084.122935
3041.293952
189.043174
0.052220
10.068810
0.084888
-0.044435
0.027947
166.388932
0.758790
0.034922
-1025.657883
2217338.899803
27044.704227
1.515879
0.028669
165.916539
0.754777
0.033215
-1034.489808
2236414.733307
27277.257854
1.523662
-14143.155983
49757262.633179
301917.513416
46.953505
-3186.495565
16977828.442017
-14451.683018
123.031236
-14152.065296
49788608.146730
302107.703242
46.983215
-3187.643667
16983836.830119
-14428.922379
123.073742
-359.648797
1878075.629590
3048.773927
189.440282
0.050131
11.125018
0.083371
-0.043628
-359.883778
1879304.371563
3050.427858
189.566780
0.049465
11.479712
0.085564
-0.043439
0.028630
165.937591
0.754316
0.032903
-1075.702768
2325434.102237
28362.964789
1.555588
0.026979
166.974154
0.752433
0.030112
-1084.533597
2344509.738177
28595.630966
1.562682
-14181.021277
49890480.765494
302725.777953
47.071128
-3193.002462
17011875.063884
-14322.665506
123.265294
-14189.931705
49921826.280106
302915.973976
47.101382
-3194.150722
17017883.304983
-14300.423492
123.308737
-360.646327
1883295.026744
3056.787132
189.967534
0.047994
11.664888
0.087915
-0.044953
-360.881283
1884523.837871
3058.768381
190.088585
0.048471
11.863257
0.089585
-0.045085
0.028003
166.446809
0.751919
0.031316
-1125.746479
2433529.078447
29681.350931
1.600152
0.027781
166.563148
0.751086
0.029384
-1134.577966
2452604.668073
29914.013518
1.608671
-14218.886896
50023698.828801
303534.039684
47.198059
-3199.508896
17045921.358205
-14193.919518
123.496078
-14227.796230
50055044.250331
303725.028475
47.225667
-3200.657178
17051929.774896
-14171.770293
123.537628
-361.645161
1888516.800926
3066.518521
190.502290
0.048846
11.768178
0.089022
-0.044359
-361.880220
1889745.578268
3068.670031
190.627128
0.049500
11.816819
0.092313
-0.042131
0.028260
166.573332
0.749482
0.028765
-1175.789562
2541623.896132
30999.771273
1.643243
0.028134
166.622069
0.756997
0.027253
-1184.621833
2560699.548469
31232.433656
1.652260
-14256.751848
50156916.584958
304342.991933
47.323199
-3206.015643
17079968.145943
-14065.114579
123.726405
-14265.661981
50188262.139181
304533.111570
47.350883
-3207.164107
17085976.327672
-14042.299182
123.767325
-362.643479
1893738.046577
3076.237001
191.026840
0.048665
11.322024
0.090350
-0.043136
-362.878302
1894966.447921
3078.885650
191.154388
0.047911
11.400432
0.089302
-0.042763
0.028074
166.467577
0.760185
0.026953
-1225.833932
2649719.008519
32318.155973
1.685324
0.028193
166.412517
0.760142
0.027335
