0.549286
206.943216
0.798023
-0.495686
2.248287
-623.925878
-1.491895
-2.716764
0.655567
232.018019
0.025592
-1.144062
1.228453
-97.290420
0.445918
-0.850541
0.785022
-110.911557
2.089750
1.211970
1.007292
52.586976
-1.630823
-2.898111
0.112666
429.351237
-0.694630
-1.991821
0.796283
30.513270
-0.451047
-1.818863
0.469283
248.325322
-0.978661
-2.357345
0.435732
345.704413
0.536144
-0.704970
0.362735
173.535436
0.686428
-0.696935
0.048305
541.164989
-0.899170
-1.996009
-0.095848
336.787752
3.647499
2.674460
-0.243189
614.195941
0.968770
-0.331715
0.547072
238.982583
0.580935
-0.789460
1.289023
-281.262379
0.779533
-0.228299
1.481861
-283.453302
-0.213650
-1.227979
0.890146
111.022829
0.357802
-0.795160
0.630193
125.145770
0.303013
-0.874366
0.666644
244.144299
0.475710
-0.618632
0.285852
360.715469
-1.074782
-2.393114
0.534710
207.384281
1.361557
-0.145314
-0.295215
614.939241
0.510735
-0.868383
0.435839
202.116397
1.694106
0.155369
-0.121422
575.962988
1.571875
0.230232
-0.004704
467.206885
2.500241
1.238110
0.782397
8.172707
0.234642
-0.857412
-0.082433
638.344757
0.002386
-1.383681
0.226804
180.278903
2.138274
1.146413
0.204171
274.698000
2.596008
1.504839
-0.353259
623.055436
1.589920
0.014040
0.367704
219.624864
0.424415
-0.417538
0.961351
-97.537134
-0.167172
-1.440158
0.248910
288.928764
1.810854
0.369121
-0.125434
529.769642
1.502448
0.295339
0.638052
154.777844
-0.583941
-2.144152
0.793024
85.313037
-0.459664
-1.877479
0.525130
207.034572
-0.308494
-1.576896
0.549489
250.221082
0.139727
-1.352550
1.171750
-78.220747
1.485496
0.487517
0.422545
334.954114
0.664694
-0.563935
0.393422
341.040639
-2.103412
-3.508690
0.636762
238.778979
0.284440
-1.191121
1.098224
-65.071961
-0.114188
-1.375480
1.201440
-196.027187
2.039657
1.082899
0.638299
253.592876
-1.247900
-2.484362
0.229756
293.935971
0.793095
-0.422240
0.782022
113.127916
-2.745269
-3.683146
0.842023
77.941413
-0.686069
-1.991846
1.228019
-118.687206
-0.310356
-1.403934
0.170389
318.146135
3.898745
2.645876
1.530572
-254.981141
1.618227
0.512965
1.879263
-549.579846
0.378650
-0.804122
-0.193173
692.352365
-0.355956
-1.432737
0.971374
166.491797
-1.433812
-2.839267
0.973322
1.041993
0.077411
-1.490978
0.269739
323.819038
-0.094305
-1.480084
0.937570
-33.593903
0.410026
-0.558310
1.501971
-400.834759
0.379812
-0.836047
-0.363108
809.162653
0.129149
-1.106926
2.003582
-646.697944
0.679915
-0.493889
0.819718
82.874631
-0.934650
-2.383776
0.601516
292.633252
-0.519595
-1.629189
0.713299
73.363707
-0.568082
-1.738037
1.298397
-93.999938
-1.025779
-2.491870
0.940099
15.101319
2.571114
1.264029
0.622341
73.442656
1.109870
-0.333070
0.358479
212.797939
-0.360998
-1.664996
1.352716
-273.586326
0.251142
-0.909637
0.909121
-17.027372
0.510386
-0.678901
0.087513
396.505430
-0.203578
-1.121032
0.408560
292.876436
0.534942
-0.754804
0.681530
96.979623
-0.514754
-1.851487
0.040712
499.074744
-0.662084
-2.141833
-0.043398
546.884185
1.423844
-0.097086
0.571274
204.240896
-0.207628
-1.490455
0.499084
182.259056
0.249280
-0.813711
0.341668
457.600176
1.661786
0.345999
1.580999
-329.178192
0.692882
-0.381304
1.231543
-152.877580
0.040589
-1.038791
0.230844
378.185113
1.337153
0.049915
1.238650
-157.055129
-0.890649
-2.116681
0.300293
159.932412
4.187670
2.959044
0.477937
136.679052
0.979143
-0.029008
0.713171
93.044509
1.372973
0.244783
0.611175
141.248115
1.182434
-0.155118
0.390288
219.695660
0.895938
-0.272952
1.916001
-486.397397
0.411367
-0.684107
0.662865
34.483772
1.654147
0.196913
0.629827
123.370044
2.398445
1.094717
0.838522
-74.737013
3.137183
2.112527
0.196790
409.458524
0.255580
-1.194314
0.739135
205.356639
-0.000602
-1.274037
0.427010
136.744739
1.492598
0.323014
0.291348
421.040920
0.318700
-1.068267
0.524340
133.949001
0.790792
-0.472806
0.593766
239.670149
-0.788497
-1.784446
0.616199
173.889897
-0.430825
-1.745061
0.774406
67.145908
0.361924
-0.547001
0.319782
278.895742
1.547708
0.284451
0.430449
236.598334
0.606025
-0.648371
0.278759
337.540274
0.856088
-0.551599
0.618354
196.793879
1.745774
0.453595
0.180677
423.306992
-0.477526
-1.583072
-0.115869
481.381949
1.771593
0.824375
1.022435
-29.988472
-0.074389
-1.431492
0.436530
236.041640
0.130863
-0.970978
1.793293
-435.045715
-0.516208
-1.494088
0.125402
277.203783
2.629577
1.197302
1.016534
76.033196
0.567743
-0.529504
0.342566
268.340617
0.830745
-0.130297
0.729294
19.936814
1.568286
0.578960
0.518108
330.533975
0.230379
-0.542154
-0.067470
463.934116
0.189117
-1.135571
0.062259
363.361471
1.716516
0.547675
0.623665
208.896266
0.661386
-0.634756
0.857685
36.402087
-0.640423
-1.841229
0.293665
233.360235
1.737675
0.539514
0.615724
169.076218
0.112384
-1.051124
0.289068
351.059992
-1.876857
-2.943867
1.139194
-115.666317
0.211941
-1.086475
0.672095
149.159963
2.412673
0.927856
-0.180974
676.533798
-1.111066
-1.971822
1.317020
-82.259571
-0.134398
-1.460166
1.027214
81.388816
-1.111381
-2.321711
0.512084
245.713738
-0.592556
-1.848431
0.205470
380.207743
2.987487
1.598385
-0.259306
618.457383
1.172984
-0.236692
-0.267246
506.765212
1.760548
0.571572
1.221055
-117.099847
1.373033
0.096972
0.958079
-104.129852
0.580033
-0.456763
0.876964
-83.527255
1.511335
-0.067233
-0.261372
602.034243
-0.205111
-1.538061
0.288445
231.020374
1.358970
0.584928
0.517248
241.187767
0.310330
-0.993636
0.982827
102.312699
-0.734623
-1.594992
-0.213560
422.991121
2.455773
0.825412
0.909268
-4.927312
0.631483
-0.534103
0.561395
190.253461
0.639608
-0.773662
0.471614
147.558332
2.025273
1.185106
1.187729
-224.035303
0.017206
-0.926220
0.740330
147.494265
-0.149014
-1.602674
0.734239
147.212677
0.184560
-1.138660
0.539595
237.198729
-0.273286
-1.422347
0.787867
100.653985
-0.724655
-1.796669
1.180596
-31.474333
-0.208057
-1.468947
0.201737
387.140364
0.783502
-0.515504
0.915238
-164.481237
3.010050
2.037769
0.639860
152.260189
0.616011
-0.641807
0.291740
339.415723
-0.934188
-2.272175
0.728944
128.366995
1.351479
-0.164890
0.414601
318.995708
1.395396
0.182053
0.299142
243.507086
1.333080
-0.071378
0.110954
477.526952
0.632941
-0.926739
1.189110
-46.322496
-0.634807
-1.536154
1.450915
-233.464388
1.035608
-0.497880
0.636179
85.382723
2.461660
0.848168
-0.040545
438.824130
1.283777
0.173398
0.626118
192.239485
1.319838
-0.249245
-0.323205
701.037573
2.043225
0.628392
-0.107134
565.651475
-1.279623
-2.822249
-0.073003
424.229338
0.262915
-1.088004
0.632204
276.644404
-1.249990
-2.818595
0.569757
-64.418929
3.984708
2.646586
0.910288
8.175104
0.986117
-0.468822
0.409646
246.776838
0.178616
-0.744677
0.480726
144.068129
-0.701622
-1.826109
0.741458
171.613778
-1.068742
-2.309556
0.797499
90.793281
0.846985
-0.608016
0.169200
467.182217
-0.748926
-1.946271
1.460771
-239.977450
0.319450
-0.649624
1.149120
-118.149472
1.255206
0.269644
1.191767
-314.581404
2.298626
1.044755
0.520541
289.332111
-0.739970
-1.863266
0.854789
-153.488478
1.805418
0.689709
0.053381
464.312688
2.241838
0.898851
0.157613
288.362547
1.642196
0.598336
0.839869
-69.806425
1.519055
0.291048
1.409807
-220.209934
0.900929
-0.192883
0.741489
200.078874
0.668060
-0.442009
0.685222
158.160956
-0.194196
-1.646977
-0.621256
688.580621
1.801857
0.184713
1.303434
-122.698091
-0.847377
-2.011770
0.942871
20.431654
-1.674509
-2.905905
-0.596189
645.526678
2.957153
1.782461
0.757055
81.407236
0.589552
-0.466961
0.283709
196.494364
3.477153
2.370631
0.577223
76.139679
1.938727
0.786028
0.175545
497.801034
-0.001628
-1.030231
1.078813
-122.430584
0.342488
-0.820966
0.060950
382.033598
1.856805
0.665472
1.586106
-280.344971
-1.194814
-2.290077
0.926910
-56.296470
0.822354
-0.301094
0.051778
447.054161
1.328534
-0.132546
1.119276
-59.519256
1.750295
0.069897
0.635654
75.646537
1.734891
0.350895
0.418570
377.116534
0.910240
-0.815763
-0.288446
595.815262
1.289009
-0.096369
0.855470
-80.325369
1.639402
0.380633
-0.622249
737.219061
0.929716
-0.518150
0.506791
136.448144
-0.388146
-1.530623
0.522886
307.069761
-0.302757
-1.332283
0.595674
7.504467
2.666621
0.873028
0.390060
257.509551
0.593762
-0.725926
0.354198
196.709747
2.779184
1.449505
0.527059
179.075181
2.203934
0.979259
0.878741
-51.244037
1.391579
0.258062
0.527580
214.414854
0.355797
-1.150703
0.734085
-1.478953
-0.111503
-1.433515
0.556855
88.232526
1.784297
0.770792
0.260300
310.879619
1.472182
0.207504
-0.055863
606.146582
0.558230
-0.482292
1.090593
-185.482291
2.180972
1.110606
-0.449460
698.073376
1.625021
0.006272
1.490518
-350.753337
0.015336
-1.022538
-0.085507
511.853694
0.599831
-0.388453
0.987821
-3.367947
1.482170
-0.174238
0.110158
565.646802
0.437354
-1.086194
-0.272291
555.144015
0.128959
-0.993098
0.873533
31.380691
2.697696
1.188714
1.132424
-36.452636
-1.627646
-3.181266
1.767322
-437.579623
-1.090453
-2.118948
1.275262
-160.214322
1.419132
0.077716
-0.237165
594.111470
0.898362
-0.301038
0.604502
148.039212
1.731925
0.084506
0.884343
102.209404
-0.446139
-1.603774
0.972537
-2.059315
-0.377509
-1.596906
0.694918
94.176480
0.956318
-0.375224
0.828716
-65.224867
1.629592
0.534559
-0.131381
414.532696
1.876380
0.829286
1.126108
-205.656354
-0.470298
-1.635111
-0.391924
699.093906
2.761119
1.457536
-0.369027
709.180012
0.412349
-0.761744
0.799476
141.477589
-0.547280
-1.737350
0.675642
153.524925
0.217756
-1.088182
0.780632
224.641538
-2.112467
-3.307007
0.916238
58.423690
0.512216
-1.008816
0.148121
211.882021
1.352264
0.486890
0.159263
313.392957
1.523337
0.306918
0.749689
173.177272
1.723273
0.595769
0.053005
412.362028
0.981247
-0.020668
0.405056
293.804557
2.050685
0.572293
0.020204
420.936579
1.207489
-0.115983
0.112013
470.787578
0.434313
-1.276779
0.633565
-3.086772
1.924343
0.629506
1.581961
-370.308936
-0.192737
-1.222622
1.668887
-503.024810
0.547651
-0.521339
0.297956
341.721178
1.206364
-0.020348
-0.719366
796.802013
1.145839
-0.322455
0.417295
227.828481
0.080871
-1.093499
0.534344
283.649264
0.076702
-0.917997
1.625024
-379.403578
0.788084
-0.311267
-0.385664
585.413263
0.003006
-1.333756
1.142841
-45.107197
-0.148407
-1.491041
0.803100
-46.451558
1.605214
0.367423
-0.094514
486.369670
0.016325
-1.084848
0.296583
182.132423
1.385621
0.501936
0.794072
85.031478
1.917574
0.857412
0.894763
-46.919711
0.584185
-0.389429
-0.191428
635.108497
-0.663263
-2.171951
0.364291
373.706206
0.650945
-0.470740
0.356894
293.511376
0.591419
-0.471221
-0.220449
464.838904
1.331496
0.268424
0.885157
85.360705
1.327334
0.173796
0.638615
204.345108
-0.268907
-1.279858
0.451392
212.589970
0.039664
-1.217771
0.093614
515.124620
-0.207634
-1.703289
0.701323
94.311379
1.544426
0.431002
0.010231
336.134567
1.249077
-0.154696
0.585649
207.565146
-0.546105
-1.991206
0.505613
182.712129
0.996905
-0.515365
0.852761
147.249153
-0.720782
-2.001373
0.539931
257.905480
0.896731
-0.364465
0.487308
312.159284
0.494340
-0.300639
1.040516
-146.183166
0.990888
0.010270
-0.060077
519.513265
1.212982
-0.254760
0.145552
247.690735
-0.069743
-1.157561
0.911955
49.491893
0.764218
-0.420098
1.055939
-170.341545
1.594336
0.352916
1.030374
-20.846126
-0.411733
-1.369252
