5.432287
5.753356
5.122977
5.483763
5.498161
5.374184
5.465866
5.132703
5.460569
5.533256
5.490759
5.422722
5.488772
5.107013
5.425308
5.452942
4.856179
4.942804
5.283406
5.207637
5.451094
5.378874
4.833481
4.915421
5.372692
5.210239
5.407078
5.704200
5.647764
5.711080
5.583451
5.714113
5.032740
5.735717
5.595158
5.686133
5.583731
5.770620
5.004931
5.684610
5.600168
5.681813
5.344738
4.974538
5.351904
5.263964
5.298999
5.392695
5.357428
4.907502
5.257526
5.511164
5.000621
4.933100
5.413015
5.086754
5.503604
5.631496
4.976486
4.863496
5.328497
4.939368
5.383916
5.595026
5.524237
5.823223
5.624634
5.584761
5.016908
5.574905
5.528779
5.809750
5.669394
5.615683
5.013454
5.333047
5.268983
5.392165
5.535778
4.911368
5.529455
5.336539
5.281201
5.485228
5.449648
4.931884
5.665724
5.413389
4.851213
4.759698
5.501941
5.147095
5.694746
5.441356
4.878290
4.746203
5.447841
5.178697
5.693815
5.543420
5.448011
5.615610
5.542853
5.613753
5.060977
5.559359
5.361760
5.459025
5.550694
5.620601
5.065671
5.233754
5.076106
5.401726
5.278478
4.833499
5.464264
5.155070
5.089285
5.301543
5.442776
5.117390
5.561187
5.505698
5.062022
4.695008
5.430698
5.279320
5.742268
5.360056
4.979724
4.680246
5.417411
5.233348
5.738808
5.923035
5.386140
5.697597
5.359265
5.410227
5.217025
5.834116
5.478557
5.793793
5.305636
5.356898
5.171218
5.264994
5.223277
5.158482
5.200581
4.928767
5.701708
5.370256
5.383471
5.226933
5.273640
5.064068
5.622863
5.268292
4.998027
5.008281
5.264826
5.203426
5.722282
5.270741
5.054669
5.043306
5.203808
5.135819
5.651661
5.775732
5.372277
5.887623
5.390202
5.175304
4.905718
5.770679
5.357574
5.797460
5.332325
5.115737
5.074989
5.646700
5.393610
5.474400
5.308350
5.075875
5.394754
5.634107
5.371919
5.568396
5.323355
5.125785
5.343800
5.167684
5.005547
4.973211
5.197095
5.286819
5.561981
5.281986
5.035417
4.999544
5.254277
5.337278
5.664543
5.506953
5.308159
5.641501
5.429901
5.242814
5.139764
5.539926
5.265178
5.684237
5.446280
5.223845
5.248487
5.701428
5.354220
5.264032
5.143369
5.043025
5.480719
5.483780
5.268695
5.154503
5.163781
5.081949
5.511916
5.149763
4.949011
4.824836
5.358430
5.231497
5.663009
4.981767
4.831398
4.776511
5.391393
5.407888
5.664032
5.296521
5.231359
5.478092
5.327998
5.327740
5.021607
5.415827
5.248155
5.419408
5.370993
5.326202
5.150749
5.559141
5.338080
5.079473
5.174469
5.090217
5.065605
5.602803
5.396402
5.013202
5.343057
5.183223
5.517133
4.990146
4.772535
4.896694
5.268060
5.177646
5.538540
4.978401
4.850117
4.843618
5.150901
5.133621
5.518654
5.421578
5.406190
5.346686
5.421202
5.395282
5.243864
5.428493
5.357082
5.294305
5.416050
5.417266
5.193548
5.440335
5.351389
5.165683
5.205601
5.183684
5.179713
5.455320
5.281725
5.127477
5.226452
5.139312
5.151139
5.164462
4.934332
4.937937
5.055050
4.939567
5.083051
5.191633
4.975136
4.939474
5.095875
4.938102
5.180567
5.423824
5.336420
5.299298
5.450953
5.398955
5.237962
5.330881
5.440735
5.325574
5.453496
5.441278
5.362294
5.664730
5.583592
5.341809
5.455653
5.431500
4.998503
5.622424
5.549832
5.327094
5.342452
5.221140
5.142542
5.243009
5.012686
5.020640
5.131295
4.958387
4.977912
5.363248
5.068538
5.100904
5.096174
5.045330
4.954765
5.342251
5.364225
5.369102
5.746487
5.885697
5.439790
5.436991
5.362011
5.359798
5.794731
5.801007
5.449469
5.636677
5.456737
5.468745
5.549967
5.200954
5.247201
5.703413
5.459981
5.380014
5.599746
5.254914
5.164820
5.540650
5.300436
5.166260
5.223484
4.967677
5.096497
5.590915
5.354918
5.125432
5.252925
4.965355
5.091436
5.415232
5.394449
5.411361
5.685822
5.873898
5.387631
5.438809
5.443765
5.558669
5.628006
5.885822
5.393152
5.439045
5.436685
5.515156
5.521590
5.187023
5.405399
5.344710
5.418048
5.498399
5.555644
5.289284
5.354923
5.379378
5.217266
5.290097
5.377811
5.030591
5.070554
5.335607
5.187031
5.247649
5.322533
5.035160
5.060212
5.509545
5.388998
5.602513
5.809477
5.932629
5.474145
5.503992
5.398658
5.635367
5.736757
5.899822
5.522835
5.450160
5.558730
5.740999
5.717135
5.327185
5.269259
5.397954
5.553584
5.728589
5.644188
5.291453
5.264365
5.480571
5.383268
5.535924
5.245548
5.103785
5.204464
5.347468
5.343473
5.549060
5.199928
5.107146
5.167318
5.525146
5.422205
5.825341
5.708706
5.703410
5.563899
5.465944
5.088833
5.949338
5.705885
5.654418
5.410006
5.320663
5.492498
5.755500
5.615168
5.345183
5.252522
5.362040
5.612628
5.753401
