544.948730
539.880154
534.296192
629.897181
6918.704683
780.232734
655.197408
1825.997397
549.414450
629.890095
6921.175620
780.243428
655.320588
1827.174551
549.502376
549.171157
826.774143
532.089560
707.751725
1242.418873
559.294677
549.282194
829.422858
531.973317
707.768985
1242.851465
559.280574
545.213935
542.364717
534.862064
544.793034
539.781114
534.314729
545.227057
542.389733
534.886391
544.884902
539.921584
534.415367
629.918716
6929.514852
780.350677
655.959718
1832.673618
549.530341
629.934952
6932.156483
780.548673
655.991789
1833.777751
549.513565
549.305854
837.509291
532.010503
708.493075
1245.187737
559.492774
549.380535
840.065059
532.108718
708.526838
1245.679937
559.523454
545.209589
542.420665
534.920449
544.746625
539.791572
534.379763
545.163694
542.440913
534.838187
544.722867
539.776551
534.107652
629.856322
6940.660704
780.798576
656.483985
1839.136313
549.615354
630.040876
6943.421742
781.010526
656.677613
1840.328237
549.698007
549.331804
848.319741
531.899953
709.159924
1248.003542
559.689184
549.490651
850.773631
531.914909
709.254196
1248.433591
559.842810
545.052370
542.181363
534.703800
544.769111
539.910862
534.280204
544.936639
542.128251
534.550946
544.707099
539.987424
534.319520
629.912456
6951.860838
781.337688
657.112245
1845.742131
549.792916
629.921800
6954.473405
781.444629
657.256869
1846.821763
549.837023
549.667119
859.157462
531.976549
709.741170
1250.587871
559.910571
549.532678
861.545711
531.899259
709.829696
1251.097347
560.042132
545.177298
542.360975
534.672771
544.775438
539.968713
534.207628
545.121633
542.389718
534.393837
544.783399
539.982968
534.325162
629.948960
6962.867118
781.718425
657.771400
1852.297656
549.864337
630.041093
6965.595086
781.826747
657.877833
1853.515821
549.777801
549.670572
869.715120
531.799171
710.419462
1253.381116
560.182633
549.768180
872.340958
531.853479
710.560844
1253.898385
560.192750
545.116153
542.465985
534.513694
544.932669
539.960891
534.289046
545.146042
542.661458
534.501078
545.065663
540.134701
534.254971
629.994549
6974.084194
782.303956
658.471482
1859.023924
549.912720
629.877042
6976.650972
782.356698
658.531865
1860.161828
549.893053
549.653095
880.452690
531.732840
711.008609
1256.281195
560.311577
549.739987
882.952479
531.671612
711.056414
1256.768179
560.239816
545.037553
542.526436
534.442548
545.316033
540.365439
534.242544
545.078464
542.523871
534.454701
545.276874
540.332332
534.225836
629.863724
6985.154953
782.702799
659.085486
1865.332374
549.820381
629.982499
6988.016041
782.891440
659.079878
1866.385430
549.764323
549.809080
891.173520
531.746559
711.764567
1259.045797
560.533616
549.819164
893.701634
531.749140
711.804724
1259.475275
560.534866
545.160922
542.554890
534.299030
545.314210
540.432676
534.153990
545.165079
542.501518
534.360785
545.299016
540.398955
534.127288
629.930052
6996.328587
783.297065
659.557431
1871.817849
549.673801
629.961605
6998.978643
783.336693
659.663107
1872.939486
549.836494
550.048833
902.154285
531.979790
712.245672
1261.741772
560.474730
549.937133
904.664224
531.782525
712.377622
1262.272486
560.473582
545.244362
542.637274
534.261465
545.495882
540.488126
533.864504
545.223238
542.640624
534.448540
545.496384
540.422469
534.013960
629.914807
7007.480905
783.602599
660.566900
1878.410947
550.024480
629.940198
7010.101079
783.731774
660.727898
1879.662637
550.098139
549.950129
912.678024
531.930947
713.180340
1264.551176
560.588180
549.998094
915.164014
532.048206
713.250713
1264.968941
560.534116
545.284330
542.620979
534.300218
545.415157
540.455688
534.021162
545.324785
542.677965
534.347979
545.434360
540.490767
534.092988
819.615406
2602.870050
402.585101
661.174958
1884.975424
550.099084
629.941584
7021.212794
784.194125
661.458217
1886.139630
550.081463
550.245429
923.474817
532.001433
713.765426
1267.378170
560.723815
550.390340
926.033750
531.999606
713.818365
1267.817312
560.694335
545.498202
542.774266
534.617929
545.315968
540.460007
534.059834
545.473190
542.739923
534.686857
545.296845
540.463325
534.050636
820.599610
2607.685178
402.427096
661.968402
1891.512234
550.236580
820.973323
2608.828850
402.336000
662.098067
1892.801593
550.184804
550.688546
934.328089
532.021985
714.302005
1270.009257
560.538684
550.665345
936.815843
531.883807
714.518678
1270.493842
560.644747
545.521762
542.526677
534.648685
545.545174
540.603271
533.857492
545.513522
542.575641
534.687724
545.482671
540.601772
533.980946
821.215635
2612.502944
402.128225
662.797497
1898.123369
550.443800
821.365266
2613.584630
401.939965
662.905438
1899.336756
550.455748
550.892671
944.996766
531.709390
714.907570
1272.766652
560.580090
551.053468
947.496419
531.632325
715.065810
1273.282750
560.582493
545.610287
542.740540
534.745334
545.789254
540.593602
534.054407
545.672610
542.702220
534.818578
545.699088
540.434830
533.933599
822.335158
2617.457483
401.858635
663.397997
1904.851940
550.607116
822.545043
2618.642162
401.800701
663.616425
1906.040390
550.639294
550.951640
955.674246
531.577082
715.296369
1275.430315
560.646597
550.943211
958.218593
531.571641
715.418074
1276.006670
560.610227
545.814036
543.026368
534.946489
545.806538
540.444797
533.814270
545.758675
542.936100
534.799251
545.823062
540.445938
533.772055
823.184578
2622.228642
401.578951
664.067572
1911.473272
550.757985
823.384367
2623.368145
401.454496
