0.048817
14.957265
-0.139794
-0.038602
-0.007917
30.795917
-0.146076
-0.023409
-0.010384
55.208160
0.196540
-0.088192
0.086885
7.895395
-0.279633
0.000225
0.011651
47.862264
0.349002
0.057540
0.107114
2.531015
0.209056
-0.019941
0.040392
5.213850
-0.415125
-0.121610
0.125034
2.527160
0.253262
-0.006223
0.112168
26.887897
0.196008
-0.054166
0.022290
44.820137
-0.165436
-0.072526
0.054465
23.928780
0.899678
-0.037746
0.078954
17.276050
0.104371
0.040375
0.039901
16.255595
-0.130845
-0.032519
-0.013169
33.102104
-0.150571
-0.029868
-0.032940
60.582632
0.202842
-0.119563
0.091477
5.825884
-0.250073
0.000474
0.006288
47.903838
0.333701
0.065463
0.109373
0.292833
0.229457
-0.001873
0.036907
4.017226
-0.368211
-0.130570
0.131966
-0.692447
0.296374
0.008126
0.102326
32.074048
0.137687
-0.075218
0.029591
43.950925
-0.182888
-0.060052
0.070420
23.670307
0.909358
-0.023703
0.080793
18.968358
0.116796
0.057398
0.036761
17.790435
-0.137005
-0.034953
-0.003811
28.215022
0.000988
-0.036821
-0.019728
49.683804
0.163361
-0.115578
0.085968
7.595596
-0.264395
-0.000530
0.000402
48.253989
0.288758
0.084166
0.100232
2.015738
0.220412
0.002443
0.037012
5.002595
-0.358944
-0.118072
0.112625
1.986035
0.269085
0.002095
0.100679
31.494565
0.146565
-0.069886
0.015044
49.815514
-0.218739
-0.045051
0.089946
16.523645
0.838053
-0.041357
0.076746
17.439029
0.123866
0.074883
0.036433
21.365922
-0.088487
-0.023227
-0.005251
31.823027
-0.008616
-0.024637
-0.027391
51.130926
0.208558
-0.050813
0.097647
3.572539
-0.272986
-0.009399
-0.004698
51.504728
0.299359
0.102561
0.085490
5.753378
0.264568
0.018974
0.034887
9.390736
-0.349972
-0.131047
0.114592
2.909788
0.259622
-0.005951
0.107571
31.388741
0.110579
-0.091557
0.015164
52.477581
-0.253664
-0.083969
0.079270
19.765413
0.859397
-0.039151
0.081875
15.491281
0.102707
0.058996
0.039528
20.616349
-0.099622
-0.032292
0.004752
25.604759
0.084044
0.006767
-0.032380
53.813027
0.181122
-0.048129
0.097196
4.184576
-0.254894
-0.009369
0.005266
50.127789
0.310746
0.098913
0.081509
7.721522
0.170850
0.007836
0.023324
11.557427
-0.351412
-0.103685
0.103668
7.088113
0.269693
0.007623
0.093340
38.662334
0.126866
-0.103991
0.014764
51.112986
-0.288850
-0.093598
0.086806
19.076410
0.873026
-0.036609
0.078383
17.712292
0.099774
0.051636
0.029901
25.817974
-0.176682
-0.051421
0.009883
25.741018
0.112975
-0.007573
-0.018742
46.697898
0.154132
-0.053978
0.108998
2.132482
-0.248710
-0.009182
-0.016673
53.665168
0.308522
0.093634
0.072337
14.796792
0.208541
0.005523
0.021469
10.993492
-0.327256
-0.088557
0.100161
8.251008
0.202991
-0.015968
0.094212
37.256064
0.224803
-0.059718
0.008629
51.808321
-0.321762
-0.107617
0.115741
13.081263
0.852641
-0.092417
0.075243
19.564349
0.097131
0.061564
0.040185
24.025837
-0.217691
-0.050779
0.003902
28.074031
0.033880
-0.016605
-0.025607
46.724282
0.145879
-0.035141
0.100360
5.560853
-0.189603
-0.017992
-0.017597
54.882683
0.287934
0.094562
0.070983
14.265693
0.187029
0.003375
0.015073
11.161175
-0.411386
-0.072059
0.106198
8.685320
0.233074
-0.019244
0.104944
38.097841
0.188474
-0.053141
0.011018
53.008193
-0.341214
-0.125955
0.109248
14.616233
0.853610
-0.073159
0.076462
20.885104
0.061353
0.028942
0.050917
23.243341
-0.240994
-0.068959
0.003804
30.368374
0.026942
-0.016459
-0.024628
46.732149
0.173954
-0.024337
0.095117
6.808959
-0.213315
-0.028719
-0.019139
55.976639
0.365731
0.098673
0.063735
16.676977
0.175516
-0.028663
0.016062
10.476697
-0.402139
-0.082031
0.088310
14.649204
0.222082
-0.011460
0.105033
37.852033
0.222164
-0.078263
-0.002293
59.919673
-0.375681
-0.139988
0.119835
8.891957
0.848594
-0.063589
0.070135
19.670649
0.011301
0.012774
0.050163
22.182983
-0.264202
-0.067837
0.015419
26.967374
0.014784
-0.016926
-0.035612
49.986960
0.161089
-0.031063
0.084433
12.442369
-0.134118
-0.020336
-0.014089
63.324524
0.336354
0.078593
0.061597
18.172082
0.173176
-0.027102
0.020350
10.039171
-0.425655
-0.112743
0.076043
15.478426
0.242194
0.002684
0.106560
36.558680
0.150707
-0.084105
-0.000609
56.958465
-0.324334
-0.111773
0.109530
14.132427
0.830946
-0.061857
0.062518
25.166941
0.018943
0.017779
0.049099
23.081206
-0.248392
-0.054894
0.012442
25.745658
-0.006253
-0.029492
-0.029785
49.990499
0.141831
-0.020946
0.096694
9.094000
-0.174951
-0.042129
-0.033721
66.269308
0.289113
0.057259
0.066027
17.366538
0.188951
-0.020248
0.008706
10.787469
-0.505745
-0.118256
0.083919
16.229954
0.237192
0.000381
0.110656
36.219477
0.117473
-0.091531
-0.004988
57.815537
-0.342892
-0.102694
0.096356
19.663829
0.838066
-0.050146
0.048208
29.517854
-0.001037
0.012164
