544.127381
545.629947
544.786539
541.354888
544.209600
541.298505
541.703476
543.545800
540.570275
544.329898
544.912345
542.790684
539.716878
538.701941
539.361069
538.632994
544.794953
542.122095
542.503749
544.510775
545.743134
546.007746
545.173553
543.731573
540.627409
542.867063
540.758313
540.940993
543.572487
542.706542
539.433781
541.902216
541.362425
542.303928
542.369668
544.057286
538.741199
541.564906
542.786104
537.180231
541.663433
544.180776
542.132228
541.824837
536.823512
541.721633
542.636555
545.049909
540.662666
541.339893
540.267614
540.986525
541.540151
541.189490
540.752224
541.366520
545.270182
543.685040
541.364879
542.663887
541.659192
539.787858
541.360927
544.818912
544.092278
543.435554
546.928183
546.728182
543.975621
541.232331
541.530455
543.359166
539.159830
541.711240
542.302927
539.085906
540.293011
543.460498
542.801531
544.196850
543.963163
539.413807
539.423239
539.678300
542.375573
541.054344
540.741619
540.673250
542.695228
545.040884
542.564517
541.109290
541.160098
540.617803
542.222959
542.822283
540.128374
540.322175
538.850111
542.581793
540.677815
544.010719
539.100457
539.745806
539.902474
540.872292
540.924699
537.742623
543.677595
543.955932
544.821131
541.447419
542.450533
541.488948
541.042229
543.261175
543.544565
536.588195
539.191132
542.810672
542.222214
540.590332
545.418957
539.563302
541.908579
544.607872
543.651878
544.127159
539.688164
540.132652
539.967990
539.266540
540.275034
540.866038
539.898150
540.158030
541.313151
538.961587
540.522896
541.638675
541.714497
543.040876
544.287779
543.725699
542.119163
544.281018
543.041720
540.856066
542.576020
542.708211
544.735420
540.373079
541.253558
540.926159
539.696870
543.780607
541.833009
544.220069
542.685783
540.911661
540.062450
537.129963
538.600442
541.100758
539.675033
546.813987
544.082578
543.674460
543.761378
545.509426
545.066448
543.122190
543.374248
541.728178
542.181708
543.474089
543.217957
538.180040
543.405427
541.903234
541.468990
545.695691
543.774783
542.045356
545.397011
544.128505
542.282422
540.314903
543.395363
545.929556
544.938177
543.249894
540.917414
541.756368
540.270767
543.004796
541.358872
537.050954
543.684649
543.994334
541.388096
539.600335
540.322476
539.078127
543.133434
545.345717
544.592582
541.301196
538.887443
543.541574
542.151715
541.957694
536.676667
541.197272
541.665732
539.804346
537.967945
541.169678
541.070636
541.358552
544.717258
540.181467
537.800398
538.645012
539.561199
539.571819
541.324604
541.943164
537.946631
543.220160
542.792964
544.997365
544.228723
543.432348
542.575629
545.374174
543.975321
537.704699
540.601991
542.956471
543.825114
542.129670
541.374558
540.367142
539.705766
543.809020
543.453573
543.199279
541.745845
543.994172
544.275256
542.547370
542.213891
541.023714
540.802641
542.738943
541.911322
540.717874
540.278960
540.500384
539.270307
539.506138
539.282980
539.271320
540.264117
538.941370
541.074235
540.994009
542.565916
542.120897
541.658421
542.915394
544.591094
541.130381
541.057548
538.119572
543.592798
543.946963
542.847326
541.620466
543.312253
542.070913
541.325719
540.386306
537.941500
540.407308
539.338882
542.165243
537.909732
541.042137
541.516982
541.813890
542.043915
544.130499
543.529382
544.121544
539.855666
543.009863
541.257543
540.933645
541.106160
543.655450
537.335826
539.544803
543.125925
538.610264
540.162330
543.147954
544.887743
543.312011
543.287826
541.257465
541.027979
540.397686
543.052786
541.024252
542.619255
542.439918
537.992391
543.541236
542.366193
541.895333
541.435981
543.665849
542.561435
545.703808
541.554621
541.349264
539.281019
541.039188
541.322974
542.018888
543.369674
540.806619
539.801610
542.598388
543.542579
545.222261
544.939941
541.558109
544.150015
541.174130
539.448396
539.829752
537.017323
541.336105
539.940162
541.511983
541.550815
539.643063
539.322957
544.341683
545.692020
545.721188
539.300894
541.504680
540.726770
546.200617
545.289985
543.496206
540.822098
542.799419
540.785109
543.782549
543.069282
542.071653
538.471872
540.277159
543.566679
540.947422
543.238571
543.860302
540.710925
542.452403
539.824271
539.039572
539.665330
542.500896
542.082610
541.751819
536.494848
541.899618
542.761965
545.221567
544.921871
540.365437
541.841213
545.846989
545.805306
547.306757
541.110119
540.292793
540.318363
542.139101
542.590789
543.608628
541.649006
542.791890
541.802794
545.167377
544.220081
543.477586
546.944422
546.848710
543.647809
540.042237
540.895119
543.181849
543.352699
541.996090
542.422356
543.220687
545.400175
543.516159
538.609887
539.156179
541.052312
541.185275
540.394552
542.655045
542.512820
541.156007
540.687700
540.584679
542.769964
545.006848
539.005255
538.487299
538.859024
539.964258
540.669832
537.707184
542.736484
543.678710
543.387722
539.472479
541.252579
541.586573
540.579404
544.721482
542.939451
541.180841
541.073706
538.128981
543.405563
543.621695
544.927751
543.165440
543.692361
543.019890
540.609745
541.921312
541.733665
543.857898
541.475618
538.802251
542.379950
542.229915
540.054311
541.493319
542.341803
538.851112
543.236280
543.984090
539.963561
540.260994
540.103801
538.967782
540.475388
541.783218
540.051367
540.655668
541.963083
541.162214
541.570593
539.712032
541.153188
540.519519
541.578798
541.445133
542.015047
543.178187
544.689256
541.263156
542.983697
542.684247
544.887095
540.506181
541.304642
542.224074
540.475742
537.781203
543.436828
543.805750
547.645307
542.771209
545.390569
545.856899
538.607323
544.388995
543.343204
540.586763
537.616817
539.302609
543.605737
544.736100
544.405171
543.113578
543.358593
541.715828
541.035679
538.669482
542.609384
541.270650
540.968218
539.114260
539.997515
541.652031
543.138208
542.711980
539.446718
542.401308
541.358220
542.204913
541.803444
546.222429
545.167527
543.513707
541.030927
541.865324
540.227766
540.093458
541.659402
541.645496
539.502175
540.899311
540.651286
538.737057
541.006994
544.156602
538.322526
541.045849
542.272107
538.510206
542.141623
541.992700
542.384496
541.680390
536.298474
541.366555
541.449423
539.726884
540.214677
541.787142
541.734427
543.231596
545.373232
540.364402
536.130947
537.228007
539.494186
540.074262
544.143200
542.042362
539.545060
541.753409
543.501849
545.161006
544.093503
543.468495
542.805109
545.694500
543.707479
540.260784
542.009506
541.932319
543.469151
543.935179
545.162478
542.098595
541.561889
539.754759
539.262132
539.860423
539.566297
542.035903
541.910169
543.847730
542.176800
540.948069
540.769344
542.949052
542.063458
540.928346
539.619589
540.187531
539.521506
539.096205
538.471129
540.655964
540.975599
542.243507
541.955619
538.785944
542.256792
542.055074
540.444499
543.136950
543.703506
541.392276
541.309323
538.137054
543.491151
543.892782
542.571168
538.374747
540.943954
540.944671
540.466074
541.167185
543.249967
538.098352
540.696925
541.210627
539.587847
539.108522
536.959351
542.804738
541.936861
542.113128
543.208848
544.211409
540.181542
543.037594
541.368823
541.223309
543.433142
543.712371
543.681045
539.010041
542.681119
545.055738
538.325993
538.452808
540.430358
541.217168
542.463699
543.941715
543.022638
545.053275
544.268203
541.300909
542.696747
542.636430
538.011062
543.591496
542.178428
538.793951
539.201607
538.193329
539.979929
540.983420
541.316549
544.180325
540.238695
539.940064
540.410864
541.116928
540.057129
541.786812
543.429989
542.662353
543.562641
544.763819
544.601438
541.760421
544.391038
541.050282
541.602518
543.539571
540.615773
542.008821
541.952687
544.667707
537.675582
539.990429
539.748777
540.996361
542.871865
542.890640
540.810415
541.336983
542.085737
546.241512
545.092981
543.710339
540.991103
542.914736
540.395121
540.655362
543.285006
542.423177
543.268129
545.697316
544.640673
542.625557
544.438541
540.874744
540.499599
541.956053
541.156828
540.171395
539.808996
541.889811
542.431253
541.544698
536.308422
542.241211
542.982380
545.689184
540.838677
541.187638
539.975741
540.748808
542.548914
543.001791
539.928347
541.680251
543.425784
537.002782
541.306244
544.836660
538.840322
540.513847
541.599572
545.115362
544.141167
543.445086
546.924115
547.092779
543.860960
541.136409
541.441239
543.020139
541.844801
540.022520
537.217776
542.853247
543.624166
544.118891
542.377436
542.766898
541.895315
540.817498
543.248136
544.164400
542.243078
540.753436
540.716897
540.392407
542.540371
544.862576
542.673799
541.133379
541.371662
543.575723
544.199427
545.263383
540.503856
540.982062
541.200606
541.435357
539.612944
540.195113
538.721924
540.057893
546.864593
541.323363
541.102851
538.115041
543.297732
543.516057
544.815370
541.531753
542.494279
541.391907
542.433550
544.450044
545.108297
543.110718
543.783421
539.746251
540.839098
542.920449
542.997388
537.255048
537.970466
542.158462
543.281185
544.331055
540.382909
540.331540
540.272938
539.100651
540.354200
540.973396
539.600279
539.101317
538.041470
540.315220
541.682813
542.119376
542.399444
542.247610
541.412811
536.945626
541.911748
537.831725
539.973785
541.279352
542.675239
542.579814
544.835437
540.615525
541.314601
541.060995
539.737053
543.574222
540.089242
538.781567
542.858070
536.681427
534.715505
538.109006
540.791883
540.659704
538.918539
540.406514
542.828939
543.872070
