1.466638
-2.780008
1.313313
-0.211261
-0.327479
5.960101
0.373922
-0.998041
0.835565
1.217928
-1.114692
-2.489246
1.435773
-2.810511
-0.973312
-2.250984
0.840978
0.028504
1.234766
0.171235
0.424537
1.831584
1.766240
0.913960
0.708745
-0.646218
2.294225
1.202055
0.696064
1.162627
-1.446278
-2.834967
0.815013
0.987965
-0.805556
-2.072225
0.670662
-0.861538
1.102230
-0.382412
1.150925
-1.722379
1.205181
0.145115
-1.161757
9.488522
4.095928
2.769150
-0.378713
6.977764
0.191230
-1.063455
0.533981
2.001453
0.373040
-0.901443
0.079829
2.586763
2.593808
1.194543
1.409919
-1.789211
1.637379
0.465738
1.126883
-1.461287
0.195663
-0.811963
1.053494
0.130552
-0.694585
-1.657890
0.454981
2.980801
-0.079313
-1.605870
0.494870
2.538974
1.186066
-0.080926
1.090976
-1.850265
1.285484
0.038942
1.239735
-2.141195
-0.398719
-1.550642
0.547063
0.789741
2.135688
0.765851
-0.596760
6.768991
3.162084
1.768924
0.483703
1.241071
1.307099
0.028149
1.120202
0.855159
-1.209752
-2.083022
0.276691
2.079976
2.960473
1.238032
1.350342
-2.659776
-0.127446
-1.183906
0.869538
-0.527337
2.472254
1.404460
1.747269
-4.285304
-1.120064
-1.918144
0.447357
2.411757
1.818215
0.686107
0.983845
-1.006206
0.468797
-0.743407
1.004007
-0.930682
-1.237924
-2.488274
1.350261
-2.440717
0.664244
-0.571219
1.213413
-2.513773
1.407362
0.474558
1.115653
-1.730538
0.495170
-0.548248
0.565300
2.242247
-0.096724
-1.113880
0.800320
-0.081463
-0.697108
-1.478403
0.748152
0.872788
0.780224
-0.336656
0.291935
1.816071
3.029860
1.584016
-0.088000
4.401811
1.442653
0.417504
0.706285
0.628533
1.246515
0.186215
0.287124
3.611556
0.345212
-0.873259
0.020426
2.392513
0.657556
-0.582293
1.412167
-3.579035
0.390826
-0.775116
0.858883
0.361297
-0.624103
-1.823471
0.919388
0.786724
-2.244901
-3.427130
0.981991
-0.289106
-1.181587
-2.586698
0.802904
1.843197
0.328658
-1.158723
0.211439
4.111741
-0.714412
-1.955046
0.827565
-0.386321
0.802061
-0.302638
0.316837
3.320744
1.595104
0.221909
0.977387
-0.623680
-0.333700
-1.599865
0.975435
0.605948
1.585827
0.129424
0.372935
0.941437
1.358128
-0.164139
0.955623
-0.243460
-1.503453
-2.563064
1.947503
-4.972666
-0.101260
-0.979140
0.603881
0.808503
0.579906
-0.405028
0.254667
3.296974
-0.217864
-1.303154
0.783880
0.032686
0.986505
-0.134225
0.394513
2.822135
-0.065432
-1.326406
1.238490
-2.195238
-0.084304
-1.137977
0.233399
3.966482
0.817328
-0.490204
0.603066
0.599484
0.633877
-0.575303
-0.311310
5.029593
2.176402
0.925767
1.035070
-0.520704
-0.220230
-1.647851
0.431391
1.599520
0.529501
-0.780304
1.264977
-2.657015
1.693817
0.836190
0.776022
1.341595
0.009606
-1.258340
1.205150
-1.488140
-0.774088
-1.753086
1.407931
-3.109387
-0.225740
-1.299437
-0.658311
7.882814
0.093477
-1.243750
0.980141
-1.220787
2.313970
1.130870
0.969965
-1.060101
3.052201
1.890229
1.009207
-0.570134
0.886286
-0.351253
0.498912
2.344657
1.024306
0.102641
0.557802
1.038484
0.503558
-0.771468
0.536378
2.243565
0.383648
-0.946206
1.018296
-1.355685
0.282841
-0.760170
1.049264
-0.459668
-0.537747
-1.275364
1.233744
-1.018076
0.790452
-0.191460
0.278221
2.574794
4.044320
2.532094
1.363604
-1.697173
-0.081119
-1.155365
1.007973
-1.489842
-0.306160
-1.244282
1.057272
-1.438712
0.882298
-0.331450
0.415474
2.067092
2.268968
1.210758
1.700997
-5.052436
1.701689
0.403753
0.497291
1.858988
0.082667
-1.315711
0.812958
-0.203497
0.233614
-1.219975
1.205633
-1.790740
0.674712
-0.161874
0.575701
1.697851
0.941601
-0.426477
1.341196
-1.867896
0.142775
-1.387759
0.000058
5.579556
0.635767
-0.202991
0.479243
1.941908
-0.397761
-1.717747
0.383099
2.182624
0.638880
-0.921072
0.030716
5.118883
0.784793
-0.197418
1.505786
-2.260734
1.569911
0.275144
0.895341
0.608783
0.591176
-0.425433
0.860463
1.614313
1.824575
0.613614
-0.173938
3.415625
1.507268
0.192268
0.395392
0.204845
-0.605313
-1.897028
0.278691
2.777582
-0.174393
-1.291530
0.813087
0.083762
1.925059
0.493435
0.013609
4.510643
1.933672
0.868403
1.038816
-0.130508
0.266024
-0.885054
-0.171948
6.916989
-0.159434
-1.869553
0.708334
0.603539
0.736062
-0.620482
0.681242
1.303883
0.438356
-0.603028
0.643633
-0.042560
1.669924
0.327501
0.790100
0.988562
0.275807
-0.753316
0.469333
3.839211
0.101928
-1.177256
-0.050044
3.530562
2.352384
0.967497
0.402234
2.600674
0.837901
-0.434220
0.476883
1.741712
1.824659
0.702265
0.492060
0.939642
1.063494
-0.085644
0.513190
2.346995
1.012298
-0.067143
-0.517347
7.160864
0.628350
-0.602754
0.501597
2.516846
0.805467
-0.500193
1.128608
-0.445970
-1.395850
-2.567896
1.491459
-4.165200
0.351143
-0.448886
0.675627
0.287194
0.669396
-0.498253
1.173835
-1.246565
0.348128
-0.773403
0.221866
4.208789
0.163166
-0.838789
-0.125105
3.768955
1.859491
0.963648
0.773321
0.172064
2.258978
0.774121
0.508176
1.651721
1.802258
1.012021
0.855440
-0.812151
2.291702
1.402523
1.089259
-0.401445
-0.932989
-2.168766
0.612968
-0.587659
3.331905
1.800377
0.098611
1.787516
0.650091
-0.740639
0.298924
2.815119
0.246431
-0.861771
1.423128
-2.337990
-0.663583
-1.829050
1.016647
0.565615
0.849684
-0.264573
0.669761
2.732928
-1.804245
-2.939355
0.314055
3.065906
0.547586
-0.892119
0.014494
4.150254
0.537912
-0.839742
0.325791
2.871425
3.769603
2.370662
1.662583
-3.824906
-0.567241
-1.834250
0.848629
-1.821093
1.642074
0.631961
0.407705
2.611272
0.412965
-0.965918
1.205570
-1.776807
1.012133
-0.422979
0.729308
0.323380
1.051582
-0.142951
0.453066
1.961058
1.493777
0.161007
0.392515
2.671543
-1.218284
-2.155351
0.201538
2.267252
0.807983
-0.335291
-0.012407
5.044247
-0.150028
-1.176254
1.519052
-4.238868
1.146295
-0.253758
0.611183
0.942403
1.781969
0.406578
0.172717
4.281369
0.498712
-0.649211
1.117745
0.435336
-0.772752
-2.035538
0.896877
-0.814467
1.242449
0.121877
0.973797
-0.652846
-0.791932
-1.825550
0.468168
3.836310
1.429655
0.134600
0.399376
1.245680
1.397387
-0.002285
0.211583
4.400782
0.585964
-0.703620
1.051093
0.011000
0.055641
-1.310723
0.243843
4.254526
1.269243
0.119856
0.566066
1.538890
-0.146229
-1.531697
0.472665
0.568342
1.252366
0.108780
0.952560
-0.116855
1.070472
-0.192171
0.540688
0.543215
1.823238
0.777795
0.471804
2.784993
-1.467207
-2.765508
0.500136
2.532625
-1.659839
-2.952992
-0.025017
4.929195
-0.190860
-2.031138
0.448691
1.302444
1.027663
-0.043039
0.881760
0.371433
0.699404
-0.405078
0.762925
0.525856
-0.348259
-1.377567
-0.306940
6.217313
1.156973
-0.145470
0.444803
2.137237
0.078971
-0.927226
0.618280
0.716321
2.614730
0.801839
0.837991
1.575698
-1.125730
-2.559913
-0.007999
5.263456
0.715957
-0.684913
0.258911
3.218465
0.309383
-1.038837
1.453973
-3.044095
-0.136018
-1.049708
0.837346
0.535926
-0.373589
-1.776780
0.742229
0.516527
-0.014414
-1.182183
0.472196
2.150653
0.927704
-0.224557
0.761178
1.591246
0.193507
-1.247332
0.515694
2.340600
0.876610
-0.555823
0.920226
-0.666307
1.231276
-0.040039
1.171938
-1.375741
0.383051
-0.869749
0.869602
0.141993
0.327246
-0.804883
0.875679
-0.417969
0.763111
-0.260859
0.880218
-0.775943
1.287769
-0.207704
0.745557
-0.719011
2.467911
1.166819
-0.235888
5.539672
1.632044
0.214524
-0.069408
3.365358
3.290113
1.582306
1.341421
-3.120716
1.478069
0.279713
0.002684
4.532484
1.597968
0.172399
0.786601
-0.663833
-0.460294
-1.387274
0.556026
1.507854
-0.495698
-1.811813
0.360787
3.633938
0.900254
-0.306761
0.449112
1.905327
-0.655757
-1.793216
0.139496
3.958026
0.875135
-0.289383
0.678681
1.050464
1.174891
-0.142264
-0.149115
5.578904
0.397775
-0.857375
1.367164
-3.281813
0.308176
-0.579588
-0.249654
6.937133
0.867783
-0.542698
0.629660
1.743561
0.679904
-0.407101
0.749649
0.346773
1.108525
-0.277167
0.331506
3.311949
0.574913
-0.371369
1.004393
-1.239248
1.694836
0.534302
1.666113
-2.678991
-0.217559
-1.619354
-0.725925
7.919398
2.177212
0.684494
0.586951
1.603366
0.733486
-0.327496
0.208988
3.640394
1.271037
0.075095
0.763940
0.599778
0.772929
-0.203005
0.490412
3.198980
-0.275912
-1.471463
0.117335
4.348353
0.663175
-0.902481
0.684476
0.641867
0.179741
-1.158307
0.736927
0.883073
2.006308
0.854618
0.116806
2.535332
3.766237
2.318581
0.812441
2.729633
-2.044788
-3.386379
0.955551
-0.880334
0.031483
-1.190155
1.061834
-0.836615
-0.512637
-1.973970
0.411532
1.771166
1.978922
0.665606
0.260530
4.354680
0.109587
-1.339454
1.381360
-3.207521
1.454022
-0.072286
0.946518
-1.154721
1.111042
0.101655
-0.008783
5.447834
1.223461
-0.123215
1.335597
-1.526959
-0.233469
-1.274202
0.975195
-1.946645
1.328384
0.031759
0.237148
1.854368
3.117512
1.937644
1.247469
-2.166990
0.514475
-0.425650
0.024157
4.659708
0.417073
-0.656397
1.346999
-1.566412
-0.960855
-2.348663
0.475208
2.204156
-0.396031
-1.661520
0.532271
1.966806
0.168525
-1.484767
1.070933
-1.358400
1.386650
0.211992
-0.879710
7.495322
4.728215
3.033225
0.149202
4.118604
-0.006601
-1.018931
1.080936
-0.128345
0.198094
-0.730173
1.168865
-0.690801
0.049085
-0.972643
0.840972
-1.111437
0.945311
-0.398365
1.365115
-3.000023
2.615504
2.198415
-0.115962
4.725443
1.133342
-0.170135
0.990653
0.146062
0.251584
-0.999131
0.496662
1.677506
0.114940
-1.002251
0.234448
4.062517
-0.336383
-1.883532
0.664706
2.069491
1.304499
-0.036387
-0.036759
4.663881
0.222185
-1.068226
0.462727
2.007381
1.665508
0.329587
1.419726
-3.284891
0.054865
-1.157892
0.292930
2.222647
2.169607
1.177841
0.801873
0.717671
1.470973
0.169029
-0.162569
5.935964
1.305951
-0.286028
0.185572
3.174905
1.425484
-0.016977
0.054030
3.266325
1.352900
0.068363
1.244746
-1.930243
-1.344588
-2.609202
1.022386
0.204706
-0.506436
-1.985992
1.186434
-2.492555
0.653021
-0.613806
0.089459
3.718218
2.510165
1.170354
-0.003482
4.057903
1.688928
0.438079
1.350291
-1.046244
-1.611486
-2.792717
1.278225
-1.473306
0.704432
-0.048986
1.833165
-4.757488
1.151934
0.011715
0.221587
1.539631
1.296906
0.050804
1.198918
-0.757093
-0.626712
-1.644339
0.663241
1.033771
0.510473
-0.858941
0.715172
1.238699
1.567647
0.542055
0.484050
1.246237
0.467061
-0.700384
1.000086
-0.609741
-0.687070
-1.919131
1.984442
-6.116946
-1.072621
-2.367124
0.645878
1.811482
0.921774
-0.542928
-0.277715
5.089216
3.271117
1.893527
1.059868
0.710865
-1.035208
-2.325180
1.876836
-5.587434
1.990174
1.191487
1.094505
-2.017205
0.935592
-0.222886
0.658546
2.969747
0.106235
-1.225695
0.289203
2.486973
1.414771
0.030233
0.215434
3.793252
1.146368
-0.615749
0.963523
-1.043190
-1.649014
-2.682530
1.018760
-0.965310
2.571122
1.315977
0.019847
3.870948
1.956518
0.890621
-0.621191
7.306591
1.722035
0.588101
0.716419
-0.447822
1.791887
0.332473
-0.028605
5.860806
0.444376
-1.011480
0.714201
0.667001
0.477141
-0.334541
1.286927
-1.144008
0.359768
-0.781224
1.070193
0.759001
-0.681600
-2.210357
