841.496071
4460.274393
671.363341
633.645052
4709.175460
696.512657
544.248516
546.017706
540.439033
633.665106
4711.815508
696.552155
544.120709
546.158587
540.509493
544.877065
542.240449
534.347359
580.448337
694.843927
545.805445
544.695766
542.125925
534.128675
580.473386
695.307985
545.753121
804.044929
2583.308015
564.427833
841.812369
4466.199230
671.596507
804.226954
2584.591747
564.469898
841.958523
4467.528669
671.637921
633.630980
4720.188431
696.705261
544.079655
546.246347
540.434371
633.668800
4722.845027
696.681994
544.089736
546.203317
540.484612
544.709696
542.090820
534.057590
580.861912
697.575320
545.874970
544.675309
542.108672
534.012209
580.992343
698.011388
545.860779
805.056457
2588.550943
564.709624
842.457496
4473.392041
671.766371
805.092177
2589.751169
564.692046
842.495977
4474.631658
671.807543
633.791950
4731.270787
697.083226
544.218031
546.140246
540.549080
633.846555
4733.934646
697.213055
544.142375
546.188204
540.606843
544.602103
541.903162
534.083839
581.678393
700.393346
545.989511
544.654878
541.825970
534.244835
581.791983
700.987683
545.925770
805.676674
2593.588021
564.703162
842.872264
4480.459982
671.964640
805.820260
2594.799606
564.816720
842.957657
4481.777305
672.069166
634.060813
4742.539400
697.753739
544.110924
546.506319
540.414917
634.138067
4745.117018
697.748805
544.262573
547.675693
540.466102
544.668337
541.898708
534.028760
582.501503
703.009661
545.831317
544.637433
541.888034
534.060609
582.492086
703.384502
545.779882
805.964424
2598.545374
564.831736
843.130109
4487.383081
671.948259
806.093099
2599.714904
564.772566
843.182554
4488.736545
672.128276
633.877944
4753.482085
697.938789
544.874056
553.206868
540.606238
633.769865
4756.053383
698.054433
545.031514
554.320934
540.554785
544.668072
541.796309
534.097497
583.040057
705.655437
545.926247
544.685275
541.829810
534.069685
583.177829
706.152228
545.983924
806.561805
2603.579289
564.922926
843.673256
4494.683600
672.216628
806.657838
2604.802128
564.844219
843.777900
4495.917701
672.285245
633.716447
4764.334439
698.443790
545.215702
559.347889
540.008856
633.680753
4766.911357
698.349418
545.302806
560.485472
539.989414
544.670066
541.649715
534.143097
583.587478
708.303260
545.977631
544.627401
541.642779
534.122944
583.685490
708.800294
546.028086
807.138385
2608.763906
564.948464
844.410745
4501.851822
672.532269
807.350384
2609.921263
564.958345
844.603976
4503.138588
672.499702
633.519847
4775.424075
698.709209
545.742973
565.914821
540.035309
633.453352
4778.001092
698.806277
545.808513
567.069171
539.972738
544.647025
541.565538
534.054303
584.380602
711.116069
546.111436
544.657196
541.624044
534.052958
584.500694
711.663836
546.127616
808.195144
2613.861870
565.009827
844.986637
4509.079890
672.889493
808.329851
2614.974796
564.878853
845.084228
4510.288042
673.004622
633.424527
4786.371516
699.104483
546.214415
572.337904
540.108923
633.406182
4789.043639
699.225525
546.315748
573.525844
540.145268
544.651564
541.634053
534.140831
584.909437
713.836289
546.224188
544.731307
541.656144
534.173001
584.986672
714.236187
546.148079
808.757288
2618.636846
564.524880
845.472394
4516.085225
673.016349
808.968637
2619.922832
564.686681
845.657388
4517.355651
673.006218
633.408708
4797.511704
699.744294
546.913180
578.793984
540.221984
633.393568
4800.133266
699.892819
546.961866
579.908185
540.181282
544.744178
541.634484
534.045518
585.299523
716.500509
546.040933
544.544996
541.563814
534.035407
585.277025
716.901884
546.073841
809.460742
2623.581717
564.739301
846.188758
4523.316105
673.418039
809.403415
2624.818972
564.608649
846.360276
4524.521510
673.530565
633.248218
4808.497969
700.110822
547.494360
585.329013
540.102748
633.243303
4811.088066
700.152373
547.667921
586.468703
540.431819
544.660785
541.593247
533.856621
585.670270
719.194971
546.225413
544.711390
541.548814
533.852727
585.859916
719.809937
546.349507
810.031834
2628.703738
564.686092
846.745973
4530.347804
673.722691
810.216606
2629.928655
564.821962
846.924428
4531.625722
673.774929
633.152509
4819.509473
700.519893
548.078380
591.896411
540.470393
633.125923
4822.099615
700.727506
548.134555
593.025409
540.466944
544.908898
541.741031
533.929888
586.328597
721.964437
546.414569
544.939854
541.844762
534.027513
586.390243
722.453653
546.392145
810.731027
2634.010017
564.616812
847.095404
4537.325531
673.837952
810.874598
2635.139260
564.787972
847.105686
4538.523872
673.819073
633.116010
4830.583392
700.960094
548.508707
598.361494
540.503353
633.152817
4833.143747
701.096102
548.557627
599.440364
540.342133
545.194941
542.018531
534.205847
586.810781
724.858617
546.565236
545.192023
541.966998
534.306888
586.857207
725.207390
546.491692
811.193282
2639.045940
564.931440
847.725642
4544.598893
674.174839
811.634658
2640.275582
564.817425
847.839140
4545.775377
674.141644
633.082441
4841.621926
701.497954
548.976009
604.817437
540.470642
632.974538
4844.146904
701.595745
549.098713
605.988913
540.537870
545.089014
541.873365
534.251756
587.225525
727.449249
546.387981
545.180979
542.024880
534.366119
587.400821
728.057626
546.426941
811.951020
2643.948482
564.778753
848.198322
4551.533240
674.282310
812.090380
2645.121406
564.733797
848.391351
4552.760815
674.447822
632.783424
4852.384059
701.663447
549.629209
611.294304
540.562118
632.978006
4855.032140
701.780305
