653.228870
1930.249080
585.029093
555.068079
553.424173
545.720899
552.240718
554.837723
542.047099
555.118268
553.703927
545.486750
550.592884
555.661291
543.182909
551.168311
547.805397
537.556110
540.492722
544.720628
553.292217
550.407811
547.678759
536.311586
540.693685
544.755934
552.681407
539.350875
535.415539
533.888229
656.347082
1989.446968
587.360756
539.791900
537.223871
534.587751
657.296621
2002.730539
587.774894
556.646246
553.591387
544.138184
550.322544
554.874777
542.867197
556.781391
553.833947
542.802501
549.834757
553.784299
542.983725
551.166744
549.199014
538.815758
542.111097
544.505641
552.884328
551.197740
549.059826
538.424747
541.039119
543.864252
552.382782
541.944823
539.097943
535.733618
662.167577
2061.313777
589.059395
540.816363
539.102368
535.541406
663.084813
2073.699135
589.471107
556.109681
553.847905
543.013888
550.572313
554.941325
543.579111
556.161181
553.882085
543.131137
550.029591
555.430406
544.567000
550.154940
547.964338
539.068368
541.417212
543.204782
553.378513
549.667715
546.969512
540.063031
541.962529
544.442922
552.717646
541.657954
539.418713
535.574877
667.710323
2131.931887
591.042082
541.768658
538.880745
536.061072
669.157364
2145.094299
592.087342
557.767001
555.641866
544.335301
549.939253
554.989596
544.186795
559.144565
556.141065
544.257214
550.269839
555.596210
545.182676
549.360451
547.158426
539.016751
541.715394
541.651104
551.787485
548.470103
546.543268
538.363386
541.089578
541.266035
551.166162
540.905172
539.517472
535.560163
669.331054
2201.101584
590.878269
540.922176
539.182697
534.610732
670.453820
2214.625399
592.678439
556.185549
554.846976
544.253739
551.939051
557.840812
547.395235
555.500920
554.846650
544.553532
551.834023
557.402103
546.906232
548.783108
545.902486
537.250523
543.054532
541.804159
552.281299
548.953254
546.753080
538.019706
543.348206
542.213438
552.845784
541.877044
539.466199
534.447968
674.718478
2274.045475
593.561957
541.608012
539.536891
533.934545
675.367674
2286.375669
594.248136
555.029303
553.764198
545.303580
548.740123
554.026402
542.040757
554.233674
553.596446
543.349640
548.496975
554.008411
541.446580
547.397596
544.429246
537.694774
543.608223
542.070180
554.178537
546.868511
543.400507
537.547362
543.888131
542.125190
554.716309
541.027892
539.110944
534.965205
680.179772
2345.666396
596.718376
541.394133
539.586734
535.037863
680.998666
2358.523235
596.392700
552.485367
553.989467
543.851050
548.942151
555.033993
540.819553
551.870243
554.460246
543.517116
548.190224
554.453554
539.860507
546.929032
542.435040
535.543905
545.047761
542.702218
555.035337
546.338070
542.589803
534.302816
544.900361
543.407389
555.610317
541.707453
539.743095
533.640281
685.602789
2417.885776
600.290614
543.014756
539.494390
532.534969
687.435945
2429.956477
601.441899
551.737213
553.646111
543.850684
548.083317
553.672767
539.982930
551.490304
555.002526
544.744444
547.766483
553.337556
539.595578
546.452837
543.628802
535.240865
545.377168
544.301763
558.257236
546.845956
544.117433
536.004221
544.817405
543.443238
557.484954
543.479136
537.973187
529.214085
690.757458
2487.877828
601.559174
544.169056
539.056868
531.134224
692.586798
2500.571265
601.457861
551.456031
555.826363
546.043050
549.199119
553.497261
540.755959
551.149029
556.113855
546.448442
548.940712
553.211378
540.234748
546.532961
543.220673
533.303445
543.456877
543.500176
555.599896
546.539295
542.940066
534.218109
542.960913
543.263614
555.968057
544.849364
537.015097
530.913495
699.630578
2560.125325
605.576069
543.565259
537.219522
530.357903
700.999987
2572.168558
606.701334
550.848182
554.887632
545.720439
549.618022
553.357449
538.199949
551.701796
554.241330
544.817125
550.441219
553.553376
541.547714
548.620641
543.010391
533.530613
542.678623
543.132866
556.705861
548.954880
542.955687
533.913014
543.609010
544.842351
558.234305
545.469176
537.926916
531.664355
704.308208
2630.381020
608.622588
545.595770
538.745429
533.127989
705.611855
2643.149379
609.144969
550.260997
552.991035
546.148270
550.845917
555.641237
540.828587
550.011673
552.532513
547.487703
550.952983
554.958520
540.364287
549.850062
542.672166
535.188876
542.855201
544.188274
558.555517
550.462989
542.858418
535.091467
542.565389
544.170986
558.497706
544.149990
540.462588
531.060224
708.282795
2700.096992
609.775204
544.170683
540.258897
532.795830
708.602168
2712.069582
609.586414
550.455039
551.944643
546.182393
550.273791
554.721680
539.219482
550.461302
551.299887
546.190142
550.121557
554.739058
538.232863
552.033205
543.682128
536.223759
542.708009
546.287085
559.611001
551.738970
543.237818
537.226911
541.882035
544.856175
559.528774
543.319235
540.288202
534.304801
714.173005
2772.769316
613.144074
546.221173
540.675547
533.303149
715.482314
2784.523331
612.812121
549.738707
551.894410
546.056645
549.906786
555.409091
539.398907
549.181745
551.680080
546.130411
550.346586
555.742418
540.263313
551.671053
543.217352
536.859043
539.737399
544.321437
556.366383
552.711196
544.665094
537.243862
539.957459
545.476470
556.329804
543.039844
537.979625
532.660833
718.154835
2842.051487
614.218777
543.472218
538.063973
531.861359
720.071645
2854.316418
615.873900
546.913687
548.310292
543.620645
550.633148
555.433561
540.320355
547.878513
548.360602
543.481180
