-0.187668
1.833596
0.423522
0.677992
-0.234861
0.415675
0.837650
1.074881
0.022257
0.225479
-0.198330
-0.240191
-0.273023
0.687247
0.918358
0.779589
0.035015
-0.065240
0.495355
-0.198460
-0.117937
1.669444
-0.335240
-0.113977
-0.155694
-0.143908
-0.451528
-0.295769
-0.089486
1.419715
-0.200078
-0.067580
-0.187524
0.035992
-0.340382
-0.266209
-0.165616
1.260673
-0.347586
0.372247
-0.065603
0.963035
0.115545
0.250594
-0.107220
0.827985
-0.561567
-0.024622
-0.084800
0.844383
0.887509
0.470872
-0.301010
0.881813
0.086525
0.974878
-0.100333
0.706362
-0.021645
-0.284935
-0.276611
0.890736
-0.147699
1.027999
-0.079046
0.533157
-0.130576
-0.314771
-0.075983
1.659733
0.357976
0.328770
-0.245641
0.250963
-1.062406
-0.386555
-0.152317
1.660528
0.505334
0.449396
-0.285388
0.365261
-1.148234
-0.427662
0.048063
0.659570
-1.118966
-0.281191
-0.065265
0.758251
0.870155
0.408526
0.056621
0.276644
-1.023539
-0.073404
-0.090588
0.913552
1.038186
0.292300
-0.225798
0.525613
-0.067880
0.832549
-0.034243
0.260829
0.047741
-0.151675
-0.275930
0.390976
-0.110959
0.874349
-0.062573
0.238879
0.125641
-0.128793
-0.086609
0.811386
0.909960
0.437919
-0.083656
-0.099702
-0.899284
-0.294784
-0.113014
0.861680
0.683304
0.391683
-0.147051
0.143867
-1.135321
-0.381032
0.050070
0.192086
0.469623
-0.155916
-0.055417
0.355075
1.763651
0.573547
0.019337
0.551083
-0.284296
-0.304788
-0.055682
0.257841
1.776347
0.544122
-0.042349
-0.140387
-0.712133
0.241564
-0.026315
0.400182
0.461124
0.066305
-0.079971
-0.070868
-0.825951
0.316574
-0.011013
0.119891
0.657756
0.127802
-0.116499
0.897365
0.693510
0.487366
-0.212462
0.284739
-0.898154
-0.344161
-0.120010
1.019240
0.664005
0.491825
-0.222607
0.266601
-0.937177
-0.242927
0.019582
0.624351
-0.858046
-0.237183
-0.228535
0.554773
1.654591
0.396773
0.031551
0.561186
-0.854282
-0.228224
-0.104665
-0.054009
2.831951
0.209905
-0.158810
0.627130
-0.534949
0.227060
-0.096555
0.413304
0.815464
0.235819
-0.205011
0.691978
-0.419308
0.202363
-0.102925
0.441950
0.765600
0.228251
-0.083040
1.070468
0.482885
0.315978
-0.159151
0.482236
-0.407194
-0.224897
0.003460
0.658371
0.657588
0.425375
-0.196415
0.575389
-0.333473
-0.056522
0.045023
0.293236
-0.562569
0.210621
-0.095045
0.201812
1.187568
-0.051542
0.071261
0.015635
-0.687790
0.062254
-0.067097
0.119066
1.050308
-0.144957
-0.278175
1.131073
-0.780913
0.112696
-0.051371
0.341827
0.943932
0.300805
-0.208805
1.023983
-1.028194
0.087781
-0.026660
0.162853
0.607801
0.167562
0.032015
0.722214
1.150635
0.518983
-0.182595
0.763612
-0.192169
-0.161881
0.030527
0.499097
1.291531
0.673391
-0.168612
0.655568
-0.237040
-0.148475
0.089491
-0.201655
-0.609825
-0.000719
-0.096692
0.264951
1.484677
0.169015
-0.033310
-0.271141
-0.369454
0.117191
-0.077476
0.180207
1.497161
0.260069
-0.089043
0.473862
-1.083482
-0.338184
-0.082212
0.208433
-0.142217
0.147802
-0.128957
0.709015
-0.596665
-0.247198
-0.046213
-0.013884
-0.246705
0.176676
-0.000551
0.731739
1.053225
0.563431
-0.296296
1.114914
-0.251482
-0.238071
-0.010059
0.579807
0.903933
0.281166
-0.289085
0.864231
-0.226222
-0.203632
0.036801
0.111612
-0.816232
0.047287
-0.104271
0.352637
0.684139
0.090938
-0.025337
0.265668
-0.357519
0.099894
-0.106626
0.434514
0.570008
0.062416
-0.178645
0.685976
-0.231782
-0.005524
0.104650
-0.506527
-0.461007
0.295419
-0.185191
0.905993
-0.122164
0.010877
0.094632
-0.365397
-0.369709
0.384494
0.028305
0.229349
0.643843
0.177086
-0.275400
0.927616
0.162272
-0.250845
0.024852
0.047383
0.615160
0.134276
-0.251897
0.811998
0.156400
-0.283760
0.229918
0.608778
0.716056
0.192733
0.006718
0.717177
0.706477
0.079294
0.240652
0.833464
0.528194
-0.062543
0.069492
0.658655
0.797921
0.154235
-0.193668
1.254533
0.525090
0.045237
-0.001957
0.533765
-0.466557
0.306604
-0.344012
1.078385
0.440408
0.173080
0.169853
-0.800859
-0.512697
0.303350
-0.064465
0.656445
0.348242
0.076654
-0.214072
0.463497
0.214466
-0.134744
-0.014430
0.386482
0.416919
0.271524
-0.150108
0.154132
0.654943
-0.142897
0.236212
0.722023
0.814578
0.200805
-0.019269
1.374609
0.223477
-0.113873
0.204185
0.554779
1.536644
0.280901
-0.054259
1.662814
-0.023571
-0.202130
-0.276234
1.246991
0.950257
0.254858
0.057108
-0.668944
-0.831614
0.237643
-0.181599
0.879487
0.940627
0.123476
0.280534
-1.077075
-0.714347
0.251925
-0.049406
0.092245
0.313562
0.452841
-0.078375
-0.021697
0.652899
-0.163855
-0.020809
0.111543
0.080252
0.378871
-0.198582
0.275626
0.589000
-0.152958
0.302595
0.256206
1.103058
0.088371
-0.029668
1.244744
0.866640
0.181706
0.285448
0.281307
1.066536
0.184912
-0.053775
1.290250
0.166716
0.163466
0.003788
0.394656
0.895311
0.074841
0.078797
-0.371324
-0.773737
0.224522
-0.073971
0.429395
0.288434
0.021032
0.029779
-0.211282
-0.615309
0.266247
0.094728
-0.155500
-0.070760
0.034531
-0.271687
0.038248
0.390122
-0.172678
0.012249
0.167536
-0.284156
-0.021808
-0.275059
0.078772
0.433655
-0.143044
0.228841
0.931836
0.967093
-0.148543
-0.016262
1.316436
-0.055335
0.005860
0.184160
1.010440
0.408444
-0.177527
-0.025624
1.362769
-0.283463
-0.151032
-0.109306
0.282731
0.638889
0.205903
-0.004603
-0.333996
-0.688936
0.220104
-0.132932
0.189689
0.188121
0.541614
-0.046493
-0.107805
-0.713979
0.093301
0.159474
-0.454888
-0.766586
-0.098657
0.026233
-0.138154
0.529923
0.122840
0.152098
-0.468780
-0.475533
-0.117291
-0.287824
0.065192
0.608653
0.026365
0.051639
1.632586
1.066350
-0.072917
-0.026585
1.181121
-1.043111
-0.128920
0.019613
1.577950
1.112419
-0.002648
-0.022900
1.204653
-0.730488
-0.106862
-0.072904
0.116558
0.475184
0.355657
-0.108185
0.138050
0.139496
0.039364
-0.028449
0.129412
0.393166
0.245534
-0.071326
-0.046049
0.087343
0.003984
0.110393
-0.228421
-0.220153
0.038173
-0.202729
-0.115753
0.686203
0.118545
0.129020
-0.027030
-0.338519
0.064234
-0.180768
-0.172555
0.633153
0.103188
0.081508
1.444393
1.069611
0.053115
0.062558
0.655472
-0.569997
-0.000973
0.066069
1.570833
1.115281
0.002759
0.066500
0.624517
-0.577737
0.003039
0.011136
0.122260
0.475850
0.086838
-0.240801
0.456661
0.295649
-0.146833
0.111679
-0.151576
0.610990
0.132321
