5.227844
5.576770
5.592127
5.246367
5.433720
5.675980
5.315419
5.365377
5.391180
5.324517
5.724611
5.835326
5.755736
5.582633
5.695111
5.556588
5.368588
5.718239
5.390353
5.585576
5.625068
5.641614
5.733430
5.676225
5.334809
5.476383
5.645159
5.397436
5.260324
5.377807
5.563848
5.383976
5.390757
5.302391
5.342896
5.395318
5.436595
5.492560
5.525223
5.681300
5.600859
5.460979
5.388815
5.426285
5.330394
5.269967
5.533516
5.148460
5.639188
5.134472
5.260026
5.421632
5.450302
5.548009
5.693437
5.851449
5.900250
5.387515
5.227598
5.263633
5.496701
5.582899
5.750976
5.392983
5.670127
5.671349
5.666630
5.681662
5.529036
5.483020
5.280956
5.266054
5.439609
5.065024
5.239011
5.706175
5.657122
5.951253
5.815383
5.836223
5.688185
5.509859
4.862113
4.782436
5.294041
5.539280
5.491181
5.682059
5.583138
5.608787
5.524876
5.424352
5.004965
5.196765
5.510541
5.108202
5.580499
5.531039
5.385553
5.718184
5.772846
5.502745
5.452665
5.769003
5.587159
5.568388
5.262374
5.401603
5.280793
5.089705
5.515504
5.377298
5.191003
5.217745
5.529222
5.466411
5.464963
5.354745
5.189098
5.555145
5.537670
5.594092
5.754858
5.150304
5.299782
5.592175
5.529921
5.315435
5.752722
5.366176
5.210926
5.280779
4.767609
4.951116
5.009552
5.300805
5.474240
5.306279
5.295428
5.377967
5.489177
5.744103
5.394338
5.663471
5.463520
5.153773
5.150059
5.527491
5.461179
5.389417
5.206215
5.186033
5.048758
5.161950
5.407944
5.304933
5.288932
5.563803
5.480094
5.273207
5.100967
5.162674
5.251027
5.579896
5.430508
5.666622
5.130369
5.393296
5.068191
5.178619
5.351194
5.366457
5.470905
5.581715
5.507272
5.318487
5.240322
5.790733
5.965476
5.942222
5.474149
5.605606
5.528224
5.598846
5.100317
5.568388
5.652200
5.684616
5.605543
5.462342
5.480586
5.345353
5.264925
5.262263
5.443660
5.687240
6.063932
5.768189
5.627101
5.361738
5.453922
5.504726
5.222590
5.359046
5.388585
5.520943
5.594534
5.775096
5.798164
5.428693
5.338075
5.869930
5.494346
5.397195
5.836841
5.471427
5.393614
5.244519
5.100962
5.615517
5.480254
4.980662
5.381232
5.240040
5.009162
4.975626
5.434497
5.413982
5.990977
5.887682
5.872336
5.850040
5.527602
5.099347
5.324106
5.634861
5.606467
5.080285
5.181538
5.655590
5.410763
5.374852
5.597222
5.522500
5.750630
5.400509
5.433223
5.288881
5.198910
5.382638
4.987667
5.666659
5.393519
5.564162
5.491693
5.948937
5.803353
6.012930
5.677030
5.317081
5.392164
5.504154
5.614721
5.991814
5.626151
5.892242
5.731269
5.321645
5.462393
5.527804
5.260374
5.127089
5.365441
5.050006
4.868717
5.101945
5.164213
5.399182
5.008693
5.192666
5.632715
5.638724
5.968792
5.578751
5.687805
5.748216
5.433458
5.417524
5.488616
5.064728
5.146234
5.288804
5.489432
5.534320
5.428189
5.556627
5.709556
5.502232
5.535156
5.385471
5.654254
5.734882
5.724989
5.961096
5.924793
5.920659
5.734563
5.473088
5.799531
5.234566
5.545652
5.508686
5.212818
5.523160
5.865482
5.272133
5.550827
5.652415
5.623983
5.603816
5.485583
5.098591
5.114865
5.096566
5.172092
5.120112
5.674397
5.996972
5.090607
5.225869
5.265938
5.226732
5.271453
5.295860
5.379073
5.250476
5.536089
5.591861
5.500144
5.425831
5.128900
5.613584
5.653925
5.418691
5.502529
5.473060
5.531626
5.442579
5.175932
5.863352
5.671804
5.376467
5.857687
5.408473
5.553782
5.817489
5.703652
5.598965
5.419090
5.568025
5.488667
5.738923
5.619795
5.786849
5.928935
5.176856
5.423599
5.679239
6.036597
5.718869
5.608092
6.191721
5.848097
5.691704
5.533470
5.574829
5.513754
5.965185
5.649202
5.641376
5.512384
5.608516
5.270989
5.250757
5.044062
5.432681
5.470887
5.390542
5.462015
5.362245
5.236984
5.478555
5.533438
5.550963
5.484959
5.129165
5.022428
5.178086
5.107334
5.026313
4.954728
5.163686
5.037065
5.169059
5.293088
5.503081
5.249864
5.621873
5.199684
5.345592
5.010237
5.057163
5.220878
5.336821
5.105632
5.341761
5.404406
5.374175
5.125407
4.827993
4.813978
5.404497
5.520898
5.975745
5.798184
5.525611
5.451200
5.534841
5.784111
5.392576
5.545422
5.307118
5.404022
5.702758
5.368564
5.186072
5.517805
5.866977
5.417205
5.561539
5.443003
5.158875
5.355306
5.710105
5.556577
5.608480
5.203635
5.349515
5.374113
5.297029
5.431595
5.110808
5.023763
5.156290
4.872445
5.049969
5.125102
5.295978
5.202657
5.563612
5.667126
5.561288
5.207890
5.411168
5.544590
5.496572
5.652478
5.628957
4.854079
5.262503
5.239524
5.541560
5.737285
5.763135
5.801924
5.635725
5.749516
5.846405
5.712565
5.404551
5.194830
5.349617
5.248185
5.484378
5.391637
5.133914
5.241879
5.367486
5.308626
5.036978
5.334874
5.584468
5.334311
5.476183
5.641369
5.928847
5.861503
6.095458
5.475951
5.483144
5.600267
5.588659
5.290651
5.837759
5.707080
5.668008
5.781797
5.594953
5.709151
5.565825
5.702111
5.431869
5.381700
5.612876
5.583366
5.627831
5.415577
5.236375
5.264485
5.586331
5.470169
5.480663
5.264098
5.509373
5.358644
5.575352
5.174398
5.693290
5.675242
5.543811
5.600521
5.275461
5.509834
5.614233
5.588273
5.610901
5.396381
5.244768
5.470227
5.420341
5.480445
5.504112
5.390454
5.548902
6.038925
5.762316
5.341020
5.561867
5.647273
5.935544
5.577752
5.392546
5.236029
5.266052
5.509454
5.172509
4.884692
5.091715
5.349156
5.179421
5.212120
5.112452
5.108779
5.028630
5.233491
5.290492
5.497248
5.340078
5.672454
5.655128
5.503898
5.989751
5.849613
5.484446
5.637128
5.644870
5.567590
5.497407
5.289478
5.516827
5.459865
5.695189
5.517282
5.228085
4.932351
5.170709
5.137775
5.172083
5.645367
5.804116
5.629228
5.475895
5.369200
5.462005
5.651316
5.813226
5.697657
5.255115
5.573710
5.574365
5.832603
5.659931
5.350388
5.360863
5.355822
5.444946
5.566481
5.422903
5.420845
5.652889
5.337337
5.121526
5.292284
5.517408
5.512879
5.370191
5.101007
5.183452
5.481823
5.539779
5.399213
5.533854
5.816800
5.852241
5.825066
5.865610
5.842964
5.905988
5.205702
5.345414
5.347943
5.398874
5.721108
5.782980
5.216455
5.334460
5.731781
5.789743
5.804987
5.625666
5.186212
5.205750
5.372290
5.122074
5.482674
5.193881
5.394113
5.247819
5.095274
5.278672
5.021543
5.459187
5.410701
5.500199
5.471103
5.884256
5.381366
5.602164
5.445529
5.318840
5.275281
5.311721
5.066208
5.281284
5.482352
5.244365
5.260956
5.481231
5.602965
5.596880
5.128021
5.203673
5.442272
5.591612
5.862091
5.673210
5.837910
5.688727
5.440593
5.396218
5.577592
5.325486
5.161799
5.435676
5.458802
5.828669
5.650188
5.834161
5.507540
5.591101
5.856410
5.740298
5.606353
5.613082
5.422442
5.320601
5.219801
5.143741
5.413536
5.359112
5.312405
5.327402
5.250250
5.069172
5.227542
5.251627
5.236815
5.056358
4.929551
4.771830
4.954696
5.184473
5.196194
5.019378
5.577352
5.478313
5.571088
5.454456
5.446141
5.565044
5.708675
5.632900
5.834203
5.970856
5.612452
5.263572
5.305690
5.298568
5.574269
5.665319
5.628799
6.000876
5.551609
5.360058
5.363882
5.240638
5.241723
5.155294
5.669032
5.566386
5.376982
4.994224
5.091513
5.376143
5.699625
5.586125
5.519046
5.196848
5.134620
5.153696
4.946422
5.010743
5.344149
5.587490
5.198000
5.390093
5.069881
5.302631
5.556338
5.946230
5.562576
5.512695
5.323650
5.218264
5.253750
5.278145
5.296743
5.281983
5.650702
5.539849
5.787010
5.895395
5.679367
5.419798
5.251846
5.508141
5.576755
5.640644
5.401268
5.776264
5.759606
5.390637
5.578119
5.739236
5.763868
5.801889
5.926486
5.645137
5.501274
5.342401
5.464758
5.573721
5.627655
5.464987
5.710382
5.847147
5.625151
5.585490
5.432966
5.385666
5.165291
5.251008
5.076104
5.249828
5.155455
5.392034
5.583002
5.370548
5.528244
5.586550
5.654403
5.750929
5.664088
5.273337
5.435320
5.644153
5.472276
5.680479
5.335636
5.575023
5.669963
5.710648
6.145270
6.153559
5.843481
5.272611
5.487436
5.646725
5.476675
5.472687
5.585858
5.469621
5.717269
5.518727
5.769806
5.722131
5.605200
5.405995
5.191715
5.215409
5.472861
5.636442
5.306874
5.617539
5.356000
5.464711
5.189596
5.296186
5.269921
5.549847
5.730344
5.554465
5.874349
5.692201
5.311449
5.462559
5.210270
5.533526
5.448257
5.536899
5.469783
5.465374
5.473504
5.310188
4.964402
5.297360
4.967968
5.137631
5.187429
5.083572
4.936976
5.211855
5.193570
5.463702
5.131832
4.893928
4.978796
5.013422
5.397255
5.324981
5.449645
5.588096
6.023796
5.905018
5.617446
4.883681
4.909236
5.145396
5.234356
4.958973
4.950374
5.050597
5.159632
5.191352
5.521230
4.913976
4.893703
5.254182
5.587178
5.738943
5.525035
5.565211
5.547090
5.258005
4.811903
5.132905
5.216784
5.974336
6.019699
5.730479
5.285911
5.583295
5.745536
5.822307
5.502453
5.470363
5.607793
5.761891
6.052488
5.518516
5.366035
5.506963
5.694246
5.553313
5.649176
5.535327
5.426647
5.320083
5.410053
5.136277
5.378306
5.170271
5.144954
5.317431
5.479950
5.554272
5.540330
5.331913
5.218736
5.199864
5.389148
5.377269
5.262108
5.780859
5.544210
5.587870
5.268365
5.296476
5.375455
5.443839
5.386489
5.363676
5.261905
5.569780
5.473975
5.664164
5.614289
5.700976
5.974019
5.377948
5.077633
5.096397
5.470530
5.653283
5.853485
5.637879
5.801475
5.131781
5.368482
5.221061
5.037965
5.119162
5.056126
5.129665
5.433603
5.467611
5.678199
5.365840
5.551250
5.428782
5.518454
5.173169
5.194071
4.981321
5.257013
5.449516
5.263867
5.316767
5.510716
5.375736
5.297967
5.402680
5.469772
5.349721
5.594424
5.538541
5.393106
5.588106
5.286545
5.487098
5.650042
5.685419
5.445489
5.285460
5.236607
5.871921
5.701286
5.702583
6.051250
5.354265
5.235723
5.373795
4.810817
4.942540
4.881970
5.212243
5.350675
5.392194
5.641235
5.450422
5.559194
5.600275
5.475773
5.537531
5.076124
5.002144
5.155054
5.561188
5.551459
5.753720
5.719476
5.462058
5.616279
5.543496
5.414863
5.317649
5.324951
5.643536
5.622562
5.431914
5.257746
5.445770
5.171745
5.334014
5.211849
5.607646
5.873632
5.880190
5.637776
5.439404
5.487350
5.368261
5.431640
5.215109
5.299449
4.933997
4.694996
4.833856
5.080880
4.814061
4.795177
5.260708
5.397248
5.376616
5.343587
5.275316
5.423140
5.068893
4.596417
4.833234
5.087239
5.326909
5.337304
5.584312
5.709206
5.469497
5.586270
5.476114
5.915437
5.303813
5.577183
5.491792
5.102815
5.731320
5.713278
5.799921
5.601833
5.336669
4.917794
4.710535
5.388064
5.393198
5.464022
5.503832
5.605286
5.616253
5.209853
5.468750
5.425522
5.454914
5.113663
4.955022
4.890802
4.777515
5.202442
5.336619
5.201967
5.354508
5.582569
5.062936
5.447449
5.139827
5.456163
5.466548
5.441575
5.293596
5.372072
5.623275
5.380284
5.831789
5.590346
5.325585
5.655091
5.661556
5.385031
5.443612
5.214944
5.423004
5.718531
5.373972
5.157654
5.182858
5.103926
5.153016
5.515750
5.367639
5.405088
5.438068
5.539342
5.806759
5.568447
5.262418
5.362473
5.524843
5.359306
5.493417
5.707879
5.327380
5.360089
5.377680
6.140113
5.687679
5.388001
5.268890
5.350184
5.178799
5.419157
5.698381
5.493385
5.336448
5.665608
5.777700
5.316746
5.116875
5.390877
5.112616
5.372275
5.257898
5.176398
5.564634
5.494619
5.492749
5.432819
5.299063
5.084489
5.033498
5.609512
5.581681
5.332454
5.496473
5.327331
5.410131
5.294478
5.338604
5.245294
5.252364
4.905763
5.259391
5.330079
5.670078
5.406505
5.271995
5.298308
5.696163
5.850406
5.410852
5.715755
5.530638
5.669343
5.824381
5.683983
5.579068
5.799999
5.370662
5.343660
5.250396
5.322756
5.534082
5.453067
5.586365
5.253591
5.848922
5.564219
5.547337
5.359428
5.553225
5.408393
5.598405
5.615821
5.501084
5.357384
5.274909
5.559910
5.318333
5.242916
5.184158
5.078859
5.213675
5.041234
5.092298
5.376340
5.223007
5.327823
5.358733
5.154860
5.488656
5.510213
5.689063
5.692608
5.614689
5.799956
5.558061
5.064525
5.168965
5.338397
5.242982
5.039501
5.127573
5.338476
5.319331
5.356409
5.633982
5.485127
5.776757
5.840500
5.832406
5.820310
6.155392
5.930670
5.913847
5.422381
5.554728
5.553931
5.562656
5.497581
5.308801
5.491330
5.305233
5.267525
5.206310
5.021893
5.347908
5.082624
5.168933
5.607234
5.348416
5.367391
5.182026
5.508934
5.631416
5.284066
5.279913
5.341819
5.204001
5.428725
5.383830
5.105123
5.293081
5.309985
5.396786
5.208875
5.328271
5.822823
5.482379
5.502534
5.515962
5.521468
5.439630
5.381350
5.413438
5.600809
5.757939
5.499908
5.443584
5.402353
5.305315
5.406927
5.250066
5.311274
5.035094
5.429223
5.483781
5.410307
5.285514
5.396058
5.368879
5.314240
5.219316
5.246679
5.534493
5.243109
5.446774
5.278950
5.351728
5.381658
5.489621
5.551535
5.538493
5.419958
5.677128
5.320867
5.578573
5.907433
5.669201
5.813828
5.516988
5.264307
5.535703
5.361895
5.600612
5.618693
5.453820
5.303236
5.411710
5.426670
5.290250
5.662009
5.768109
5.845300
5.970187
5.953855
5.887649
5.564470
5.650902
5.852589
5.658641
5.470725
5.829149
5.359473
5.423435
5.838473
5.780817
5.387843
5.620407
5.612770
5.379051
5.505632
5.631698
5.371249
5.051454
5.649974
5.364773
5.395482
5.527171
5.146788
5.300304
5.727299
5.294328
5.430594
5.414833
5.481177
4.920087
5.168991
5.022760
5.126108
5.105129
5.522208
5.269891
5.396616
5.277238
5.202721
5.171546
5.341948
5.103055
5.370831
4.947754
5.531463
5.555816
5.162853
5.449136
5.691067
5.240711
5.359892
5.025583
4.966517
5.074248
5.223965
5.193993
5.205462
4.947241
5.398877
5.584212
5.135720
5.272839
5.574131
6.027744
6.011551
5.742768
5.605364
5.846844
5.578449
5.785571
5.747771
5.793536
5.498988
5.337067
5.483553
5.538850
5.791378
5.710731
5.839467
5.502437
5.031322
5.379253
5.191315
5.557811
5.537738
6.154015
6.148623
5.961892
5.565073
5.945039
5.846716
5.888208
6.422333
6.248914
6.082792
5.727683
5.398458
5.490186
5.395887
5.711929
5.586904
5.485821
5.514315
5.523773
5.655207
5.628246
5.285957
5.575474
5.589155
5.783393
5.765744
5.631413
5.574874
5.572168
5.539936
5.539936
5.461959
5.468752
5.506728
5.608112
5.140761
5.267546
5.527200
5.524129
5.148332
4.949462
5.336216
5.342578
4.952913
5.066190
5.401628
5.410036
5.148634
5.060784
5.747407
6.019813
5.734212
5.469029
5.458207
5.548455
5.428208
5.504666
5.405488
5.189402
5.541024
5.319229
5.419249
5.585573
5.560176
5.468940
5.913230
5.662583
5.075455
5.203265
5.330399
5.425815
5.608853
5.368958
5.744974
5.417953
5.279179
5.122059
5.213682
5.143427
5.355518
5.580155
5.501647
5.222921
5.276975
5.391292
5.377865
5.757038
5.968769
5.743068
5.583335
5.484117
5.140070
5.340082
5.451243
5.457953
5.361841
5.370848
5.013452
4.977710
5.248877
5.322546
5.012739
5.114937
5.615679
5.238804
5.481763
5.243211
5.459727
5.818506
5.778215
5.616260
5.759483
5.679957
5.347917
5.075734
5.659508
6.037970
5.587664
5.920695
5.414737
5.355220
5.301035
5.203144
5.505676
5.425342
5.129708
5.243937
5.310947
5.227398
5.315590
5.734195
5.365459
5.315581
5.477084
5.540583
4.953960
5.073500
5.367296
5.279281
5.261668
5.107929
5.111975
5.422394
5.264613
5.475186
5.363844
5.250824
5.447801
5.351411
5.550516
5.588253
5.025434
5.287848
5.160435
5.368041
5.434462
5.452814
5.519196
5.452721
5.327439
5.714554
5.388601
5.584110
5.710708
5.256212
5.307489
5.351536
5.279155
5.345984
5.358344
5.307878
5.371773
5.251830
5.386675
5.501785
5.238657
5.044573
4.946609
5.295820
5.324335
5.315640
5.117928
4.984024
5.576107
5.303602
5.180644
5.270733
5.849906
5.571628
5.394818
5.043703
4.968233
5.080176
5.414682
5.290472
5.424135
5.404495
5.399054
5.468518
5.066345
5.150079
4.923255
5.159049
5.622497
5.738718
6.101562
5.821421
5.675493
5.501601
5.030651
5.310943
5.121923
4.981586
5.276649
5.303114
5.158085
5.185239
5.618557
5.306246
5.856339
5.723867
5.455473
5.400328
5.499300
5.587632
5.276419
5.164700
5.488329
5.706224
6.001765
6.046087
5.333564
5.124847
5.223265
4.950550
5.162879
4.829695
4.992182
4.948282
5.126259
5.554747
5.225267
5.320747
4.999076
5.226358
5.518347
5.052519
4.914892
5.203515
4.790553
4.915316
4.888425
5.401367
5.761144
5.788336
5.724422
5.830958
6.196333
5.834401
5.355371
5.292367
5.518128
5.418962
5.499973
5.492910
5.400161
5.647920
5.723841
6.092238
5.867031
5.966115
5.452049
5.432496
5.614201
5.484730
5.514081
5.345961
5.662608
5.353092
5.503643
5.413332
5.584026
5.352456
5.017240
5.314308
5.613186
5.396082
5.464366
5.489429
5.466813
5.354269
5.365773
5.675999
5.789147
5.115687
5.361452
5.325397
5.591851
5.546349
5.796169
5.617018
5.587358
5.347155
5.125777
5.608624
5.674850
6.103574
6.015378
6.202184
5.694324
5.441039
5.077196
5.412212
5.368354
5.223430
5.397841
5.346932
5.677284
5.450483
5.139802
5.447524
5.240923
5.610042
5.584284
5.715933
5.523997
5.366854
5.113696
5.648248
5.449219
5.510605
5.322725
5.315849
5.156909
5.068109
5.305631
5.674939
5.502725
5.174030
5.423852
5.206052
5.088666
5.559862
5.450545
5.081158
5.180813
5.223693
5.562461
5.164911
5.216101
5.154064
5.224190
5.431411
5.679657
5.275608
5.361717
5.315242
5.194158
5.142977
5.080033
5.285774
5.236367
5.046181
5.314929
5.587091
5.263533
5.515260
5.308059
5.330641
5.300794
5.360423
5.336581
5.424198
5.721211
5.552320
5.657639
5.655983
5.722218
5.626500
5.361167
5.351501
4.919816
4.818884
5.043594
5.093767
5.622933
5.529415
5.650204
4.986300
4.653296
4.897785
4.984020
5.139313
5.097770
5.135853
5.176065
5.329599
5.650926
5.456430
5.592937
5.561926
5.706552
5.459532
5.091010
5.269799
5.253688
5.069849
5.311717
5.326862
5.217685
5.426856
5.412373
5.350903
5.466729
5.465222
5.448100
5.358046
5.434721
5.333073
5.313157
5.224330
4.861056
5.213668
5.145532
5.437070
5.531765
5.814082
5.778315
5.843114
5.729833
5.809984
5.727681
5.713222
5.406284
5.592768
5.553217
5.972958
5.587031
5.421327
5.503755
5.395596
5.181154
4.977292
5.079199
5.199270
5.110702
5.246869
5.297000
5.509576
5.816286
5.887444
5.740365
5.515683
5.506874
5.386074
5.352106
5.254711
5.374249
5.220575
5.465242
5.744764
5.821306
5.290381
5.252866
5.303264
5.209264
5.237208
5.130307
5.077637
5.265887
5.206402
5.561834
5.893788
5.808616
5.711464
5.565506
5.541063
5.652788
5.610720
5.311536
5.310861
5.196218
4.887230
5.452096
5.651306
5.727848
5.381954
5.358267
5.486177
5.509228
5.724843
5.721173
5.477112
5.119461
5.374088
5.421520
5.322435
5.019361
4.932337
4.962008
5.127330
5.118314
5.237210
5.341317
5.704133
5.573416
5.653775
5.323715
5.527885
5.722374
5.763612
5.382286
5.376507
5.564591
5.253897
5.531653
5.415184
5.283708
5.342611
5.188030
5.253628
5.296286
5.201235
5.456622
5.978532
5.891104
5.468693
5.414888
5.850946
5.179949
5.353895
5.274162
5.383786
5.511114
5.564598
5.701894
5.857837
5.463959
5.369911
5.480514
5.762846
5.559472
5.733099
5.868637
5.411371
5.200901
5.340313
5.372279
5.488391
5.516817
5.591157
5.701647
5.991183
5.712939
5.450122
5.432716
5.526802
5.521211
5.543544
5.575707
5.357661
5.458134
5.611308
5.936342
5.694591
5.429891
5.547719
5.241991
5.458411
5.460687
5.516664
5.287057
5.266306
5.396137
5.395698
5.503570
5.253657
5.232673
5.137842
5.201404
5.315193
5.488362
5.423346
5.459541
5.548637
5.237133
5.560836
5.247784
5.221506
5.124826
5.618995
5.792303
5.630636
5.582068
5.512722
5.729578
5.459495
5.435446
5.292142
5.319726
5.311158
5.030388
5.027391
5.294584
5.393128
5.099514
5.348002
5.614913
5.461025
5.562689
5.805234
5.479420
5.304589
5.191463
5.310896
5.215125
5.020502
5.086891
5.198978
5.380224
5.556590
5.701853
5.492913
5.468265
5.762701
5.538945
5.682910
5.571505
5.471891
5.566462
5.211432
5.326224
5.661071
5.649573
5.383417
5.378651
5.506440
5.396372
5.282606
5.491894
5.249795
5.418428
5.166360
5.198520
5.800366
5.500031
5.514181
5.685466
5.957190
5.669811
5.660853
5.655430
5.355770
5.339808
5.214162
5.363857
5.166763
5.630894
5.203633
5.479769
5.460497
5.386087
5.384872
5.580492
5.467284
5.365181
5.215739
5.336974
5.607540
5.794058
5.212631
4.995506
4.970077
5.456806
5.599932
5.411246
5.176038
5.046255
5.214918
5.479825
5.306665
5.285464
5.771383
5.542294
5.292713
5.159956
5.194075
5.369115
5.615552
5.639004
5.325911
5.349846
5.199856
5.201481
5.383950
5.633639
5.807918
5.870417
5.445371
5.366286
5.080360
5.116952
5.315390
5.029337
5.365559
5.137490
5.206078
5.185386
4.903981
4.907125
4.994823
5.274622
5.035490
5.102727
5.334682
5.414623
5.307477
5.559110
5.776442
5.358504
5.434148
5.396378
5.447597
5.260828
5.413406
5.145660
4.779667
4.975929
5.069650
5.580194
5.360191
5.339798
5.453260
5.383160
5.408232
5.272873
5.406994
4.957680
5.511432
5.631826
5.600450
5.291688
5.404784
5.229794
5.169546
5.013980
5.316078
5.664301
5.470643
5.683853
5.660770
5.725586
5.403855
5.823500
5.717572
5.486404
5.620968
5.344787
4.973022
5.687463
5.602671
5.771854
5.752685
5.808293
5.433325
5.579832
5.662615
5.603334
5.713309
5.487212
5.399847
5.706351
5.480259
5.338802
5.472265
5.421867
5.355523
5.620626
6.187253
5.723874
5.843039
5.743709
5.412235
5.556716
5.569552
5.208512
5.314891
5.317600
5.077243
5.474581
5.636826
5.555676
5.538935
5.744738
5.822035
5.457481
5.438341
5.204054
5.555273
5.195397
5.271926
5.987913
5.551866
5.666382
5.232868
5.325163
5.300349
5.307421
4.999584
4.732727
5.273314
5.090905
5.248967
5.505791
4.968180
5.087205
5.238402
5.240896
5.060915
5.027544
4.868994
5.131908
5.426641
5.256079
5.136949
5.242675
5.738982
5.548556
5.321066
5.433701
5.386659
5.009640
5.361862
5.455522
4.923954
5.020736
5.505263
4.857401
5.085046
4.957072
4.868591
5.409375
5.026600
4.963641
5.087825
5.294952
5.112279
5.327396
5.570209
5.579804
5.499419
5.714957
5.552939
5.498206
5.220205
5.858288
5.590210
5.534887
5.313249
5.580951
5.591814
5.399365
5.315886
5.207982
5.048425
5.167106
5.517442
5.390124
5.805274
5.767926
5.809064
5.772026
5.763583
5.560246
5.671376
5.530098
5.734934
5.852382
5.682297
5.388078
6.050518
5.532819
4.925706
5.622243
5.707085
5.654875
5.898750
5.774756
5.825209
5.774080
6.098705
5.573068
5.266278
5.102578
5.432383
5.870114
5.720318
5.653357
5.513969
5.583923
5.264748
5.459985
5.064119
5.307196
5.410386
5.558624
5.576014
5.323324
5.410454
5.535223
5.480751
5.256624
5.064049
5.020304
5.035224
5.178709
5.573216
5.860424
5.646715
5.582687
5.851668
5.778658
5.823966
6.234983
5.751404
5.614782
5.423421
5.691614
5.500229
5.372812
5.094428
5.240602
5.277719
5.398856
5.160644
5.263822
5.208419
5.548226
5.143504
5.408060
5.240465
5.295478
5.532142
5.486937
5.252978
4.988921
5.588941
5.296106
5.179899
5.258798
5.149206
5.100754
5.499681
5.603332
5.280121
5.433886
5.353444
5.380568
5.594615
5.297871
5.499336
5.682618
5.712072
5.743699
6.018874
5.665566
5.672088
5.601726
5.833478
5.776950
5.496233
5.276695
5.378831
5.694201
5.648399
5.745050
5.850489
5.882455
5.564141
5.852190
5.744319
5.398688
5.413602
5.156120
5.490121
5.438229
5.490196
5.284021
5.468828
5.618032
5.573761
5.136690
5.691565
5.554048
5.237588
5.877140
5.481490
5.673958
5.795670
5.909173
5.732919
5.700846
5.354723
5.183021
5.155811
5.622869
5.821730
5.737717
5.297377
5.441733
5.263999
5.277917
5.539574
5.687083
5.530851
5.522215
5.692781
5.566455
5.530297
5.422823
5.216524
5.319185
5.427562
5.756677
5.709781
5.226002
5.081076
5.141782
5.354737
5.241244
5.233539
5.148830
5.304961
5.281268
5.396028
5.377680
5.493872
5.509614
5.695370
5.472959
5.406814
5.044086
5.306117
4.993383
4.884068
5.042054
5.400143
5.221251
5.278270
5.255051
5.114221
5.688650
5.499757
5.623115
5.487927
5.161742
5.117084
5.285909
5.221786
5.762255
5.820557
5.486852
5.417302
5.316681
5.738869
5.606993
5.074227
4.815851
4.883314
5.448765
5.199406
5.147623
5.551626
5.410997
5.874918
5.609465
5.750841
5.202492
5.092665
5.031377
5.288194
5.747383
5.338967
5.436158
5.664032
5.589344
5.737736
5.331348
4.776957
5.229391
5.584009
5.624684
5.156288
5.318773
5.189972
5.278386
5.293459
5.662019
5.546848
5.624172
5.559922
5.819925
5.478214
5.379475
5.225325
5.457611
5.532158
5.468080
5.393343
5.262124
5.600868
5.410425
5.174197
5.314321
5.511792
5.569318
5.302661
5.738306
5.762433
5.778388
5.523379
5.506641
5.343433
5.293097
5.380686
5.407246
5.928998
5.689893
5.143486
5.104989
5.087541
5.479257
5.590534
5.711486
5.742874
5.544603
5.223264
5.004712
5.377907
5.352479
5.540812
5.630857
5.873564
5.480423
5.485215
5.588752
5.742059
5.547779
5.771281
5.792897
5.683203
5.689402
5.617355
5.533599
5.365902
5.357769
5.255296
5.454207
5.427309
5.641108
5.571389
5.943597
5.657678
5.788656
5.659987
5.453153
5.345321
5.585181
5.819252
5.944338
5.658331
5.535386
5.694459
5.479924
5.400508
5.525190
5.578824
5.631598
5.593064
5.655776
5.618838
5.555067
5.746820
5.543521
5.609470
5.486127
5.285071
5.570788
5.781122
5.738280
5.739013
5.789285
6.007373
5.746653
5.656641
5.555363
5.663518
5.288224
5.279815
5.114727
5.364435
5.490416
5.272227
5.352301
5.490177
5.480923
5.637081
5.204001
5.537053
5.481824
5.532320
5.516576
5.380369
5.528443
5.736755
5.591756
5.594683
5.656307
5.333833
5.573552
5.731412
5.606067
5.644898
5.772110
5.645895
5.458552
5.653304
5.587248
5.264716
5.178482
5.043101
5.271342
5.283537
5.289654
5.016178
5.022391
4.840647
5.300218
5.414995
5.663407
5.307685
5.476167
5.935160
6.017852
5.539626
5.408728
5.383044
5.370953
5.406266
5.364504
5.228477
5.355393
5.447402
5.261571
5.396376
5.339840
5.469591
5.686565
5.418737
5.963227
5.652719
5.400684
5.315268
5.114700
5.310633
5.424569
5.472656
5.190691
5.515307
5.179472
5.284008
5.318031
5.248512
5.366694
5.380879
5.442129
5.648225
5.121724
5.247303
5.221977
5.490497
5.524097
5.590242
5.879534
5.644219
5.706366
5.679704
5.752008
5.175862
5.077196
4.871809
5.351268
5.650880
5.871257
5.986048
5.930069
5.818724
5.720656
6.029248
5.977446
5.670653
5.358405
5.446217
5.494320
5.432932
5.494673
5.210822
5.331598
5.362073
5.669301
5.456622
5.677537
5.763396
5.698455
5.319377
5.656426
5.731476
5.762147
5.699503
5.636957
5.871043
5.765194
5.688864
5.580336
5.482325
5.301690
5.386242
5.249408
4.926231
4.811177
5.097249
5.104001
5.524043
5.216007
5.375593
5.369859
5.436264
5.564338
5.475105
5.172766
5.185455
5.388048
5.300029
5.510373
5.127423
5.042319
5.642651
5.388774
5.441853
5.456379
5.255654
5.512610
5.185737
5.142873
5.317654
5.399761
5.602082
5.741739
5.484319
5.402041
5.217444
4.938147
5.068942
4.998312
5.458722
5.596227
5.321547
5.543466
5.404637
5.372204
5.399918
5.432110
5.477215
5.584755
5.658641
5.262890
5.330111
5.521967
5.728528
5.713698
5.699652
5.648042
5.214320
5.428502
5.666106
5.744994
5.384725
5.243921
5.309752
4.902977
5.322180
5.309083
5.522313
5.230475
5.529914
5.706981
5.764157
5.921972
5.761524
5.771898
5.632758
5.403847
5.066017
5.193305
5.484672
5.585861
5.688083
5.716695
5.491001
5.559619
5.916619
5.596844
5.663461
5.634805
5.681000
5.640171
5.539607
5.667361
5.766093
5.584246
5.807630
5.812960
5.642812
5.903780
5.547777
5.680117
5.817282
5.487934
5.071225
5.070244
5.377259
5.111512
5.201304
5.256442
5.306566
5.793859
6.004991
5.848211
5.652639
5.442652
5.546488
5.174058
5.622498
5.776917
5.171622
5.270831
4.831641
4.989353
4.921535
5.349525
5.002791
5.299098
5.652061
5.574201
5.901315
5.368711
5.739409
5.278061
5.473975
5.603636
5.354888
5.548319
5.339909
5.313153
5.087648
5.196163
5.194939
5.338863
5.322892
5.548914
5.353090
5.124440
5.361785
5.643283
5.664080
5.799343
5.359028
5.427624
5.364298
5.370129
5.523954
5.760415
5.660270
5.793438
5.670830
5.740807
5.888797
5.769951
5.815440
5.915887
5.165909
5.341717
5.368733
5.064495
4.981645
4.891125
4.885927
5.553196
5.309162
5.304716
5.228256
5.367730
5.649260
5.653745
5.850125
5.769304
5.702287
5.422614
5.263419
5.335188
5.775612
5.531706
5.889146
5.277891
5.363905
5.520404
5.547158
5.586451
5.302975
5.593616
5.203632
5.432783
5.299571
5.597216
5.337977
5.379607
5.164489
5.390347
5.298851
4.941564
5.150029
5.266827
5.138990
5.438816
5.153152
5.396639
4.980693
5.035200
5.019510
5.498876
5.296357
5.425095
5.479306
5.414031
5.895187
6.151695
6.243593
5.693207
5.910062
5.482343
5.427269
5.699346
5.537816
5.499275
5.227583
5.295999
5.475529
5.231596
5.062930
5.382554
5.554236
5.180500
5.388480
5.436055
5.532316
5.222896
5.509032
5.357066
5.438029
5.354752
5.458090
5.238610
5.419958
5.674342
5.539130
5.418473
5.388490
5.261952
5.709565
5.306708
5.384713
5.251071
5.412362
5.317156
5.557676
5.409895
5.883592
5.414671
5.341389
5.392049
5.274957
5.229201
5.105109
5.546992
5.176164
5.198437
5.082073
5.406265
5.380595
5.306071
5.155549
4.956087
5.270693
5.265140
5.484842
5.543415
5.046351
5.364518
5.126110
5.394205
5.111186
5.210898
5.690234
5.198933
5.470519
5.761277
5.780954
5.686127
4.617592
4.788410
4.871960
5.095014
5.170980
5.244415
5.130058
5.026422
5.315255
5.557006
5.404922
5.232246
5.143905
5.122034
5.285797
5.479165
5.581898
5.569675
5.213131
5.478415
5.326926
5.417078
5.377580
5.434685
5.053793
5.259495
5.644372
5.397482
5.415116
4.963893
5.118081
5.438574
5.307124
5.165532
5.244868
5.171178
5.337000
5.294720
5.244316
5.149370
5.238655
5.698206
5.603352
5.378186
5.343045
5.045751
5.227578
5.205195
5.126671
5.369125
5.335822
5.271601
5.365667
4.938894
5.157159
5.370578
5.260074
5.356422
5.539164
5.603214
5.734840
5.517677
5.457900
5.557016
5.809169
5.464793
5.516419
5.601471
5.959680
5.829613
5.962424
5.924594
5.927028
5.783485
5.787878
5.545355
5.723494
5.843817
5.673531
5.606984
5.529389
5.502833
5.166344
5.308059
5.547568
5.306120
5.594724
5.697722
5.763654
5.421964
5.754182
4.993787
5.022627
4.894262
5.192594
5.672636
5.644311
5.366561
5.333347
5.630854
5.543775
5.206130
5.429078
5.286901
5.242339
5.468194
5.531610
5.339355
5.022582
5.315968
5.177800
5.172645
5.051365
5.038809
5.192006
5.310901
5.197151
5.211697
4.849224
4.850052
4.997280
5.433745
5.551683
5.329831
5.153672
5.377556
5.679277
5.669926
5.553529
5.400147
5.652599
5.669950
5.574584
5.637043
5.473062
5.680459
5.596435
5.342559
5.030352
5.548764
5.102327
4.987594
5.420751
5.474092
5.508069
5.706572
5.827668
5.906196
5.836477
5.840446
5.763399
5.473166
5.462626
5.598927
5.843900
6.004335
5.561079
5.870595
5.674600
5.572875
5.346854
5.224837
5.572362
5.748853
5.811359
4.957700
5.405537
5.247511
5.312034
5.238542
5.445242
5.707778
5.696702
5.506786
5.359559
5.480073
5.400800
5.172226
5.321284
5.303570
5.311185
5.374449
5.345284
5.363635
5.177150
5.432423
5.082086
5.297288
5.440385
5.226807
5.279026
5.159829
5.093856
5.026620
5.151695
5.331569
5.841027
5.459236
5.525467
5.477056
5.186100
5.581001
5.304091
5.400363
5.809686
5.430601
5.706409
6.008526
6.154399
5.860809
5.650984
5.292124
5.580094
5.554012
5.526663
5.608524
5.705584
5.895826
5.739019
5.726526
5.392723
5.409958
5.489848
5.222998
5.131643
5.202448
5.246497
5.447364
5.397387
5.619471
5.381577
5.679394
5.345857
5.656276
5.581911
5.927186
6.163130
5.893843
6.041053
5.770203
5.399139
5.411131
4.980183
5.140486
4.980139
4.766115
5.086090
4.928441
5.338886
5.436978
5.488463
5.609041
5.392669
5.511498
5.322222
5.387737
5.234851
5.356892
5.297629
5.262829
5.320800
5.336358
5.320399
5.490560
5.212414
5.108440
5.191744
5.289572
5.478278
5.551502
5.429331
5.523710
5.278559
5.273523
5.633460
5.545807
5.343862
5.213893
5.741439
5.522802
5.496528
5.019075
5.431841
5.690858
5.464914
5.578233
5.619346
4.921124
5.006656
5.398870
5.629817
5.439155
5.512759
5.678545
5.961219
5.731438
5.199711
5.134173
5.254496
5.452549
5.654006
5.411084
5.318185
5.460276
5.572125
5.121069
5.156808
5.242185
5.450106
5.243604
5.679599
5.396749
5.412391
5.475015
5.380974
5.579723
5.076711
5.409554
5.264156
4.911329
4.992789
5.155986
5.144240
5.624996
5.442315
5.224585
5.070606
5.016479
5.685838
5.798328
5.320731
5.070301
5.421382
5.544058
5.500104
4.848195
5.150592
5.079311
5.032732
5.440961
5.640405
5.823513
5.865183
5.863838
5.672020
5.487331
5.503939
5.462707
5.159291
5.539792
5.282629
5.116309
4.968078
5.172199
5.064840
5.387377
5.448722
5.170857
5.187718
5.326610
5.422113
5.449420
5.335561
5.469701
5.664451
5.526651
5.588344
5.176345
5.150260
5.141069
4.944376
5.039168
5.125029
5.206935
5.220956
5.319399
5.664120
5.908970
5.372361
5.457452
5.558617
5.387618
5.334332
5.336632
5.336685
5.442255
5.067672
5.250516
5.168066
5.096847
5.090582
5.412207
5.103508
5.038515
5.139467
5.060634
4.975197
4.939859
5.177045
5.209200
5.279667
5.075543
5.131691
4.923528
5.001413
5.284481
5.126060
5.357648
5.478132
5.377479
5.742082
5.845628
5.451878
5.304294
5.268870
5.341454
5.546593
5.303008
5.501656
5.446617
5.368354
5.496361
5.450451
5.499561
5.225129
5.325299
5.393193
5.219087
5.192391
4.923484
5.492760
5.622161
5.225973
5.359815
5.109414
5.662036
5.778814
5.589531
5.283904
5.439338
5.338854
5.337458
5.682152
5.834598
5.735976
5.496332
5.177476
5.120916
4.913982
5.367982
5.046179
5.256107
5.064957
5.557773
5.616089
5.621823
5.712750
5.793972
5.737329
5.888433
5.574762
5.829492
5.654385
5.429846
5.511513
5.357921
5.339677
5.555132
5.678796
5.756597
5.915465
5.267265
5.371149
6.035494
5.194382
4.944171
5.242311
5.540441
5.375345
5.477751
5.489317
5.262232
5.309304
5.213200
5.553698
5.107580
4.970345
5.461331
5.380776
5.364043
5.488789
5.256367
5.284784
5.274191
5.430408
5.344756
5.354782
5.287855
5.363257
5.324849
5.325694
5.547019
5.738717
5.540628
5.217579
5.112726
5.264875
5.177825
5.417291
5.135299
4.798618
4.885672
5.466592
5.489689
5.391069
5.400811
5.272655
5.522285
5.194749
5.503125
5.158353
5.255285
5.563894
5.436607
5.911791
5.820850
5.846638
5.922042
5.516698
5.676373
5.581910
5.527348
5.555610
5.547308
5.408847
5.437311
5.142505
5.366931
5.184588
5.352608
5.594491
5.394139
5.568626
5.539312
5.701119
5.819511
5.497173
5.368004
5.264044
5.349299
5.691905
5.320103
5.315027
5.480132
5.508435
5.539457
5.508133
5.781726
5.683065
5.672635
5.801680
5.619925
5.795559
5.748651
5.617633
6.015741
5.838717
5.749565
5.826440
5.701627
5.801812
5.698694
5.469665
5.853309
5.673175
5.643827
5.277962
5.323688
5.548482
5.318898
5.222670
5.661487
5.593702
5.388567
5.406396
5.635663
5.477247
5.170278
5.151046
5.087499
4.988342
5.303330
5.467922
5.100375
4.863082
4.943222
4.936303
4.682098
4.922557
5.043155
5.193726
5.151654
5.044648
5.242678
5.214679
5.568638
5.765592
5.614931
5.352671
5.621574
4.997071
4.576999
4.724250
4.835429
5.001772
5.244993
5.413565
5.655464
5.355042
5.208180
5.134874
5.551097
5.299498
5.397996
5.658041
5.841856
5.502131
5.595659
5.563666
5.282154
5.614799
5.240798
5.089572
5.029513
5.329508
5.529296
5.378211
5.320419
5.610250
5.427169
5.249549
5.246734
5.387890
5.533991
5.612346
5.427821
5.362880
5.050041
4.968393
5.577083
5.289138
5.786762
5.690605
5.400812
5.549172
5.372418
5.342465
5.437893
5.207629
4.757910
4.763490
4.936126
5.600018
5.449712
5.321706
5.329108
5.561636
5.337113
5.692103
5.653001
5.506520
5.704641
5.793057
5.466525
5.530788
5.485323
5.565671
5.638757
5.745164
5.640937
5.224180
5.129229
5.600671
5.314956
5.440614
5.712051
5.402475
5.597599
5.583043
5.355167
5.695095
5.587023
5.400863
5.446640
5.556734
5.035335
5.048071
5.737706
5.570050
5.634962
5.574578
5.440517
5.645738
5.667653
5.022868
5.100621
5.116613
5.052006
5.232830
5.462663
5.329253
5.631090
5.560746
5.569770
5.424223
5.548135
5.696057
5.661176
5.373576
5.687701
5.735266
5.620670
5.296566
5.587376
5.535272
5.426089
5.214398
4.959960
4.920962
4.718412
4.837948
4.831712
5.102094
5.195028
5.199442
5.335478
5.368920
5.037410
5.137222
5.089765
5.025173
5.089200
5.211956
5.183467
5.373484
5.064893
5.455465
5.045797
4.998723
5.156391
5.317350
5.770470
5.438006
5.634852
5.725358
5.702903
5.576869
5.711274
5.387534
5.304050
5.408278
5.679255
5.954153
5.610296
5.200533
5.443208
5.452787
5.968081
5.748133
5.667790
6.046673
5.619332
5.479787
5.461232
5.675688
5.397784
5.452098
5.573029
5.265030
5.302747
5.454373
5.347468
5.085457
5.125463
5.243120
5.448491
5.633909
5.840419
5.891165
5.247216
5.545550
5.453420
5.405269
5.076381
5.384536
5.255676
5.479090
5.494960
5.207885
5.316128
5.399106
5.830750
5.584291
5.481766
5.575986
5.580615
5.738904
5.730597
5.517651
5.845677
5.633071
5.683320
5.670020
5.426965
5.441571
5.720480
5.520358
5.261248
5.307165
5.069368
5.178135
5.345192
5.284037
5.364496
5.580418
5.555217
5.342786
5.421456
5.524893
5.530627
5.605202
5.518535
5.356494
5.512205
5.351974
5.363030
5.350343
5.429515
5.528992
5.631061
5.586152
5.600687
6.075782
5.571649
5.513945
5.496696
5.492792
5.662488
5.946496
5.317498
5.676662
5.397089
5.205606
5.443587
5.235523
5.356270
5.037254
4.742574
4.867207
4.881808
4.793776
5.000698
4.811552
5.043170
5.727152
5.470553
5.506227
5.468711
5.553919
5.270341
5.565589
5.412524
5.538739
5.295740
5.499234
5.246805
5.435380
5.436928
5.546718
5.465637
5.376063
5.396412
5.285781
5.344336
5.129585
5.374921
5.320768
5.253763
4.834066
5.236116
5.038775
5.245928
5.713354
6.070805
5.629299
5.919047
5.749150
5.815805
5.596075
5.714895
5.273586
5.355948
5.435704
5.602822
5.270381
5.323417
5.813826
5.659626
5.674033
5.253943
5.105393
5.071157
5.360537
5.675517
5.757122
5.283134
5.361431
5.532461
5.714097
5.798548
5.706605
5.641615
5.563279
5.624542
5.236650
5.248638
5.189208
5.287431
5.511389
5.692144
5.173662
5.264728
5.621812
5.368134
5.629048
5.505343
6.115445
5.732804
5.600728
5.629229
5.858201
5.466769
5.402925
5.475594
5.438674
5.470343
5.561745
5.145156
5.304851
5.402360
5.424350
5.572268
5.560151
5.314606
5.453897
5.836202
5.602034
5.399818
5.059629
5.288292
5.213894
5.106147
5.557259
5.571738
5.608295
6.169106
5.770564
5.638974
5.474320
5.159179
5.443834
5.380199
5.536819
5.272753
5.191082
5.200451
4.994674
5.318720
5.189939
5.268782
5.046547
5.207269
5.293139
5.420096
5.387714
5.191277
5.213566
5.261161
5.682336
5.625443
5.661282
5.253754
5.409615
5.427483
5.906636
5.710674
5.516183
5.536593
5.975654
5.551458
5.665803
5.676375
5.748077
5.074262
5.463690
5.340142
5.156714
5.075379
5.087495
5.028346
5.310500
5.174766
5.465557
5.456214
5.296860
5.219590
5.195694
5.037136
5.154863
5.614732
5.867560
5.262608
5.294302
5.243347
5.266666
5.420155
5.333168
5.617589
5.346081
5.463325
5.253074
5.105362
5.143541
5.073390
5.373983
5.527849
5.395458
5.416512
5.729630
5.732168
5.472229
5.645750
5.461876
5.366280
5.318977
5.381590
5.098910
5.345280
5.384067
5.121861
5.238943
5.440894
5.519371
5.535162
5.515102
5.483895
5.080128
5.263830
5.025769
5.156941
5.003914
4.977826
5.415469
5.817216
5.417708
5.599730
5.696645
5.720580
5.856250
5.218631
5.144072
5.290526
4.993803
5.167155
4.997730
5.227415
5.597517
5.350931
5.259144
5.155726
5.111308
5.321911
5.431604
5.412016
5.278961
5.116098
5.867911
5.587296
5.538950
5.634279
5.504798
5.427167
5.600572
5.684823
6.163567
5.731805
5.842653
5.423466
5.558606
5.601135
5.393790
5.463872
5.486417
4.999549
4.918751
5.234367
4.989835
5.471637
5.528388
5.488041
5.190345
4.992254
5.181036
4.970050
4.976963
4.853407
5.314181
5.295481
5.103376
5.206057
4.939685
5.435518
5.188994
4.907543
4.817186
4.534319
4.761568
5.308295
5.297636
5.333153
5.441417
5.648117
5.591273
5.638332
5.605161
5.486079
5.389807
5.638503
5.691133
5.614105
5.445400
5.697859
5.750920
5.735678
5.625093
5.457996
5.391055
5.548651
5.186632
5.426153
5.636070
5.182846
5.462251
5.402327
5.072852
5.136079
5.602039
5.551852
5.525871
5.612394
5.160343
5.418087
5.567079
5.215993
5.216503
5.170503
5.376984
5.190107
5.122511
5.218295
5.310745
5.635576
5.684187
5.151837
5.423142
5.142441
5.261639
5.488295
5.629825
4.981377
4.709477
5.278726
5.368362
5.144937
5.556355
5.636828
5.655511
5.368436
5.582572
5.338487
4.982855
4.854122
5.175700
5.436684
5.261861
4.977109
5.154407
5.261082
5.160091
5.397259
5.498984
5.520643
5.585028
5.646857
5.757908
5.477985
5.407561
5.396688
5.678547
5.265773
5.046320
5.336280
5.017465
5.035140
5.059626
4.924520
5.084424
5.204096
5.297402
5.184643
5.726869
5.508061
5.261696
5.385033
5.650957
5.718345
5.550659
5.352600
5.315498
5.313227
5.137917
5.160960
5.365788
5.664762
5.378349
5.482418
5.748294
5.523748
5.454841
5.439657
5.585812
5.238892
5.171172
5.240317
5.351155
5.573716
5.514735
5.574460
5.710003
5.510137
5.437895
5.789742
5.583337
5.469040
5.165166
4.876215
4.917342
4.955108
4.895615
5.105571
5.030738
5.089926
5.398464
5.447802
5.215686
5.379980
5.305388
5.150823
5.050572
5.234528
5.199177
5.298606
5.048671
5.135484
5.136943
5.391808
5.412595
5.168736
5.986103
5.989957
5.724372
5.808322
5.500379
5.578172
5.643200
5.233644
5.193692
5.155239
5.361641
5.576354
5.300506
5.398725
5.348698
5.148477
5.349389
5.677988
5.607079
5.408217
5.513505
5.351351
5.274893
5.497367
5.356422
5.116771
5.265089
5.291907
5.617381
5.264490
5.377996
5.250264
5.421246
5.640403
5.409998
5.926052
5.503783
5.573543
5.602989
5.595257
5.408853
5.352044
5.275119
5.045497
5.078985
5.247209
5.294886
5.347917
5.528068
5.484849
5.489336
5.254197
5.348509
5.415462
5.509402
5.508489
5.555400
5.535155
5.752173
5.218948
5.179707
5.039597
5.352108
5.631442
5.587199
5.540918
5.449662
5.381421
5.110856
5.220453
5.368787
5.479071
5.583403
5.726331
5.503566
5.551784
5.902840
5.719156
5.303394
4.894392
5.039613
5.457806
4.957213
4.785981
4.765488
4.923077
5.459755
5.377337
5.105700
5.064949
5.171834
5.275704
5.294925
5.362739
5.046044
5.359674
5.383473
5.695656
5.492699
5.531472
5.512493
5.436202
5.606084
5.393106
5.567012
5.473127
5.371362
5.547073
5.064344
5.606493
5.494176
5.343864
5.339470
5.469441
5.439814
5.851677
5.659412
5.438106
5.732824
5.815480
5.905997
5.699195
6.040867
5.517909
5.361693
5.205614
5.174557
5.093123
5.251572
5.173262
5.303464
5.394454
5.562839
5.276424
5.439862
5.433180
5.342590
5.287159
5.447758
5.642062
5.590032
5.582986
5.463624
5.621711
5.509727
5.058501
5.274732
5.226370
5.288806
5.883212
5.529656
5.103174
5.461094
5.225072
5.122545
5.370945
5.314133
5.835790
5.780712
5.637564
5.414663
5.323019
5.016679
5.101193
5.493785
5.447439
5.608441
5.338814
5.561080
5.543967
5.540203
5.485838
5.539939
5.657770
4.967194
4.826608
4.746278
5.403673
5.513199
5.776894
5.353468
5.546189
5.239090
5.254112
5.760668
5.577266
5.679367
5.786979
5.564665
5.672842
5.735523
5.551835
5.839278
5.964767
5.757927
5.863372
5.458549
5.716223
5.590483
5.617366
5.680696
5.624281
5.546479
5.637267
5.477921
5.534157
5.525094
5.541313
5.093559
5.045177
5.259840
5.121678
5.184368
5.415998
5.401042
5.302435
5.475377
5.658072
5.088693
5.571210
5.495645
5.589946
5.770907
5.529312
5.477899
5.506980
5.529104
5.228113
5.048103
5.347878
5.574829
5.248075
5.186731
5.172974
5.376953
5.297812
5.449738
5.124386
5.658674
5.430960
5.467970
5.610685
5.672592
5.835305
5.620151
5.262996
5.335427
5.390071
5.269707
5.436161
5.177218
4.997916
4.959920
5.154996
5.139835
5.095140
5.078348
4.939024
5.245571
5.396443
5.331662
5.325958
5.718325
5.557921
5.720629
5.749368
5.476940
5.394234
5.285114
5.409168
5.585805
5.273739
5.179422
5.405663
5.246878
5.541063
5.535115
5.621266
5.788117
5.395648
5.569510
5.214445
5.568430
5.253154
5.146854
5.081014
5.238188
5.210593
5.107344
5.375596
5.460436
5.483292
5.601725
5.552404
5.518446
5.539709
5.796099
5.646010
5.758555
5.714892
5.554985
5.126128
5.183560
5.280731
5.046300
5.165653
5.452982
5.109592
5.432104
5.691311
5.817124
5.475998
5.487995
5.446340
5.306421
5.301123
5.751805
5.758372
5.574033
5.496494
5.669482
5.580681
5.558219
5.459298
5.638055
5.426522
4.924374
5.336196
5.604014
5.594416
5.721054
5.864178
5.514912
5.512612
5.167580
5.225120
5.939086
5.368655
5.107012
5.124129
4.958702
5.667335
5.729533
5.523873
5.329539
5.204034
4.826330
5.040591
5.336170
5.382013
5.563556
5.412393
5.512077
5.769907
5.857582
5.452096
5.305178
5.506720
5.204890
5.229302
5.223567
5.358484
6.061841
5.663651
5.812754
5.877692
5.490542
5.507535
5.376128
5.341144
5.353825
5.352721
5.386079
5.250651
5.011848
5.232523
5.572055
5.322385
5.349365
5.384952
4.869873
5.051073
5.708186
5.320479
5.113851
5.431012
5.625974
5.813370
5.565134
5.224626
5.330894
5.538624
5.867333
5.391092
5.399977
5.523752
5.495387
5.394796
5.418956
5.218133
5.219612
5.266911
5.298602
5.326296
5.485823
5.619624
5.338103
5.355121
5.330536
5.476538
5.067615
5.377221
5.233224
5.478130
5.498461
5.323159
5.786415
5.475144
5.464269
5.051327
5.300528
5.427045
5.507293
5.358415
5.318136
5.132572
5.330996
5.138945
5.385678
5.488440
5.204353
5.182823
5.412977
5.021373
5.471255
5.345358
5.340688
5.712717
5.552829
5.298105
5.336488
5.328038
5.278445
5.551011
5.242119
5.283996
5.599109
5.719790
5.594053
5.575855
5.635548
5.773245
5.707740
5.634446
5.491339
5.062408
5.332062
5.531520
6.116244
5.769571
5.766326
5.763925
5.549094
5.676414
5.543897
5.646250
5.252558
5.338315
5.329375
5.266545
5.400113
5.451875
5.369835
5.567788
5.494926
5.645346
5.525415
5.189127
5.114113
5.162757
5.338460
5.500434
5.583284
5.406866
5.408430
5.681712
5.933636
5.511407
5.756028
5.380764
5.175643
5.825842
5.984401
5.790040
5.492190
5.449265
5.948595
5.816718
5.787255
5.600820
5.530592
5.347378
5.303587
5.198123
5.425685
5.720822
5.614840
5.134648
5.083183
5.165018
5.245945
5.173673
5.237380
5.211151
5.296260
5.308117
5.379020
5.578649
5.487772
5.222924
5.643777
5.304728
5.266269
5.213181
5.155119
4.873453
5.625065
5.668757
5.566858
5.482577
5.084370
5.112403
5.619177
5.989587
5.743672
5.572164
5.204362
5.573227
5.515332
5.164069
5.220302
5.260902
5.482141
5.942322
5.999384
5.363351
5.731524
5.747802
5.593933
5.433095
5.614142
5.030809
5.320196
5.571551
5.779537
5.456312
5.612197
5.478987
5.363324
4.873706
5.069796
4.997726
4.861614
5.475908
5.595588
5.491137
5.268559
5.424044
5.060066
5.464435
5.415902
5.846989
5.699401
5.905516
6.054249
5.976971
5.506361
5.337439
5.515984
5.803932
5.445943
5.447634
5.258730
5.447343
5.277360
5.455686
5.353650
5.193814
5.317514
5.361134
5.095204
4.811723
5.311852
5.621469
5.614933
5.532223
5.162714
5.101334
5.162413
4.863442
4.869141
4.711745
4.738856
4.944768
5.173197
5.261806
5.161208
5.374295
5.869526
5.382012
5.577656
5.795300
5.640589
5.814749
5.600805
5.303446
5.238680
5.324915
5.310736
5.449290
5.470610
5.421689
5.351023
5.354236
5.373879
5.668080
5.536558
5.432898
5.519938
5.308913
5.657033
5.450491
5.595690
5.532335
5.510389
5.346075
5.259030
5.637743
5.667375
5.297092
5.313474
5.248089
5.240256
5.077132
5.629429
5.209313
5.343722
5.369334
5.314040
5.664755
5.510078
5.015354
5.065016
5.170873
5.073388
5.500570
5.234277
5.512538
5.266797
5.559754
5.693355
5.386495
5.177369
5.288094
5.444187
5.318261
5.417027
5.304249
5.609352
5.314209
5.600456
5.523837
5.483077
5.553725
5.678196
5.596064
5.448207
5.202229
5.378791
5.081575
5.402718
5.267402
5.675834
5.529130
5.613017
5.680837
5.250216
5.030297
5.218458
5.143445
5.428202
5.202742
5.368103
5.370925
5.225757
5.551612
5.793803
5.794946
5.715499
5.572471
5.308128
5.532491
5.562674
5.729944
5.703979
5.650809
5.288408
5.292553
5.891832
5.828215
5.722724
5.761765
5.311811
5.179532
5.035121
5.612854
5.687628
5.510302
5.136576
5.120250
5.166286
5.165129
5.248441
5.240693
5.075272
5.065743
5.568640
5.151054
5.145502
5.320570
5.489058
5.860141
5.686105
5.518149
5.475042
5.609638
5.335452
5.122009
5.353769
5.330134
5.319131
5.388937
5.619607
5.575357
5.429730
5.598797
5.683807
5.990201
5.327780
5.172881
5.322982
5.794692
5.658351
5.225883
5.426680
5.277899
4.901296
4.671300
5.086798
5.300449
5.029587
5.155624
4.990290
5.263593
5.260984
5.317312
4.924129
5.330102
4.879007
5.245205
5.488271
5.237929
6.032887
5.984041
5.726639
5.542969
5.759577
5.533418
5.555029
5.614224
5.132301
5.062509
5.174806
5.417719
5.311236
5.475355
5.510284
5.223063
5.291968
5.281197
5.365219
5.283797
5.404820
5.485757
5.231615
5.040174
5.238955
5.404679
5.232333
4.832010
5.089535
5.394294
5.446653
5.670253
5.586395
5.895872
5.718316
5.386906
5.315811
5.302510
5.407287
5.641561
5.674170
5.584830
5.519685
5.243874
5.628692
5.541200
5.699783
5.454615
5.415922
5.544324
5.617646
5.330550
5.400094
5.397769
5.401131
5.040433
5.289107
5.558155
5.820280
5.819994
5.732487
5.371110
5.333852
5.718528
5.178391
5.167237
5.324958
5.045245
5.329960
4.844962
5.383589
5.283624
5.353903
5.278338
5.428308
4.971357
5.015813
5.288214
5.244006
5.531073
5.546133
5.645834
5.708384
5.731496
5.466349
5.493605
5.230071
5.190606
5.200946
5.412331
5.500195
5.221527
5.318916
5.226692
5.359732
4.986661
5.338251
5.174320
5.303332
5.549494
5.409572
5.191743
5.307017
5.424573
5.123818
4.944424
5.306257
4.946158
4.971837
5.016607
5.271159
5.651856
5.067686
5.442881
5.412067
5.736786
5.594729
5.516083
5.506299
5.471240
5.650086
4.919738
5.195796
5.141012
5.252149
4.942222
5.209482
5.121736
5.131385
5.311462
5.354614
5.318117
5.640258
5.493896
5.282842
5.152154
5.202534
5.436244
5.306007
5.356436
5.768006
5.620635
5.476348
5.565670
5.239498
4.900759
5.358809
5.387016
5.951543
5.756524
5.756425
5.214127
5.610749
5.688962
5.768066
5.794923
5.799062
5.535282
5.394075
5.730502
5.351058
5.320349
5.545941
5.501368
5.105500
5.242722
5.440797
5.411087
5.152796
5.196773
5.314686
5.482649
5.216711
5.583899
5.588717
5.627380
5.708167
5.206914
5.322035
5.493358
5.478949
5.399643
5.004626
4.818495
5.131277
5.338293
5.075197
5.493809
5.048787
5.484782
5.407720
5.354670
5.243265
5.234122
5.395126
5.381130
5.428688
5.581789
5.595421
5.875992
5.198416
5.026856
4.989745
5.114439
5.238646
4.871852
5.000160
5.215757
5.390550
5.331453
5.256040
5.275437
5.466274
5.272757
5.206653
5.296018
5.281136
5.340799
5.557972
5.470395
5.668904
5.407387
5.271191
5.443858
5.716942
5.846457
5.840775
5.991876
5.766284
5.644411
5.461194
5.379605
5.343643
5.639902
5.500377
5.683159
5.641375
5.490295
5.607144
5.953183
5.712473
5.699605
5.674101
5.551162
5.697432
5.625781
5.276711
5.311360
5.354128
5.560935
5.273066
5.369856
5.359539
5.471431
5.454480
5.418937
5.373543
5.798469
5.681783
5.612459
5.429087
5.561878
5.567113
5.849009
5.541250
5.421710
5.339858
5.214637
5.136522
5.244326
5.251696
5.457371
5.318920
5.388593
5.329429
5.579634
5.475965
5.525098
5.257670
5.173830
5.182456
5.185525
5.138439
5.519371
5.739502
5.547985
5.430269
6.043900
6.037157
5.469124
5.744972
5.648952
5.683656
5.435682
5.428747
5.400229
5.163999
5.044322
5.490985
5.286631
5.340441
5.427054
5.238812
5.126427
5.057313
5.450230
5.343020
5.839807
5.267666
5.142636
5.012597
5.131781
5.606709
5.955654
5.943553
5.537340
5.434505
5.050355
5.113771
5.298144
5.619563
6.018834
5.897867
5.664187
5.962536
6.042464
5.978536
5.715921
5.423263
5.263323
5.211808
5.011249
5.306336
5.404484
5.574063
5.101771
4.959463
5.413564
5.399742
5.210237
5.095147
5.233215
5.298983
5.323872
5.233780
5.301695
5.444371
5.391757
5.006106
5.099970
5.221170
5.381272
5.158424
5.367190
5.096425
5.290429
5.193924
5.311951
5.258983
5.315588
5.084555
4.964531
5.350103
5.379647
5.574621
5.315939
5.395388
5.333053
5.787441
5.540892
5.511138
5.391851
5.253311
5.242858
5.183337
5.104539
5.331098
5.400032
5.670315
5.714024
5.706620
5.861189
5.501501
5.170004
5.474305
5.335531
5.105401
5.219204
5.238592
5.390423
5.428525
5.691727
5.705386
5.338119
5.618616
5.532407
5.826610
5.609903
5.824388
5.694653
5.767476
5.907079
5.748810
5.403281
5.602109
5.802359
5.852155
5.420690
5.497115
5.145921
4.860550
4.969632
5.192755
5.459792
5.595881
5.420763
5.675424
5.458010
5.466677
5.223045
5.188443
5.204478
5.325229
5.248464
5.401512
5.700049
5.299824
5.654894
5.078987
5.271071
5.307963
5.436628
4.977480
4.901392
5.200978
5.310845
5.320755
5.257851
5.470512
5.434760
5.541530
5.625537
5.526919
5.246943
5.292196
5.260686
5.201639
5.054184
5.287922
5.210824
5.338912
5.525672
4.971327
5.173706
4.884132
5.201658
5.125277
5.521752
5.437292
5.568253
5.225080
5.525609
5.226866
5.514695
5.617477
5.201163
5.362903
5.236930
5.606700
5.988557
6.077148
5.475153
5.472857
5.328752
5.406508
5.459964
5.653989
5.570034
5.556759
5.626512
5.865471
5.783346
5.461941
5.294953
5.693553
5.363292
5.300326
5.235205
5.567496
5.535452
5.414670
5.227645
5.511480
5.585020
5.664838
5.879881
5.525071
5.487427
5.224748
4.813954
5.032746
5.134392
5.192832
5.326124
5.076728
5.303460
5.445987
5.330773
5.196205
5.137051
5.442357
5.286689
5.225237
5.125379
5.587423
5.441499
5.504269
5.326522
5.464429
5.753099
5.599159
5.538133
5.510734
5.294504
5.186574
5.271591
5.331144
5.556293
5.799216
5.572539
5.557455
5.329529
5.253690
5.438211
5.388488
5.485869
5.197724
5.169991
5.311408
5.098924
5.269907
5.463627
5.904316
5.641444
5.701672
5.266443
5.370464
4.975717
5.108105
5.247602
4.997229
5.252139
5.099753
5.344238
5.335865
5.639420
5.557402
5.681559
5.581257
5.896246
5.455384
5.744915
5.426165
5.788349
5.662676
5.496590
5.704535
5.532418
5.732102
5.664076
5.394020
5.322432
5.336301
5.321081
5.464181
5.229280
5.134838
5.386941
5.355525
5.548875
5.525804
5.869766
5.901694
5.335031
5.564136
4.981714
5.367726
5.053945
4.974014
5.107673
5.531758
5.432728
5.168816
5.153611
5.536441
5.158234
5.587891
5.644987
5.521220
5.232117
5.356368
5.177820
5.309094
5.237794
5.222111
5.551679
5.468197
5.171254
5.557053
5.195994
5.324904
5.372200
5.214605
5.162476
5.442578
5.152938
5.268130
5.743001
5.503026
5.489650
5.604402
5.535567
5.646428
5.901212
5.869938
5.515318
5.258131
5.244280
5.357244
5.378275
5.222349
5.243678
5.294613
5.547675
5.651969
5.259741
4.861257
5.540060
5.709557
5.149864
5.436447
5.581191
5.079216
4.993801
5.347149
5.230956
5.278189
5.481920
5.382418
5.471147
5.618265
5.576264
5.411918
5.014559
5.175754
5.381078
6.043382
5.731121
5.463592
5.249998
5.121836
5.250401
5.307112
5.549917
5.311530
5.440157
5.255672
5.347923
5.441001
5.450934
5.801272
5.481013
5.545404
5.552785
5.559581
5.584561
5.720960
5.595577
5.995299
6.150720
5.948258
5.677333
5.646933
5.334162
5.314056
5.479863
5.196438
5.463951
5.554568
5.688154
5.472182
5.896898
5.548517
5.742567
5.585258
5.627555
5.536590
5.485329
5.639487
5.706107
5.430001
5.817568
5.642522
5.498592
5.519620
5.476736
5.461408
5.337628
5.259897
5.470657
5.889719
5.581575
5.324286
4.822582
5.178469
5.128310
4.970347
5.062168
5.049225
5.266729
5.088306
5.027649
5.229325
5.302344
5.041342
5.057451
5.136692
5.484497
5.761115
5.274170
5.277952
5.613699
5.228475
5.094253
4.827278
5.012420
5.072034
5.492002
5.383215
5.360706
5.069007
5.041080
5.140198
5.124110
5.294073
5.583421
5.429788
5.226060
5.431069
5.368590
5.396379
5.072973
4.956313
5.298285
5.566603
5.632207
5.531419
5.315088
5.372119
5.399048
5.200345
5.176434
5.152216
5.710633
5.748894
5.727195
5.905147
5.895136
5.696742
5.722508
5.785007
5.465918
5.414339
5.396263
5.646233
5.569740
5.572459
5.364298
5.779343
5.654677
5.682478
5.737016
5.171456
5.240613
5.274063
5.555061
5.443212
5.331945
5.287612
4.913760
5.266734
5.488984
5.810915
5.176485
5.368458
5.384851
5.519421
5.556965
5.262906
5.377292
5.223782
5.336161
5.323169
5.051866
5.183380
5.357369
5.306325
5.126802
5.544540
5.775385
5.562259
5.481171
5.519885
5.268992
5.382839
5.407328
5.463988
5.357670
5.178595
5.225483
5.193899
5.280476
5.404358
5.426507
5.170049
5.389468
5.430384
5.324199
5.375995
5.261638
5.155452
5.229715
5.727349
5.662947
5.378485
5.417349
5.738317
5.871109
5.410422
5.340030
5.496950
5.579613
5.800722
5.617350
5.371006
5.416700
5.541255
5.434498
5.493329
5.494386
5.483828
5.332266
5.245144
5.411887
5.446834
5.404990
5.309830
5.333795
5.329781
5.703935
5.615855
5.199383
5.271054
5.096575
5.007319
5.123628
5.034924
4.863613
5.287583
5.496101
5.358183
5.436125
5.618358
5.240273
5.028763
4.956854
5.551896
5.352264
5.394727
5.277355
5.046701
5.633135
5.801014
5.734735
5.595803
5.809778
5.611264
5.285685
5.194806
5.265307
5.385906
5.288797
5.537369
5.753391
5.305075
5.312609
5.453641
5.571560
5.817375
5.470034
5.525299
5.675898
5.745928
5.649915
5.208229
5.195922
5.454064
5.368023
5.325012
5.567939
5.390645
5.750812
5.461566
5.503124
5.460399
5.449083
5.256960
5.199401
5.341947
4.969818
5.216205
4.935367
5.482824
5.428673
5.014658
4.675350
4.950306
5.394258
5.309000
5.466370
5.666300
5.517483
5.898127
5.624220
5.747568
5.554584
5.582879
5.472230
5.207779
5.713281
5.312277
5.135553
5.280935
5.171633
4.951351
5.349468
5.329288
5.429183
5.397575
5.442463
5.362613
5.530959
5.548983
5.542003
5.778842
5.824859
5.395366
5.425333
5.665471
5.892618
5.792252
5.482176
5.113349
5.494830
5.445733
5.717083
5.747175
5.337828
5.374603
5.843267
5.583234
5.474896
5.052633
5.372748
5.147313
5.112155
5.215923
5.280605
5.112771
4.835598
4.993968
5.119099
5.126388
5.435288
6.095649
6.162849
6.086349
5.878361
5.557037
5.641640
5.410467
5.285851
5.312487
5.343639
5.648283
5.727576
5.675269
5.572221
5.278849
5.131840
5.275096
5.585390
5.565762
5.564148
5.645616
5.962937
5.389531
5.376678
5.406276
5.355160
5.612983
5.733875
5.397156
5.113179
5.087327
5.015325
4.956102
5.517478
5.499504
5.522487
5.621761
5.739120
5.694767
5.361750
5.374400
5.476915
5.409691
5.571094
5.780569
5.591023
5.742774
5.664816
5.664888
5.677917
5.665551
5.438084
5.557845
5.824901
5.625452
5.237701
5.488006
5.569442
5.178220
5.008451
5.046993
5.639824
5.561191
6.009253
6.098876
5.891973
5.726760
5.501798
5.594914
5.302663
5.287345
5.174472
5.425417
5.268804
4.648182
5.270189
5.152894
4.993840
5.312131
5.007189
5.015442
5.347686
5.150795
5.300779
5.381446
5.241097
5.180957
5.181193
5.403309
5.063853
5.440073
5.037403
5.317712
5.462087
5.271545
4.945610
4.967979
4.803606
5.031270
5.045765
5.161348
4.976095
5.387797
5.053922
5.361334
5.572125
5.377086
5.553003
5.452072
5.253791
5.220731
5.286558
5.246408
5.371044
5.533355
5.576518
6.058637
5.812258
5.633371
5.831749
5.424563
5.648320
5.754713
5.133911
4.970438
5.458102
5.429054
5.104080
5.136871
5.131267
5.152925
5.124609
5.053154
5.284343
5.566078
5.030044
5.529004
5.563896
5.481011
5.477362
5.293049
5.350192
5.431323
5.685918
5.834076
5.867894
5.783282
5.601685
5.316773
5.407980
5.325487
5.723165
5.880955
5.657424
5.452968
5.325032
5.321984
5.849314
5.542960
5.275109
5.399320
5.536793
5.567644
5.362125
4.926432
5.240670
5.604113
5.832997
5.855218
5.654141
5.492708
5.654713
5.467050
5.707200
5.470313
5.352850
5.476637
5.271980
5.722750
5.406644
5.289638
5.327533
5.453222
5.326916
5.261417
5.234734
5.246862
5.250959
5.256957
5.289854
5.213022
5.601298
5.777314
5.603110
5.380039
5.187494
5.433688
5.620505
5.263436
5.275903
4.902229
5.223796
5.297965
5.203619
5.250918
4.684276
4.910033
5.489525
5.480687
5.140888
5.423002
5.659989
5.494711
5.493578
5.614928
5.557331
5.792119
5.692557
5.476107
5.448546
5.427429
5.195255
5.368823
5.664540
5.708705
5.136504
5.448150
5.306328
4.920448
5.197572
5.235099
5.195917
5.179293
5.175711
5.654515
5.852706
5.583266
5.767598
5.528972
5.705944
5.856620
5.534071
5.485169
5.272409
5.107975
5.377820
5.090249
5.114380
5.007622
5.418766
5.380519
5.585364
5.553876
5.487148
5.510083
5.447749
5.692307
5.539632
5.089922
5.074265
5.390587
5.368749
5.372759
5.089527
5.553597
5.372694
5.294202
5.205000
5.698671
5.757636
5.732900
5.678870
5.274429
5.537731
5.465570
5.368761
5.492252
5.284716
5.174605
5.174199
4.909800
4.733930
4.924040
5.360791
5.209088
5.124275
5.448623
5.498996
5.697903
5.572654
5.676449
5.353934
5.474915
5.218593
5.614889
5.850299
5.687213
5.810911
5.496746
5.265244
5.405683
5.200744
5.303206
4.777623
4.901997
5.127208
5.377307
5.186517
5.343135
5.122792
5.102573
5.248875
5.247466
5.353573
5.671187
5.675395
5.467520
5.404812
5.430856
5.267105
5.237337
5.158524
5.282255
5.466783
5.848180
5.820209
5.816185
5.637334
4.986366
5.143636
5.483923
5.192859
5.425956
5.403277
5.234270
5.653199
5.725813
5.718499
5.616349
5.668306
5.468713
5.509673
5.668747
5.556817
5.775251
5.760052
5.507551
5.170801
5.171636
5.370935
5.161650
5.373557
5.490605
5.310787
5.473953
5.370098
5.209110
4.758369
5.146628
5.185308
5.850832
5.479387
5.650841
5.521972
5.210177
5.558477
5.357161
5.345014
5.538565
5.170066
5.350623
5.631100
5.845385
6.167603
6.241504
6.221432
5.687462
5.639860
5.700675
5.294879
5.210420
5.434113
5.203507
5.437038
5.290089
5.230898
5.392522
5.303888
4.931740
5.384279
5.505361
5.381130
5.334705
5.521625
5.781695
5.648928
6.206357
5.663517
5.874989
5.793594
5.608457
5.325489
5.108666
4.807146
5.048835
5.140580
5.209785
5.385045
5.258429
5.464325
5.776183
5.956084
5.704917
5.511688
5.282061
5.360465
5.161683
5.287313
5.400003
5.167419
5.597999
5.424604
5.501733
5.235698
5.205865
5.320750
5.436018
5.802355
5.413825
5.481191
5.556403
5.525913
5.363590
5.467822
5.586744
5.493674
5.545917
5.610137
5.850358
5.450528
5.640017
5.382123
5.549982
5.506330
5.574771
5.560163
5.768868
5.734391
5.481516
5.466242
5.349143
5.753302
5.781400
5.751550
5.405230
5.414763
5.665054
5.608945
5.128130
5.142817
5.431220
5.139008
5.004947
5.121239
5.252923
5.483645
5.507719
5.558364
5.306627
5.217386
5.352739
