549.697809
612.360725
540.560268
545.190718
542.105433
534.449559
588.084067
730.295324
546.590440
545.225029
542.045150
534.385218
588.160476
730.750672
546.518789
812.576653
2649.012967
564.863851
848.749402
4558.610013
674.611288
812.745505
2650.205659
564.820336
848.913658
4559.945082
674.645906
632.893486
4863.211155
701.975523
550.100197
617.645593
540.539058
632.931281
4865.871812
702.168523
550.302872
618.787652
540.471005
545.401936
542.048162
534.487386
588.492827
733.029720
546.522340
545.459441
542.046820
534.393283
588.605688
733.495183
546.566708
813.066372
2654.109195
564.740011
849.178076
4565.893649
675.030495
813.162723
2655.307493
564.750802
849.147313
4567.123290
674.960165
632.832852
4874.321238
702.364802
550.773096
624.136497
540.531896
632.864013
4876.975991
702.498143
550.975843
625.239524
540.576645
545.551829
542.090600
534.607155
589.024657
735.857296
546.633840
545.555123
542.178507
534.683845
589.113156
736.409890
546.693391
813.408320
2658.935583
564.583833
849.614429
4572.870577
675.202322
813.542729
2660.178437
564.623517
849.848386
4574.174162
675.281781
632.886811
4885.354424
702.725427
551.519031
630.654631
540.587451
632.902047
4887.975642
702.822971
551.520154
631.785506
540.655247
545.489127
542.344573
534.751062
589.736400
738.463084
546.574745
545.477039
542.345262
534.782906
589.771153
739.006341
546.613710
813.920093
2664.003000
564.647375
850.297533
4580.151137
675.521025
814.054516
2665.133317
564.599550
850.419203
4581.489005
675.542304
632.935192
4896.346217
703.131398
551.812557
637.228519
540.838866
632.843678
4898.911437
703.187376
551.776631
638.205043
540.744561
545.485470
542.368181
534.521957
590.284848
741.065244
546.245759
545.503212
542.375114
534.593669
590.430415
741.546748
546.282949
814.637530
2669.174220
564.863994
850.908280
4587.372210
675.731205
814.902130
2670.376366
564.934333
850.811906
4588.574184
675.619428
632.705271
4907.424058
703.393296
552.347219
643.585064
540.844143
632.646226
4909.963398
703.567369
552.514477
644.902559
540.985856
545.512368
542.575990
534.639664
590.995404
743.899523
546.471507
545.487298
542.520573
534.598679
591.017128
744.319403
546.405665
815.331379
2674.304667
565.410945
851.064219
4594.374718
675.666827
815.487020
2675.555047
565.418825
851.181271
4595.611307
675.854991
632.596652
4918.476108
703.940104
552.863786
650.109224
540.784635
632.564441
4921.002807
704.051513
552.869238
651.251779
540.852696
545.560217
542.339326
534.456004
591.549889
746.606338
546.366056
545.604524
542.224350
534.325070
591.705319
747.084251
546.415993
815.948136
2679.409399
565.533920
851.706426
4601.567550
676.092194
816.125205
2680.644400
565.500565
851.979494
4602.951923
676.062885
632.651055
4929.296715
704.246444
553.241846
656.543960
540.899368
632.705667
4931.903399
704.401136
553.320904
657.780218
540.786346
545.640775
542.274889
534.480227
592.137289
749.268047
546.393992
545.615361
542.324045
534.505970
592.153540
749.749617
546.460590
816.482717
2684.490039
565.479054
852.470742
4608.734098
676.236274
816.644991
2685.671169
565.564741
852.684656
4610.175868
676.247634
632.600508
4940.389746
704.629632
553.926738
663.094665
540.904047
632.773092
4943.281156
704.813199
554.086983
664.229466
540.918122
545.522943
542.423589
534.280312
592.663917
752.071760
546.674736
545.283358
542.216231
534.217216
592.787821
752.562840
546.699182
817.033763
2689.538798
565.660787
853.254399
4616.009591
676.434463
817.161430
2690.721282
565.732818
853.378994
4617.272150
676.534406
632.463475
4951.364175
705.152927
554.466406
669.653810
541.007266
632.531691
4953.969239
705.049114
554.472158
670.814418
540.910159
545.325825
542.444409
534.136380
593.161167
754.660275
546.652477
545.173877
542.409527
534.124861
593.250474
755.084512
546.501341
817.616883
2694.457596
565.626397
853.798608
4623.161862
676.779934
817.774163
2695.671685
565.726013
853.890120
4624.409079
676.746251
632.737342
4962.645740
705.629361
554.975523
676.159258
541.021926
632.740646
4965.173716
705.629685
555.025684
677.267480
541.006102
545.350569
542.587383
534.083288
593.697708
757.237194
546.621083
545.255040
542.503083
534.073760
593.836563
757.752983
546.670584
818.305546
2699.640429
565.735707
854.347005
4630.257923
676.962820
818.482113
2700.758530
565.802214
854.557515
4631.578292
677.004112
632.743128
4973.662172
706.029558
555.329594
682.565386
540.901631
632.779616
4976.351040
705.978629
555.500599
683.786168
540.966397
545.219760
542.552836
534.372411
594.291209
760.179922
546.680723
545.121849
542.334037
534.173634
594.479133
760.665910
546.696462
818.906544
2704.612207
565.837642
855.032539
4637.532222
677.173670
819.012056
2705.753528
565.994344
855.287889
4638.832656
677.365133
632.970335
4984.912887
706.468614
555.986866
689.162237
541.122078
632.989396
4987.548187
706.611037
556.122170
690.309805
541.202323
545.069316
542.352230
534.419364
594.918096
763.022949
546.928916
545.140958
542.426599
534.352966
595.038543
763.491320
546.893042
819.623520
2709.745526
566.092652
855.790184
4644.860335
677.620007
819.861046
2710.909008
566.153235
855.969352
4646.019076
677.520968
632.793396
4995.733743
706.703424
556.543622
695.575136
541.226526
632.629545
4998.231383
706.810491
556.707249
696.749995
541.374714
545.236749
542.416622
534.339487
595.484607
765.764939
546.987359
545.254514
542.432366
534.179404
