-0.087696
0.758848
0.723199
0.182719
0.108049
-0.298293
0.395135
-0.264032
0.361753
-1.083163
-0.134306
-0.330547
0.073139
-0.012873
0.911809
-0.128689
0.355935
-1.172578
-0.471285
-0.316632
0.101179
-0.571913
-0.040975
-0.201439
0.088985
0.586321
-0.092737
-0.350002
0.087756
-0.286897
0.062887
-0.334400
0.065004
0.711779
-0.087990
-0.391632
-0.140737
1.190654
-0.279385
0.100365
-0.081939
0.315356
-0.138616
-0.173798
-0.121069
1.161788
-0.431008
0.153215
-0.072593
0.106599
-0.323415
-0.087767
0.145336
-0.585005
1.170839
0.060515
0.349070
-1.022525
-0.185378
-0.164101
0.137442
-0.494349
1.503890
0.102083
0.318342
-0.829446
-0.326886
-0.147065
0.173567
-0.562068
-0.153162
-0.234840
-0.049978
1.528776
0.610803
-0.155315
0.112716
-0.221083
-0.912138
-0.349928
0.003375
1.356248
0.695259
-0.162478
0.028539
0.931068
-0.486954
0.116570
-0.007222
-0.028546
-0.245158
-0.156333
-0.027804
1.145494
-0.631005
0.089337
0.022153
-0.336285
-0.478454
-0.208717
0.099893
-0.761276
1.330387
0.050712
0.437584
-0.888780
-0.273864
-0.128438
0.081662
-0.780758
1.431387
0.076933
0.476175
-1.144784
-0.178344
-0.017107
0.126352
0.682269
-0.727472
-0.142902
-0.079098
1.716457
0.533289
-0.321182
0.171462
0.252101
-0.769464
-0.046532
-0.050089
1.366843
0.518597
-0.253026
0.006516
0.936236
-0.413373
0.131363
0.140843
-0.306235
-0.492084
-0.354307
0.064356
0.771741
-0.519392
0.080203
0.166517
-0.239298
-0.335415
-0.452063
-0.006117
-0.255948
1.360371
0.066275
0.556657
-1.292150
-0.348857
0.056426
-0.065026
0.221826
0.802091
0.010218
0.582111
-1.435475
-0.271872
0.063204
0.062596
0.916165
-0.589715
-0.168835
0.002085
1.772260
0.385336
-0.456187
-0.041052
0.809514
-1.009559
-0.144877
0.033606
1.593978
0.491649
-0.399089
0.077722
1.011587
-0.585800
-0.048769
0.242133
-0.525385
-0.334706
-0.394552
0.153654
0.708007
-0.664904
-0.175158
0.215861
-0.476222
-0.274186
-0.390114
-0.080770
0.185061
0.948440
0.229701
0.578386
-1.281889
-0.190238
0.217345
-0.057194
0.178859
0.855504
0.163027
0.509320
-0.952869
-0.103390
0.300436
-0.068415
0.817282
-1.256419
-0.013224
-0.063595
1.205236
0.261951
-0.262235
-0.019512
0.653417
-1.046039
0.049860
-0.057779
1.232174
0.384285
-0.299919
0.160719
0.893377
-0.720079
-0.328452
0.294058
-0.941311
-0.286228
-0.290312
0.194698
0.961269
-0.534672
-0.438743
0.231972
-0.689440
-0.239979
-0.188014
0.072995
-0.783526
0.844308
0.440692
0.411847
-0.817882
-0.159562
0.184237
0.090110
-0.992517
0.819510
0.438086
0.439518
-1.082709
-0.378277
0.151348
-0.161796
0.636088
-1.045442
0.273352
-0.014425
0.899321
0.242943
-0.177123
-0.144889
0.535654
-1.131384
0.363362
-0.033150
1.106318
0.265859
-0.157584
0.268784
0.006052
-0.397730
-0.264036
0.266741
-0.903385
0.062833
-0.310169
0.240664
0.310313
-0.214316
-0.494244
0.304063
-0.694492
0.223324
-0.257209
0.291365
-1.367152
0.442927
0.410217
0.337783
-1.064931
0.057921
0.189303
0.242114
-1.190681
0.400198
0.443948
0.344462
-1.199798
0.268976
0.362335
-0.152744
0.683481
-1.160448
0.393860
0.074143
0.755228
0.551767
-0.043014
-0.197067
0.972953
-1.234668
0.337808
0.028183
0.887506
0.570394
0.017001
0.227488
0.184078
-0.357600
-0.420625
0.336360
-0.581794
-0.211528
-0.489571
0.167723
0.348090
-0.156245
-0.410179
0.340182
-0.797038
-0.268393
-0.434400
0.201101
-0.588990
-0.110223
0.359408
0.052512
-0.544781
-0.394604
0.495975
0.224640
-0.695216
0.224409
0.353470
0.309122
-0.323628
0.056884
0.414356
-0.191372
0.863399
-0.561804
0.327885
0.048203
0.531996
-0.132345
-0.232319
-0.224074
0.582749
-0.731139
0.177422
0.063565
0.278284
-0.116273
-0.251575
0.104209
0.199416
0.203153
-0.211640
0.246160
-0.505720
-0.159169
-0.387447
0.141514
-0.255437
-0.164310
-0.221294
0.298294
-0.701210
-0.063446
-0.333200
0.319175
-0.666425
0.045432
0.217744
0.070350
0.154367
0.174830
0.271775
0.263918
-0.521139
-0.042892
0.220140
0.069839
0.281438
0.581797
0.386477
-0.233796
0.401040
-0.695030
0.286560
0.111136
0.123687
-1.466625
-0.174378
-0.334766
0.593148
-0.354731
0.212306
0.122107
0.133134
-1.439914
-0.170552
0.029476
-0.188883
-0.664827
-0.217617
0.274654
-1.234813
0.201584
-0.108758
0.051549
-0.286697
-0.641868
-0.173950
0.295313
-1.501115
-0.118261
-0.151076
0.292312
-0.856311
-0.096866
0.333881
-0.109391
0.220913
0.511057
0.319045
0.358948
-1.115983
-0.002667
0.418476
-0.052755
0.098926
0.360704
0.287493
-0.248645
0.843434
-0.376648
0.375104
0.039633
0.271314
-1.544738
-0.238910
-0.259618
0.845602
0.460945
0.424583
0.027171
0.335988
-1.660910
-0.260187
-0.068008
0.155042
-0.498979
-0.075234
0.191524
-1.061668
-0.316204
-0.201548
-0.061119
0.128332
-0.511255
-0.057830
0.216790
-1.143339
-0.453755
-0.292274
0.272855
-0.623804
0.149062
0.336972
-0.244513
0.578801
0.313577
0.162544
0.056209
0.610902
0.270081
0.197295
-0.100365
0.666269
0.695310
0.278405
-0.293065
0.883495
0.516609
0.342374
0.022178
0.193231
-1.636797
-0.237903
-0.177528
1.020725
0.331868
0.180358
0.014791
0.094777
-1.655243
-0.285865
0.020882
-0.187413
-0.418186
-0.062078
0.192178
-0.917502
-0.539656
-0.370250
0.016333
-0.155149
-0.480881
-0.097100
0.172920
-0.782697
-0.860218
-0.372130
0.391186
0.196364
0.245095
0.031145
0.058571
0.436045
-0.031281
0.190631
0.379335
0.308447
-1.061457
-0.138558
-0.050691
0.506580
0.393509
0.252362
-0.158266
0.710994
0.497257
0.236482
0.215958
-1.049905
-1.801303
-0.321804
-0.115596
0.525936
0.254813
0.236247
0.178209
-0.785200
-1.780099
-0.316740
0.103626
-0.180865
-0.853097
-0.416602
0.380075
-1.139764
-0.708326
-0.236099
0.112472
-0.368739
-0.717304
-0.242097
0.289810
-1.000407
-0.890741
-0.280675
0.292135
0.416866
-0.839152
-0.025075
0.034989
0.365679
0.216066
0.119329
0.133268
0.768089
-0.962348
0.074007
0.016340
0.508791
0.464574
0.089360
-0.155350
0.410099
0.827842
0.317060
0.293039
-0.379775
-1.844177
-0.403218
-0.178866
0.520957
0.650738
0.466456
0.325686
-0.573777
-1.784591
-0.386911
0.125326
-0.420603
-0.553227
-0.146588
0.311651
-0.851948
-0.868857
-0.415981
0.161046
-0.412304
-0.586821
-0.208208
0.320615
-0.955917
-0.351385
-0.347547
0.170319
0.828251
-0.631828
-0.091711
-0.021552
0.407663
0.212339
-0.178556
0.169001
0.801975
-0.699893
-0.103461
