0.045907
-6.739111
-0.015159
-0.031300
0.002242
1.962078
-0.025529
-0.044763
0.008243
1.486217
0.075620
-0.057037
0.001135
0.746231
-0.061746
-0.058479
0.007110
-0.567223
-0.051485
-0.037493
0.002600
0.122374
-0.077867
-0.042842
0.008656
-5.391813
-0.028838
-0.076867
0.050966
-0.795283
0.086035
-0.024209
0.041275
-3.159581
0.134272
-0.045621
0.016753
3.921607
-0.018327
-0.042217
0.011547
0.222213
0.047827
-0.032151
0.018590
-9.737296
0.186417
0.030610
-0.007561
5.105201
-0.076673
-0.057099
0.025635
-13.194262
0.007739
-0.032685
0.035351
5.434134
-0.004177
-0.038455
0.031828
-4.740324
0.086084
-0.039173
0.021083
-1.148332
-0.083628
-0.066387
0.016404
1.540655
0.029848
-0.058826
0.011713
-1.790508
-0.016936
-0.023606
0.011993
-5.812970
0.061947
-0.039561
0.026212
-10.540494
0.017656
-0.042534
0.044896
2.004377
-0.064166
-0.043639
0.041160
-4.540030
-0.184867
-0.083745
0.017754
-3.042648
0.088498
-0.027363
0.012252
-0.888766
0.072145
-0.057579
0.007317
-5.917524
-0.086283
-0.024231
0.009413
-3.872794
0.161190
-0.031779
-0.019859
8.658428
-0.050632
-0.032585
0.034204
1.213044
0.007642
-0.030989
0.004657
9.887804
0.066927
-0.020839
0.007348
0.682260
-0.006005
-0.030484
0.001375
3.193676
-0.057374
-0.027301
0.006886
0.643046
0.124631
-0.064470
0.026712
-11.679795
-0.018927
-0.048915
0.017474
-7.915410
-0.105097
-0.044973
0.049945
-3.319029
0.113190
-0.037417
0.010549
7.107586
-0.080618
-0.056142
0.005805
1.478130
-0.041548
-0.054503
0.033560
-13.406571
-0.114986
-0.034173
-0.001695
4.026203
-0.058584
-0.058083
0.015069
-7.661259
0.003383
-0.047527
0.015762
-4.878459
-0.103461
-0.051326
0.064352
1.054185
0.001865
-0.055349
0.030544
0.694296
0.081028
-0.049350
0.029897
-8.239502
0.120385
-0.035215
0.029303
-15.846622
-0.127495
-0.038671
0.022590
-8.703243
0.041280
-0.021967
-0.011120
7.138487
0.061791
-0.058033
0.020481
-9.576568
0.076459
-0.035024
0.045508
3.467612
0.097265
-0.081430
0.031060
-5.623241
0.075455
0.010360
0.012253
12.638733
0.033445
-0.057380
0.021821
-7.321653
-0.121171
0.006590
0.025823
-12.818685
-0.083499
-0.063205
0.019636
-10.664256
-0.119261
-0.046414
0.006154
-1.798047
-0.024520
-0.035990
0.046937
-7.189819
-0.013272
-0.034885
0.008928
8.198332
-0.030843
-0.053796
0.015311
0.469892
-0.022408
-0.042678
0.012865
-5.439389
-0.001453
-0.018506
0.001729
-1.398727
0.069329
-0.044003
0.016093
-8.891290
-0.010732
-0.032119
0.015363
-8.418462
0.064952
-0.046641
0.049044
0.168217
0.097767
-0.024693
0.013668
1.879277
-0.022132
-0.041679
0.012041
-2.847314
-0.040169
-0.012063
0.047800
-17.903915
0.044874
-0.084366
-0.017047
11.668637
-0.043472
-0.046508
0.011236
-5.855807
0.003307
-0.021148
-0.005536
3.503297
0.057014
-0.000071
0.035200
5.805424
-0.006535
-0.036719
0.026057
-4.082027
0.095295
0.009386
0.008581
2.158841
0.064712
-0.021618
0.022670
-9.648903
0.073503
-0.053953
-0.020663
10.793635
-0.047818
-0.038683
-0.013107
5.986763
-0.080378
0.001165
-0.014690
9.534357
0.077137
-0.034577
0.043592
2.409551
-0.063860
-0.045249
0.035400
-7.612160
0.097046
-0.054631
0.035332
-10.822141
-0.020707
-0.021886
-0.009081
9.022068
0.003393
-0.023205
0.003429
0.265234
0.068542
-0.048356
0.005809
-0.528000
0.078518
-0.032687
0.006677
-4.241994
-0.060631
-0.050533
0.033541
1.587553
0.006283
-0.034221
0.045163
-6.409896
-0.025788
-0.033952
0.023564
-4.487212
-0.058361
-0.067879
0.029970
-12.567600
0.033797
-0.043240
-0.006444
6.131926
-0.051352
-0.041846
-0.007055
1.942666
0.038517
-0.027507
-0.000113
3.358936
-0.016657
-0.064113
0.047817
-2.087057
0.117977
-0.037206
0.011587
-1.185029
0.201678
-0.029045
0.004632
3.953393
0.008308
-0.044880
0.033954
-12.577778
0.005500
-0.037485
0.017319
-9.078355
0.030006
-0.011582
0.004911
1.738445
0.121794
-0.039280
0.001877
-1.442579
-0.086881
-0.052299
0.063079
1.394349
-0.018665
-0.059680
0.014402
10.701615
0.018255
-0.048863
0.010727
1.451896
0.049984
-0.024913
0.008055
2.093921
0.015770
-0.065209
-0.011827
8.944582
0.002654
-0.088788
0.018339
-5.023901
-0.070361
-0.074137
0.013751
-5.255132
-0.102606
-0.057548
0.045519
3.566483
0.100458
-0.082532
0.033236
-1.285734
-0.053380
-0.080779
0.013713
-7.596091
0.138779
-0.013694
0.010338
-1.258823
-0.083320
-0.024799
-0.003514
3.131711
0.082100
-0.022971
-0.003571
3.160015
-0.101162
-0.048446
0.010054
-3.297303
0.083976
-0.053191
0.048943
-7.283127
-0.022678
-0.036374
0.002769
1.866109
-0.026498
-0.042764
0.021206
-2.120239
0.007327
-0.043616
0.012405
-2.608981
0.063525
-0.018597
0.006358
2.407384
-0.003424
-0.048217
-0.004363
2.436286
0.018581
-0.033426
-0.000242
3.316464
-0.031427
-0.048279
0.049139
0.020209
0.093798
-0.020640
0.041010
-3.497166
0.138382
-0.044090
0.007066
7.273632
0.029960
-0.010929
0.002275
1.651590
-0.100675
-0.033904
0.003081
-2.195873
0.080668
0.014916
-0.006379
3.335405
-0.045041
-0.041219
0.008212
-6.032791
-0.037289
-0.015976
0.036731
5.879133
-0.001968
-0.037534
0.033154
-4.419149
0.084082
-0.039773
0.021130
-3.375294
0.103635
-0.006021
0.032417
-10.095218
0.045569
-0.056868
0.015418
-4.557021
-0.062131
-0.051010
0.007592
-3.748656
0.002421
-0.044318
-0.022111
12.126136
-0.039835
-0.033359
0.042963
2.533081
-0.062923
-0.046106
0.040910
-4.647251
-0.178545
-0.079807
0.029503
-5.343265
0.058699
-0.028987
0.035429
-16.455345
-0.006264
-0.038461
0.001734
1.458197
0.056486
-0.027589
0.024644
-13.471390
-0.032245
-0.062463
-0.010111
1.715893
0.095026
0.022661
0.034603
1.624068
0.010118
-0.031713
0.004068
9.801010
0.063097
-0.021452
0.016480
5.818425
0.029446
-0.057631
0.005134
0.234291
-0.007236
-0.032354
0.006294
0.028725
-0.014322
-0.053257
0.005059
-1.471986
0.018540
-0.048958
-0.001354
-1.919512
0.001626
-0.043302
0.047644
-2.057945
0.113861
-0.037642
0.012527
6.011107
-0.082366
-0.056943
0.027763
-5.109600
-0.167510
-0.065605
0.021312
-7.755512
-0.054775
-0.039339
-0.005382
6.403500
0.102722
-0.006280
0.022625
-10.736653
-0.046730
-0.043154
-0.007916
2.293672
-0.038786
-0.019826
0.062377
1.432254
-0.026225
-0.058340
0.030550
0.777831
0.076110
-0.046586
0.004551
5.251489
-0.004002
-0.053291
0.045875
-17.518605
-0.027979
-0.055777
-0.001547
2.607806
0.044657
-0.044951
0.011257
-6.695643
0.028925
-0.059552
0.007502
-4.458080
0.027211
-0.014993
0.046529
3.741628
0.097857
-0.084366
0.032485
-5.986785
0.073808
0.007972
0.017432
1.591760
0.014769
-0.025772
0.040176
-14.406222
-0.044245
-0.035243
0.012124
-7.979879
0.030034
-0.022852
0.011214
-4.619114
0.026698
-0.027884
0.001808
0.964488
-0.018523
-0.076425
0.049721
-6.971822
-0.024069
-0.036226
0.009065
7.832898
-0.021901
-0.051148
-0.003223
7.222897
0.009697
-0.054617
-0.009679
6.584089
0.060099
-0.020256
0.013409
-3.857557
-0.170033
-0.055367
0.022793
-7.440000
0.008767
-0.063366
0.017108
-6.762293
-0.046822
-0.039788
0.050341
0.091123
0.098196
-0.021845
0.014025
1.835484
-0.025911
-0.041704
0.023358
-0.510323
0.090830
-0.041585
0.013405
-5.591373
0.010774
-0.008875
0.000536
4.617841
-0.060452
-0.049835
0.017064
-9.737013
0.076349
-0.027379
-0.004244
2.824688
-0.027084
-0.060646
0.037257
5.501900
-0.013953
-0.039411
0.027655
-4.024380
0.093565
0.007572
0.018784
3.894638
0.109970
-0.058869
-0.016769
13.809241
-0.077115
-0.057831
-0.001101
3.589611
-0.009696
-0.068554
-0.011015
8.607212
0.018831
-0.053196
0.002297
-1.230928
-0.101872
-0.043428
0.043011
3.036318
-0.071944
-0.048226
0.033183
-6.782803
0.079616
-0.056481
0.017435
-5.739759
0.034225
-0.037017
0.040279
-15.551201
-0.088094
-0.062227
0.021754
-11.616722
0.016538
-0.038407
0.014274
-6.835397
-0.004925
-0.050509
0.032486
-15.702752
0.026127
-0.076481
0.036807
0.109520
0.024893
-0.030388
0.042806
-6.188674
-0.023376
-0.031137
0.011128
5.722875
-0.006198
-0.005764
0.019557
-6.353780
0.062018
-0.040661
0.009094
-4.947896
-0.018257
0.003455
0.020590
-8.476271
-0.094317
-0.099851
0.002360
-2.203890
0.062458
-0.051618
0.047168
-1.522594
0.110978
-0.039206
0.011278
-1.393300
0.204660
-0.028278
0.023086
-2.160332
-0.034866
-0.063904
0.036539
-15.660806
-0.124931
-0.027755
0.011107
-3.580490
0.139968
-0.026629
0.000572
1.680034
-0.090862
-0.064608
0.031849
-14.268062
0.012720
-0.046044
0.063939
0.847534
-0.025448
-0.057625
0.014054
10.633643
0.016924
-0.048312
0.018637
-0.198706
0.060343
-0.066565
0.013228
0.103568
-0.002387
-0.065689
0.002642
1.362721
0.037389
-0.027955
-0.004408
4.164401
-0.008439
-0.039868
0.010256
-2.566031
-0.129692
-0.066571
0.047372
3.357066
0.106386
-0.085064
0.034717
-2.185062
-0.056761
-0.081685
0.005522
9.358352
-0.037621
-0.072475
-0.028437
19.797882
0.058370
-0.016553
0.004667
1.791028
-0.056796
-0.094269
0.001631
-1.634442
0.034255
-0.010592
0.000743
-1.870651
0.038405
-0.030297
0.049052
-6.928312
-0.021155
-0.037669
0.003813
1.282960
-0.018550
-0.044165
0.008770
0.768313
0.082400
-0.055182
0.023055
-6.105456
0.037871
-0.083250
-0.000095
0.106468
0.030980
-0.022986
0.015594
-5.291716
-0.031185
-0.065757
0.011731
-8.037310
0.008087
-0.070244
0.050555
0.565517
0.097755
-0.021605
0.043640
-4.233403
0.137103
-0.045746
0.014391
4.720610
-0.013469
-0.044590
0.015934
0.633329
-0.072839
-0.066357
0.004469
-0.738597
-0.103369
-0.044265
0.009661
-4.208534
0.024706
-0.063072
0.013474
-7.237954
-0.063622
-0.062144
0.038528
5.510246
-0.020882
-0.042952
0.032472
-4.299645
0.079733
-0.040804
0.020833
-1.420971
-0.089298
-0.067042
0.007564
-0.952333
0.124010
-0.052007
0.014997
-8.840222
-0.000735
-0.020324
0.012174
-9.151048
0.045110
0.021572
0.013876
-10.172584
0.078179
-0.007172
0.042880
3.509397
-0.074736
-0.051403
0.041870
-4.860185
-0.175636
-0.084045
0.018443
-3.175701
0.090675
-0.027456
-0.005008
7.228612
-0.045466
-0.053270
-0.011294
6.137116
-0.169496
-0.055960
0.015942
-4.878834
-0.024096
-0.060856
0.003620
-4.149826
0.047585
0.017975
0.036827
0.274523
0.005175
-0.031321
0.004187
9.545670
0.057489
-0.021687
0.007107
0.725618
-0.016681
-0.031993
0.009241
1.301374
-0.012628
-0.021407
0.027742
-14.552190
0.038332
-0.035376
0.022878
-14.805806
-0.104160
-0.031164
0.013732
-6.313017
0.100198
-0.046785
0.049680
-2.340666
0.112994
-0.039056
0.014553
5.114621
-0.079200
-0.055542
0.007660
0.420487
-0.039031
-0.052548
0.016280
-4.296805
-0.137425
-0.055882
-0.012004
6.840020
-0.039407
-0.033194
-0.010798
5.399247
0.012789
-0.032811
0.001835
4.218742
-0.014829
-0.023649
0.064775
0.186594
-0.027628
-0.059376
0.028772
1.507173
0.074058
-0.047106
0.030701
-8.672178
0.120165
-0.033285
0.008167
0.480708
0.004235
-0.044590
0.027825
-10.810707
0.039786
-0.049361
-0.031274
15.375980
-0.083385
-0.055315
-0.012330
7.864263
0.005741
-0.019596
0.048932
2.452202
0.101945
-0.086284
0.032622
-6.244606
0.078020
0.007463
0.010589
13.714935
0.036067
-0.055448
0.001528
2.642091
0.051309
-0.055096
0.010510
-3.824093
-0.115678
-0.032320
0.010374
-2.544309
-0.071557
-0.055745
0.005569
-2.557450
0.175774
-0.020618
