5.307052
5.440007
5.239029
5.595932
5.261987
5.026513
5.294592
5.400821
5.503103
5.443561
5.289236
5.437993
5.338207
5.335901
5.301739
5.113673
5.414752
5.436302
5.145313
5.200569
5.531360
4.891297
4.711305
5.256578
5.489162
5.621871
5.269216
5.117693
5.523837
5.618727
5.549592
5.537408
5.400401
5.256336
5.524428
5.536218
5.694982
5.934419
5.724906
5.872135
5.765084
5.360493
5.440114
5.700804
5.576310
5.451501
5.540416
5.526066
5.506461
5.445668
5.381641
5.623566
5.303204
5.246760
5.516743
4.861303
5.149064
5.786687
5.460550
5.639462
5.218775
5.462086
5.055431
5.296487
5.776099
5.236138
5.425836
5.277226
5.235145
5.106409
5.145044
5.275991
5.441506
5.608211
5.356698
5.335043
5.441475
5.677185
5.627475
5.592397
5.752198
5.599078
5.780210
5.625846
5.278259
5.589047
5.185288
5.479686
5.651683
5.660391
5.402332
5.381102
5.351612
5.924867
5.212472
5.541021
5.441806
5.449204
5.138332
5.569118
5.478279
5.870773
5.477150
5.314436
5.417577
5.622244
5.403763
5.625000
5.341376
5.436144
5.619036
5.306865
5.181434
5.363754
5.332307
5.303316
5.396722
5.584729
5.401612
5.439534
5.241025
5.230761
5.391940
5.518046
5.575898
5.579075
5.611860
5.597367
5.439398
5.701189
5.492013
5.564281
5.629046
5.398259
5.159332
5.498913
5.552815
5.176663
5.265473
5.058785
5.432741
5.393143
5.583673
5.148333
4.787204
5.266861
5.431085
5.831559
5.453134
5.679101
5.613905
5.524703
5.483613
5.122706
5.307866
5.268420
5.659958
5.601936
5.502505
5.802681
5.425175
5.647188
5.516787
5.606855
5.466704
5.390062
5.600720
5.358918
5.077001
5.629900
5.425222
5.418497
5.280474
5.471037
5.621946
5.362482
5.570780
5.545395
5.349662
5.223816
5.436263
5.607442
5.508311
5.119450
5.186439
5.349717
5.168649
5.389315
5.888672
5.394363
5.420054
5.407555
5.630246
5.569054
5.572665
5.501846
5.384340
5.005591
5.395090
5.573212
5.190206
4.998777
4.982969
5.322682
5.502165
5.585914
5.374633
5.499362
5.596267
5.595415
5.714646
5.419347
5.163352
5.411561
5.293910
5.070117
5.184685
5.653486
5.740337
5.702802
5.598075
5.352400
5.189797
5.319871
5.277732
5.010253
4.430328
4.780946
4.895028
4.901613
4.984176
5.106032
5.365917
5.753234
5.639387
5.682061
5.528175
5.289020
5.500836
5.878203
6.318911
5.784251
5.712650
5.597965
5.328501
5.380451
5.459757
5.715675
5.577358
5.640264
5.449396
5.841049
5.782921
5.521805
5.384314
5.350086
5.113266
4.824377
5.161500
5.359270
5.632099
5.484895
5.502591
5.756470
5.202747
5.266849
5.404439
5.453019
5.036206
5.611907
5.448439
5.870445
5.710003
5.715754
5.767864
5.651433
5.444743
5.606369
5.539515
5.568206
5.580386
5.443775
5.521903
5.364214
5.398615
5.067540
5.175773
5.476741
5.622324
5.563368
5.681141
5.587240
5.437857
5.517411
5.493947
5.418719
5.360093
5.436398
5.620569
5.365185
5.154748
5.175828
5.327685
5.416174
4.758941
4.869844
5.105235
5.209329
5.673236
5.547194
5.332396
5.392067
5.254302
5.444707
5.300174
5.185498
5.211105
5.241651
5.324874
5.224260
5.296202
5.168214
5.119163
5.295358
5.204447
5.364351
5.414710
5.069096
5.482666
5.460962
5.589163
5.503190
5.438965
5.401506
5.105981
5.129161
5.292640
5.617056
5.352726
5.562635
5.491439
5.403806
5.486837
5.616269
5.210787
5.478961
5.259495
5.271136
5.525904
5.629150
5.334717
5.269193
5.143468
5.141909
5.128633
4.949148
5.356595
5.206711
4.961152
5.160200
5.139935
5.402203
5.585857
5.617001
5.227612
5.274277
5.519265
5.255717
5.283480
5.333089
5.503035
5.003093
5.320240
5.275101
5.741452
5.754719
5.825143
5.740295
5.881080
5.612685
5.825334
5.752469
5.895354
5.558147
5.391805
5.395100
5.666712
5.692582
5.371989
5.260976
4.903256
5.147493
5.050953
4.958699
4.685407
4.630628
4.975115
5.813616
5.753200
5.497167
5.654091
5.353415
5.556457
5.372590
5.449490
5.233257
4.966589
5.338046
5.175551
5.179389
5.473416
5.329705
5.722930
5.627252
5.756297
5.285958
5.587571
5.580518
5.705634
5.371263
5.228557
5.361114
5.392683
5.503538
5.570952
5.382734
5.392678
5.413918
5.547799
5.612190
5.719560
5.929157
5.701906
5.154871
5.212050
5.307975
5.278982
5.383943
5.448458
5.398346
5.327507
5.278925
5.329942
5.181017
5.068114
5.291416
5.451849
5.477031
5.572471
5.288505
5.262718
5.560273
5.335699
5.250274
5.366124
5.261067
5.371393
5.432689
5.199723
5.594636
5.387820
5.456304
5.379152
5.505103
5.154947
5.225342
5.150789
5.375168
5.189386
5.252323
5.303759
5.123945
5.232529
5.672774
5.337564
4.905537
5.258528
5.206699
5.265219
5.092098
5.266561
4.944988
5.134526
5.365245
5.383462
5.537999
5.332025
5.503773
5.471884
5.082884
4.925407
5.305891
5.681639
5.537333
5.398948
5.311520
5.509897
5.416345
5.483829
5.743015
5.753379
5.680848
5.453505
5.656235
5.646250
5.233739
5.591690
5.363657
5.509868
5.529046
5.472360
5.339804
5.287789
5.506251
5.496093
5.543253
5.759519
5.391945
5.285268
5.704323
5.395540
5.370345
5.394444
5.415023
5.307148
5.435113
5.336520
5.478771
5.502904
5.542790
5.831579
5.768374
5.893483
5.456430
5.585948
5.401515
5.488425
5.298021
5.548783
5.471494
5.672000
5.448344
5.310505
5.505180
5.051097
4.961690
5.248124
5.262792
5.167212
5.366826
5.223165
5.199005
5.366261
5.545529
5.548834
5.956132
5.758913
5.444311
5.243329
5.249610
5.332314
5.318247
5.514066
5.084870
5.216571
5.500910
5.073322
5.291262
5.528844
5.379507
5.287106
5.171787
5.330582
5.367173
5.246601
5.375827
5.470824
5.451616
5.336560
5.258610
5.432283
5.694360
5.480094
5.467367
5.432649
5.639166
5.133054
5.179037
5.531502
5.563299
5.607341
5.748517
5.332296
5.393608
5.387394
4.931114
5.101420
5.289287
5.719368
5.845931
5.511949
5.331725
5.183307
5.230880
5.621101
5.583361
5.385853
5.623267
5.389700
5.465498
5.512449
5.704826
5.536049
5.589062
5.378774
5.732678
5.460317
5.711918
5.467157
5.543973
5.855659
5.425394
5.641368
5.694583
5.563827
5.432126
5.780571
5.306458
5.252644
5.762161
5.876161
5.714660
5.743574
5.756513
5.724631
5.630164
5.653445
5.640675
5.283727
5.351683
5.250713
5.138932
5.066008
5.164899
5.236482
5.366950
5.237188
5.398881
5.208002
4.990745
4.804313
5.086799
5.093944
5.267418
4.950079
5.095221
5.680062
5.504418
5.766539
5.647444
5.534490
5.393438
5.602137
5.801077
5.830732
5.917667
5.870416
6.110868
5.704308
5.301252
5.387805
5.500717
5.617053
5.719816
5.974601
5.511174
5.320254
5.250303
5.418648
5.260276
5.685760
5.175402
5.138838
5.574201
5.451781
5.456863
5.293656
4.991652
4.883349
5.119882
5.051321
5.173000
4.998347
5.373946
5.410890
5.502593
5.473232
6.000066
5.600712
5.571299
5.373997
5.321441
5.656849
5.695148
4.933029
5.060164
5.259222
5.226057
5.291832
5.372402
4.890219
5.234361
5.522811
5.261835
5.278767
5.392202
5.657745
5.537857
5.937433
5.599564
5.256468
5.525198
5.309954
5.274813
5.353796
5.085843
5.133778
4.963605
4.923063
4.901997
4.914975
5.055338
5.519238
5.307373
5.118168
5.435258
5.353422
5.138149
5.258826
5.464442
5.659875
5.760272
5.397184
5.415585
5.222638
5.417403
5.644077
5.683535
5.481203
5.190257
5.363318
5.536284
5.399073
5.621899
5.662497
5.887456
5.678323
5.406942
5.296839
5.227956
5.413819
5.155799
5.461632
5.728009
5.311824
5.686159
5.517774
5.594054
5.629447
5.522586
5.550414
5.901748
5.639510
5.435963
5.491627
5.714334
5.641885
5.613950
4.911246
5.777260
5.521476
6.031876
5.902745
5.609130
5.296240
5.493523
5.439382
5.358430
5.062258
5.572441
5.309584
5.534298
5.328815
5.165750
5.333305
5.517106
5.345248
5.611039
5.776822
5.627156
5.870534
5.531422
5.678706
5.699772
5.457490
5.466627
5.336060
5.419346
5.658642
5.717232
5.406979
5.142293
5.021538
5.101903
4.868668
4.945061
4.956568
4.930725
5.068472
5.185977
5.376453
5.622400
5.894336
5.721659
5.370646
4.714548
5.042892
5.221274
4.943862
5.141173
4.955252
5.335459
5.504671
5.158921
5.723220
5.551735
5.469321
5.339904
5.421069
5.228418
5.397929
5.161958
5.054951
5.136216
5.396049
5.299383
5.464707
5.122595
5.507878
5.366184
5.332951
5.229762
5.237638
5.414270
5.513967
5.337445
5.290374
5.344285
4.911101
5.099989
5.207750
5.613880
5.149380
5.492509
5.358060
5.214887
5.465759
5.594128
5.598247
5.394088
5.449065
5.573068
4.976199
5.361146
5.188200
5.076408
4.774569
4.913538
5.024086
5.251486
5.280931
5.498749
5.300269
5.280877
5.457301
4.997473
5.312974
5.286810
5.183083
5.494072
5.361537
5.277753
5.403045
5.341940
5.426014
5.519398
5.294885
5.537665
5.135678
5.318277
5.517930
5.512301
5.812203
5.626176
5.585624
5.463906
5.587705
5.617771
5.612918
6.111174
5.774280
5.361267
5.296076
5.197089
5.234536
5.195697
5.092656
5.200497
5.136703
5.227560
4.933607
4.874677
4.888815
5.052565
5.087715
5.420021
5.007509
5.280195
5.247741
5.271356
5.143292
5.304526
5.339454
5.070610
5.020772
5.498151
5.592887
5.250135
5.251133
4.814709
4.936964
4.736422
5.028607
5.276962
5.258261
5.717631
5.391078
5.289036
5.664657
5.702568
5.627701
5.828366
5.628924
5.752801
5.507371
5.140177
5.141885
5.510758
5.290388
5.382498
5.239120
4.884488
5.218785
5.655049
5.815385
5.429314
5.322251
5.027504
5.410394
5.259780
5.278325
5.424148
5.269856
5.531187
5.491498
5.556390
5.441310
5.264076
5.282298
5.295807
5.399550
5.798882
5.542124
5.653429
5.648276
5.449211
4.934968
5.374110
5.358010
5.163342
5.408505
5.183199
5.187411
5.169205
5.402928
5.372162
5.458366
5.951252
5.751984
5.466070
5.328641
5.824883
6.186134
5.717460
5.779678
5.989384
5.785441
5.281452
4.963229
5.149473
5.437213
5.445229
5.415544
5.141605
5.611785
5.582275
5.608443
5.365784
5.458768
5.410660
5.087287
5.098167
5.371968
5.317356
5.260175
5.338171
5.288276
5.395473
5.674778
5.536995
5.495486
5.552781
5.156130
4.921098
5.221626
5.314788
5.189068
5.741168
5.293742
5.461534
5.670836
5.972410
5.588099
5.590062
5.316607
5.469371
5.078730
5.425472
5.049198
5.208159
5.424978
5.282088
5.036701
5.211591
5.390905
5.105531
5.282622
5.397682
5.601988
5.210512
5.485215
5.497800
5.462438
5.423285
5.095130
5.034393
5.524173
5.290211
5.580221
5.035563
4.944006
4.993962
5.066902
5.243544
5.474620
5.200410
5.376180
4.831582
4.933189
5.193581
5.509247
5.535261
5.581053
5.475798
5.643856
5.677154
6.175543
5.604569
5.623659
5.636969
5.573913
5.593659
5.747908
5.863688
5.362433
5.324806
5.744773
5.366267
5.487511
5.390230
5.374866
5.631906
5.698253
5.593488
5.131180
5.283079
5.214080
5.262723
5.617962
5.594914
5.620202
5.744813
5.831390
5.737217
5.656357
5.623216
5.659630
5.631097
5.108375
5.137131
5.171900
5.300321
5.570947
5.583399
5.522215
5.471375
5.305622
5.365220
5.143267
4.944059
5.184471
5.014046
5.225274
5.533088
5.414310
5.502170
5.339249
5.476670
5.447741
5.577776
5.406110
5.558113
5.779117
5.718603
5.536196
5.324991
5.230891
5.485790
5.296144
5.089202
5.137153
4.967623
5.186836
5.485122
5.443029
5.407882
5.866656
5.570345
5.658498
5.607171
5.513947
5.608036
5.580333
5.598318
5.260243
5.701036
5.894458
5.574509
5.287999
5.260271
5.580402
5.596893
5.285238
5.118704
5.032567
4.972751
5.372961
5.161952
5.393516
5.076457
5.335538
5.160530
5.120265
4.911526
5.009374
4.950188
4.735440
4.646918
5.188173
5.131538
5.040247
5.072611
5.374260
5.395806
5.192095
5.239258
5.199710
5.099336
5.227396
5.369116
5.379175
5.110179
5.384850
5.829499
5.829690
5.574718
5.660892
5.516466
5.377174
5.297590
5.528309
5.593081
5.504699
5.396053
4.919525
5.108212
5.120305
5.200749
4.964049
4.977502
4.811970
5.290419
5.379342
4.970449
5.678233
5.585893
5.698314
5.444505
5.578878
5.633872
5.185455
5.287166
5.010736
5.175009
4.986771
5.205642
5.224155
5.012596
5.438162
5.621609
5.605828
5.652525
5.319952
5.462943
5.494446
5.429138
5.596845
5.515729
5.306767
5.193868
5.367421
5.830145
5.541149
5.495665
5.397460
5.009095
5.197614
5.110420
5.314473
5.155857
5.417470
5.652785
5.537575
5.566371
5.402572
5.566086
5.830594
5.725570
5.703994
5.503022
5.387991
5.835839
5.684469
5.276987
5.448601
5.265234
5.505460
5.758521
5.694456
5.560243
5.271932
5.237025
5.355318
5.558904
5.131676
5.289746
5.305538
5.110883
5.031196
4.933661
5.165453
5.323833
5.414901
5.229625
5.763699
5.494495
5.295032
5.380061
5.040471
5.113587
5.258047
5.718873
5.248341
5.540133
5.410106
5.628701
5.235371
5.239141
5.349107
5.421850
5.807311
5.592747
5.575605
5.513137
4.947000
5.108216
5.470991
5.435624
5.623027
5.843775
5.715261
5.839486
5.739748
5.716569
5.450734
5.029078
5.169851
5.226749
5.212186
5.376786
5.041859
5.316416
5.497082
5.768690
5.750643
5.353017
5.310337
5.454148
5.656915
5.261503
5.684766
5.227652
5.305157
5.075189
4.933764
5.181626
5.089925
5.218257
5.167086
5.178144
5.237159
5.242509
5.170950
5.298123
5.412236
5.368027
5.240452
5.415611
5.363708
5.527676
5.521265
5.207739
5.423488
5.455302
5.382803
5.136146
4.947404
4.886454
4.856436
5.411540
5.597461
5.273624
4.758518
4.836493
4.466568
4.468841
4.983209
5.335709
5.672973
5.534226
5.403878
5.341219
5.272070
5.442160
5.396950
5.329682
5.502597
5.828443
5.557714
5.664219
5.469860
5.300708
5.197847
5.587833
5.323720
5.311016
5.564975
5.467974
5.387787
5.202601
5.182973
5.192609
5.462290
5.389942
5.136439
5.310705
4.652836
5.065238
5.044756
5.184017
4.971735
5.456163
5.286535
5.399442
5.397211
5.439425
5.359103
5.215000
5.207518
5.218070
5.277742
5.176457
5.546493
5.194438
5.284872
5.422570
5.425985
5.630728
5.781377
5.850073
5.492350
5.324400
5.408627
5.448407
5.593308
5.188412
5.127558
5.184552
5.045908
5.076167
5.347276
5.565752
5.530785
5.426129
5.365312
5.349150
5.455176
5.174627
5.388087
5.571677
5.406349
5.401232
5.260394
5.248178
5.193998
5.381015
5.227765
5.018973
5.024215
5.074416
5.161323
5.325129
5.495757
5.256467
5.006231
5.236306
5.198842
4.999035
5.121515
5.244324
5.441183
5.743177
5.884749
5.847046
5.631089
5.667959
5.477011
5.364570
5.637299
5.705316
5.605226
5.535065
5.424411
5.716627
5.580105
5.332220
5.429746
5.642633
5.531261
5.585953
5.305234
5.579587
5.245494
5.213964
5.482773
5.544819
5.498347
5.496007
5.298293
5.162743
5.308574
5.673411
5.424711
5.432201
5.192153
5.283757
5.259372
5.569382
5.202591
5.481220
5.733454
5.284301
5.179099
5.394607
5.537115
5.433159
5.450133
5.557570
5.438345
5.347922
5.371506
5.130276
5.218012
5.112605
5.302631
5.451771
5.485880
5.386108
5.261404
5.606863
5.445743
5.163305
5.569455
5.429921
5.641385
5.801461
5.566482
5.621494
5.240751
5.389024
5.638109
5.868579
5.468087
5.509110
5.358939
5.282801
5.197660
5.301324
5.258096
5.240696
5.236564
5.117070
5.001502
5.352738
5.255614
5.193210
5.380824
5.276362
5.712727
5.741383
5.756613
5.473098
5.417099
5.325483
5.267389
5.183735
5.482446
5.064241
5.096692
5.135273
5.174346
5.474497
5.633811
5.792425
5.794813
5.417404
5.746022
5.571787
5.663181
5.028083
4.958905
4.849169
5.211781
5.516403
5.568794
5.215495
5.428067
5.664830
5.507510
5.677915
5.347789
5.406416
5.443646
5.357117
5.409115
5.296186
5.388234
5.222820
5.442776
5.022179
5.169577
4.790657
5.160221
5.364824
5.410766
5.505069
5.500522
4.879617
4.919960
5.139823
5.176253
4.892193
5.241310
5.248436
5.375176
5.071386
5.439084
5.203467
5.238608
5.120139
4.457343
4.626955
5.006600
4.957800
5.275757
5.346869
5.284343
5.703674
5.433434
5.282046
5.311784
5.112248
5.163658
5.368311
5.533323
5.481285
5.482494
5.754296
5.701605
5.407280
5.528747
5.720196
5.589529
5.735766
5.498950
5.633569
5.422710
5.761566
5.496635
5.710295
5.415423
5.569443
5.543741
5.933992
5.170637
5.193465
5.402172
5.584920
5.131842
5.349390
5.137681
5.046150
4.964071
5.457070
5.698867
5.771130
5.519274
5.423306
5.452219
5.583819
5.406958
5.469412
5.394545
4.997293
5.224246
5.592402
5.393864
5.661949
5.469219
5.444297
5.115848
5.628948
5.428798
5.563673
5.078085
4.935753
5.247004
4.933983
5.099184
5.325796
5.417652
5.522113
5.724907
5.664683
5.577642
5.895214
5.671627
5.367163
5.231912
5.060623
5.208411
5.568546
5.037251
5.336769
5.411282
5.449587
5.654011
5.500907
5.267719
5.397030
5.386720
5.259902
5.564673
5.335205
5.208928
5.169797
5.538779
5.380504
5.618566
5.558370
5.448466
5.268180
4.907703
4.879551
4.854831
5.229849
5.241521
5.670715
5.441056
5.781602
5.717605
5.784474
5.405381
5.354453
5.395364
5.302798
5.109206
5.156514
5.261772
5.567684
5.565140
5.401363
5.261036
5.059554
5.083472
5.252843
5.129072
5.420542
5.453527
5.248771
5.210788
5.322698
5.248321
5.343429
5.123173
5.173863
5.226147
5.049414
4.858332
5.201441
5.342467
5.354077
5.576609
5.444103
5.661693
5.193778
5.269541
5.625363
5.799750
5.402281
5.276235
4.895386
4.696622
5.015451
4.954173
5.275598
5.431139
5.395294
5.427427
5.344332
5.431483
5.136832
5.144130
5.406107
5.119945
4.993642
5.175687
5.581622
5.661966
5.702428
5.589295
5.278206
5.269412
5.225628
5.506978
5.386992
5.537695
5.578092
5.579512
5.500303
5.398303
5.434479
5.458578
5.321368
5.522308
5.185957
5.429787
5.831343
5.901669
5.523465
5.748175
5.338492
5.521303
5.456432
5.520149
5.348215
5.217057
5.432040
5.235293
5.015154
5.285925
5.564470
5.331490
5.898803
6.074627
5.857789
5.830616
5.488648
5.398737
5.608467
5.450846
5.386725
5.308593
5.493623
5.518865
5.338930
5.489981
5.404505
5.235657
5.426605
5.584028
5.644542
5.727448
5.802298
5.299138
5.033979
5.310377
5.311169
5.358822
4.950308
5.360393
5.015961
4.761826
4.953548
5.297424
5.051330
5.147802
5.033946
4.996905
4.837633
4.941442
5.430452
5.396102
5.099838
5.147326
5.552608
5.423908
5.469726
5.528444
5.356081
5.698824
5.483655
5.635342
5.510978
5.664012
5.608315
5.394567
5.667608
5.752476
5.671317
5.547207
5.704485
5.439261
5.276628
5.180477
5.149830
5.690340
5.198657
5.039612
5.284673
5.146966
5.137128
5.014114
4.995585
5.150115
5.119884
5.023361
5.307589
5.272385
5.327287
5.258458
5.333588
5.331410
5.706585
5.647566
5.567166
5.252433
5.058586
5.195876
5.210148
5.023545
5.087781
5.261358
5.448376
5.472100
5.549242
5.693575
5.621671
5.682760
5.358299
5.290600
5.352042
5.433640
5.507897
5.549330
5.499577
5.505703
5.597456
5.587958
4.982373
5.255268
4.997602
5.234163
5.076775
5.085825
5.269389
5.431476
5.486293
5.227803
5.282680
5.374968
5.037999
4.939085
5.124001
5.075192
5.470682
5.358826
5.505977
4.792972
5.006773
5.415591
5.705834
5.251113
5.147062
5.487608
5.377351
5.706786
5.718073
5.546875
5.696178
5.455825
5.286153
5.416436
5.183902
5.199607
5.953291
5.956980
5.587547
5.082915
5.005702
5.223371
5.150332
5.740293
5.677496
5.696578
5.361222
5.386771
5.428766
5.742239
5.805576
5.483622
5.057573
5.545723
5.667357
5.481773
5.884652
5.682757
5.383933
5.283983
5.492668
5.364010
5.479474
5.421051
5.098251
4.902443
4.968377
5.494761
5.256759
5.389742
5.491462
5.148565
5.060853
4.864803
4.863956
4.919534
4.881411
4.932593
5.020798
5.102037
5.475005
5.923978
5.042209
5.286069
5.292637
5.565117
5.621976
5.746217
5.545840
5.361492
5.552449
5.615528
5.486893
5.395603
5.243190
5.354687
5.532065
5.247438
5.313593
5.469782
5.405158
4.990237
5.229113
5.401801
5.563030
5.808388
5.824719
5.585063
5.274212
5.684669
5.541663
5.463959
5.449168
5.577145
5.127403
5.398121
5.508215
5.487501
5.355059
5.176241
5.050437
5.652201
5.692310
5.463121
5.620302
5.677682
5.188444
5.615972
5.517460
5.667575
5.652275
5.599453
5.552105
5.306785
5.498340
5.917652
5.791977
5.287985
5.138226
4.934452
5.034939
5.220444
5.491523
5.502634
5.600762
5.437647
5.257992
5.581335
5.408705
5.637880
5.410582
5.395005
5.368471
5.350711
5.414137
5.308122
5.522664
5.733633
5.206766
5.188442
5.415438
5.558220
5.144205
5.238098
4.977128
4.891282
5.022639
5.154964
5.682943
5.326412
5.374664
5.574670
5.206739
5.228606
5.501046
5.266872
5.380342
5.126386
5.290270
5.637958
5.944091
6.061247
5.439278
5.558320
5.638790
5.515357
5.176524
5.203866
5.186045
5.248883
5.066134
5.046855
5.274075
5.515975
5.656622
5.254247
5.374407
5.425378
5.383781
5.449787
5.455688
5.571804
5.736141
5.342196
5.310346
5.121042
5.243726
4.965980
5.522493
5.438358
5.304811
5.526624
5.370504
5.303598
5.323893
5.351311
5.157576
5.526846
5.624924
5.055914
5.045302
4.896217
5.188329
5.775684
5.339923
5.733853
5.214494
5.226123
5.272236
5.838447
5.702276
5.745588
5.436653
5.409929
5.229400
4.970086
5.054871
5.035888
5.264366
5.712480
5.648977
5.276069
5.331294
5.476577
5.595350
5.248486
5.124583
5.205711
5.303935
5.589265
5.446329
5.232735
5.612502
5.587773
5.369372
5.532160
5.190955
5.255485
5.376827
5.336442
5.324400
5.475777
5.362517
5.661718
5.352971
5.082590
5.629403
5.758834
5.799508
5.335511
5.197625
5.404561
5.321541
5.301871
5.215024
5.172872
5.472616
5.364536
5.462932
5.415512
5.120623
5.034030
4.947875
4.971679
5.298048
5.383156
5.420798
5.613144
5.694073
5.663857
5.555599
5.916976
5.609483
5.818644
5.775303
5.998860
5.719052
5.531286
5.455785
5.562702
5.260149
5.406461
5.417901
5.238519
5.153464
5.168059
5.343388
5.477085
5.463067
5.061590
5.661283
5.728679
5.514358
5.475998
5.644705
5.926072
6.029348
5.583874
5.450967
5.345739
5.575878
5.206067
5.262058
5.575190
5.615325
5.209679
5.449677
5.195789
5.561405
5.605770
5.786322
5.374234
4.948113
5.101186
5.324534
5.561538
5.172190
5.073144
4.943043
5.118808
5.287188
5.169914
5.224892
5.188139
5.582083
5.137392
5.063642
5.722492
5.660155
5.263195
4.867801
5.106956
5.408532
5.480449
5.808795
5.643312
5.808481
5.850075
5.658470
5.458484
5.217491
5.676982
5.607862
5.835930
5.947361
5.727460
5.461904
5.252219
5.283311
5.396900
5.133247
5.412275
5.686258
5.454388
5.270546
4.730278
4.965887
4.993041
5.546734
5.436993
5.359887
5.645818
5.823764
5.484581
5.315953
5.233952
4.999784
4.846660
4.895147
4.820830
5.310988
4.811796
4.848569
5.204198
5.325231
5.520521
5.576223
5.677534
5.532300
5.412313
5.049002
5.224024
5.349056
5.471840
5.239663
5.275369
5.101365
5.293099
5.419387
5.501320
5.282604
5.707208
5.472753
5.722571
5.584935
5.621837
5.673901
5.404279
5.451090
5.698814
5.741969
5.243646
5.003256
5.145589
5.442241
5.383477
5.312405
5.230127
5.249804
5.553033
5.669814
5.831613
5.531757
5.347445
5.317914
5.293605
4.767361
5.143257
5.189285
5.004802
5.205658
5.161722
5.170489
5.018920
5.251120
5.384276
5.390771
5.653062
5.376617
5.202093
5.361651
5.141115
5.630205
5.215608
5.189318
5.463543
5.343229
5.393559
5.227773
5.276013
5.317747
5.545508
5.632716
5.370439
5.429219
5.488323
5.617622
5.511931
5.632165
5.527780
6.012199
5.415280
5.537296
5.540523
5.709678
5.568112
5.535602
5.284241
5.648700
5.335153
5.055163
5.320568
5.448318
5.273246
5.272788
5.197249
5.352097
5.709531
5.499807
5.483548
5.594564
5.192773
5.410016
5.685312
5.802171
6.030307
5.536641
5.826781
5.984176
5.559556
5.899191
5.690790
5.530289
5.095637
5.287044
5.603285
5.548887
5.322469
5.420907
5.732185
5.546296
6.267495
5.575866
5.937412
5.573298
5.627716
5.949839
5.761876
5.736125
5.587876
5.707445
5.501660
5.609124
5.741123
5.875093
5.667803
5.489132
5.621410
5.503254
5.170882
5.505980
5.311104
5.198235
4.978918
5.116887
5.010265
5.668897
5.456057
5.303730
5.360155
5.239323
5.197411
5.201256
5.850549
5.793744
5.899799
5.852494
5.342516
5.459108
5.543408
5.441482
5.550808
5.227818
5.197071
5.342277
5.188481
4.909967
5.091203
5.147260
5.300971
5.343485
5.188551
5.217360
5.574624
5.353037
5.564586
5.549694
5.628926
5.387102
5.309548
5.463609
5.171178
5.621641
5.764122
6.097759
6.112340
5.963592
5.652833
6.070409
5.998676
5.595426
5.438374
5.505583
5.449384
5.401242
5.773693
5.697108
5.675813
5.415451
5.287388
5.765126
5.565938
5.696539
5.792076
5.497325
5.127749
5.271339
5.401531
5.343483
5.602183
5.453621
5.521234
5.838345
5.237313
5.394832
5.685283
5.711360
5.499126
5.364538
5.367593
5.351310
5.186284
5.644615
5.118609
5.140101
5.350366
5.037363
4.944185
5.215500
5.024867
4.758695
4.839928
5.235231
5.303473
5.676147
5.593062
5.257323
5.035009
5.237669
4.983267
5.156456
4.951624
5.066870
5.360795
5.344230
5.235275
5.493348
5.687278
5.460912
5.530639
5.789582
5.511320
5.505118
5.199161
4.809644
4.592102
4.681818
4.843597
4.934296
5.379122
5.420158
5.360057
4.972104
4.850962
5.765966
5.304171
5.520357
5.533918
5.172787
5.218014
5.325989
5.437767
5.274480
5.890820
5.514694
5.196568
5.241737
5.271210
5.000077
5.188130
5.674127
5.549681
5.920953
5.695741
5.640620
5.415438
5.137959
5.162569
5.431951
5.441640
5.468159
5.062453
5.278163
5.301463
5.435380
5.501789
5.095824
4.980290
5.627994
5.582197
5.751925
5.598481
5.457744
5.138873
5.265950
5.440905
5.333123
5.611892
5.088413
4.984579
5.459834
5.386729
5.252383
5.266190
5.505649
5.383348
5.132835
5.791299
5.486547
5.616978
5.749787
5.540295
5.084928
5.219919
5.363735
5.389282
5.711930
5.807678
5.994326
5.940187
5.328239
5.216818
4.964481
5.187206
5.455883
5.591000
5.795014
5.299759
5.271239
5.003245
5.232450
5.290149
5.203783
4.972694
5.146987
5.168766
5.435756
5.504460
5.504184
5.713604
5.737869
5.816449
5.718782
5.495574
5.770997
5.685348
5.733124
5.821022
5.603898
5.530059
5.278608
5.469375
5.880434
5.616969
5.773794
5.627910
5.224320
5.775324
5.488761
5.223909
5.235756
5.378561
5.252064
5.167729
5.245807
5.385878
5.397637
5.492287
5.510557
5.356202
5.626651
5.351682
5.329452
5.181210
4.991566
4.970814
5.264330
5.521790
5.542575
5.925611
5.869563
5.401564
5.497404
5.477766
5.482960
5.524234
5.500218
5.467474
5.466890
5.203049
5.183369
5.444705
5.352258
5.037292
5.123964
5.325249
5.491152
5.720413
5.500631
5.459505
5.641256
5.426976
5.152759
4.819677
4.946461
5.087251
5.127653
5.088974
5.248690
5.143525
5.310582
5.808048
5.785124
5.227893
5.039019
5.245046
5.234393
5.266410
5.331249
5.624687
5.289305
5.486117
5.431180
5.290872
5.375992
5.456734
5.631857
5.321939
5.340859
5.281929
5.006716
4.908108
5.029501
5.106903
5.379253
5.225710
5.334333
5.617217
5.169135
5.262906
5.206510
5.028187
4.908776
4.946100
5.068294
4.938820
5.153668
5.181932
5.272532
5.095981
5.034532
5.093887
5.262044
5.038478
5.111177
5.158924
5.523219
5.517855
5.692822
5.454051
5.498168
5.295921
5.246221
5.075005
5.175668
4.924125
4.937617
5.379476
4.999639
5.254919
5.520468
5.372385
5.770550
5.576378
5.192626
5.564901
5.449107
5.550981
5.307332
5.028842
4.689275
4.514086
4.553737
4.679739
4.931087
5.364352
5.202884
5.090625
5.128172
5.115878
5.432233
5.232928
5.406586
5.445396
5.203026
5.349555
5.641571
5.201508
5.354385
5.226995
5.246914
5.199349
5.274428
5.274001
5.354755
5.154901
5.190536
5.292133
5.585985
5.219213
5.119002
5.203440
5.048152
5.651100
5.572641
5.164935
5.097549
5.381862
5.303877
5.515475
5.282282
5.238589
5.316714
5.450224
5.411572
5.558991
5.358878
5.502056
5.896311
5.968514
5.732339
5.725229
5.598785
5.529647
5.932693
5.691070
5.529374
5.591888
5.303489
5.380206
5.195009
5.646740
5.462675
5.352515
5.373445
5.543534
5.367692
5.313508
5.072380
5.496785
5.308313
5.097343
5.293266
5.497606
5.362324
5.658113
5.577283
5.442050
5.418310
5.536676
5.381372
5.449169
6.042387
5.424935
5.048984
5.136345
5.425048
5.518032
5.423013
5.426300
5.599269
5.548785
5.341450
5.470310
5.772920
5.628139
5.397122
5.324188
5.326604
5.375735
5.579559
5.830412
5.491905
5.654020
5.681400
5.536214
5.371194
5.513509
5.467696
4.970388
5.071318
5.193457
5.239831
5.201051
5.416654
5.486489
5.953950
5.944734
5.841218
5.526971
5.738543
5.556172
5.481068
5.705960
5.727287
5.580803
5.787524
5.618695
5.493639
5.214931
5.293690
5.449867
5.641593
5.632299
5.527827
5.244297
5.167668
5.125617
5.390669
5.145293
5.384864
5.287097
5.409887
5.673111
5.285234
5.111395
5.404513
5.605749
5.232374
5.215593
5.325469
5.483367
5.486467
5.244385
5.114508
5.265647
5.323888
5.355236
5.075739
5.574113
4.931092
4.973576
5.347334
5.240979
5.553328
5.951976
5.726716
5.539569
5.163700
5.218852
5.211787
5.541451
5.344654
5.836004
5.795265
5.523185
5.452237
5.459705
5.528842
5.364265
5.267647
5.205429
5.612961
5.848082
5.048994
4.818425
4.877908
4.719876
5.197043
5.019803
5.193326
5.409408
5.038677
5.305842
5.206350
5.223248
5.640973
6.046856
6.064452
5.327130
5.924698
5.943794
5.652841
5.472519
5.663073
5.472193
5.494545
5.583491
5.448563
5.493023
5.551171
5.396812
5.283942
5.097440
5.015404
5.343894
5.188146
4.901653
5.322355
5.673727
5.708475
5.730279
5.595902
5.433154
5.860527
5.679850
5.414520
5.495019
5.295789
5.370952
5.532330
5.486267
5.414434
5.420421
5.746981
5.910344
5.542023
5.513070
5.434235
5.491849
5.527527
6.033769
5.497016
5.479547
5.467303
5.334827
5.114113
5.205318
5.314867
5.603959
5.362919
5.208600
5.345220
5.423839
5.214546
5.226276
5.154378
5.217831
5.573177
5.562244
5.477543
5.742170
5.287979
5.358911
5.369224
5.346052
5.474698
5.262149
5.082041
5.145807
5.287726
5.373592
5.619437
5.620648
5.431979
5.633743
5.539599
5.681792
5.452657
5.968364
5.558470
5.936489
5.700285
5.577351
5.323267
5.514545
5.377400
5.449875
5.415753
5.346857
5.453054
5.122383
5.275195
5.343109
5.495608
5.350561
5.277832
5.132365
4.914942
5.067476
5.204182
5.014973
5.069639
5.170341
5.043179
4.876957
4.944559
5.540088
5.510263
5.591334
5.629244
5.677979
5.792579
5.720193
5.484436
5.461295
5.495892
5.575551
5.641549
5.759943
5.497404
5.492852
5.341207
5.204960
5.299583
5.323812
5.466895
5.464391
5.681243
5.391900
5.404782
5.545950
5.499343
5.487398
5.545451
5.526499
5.664035
5.616127
5.472570
5.157394
5.619149
5.456277
5.372385
5.358796
5.304650
5.206477
4.943182
5.194813
5.738205
5.589708
5.829561
5.747047
5.808542
5.439531
5.550662
5.506902
5.640113
5.506286
5.654106
5.316232
5.207401
5.368378
5.435748
5.366902
5.435327
5.406562
5.635061
6.002793
5.723670
5.786907
5.366733
5.336219
5.490620
5.267326
5.537642
5.440521
5.530168
5.538947
5.500106
5.752335
5.517084
5.599300
5.278579
5.511015
5.065065
5.328696
4.994875
5.736509
5.492737
5.280527
5.738056
5.915407
5.599450
5.305091
4.813780
4.902243
4.826727
4.649515
4.886114
5.055448
5.434157
5.343757
5.524291
5.617473
5.553805
5.026100
5.183262
5.209310
5.188832
5.568713
5.587626
5.703835
5.509210
5.193494
5.476416
5.348536
5.530997
5.538070
5.384287
5.491333
5.706935
5.593304
5.281737
5.387071
5.077329
5.374880
5.632778
5.539729
5.601641
5.357124
5.473127
5.195123
4.959548
4.844777
5.115951
5.139345
5.524619
5.569209
5.319092
5.143383
5.334606
5.351559
5.404121
5.436865
5.273111
5.850170
5.900965
5.708602
5.698086
5.562657
5.684961
5.059191
5.167673
4.550747
4.654644
5.275717
5.519852
5.691442
5.402513
5.239721
5.262578
5.072264
5.201264
5.169648
5.288566
5.267856
5.179900
5.134540
5.180373
5.267944
5.264065
5.344012
5.410491
5.139335
5.357812
5.426668
5.832976
5.709116
5.766898
5.587829
5.135583
4.973999
5.205297
5.551945
5.524547
5.470332
5.521298
5.851921
5.744535
5.379595
5.347062
5.741886
5.220836
5.235235
5.285054
5.480105
5.701190
5.688022
5.511148
5.491514
5.321962
5.302564
5.503295
5.527050
5.382626
5.461860
5.619355
5.428351
5.717838
5.563835
5.468836
5.329447
5.415158
5.474379
5.613721
5.303134
5.434124
5.369027
5.310702
5.471254
5.381660
5.328848
5.415977
5.186080
5.317975
5.110526
5.279039
5.572308
5.490654
5.461527
5.520228
5.678070
5.738043
5.498751
5.629969
5.493787
5.716874
5.357175
5.112869
5.150503
5.045506
5.374604
4.995733
5.151373
5.059319
5.754514
5.728834
5.684109
5.750419
5.582551
5.488629
5.620504
5.472065
5.641746
5.404102
4.882171
5.394159
5.414799
4.987781
5.420871
5.174437
5.069915
5.044351
5.110658
5.104211
5.110010
5.712481
5.603470
5.533761
5.593449
5.921466
5.937836
5.590161
5.770193
5.139497
5.322458
5.210469
5.321746
5.191384
5.513754
5.410773
5.515271
5.695756
5.888054
5.857778
5.883435
5.647893
5.332837
5.480001
5.398774
5.337023
5.572018
5.703446
5.554796
5.256603
5.483559
5.548957
5.851198
5.551270
5.270841
5.215789
5.317744
5.263854
5.094716
5.509904
5.606527
5.910114
5.738694
5.743974
5.880353
5.704247
5.487430
5.568031
5.432320
5.487844
5.401533
5.688561
5.501448
5.650739
5.556877
5.649377
5.379679
5.222255
5.440778
5.249826
5.436651
5.392757
5.549357
5.485049
5.071120
5.170026
5.346206
5.701797
5.489525
5.295041
5.357193
5.821605
5.745782
5.471779
5.515582
5.454465
5.486465
5.524957
5.197285
4.840408
5.124277
5.214455
5.227737
5.633548
5.432132
5.058285
5.594024
5.988350
5.554433
5.280283
5.228111
5.277400
5.516411
5.183791
5.229259
5.434259
5.337172
5.435546
5.727379
5.534029
5.567077
5.654313
5.445310
5.236645
5.271958
5.441336
5.541447
5.343525
5.263396
4.920705
5.363051
5.321289
5.448408
5.636725
5.282138
5.359291
5.372732
5.833288
5.688243
5.260204
5.341949
5.266603
5.246844
5.460145
5.411380
5.359876
5.283678
5.801775
5.205940
5.357025
5.263081
5.443252
5.424655
5.182480
5.552134
5.565392
5.672865
5.454766
5.542580
5.592923
5.759699
5.758352
5.742711
5.572871
5.619901
5.377422
5.134825
5.388090
5.742650
5.749532
5.651453
5.113797
5.179163
4.915207
5.296309
5.172252
5.350709
5.185037
5.097283
5.157194
5.431808
5.263725
5.274686
5.219031
5.489645
5.685103
5.676951
5.513917
5.319261
5.254234
5.125418
5.250269
5.275609
5.529295
5.095765
5.573582
5.229866
5.050226
4.960174
4.949077
4.815741
4.981207
5.185782
5.498945
5.307176
5.273266
5.042951
5.369553
5.204622
5.136412
5.283692
5.120188
5.595710
5.470735
5.523001
5.829354
5.213389
5.280905
5.271082
5.426577
5.793232
5.681708
5.501038
5.417203
5.330320
5.278039
5.197994
5.393410
5.520613
5.238088
5.531613
4.990907
5.192896
5.170609
5.294036
5.352238
5.442374
5.165818
5.535733
5.412823
5.207252
5.019119
4.912814
5.379530
5.483187
5.638221
5.335578
5.635580
5.728057
5.598687
5.689672
5.522959
5.509866
5.458802
5.530336
5.824451
5.598067
5.361380
5.313049
5.106480
5.065486
5.175331
4.783027
5.200171
5.036430
5.343806
5.833214
5.513342
5.348699
5.244318
5.402861
5.419973
5.208293
5.372852
5.620722
5.459005
5.618410
5.388576
5.598206
5.708107
5.511427
5.279581
5.081066
5.189762
5.359414
5.241297
5.236651
4.950891
4.926055
4.802296
4.865506
5.008170
4.852210
4.799391
5.285955
5.625843
5.394825
5.383260
5.437762
5.299349
5.316838
5.461641
5.224970
5.098229
5.772239
5.448940
5.323347
5.156266
5.082041
5.314732
5.137623
5.299598
5.629202
5.522723
5.131082
5.441874
5.806963
5.588418
5.340388
5.263412
5.511498
5.376303
5.274929
5.096678
5.274812
5.174234
5.042492
5.006463
5.106292
5.104186
5.231504
5.332238
5.265087
5.558137
5.089323
5.107457
5.600590
5.557062
4.989824
5.113095
5.483642
5.561750
5.772802
5.725727
5.567152
5.154450
5.418578
5.441776
5.798785
5.560678
5.404021
5.425332
5.179294
5.317124
4.870472
5.303504
5.092884
5.206392
5.178048
5.560838
5.680158
5.968110
5.765547
5.678328
5.658450
5.449999
5.423729
5.755632
5.326953
5.382335
5.134035
4.962198
5.504344
5.289775
5.652529
5.328183
5.329722
5.447745
5.469226
5.760515
5.693057
5.498865
5.353592
5.325174
5.371147
5.273854
5.599986
5.371779
5.167532
5.557256
5.464636
5.275895
5.326407
5.399933
5.426743
4.914298
5.092459
5.191284
5.137743
5.615558
5.679651
5.366499
5.216188
5.234894
5.119374
5.375713
5.315639
5.603850
5.586756
5.250352
5.566232
5.834596
6.064552
5.793344
5.176968
5.391875
5.323486
5.270565
5.229289
5.325949
5.357018
5.766724
5.408845
5.324180
5.473002
5.163247
5.215096
5.433053
5.247324
5.051944
5.089852
5.187925
5.006730
5.329396
5.121877
5.343352
5.575388
5.392898
5.273695
5.495495
5.706090
5.915288
5.804508
5.579260
5.299147
5.054292
5.205750
5.348955
5.208659
4.891023
4.595530
4.819556
5.221576
5.532726
5.282878
4.975451
4.969485
4.888616
5.088674
5.502648
5.121387
5.687751
5.491938
5.630133
5.532403
4.970717
5.353884
5.539009
5.388364
5.550759
5.587817
5.201398
5.343008
5.624789
5.658846
5.578749
5.670303
5.418238
5.363152
5.145539
5.185757
5.305569
5.465554
5.716283
6.095942
5.768268
5.437092
5.616809
5.525274
5.492764
5.479538
5.623182
5.385942
5.425429
5.639029
5.886343
5.382901
5.537381
5.290027
5.277336
5.447531
5.120829
5.558952
5.902521
5.869756
5.842817
5.951791
6.035671
5.834319
5.264352
5.374983
5.256072
5.625330
5.293785
5.189454
5.228454
5.183016
5.149503
5.395634
5.244100
5.219207
5.531261
5.357040
5.529827
5.608872
5.315771
5.518427
5.252629
5.128186
5.165474
4.981431
5.184950
5.428922
5.652668
5.600493
5.709494
5.658390
5.338240
5.118096
5.298321
5.107771
5.137666
5.434863
5.085064
5.029707
5.121199
5.355083
5.285108
5.394048
5.291153
5.652417
5.833492
5.664134
5.875942
5.614943
5.175735
5.251112
5.208849
5.137045
5.447277
5.478745
5.449611
5.077753
5.286086
5.372448
5.342809
5.180346
5.130915
5.431497
5.607538
5.604942
5.529893
5.378604
5.640553
5.441461
5.355548
5.369628
5.273391
5.029027
5.374877
5.613220
5.023873
5.219046
5.550576
5.421954
5.172200
5.343885
5.691695
5.423008
5.635347
5.327609
5.162137
5.324268
5.252717
5.449350
5.459655
5.556564
5.542180
5.773660
5.493512
5.330267
5.353668
5.310072
5.556810
5.339664
5.326785
5.616078
5.318316
5.224937
5.275832
4.772826
4.951866
5.153553
5.134029
5.187523
5.497949
5.278044
5.322139
5.126651
4.784763
5.126820
4.987421
5.382449
5.984985
5.856730
5.918996
6.044060
5.512647
5.450600
5.365391
5.279684
5.362356
5.736767
5.661063
5.058101
5.231936
5.345172
4.938619
5.191197
5.122787
5.237625
5.580558
5.756869
5.675480
5.472198
5.343234
5.671680
5.347066
5.662640
5.281300
5.071597
5.067696
5.474236
5.336728
5.355737
5.467596
5.265576
5.106245
5.395026
5.183981
5.165396
5.050720
5.191429
5.723512
5.573453
5.502435
5.571781
5.573302
5.343341
5.627258
5.336566
5.558460
5.304265
5.599610
5.500101
5.546792
5.379056
5.641120
5.233489
5.293284
5.341719
5.321870
5.232085
5.467076
5.306565
5.071991
5.070403
5.450405
5.567428
5.357862
5.541399
5.639008
5.398172
5.408203
4.929361
5.119584
4.969053
5.213572
5.444933
5.433166
5.284277
5.325125
5.621849
5.670495
5.430081
5.163705
5.095097
4.730903
5.267384
5.574578
5.369276
5.367858
5.386821
5.470097
5.749136
5.656372
5.593377
5.634568
5.907484
6.144555
5.827163
5.750668
5.422340
5.665534
5.829911
6.001550
5.201615
5.463167
5.651825
5.298581
5.809719
5.268810
5.296259
5.448521
5.544298
5.734567
5.433706
5.339293
5.141210
5.139673
5.210602
4.954418
5.264957
5.214630
5.244948
5.169015
5.027583
5.266713
5.613434
5.159267
5.632719
5.433700
5.709115
5.557997
5.545063
5.093758
5.332139
5.519958
5.340397
5.522211
5.595490
5.274307
5.277289
5.360019
5.376209
5.350783
5.226656
5.665334
5.543736
5.334329
5.275082
5.494905
5.355302
5.340532
5.375050
5.420703
5.246370
5.255021
5.387545
5.363318
5.086148
5.247996
5.211734
5.080556
4.844257
4.936036
5.279294
5.275630
5.320504
5.721959
5.435943
5.400627
5.303219
5.366397
4.980209
5.353942
5.155612
5.317049
5.221007
5.307315
5.288452
5.182491
5.125054
5.437889
5.661050
5.055107
5.187840
5.666025
5.650175
5.377257
5.554892
5.432493
5.713324
5.503254
5.408589
5.306043
5.172292
5.411883
5.412698
5.295194
5.505737
5.733406
5.634550
5.373407
5.455971
5.770846
5.108577
5.113418
5.668345
5.480505
5.896878
5.475709
5.477033
5.158850
5.328774
5.301174
5.267966
5.185506
5.042567
5.153996
5.069801
4.879146
5.149265
4.866972
5.124834
5.164898
5.046339
5.286916
5.277163
5.544058
5.237624
5.366471
5.092963
5.237506
5.303067
4.914019
5.110210
5.272189
5.317053
5.319826
5.873496
5.736082
5.802434
5.937487
5.591800
5.282902
5.226849
4.982784
5.109609
5.715562
5.614424
5.558660
5.496132
5.215825
5.420502
5.329223
5.157841
5.385173
5.234607
5.378710
5.668088
5.757740
5.298343
5.451123
5.397722
5.558634
5.566807
5.766029
5.768708
5.548088
5.506167
5.587579
5.408754
5.409916
5.492639
5.588393
5.192367
4.959506
5.196696
5.312496
5.197769
5.388232
5.676589
5.525325
5.531688
5.986669
6.003369
5.418477
5.460943
5.659113
5.100885
5.109342
5.154634
5.226690
4.979527
5.273818
5.280290
5.458203
5.484354
5.240878
5.656876
5.905052
5.845720
5.795743
5.767518
6.191141
5.642607
5.420788
5.489276
5.582272
5.592948
5.541297
5.527658
5.243290
5.043352
5.263471
5.358256
5.542606
5.323303
5.360575
5.032498
4.992745
5.132934
5.264406
5.442038
5.221033
5.223460
5.106454
4.973535
5.238289
5.536020
5.013356
5.099802
5.297427
5.473030
5.402543
5.147745
5.341080
5.575978
5.379227
5.604958
5.636528
5.395080
5.546879
5.645091
5.454729
5.363938
5.589773
5.332438
5.588827
5.620535
5.849164
5.084666
5.461279
5.238247
5.058763
5.350981
5.376414
5.653018
5.410930
5.294281
5.338469
5.558951
5.542776
5.524933
5.141905
5.072179
4.737580
5.383142
5.564872
5.324060
5.256515
5.171709
5.140204
5.633172
5.606971
5.808272
5.806854
5.422283
5.236120
5.512762
5.643355
5.719942
5.831050
5.322516
5.302904
5.597220
5.652901
5.532185
5.454792
5.213399
5.356977
5.209261
5.482406
5.685045
5.619573
5.604706
5.215426
5.346692
5.415587
5.420277
5.319255
5.197004
5.236198
5.392892
5.274330
5.295753
5.193737
5.129814
5.020009
4.897231
4.820960
5.059155
5.639183
5.019875
5.338401
5.190903
5.214016
5.381966
5.498769
5.455916
5.437731
5.552460
5.403099
5.188052
5.129911
5.091609
5.288277
5.331709
5.234540
4.921663
5.760351
5.588520
5.300700
5.276447
4.976622
5.355198
5.475103
5.698666
5.597678
5.335912
5.156964
5.009055
5.286028
4.911924
5.367189
5.377116
5.563841
5.673523
5.583594
5.373003
5.352454
5.357934
5.460842
5.427298
5.302092
5.116566
5.481580
5.454226
5.708920
5.169237
5.537614
5.306808
5.253676
5.458001
5.421578
5.604817
5.906104
5.507534
5.607855
5.175501
5.391972
5.371465
5.226218
5.224861
5.365331
5.453023
5.389617
5.444027
5.327026
5.100148
4.892456
4.871985
4.765671
4.843256
4.945359
4.984364
5.129497
5.312662
5.679061
5.666601
5.404810
5.524479
5.520231
5.480075
5.714405
5.667240
5.396341
5.329929
5.287121
5.162689
5.390403
5.458808
5.274258
4.747010
5.195463
5.261933
5.347894
5.081731
5.413248
5.543251
5.653980
5.559432
5.608880
5.661908
5.301763
5.654399
5.447069
5.865642
5.621717
5.435401
5.470520
5.521808
5.611282
5.598653
5.502246
5.564048
5.477472
5.623784
5.605884
5.548251
5.445834
5.460582
5.322031
5.472619
5.218185
5.276223
5.423155
5.342880
5.502806
5.233931
5.515497
5.405547
5.174186
5.342633
5.372824
5.320982
5.260312
5.241973
5.181053
5.425436
5.238194
5.671824
5.686227
5.371707
5.430180
5.184687
4.896496
4.922415
5.486230
5.398479
4.848027
5.153977
4.920814
5.298897
5.484852
5.499119
5.270963
5.265425
5.555352
5.305365
5.536717
5.837340
5.596524
5.485657
5.748912
5.445762
5.371654
5.299213
5.118745
5.655425
5.541814
5.359936
5.338020
5.167936
5.283627
5.654800
5.529901
5.438920
5.693004
5.506405
5.307157
5.553285
5.177401
5.428630
5.414777
5.286211
5.496218
5.643090
5.736713
5.208183
5.112828
5.241404
4.914232
4.917685
4.726124
4.884451
4.773629
4.922199
5.152512
5.313325
5.127584
5.117906
4.978024
5.105848
5.042905
5.370279
5.303154
5.442691
5.521351
5.374106
5.271407
5.291317
5.640388
5.620671
5.674392
5.377957
5.297626
5.591780
5.201633
5.428841
5.575249
5.292542
5.220365
5.479866
5.434202
5.309584
5.413179
5.665882
5.520945
4.985480
5.279876
5.305674
4.978966
5.052393
4.963371
4.973344
4.950362
5.469730
5.614974
5.616832
5.294733
5.300629
5.220563
5.622980
5.765223
5.726427
5.384308
5.800901
5.617302
5.388828
5.514094
5.320362
5.280292
5.455788
5.401434
5.357204
5.592595
5.340478
5.241533
5.344420
5.182777
5.481228
5.113460
5.269905
5.562757
5.642747
5.424669
5.528509
5.495723
5.770244
5.879982
5.676175
5.356118
5.264374
5.279647
5.282167
5.217035
5.037353
5.061325
5.164740
5.309393
5.285919
5.277149
5.392333
5.212536
5.053855
5.044634
5.429006
5.385306
5.343219
5.345726
5.187161
5.469827
5.569723
5.641259
5.336814
5.460674
5.472936
5.444161
5.372829
5.687225
5.641630
5.292269
5.315640
5.413967
5.362167
5.724839
5.654352
5.776588
5.597181
5.476134
5.259840
5.415245
5.564819
5.592667
5.685655
5.654833
5.626998
5.714487
5.745786
5.779942
5.647365
5.458152
5.561436
5.210945
4.864154
5.206817
5.357334
5.447842
5.465905
5.330162
5.181969
5.147894
5.353539
5.300300
5.028170
5.117297
5.318954
5.160570
5.182731
5.214422
5.206271
5.147880
5.240973
5.432273
5.416445
5.616698
5.869633
5.674674
5.425673
5.532162
5.465330
5.627405
5.851060
5.584631
5.629376
5.639199
5.601891
5.335126
5.179503
5.346701
5.000493
5.059243
4.869492
5.298156
4.952374
5.479631
5.470206
5.763656
5.931346
5.772156
5.539984
5.383995
5.778374
5.464575
5.759885
5.379701
5.693732
5.654518
5.567241
5.253994
5.144461
5.004158
5.011152
5.277261
5.532524
5.717752
5.546146
5.694434
5.713279
5.612040
5.523285
5.143164
5.610317
5.579570
5.548512
5.432894
5.474755
5.670418
5.629381
5.451232
5.285377
5.254826
5.543437
5.573054
5.412417
5.475942
5.346482
5.552830
5.840437
5.318000
5.188000
5.099598
5.445059
5.442126
5.770541
5.816736
5.534673
5.358971
5.400112
5.073022
5.511010
5.441366
5.316689
5.333845
5.532032
5.366310
5.458980
5.289878
5.265460
5.163717
5.262493
5.381558
5.018447
5.110405
5.099645
4.690472
4.917998
5.035765
4.859199
5.163704
5.124598
5.200561
5.378962
5.536779
5.390514
5.365283
5.684643
5.853039
6.036707
5.665460
5.579767
5.683159
5.332281
5.143563
5.116732
5.053486
5.000701
5.500120
5.309857
5.630334
5.649053
5.969792
5.675762
5.614159
5.835722
5.477564
5.341495
5.224331
5.103380
5.523833
5.136042
4.807596
5.079512
4.827053
4.984762
5.160380
4.944419
5.190287
5.045367
5.144339
5.121497
5.175569
5.318378
5.470412
5.570532
5.526316
5.449354
5.650795
5.805958
5.594085
5.426465
5.519054
5.356767
5.229019
5.211878
5.227999
5.072342
5.308832
5.300823
5.632548
5.486229
5.322232
5.434673
5.481428
5.351642
5.420084
5.075421
5.193930
5.276981
5.551957
5.786729
5.354866
5.427290
5.421068
5.598423
5.167956
5.313639
5.356647
5.192631
5.548330
5.474000
5.247899
5.429644
5.557272
5.306491
5.349262
5.854609
5.512662
5.689526
5.690568
5.739372
5.752131
5.604284
5.672868
5.372929
5.422547
5.279294
5.182761
5.158238
5.271905
5.320690
5.513229
5.062829
5.085116
4.783867
5.263707
5.458601
5.067344
5.151345
5.319753
5.174538
5.252806
5.284871
5.382152
5.419284
5.094934
5.451680
5.251330
5.242561
5.735561
5.436852
5.414341
5.579629
5.607515
5.376955
5.422113
5.424043
5.572703
5.565646
5.626781
5.537895
5.331993
5.600680
5.495050
5.624566
5.184989
5.301962
5.136987
5.160376
5.225772
5.307751
5.185334
5.244956
5.276770
5.520792
5.358071
5.178741
5.240827
5.774540
5.219468
5.441068
5.519833
5.013382
4.981665
4.993931
5.147753
5.019418
5.315589
5.528052
5.598226
5.344350
5.552630
5.520989
5.398315
5.420736
5.304948
5.469210
5.742287
5.606352
5.433338
5.965098
5.898631
5.484022
5.326174
5.397297
5.342287
5.443542
5.132962
5.597504
5.282407
4.989138
5.198157
5.204213
5.450109
5.761585
6.093454
5.748044
5.864910
6.089656
5.778427
5.519368
5.669481
5.719409
5.598235
5.619206
5.277946
5.496178
5.344663
5.451340
5.264543
5.449132
5.065176
5.104225
5.076828
5.575559
5.502039
5.746981
5.613945
5.489006
5.485824
5.465315
4.923517
5.165903
5.296119
5.269408
5.214373
5.368025
5.642363
5.610888
5.501732
5.392042
5.326709
5.389996
5.515893
5.730402
5.801483
5.738900
5.543862
5.738400
5.462622
5.206192
5.507072
5.151748
4.973348
5.260017
5.281577
5.448275
5.473435
5.261382
5.424948
5.551511
5.307996
4.908733
5.082277
4.733434
5.300726
5.363919
5.562523
5.442926
5.124697
5.499212
5.375127
5.267277
5.478548
5.406131
5.228766
5.142458
5.435901
5.376902
5.562678
5.520341
5.752313
5.588623
5.372649
5.218531
5.412555
5.307422
5.551582
5.047709
5.102339
5.116806
5.573997
5.353569
5.361117
5.442905
5.456326
5.433201
5.397550
5.495266
5.974995
5.529185
5.407051
5.661997
5.693195
5.325683
5.436379
5.456469
5.209447
5.399116
5.798564
5.713716
5.650613
5.244696
5.400938
5.579726
5.622255
5.470456
5.176989
5.149319
5.429312
5.460687
5.006255
5.167272
5.389638
5.190309
5.157858
5.320688
5.345725
5.220524
5.393479
5.228178
5.438599
5.361400
5.197891
5.288672
5.284197
5.416532
5.295041
5.594255
5.419884
5.458292
5.541719
5.698125
6.051988
5.582310
5.742734
5.342357
5.694466
5.634435
5.805806
5.609136
5.456260
5.483873
5.294309
5.418692
5.612783
5.412631
5.061525
5.154484
5.384395
5.311967
5.627854
5.157287
5.171407
5.054485
5.048709
4.924301
5.254373
5.778110
5.587239
5.596556
5.352913
5.451513
5.491546
5.429049
5.395633
5.122219
5.391807
5.469215
5.362142
5.453354
4.938829
5.205784
5.874430
5.255773
4.892407
4.884954
4.810092
5.276087
5.221236
5.147780
5.497848
5.477311
5.625530
5.466951
5.230115
5.475757
5.340038
5.145799
5.205636
5.319516
5.850080
5.651766
5.602377
5.242266
5.051799
5.540014
5.548902
5.407935
5.483331
5.379616
5.704204
5.782270
5.728884
5.253704
5.401480
5.721500
5.495694
5.199758
5.217241
5.140353
5.368577
5.475226
5.284568
5.159266
5.189404
5.003511
5.234895
5.042676
5.279097
5.395005
5.842758
5.504345
5.425555
5.521662
5.435707
5.560113
5.698205
6.062820
5.626121
5.353331
5.170200
5.769641
5.643445
5.082202
5.149705
5.215008
5.299380
5.456052
5.841792
5.905230
5.446618
5.330733
5.312902
5.602533
5.823171
5.654217
5.382674
5.725844
5.591895
5.410309
5.126826
5.188154
5.114683
5.621137
5.418995
5.386817
5.442006
5.339231
5.154805
5.384413
5.408904
5.468106
5.635652
5.358722
5.921987
5.650568
5.258661
5.135311
4.893116
5.069323
5.037953
5.254871
5.367194
5.362381
5.332950
5.192058
5.055143
5.450584
5.349207
5.190371
5.643973
5.313282
5.020561
4.992220
4.520103
5.167539
5.048342
5.261757
5.225017
5.443710
5.722425
5.780643
5.430341
5.274666
5.194001
5.362335
5.283915
5.216880
5.073321
5.153526
5.265854
5.216802
5.367437
5.294221
5.326158
5.237720
5.348277
5.371199
5.402570
5.118310
5.141099
5.205116
5.125809
5.598190
5.584342
4.833088
5.220430
5.649847
5.220405
5.198732
5.061803
5.212007
5.271928
5.113260
5.305867
5.217712
5.024087
5.425690
5.353574
5.540904
5.553536
5.203490
5.375726
5.833265
5.397720
5.537601
5.401706
4.935866
5.176549
5.070786
5.327955
5.188044
5.324231
5.497613
5.980129
6.040639
5.584426
5.652347
5.527382
5.600440
5.365067
5.117507
5.259229
5.540408
5.067934
5.280273
5.119854
5.433974
5.135363
5.340798
5.367809
5.067763
5.188517
5.369190
5.150010
5.142400
5.166030
5.349414
5.134157
5.379196
5.344380
5.694092
5.252334
5.362987
5.735615
5.420420
5.530565
5.318353
5.263730
5.021599
4.952974
5.173868
5.294712
5.286389
5.356848
5.345460
5.653673
5.651581
5.578509
5.683325
5.071696
5.185756
4.793872
4.919011
4.835434
5.497711
5.175496
5.172428
5.061153
5.075842
5.251209
5.250839
5.203301
5.446023
5.362781
5.328664
4.940293
5.347957
5.282244
5.343515
5.077154
5.101204
5.041213
5.178233
5.012346
5.427093
5.017114
5.470377
5.305666
5.323682
5.691184
5.629450
5.466865
5.318780
5.310891
5.571275
5.255650
5.335942
5.442126
5.074346
5.305282
5.467646
5.352525
5.152714
5.206279
5.054188
5.530413
5.423354
6.003020
5.552766
5.599905
5.198298
5.307154
5.540594
5.377817
5.359924
5.073932
5.123583
5.228555
5.004017
5.149416
5.291740
5.386319
5.115046
5.420275
5.249540
5.479741
5.810332
5.668853
5.432985
5.551550
5.126261
5.333151
5.216790
4.991792
5.093952
5.240133
5.487091
5.535172
5.300723
5.509050
5.453094
5.570762
5.656775
5.571954
5.338932
5.556385
5.318477
5.389177
5.423592
5.207769
5.297464
5.812799
5.554742
5.436107
5.468225
5.299156
5.570761
5.275780
5.530539
5.175811
5.514019
5.311348
5.914427
5.884782
5.642823
5.965902
5.644377
5.228903
5.219922
5.427315
5.473937
5.190678
5.652015
5.207595
5.199121
5.143478
5.020247
4.978447
5.114858
5.247988
5.295454
5.407142
5.241772
5.572844
5.325160
5.304976
5.444100
5.451378
5.848723
4.886441
5.098298
4.953309
5.345451
5.877285
5.749991
5.583999
5.517321
5.335792
5.427448
5.280678
5.364046
5.690561
5.596249
5.378533
5.575438
5.427296
5.566289
5.472481
5.932530
5.516035
5.723056
5.832818
5.613635
5.787241
5.596634
5.714254
5.863841
5.378953
5.493562
5.284228
5.497891
5.588946
5.383104
5.747300
5.501219
5.378487
5.375188
5.075809
5.346368
5.327732
4.854295
4.932370
5.210592
5.340259
5.084431
4.950463
4.983184
5.753491
5.389338
5.604315
5.351997
5.762724
5.542995
5.895189
5.473834
5.234231
5.054072
5.066934
5.119109
5.241742
5.221353
5.476913
5.791021
5.291987
5.099936
5.070403
5.310766
5.415816
5.820919
5.431202
5.467081
5.245549
5.273711
5.296613
5.118122
5.110443
5.371572
5.364291
5.243737
5.472043
5.220606
5.363089
5.572444
5.572939
6.025359
5.541748
5.660116
5.740814
5.410045
5.397666
5.448340
5.097431
5.100566
5.557146
5.509042
5.426359
5.432898
5.839517
5.298582
5.334448
5.544691
5.603257
5.690681
6.007833
5.817473
5.572309
5.984579
5.601766
5.813276
5.391394
5.357040
5.459870
5.371545
5.508454
5.679474
5.456218
5.494079
5.260958
5.514742
5.174401
5.410567
5.520645
5.298431
5.450677
5.415837
5.671544
5.432585
5.520157
5.044759
4.803912
4.918069
4.897254
5.150302
5.223202
4.940314
4.973370
5.053861
5.282762
5.122790
5.161090
5.592047
5.556887
5.359748
5.668220
5.870437
5.748025
5.691900
5.482757
5.743656
5.596833
5.525853
5.444392
5.785820
5.583133
5.723357
5.652277
5.651257
5.357268
5.415536
5.526943
5.301749
5.803982
5.409295
5.207267
5.261476
5.413451
5.789854
5.675382
5.373648
5.566156
5.476250
5.396962
5.540925
5.295735
5.676317
5.954481
5.672443
5.474114
5.476360
5.124583
4.982986
4.852124
5.448607
5.325515
5.488502
5.390711
5.294604
5.227120
5.879593
5.900016
5.659861
5.833094
5.484321
5.487794
5.042362
5.079834
5.199594
5.054697
4.950458
5.110786
5.228605
5.632525
5.266815
5.222376
5.231694
5.270131
5.162019
5.160005
5.213365
4.985490
5.299956
5.287098
5.215329
5.274508
5.511534
5.528261
5.180603
4.830342
5.668510
5.848861
5.682610
5.478673
5.612667
4.971512
5.089463
5.229998
4.866065
4.999843
4.882237
5.007854
5.002882
4.784694
4.903331
5.100345
5.379804
5.550799
5.607196
5.422645
5.403122
5.533797
5.097684
5.070941
5.464662
5.719399
5.399177
5.359307
5.216587
5.363068
5.379213
5.111161
5.175242
5.252137
5.528654
5.468975
5.636460
5.747808
5.475450
5.487086
5.436189
5.483799
5.420976
5.443044
5.725051
5.174495
5.054387
5.102570
5.194115
5.348301
5.148691
5.420008
4.953237
4.907089
5.190618
5.192079
5.246226
5.369229
5.266697
5.658562
5.092094
5.286997
5.411097
5.341351
5.318808
5.519615
5.297901
5.457306
4.839060
5.104345
5.074551
5.301122
5.221849
5.312520
5.295060
5.233577
5.235236
5.456323
5.360546
5.604686
5.531092
5.589935
5.452989
5.212431
5.301257
5.266256
5.066238
4.906458
5.278025
5.163636
5.240270
5.159922
5.266838
5.151999
5.130644
5.157988
4.884763
5.298668
5.486914
5.628006
5.730989
5.594089
5.219337
5.297989
5.246950
5.307841
5.513722
5.397804
5.454576
5.448177
5.752050
5.487833
5.729761
5.465702
5.358110
5.473013
5.374010
5.178998
5.134530
5.204207
5.365370
5.358733
5.568658
5.528336
5.595765
5.534887
5.555907
5.553654
5.404874
5.525253
5.359936
5.401452
5.619145
5.215910
5.740202
5.182962
5.182118
5.071809
5.290069
4.973915
4.754966
4.912222
4.980239
5.360190
5.333520
5.067978
5.266604
5.346641
5.656507
5.654607
5.389616
5.060855
4.734397
4.952693
5.222325
5.320088
5.336597
4.927454
4.850691
5.136749
5.285803
5.456587
5.207148
5.307756
5.715274
5.710520
5.561108
5.470784
5.557983
5.390691
5.243946
5.231443
5.305191
4.989502
5.027940
4.994294
5.465389
5.624785
5.609442
5.495945
5.463512
5.438803
5.307034
5.152234
5.539959
5.627680
5.586432
5.485098
5.325447
5.088665
5.263605
5.181855
5.111151
5.238930
5.254934
5.434075
5.531651
5.540406
5.555285
5.536824
5.553270
5.500303
5.542917
5.512507
5.845545
5.473823
5.396880
5.435460
5.386649
5.812363
5.927717
5.548008
5.574221
5.524114
5.627585
5.289954
5.121416
5.038374
5.114394
5.288626
5.054049
4.982488
5.069159
4.951112
4.902676
5.272729
5.269559
5.590000
5.476184
5.637758
5.475689
5.720920
5.536053
5.649847
5.587804
5.368529
5.379748
5.339432
5.149121
5.400722
5.287588
5.356047
5.344626
5.317297
5.378380
5.080760
5.064265
5.361724
5.394323
5.486754
5.272259
5.454306
5.417084
5.180160
5.700569
5.681931
5.529371
5.521620
5.286826
5.450754
5.342308
5.277713
5.052197
5.501819
5.548052
5.513257
5.483840
5.523839
5.149013
5.425098
5.340846
5.423656
5.594172
5.818154
5.854071
5.796200
5.467962
5.737882
5.711701
5.394338
5.563040
5.269951
5.256467
5.764249
5.777513
5.393335
5.386077
5.551838
5.474996
5.870070
5.692369
5.599398
6.025439
5.740191
5.489920
5.699036
5.484190
5.377439
5.616826
5.427804
5.381071
5.517972
5.321747
5.254810
5.642679
5.627986
5.851063
5.412163
5.231021
5.430693
5.489547
5.323571
5.002110
4.939332
5.110795
5.308968
4.995137
5.108752
5.330383
5.118787
4.907259
5.274986
5.188434
5.224361
5.610025
6.151430
5.865384
5.886090
5.518217
5.717744
5.498553
5.391377
5.620852
5.215223
5.292691
5.157179
5.323075
5.511665
5.566446
5.534124
5.255936
5.410013
5.268967
5.402679
5.461968
5.323003
5.616292
5.262600
5.315321
5.530855
5.472926
5.500885
5.391457
5.265496
5.308870
5.363737
5.427794
5.101469
5.528637
5.382911
5.313790
5.476876
5.651467
5.455767
5.006523
5.057823
5.516362
5.311112
5.172746
5.139249
4.740121
4.742575
5.298979
5.350599
5.594948
5.387682
5.419634
5.727939
5.337683
5.221971
5.353359
5.273248
5.139281
4.836759
4.833287
5.022748
5.083694
5.435444
5.762636
5.731823
5.566386
5.221437
5.491155
5.746385
5.186534
5.180643
5.533472
5.727247
5.563474
5.651091
5.639689
5.108133
5.536541
5.695906
5.208829
5.095401
5.307723
5.446590
5.423059
5.746911
5.494951
5.624063
5.512287
5.317811
5.105885
5.182961
5.133646
5.760447
5.500109
5.908112
5.781086
5.554097
5.519397
5.306861
5.302359
5.377123
5.190991
5.113852
5.303617
5.628352
5.901117
5.575635
5.594323
5.509946
5.594070
5.404658
5.667107
5.507560
5.623144
5.510623
5.503266
5.336203
5.028325
5.681378
5.510445
5.515596
5.519814
5.475257
5.734700
5.680596
5.807883
6.079361
5.704973
5.317515
5.295440
5.221709
5.548223
5.285209
5.165548
5.416639
5.690230
5.519982
5.528546
5.171738
5.269945
5.501244
5.501753
5.237505
5.164099
4.936521
5.139075
5.088501
4.818681
5.027454
4.932734
4.954986
5.388451
5.354177
5.083249
5.449650
5.295198
4.794271
5.058060
5.064519
5.057058
5.007106
5.058112
5.205117
5.299928
5.925905
5.706207
5.538699
5.633498
5.580534
5.755103
5.726945
5.873325
5.999338
5.629729
5.313437
5.498919
5.660146
5.854838
5.948519
6.184659
5.786484
5.538001
5.658687
5.400036
5.028977
4.935724
4.795563
5.135790
5.523168
5.482880
5.502713
5.499234
5.461299
5.404739
5.235871
5.215499
5.602757
5.458755
5.551419
5.478380
5.355356
5.556499
5.249036
5.032459
5.417786
5.554652
5.297602
5.562332
5.026978
5.086781
5.441793
4.848169
4.980226
5.278009
5.121671
5.570600
5.707548
5.331766
5.157023
5.315509
5.363748
5.386404
5.235335
5.443776
5.407712
5.622195
5.532603
5.800036
5.543358
5.305057
5.281402
5.243090
5.164548
5.260063
5.475761
5.412369
4.998992
5.369490
5.384979
5.642390
5.600205
5.237802
5.285320
5.523623
5.413546
5.438311
5.346105
5.512641
5.879876
5.417454
5.265876
5.163584
5.481365
5.133311
5.088010
5.511192
5.171931
4.908135
5.152195
5.335617
5.114571
5.068128
5.049006
5.050732
5.269996
5.321279
5.327781
4.727672
4.860156
5.113621
5.359292
5.456575
5.284556
5.620765
5.260200
5.416701
5.521572
5.699106
5.365123
5.150476
5.114849
5.140179
5.475955
5.285151
5.260109
5.290134
5.452215
5.833921
5.690362
5.518004
5.373740
5.331074
5.276205
5.537116
5.311016
5.122351
5.143950
5.342914
4.928761
4.847404
4.968512
5.014744
5.214289
5.260405
4.946178
5.232278
5.344934
5.380532
5.426507
5.508683
5.577557
5.297861
5.405732
4.987493
5.310195
5.775918
5.649125
5.482067
5.462413
5.543371
4.954483
5.535986
5.293965
5.275569
5.075520
5.461196
5.625629
5.354606
5.351708
5.329927
5.375221
5.512289
5.329066
5.225568
5.139335
5.035684
5.305427
5.258105
5.309137
5.141146
5.244429
5.351990
5.340813
5.543940
5.636350
5.415063
5.230221
5.069039
5.549157
5.549323
5.491492
5.662444
5.614864
5.620547
5.781353
5.740251
5.490650
5.188915
4.919911
4.816821
5.084916
5.174971
5.250124
5.235471
4.938174
4.806639
4.987475
5.017893
5.346658
5.850053
5.637712
5.446982
5.867323
5.664141
5.851568
5.718737
5.576551
5.699889
5.570798
5.561439
4.990720
4.959703
4.943183
5.187873
5.318307
5.264857
5.385904
5.020644
5.300700
5.266484
5.189278
5.473567
5.315007
5.400922
5.591874
5.405510
5.548808
5.015137
5.278389
5.626322
5.128407
5.456377
5.232486
5.396747
5.313749
5.567480
5.248655
5.304958
5.345273
5.035967
5.214628
5.142324
5.183682
4.938369
5.173878
5.306064
5.325361
5.367502
5.624622
5.520265
5.487283
5.264580
5.818297
5.766506
5.877871
5.888244
5.608706
5.740535
5.481261
5.455387
5.435573
5.097001
5.171165
5.252960
5.318627
5.292490
5.408115
5.412161
5.105617
4.937134
4.853855
4.910404
5.231269
5.304714
4.678916
5.186080
5.396680
5.627565
5.598522
5.379602
5.071918
5.502684
5.501205
5.306422
5.415751
5.351208
5.512009
5.899661
5.965123
5.415710
5.417483
5.517829
5.290395
5.007271
5.043478
5.037722
5.247351
5.486286
5.130527
5.181584
5.364757
5.444477
5.738702
5.600999
5.361006
5.562797
5.627652
5.408105
5.735402
