543.271659
543.714006
541.055980
542.119798
543.623177
543.819999
541.000546
541.496955
546.044240
539.483227
539.135283
542.893959
541.586969
539.907128
543.250166
540.373260
541.198857
539.636762
542.810225
541.743487
542.788886
543.441549
540.818396
539.994238
541.246011
543.563640
541.606361
542.869852
540.689421
539.123011
541.003291
541.653005
541.000931
542.277940
545.176904
542.196522
542.192623
541.299395
543.196670
541.982908
542.257569
539.725236
541.324155
538.203700
538.538209
539.139144
540.005388
536.667726
544.474496
542.464609
543.915650
541.962514
544.608724
544.382688
539.909887
543.514381
540.968018
539.392062
541.388596
544.237465
538.467191
538.279338
540.906888
541.131307
540.893722
535.068637
542.401677
540.227251
540.451446
543.506472
544.887085
544.173111
543.002017
542.040949
545.657455
542.233730
542.040765
543.151324
538.055978
539.099012
541.848709
540.678864
541.001628
541.415400
538.345063
541.493467
541.368539
542.394838
541.484096
540.694830
540.412523
542.415042
545.435607
542.378391
545.252743
546.400153
539.070666
537.943063
539.069438
539.732114
542.447882
537.073099
541.201020
541.179125
541.901358
542.302851
542.160068
539.501616
542.650787
543.296560
545.598781
541.661679
540.033685
542.680059
541.744313
542.926244
544.050888
542.359975
543.214679
542.978438
541.877865
542.193374
541.786167
539.445812
540.559285
543.622510
543.339063
540.349106
536.302093
541.675613
542.075281
539.278090
540.251964
541.970161
540.659068
540.768417
540.182487
541.634983
541.407717
542.245452
540.605000
539.538670
539.779227
543.200952
541.568284
540.677407
541.496462
543.513019
544.352936
544.034395
542.777271
541.924985
543.067096
542.600089
546.032038
546.519866
542.049765
541.918258
540.871233
541.053252
543.048793
539.734900
543.393607
543.622209
541.223305
543.697820
543.185911
541.993243
543.177987
543.593968
540.801267
545.028661
543.754370
543.067577
543.269936
542.945607
542.923812
539.165600
540.991634
539.231669
541.540581
543.308379
540.699740
540.444718
542.480057
543.018723
539.333691
539.569752
540.148917
543.647296
541.106897
540.336065
542.056887
544.263437
549.544882
543.204021
541.144398
542.066081
538.613423
540.239433
545.257544
540.105370
539.977129
542.103626
540.263060
541.358447
538.000998
540.376209
539.124965
539.937501
541.168103
538.404003
538.391440
541.691244
541.713720
540.915082
541.620731
542.289113
540.861211
539.106657
540.679889
541.252019
541.647834
542.498108
542.630847
540.670013
541.449598
541.990752
542.268610
541.843135
537.110715
541.418098
541.195565
535.223472
541.276142
540.661793
542.365071
539.390455
542.822381
539.903637
540.965320
540.481661
539.022310
541.729385
543.370342
540.630042
539.378949
539.835218
540.369113
542.485143
542.282000
542.518655
538.330689
541.520321
541.666167
543.949722
543.071007
541.127802
542.919327
543.956187
542.237126
540.612164
540.347012
542.426350
539.081118
541.138411
543.477008
539.292443
538.685660
538.279107
540.962613
542.944695
538.827368
541.997646
542.599311
539.726477
542.001668
546.022641
546.738469
544.806285
543.992151
539.865564
542.145498
545.414092
541.721307
540.967801
541.589362
541.409647
541.322693
541.393213
540.999321
539.655453
540.681086
541.760348
543.344012
540.267137
536.506762
543.226535
544.314559
540.644245
542.893020
543.423426
543.577685
539.931582
540.944612
538.581853
544.171079
542.761297
543.288612
538.621514
542.338600
540.107416
538.489689
540.985390
538.396734
543.540427
544.490614
544.158174
543.666685
542.988279
542.278252
541.395311
539.455945
539.834393
542.759498
543.753606
543.460392
541.515570
542.163301
542.044536
540.877085
541.800357
543.012495
541.750150
542.806227
539.767948
543.364491
543.679280
541.098820
542.008279
543.609165
543.953752
540.963632
542.253616
543.384383
542.284193
543.761632
543.438998
540.224005
541.705727
542.877538
540.035856
540.893911
539.594468
541.284163
543.246436
542.156670
543.778516
541.347723
540.563042
541.251395
543.638911
541.503515
542.369468
541.977558
546.757635
540.347083
544.694253
543.988530
541.922840
543.317421
540.742727
542.726715
542.813012
544.816211
543.377727
543.094025
540.321731
541.390932
538.691351
538.169994
538.856273
539.732105
536.274673
542.421058
543.122984
544.944671
540.017804
541.074105
535.921436
537.430307
541.525384
539.674878
541.997864
543.050170
541.627716
537.203326
538.908786
542.452837
541.229158
540.940620
535.389726
542.325251
540.265990
540.321691
539.081743
540.119015
535.904414
541.820247
541.926903
544.337119
539.353818
540.134120
541.688578
541.551378
542.581838
540.255795
540.259596
543.529130
541.758819
538.445303
541.484603
541.542902
542.380193
541.424701
540.606211
543.680053
541.608088
543.794408
538.588524
540.650018
540.893509
539.127087
540.496205
541.115747
542.236682
543.312371
545.126641
542.566034
541.502596
541.707717
542.190558
542.789562
539.527483
542.675520
543.106363
545.488125
544.940781
542.851303
543.016131
543.948884
544.279122
543.319217
539.600175
541.217863
544.014046
545.053548
544.343986
540.809993
537.916381
541.980097
541.016230
543.354594
540.133689
536.609369
541.635576
542.091938
539.436036
538.705156
538.715946
536.436247
542.170432
542.515673
541.699140
542.000237
541.355355
543.504678
541.256583
538.315071
536.931816
540.723208
541.612670
543.316369
543.134816
544.345562
544.173574
543.112297
542.293480
543.215430
543.921115
541.145142
542.580705
545.621757
543.038045
546.907139
541.820959
544.641975
545.801694
541.596947
542.634227
542.240598
538.822942
539.642710
541.807803
543.298864
543.673539
541.090776
545.034312
543.776674
543.171547
542.796595
542.613741
540.308359
538.260069
538.495941
542.486622
539.223630
541.070019
542.068069
540.647428
542.772302
543.619026
540.999262
541.252338
542.378995
543.972489
541.343286
540.358797
541.844763
544.196348
549.245266
542.208706
546.256257
544.004322
541.564250
542.302084
539.720648
538.742652
539.846128
541.812688
538.362723
536.601722
535.039553
540.957307
540.775414
543.073534
541.556351
538.746565
538.541125
542.081888
541.769336
540.950598
539.749489
541.214153
541.150858
543.273011
543.438491
542.259581
540.439427
541.326591
539.320373
540.932389
543.032378
542.276939
543.087168
543.795877
540.252148
541.376174
540.730620
535.087504
541.408731
540.626514
542.560604
540.116456
540.098111
542.469089
541.852649
541.685311
540.539918
540.132020
541.180713
542.110703
538.440513
539.880786
538.557217
543.103121
542.088484
538.976970
538.731187
541.643256
541.413318
543.887799
543.022003
541.354838
544.142988
544.353840
544.802501
543.388731
541.765665
544.350127
542.094482
540.710665
543.607973
538.933010
539.438511
540.614362
539.513969
539.181128
537.448817
542.179480
543.091961
539.645524
541.940572
545.961717
546.937388
542.705387
542.605814
542.771044
542.504745
541.496457
542.561278
544.700525
542.390765
540.855576
540.694240
542.874658
541.995382
543.518094
542.967752
544.424367
543.322270
540.132173
536.447112
543.288755
544.322242
540.656927
542.902985
543.689087
546.300868
544.899752
544.445923
540.733531
539.376122
542.389723
538.651405
543.770434
543.280097
544.802819
542.439192
542.167413
539.662679
543.035651
544.260286
544.013685
543.337073
543.003336
542.014893
539.940702
539.747950
537.615238
540.997982
541.948708
539.645082
538.537594
540.916061
538.940303
539.466043
539.493890
539.344883
541.286277
542.181164
541.613832
543.141235
543.740811
541.237419
541.971900
543.280400
543.918731
541.051255
541.733075
546.161857
540.605582
541.197869
539.856650
538.327204
542.127235
542.135766
539.747425
541.795883
541.640946
539.639473
541.876208
543.022386
543.599798
541.183570
539.892724
541.422885
543.712107
541.814401
542.854896
541.042263
538.922794
538.159152
539.658809
539.283164
541.532741
542.557163
539.719681
541.423796
540.531595
541.638609
542.391656
543.809424
543.570361
541.594966
538.904818
539.156488
538.897874
539.932834
536.278913
544.410533
542.371170
543.954669
539.693280
543.106618
541.999768
542.505122
541.642466
541.372183
539.375013
538.583529
542.791911
544.481961
541.774698
542.611073
541.175826
540.760504
535.144948
542.218815
540.387818
540.374120
543.861027
545.323403
544.146442
540.303783
539.934648
540.154253
541.493833
543.283827
538.597299
542.032957
541.315665
542.386383
541.034907
540.341646
539.974708
538.770211
541.496157
540.772860
542.507913
541.362468
540.402251
540.684268
542.403023
545.939314
542.093303
544.803193
544.175070
538.715196
542.076013
544.346878
545.408562
546.057724
544.411449
539.379633
540.807479
543.542567
542.444335
543.234372
539.850101
542.601980
543.097061
545.191421
541.450815
540.018944
542.722408
542.604847
544.613898
543.075405
542.705192
542.045113
539.737561
540.335727
540.124410
541.214217
541.865871
542.115781
540.816612
543.418935
540.274631
536.699199
541.597630
541.996057
539.644327
540.539368
542.285807
540.936605
541.984478
538.796657
538.763325
539.676992
539.939750
540.346596
542.286790
541.693979
538.856965
542.028926
544.115264
543.943835
543.048097
544.402700
544.213373
543.014690
542.288079
543.121216
542.659998
546.157324
546.785916
541.717751
541.172188
543.836568
540.958353
542.557884
538.284053
540.760082
541.517946
543.415080
542.350740
542.534399
544.543013
