-0.030591
10.813489
0.239232
-0.011304
0.055211
-7.716160
-0.173564
-0.126197
-0.023724
15.944162
-0.007959
-0.015405
-0.007602
17.886012
-0.130629
-0.075924
0.024913
9.773966
0.165908
0.004177
0.041744
-19.618694
0.043894
0.084177
0.086034
-19.674719
0.230317
0.017312
-0.011695
21.637394
0.087469
-0.122935
-0.029687
17.740648
0.313455
-0.008572
0.000455
24.831613
-0.054487
-0.082330
0.048377
-23.837156
-0.086407
-0.002071
0.036742
-9.652567
-0.001505
-0.042885
0.030439
1.748352
0.137411
-0.036801
0.074374
-18.650702
0.156912
0.024614
-0.009680
22.810582
-0.110575
-0.032946
0.056828
-3.901811
-0.143686
-0.014435
0.019617
12.490389
0.207624
-0.029671
0.077668
-36.401296
0.226541
0.017729
0.000766
17.479260
-0.120330
-0.038583
0.029233
5.507865
0.000279
-0.152616
0.038847
-16.435385
0.082953
-0.094875
0.058787
-16.944153
0.154760
0.052034
-0.076663
44.623402
0.136292
-0.019485
-0.016326
16.867486
0.092054
-0.082920
-0.013249
6.762705
0.261206
-0.018311
0.042502
-10.549044
-0.058401
-0.119971
0.034151
-13.995957
-0.036616
-0.067810
-0.001343
15.333503
-0.122187
-0.076729
0.043760
-22.862470
-0.003877
0.027828
-0.027156
23.161216
-0.000097
-0.089270
0.078507
-16.391395
0.237367
0.011943
-0.019432
33.687526
0.199888
-0.050368
0.084054
-32.888921
0.084678
-0.004472
-0.005539
27.340397
-0.020653
-0.085743
0.046843
-7.535802
-0.238351
-0.033682
-0.067166
52.743777
0.389724
-0.001604
0.029158
4.407463
0.105351
-0.042814
0.037038
-5.462894
-0.094818
-0.023152
-0.038466
37.086781
0.154576
-0.062823
0.058531
-6.372476
-0.150502
-0.006683
0.098387
-27.284834
-0.039629
-0.011135
0.021101
9.321302
0.335712
-0.055625
0.004305
17.281815
-0.105155
-0.037615
-0.004884
21.096550
-0.182226
-0.060427
-0.002309
-6.470980
0.269719
0.034541
0.056828
-16.588749
0.153697
0.049915
0.044541
-0.949323
0.021428
-0.101839
0.033888
4.355864
-0.211566
-0.160192
-0.022261
6.342888
0.238192
-0.028543
0.059139
-8.657856
-0.164613
-0.121584
0.058805
-17.014516
-0.137529
-0.044173
-0.003916
15.203754
-0.127654
-0.073497
0.026063
9.209136
0.153222
0.000680
-0.038593
27.794738
-0.222088
-0.101880
0.073832
-13.078511
0.236033
0.004661
-0.007320
19.379448
0.077342
-0.131260
-0.017053
21.904393
0.159178
0.006342
-0.005019
28.508381
-0.005191
-0.080121
0.061922
-26.119530
-0.070362
-0.002500
-0.036208
25.585038
-0.396642
-0.034657
0.027712
4.307709
0.117889
-0.038861
0.069014
-17.999089
0.143624
0.020839
0.033458
-12.385005
0.319579
0.048846
0.050351
-1.845609
-0.148002
-0.016429
0.022122
13.320588
0.213307
-0.026471
-0.031399
34.280756
-0.064321
0.039932
0.009168
17.106124
-0.116172
-0.037140
0.024605
8.184677
-0.005103
-0.149900
-0.009177
12.020408
-0.029712
-0.066155
0.062678
-18.305037
0.157988
0.051501
-0.062490
40.089929
0.089956
-0.032087
0.016342
-16.125908
-0.098121
-0.083877
-0.022841
6.651280
0.248915
-0.023895
0.040616
-9.425838
-0.049975
-0.115437
0.055047
-19.435234
-0.327732
-0.030941
-0.006296
16.161431
-0.117681
-0.067876
0.038563
-20.167336
-0.008194
0.039950
0.040898
-16.523173
-0.073317
-0.037342
0.076451
-14.369107
0.163193
0.012085
-0.015882
34.219135
0.187449
-0.056225
0.052464
-17.287112
0.340361
0.019793
-0.000233
28.120451
-0.060954
-0.095681
0.046040
-8.901029
-0.204908
-0.019679
-0.005241
20.182630
0.195195
-0.154520
0.030354
2.458253
0.120969
-0.032520
0.036466
-5.682225
-0.102916
-0.021783
0.010012
11.938232
0.247491
-0.076559
0.050879
-2.336888
-0.145615
-0.013378
0.103057
-30.117781
-0.088134
-0.004951
0.003922
9.964490
0.123408
-0.061072
0.012815
15.965691
-0.117402
-0.033764
-0.006121
20.840822
-0.165234
-0.047380
0.016321
0.119825
-0.108024
0.010737
0.059511
-17.010563
0.161911
0.046003
0.041740
-1.043158
-0.018018
-0.098021
0.079392
-24.249400
-0.187865
-0.068010
-0.025434
8.972544
0.248648
-0.016271
0.053482
-7.397242
-0.151369
-0.110851
-0.022116
15.125381
-0.002734
-0.018544
-0.011128
18.166744
-0.109449
-0.062153
0.026937
8.335923
0.144033
0.001314
0.052917
-23.944248
-0.023321
0.082557
0.076929
-14.347676
0.180066
0.021187
0.000346
15.943232
0.071518
-0.128038
-0.031049
17.971417
0.288446
-0.012041
-0.001826
26.825050
-0.066353
-0.094222
0.060756
-24.962215
-0.065469
-0.005248
0.038877
-10.463110
-0.013125
-0.037061
0.024444
4.195001
0.127596
-0.036139
0.071828
-19.513020
0.141869
0.018192
-0.009886
23.016656
-0.131840
-0.032718
0.050912
-2.389731
-0.185239
-0.004877
0.025693
10.140673
0.206589
-0.033764
0.081671
-38.745239
0.221168
0.020254
0.002332
21.701166
-0.123789
-0.048612
0.028349
5.260295
0.008247
-0.134261
0.046417
-19.536129
0.099481
-0.095758
0.064443
-18.970763
0.151387
0.045029
-0.064820
40.734988
0.097905
-0.027362
-0.014937
17.000172
0.089168
-0.089859
