0.043203
6.226951
-0.061634
-0.046218
0.017669
2.575835
-0.051331
-0.037849
0.019640
1.986131
-0.068392
-0.034996
-0.003109
4.799096
0.041656
-0.036783
0.030698
-15.984344
-0.023255
-0.036966
-0.000673
-1.461936
0.065213
-0.000282
0.000193
1.499425
-0.010899
-0.075289
0.060716
-8.807084
0.106218
-0.032522
0.012207
1.683917
0.033627
-0.020195
0.002684
3.376268
-0.030755
-0.030706
0.016610
0.849419
0.015880
-0.102453
0.014844
-5.664963
0.114139
-0.017351
-0.008475
6.847511
-0.132539
-0.063325
-0.003165
5.186399
-0.017575
-0.044517
0.018923
9.628691
0.072095
-0.047613
0.003082
4.851416
0.005484
-0.037035
0.009015
2.623398
0.161634
-0.043112
0.018877
-0.261306
0.006557
-0.029370
0.000514
0.824207
0.017217
-0.034320
-0.007113
2.595122
0.168731
0.010648
0.000910
2.395550
-0.028332
-0.076079
0.017993
8.892213
0.045734
-0.025349
0.010989
4.814969
0.025130
0.005102
0.005325
5.068841
-0.095752
-0.017534
0.018726
-3.442766
-0.038082
-0.051014
-0.013094
7.482073
-0.067598
-0.024794
-0.008543
6.730722
-0.020072
-0.044161
0.010382
-6.050385
0.154660
-0.023432
-0.002413
13.567718
0.014269
-0.029941
0.012458
4.750985
-0.022287
-0.042339
0.015823
2.881577
-0.053897
-0.065721
-0.003203
5.031759
0.086820
-0.021108
-0.000665
-0.640687
-0.023461
-0.033484
-0.006019
3.184150
0.084579
-0.017861
0.004745
-1.295121
-0.016565
-0.046973
0.025360
2.623886
0.033589
-0.058260
0.025632
1.597667
0.029859
-0.051230
0.023830
-6.852785
-0.074980
-0.077097
-0.007592
5.700866
0.076442
-0.035325
-0.008441
2.566001
0.005350
-0.017896
0.003743
-2.476718
-0.082324
-0.059627
0.004786
-0.320708
-0.015467
-0.036518
0.047936
-2.625657
0.068278
-0.036537
0.041983
-5.083278
-0.010671
0.005036
-0.014215
14.192367
0.089611
-0.060052
0.020215
-2.104683
-0.124349
-0.083083
0.002474
1.616503
-0.000717
-0.051870
0.012535
-6.680248
0.105145
-0.044586
-0.020727
10.852847
0.022340
-0.036604
0.035773
3.689625
0.061804
-0.038198
0.032799
-7.230028
0.171403
-0.025059
-0.005855
12.368979
0.022394
-0.067115
0.012142
-3.607257
-0.031822
-0.041258
0.009364
-1.865493
0.012543
-0.025417
-0.010629
6.756097
0.159920
-0.038163
0.028651
-14.385836
0.001296
-0.014158
0.041130
7.993511
-0.066630
-0.049011
0.038951
-6.767992
-0.008261
-0.060784
0.030317
-8.670427
-0.137355
-0.072842
0.001659
2.716264
-0.050600
-0.066691
0.013024
-9.021968
0.047666
-0.058234
0.001001
-2.319049
0.054882
-0.057257
-0.009114
3.381918
-0.017972
-0.069921
0.059433
-8.315567
0.106065
-0.030198
0.030039
-6.412297
0.037658
-0.036741
0.026686
-6.882734
0.047587
-0.031087
0.005180
-0.422509
-0.013623
-0.030648
0.001892
3.509085
-0.007533
-0.085057
-0.008017
7.032484
-0.053740
-0.055018
-0.013841
6.499340
-0.067317
-0.014595
0.018062
10.346766
0.076044
-0.044459
0.050913
-3.540156
-0.078775
-0.043212
0.034937
-6.047670
0.082370
-0.031855
0.038369
-11.744991
-0.012460
-0.054617
0.000259
2.828492
0.048598
-0.018572
-0.004718
3.107401
0.144707
-0.040429
0.014678
-8.643893
-0.117874
-0.053336
0.017740
9.289401
0.045738
-0.025493
0.023588
3.002082
0.014788
-0.017951
0.029826
-0.080677
0.031306
-0.082652
-0.011532
14.379619
0.043542
-0.034299
-0.020082
14.339134
0.009145
-0.011614
0.000142
-0.980294
-0.026092
-0.001377
0.013030
-4.032737
-0.017395
-0.083078
-0.001818
13.372562
0.020221
-0.030529
0.021203
0.365158
-0.031629
-0.060880
0.029079
-8.254822
-0.006747
-0.036374
0.003422
0.413083
-0.007319
-0.071548
-0.014999
9.736767
0.057112
-0.006291
0.018791
-5.868701
-0.040601
-0.065561
0.014326
-6.066819
-0.062490
-0.043422
0.026481
2.870101
0.029430
-0.057560
0.031283
-3.064742
-0.132005
-0.010891
0.013653
-1.491018
0.068054
-0.002832
0.011590
-2.408859
-0.023903
-0.048897
0.017340
-7.853362
0.008303
-0.072882
0.015506
-6.767363
0.014390
-0.040811
0.020774
-7.742665
0.137704
-0.028355
0.046461
-2.200026
0.061773
-0.041303
0.024088
-1.457641
0.127602
0.037877
0.004364
7.636491
0.029071
-0.082084
0.025580
-4.477815
-0.074181
-0.068654
-0.001362
6.623741
0.017968
-0.073618
0.021750
-10.569372
-0.138501
-0.070164
0.012871
-10.805333
0.040179
-0.035724
0.036748
4.400787
0.059771
-0.040652
0.007182
16.366576
-0.016758
-0.045663
0.035468
-9.295150
0.034902
-0.063360
0.011895
-4.729380
-0.001542
-0.036322
-0.008557
9.331096
0.041104
-0.049845
-0.013744
7.360527
-0.106223
-0.035563
0.000609
2.004084
-0.120753
-0.053735
0.041409
8.356290
-0.062468
-0.053030
0.018135
2.238151
-0.045800
-0.036249
0.021824
-0.027464
-0.036843
-0.057671
0.018281
-3.670797
0.041418
-0.029018
0.007791
-5.045108
0.144342
-0.030807
0.002054
3.316123
0.082935
-0.046330
0.010770
-4.966891
-0.132240
-0.051529
0.060958
-8.167345
0.105391
-0.033517
0.012761
1.136303
0.037718
-0.018489
0.021998
-6.960160
0.022540
-0.065181
0.013631
-6.496268
-0.075403
-0.044845
0.018888
-8.612785
0.046795
-0.034911
-0.001144
3.046741
-0.041466
-0.032327
0.007818
-1.868224
-0.144857
-0.039078
0.015828
11.257095
0.089494
-0.039261
0.006105
3.314698
-0.000309
-0.037217
0.014741
6.512848
-0.032144
-0.090551
0.020098
-1.899210
0.030057
-0.070710
0.020081
-9.149108
0.030398
-0.024405
0.006726
-5.750373
-0.186891
-0.023034
0.024466
-6.947769
0.004340
-0.055364
0.019352
8.754377
0.042842
-0.031348
0.012478
4.258506
0.028117
0.006922
0.025158
-2.916929
0.011283
-0.072687
0.007713
3.723759
0.063099
-0.068734
0.022138
-9.460189
-0.006648
-0.026834
-0.001530
-2.156711
0.089358
0.006348
0.000985
0.040982
-0.034457
-0.079465
-0.005802
14.098270
0.018878
-0.033649
0.011370
4.842364
-0.018568
-0.040153
0.020936
-5.949037
0.133292
-0.037892
0.017742
0.075127
0.002638
-0.041527
-0.007641
9.840792
-0.012378
-0.086067
0.012199
-3.459976
0.117330
-0.038480
0.009986
-2.221757
-0.026919
-0.081959
0.027985
2.904045
0.030394
-0.056314
0.025533
1.729643
0.018279
-0.049982
0.014420
4.368231
0.020745
-0.072722
0.003676
5.341893
-0.002940
-0.050553
0.004251
1.805639
-0.100549
-0.082156
0.014633
-4.019225
0.001305
-0.066883
0.012505
-9.386462
-0.007479
-0.026989
0.047966
-3.131651
0.059979
-0.040976
0.043243
-5.189976
-0.012083
0.001889
0.015446
2.365299
-0.021509
-0.059910
0.015712
-3.568150
0.081861
-0.020257
0.004647
-0.770664
0.000305
-0.013766
0.004133
-2.297315
0.039397
-0.002845
0.012603
-5.684038
-0.106038
-0.056140
0.039579
3.747723
0.060692
-0.044363
0.031146
-6.673963
0.177501
-0.020264
0.011739
-0.816190
0.123734
-0.041770
0.005933
4.117131
-0.013402
-0.080399
0.015417
-4.285569
0.043061
-0.065006
0.021943
-8.982626
-0.098853
-0.054268
-0.014817
8.273313
-0.008057
-0.048515
0.041820
8.407548
-0.073905
-0.049598
0.039147
-8.401842
-0.009784
-0.059176
0.025499
-3.209115
-0.056686
-0.063102
0.031981
-18.525086
0.005418
-0.020329
0.038501
-14.178627
0.025257
-0.084712
0.016060
-6.624166
0.058370
-0.049859
-0.010666
3.577978
-0.029764
-0.019964
0.061768
-8.343419
0.108087
-0.036120
0.031463
-6.978034
0.045887
-0.034605
0.006402
5.908446
-0.010883
-0.044341
0.038677
-14.838666
-0.070311
-0.048355
0.004763
2.097300
-0.033353
-0.062870
0.006564
-3.202111
0.099168
-0.010553
0.001527
0.766027
0.041571
-0.033188
0.015171
11.525546
0.084616
-0.042135
0.051396
-4.634630
-0.081679
-0.041068
0.006792
3.201960
0.027697
-0.034977
-0.001545
1.843217
-0.048157
-0.023689
0.003304
3.986192
0.022484
-0.069673
0.022655
-12.194782
-0.055057
-0.016323
0.013006
-7.518999
-0.019157
-0.049610
0.017679
9.245309
0.044406
-0.031523
0.023654
3.358429
0.013366
-0.020130
0.039527
-5.257728
0.015178
-0.065425
0.019137
-4.904073
-0.047040
-0.029280
0.007740
-3.780186
-0.007089
-0.059737
0.045802
-26.786903
0.076568
-0.010024
0.019663
-8.680459
-0.115046
-0.026093
-0.003411
13.361883
0.018271
-0.032063
0.021453
0.318324
-0.030703
-0.061481
0.024836
-0.038766
0.025555
-0.037588
0.013784
-7.068039
0.065376
-0.013893
0.009641
1.028814
0.056147
-0.095107
0.001194
1.750682
0.047652
-0.037327
0.022269
-8.565258
0.080644
-0.061322
0.027145
3.014052
0.029874
-0.051991
0.031416
-3.211168
-0.129995
-0.011433
0.027015
-2.963919
0.004151
-0.035131
0.004132
4.447620
0.019243
-0.044365
0.023546
-8.516252
0.005430
-0.006932
0.012366
-0.515845
0.032857
-0.051657
0.010331
-7.557076
0.057087
-0.024101
0.047219
-3.330868
0.057051
-0.043066
0.026188
-2.311964
0.125445
0.036459
0.028453
-6.860219
-0.026985
-0.061439
0.013202
-2.708204
0.086396
-0.003593
0.007185
-2.195390
0.055092
-0.045126
-0.011875
6.916440
0.125249
-0.011474
-0.011660
4.162776
-0.013481
-0.002706
0.037323
4.376708
0.057632
-0.044583
0.007349
16.442660
-0.011762
-0.047610
0.020114
-3.664731
-0.020105
-0.063296
-0.017429
9.742363
0.020709
-0.031471
0.044519
-18.078886
0.016715
-0.064092
0.028964
-13.722481
-0.075751
-0.052708
0.001146
0.529716
0.152215
-0.042742
0.041253
8.540521
-0.062448
-0.048084
0.021443
0.563060
-0.047170
-0.036031
0.021128
1.100580
-0.067023
-0.037503
0.002091
1.642334
0.066177
-0.026909
-0.010166
9.632562
-0.033971
-0.037084
0.008208
1.453502
-0.021919
-0.098980
0.006605
-1.221860
-0.082896
-0.067144
0.060465
-7.197087
0.117327
-0.036885
0.012759
1.370026
0.034314
-0.020259
0.005059
2.551937
-0.027472
-0.029744
0.024663
-11.490706
-0.054758
-0.028095
0.020880
-7.046666
0.110823
-0.066201
0.029434
-15.166011
-0.004075
-0.054028
0.009339
-3.934631
-0.020543
-0.032010
0.017498
10.710375
0.094571
-0.037157
0.006951
3.347422
-0.001168
-0.036615
0.011483
1.254407
0.178870
-0.043422
0.001571
3.060091
-0.000720
-0.035471
0.013535
-3.351802
-0.042714
-0.057508
0.001675
-1.136198
-0.024520
-0.014215
0.004407
1.735852
0.039058
-0.060074
0.019996
8.329371
0.046733
-0.030818
0.013906
3.439905
0.033665
0.008083
0.007635
3.825300
-0.099122
-0.018059
0.022124
-4.916844
0.041534
-0.011993
0.006758
-2.720191
0.103906
-0.028243
0.006117
-5.050523
0.117294
-0.009568
0.005064
-0.448525
-0.009093
-0.048430
-0.003794
13.701973
0.023262
-0.032647
0.010482
5.125048
-0.020343
-0.041454
0.016528
2.840630
-0.050897
-0.061882
-0.005448
5.675952
-0.011523
-0.060236
-0.012590
8.260627
-0.095073
-0.063521
0.012546
-7.348006
0.065126
-0.035726
0.007148
-2.180134
0.099262
-0.037453
0.028373
3.416161
0.028168
-0.053780
0.025992
1.700455
0.017767
-0.049387
0.024000
-7.320213
-0.073570
-0.077845
0.041993
-15.861634
0.161476
-0.031868
-0.008670
5.065924
0.060158
-0.049820
-0.003179
4.112920
-0.028406
-0.046697
-0.000028
0.838808
0.032129
-0.056149
0.044707
-2.524387
0.053233
-0.046661
0.041741
-4.630748
-0.008124
0.002284
-0.016719
15.511692
0.101087
-0.061079
0.022515
-7.253981
-0.031622
-0.055121
0.000752
2.091584
-0.045631
-0.071182
0.022150
-3.571126
-0.037909
-0.076442
0.014477
-6.363263
-0.057269
-0.050762
0.036622
4.826476
0.053608
-0.046735
0.032295
-6.420552
0.171877
-0.019329
-0.005931
12.040503
0.015556
-0.069811
0.001147
0.199729
-0.050644
-0.043980
-0.018765
14.578007
-0.140666
-0.075150
0.000734
1.560033
0.027382
-0.054920
0.015449
-9.718019
-0.011260
-0.032078
