548.337662
554.667661
545.878664
550.095702
543.169906
538.815383
537.041730
539.614436
550.914072
548.967218
545.771522
541.008893
826.467801
4325.485052
668.653197
535.294611
536.655371
530.513635
635.213181
557.861821
546.106019
531.867661
534.223284
534.741710
685.899032
3545.192822
548.960667
546.452361
550.933857
537.243322
542.310961
538.096547
538.053228
544.151986
548.585798
542.912105
550.338501
556.097825
545.997498
550.323304
544.517561
537.351725
536.053777
537.001004
547.878431
547.656200
546.660967
542.426010
830.643809
4379.896761
669.790129
534.966705
536.108459
529.686395
636.656057
557.662857
545.857873
531.499632
535.472522
535.131127
687.455865
3608.981755
548.320869
544.597462
549.161058
537.579936
539.476012
535.616182
537.203906
543.816768
548.833344
542.126319
549.693546
553.951221
546.508236
550.032683
545.127949
536.183202
539.725224
538.534321
549.475796
547.098790
545.697213
543.310208
835.312781
4434.723313
670.943857
536.402263
538.131251
532.290096
635.102821
558.429845
546.301072
529.419665
532.097170
533.316601
691.407468
3672.866012
548.139669
543.940272
549.466733
536.829307
541.435525
538.810403
537.379729
544.176738
548.315886
540.968416
550.445766
555.055614
547.620178
549.350794
545.098991
537.497325
539.750329
538.031397
549.877047
547.470711
546.022079
542.942596
838.634757
4488.303855
672.282532
536.423686
539.260459
530.261783
633.862492
555.946305
544.481053
530.627306
532.860318
533.313570
693.637918
3734.929162
546.076996
545.255127
550.582133
536.247662
542.332141
537.918445
539.522640
543.144003
547.413916
540.075801
548.857822
553.637597
546.740745
549.078389
545.660074
536.560656
539.960632
538.630723
548.956581
546.014110
544.630087
543.749598
845.183234
4543.950014
673.596629
537.660805
539.366816
531.625765
632.933785
555.933923
545.102454
529.931367
532.961897
534.261956
698.005635
3800.042476
547.402791
547.195575
550.770645
535.608489
543.944604
537.535547
537.627018
543.449819
546.313067
540.462775
548.409010
553.413129
547.305117
550.805050
546.427464
538.037305
541.368917
541.322886
551.147636
545.526750
544.850817
544.081616
849.502904
4598.275472
675.357669
538.197071
540.784888
533.079039
634.391953
555.672599
543.842431
531.389698
534.673959
535.365556
700.628870
3863.801451
546.226383
548.630785
551.902427
535.246359
543.353815
537.104237
538.213588
545.026921
547.956381
541.776157
548.400927
553.771649
550.505617
550.345557
544.451857
534.679805
542.760128
542.912368
551.132436
544.414232
543.694261
543.958000
852.019101
4653.525043
677.938846
539.625515
543.078456
534.588166
634.164962
555.723182
543.641897
531.023284
535.117748
536.093781
704.197570
3929.556587
548.893492
549.230796
553.578037
534.876318
541.340804
535.197366
537.522335
545.202380
547.662854
540.658042
547.445244
554.464405
551.555834
549.933702
544.170066
533.540831
539.896313
541.698403
550.453415
542.665371
542.906190
544.637256
858.496474
4709.144844
680.309380
541.460332
542.784017
533.020012
633.647784
556.208471
542.583587
531.339260
537.535903
537.259312
706.791775
3992.491288
548.175564
550.451094
554.326953
535.608578
541.154822
535.673397
536.138476
540.624047
543.438934
538.213661
547.314973
554.270734
554.135554
549.959631
546.015508
534.738649
540.734234
543.398186
550.594921
543.543339
543.397078
543.584019
547.484678
534.954085
537.313753
539.863774
540.186478
531.531953
633.811851
555.463216
541.171062
532.588548
538.117997
536.179712
709.746379
4057.426652
549.103321
553.329634
557.351900
537.662424
544.301778
535.631657
537.845305
540.120554
542.576773
537.083643
547.637240
554.874721
554.165165
550.128732
545.564392
535.318645
540.823620
542.734181
548.596846
542.652036
542.452911
543.824768
547.999431
534.483659
537.924231
541.172630
541.790769
531.198941
632.763597
555.145061
539.180330
532.451232
537.420102
535.652547
713.343114
4122.603394
550.111158
550.842486
555.863204
535.852149
541.853312
533.536642
538.704736
538.796832
541.890656
537.641413
