0.015834
12.783323
0.258584
0.044605
0.065679
-15.459775
-0.181238
-0.096869
0.052346
-21.410053
-0.251401
-0.044275
-0.003013
19.268067
-0.257511
-0.124552
0.029445
-17.673260
-0.089876
0.042766
-0.025317
20.725886
0.042131
-0.078195
0.016683
9.299965
0.159886
-0.038501
-0.006008
29.048477
0.143423
-0.090502
0.090499
-32.433109
0.123139
-0.012709
0.008316
18.021234
0.041243
-0.070740
0.029105
-9.708434
-0.031946
-0.017832
-0.068035
50.987014
0.364398
0.039216
0.017958
3.610108
0.022831
0.022066
0.045789
-1.615562
-0.096004
-0.084941
-0.055114
38.905861
0.280304
-0.074246
0.074674
-4.353637
-0.056776
-0.040472
0.107535
-38.118917
-0.188278
-0.000982
0.014169
17.431204
0.270435
-0.065974
-0.049331
31.842091
0.168566
-0.042033
-0.000352
28.100611
-0.250641
-0.051751
-0.012787
-2.753424
0.290007
0.019062
0.116437
-31.400350
0.246368
0.033532
0.076463
-17.051611
0.133844
-0.067380
0.035567
5.545829
-0.232871
-0.172964
0.010963
12.590248
0.255673
0.037346
0.014365
0.107725
0.241372
-0.046241
0.048922
-19.015472
-0.082225
-0.036634
0.001823
16.689218
-0.261078
-0.132469
0.034850
2.238324
0.038234
-0.001834
-0.024179
30.870898
-0.329001
-0.120489
0.018021
9.138786
0.163301
-0.040714
-0.002654
9.554548
-0.089561
-0.067947
-0.048705
25.300490
-0.089951
-0.005212
0.010541
18.484234
0.028369
-0.074564
0.017365
-13.577625
-0.108106
-0.027262
-0.016347
20.391581
-0.502120
-0.027554
0.019646
4.626833
0.020630
0.014630
0.065898
-11.752898
0.086421
-0.022286
0.044575
-18.184071
0.356069
0.068433
0.074329
-5.875806
-0.055856
-0.035287
0.030193
8.761463
0.167442
-0.015256
-0.034488
35.802375
0.023283
0.014260
-0.051377
33.426845
0.156833
-0.042919
0.029377
3.222606
-0.038770
-0.110972
-0.019003
20.058651
0.040766
-0.092747
0.118758
-33.221316
0.269766
0.031661
-0.053433
40.455161
0.181092
-0.055827
0.003260
-4.618848
-0.363960
-0.093958
0.010022
13.800274
0.243066
0.043296
0.070936
-17.921371
-0.178150
-0.092652
0.070985
-15.833378
-0.299508
-0.030446
-0.002368
20.193640
-0.253443
-0.129513
0.027911
-17.677551
-0.047490
0.048834
0.004724
-6.009894
-0.094016
-0.053817
0.022379
7.399425
0.155445
-0.049343
-0.002890
27.885906
0.136986
-0.094115
0.058436
-23.333386
0.181496
0.008670
0.016360
16.483531
0.032820
-0.073698
0.023544
-8.095154
-0.018901
-0.015819
0.007259
19.910055
0.118761
-0.137598
0.027624
1.038617
-0.000392
0.010086
0.045953
-1.420454
-0.108561
-0.088456
-0.000763
11.499416
0.280204
-0.080878
0.077236
-7.827115
-0.031341
-0.034322
0.116560
-39.862147
-0.173451
-0.001030
0.015758
3.313433
0.080057
-0.059393
-0.055618
34.109248
0.156684
-0.039754
0.001718
26.081387
-0.268051
-0.056339
0.044741
-7.751946
-0.147152
-0.031507
0.109285
-31.110233
0.167290
0.016804
0.076197
-17.035023
0.144092
-0.065350
0.088108
-20.625116
-0.200923
-0.058292
0.009791
15.204496
0.229254
0.040850
0.012093
-0.039930
0.229893
-0.039737
-0.043714
22.161219
-0.107410
-0.024797
-0.000654
20.148324
-0.214708
-0.126677
0.037422
1.422299
0.020161
-0.015915
0.027507
-14.510092
-0.121673
0.051279
0.021804
8.407883
0.169181
-0.043435
-0.001332
7.111259
-0.065154
-0.065425
-0.035944
25.482054
-0.088674
-0.009817
0.021164
14.794849
0.043845
-0.069200
0.016579
-12.629148
-0.111515
-0.024859
0.058107
-15.206709
0.062256
-0.045859
0.022492
2.930568
-0.005046
0.008077
0.066784
-11.884744
0.089190
-0.033672
0.007322
23.068765
-0.020288
-0.039823
0.081271
-8.265585
-0.035815
-0.027635
0.034245
6.624563
0.151217
-0.008842
0.093225
-41.141420
0.318510
0.007059
-0.061510
35.869349
0.155772
-0.052559
0.032806
1.325136
-0.045320
-0.108580
0.055459
-27.058452
-0.042845
-0.093093
0.117635
-33.025241
0.199975
0.011736
-0.049710
37.939409
0.196097
-0.053637
-0.003333
13.196197
0.135526
-0.080504
0.002538
18.766455
0.248597
0.040303
0.072021
-18.256428
-0.193521
-0.089135
0.047810
-18.741629
-0.239781
-0.039292
-0.001117
20.574015
-0.208182
-0.121234
0.030165
-18.257126
-0.048845
0.051062
-0.025070
22.599626
0.037042
-0.074372
0.020039
10.275809
0.134424
-0.049376
0.005609
25.538578
0.130864
-0.090757
0.098732
-35.954539
0.136648
-0.011658
0.026726
12.506716
0.047008
-0.066837
0.029069
-10.489206
-0.028587
-0.024699
-0.068552
51.102405
0.371431
0.041769
0.024772
3.211943
0.009445
0.001096
0.033754
4.056159
-0.093387
-0.088317
-0.056850
39.768169
0.288883
-0.075104
0.081276
-8.159276
-0.041677
-0.030177
0.115183
-39.028059
-0.177129
-0.004985
0.013338
17.712309
0.273692
-0.066415
-0.065144
38.231110
0.154899
-0.050286
0.005092
24.701647
-0.276881
-0.051981
-0.013299
-2.187464
0.289091
0.017533
0.115385
-31.077246
0.206881
0.011332
0.078109
-17.892913
0.154755
-0.060946
0.041260
2.142566
-0.220584
-0.165151
