-0.005853
16.377642
0.269370
0.018316
0.029851
-4.893656
0.137387
-0.081129
-0.046829
22.542683
-0.089597
-0.027544
-0.005698
21.325316
-0.231608
-0.107929
0.023925
4.251503
0.057632
0.015457
0.028631
-14.517579
-0.112425
0.058087
0.027692
3.707566
0.206622
-0.043720
-0.006014
14.411538
-0.074637
-0.082083
-0.031846
23.860629
-0.105257
-0.013764
0.003681
18.267700
0.092383
-0.052981
0.021874
-12.859197
-0.108904
-0.031044
0.060475
-16.699013
0.071094
-0.038646
0.034788
-0.261181
0.047378
0.005722
0.054071
-6.197662
0.079341
-0.017349
0.004245
24.543159
-0.051934
-0.050622
0.073827
-7.373945
-0.014674
-0.018652
0.026374
8.318676
0.174559
-0.002273
0.082720
-38.426427
0.373143
0.020513
-0.053464
28.822420
0.180964
-0.036457
0.039784
0.917989
-0.068491
-0.109920
0.045791
-22.294105
-0.055076
-0.110688
0.093508
-25.202833
0.287210
0.056299
-0.052876
39.927425
0.220551
-0.054890
-0.008266
14.927192
0.142337
-0.078517
-0.000673
15.539617
0.255168
0.018556
0.067130
-17.067757
-0.174078
-0.096828
0.053581
-22.829062
-0.255404
-0.038543
-0.014382
23.028281
-0.205635
-0.094102
0.027208
-18.052413
-0.106568
0.040116
-0.024310
20.625716
0.032199
-0.066333
0.026296
5.979875
0.186511
-0.044953
-0.005585
27.712475
0.160329
-0.085838
0.090244
-33.136245
0.070626
-0.012613
0.006407
17.223999
0.071505
-0.052460
0.026385
-8.290977
-0.062979
-0.019286
-0.068104
49.665541
0.338121
0.027087
0.033675
-0.426744
0.038040
0.005145
0.046520
-3.520995
-0.105124
-0.081873
-0.054222
38.594180
0.277109
-0.074009
0.071537
-7.146227
-0.031128
-0.022226
0.118635
-41.859085
-0.224924
-0.019876
0.016963
15.487966
0.300479
-0.059168
-0.046599
27.290624
0.200501
-0.027636
0.000716
28.530278
-0.284619
-0.063564
-0.008344
-5.048058
0.274144
0.010791
0.096717
-27.808582
0.297238
0.059376
0.076544
-15.901158
0.122611
-0.074366
0.037120
5.215509
-0.238758
-0.163393
-0.001470
16.772219
0.233157
0.016147
0.031129
-6.460881
0.183167
-0.073822
0.043785
-16.117665
-0.070302
-0.039315
-0.017289
24.238321
-0.223179
-0.100772
0.035222
0.932364
0.039950
0.007821
-0.020244
31.030169
-0.334776
-0.122783
0.020358
9.761467
0.190716
-0.051485
-0.008956
14.311701
-0.080324
-0.079982
-0.043223
23.768523
-0.082582
-0.003955
0.011224
14.534663
0.062466
-0.058715
0.019734
-13.003541
-0.120251
-0.025660
-0.020801
21.551801
-0.511566
-0.030070
0.028531
-0.248877
0.062263
0.019624
0.052485
-6.912396
0.065157
-0.018018
0.031734
-12.823151
0.362597
0.069405
0.070293
-3.759044
-0.038701
-0.031227
0.016887
13.647715
0.140311
-0.013972
-0.042075
39.556660
0.022672
0.033348
-0.047649
28.014518
0.224472
-0.019244
0.036705
2.720109
-0.060974
-0.108209
-0.016588
18.972133
0.058892
-0.092232
0.105960
-27.809015
0.296195
0.049567
-0.058005
42.746368
0.205469
-0.049739
0.010076
-8.777315
-0.368610
-0.094285
0.000986
17.039114
0.240414
0.015467
0.064272
-13.849507
-0.163610
-0.095742
0.070166
-16.854527
-0.297527
-0.028651
-0.010319
23.011104
-0.242979
-0.117012
0.029734
-19.189296
-0.099351
0.039168
0.013387
-10.833200
-0.142886
-0.048658
0.021120
8.138445
0.206493
-0.044768
-0.007323
29.999043
0.151236
-0.091992
0.053195
-20.398783
0.169046
0.017406
0.006463
17.215644
0.053184
-0.063381
0.024522
-7.889890
-0.064169
-0.021145
0.003982
20.744484
0.103649
-0.138707
0.018173
2.751707
0.057246
0.016128
0.037442
1.243142
-0.107094
-0.095170
0.000394
10.288900
0.361545
-0.077064
0.063396
-2.383067
-0.051939
-0.037723
0.112122
-38.551189
-0.215016
-0.011913
0.010403
4.028315
0.078327
-0.055543
-0.051377
29.245256
0.208098
-0.023303
-0.005119
29.725902
-0.245778
-0.058659
0.044883
-9.175523
-0.202100
-0.022089
0.114747
-33.940597
0.292766
0.046119
0.075650
-17.517844
0.124832
-0.078836
0.094866
-24.307957
-0.174114
-0.057369
0.005308
16.417607
0.244935
0.012746
0.030462
-6.701842
0.221979
-0.062524
-0.050597
23.226862
-0.112260
-0.030974
-0.007225
20.704497
-0.270819
-0.114776
0.034180
-0.218114
0.045371
0.009096
0.030658
-14.897211
-0.120236
0.056244
0.023481
7.175573
0.198042
-0.049227
-0.009756
13.130145
-0.103933
-0.077866
-0.037799
27.179094
-0.110277
-0.010436
0.011242
14.958914
0.055075
-0.059722
0.019066
-15.777950
-0.118031
-0.017218
0.056752
-14.093856
0.075452
-0.044624
0.016500
4.826687
0.043101
0.016035
0.059247
-10.136739
0.064689
-0.018688
0.006594
24.203848
-0.034233
-0.047973
0.068795
-4.617397
-0.058014
-0.034504
0.022950
11.147038
0.154949
-0.014953
0.081997
-38.154736
0.350896
0.018795
-0.051898
30.050338
0.192252
-0.018800
0.037291
2.072279
-0.060358
-0.114927
0.048369
-24.528827
-0.045274
-0.097818
0.110097
-31.600620
0.262551
0.033329
-0.059198
43.810280
0.191420
-0.048547
-0.004519
14.269305
0.129976
-0.079067
