0.078073
5.442700
-0.044320
-0.101272
-0.011165
17.666577
0.175877
-0.087035
-397.982547
4977720.806328
-736088.954363
107.303226
-0.004525
15.193864
0.153130
-0.101791
-399.501604
4996699.010616
-738894.886595
107.694551
0.078299
17.105625
-0.083174
-0.092279
0.045372
18.028163
0.206979
-0.003248
0.082733
11.945095
0.009490
-0.082816
0.046367
16.847573
0.212615
0.002756
0.080693
11.586719
-0.063814
0.127720
0.080657
4.192934
-0.002297
-0.073721
0.083621
9.450706
-0.080758
0.135442
0.080075
1.963488
-0.025622
-0.065553
-0.005499
14.580552
0.147016
-0.095740
-406.591642
5085256.183985
-751999.338465
109.513438
0.000126
12.135086
0.146658
-0.090237
-408.105455
5104227.961666
-754808.717562
109.913485
0.092586
7.562396
-0.019677
-0.080235
0.061753
9.317074
0.453699
0.029613
0.092612
7.784513
-0.021197
-0.085310
0.077085
7.286634
0.445228
0.033315
0.061946
14.088227
-0.126939
0.117946
0.096180
-6.469962
-0.049645
-0.099893
0.064948
12.787811
-0.128182
0.111219
0.092728
-4.490222
-0.055182
-0.097681
-0.000953
14.613886
0.166667
-0.092063
-415.189813
5192779.817370
-767898.372729
111.776532
-0.001866
16.602518
0.132273
-0.079534
-426.669303
5252859.997464
-767670.074125
112.174406
0.088530
3.691170
0.118939
-0.065046
0.082545
7.162805
0.426832
0.021846
0.094310
1.227379
0.113966
-0.084288
0.082266
7.451073
0.443105
0.023345
0.071019
12.765717
-0.103940
0.116893
0.096409
-4.614899
-0.087761
-0.132549
0.074425
9.243792
-0.073769
0.126219
0.108161
-4.588115
-0.085568
-0.139481
-0.007490
16.707859
0.151147
-0.081521
-480.254899
5533244.750386
-766596.023351
114.053042
0.001078
15.777939
0.140968
-0.097069
-491.738785
5593328.481615
-766366.582711
114.472577
0.105157
-5.707316
0.121781
-0.078933
0.077894
11.626034
0.413746
0.042225
0.107657
-8.437379
0.128173
-0.071290
0.080010
10.501052
0.433048
0.052796
0.074082
7.660680
-0.048986
0.144424
0.106072
-5.368900
-0.096141
-0.159327
0.086265
5.804851
-0.055902
0.150168
0.107898
-2.348293
-0.093434
-0.163194
0.003486
17.032632
0.131528
-0.100345
-545.325537
5873716.337547
-765306.483190
116.391627
0.008282
17.855372
0.096513
-0.114687
-556.809574
5933800.994202
-765078.885996
116.793442
0.099036
-4.947747
0.116322
-0.075453
0.092472
2.723426
0.396423
0.035822
0.101131
-4.661652
0.104546
-0.083922
0.094959
1.759363
0.375632
0.029033
0.081722
7.498570
-0.062219
0.123556
0.081477
4.923170
-0.115402
-0.168904
0.078880
7.281065
-0.078582
0.122689
0.082956
4.128458
-0.101243
-0.163506
0.020992
15.548570
0.114640
-0.120814
-610.387096
6214185.391337
-764009.653197
118.665521
0.032920
14.143855
0.142856
-0.117720
-621.871592
6274271.079444
-763781.468900
119.075761
0.100021
-6.346919
0.091943
-0.101839
0.107363
-5.906935
0.367119
0.027024
0.094290
-5.042625
0.089271
-0.102290
0.110416
-5.966160
0.366743
0.023045
0.084712
4.890290
-0.072874
0.136019
0.075432
6.436594
-0.135409
-0.162484
0.072252
8.059531
-0.110725
0.110738
0.076175
6.959916
-0.113880
-0.154931
0.023867
13.278206
0.147150
-0.113016
-675.459371
6554653.405340
-762710.213253
121.012943
0.022350
11.679894
0.169195
-0.096679
-686.941964
6614736.244213
-762483.193389
121.418691
0.094764
-4.630229
0.087856
-0.114477
0.106748
-6.059995
0.351748
0.024150
0.093197
-4.772477
0.109306
-0.117262
0.106044
-5.660498
0.432101
0.023013
0.073880
7.454247
-0.083790
0.127303
0.076234
2.863115
-0.132980
-0.148009
0.071583
7.812583
-0.166072
0.118062
0.073860
6.774803
-0.121227
-0.161793
0.030648
11.622784
0.206730
-0.104621
-740.522620
6895116.017516
-761415.118174
123.280404
0.025796
12.526936
0.137153
-0.102699
-752.001090
6955197.580465
-761186.897983
123.690787
0.102749
-5.850646
0.182593
-0.110300
0.121490
-5.847545
0.442148
0.009532
0.100232
-6.186545
0.176181
-0.108159
0.121173
-6.530170
0.506705
0.027470
0.073768
9.220444
-0.205031
0.092509
0.058094
10.682688
-0.129445
-0.147120
0.071712
11.944913
-0.078460
0.101145
0.058761
8.956905
-0.146811
-0.149834
0.020445
9.399068
0.084199
-0.123178
-805.578131
7235580.896051
-760117.415826
125.602404
0.018581
10.745158
0.088870
-0.110040
-817.069581
7295667.262291
-759888.713031
125.982528
0.099443
-2.734010
0.186818
-0.113373
0.116276
-3.376431
0.423101
-0.001070
0.097010
-1.737910
0.183191
-0.118663
0.117662
-4.187491
0.410398
-0.010937
0.077647
7.295935
-0.183888
0.095535
0.066424
6.160654
-0.134729
-0.147362
0.073650
7.813832
-0.191053
0.085630
0.070484
6.825224
-0.171293
-0.141717
0.026366
6.595387
0.161125
-0.102803
-870.661660
7576047.494908
-758822.950663
127.849564
0.024257
8.486803
0.147140
-0.104441
-882.146255
7636128.254730
-758598.588730
128.251319
0.094582
-1.108226
0.157555
-0.110929
0.124484
-5.456581
0.471383
-0.003784
0.091655
-0.704704
0.170737
-0.100403
0.123629
-5.015804
0.469784
-0.003399
0.074139
8.405154
-0.185039
0.068965
0.076518
4.859913
-0.150852
-0.131158
0.077786
8.372849
-0.198433
0.067931
0.075925
3.787729
-0.151947
-0.134112
0.021392
10.435251
0.122479
-0.105354
-935.736040
7916513.605111
-757530.267036
130.096875
0.017855
11.996657
0.129938
-0.101286
-947.215521
7976595.045831
-757307.666521
130.496125
0.082665
-1.050642
0.162355
-0.100014
0.118664
-5.348103
0.449024
-0.003113
0.076689
1.374294
0.165743
-0.099782
0.110843
-6.935268
0.447898
0.004159
0.072914
11.311870
-0.165228
0.057581
0.074580
1.779291
-0.116359
-0.109388
0.074512
10.620913
-0.231617
0.025148
0.074491
3.168804
-0.111694
-0.104097
0.020480
12.658424
0.155679
-0.117607
-1000.805149
8256976.491398
-756255.625912
132.431822
0.020247
13.006164
0.167324
-0.115463
-1012.290919
8317061.643262
-756028.017720
132.833870
0.073616
0.822495
0.158022
-0.112803
0.122944
-11.979583
0.441339
-0.004491
0.068793
2.222780
0.148791
-0.111902
0.115418
-15.790391
0.420985
-0.015456
0.060810
17.140625
-0.210327
0.029767
0.077594
0.843710
-0.111375
-0.103250
0.064692
15.279309
-0.200789
0.038854
0.079584
-0.065829
-0.108986
-0.104182
0.027678
8.850979
0.165539
-0.101802
-1065.878153
8597445.364254
-754971.159260
134.722415
0.007916
11.365733
0.157226
-0.103130
-1077.365421
8657529.574224
-754738.614921
135.126551
0.064351
2.957277
0.170471
-0.099984
0.125746
-19.397454
0.403796
0.001901
0.064988
2.982385
0.154637
-0.096314
0.126396
-18.248245
0.399752
-0.006723
0.064808
16.094001
-0.204910
0.019808
0.071545
2.824804
-0.081348
-0.088468
0.066694
14.732149
-0.194364
0.020028
0.076973
1.489844
-0.076932
-0.083531
0.017825
10.057547
0.112037
-0.096861
0.005837
23.292703
-0.046522
-0.126173
0.011505
8.207320
0.115886
-0.097347
