-0.011233
0.178538
0.122874
-0.165466
-0.163332
0.327373
0.397422
0.389217
0.315409
-0.963040
-0.916310
-0.337693
-0.175689
0.592996
0.290228
0.336404
0.299073
-1.047924
-0.843733
-0.254310
0.076057
0.089504
-0.355450
-0.190444
0.247338
-0.748443
-0.165897
-0.329433
0.074171
-0.086184
-0.544915
-0.165305
0.194385
-0.552597
-0.042457
-0.407231
0.151305
1.085018
-0.655756
-0.079533
0.078892
-0.234773
-0.349832
-0.248939
0.154363
0.810541
-0.667243
0.002034
0.054154
-0.200242
-0.303169
-0.247893
-0.131521
0.613536
-0.026396
0.071115
0.223678
-0.892856
0.126152
-0.139300
-0.128935
0.606528
0.044929
0.072263
0.189547
-0.785417
0.174792
-0.033487
0.270521
0.176299
-0.178186
0.041912
0.173173
-0.228573
-0.138658
-0.399166
0.362174
-0.292482
-0.142138
0.065253
0.178280
-0.292798
0.085463
-0.214883
0.106773
1.517638
-0.859405
-0.259467
0.085567
-0.337941
-0.597816
-0.210011
0.088931
1.473002
-0.953858
-0.213186
0.115568
-0.828219
-0.387745
-0.209971
0.023618
-0.216135
-0.215771
-0.187342
0.243078
-0.959385
0.823704
0.014144
0.074632
-0.513667
0.003892
-0.230732
0.218486
-0.764073
1.045701
0.023113
0.156530
-0.004006
-0.139182
0.064735
0.061172
0.534728
0.281235
-0.100076
0.116561
0.371687
-0.442552
0.029554
0.022795
0.529703
0.334571
-0.114254
0.106694
1.297422
-0.858279
-0.255319
0.035508
-0.170011
-0.133657
-0.058706
0.045877
1.631086
-0.835556
-0.170693
0.019759
0.330757
0.334339
0.064864
0.053164
-0.299357
-0.303853
-0.181334
0.296374
-1.024942
1.383742
0.060054
0.085383
-0.429096
-0.490163
-0.291568
0.281512
-0.956209
1.376180
0.083370
0.169501
0.213012
-0.610847
-0.014061
0.000918
0.188378
0.187092
-0.107068
0.146312
0.168324
-0.593280
0.022361
-0.024578
0.307522
0.506512
-0.082312
-0.136799
0.862161
-0.721785
-0.005108
-0.101811
0.668874
0.151872
0.179285
-0.141911
0.911705
0.136389
-0.055374
-0.079228
0.581754
0.006725
0.035589
0.043980
-0.121829
-0.044935
-0.081218
0.018793
-0.189858
0.829582
-0.109180
0.022851
-0.013938
-0.509557
-0.172960
0.053403
-0.098906
0.749424
-0.139500
0.051502
0.115171
0.205557
0.029003
0.006747
0.543890
0.884033
0.035336
0.085349
0.097781
-0.342336
-0.112531
0.021074
0.301403
0.774201
-0.048951
-0.056786
0.637432
-0.064525
-0.227841
-0.059429
0.720832
-0.559869
0.041913
-0.131913
0.725146
-0.346667
-0.260295
-0.057878
0.620830
-0.440331
0.021215
0.046323
-0.078311
-0.556351
-0.235060
-0.004856
-0.372452
0.384584
-0.162205
-0.031319
0.210720
-0.486931
-0.148539
-0.006180
0.006431
0.118215
-0.240330
0.040108
0.069723
-0.901139
-0.318444
0.010861
0.366892
0.465787
0.087342
0.033160
0.005869
-0.833124
-0.274989
-0.021534
0.593152
0.503113
0.044186
-0.126802
0.684801
0.055501
-0.066012
-0.152922
1.122803
-0.059019
-0.022189
-0.095226
0.234375
-0.331391
-0.136417
-0.113158
1.110196
0.141199
-0.002927
-0.063691
0.045951
-0.082516
0.272107
-0.027655
0.555256
0.105367
-0.307778
-0.092936
0.258895
-0.052584
0.322257
-0.025365
0.523692
0.404928
-0.259323
-0.002895
0.557342
-0.688973
-0.328739
0.000352
0.419422
0.893795
0.410230
-0.013416
0.594763
-0.672897
-0.275896
-0.020785
0.400424
0.844295
0.384038
-0.065394
0.182870
-0.256468
-0.213292
-0.007949
0.573022
0.622940
0.143040
-0.102006
0.057365
0.258675
0.024342
0.015704
0.487185
0.216143
0.124192
-0.073039
0.010744
-0.495729
0.385217
-0.044248
0.717458
0.031453
-0.337308
-0.066965
-0.020059
-0.485568
0.388353
-0.024015
0.486372
0.103735
-0.378598
-0.101731
0.619888
-0.616944
-0.303927
-0.014986
-0.286851
0.744330
0.256140
-0.122912
0.597982
-0.524718
-0.371822
-0.116121
0.308290
0.899323
0.281783
-0.102546
-0.168264
0.093583
0.046607
0.141295
0.496384
0.913947
0.114007
-0.080966
-0.320054
0.124514
-0.033628
0.135479
0.605367
0.842626
0.087756
-0.112694
0.295815
-0.541174
0.430878
-0.100530
0.520267
-0.927269
-0.535439
-0.162703
0.483741
-0.476083
0.439769
-0.154043
0.763901
-0.974950
-0.497969
0.084252
-0.293974
-0.079173
-0.231411
-0.011185
-0.292329
0.825016
0.227470
0.137157
-0.586842
-0.103803
-0.094777
-0.001261
-0.332148
0.804711
0.192177
-0.052643
-0.450131
-0.111394
0.126160
0.280384
-0.192372
0.009431
-0.266949
0.057547
-0.138290
-0.360127
-0.074217
0.357632
-0.303146
0.054605
-0.467196
-0.224998
0.512466
-0.652645
0.295689
-0.053942
0.494621
-1.222797
-0.438289
-0.162045
0.255295
-1.032188
0.114677
-0.066888
0.506244
-1.402412
-0.413486
0.035088
-0.558309
-0.093016
-0.046732
-0.104072
0.510384
0.939147
0.365543
0.067501
-0.610917
0.009921
0.013524
-0.128468
0.361602
1.043832
0.384765
-0.017939
-0.382562
-0.382150
-0.123428
0.303813
0.024554
0.000436
-0.518999
-0.027131
-0.392486
-0.271995
-0.018013
0.321877
0.035638
0.084775
-0.507052
-0.176136
0.070106
-0.199536
0.283425
-0.050908
0.148820
-1.193820
-0.424704
-0.197092
-0.040971
-0.241381
0.319677
-0.095924
0.031417
-1.174412
-0.376818
0.056066
-0.475753
-0.009157
0.080805
-0.133881
0.045549
0.595271
0.359484
0.043164
-0.533727
-0.186821
0.121393
-0.046849
-0.159563
0.536883
0.239768
0.017151
-0.389896
0.516423
0.077116
0.448878
-0.957906
0.696229
-0.261924
0.082873
-0.720517
0.606690
0.156530
0.447026
-0.603997
0.530139
-0.327352
-0.139005
-0.212440
-0.592231
-0.149452
-0.158311
0.565107
-0.578871
-0.342282
-0.032976
-0.244545
-0.756070
-0.237793
-0.050372
-0.349787
-0.720711
-0.241540
0.036551
-0.013868
0.278799
0.225960
-0.053172
-0.311758
0.555235
0.308537
0.166254
-0.534830
-0.189328
-0.151555
-0.088278
-0.075013
0.589131
0.112057
0.002179
-0.470075
0.301401
0.084874
0.568321
-1.156129
0.811649
-0.326072
-0.004101
-0.566018
0.398179
0.078064
0.561379
-1.233437
0.206464
-0.486304
-0.097823
-0.119328
-0.562781
-0.214718
-0.070511
-0.160505
-1.117166
-0.387806
-0.184393
-0.031438
-0.480791
-0.359062
-0.038888
0.118115
-0.979949
-0.390899
0.106855
-0.463896
-0.024362
0.045765
0.045512
-1.240790
0.764484
0.379875
0.068517
-0.286933
0.014529
0.053000
0.363080
-1.554157
0.771268
0.691002
0.061027
-0.331193
-0.027676
-0.020967
0.394088
-0.159188
0.476644
-0.396259
0.092062
-0.497764
-0.151769
-0.144652
0.338725
-0.391319
0.397633
-0.331470
-0.033540
0.006646
-0.782389
-0.371330
0.097675
-0.191515
-0.958989
-0.424943
-0.049749
-0.161083
-0.705699
-0.276759
