753.510533
3315.774568
629.920619
596.827376
2945.736882
629.542282
545.961189
546.377653
540.095373
596.800753
2948.347458
629.735920
545.964142
546.349419
540.059732
544.574611
541.467492
534.948254
544.168870
544.376009
541.729189
544.467736
541.412106
534.872178
544.121412
544.402365
541.826416
701.083178
1777.268713
548.970676
753.948946
3321.584265
630.036620
701.158770
1778.416683
548.884702
754.018842
3322.863041
630.051228
597.011450
2956.709312
630.009283
546.093406
546.540608
540.128625
597.062789
2959.207230
629.990354
546.133250
546.569545
540.155576
544.390748
541.464347
534.833849
544.247775
544.492689
541.986680
544.384123
541.518112
534.855527
544.334960
544.579792
541.898927
701.610096
1782.374729
548.990578
754.468624
3328.720403
630.346472
701.517052
1783.369697
548.893938
754.578639
3330.049253
630.423421
597.180377
2967.392097
630.196067
546.188499
546.767193
540.088868
597.210726
2969.978712
630.384594
546.247473
546.719857
540.110935
544.310482
541.433272
534.985554
544.169582
544.558945
541.979894
544.445667
541.483670
534.997188
544.102394
544.549710
541.935595
701.944827
1787.112443
548.954491
755.199498
3335.973387
630.724076
702.068658
1788.217079
548.985012
755.173571
3337.058658
630.568750
597.493932
2978.405600
630.700003
546.153144
546.711245
540.155009
597.568611
2981.052529
630.854453
546.117627
546.606853
540.148492
544.567988
541.576675
535.482977
544.305199
545.061497
542.147389
544.649589
541.706113
535.490709
544.189616
544.718937
542.029504
702.296945
1792.076483
549.199059
755.638252
3342.936106
630.729011
702.412075
1793.219865
549.223518
755.678857
3344.187209
630.891330
597.832235
2989.500549
631.222245
546.231107
546.727676
540.219752
597.811800
2992.074630
631.314579
546.217468
546.780327
540.172371
544.608764
541.704423
535.762465
544.206577
544.970153
542.220712
544.460401
541.671143
535.734346
544.258896
545.004456
542.271547
702.737643
1796.974808
549.136204
756.152462
3350.083452
631.109796
702.888247
1798.226239
549.153736
756.334646
3351.418170
631.104775
597.929628
3000.479059
631.469350
546.104268
546.787579
540.479848
598.097634
3003.109805
631.629109
546.194542
546.891298
540.506372
544.454294
541.627489
535.569792
544.633649
545.065832
542.311080
544.438788
541.686565
535.625197
544.658024
545.100605
542.267190
703.237714
1802.000688
549.131797
756.704947
3357.431743
631.435184
703.288328
1803.158317
549.060847
756.770479
3358.696242
631.432434
598.380168
3011.507801
631.938835
546.209569
546.828714
540.641579
598.513562
3014.068160
632.062860
546.255781
546.795347
540.802476
544.316199
541.494042
535.574454
544.493549
544.888015
542.295260
544.315018
541.370985
535.609067
544.549558
544.987551
542.382571
703.780397
1806.955338
549.111977
757.037178
3364.538525
631.506637
704.140411
1808.184814
549.129472
757.039362
3365.699649
631.414579
598.663699
3022.420239
632.385880
546.156887
546.606893
540.522365
598.777487
3025.094603
632.635301
546.067185
546.535445
540.494332
544.292196
541.202303
535.539885
544.800579
545.139887
542.351399
544.317774
541.323259
535.653907
544.686173
545.052253
542.347970
704.642881
1811.861069
549.075889
757.494282
3371.622779
631.631511
704.816171
1813.107400
549.158976
757.577044
3372.903219
631.763996
598.961983
3033.575568
633.129920
546.237961
546.652783
540.404028
599.036723
3036.054822
633.065515
546.267078
546.606017
540.406921
544.235033
541.408284
535.812056
544.829865
545.114938
542.343386
544.273849
541.410731
535.751635
544.834525
545.104737
542.319336
705.310485
1817.013442
549.480345
758.066980
3378.849319
631.983411
705.450639
1818.055591
549.446652
758.216011
3380.162168
632.032787
599.153490
3044.548957
633.458653
546.137441
546.512981
540.327115
599.263617
3047.095501
633.576256
546.192080
546.619347
540.381057
544.422552
541.455254
535.500515
544.947981
545.115116
542.371335
544.374607
541.446216
535.491364
544.882941
545.039562
542.404081
705.911431
1822.027966
549.590157
758.699371
3386.055220
632.254267
706.079244
1823.256465
549.644133
758.869812
3387.300740
632.309729
599.514614
3055.552792
633.986624
546.169886
546.440675
540.361161
599.657435
3058.199995
634.018694
546.123891
546.401303
540.352422
544.326769
541.292955
535.397902
545.051904
545.103033
542.196853
544.296433
541.423199
535.549122
545.022699
545.117139
542.033647
706.904509
1827.176628
549.615124
759.335008
3393.108374
632.624105
707.112789
1828.385933
549.693298
759.463870
3394.341171
632.600773
599.834802
3066.791014
634.306486
545.813369
546.355465
540.374411
599.942999
3069.482785
634.529525
545.786973
546.385844
540.377597
544.195525
541.402131
535.535588
544.927219
545.043364
542.088785
544.182501
541.473312
535.665450
544.820462
544.927759
541.959227
707.498686
1832.159350
549.580402
760.061674
3400.280668
632.798630
707.689305
1833.159684
549.442052
760.212053
3401.558837
632.768693
599.915638
3077.899448
634.839794
545.789895
546.365231
540.432991
599.986854
3080.491540
634.955719
545.739841
546.359388
540.582261
544.238598
541.570974
535.789571
544.929548
545.038682
541.987109
544.150375
541.454743
535.686663
545.037573
545.061854
541.958343
708.078546
1837.209909
549.671958
760.663033
3407.319783
633.142913
708.209802
1838.244393
549.686773
760.844500
3408.596992
633.273689
600.087529
3088.845718
635.211796
545.686691
546.230116
540.472340
600.220906
3091.454724
635.357957
