0.034551
-4.850106
0.014539
-0.007825
0.057527
-9.959322
-0.005591
-0.024380
0.042214
-12.117409
-0.048014
-0.064066
0.031007
-13.906761
-0.143108
-0.057373
0.021658
-12.605955
0.038131
-0.027076
0.006833
-1.291908
-0.015630
-0.051989
0.024466
-14.730157
0.153129
-0.023156
0.027525
11.502444
-0.078280
-0.029818
0.016538
1.975448
0.099770
-0.047293
0.033197
-6.217056
-0.001022
-0.054008
0.032078
-15.235829
-0.012465
-0.046181
0.014745
-5.771593
-0.012558
-0.029671
0.009950
-4.658328
-0.018545
-0.016906
0.014048
-9.869947
0.098870
0.002622
0.036715
6.151555
0.154788
-0.059039
-0.006419
15.570861
0.058363
-0.069269
0.027677
-8.443666
-0.035548
-0.080401
-0.011202
13.637900
-0.176465
-0.092468
0.000429
-2.036689
0.071465
0.038872
-0.000438
2.676583
0.010392
-0.042176
-0.006299
2.152710
-0.097064
-0.058500
-0.001256
23.928019
0.052981
-0.016326
0.010227
7.417620
0.035024
-0.035156
0.011484
1.418145
-0.036521
-0.035750
0.022208
-10.083155
-0.023379
-0.022020
0.015584
-5.834754
0.112039
-0.002012
-0.013140
6.222244
-0.024828
-0.027820
0.034465
-16.628462
-0.114834
-0.050804
0.040713
3.187439
-0.020062
-0.038051
0.015397
3.450297
-0.013431
-0.029501
0.028668
-8.304574
-0.036168
-0.036442
0.011806
-3.890080
-0.013446
-0.003704
0.018111
-4.555557
-0.057361
-0.045211
0.020858
-13.507975
-0.054896
-0.044185
-0.010694
6.164316
-0.072663
-0.048550
0.008686
9.561459
-0.001080
-0.015048
0.036930
-8.264439
-0.080200
-0.071202
0.018912
-1.558270
-0.080989
-0.031655
0.023529
-4.790989
0.055906
-0.057274
0.022994
-11.777533
0.087150
-0.026540
0.000490
1.461539
0.001580
-0.029242
-0.000356
-3.477734
0.121419
-0.013557
0.021669
15.216868
0.030160
-0.063974
0.011941
6.041761
-0.048289
-0.080228
-0.006677
8.587962
-0.019701
-0.043874
0.021652
0.678664
0.011460
-0.069167
0.031572
-16.405278
-0.084114
-0.016996
-0.005742
7.967464
0.091254
-0.063907
-0.001173
-0.672656
-0.032621
-0.021596
0.055304
-7.350824
0.108974
-0.034903
0.022033
-2.124378
-0.008692
-0.035611
0.019639
-1.454986
-0.072410
-0.003375
0.044240
-11.046109
-0.017795
-0.073506
0.025876
-15.038126
-0.031312
-0.006328
0.003212
3.244041
-0.013965
-0.047384
-0.001362
1.147615
0.027925
-0.029074
0.033225
-4.861044
0.018202
-0.002673
0.019601
-0.259846
-0.037022
-0.015451
0.014216
4.630339
-0.126182
-0.018072
0.020006
-7.050142
0.043104
-0.046769
0.019476
-8.363046
0.040301
-0.048387
0.015783
-6.705278
0.046855
-0.070289
0.007021
-2.245727
-0.060478
-0.066569
0.028519
10.783921
-0.080748
-0.034548
0.068877
-22.000677
-0.055032
-0.019148
0.042568
-13.091813
-0.094462
-0.049073
-0.003517
3.209103
-0.007008
-0.040597
0.008497
-2.657191
-0.024308
-0.054539
-0.021819
15.938265
-0.041054
-0.043599
0.009639
-8.337627
0.104621
0.008668
0.036065
6.920735
0.151276
-0.060357
0.022661
0.498053
0.050701
-0.017272
0.015107
-0.834823
-0.091928
-0.050990
0.016555
-5.723022
-0.075691
-0.010316
-0.009022
8.181627
0.018420
-0.029565
0.010906
-7.036266
0.057566
-0.045366
0.037605
-21.902365
0.032278
-0.045839
-0.000107
23.728500
0.041450
-0.021407
0.021263
0.280195
-0.073912
-0.066024
0.014701
-2.027313
-0.031406
-0.031020
0.005233
1.052059
0.058547
-0.022426
0.006494
2.226983
0.045722
-0.034386
0.002516
-3.404433
-0.075080
-0.023825
0.000761
-1.787456
-0.005572
-0.038672
0.038613
4.010605
-0.011835
-0.033503
0.005647
4.393880
0.032040
-0.000059
0.017189
0.074687
-0.001741
-0.025330
0.022011
-3.080672
0.001687
-0.067482
0.021288
-2.550401
-0.061763
-0.084273
0.008524
-4.047653
-0.067776
-0.060434
0.018952
-7.676467
-0.003518
-0.083294
0.007468
10.213579
-0.002158
-0.015892
0.065104
-18.832097
0.073512
-0.038840
0.025699
0.278499
0.053338
-0.073005
0.012000
-5.989052
-0.000513
-0.007049
-0.009635
8.082538
0.019291
-0.038936
0.013876
-5.030329
-0.068641
-0.047139
0.003264
-5.274307
0.013944
-0.020067
0.021727
16.131207
0.028906
-0.063722
0.033272
-2.256419
0.055542
-0.056054
0.027273
-6.498061
-0.098847
0.000606
0.011959
-0.072100
-0.029621
-0.029039
0.001824
-1.584269
0.008105
-0.012901
0.016412
-6.767862
0.084890
-0.045204
-0.000087
4.620613
0.017915
-0.031138
0.056161
-7.899304
0.102811
-0.035446
0.012781
3.875633
-0.043993
-0.067501
-0.003731
12.612896
0.069339
-0.062101
0.005818
2.280916
-0.041885
-0.020105
-0.009635
9.265839
0.036400
-0.034949
-0.008945
7.878212
0.019432
-0.004038
-0.013999
5.938714
-0.052256
-0.013498
0.032797
-4.801702
0.027971
-0.000587
0.056446
-9.644022
0.001449
-0.019671
0.031090
-11.310210
-0.069589
-0.042675
0.000370
0.238298
0.018956
-0.028825
0.006852
-4.280726
0.019797
-0.025224
0.016976
-1.426803
0.072494
-0.085400
0.001721
2.159903
0.042177
-0.053699
0.029000
10.933699
-0.091469
-0.037864
0.018123
1.468573
0.086668
-0.051348
0.010662
5.560855
0.042906
-0.070646
0.002721
0.268509
0.135347
-0.007290
-0.007123
5.802566
0.009662
-0.068556
0.004838
-0.361843
-0.127982
-0.072934
-0.011575
4.566478
-0.058100
-0.039601
0.037857
6.849993
0.150472
-0.058713
-0.006205
16.121846
0.062357
-0.069683
0.012592
-0.959786
0.071256
-0.051013
0.025842
-7.679701
0.175862
0.002597
0.021411
-7.240692
-0.054120
-0.047975
0.013221
-6.671819
0.043845
-0.022832
-0.006331
0.531585
0.120266
0.011177
-0.000671
23.810811
0.047132
-0.020390
0.009081
7.565787
0.034402
-0.034395
0.020240
-6.620690
0.050538
-0.021555
-0.009729
8.423801
-0.062880
-0.051714
0.002987
1.111028
-0.052755
-0.073912
0.016736
-5.105706
0.009757
-0.049049
-0.017840
12.060945
-0.038119
-0.078376
0.039997
3.797565
-0.015441
-0.033512
0.012003
4.352606
-0.010976
-0.030057
0.053436
-15.767451
0.028428
-0.040481
0.021071
0.160567
0.083456
-0.041248
0.012025
-0.156387
-0.039007
-0.030165
0.023164
-9.777221
-0.057226
-0.053673
-0.007534
6.913521
-0.105540
-0.068280
0.006593
10.732788
-0.011144
-0.016516
0.036217
-8.103634
-0.086246
-0.069402
0.019329
-0.756839
-0.027600
-0.072844
0.002350
0.376955
-0.044542
-0.012346
-0.011825
9.697138
-0.050222
-0.036003
0.008058
-4.960424
0.040250
-0.062405
0.003691
1.440310
0.042730
-0.049749
0.021868
16.023186
0.028513
-0.063763
0.011981
5.834237
-0.044169
-0.079398
0.014188
-0.042650
0.079445
-0.016199
-0.005227
4.087696
0.066973
-0.013807
-0.011452
7.787353
-0.054107
-0.022264
0.002929
0.187054
0.015127
-0.010139
-0.010454
5.988512
0.085349
-0.045751
0.057265
-8.568491
0.107216
-0.031205
0.020661
-1.529824
-0.010330
-0.034765
0.037394
-20.043166
0.053991
0.010343
0.034210
-10.259474
-0.044939
-0.030868
0.005013
-0.561502
0.000375
-0.033515
-0.000568
0.182162
0.044724
-0.029538
-0.008960
2.760845
-0.045738
-0.034402
0.033525
-4.318659
0.024726
-0.004285
0.019714
-0.176808
-0.045984
-0.018604
0.008124
-1.091493
-0.003122
-0.036125
0.014333
-3.227861
-0.007416
-0.012554
-0.016555
11.691136
-0.040849
-0.065939
0.012899
-5.061966
-0.027628
-0.038509
0.018808
-3.964635
-0.014692
-0.072358
0.029109
10.845128
-0.097048
-0.039822
0.066605
-20.806588
-0.063051
-0.024362
0.017186
1.185579
0.037675
-0.036528
0.031373
-7.405304
-0.040117
-0.049856
0.011499
-4.945452
0.060221
-0.043076
0.007810
-0.821942
-0.030909
-0.037484
0.019457
-7.018102
-0.022374
-0.067476
0.035271
8.207298
0.146608
-0.061785
0.024448
-0.207253
0.062482
-0.018037
0.005515
3.246351
0.016009
-0.039420
0.004808
-0.531407
-0.008020
-0.040490
0.017871
-4.428463
-0.045017
-0.033888
0.014207
-3.193997
0.003132
-0.030544
-0.009897
5.930068
0.053093
-0.021683
-0.000537
23.725522
0.047111
-0.017800
0.022219
-0.216559
-0.069472
-0.062157
0.012487
1.904487
-0.106147
-0.055988
0.034160
-11.807301
-0.043258
-0.032636
0.008523
0.357513
0.092866
-0.073660
0.016101
-8.575104
-0.017192
-0.040495
-0.003993
-0.498396
0.056689
-0.011913
0.038285
5.020167
-0.017848
-0.036886
0.006230
4.388798
0.029915
0.000378
0.028009
-3.818948
0.067520
-0.049683
0.001193
0.007863
-0.089840
-0.047807
0.009600
-1.630625
-0.038275
-0.064675
0.013119
-3.449681
-0.051563
-0.079142
-0.010238
5.675527
0.173975
-0.031853
0.004780
10.397950
-0.009383
-0.016798
0.064558
-18.209199
0.071232
-0.039451
-0.000213
9.329404
0.113182
-0.007241
0.008488
2.012182
0.050953
-0.034024
0.001572
1.692186
-0.070967
-0.063435
0.031934
-14.055088
-0.050174
-0.028395
-0.009541
6.843502
0.007559
-0.036809
0.021908
16.284397
0.033419
-0.060951
0.031868
-2.092452
0.054653
-0.057120
0.027549
-1.689901
-0.073577
-0.052015
0.012739
-5.617822
0.097397
-0.040217
0.002169
-1.030523
-0.028808
-0.036771
0.027125
-13.430140
0.057842
-0.055020
-0.006400
1.007524
-0.081650
-0.022825
0.057856
-9.237826
0.107641
-0.029599
0.012109
3.753654
-0.040380
-0.068471
-0.000254
5.039787
0.029838
-0.031268
0.034072
-10.565227
0.025009
-0.056836
0.026277
-10.412093
-0.008481
-0.064911
-0.006119
3.475551
-0.060593
-0.027588
0.006306
-1.720090
-0.083616
-0.052149
0.034504
-5.455510
0.009963
-0.009306
0.056495
-9.110639
0.006874
-0.014572
0.041937
-11.807687
-0.052376
-0.061768
0.019761
-5.042660
0.073358
-0.050862
0.009092
-2.844575
0.009270
-0.045240
0.010972
-6.585170
-0.020293
-0.058398
0.005850
-2.796340
0.067588
-0.031169
0.028838
10.867907
-0.093866
-0.038646
0.017622
1.374192
0.099795
-0.048800
0.033754
-6.016540
-0.008257
-0.059044
-0.003781
8.608347
-0.064872
-0.075344
-0.007169
7.403628
-0.027812
-0.026433
-0.002879
-0.635577
-0.063456
-0.017945
0.013595
-9.839396
0.048913
0.001142
0.037382
7.232263
0.153142
-0.060205
-0.007407
16.554758
0.071393
-0.066490
0.029203
-8.989304
-0.027291
-0.077646
0.011700
3.498906
-0.110880
-0.071211
0.017578
-9.512410
0.068344
-0.019781
0.009815
-7.160977
-0.130837
-0.027156
0.008473
-1.927361
0.131030
-0.048071
0.000044
23.048720
0.047498
-0.022798
0.011799
6.722447
0.034395
-0.036256
0.013025
0.256550
-0.028881
-0.031499
0.007633
-6.349802
-0.083774
-0.019009
0.001062
0.685016
-0.025453
-0.037211
0.030003
-13.155670
-0.044134
-0.025486
0.019369
-11.482839
-0.007788
-0.062671
0.040658
5.074424
-0.017334
-0.042059
0.009512
4.860498
0.000481
-0.030915
0.027926
-7.762006
-0.041078
-0.039503
0.038825
-17.133561
-0.021191
-0.020129
-0.014873
10.362865
-0.020770
-0.047000
0.019430
-5.212248
-0.049605
-0.070053
-0.005031
-1.752009
0.077580
-0.012968
0.003858
10.460937
-0.011260
-0.017777
0.033142
-7.014778
-0.083413
-0.067764
0.018280
-1.074582
-0.067829
-0.029126
-0.015326
9.953493
0.086364
-0.057836
-0.006056
6.698344
0.001557
-0.077173
0.030775
-17.638782
-0.003358
-0.015984
0.015265
-6.530676
0.086435
-0.037760
0.020677
16.956100
0.031404
-0.062737
0.009592
7.330019
-0.042303
-0.080415
-0.007396
9.018713
0.010641
-0.043708
0.009830
1.019135
-0.067743
-0.068224
0.029443
-10.536098
-0.040781
-0.070109
-0.000765
4.018896
0.026443
-0.042932
0.017224
-6.870675
0.072441
-0.009209
0.058564
-9.782636
0.089447
-0.028475
0.019867
-1.814107
-0.006845
-0.031071
0.021913
-2.515762
-0.064704
-0.003709
0.032933
-7.083359
-0.119455
-0.092306
0.023164
-4.268091
-0.083251
-0.057069
0.010257
-7.219738
-0.029575
-0.024320
0.019112
-11.160552
0.030339
-0.035073
