1.013696
1.275477
-2.578275
-1.811813
-1.662947
8.399182
-1.254892
1.132414
1.116228
-0.483643
1.730871
-1.725445
0.827573
0.085103
-1.676238
-1.055283
0.619025
1.760582
7.720569
1.973984
1.156891
-0.907127
-4.951100
-1.054538
1.292965
-3.455609
1.162809
1.392006
0.228722
-1.628277
4.543653
3.989022
1.431258
-3.068121
2.398317
0.948284
-0.816925
6.422737
6.517574
1.471735
0.089431
1.966697
-3.741082
-2.053631
-0.011395
0.969975
-2.381029
-0.397460
0.546551
0.174225
2.714106
-1.539156
0.283579
-0.841346
2.154072
1.624408
1.648435
1.350750
-0.195458
-2.420450
0.420345
-0.929765
4.953284
0.491867
1.446577
0.475714
5.324859
-0.213322
0.309744
4.496532
-2.216341
-1.082689
0.052769
3.232454
1.706808
-0.017514
0.840220
0.736442
-0.071604
-1.332834
-0.058091
-1.926253
2.169828
-1.011333
1.280670
-4.177116
-3.726213
-0.497049
0.076762
4.365250
2.772157
-0.663249
2.162641
-4.594867
-2.593999
-1.756666
0.303840
2.232463
2.356619
-0.820544
0.288667
2.753488
0.136648
0.075095
-0.432672
7.187020
7.241291
-1.696786
1.263140
2.222891
7.103445
-1.753731
1.912449
-3.319652
-0.780550
-0.069675
0.393481
2.633828
-2.786463
-1.279343
1.677986
-4.927865
0.572506
-1.914536
0.700230
0.585684
2.146274
-0.134940
0.796632
-0.871830
-3.891136
-1.214839
0.626270
-0.790606
0.529132
-0.113207
0.854847
-0.468481
0.103207
-2.299206
0.346011
0.819917
0.129640
-1.075787
-0.271344
-0.315729
5.193991
1.228726
-0.363036
0.897099
0.432180
-0.687376
0.817311
-4.051515
0.116235
-0.962094
-0.317295
4.164577
-0.121059
1.793967
2.494063
-3.761383
1.151197
0.451106
1.058958
1.423124
-0.042590
-0.833612
1.865782
-3.922393
9.765277
2.259781
0.638351
-0.029968
0.872902
0.757565
1.119389
1.582030
-3.911844
-0.367511
0.293489
1.509540
2.443957
-1.348024
-0.375867
2.436226
-2.647477
0.034544
0.707092
-0.219125
-2.895295
-0.308612
1.251483
-1.879694
5.470467
-1.924495
0.835006
-1.264396
4.275018
-0.959489
0.409685
-0.351430
-0.917179
-0.397915
1.059603
-3.615837
0.155956
-0.206557
0.923368
-0.162116
3.581684
0.805600
0.229175
1.977500
2.968967
-1.240966
0.597919
0.167429
0.792371
-1.179551
1.841514
-5.014483
-0.904757
-2.722357
0.574088
1.511641
-1.238261
0.151017
0.751516
0.618463
0.901188
-0.782529
1.353977
0.434564
-1.117065
-2.049063
-0.102955
3.415804
3.457559
0.850257
0.169050
1.664426
-0.491946
-1.077451
0.914580
1.392864
2.454850
2.121791
0.850956
-0.661900
0.795532
0.757359
-0.117547
2.372523
-5.354240
-0.454690
1.488145
0.507296
3.652673
0.693823
0.207015
2.698689
2.804594
1.276213
0.499773
2.544652
2.431047
-0.266221
1.098147
2.290574
3.904534
-0.874418
0.116343
8.743345
-1.196355
-0.935627
1.398403
-2.709193
0.679365
0.593536
0.917690
-1.207568
2.530449
-0.587018
1.296643
2.125352
0.184174
-0.915560
0.848586
-0.235956
1.415184
0.405347
1.115605
-0.762010
-5.870435
-2.715649
0.800805
-0.185266
5.660477
0.978890
0.016523
2.059367
4.403649
-1.567183
0.770427
-0.469552
0.497767
-0.063695
0.222229
-3.512463
-0.558563
0.098196
0.544961
-5.525215
-1.771973
-0.521398
0.189655
3.156494
3.438666
0.010899
0.187150
0.585336
0.468627
0.657373
-0.141282
6.805288
-1.060992
-1.521240
0.900879
3.927989
7.353525
-0.405021
0.172631
-1.254656
-2.999350
-2.404930
0.082879
3.692323
-4.990990
-1.617801
1.604044
-2.324464
-0.550531
-1.914891
0.301425
1.040961
2.400867
0.319314
-1.399870
7.585486
4.571322
0.669570
1.179469
-1.853110
-1.333219
-1.073792
0.957027
1.625498
-1.135554
-1.887550
-0.417671
4.184725
-2.492727
-0.721410
-0.255609
3.835545
-0.544496
-2.693527
0.608175
-0.394660
1.265614
-0.567178
0.938261
-2.309114
1.950783
-0.606107
0.584392
3.231162
0.044222
1.940264
1.008568
2.483653
5.275639
1.473488
0.425604
-1.214436
4.670768
1.346314
1.152287
-0.757638
0.954154
-0.444954
1.060052
-2.530593
8.246716
-2.126123
0.100273
-0.940486
-1.489008
-1.985992
1.231103
2.690621
3.540489
-0.305263
2.394190
-5.293917
-0.093074
-1.133523
-0.732847
6.920489
-4.900378
-0.799564
1.741276
-4.641848
0.974154
0.594346
-0.586425
2.475365
1.316161
-0.220669
1.257895
0.195763
4.356614
-0.160283
0.861602
1.846088
7.705688
0.349012
-0.363776
0.859297
2.484892
2.289376
0.052314
5.305474
-0.749762
-1.997370
0.368350
4.088162
3.421550
0.730354
0.903971
-1.635917
-1.179191
-0.649133
-0.446398
4.446037
3.804015
2.153034
0.616878
0.400925
2.383423
1.850252
0.086471
5.067605
-2.214753
-1.512408
0.476657
6.175249
-3.027278
-2.263582
-0.407766
3.900245
6.855798
2.408191
0.565816
-1.285012
0.600906
-0.908942
0.676161
1.069778
3.140160
-1.121725
-0.350881
3.948941
2.528897
1.440192
-0.063867
-1.847100
-0.330790
-0.540656
0.285916
1.430952
2.623290
-0.331390
0.638176
0.933234
-1.005934
-1.796274
0.335715
3.987532
-2.609308
1.742629
0.182142
5.114880
-0.666723
-0.950136
1.031349
-0.302763
-1.882972
-1.729836
0.958771
2.150501
1.034661
1.018293
0.111444
4.159178
0.995309
-0.170415
1.061408
-2.046880
-7.729887
-1.452279
0.176364
4.012665
-0.695060
-0.809715
0.783944
0.003911
-1.595010
-2.153062
0.917859
2.157473
1.135898
-0.225901
0.232529
0.624311
-0.040511
-0.482694
-1.065447
5.788527
1.220653
-0.067030
1.237284
-5.504788
3.370694
0.128145
1.158177
0.712530
1.886305
-1.749046
0.584818
-0.481471
1.433507
-0.244939
0.876770
-1.258412
-0.475739
-0.905256
-0.220913
4.500510
1.104156
0.706244
1.180407
1.378696
-1.076861
-1.646029
-1.314857
4.616703
0.128680
0.274259
0.307262
3.845641
0.489897
-0.248346
0.894735
-2.086254
-1.508529
0.900781
-0.189149
7.501517
0.053068
0.588101
0.783666
1.185585
0.931494
-0.816771
0.629396
1.190917
2.621449
-1.395449
0.331643
2.414272
5.114887
-0.529193
0.041263
1.243899
-1.704684
-0.161771
0.802781
0.717272
-0.135651
0.432078
0.856340
-0.738842
-3.370708
-1.620410
1.301110
-3.666315
0.967218
0.963606
1.791757
-3.263465
-1.271734
-1.937341
-0.278150
4.835798
-3.876582
-1.953495
0.879636
0.828153
4.269979
0.706220
0.355984
1.911623
4.260158
1.049281
0.848233
-2.385532
4.165940
0.007852
0.991941
-3.312935
0.708721
0.882497
-0.144116
4.408345
-0.824653
-1.305749
0.377817
2.170822
-2.590784
-1.536987
0.859468
-1.541603
-0.670067
-0.274680
-0.563770
4.093946
-5.484364
-1.774471
