545.178798
546.676057
542.188005
543.773101
540.982572
534.319846
562.537138
621.658321
544.159074
543.750946
541.023680
534.284611
562.743790
622.112238
544.230928
785.326747
2447.200400
562.319206
827.156640
4272.858778
664.917885
785.444807
2448.429041
562.344460
827.319519
4274.218406
664.855984
628.563612
4423.128098
685.381237
545.231698
546.873497
542.243235
628.590191
4425.761673
685.515597
545.091377
546.832211
542.315323
543.750519
540.988791
534.385208
563.263966
624.360838
544.113609
543.661125
540.899317
534.376204
563.342972
624.822393
544.077945
785.924168
2452.406612
562.357783
827.670407
4279.932925
665.036418
786.234536
2453.488645
562.349917
827.758718
4281.273111
665.105685
628.915895
4434.373561
685.864047
545.260737
547.118730
542.621854
628.895910
4436.910744
685.956119
545.291621
547.030679
542.640485
543.738219
540.998071
534.429928
563.931482
627.080774
544.013316
543.750229
541.028138
534.400835
564.156813
627.593580
544.170831
786.960990
2457.302679
562.269637
828.174757
4286.967179
665.259424
787.073835
2458.520160
562.392226
828.374149
4288.367051
665.304052
628.879089
4445.251470
686.240390
545.474245
547.265310
542.678479
629.013368
4447.911227
686.362192
545.529177
547.157096
542.624226
543.834398
541.076051
534.295561
564.629225
629.837425
544.196949
543.729470
540.886874
534.042190
564.784231
630.382919
544.270438
787.551262
2462.293330
562.400056
828.887190
4294.297307
665.493074
787.822202
2463.502213
562.397106
829.018505
4295.571013
665.585118
629.064887
4456.232637
686.496574
545.370053
547.243124
542.584998
629.128341
4458.775284
686.604608
545.439745
547.217850
542.570526
543.631710
540.966884
534.041487
565.765696
632.565300
544.237309
543.660866
540.997269
534.000775
565.900189
633.040616
544.257104
788.573406
2467.482331
562.413116
829.421551
4301.481015
665.775207
788.681105
2468.604266
562.532370
829.489659
4302.716917
665.808921
629.222185
4467.146846
686.958434
545.573271
547.285851
542.625254
629.311610
4469.716805
687.077486
545.533717
547.265046
542.493444
543.624535
541.113488
534.023159
566.904956
635.314788
544.275172
543.659845
541.213474
534.104312
567.034283
635.866530
544.370228
789.046507
2472.438229
562.489739
829.867915
4308.637484
666.049982
789.246251
2473.702888
562.708821
829.811917
4309.880926
666.204215
629.488622
4478.095501
687.493807
545.477481
547.168590
542.670725
629.574539
4480.750238
687.654189
545.426410
547.150077
542.539504
543.737144
541.226061
534.222187
567.390883
637.930988
544.396192
543.839292
541.371522
534.330714
567.545423
638.384214
544.306692
789.590507
2477.359529
562.620605
830.174374
4315.928353
666.405800
789.724270
2478.521873
562.563595
830.366204
4317.261577
666.449202
629.658905
4489.022884
687.932000
545.143855
546.939192
542.529870
629.774890
4491.684763
688.045505
545.031147
546.994091
542.466650
543.707421
541.267617
534.128046
568.071371
640.541927
544.324081
543.752538
541.374536
534.082250
568.190977
641.079691
544.273869
790.310590
2482.451129
562.523944
830.918880
4323.204164
666.574446
790.403095
2483.558633
562.497471
831.065647
4324.470203
666.852177
630.115157
4500.074120
688.391492
545.009330
546.875356
542.272576
630.154924
4502.680896
688.504600
545.020923
546.851210
542.307111
543.712157
541.371866
534.065164
568.774110
643.343935
544.307229
543.723245
541.372433
534.060558
568.980812
643.839020
544.297486
790.840924
2487.452078
562.528781
831.665029
4330.400278
666.965259
791.014146
2488.569898
562.526885
831.768696
4331.707717
667.053471
630.190518
4510.921394
688.779452
545.211042
546.879149
542.341306
630.276637
4513.513537
688.868483
545.253381
546.983847
542.398132
543.819582
541.428702
533.964760
569.651647
646.100561
544.405046
543.995716
541.665825
534.262071
569.734024
646.585575
544.277027
791.540922
2492.527192
562.610595
832.165847
4337.608352
667.179533
791.579974
2493.596217
562.696451
832.315017
4338.962988
667.222521
630.677032
4521.878845
689.107954
545.185616
546.743137
542.000669
630.677396
4524.480737
689.193384
545.182023
546.634504
541.868494
543.942624
541.572797
534.340379
570.429384
648.882371
544.427592
543.948556
541.426224
534.033334
570.521136
649.361760
544.428577
792.264744
2497.367063
562.752439
832.656127
4344.806399
667.392911
792.297541
2498.583759
562.733792
832.742727
4346.079455
667.497392
630.829657
4532.992019
689.738738
545.053352
546.578788
541.735917
630.897550
4535.623084
689.840988
544.873725
546.495321
541.724161
543.895802
541.307157
534.218148
570.784255
651.433743
544.517124
543.920877
541.357852
534.205005
570.859727
651.968441
544.477106
792.708134
2502.562033
562.959611
833.290387
4352.030427
667.832924
792.895811
2503.790129
563.021628
833.327744
4353.198766
667.863550
630.857757
4544.021594
690.002342
544.691273
546.423714
541.624643
630.939641
4546.608127
690.143801
544.728100
546.544923
541.523274
544.183718
541.546059
534.201381
571.163590
654.059967
544.608709
544.360925
541.651895
534.086483
571.308411
654.590435
544.637698
793.288557
2507.748659
563.169157
833.842278
4359.053449
668.134680
793.297753
2508.705718
563.118179
833.921454
4360.292590
668.149107
631.053005
4555.128771
690.354186
544.826540
546.647920
541.679302
631.087239
4557.717072
690.522160
544.798114
546.635245
541.586755
544.312709
541.660362
534.211942
571.806418
656.689995
544.632712
544.258807
541.670793
534.196459
