0.001481
0.951634
-0.441492
-0.213174
-0.022972
0.821770
0.117099
0.061789
0.011554
0.498534
0.406339
0.309870
-0.149774
1.613282
-0.094513
-0.154411
0.048657
0.316340
0.082526
0.386199
-0.158604
0.413071
0.016696
-0.168856
-0.134789
1.164072
0.324138
0.300008
-0.201719
0.512935
0.259062
-0.047090
-0.176788
1.493081
0.351681
0.164942
-0.090679
0.138126
-1.053937
-0.583567
-0.056429
0.781944
-0.351715
-0.132193
-0.049108
0.104578
-0.969294
-0.618760
-0.025078
0.803673
-0.481921
-0.243770
0.025156
1.724109
0.326514
-0.237811
0.133354
-0.132040
0.060902
0.184989
0.080787
1.252818
0.311543
-0.327713
0.096554
-0.035167
0.016262
0.194549
-0.259510
0.641511
0.328933
0.040269
-0.077556
0.864088
0.788523
0.171146
-0.344042
0.847342
0.308963
0.036701
0.013342
0.895554
1.015274
0.262146
-0.144676
1.079899
-0.822438
-0.814552
-0.067513
1.055790
-0.343885
-0.297246
-0.125738
1.033624
-0.893900
-0.767848
-0.131351
1.233885
-0.330334
-0.328829
-0.001030
1.732738
0.261966
-0.376787
0.051418
0.340555
-0.354482
-0.027004
-0.001324
1.389585
0.062171
-0.266875
0.064748
0.360736
-0.284846
0.026120
-0.511934
1.115656
-0.536226
0.297709
0.060203
0.524126
1.028017
0.251471
-0.443867
1.051683
-0.998934
-0.157134
0.042089
0.626231
0.909485
0.209765
-0.097368
0.901391
-0.423010
-0.647204
-0.132395
1.379386
0.250992
-0.019732
-0.083005
0.858023
-0.367332
-0.605522
-0.166057
1.668587
0.338801
0.113890
0.130551
0.878508
-0.238035
-0.367146
0.100086
0.268486
-0.063747
0.014673
0.094452
0.803122
-0.156238
-0.519710
0.125586
0.306490
0.004915
0.008544
-0.475164
1.529066
-1.174665
-0.051497
0.130660
0.128357
0.992630
0.682659
-0.476091
1.289068
-0.997447
0.102090
0.086772
0.150058
0.880831
0.620598
-0.084236
0.341697
-0.751155
-0.452145
-0.068865
1.382074
0.507237
0.052745
-0.086186
0.128813
-0.433853
-0.398402
0.001697
1.145183
0.536052
-0.038552
0.219560
0.194871
-0.421058
-0.492580
0.147246
0.074432
0.138083
-0.164740
0.245580
-0.205038
-0.408722
-0.361111
0.152801
0.107223
0.165039
-0.191529
-0.500930
1.330372
-0.889005
0.104664
0.156200
-0.057332
0.666768
0.535865
-0.433742
1.179121
-0.815285
0.227527
0.184799
-0.235569
0.706279
0.503595
-0.106951
0.326472
-0.046951
-0.320577
-0.096491
1.174718
0.103174
0.061591
-0.111875
0.124323
-0.120070
-0.371014
-0.148603
1.427024
0.199919
0.165352
0.262606
-0.013651
-0.421000
-0.469205
0.104049
-0.116995
0.045343
-0.272178
0.270998
-0.140779
-0.149535
-0.339965
0.165685
-0.193581
0.175782
-0.199691
-0.581384
1.292494
-0.291789
0.381605
0.155287
-0.467640
0.835475
0.644738
-0.463922
1.164419
-0.391240
0.451932
0.129960
-0.278993
0.790197
0.668709
-0.135347
0.273024
0.660115
-0.173091
-0.203135
1.647711
0.292531
0.248575
-0.113782
0.397820
0.720849
-0.168201
-0.169142
1.587567
0.390903
0.217023
0.275625
0.005335
-0.294875
-0.212082
0.112458
-0.287679
-0.251769
-0.395761
0.274887
-0.204009
-0.302737
-0.096569
0.138655
-0.239853
0.103734
-0.283096
-0.437390
1.516620
-0.851207
0.302368
0.152085
-0.174264
0.017241
0.576990
-0.421750
1.485751
-0.877716
0.280890
0.134398
-0.105320
0.101949
0.523400
-0.195931
0.615423
0.963257
-0.129774
-0.189720
1.694297
0.175944
0.069668
-0.173943
0.621354
1.064152
-0.002970
-0.210101
1.464361
0.071244
0.134926
0.326822
-0.046503
-0.654022
-0.462391
0.106772
-0.211992
0.289802
-0.275762
0.201018
0.206858
-0.547751
-0.420210
0.091299
-0.063523
0.146410
-0.309250
-0.426355
1.762882
-0.530926
0.085617
0.110341
-0.021551
0.068437
0.595783
-0.494455
1.894667
-0.442970
0.151684
0.123176
-0.041198
-0.166519
0.501925
-0.184469
0.602400
1.413484
0.184752
-0.013328
0.316589
0.240836
0.306894
-0.314744
1.350121
0.999289
0.176784
-0.058199
0.580172
-0.470430
0.008061
0.228473
-0.224807
-0.843863
-0.291622
0.240008
-0.542920
0.243121
-0.178135
0.154187
0.083402
-0.618412
-0.167952
0.192607
-0.364917
0.241858
-0.259627
-0.085681
0.905744
0.418817
0.099789
-0.000321
-0.299708
-0.321232
0.469611
-0.068183
0.832085
0.129899
0.178282
-0.055953
0.182489
-0.514322
-0.013884
-0.255880
0.641187
1.420668
0.402167
-0.112784
0.528698
-0.440186
-0.135540
-0.198829
0.447781
1.520620
0.438425
-0.223032
0.550020
-0.347246
0.012891
0.078317
0.580274
0.150583
0.059226
0.200749
-0.523077
-0.096330
-0.262982
0.081381
0.563109
-0.149924
-0.110612
0.167914
-0.126347
-0.089419
-0.139607
-0.071061
0.938020
-0.187126
-0.107880
-0.020655
-0.054770
-0.416696
-0.064859
-0.080311
1.064529
-0.232075
-0.177847
-0.120982
0.116699
-0.531157
-0.138985
-0.149057
0.614599
1.600807
0.469564
-0.260587
0.495935
-0.343213
-0.268032
-0.141236
0.507968
1.657372
0.531277
-0.262069
0.418604
-0.269308
-0.252434
0.184225
0.224209
-0.529391
-0.210608
0.103502
-0.014378
-0.005266
-0.097520
0.115163
0.238469
-0.785997
-0.149665
0.067268
0.325188
0.715119
0.068629
-0.120383
1.226537
-0.541701
-0.366208
-0.069043
-0.068311
-0.680542
-0.229329
-0.157149
0.998091
-0.340493
-0.370034
-0.106463
0.006791
-0.554971
-0.297883
-0.097177
0.491069
1.571073
0.423522
-0.172352
0.074482
0.046516
-0.310484
-0.087773
0.474169
1.765263
0.448589
-0.208695
-0.081338
0.085256
-0.270909
0.123671
0.248941
-0.867790
-0.181055
0.034611
0.419034
0.220569
-0.027260
0.052510
0.623616
-0.942651
-0.251322
0.020982
0.552881
0.240157
0.004639
-0.104674
1.106412
-0.695392
-0.391861
-0.047685
-0.019127
-0.095181
-0.415220
-0.096091
1.064690
-0.162033
-0.357458
-0.087114
0.310877
-0.029978
-0.489404
-0.203058
0.735189
1.115410
0.261985
-0.129839
0.179870
0.040799
-0.323525
-0.189136
0.938583
1.061020
0.280342
-0.185652
0.378324
0.145567
-0.211132
-0.007095
0.240138
-0.905898
-0.129630
-0.013209
0.796567
0.389339
0.012256
-0.033132
0.378256
-0.872965
-0.159936
0.029852
0.711591
0.550385
0.037532
-0.093467
1.165479
0.119928
-0.354298
-0.017322
0.028371
-0.100670
-0.420583
-0.082910
1.065051
0.174200
-0.257392
0.061049
-0.339207
-0.090392
-0.418080
-0.195675
0.829400
1.126333
0.339843
-0.181293
0.550465
0.106746
-0.249408
-0.179310
0.870163
1.242573
0.303170
-0.161348
0.725931
0.100203
-0.243607
0.168222
0.439217
-0.619075
0.035576
-0.081632
0.834333
-0.049257
0.006253
0.154058
0.445411
-0.544463
-0.028179
