-6.342151
41833.257216
3606.998786
1.894490
0.028857
166.285208
0.751559
0.028961
-2576.993396
5568281.277567
67914.919772
2.831649
0.028386
166.576552
0.751761
0.027833
-2585.824933
5587357.035307
68147.578595
2.838769
-15316.998164
53887022.732682
326974.757328
50.693983
-3389.086568
17930077.144031
-10853.005174
130.223320
-15325.907908
53918368.402882
327164.931381
50.722578
-3390.241386
17935307.659262
-10833.411320
130.265554
-453.864147
2373327.323803
3823.744179
206.141491
-6.808788
45198.083389
3897.163118
2.050601
-455.052891
2379587.957335
3833.308411
206.271213
-6.919227
45919.261431
3958.706314
2.082395
0.029085
166.654681
0.752956
0.028614
-2627.037464
5676376.266672
69233.338902
2.873391
0.028631
166.755692
0.756273
0.030217
-2635.868610
5695451.737046
69465.919661
2.881677
-15354.864188
54020241.281756
327782.958801
50.817716
-3395.629397
17959715.496710
-10741.858905
130.465947
-15363.773648
54051586.580810
327973.144550
50.847228
-3396.784830
17964946.270732
-10722.110069
130.508877
-458.922365
2399936.239599
3864.620965
206.701668
-7.433743
49284.083094
4248.471511
2.240663
-460.112686
2406197.124904
3876.353562
206.831292
-7.543955
50005.044466
4310.854220
2.271286
0.029159
166.499364
0.756075
0.030409
-2677.081167
5784470.868948
70551.694144
2.917631
0.029572
166.246504
0.756290
0.030321
-2685.911731
5803546.242106
70784.350002
2.926331
-15392.730838
54153459.678525
328591.185983
50.936848
-3402.174234
17989354.217244
-10629.598229
130.696267
-15401.640288
54184805.198921
328781.359539
50.968107
-3403.329036
17994584.506665
-10609.757502
130.737056
-463.981129
2426543.941756
3910.600453
207.240230
-8.058353
53369.772654
4601.143799
2.425677
-465.171181
2432805.092781
3921.237777
207.372777
-8.168048
54090.866556
4663.685929
2.463228
0.030080
165.904847
0.755268
0.031950
-2727.126312
5892566.013541
71870.133896
2.958048
0.029690
165.769583
0.750763
0.031556
-2735.957025
5911641.477954
72102.792707
2.965346
-15430.596061
54286677.903692
329399.505631
51.058304
-3408.718042
18018993.100412
-10517.833962
130.929343
-15439.505917
54318023.510049
329589.694538
51.086997
-3409.872927
18024223.705367
-10497.554927
130.971006
-469.039067
2453153.823956
3951.616639
207.786943
-8.682512
57455.411885
4953.561122
2.622810
-470.228916
2459414.941078
3961.525151
207.923029
-8.792932
58176.664788
5016.009909
2.658508
0.028900
166.105509
0.751092
0.032429
-2777.171107
6000661.349065
73188.540296
2.997558
0.028898
166.083803
0.749935
0.032135
-2786.002320
6019736.892726
73421.241908
3.005637
-15468.461628
54419895.750805
330207.589443
51.177463
-3415.262586
18048632.379706
-10404.319884
131.163275
-15477.370895
54451240.938331
330397.776516
51.203759
-3416.418619
18053862.871214
-10384.574008
131.204885
-474.096961
2479763.617993
3992.741574
208.353578
-9.294126
61541.276236
5306.431359
2.814738
-475.286754
2486024.481885
4002.928622
208.487094
-9.403406
62262.038592
5368.540885
2.849692
0.029737
165.644344
0.743817
0.032652
-2827.214968
6108755.872822
74506.944142
3.039984
0.029067
165.997900
0.744526
0.032070
-2836.046633
6127831.694688
74739.625747
3.048298
-15506.324946
54553112.719869
331016.051271
51.294292
-3421.808289
18078271.238319
-10292.309487
131.395785
-15515.234363
54584458.142472
331206.260834
51.324792
-3422.962650
18083501.271415
-10272.419366
131.434581
-479.154691
2506371.750952
4034.916731
208.907830
-9.918034
65627.361412
5658.537867
3.005602
-480.344947
2512632.511986
4044.868873
209.039067
-10.027807
66348.309288
5720.681454
3.041499
0.028465
166.363854
0.739692
0.031912
-2877.259182
6216851.028877
75825.402860
3.084991
0.027898
166.671758
0.740077
0.032603
-2886.090696
6235926.636385
76058.061515
3.092460
-15544.191205
54686330.472831
331824.277884
51.419305
-3428.351835
18107909.659259
-10179.914619
131.625560
-15553.101316
54717675.896590
332014.489927
51.445672
-3429.506702
18113139.927268
-10160.166702
131.663494
-484.215076
2532981.069833
4078.086966
209.449787
-10.540831
69713.019875
6010.669102
3.201068
-485.405255
2539241.503190
4087.887886
209.578373
-10.651061
70434.153164
6072.793602
3.236277
0.027427
166.453675
0.734743
0.030288
-2927.304175
6324946.292449
77143.811389
3.127392
0.027689
166.347104
0.735614
0.031340
-2936.135077
6344021.618862
77376.472494
3.133514
-15582.056342
54819548.344072
332632.574052
51.538860
-3434.896522
18137548.324229
-10067.568761
131.849550
-15590.965899
54850893.665069
332822.806662
51.567844
-3436.051309
18142778.579723
-10047.433099
131.887520
-489.272627
2559589.663998
4119.417846
210.013657
-11.165276
73798.974252
6363.073520
3.389928
-490.463033
2565849.552398
4129.930221
210.142115
-11.275537
74519.935414
6425.257692
3.422626
0.027895
166.890298
0.732070
0.027691
-2977.347526
6433040.658305
78462.259409
3.170469
0.027569
166.904856
0.735212
0.031410
-2986.178672
6452116.099446
78694.924356
3.178232
-15619.922620
54952765.990363
333440.772621
51.662712
-3441.441169
18167187.108892
-9954.998607
132.076515
-15628.831844
54984111.233292
333630.949276
51.690884
-3442.595873
18172417.328294
-9935.208726
132.117308
-494.329959
2586199.218322
4161.777999
210.571062
-11.789432
77884.820217
6715.268564
3.583747
-495.520912
2592460.297248
4170.647404
210.698116
-11.899920
78605.903165
6777.475513
3.618225
0.027053
167.072990
0.730315
0.026217
-3027.393147
6541135.800931
79780.639219
3.213117
0.026780
167.019412
0.728021
0.025929
-3036.225197
6560211.907836
80013.309635
3.219294
-15657.790740
55085984.196492
334249.016637
51.783376
-3447.985306
18196824.647962
-9842.875520
132.303753
-15666.699916
55117329.407259
334439.204862
51.811413
-3449.139987
18202054.989766
-9823.131650
132.342519
-499.389180
2612807.393004
4202.975415
211.104236
-12.413974
81970.750941
7067.391555
3.774149
-500.579578
2619069.011596
4212.776827
211.229621
-12.524220
82691.918984
7129.489938
3.809074
0.027525
166.985632
0.731472
0.026967
-3077.437847
6649230.823274
81098.964527
3.254429
0.027124
166.839253
0.731357
0.027005
-3086.269023
6668306.411277
81331.636345
3.262010
-15695.656405
55219201.795740
335057.541516
51.902715
-3454.529337
18226463.104419
-9729.996206
132.528858
-15704.566442
55250547.447262
335247.752544
51.931371
-3455.684248
18231693.340012
-9710.590268
132.567915
-504.447179
2639417.237056
4244.175930
211.639004
-13.038356
86057.066539
7419.815594
3.970650
-505.637056
2645679.344109
4254.092078
211.773852
-13.148194
86777.846155
7481.832839
4.002557
0.028791
166.288660
0.730029
0.026765
-3127.481544
6757325.672349
82417.375263
3.296167
0.027706
166.687144
0.731829
0.027071
-3136.312838
6776401.329410
82650.034931
3.303253
-15733.522645
55352419.895605
335865.793270
52.024112
-3461.073650
18256101.412858
-9618.194115
132.756717
-15742.431940
55383764.997066
336055.956426
52.052035
-3462.228273
18261331.550177
-9598.281356
132.796879
-509.504245
2666024.548009
4284.928291
212.184158
-13.661384
90142.211547
7772.211306
4.158777
-510.694384
2672284.853220
4294.273996
212.316321
-13.771194
90862.906523
7834.426299
4.193867
0.028568
166.291138
0.729442
0.027032
-3177.524708
6865420.220845
83735.780363
3.336846
0.028356
166.570508
0.730295
0.026970
-3186.356177
6884495.868830
83968.439472
3.343985
-15771.387006
55485637.230544
336674.884924
52.143068
-3467.617868
18285739.469377
-9506.055516
132.983575
-15780.297269
55516982.966432
336865.393387
52.169958
-3468.773427
18290970.078936
-9486.215736
133.020717
-514.563967
2692633.813650
4325.353106
212.748431
-14.285299
94227.495573
8124.525644
4.348057
-515.753853
2698895.050838
4335.262505
212.890320
-14.395574
94948.205595
8186.674533
4.380404
0.027482
166.900427
0.734024
0.028598
-3227.568735
6973514.989957
85054.247275
3.379562
0.027010
167.135352
0.734465
0.027953
