0.599061
3.100786
0.120494
-0.934456
1.425615
-3.075743
-0.230962
-1.087914
-0.672574
6.671360
1.133363
0.010294
1.169562
-1.466210
2.285633
1.045088
0.328386
2.736421
0.623262
-0.359996
0.909680
-0.365947
0.038965
-1.007802
0.923130
-0.508570
-1.698925
-2.828161
-0.495752
6.356936
1.733320
0.623231
0.738123
1.110626
-0.731132
-2.108184
-0.008189
5.994871
1.497849
0.287839
0.463386
3.014629
1.401300
0.663591
0.146734
2.657151
2.374696
1.166396
0.253331
2.931136
1.224827
-0.102030
0.394193
1.890233
1.175268
-0.194039
0.093298
4.191751
0.605891
-0.944057
0.162005
3.520237
1.470388
-0.043635
0.322844
3.584237
1.336066
0.270296
-0.385553
6.121416
2.379129
1.260327
0.422114
1.514397
2.646044
1.380123
0.799197
1.354603
-0.788564
-1.912967
0.805268
0.959125
-0.309554
-1.591456
1.147380
-0.812734
0.339228
-1.010445
0.507546
2.129314
2.337093
1.344960
0.211900
3.726464
-0.095645
-1.161110
1.350704
-3.397362
1.899288
0.958288
1.661185
-3.978264
0.478355
-0.761181
0.126355
1.818660
1.073490
-0.002284
1.130966
-0.840922
2.131501
0.781174
1.017543
-1.061112
1.566945
0.047572
0.979465
-0.051426
2.023526
0.905598
0.877877
-0.359674
-0.246474
-1.318786
1.546378
-3.590419
0.770070
-0.109792
1.060613
0.538735
-0.853202
-2.148635
1.048847
-2.403085
1.374482
0.491867
0.713562
1.495239
1.140042
0.115992
1.140826
-1.207165
1.122599
-0.382296
1.095599
0.972721
-0.092830
-1.116099
-0.149504
5.315515
1.239470
0.087272
0.170023
5.020881
0.128887
-1.218872
0.900932
-0.330245
2.023341
0.828613
-0.103113
4.406177
2.796501
1.427080
1.501311
-2.617548
-2.296149
-3.402748
0.760843
2.147288
-0.998000
-2.274451
0.319335
2.506722
-0.085068
-1.410537
1.185582
-0.521271
-1.441636
-2.468588
0.297219
2.208793
3.006915
1.822553
0.876324
-0.069003
2.598304
1.523109
0.849673
-0.015436
0.499147
-0.690174
0.953763
-1.207363
2.310698
1.175647
0.768124
-0.581762
2.090499
0.880066
1.186986
-1.715859
-0.354531
-1.489776
1.563011
-4.642994
0.605240
-0.693506
0.954725
-0.251337
1.648950
0.263275
1.144895
-0.790238
0.673868
-0.396381
-0.230761
4.980833
1.557971
0.124708
1.406046
-2.333397
1.164283
0.394524
1.632031
-4.948857
1.374906
0.394142
0.105294
4.358181
2.095102
0.958202
0.699797
2.494262
-0.149406
-1.423779
0.883745
0.158465
-0.227955
-1.248807
1.303060
-1.197330
-1.194565
-2.411637
1.126048
-0.989285
0.023387
-1.371281
0.186210
3.263753
1.268131
0.588498
-0.165718
4.333939
1.713469
0.278912
1.542918
-2.929460
0.284309
-1.082066
-0.901997
8.296411
2.049008
0.675584
0.720902
1.780373
-0.041159
-1.287202
0.414207
0.855092
1.559363
0.178488
0.497471
1.682227
1.379968
0.296619
-0.350242
5.266353
3.971544
2.767074
1.409027
-1.792408
0.102339
-1.150169
0.314414
3.923446
-0.703957
-1.987055
-0.743102
6.813601
1.726507
0.365500
-0.209034
5.501709
1.686426
0.247403
-0.102041
4.527518
-0.543225
-1.617801
0.950180
-0.018343
0.138484
-1.020400
0.253128
3.638107
0.509393
-0.997792
0.841939
0.932997
-0.394373
-1.226170
1.069827
-0.977255
1.977155
0.689013
0.318964
3.551083
0.140243
-1.002490
-0.127689
5.054400
2.414676
1.200290
0.259480
3.460158
0.815645
-0.380445
1.226556
-2.795709
0.746737
-0.490565
0.916580
0.050775
1.740780
0.177081
-0.434336
6.749012
0.423477
-0.799564
0.886551
0.344634
0.419965
-0.949869
1.267337
-1.611468
0.868233
-0.221701
1.248511
-4.000315
2.820846
2.250002
0.560643
-0.563430
2.246227
1.225502
1.217969
-2.178311
1.190151
-0.190977
-0.857824
8.578394
1.577471
0.446575
0.626296
0.844102
1.002697
-0.182900
1.331129
-2.826439
0.186055
-0.973018
-0.115962
3.648244
4.106969
2.408191
-0.156979
3.491770
1.305487
0.178570
0.818953
-0.291455
0.465899
-0.569559
1.645802
-2.730232
-0.459960
-1.455069
0.682035
0.341829
0.557179
-0.670650
0.546958
2.133913
-0.149260
-1.312351
0.358512
4.080610
0.715649
-0.821213
1.700829
-4.615903
0.393364
-0.464472
1.116519
-2.405544
0.591727
-0.699341
0.296809
2.840706
2.946523
1.689652
-0.435906
7.233619
0.288100
-1.219720
0.984191
0.008258
-0.789395
-1.924341
0.733310
1.872508
-0.068195
-1.267589
0.246304
3.061720
2.093523
0.655415
0.590634
1.590489
0.431925
-1.016895
1.613355
-3.604567
1.896306
0.840885
-0.012841
5.595271
1.669858
0.561283
1.718730
-4.126233
0.582789
-0.468068
1.328537
-4.276225
2.132342
0.963606
1.550907
-3.747598
0.289969
-0.934356
0.505636
1.920961
0.985750
-0.255215
0.742686
2.345924
0.558165
-0.771593
0.227133
3.313029
2.437331
1.049281
1.767327
-4.893907
-0.063047
-1.020721
0.683374
1.778080
1.546798
0.115358
0.671316
0.818964
1.053990
0.165480
0.337839
2.503544
2.077045
0.611552
0.684825
-0.027696
1.692641
0.355201
-0.048010
3.726670
0.688083
-0.271251
1.616733
-3.545050
1.593947
0.402537
0.776532
1.894544
-0.269021
-1.402551
1.390668
-1.644986
0.410271
-1.067258
0.321730
2.302296
2.377548
0.902125
0.530030
2.826088
1.191887
0.079043
0.733020
0.489443
0.061290
-1.070192
0.845544
1.334985
1.869226
0.861942
-0.393420
7.225984
1.409458
-0.048182
1.577194
-3.519113
-0.093860
-1.068138
0.501800
1.339528
1.044341
0.055804
0.659598
1.437313
-0.968746
-2.221469
1.069284
0.234336
0.035233
-1.228576
0.373187
2.718512
1.285638
0.202723
-0.087347
4.811951
0.496306
-0.504370
0.376191
3.102236
-0.403335
-1.543610
0.081620
2.875150
0.909846
-0.365243
1.094418
-1.453689
0.748655
0.140365
1.055255
-0.249251
-0.022017
-1.023470
0.171822
3.458940
0.402720
-1.206632
0.497772
2.211354
-0.482570
-1.724438
0.228029
2.764857
3.457565
2.360684
0.730360
-0.824751
2.417226
1.350191
1.062273
1.874906
-2.565412
-3.836995
0.207246
4.788394
-1.766888
-2.598519
-0.122382
4.852008
2.106907
0.918200
0.335027
2.995567
1.255966
-0.014165
0.092831
3.754514
-0.414895
-1.483898
0.316220
3.791088
-0.007027
-1.333012
1.121832
-0.336291
-1.706928
-2.804879
-0.396737
4.223649
3.571921
2.195009
0.381904
2.513894
1.337172
-0.004722
0.954009
0.478400
-0.545688
-1.654115
0.520466
1.639741
0.392538
-0.397161
1.041793
-0.608013
-1.030677
-2.039880
0.477765
2.354041
2.157931
0.730001
0.877041
0.641836
-2.335750
-3.302211
0.897633
-0.427482
0.946824
-0.291682
-0.253257
5.866006
1.308516
0.316137
0.577524
0.624916
1.347672
-0.089001
-0.063279
5.586690
1.504202
-0.010155
0.905832
-1.222787
2.564722
1.181230
0.902961
1.678961
-0.613085
-1.436973
1.141794
-1.935257
2.974581
1.732828
0.361733
3.597786
0.094354
-1.061291
1.124377
-0.731757
-0.580396
-1.726634
0.634720
1.790435
0.279205
-0.484951
0.376667
2.696684
2.103160
0.715774
0.513444
1.388544
0.949627
-0.242531
1.598083
-4.102506
1.281402
0.386617
0.498698
1.450423
2.004878
0.605821
1.047831
0.200260
-1.678688
-2.869929
0.954953
-1.583441
2.244537
1.031295
0.791035
1.657948
1.095539
-0.169136
0.375557
2.019152
0.931640
-0.427752
0.213528
3.577749
1.303249
-0.051457
0.397854
3.037169
0.348825
-0.842220
0.750904
0.189007
0.395164
-0.840426
-0.045274
4.050535
2.896313
1.404876
0.191824
3.488838
1.460115
0.224984
0.522222
1.015781
1.317687
0.227954
0.990127
-0.020592
-0.302515
-1.291190
1.274506
-1.664949
1.164036
-0.146930
0.882654
0.347800
0.916437
-0.085151
0.617512
2.841548
1.580790
0.141664
1.006436
-0.903219
2.608316
1.395985
1.152585
-1.357946
1.027689
-0.183902
0.335071
2.802380
0.922358
-0.557544
0.172619
4.316992
0.528258
-0.690159
0.950185
-0.869411
-0.405358
-1.629683
1.840124
-5.710325
0.785256
-0.024645
1.197829
-2.364658
0.455212
-0.734169
1.260421
-2.785385
1.588678
0.476549
1.320210
-1.955316
-1.190206
-2.459658
0.066245
1.987409
1.807757
0.503055
0.882240
0.554362
-0.156936
-1.376442
1.163459
0.112108
-0.181144
-1.538183
0.032500
1.980452
1.597268
0.270641
0.427856
2.739975
0.954897
-0.764967
0.917346
-0.196300
1.050757
-0.108124
0.728828
3.120512
-2.345033
-3.868612
0.620674
2.397130
-0.382154
-1.747958
1.256474
-1.924573
0.370556
-0.651642
1.010827
0.430533
-1.969283
-3.215666
0.470514
1.347427
1.950696
0.914891
0.158423
4.038994
1.874720
0.381525
-0.320457
6.027722
1.802674
0.509449
0.392814
2.604105
0.237187
-1.029679
0.394619
1.720843
1.354913
0.369640
0.372082
0.821096
1.129319
-0.046972
-0.053104
2.964970
0.526614
-0.488657
0.899250
0.773340
-1.223600
-2.156756
0.851663
0.874948
0.910418
-0.220559
1.783877
-5.717011
2.570210
1.428113
-0.366175
6.339962
1.439928
-0.032258
-0.039481
5.125496
1.348450
0.299311
1.095782
-2.391078
2.410424
1.305270
0.292012
2.205182
1.370632
0.033303
0.450498
2.166757
1.447022
0.099525
0.951236
-1.248967
1.720187
0.335423
1.198434
-2.812662
1.512091
0.239481
0.299380
2.849464
0.436724
-0.705532
0.677042
1.421363
0.480826
-0.890162
1.361515
-1.705405
0.471004
-0.757346
-0.177375
5.422239
0.565401
-0.648212
0.590386
-0.013538
0.657413
-0.102403
0.466516
1.174383
0.698190
-0.554032
-0.359258
8.043188
-0.347593
-1.383165
0.857753
0.207147
-1.818292
-2.768528
0.983116
-0.015024
-0.858434
-2.240823
0.637759
2.180832
1.785598
0.097364
0.929930
0.719771
0.467421
-0.754659
1.413141
-3.879932
0.796615
-0.538506
-0.092179
6.243718
-0.906936
-2.105988
0.932321
0.211311
0.435518
-0.979957
1.613065
-4.830006
0.446791
-0.368135
-0.288350
6.200878
1.595493
0.006973
0.671434
2.028520
2.396649
1.010426
0.629516
1.002698
2.180687
0.854966
1.828988
-4.405791
-0.862646
-1.902484
0.708519
2.008461
-0.333623
-1.974094
1.024864
-1.876921
1.931857
0.823206
0.807865
0.361055
-1.115461
-2.204760
0.420619
2.311591
0.170388
-1.498118
0.532259
1.012448
1.547308
0.587575
-0.007135
3.406024
0.913111
-0.263250
0.123170
4.406404
2.445595
1.144520
0.102017
3.268678
1.073220
-0.289417
1.528930
-4.275156
-0.117465
-1.188251
0.766952
0.586175
0.682343
-0.663190
0.827259
-1.133401
0.642738
-0.086542
0.382974
2.058092
2.040597
0.401844
0.838098
2.363190
0.050420
-1.332975
1.032945
-1.683327
2.101431
1.416212
0.690717
0.081427
2.199475
1.246979
1.721830
-3.673604
2.271216
1.038454
0.428667
2.910824
-0.727385
-1.978407
0.955372
-0.625663
-0.800633
-1.618714
0.522591
0.509025
1.958039
0.438632
0.032495
2.757508
3.315451
2.152736
1.189413
-0.602600
0.229359
-1.063924
0.989456
-1.431595
3.211143
1.978010
0.844060
1.933608
0.044725
-1.340196
1.306500
-1.493650
1.132872
-0.353089
0.281391
3.274956
0.260185
-1.033828
0.803599
-0.743575
1.159935
0.203759
0.862547
0.058629
-0.221596
-1.355391
1.072391
-0.045627
0.240530
-0.985161
1.391926
-2.290615
-0.748736
-1.866477
0.813529
0.440034
0.643779
-0.513436
0.734849
2.234248
0.839798
-0.368108
0.503096
2.675361
1.489852
0.140851
1.323781
-2.840388
1.115112
0.033445
0.408763
2.103034
1.116281
-0.311690
0.746883
-0.925448
2.791732
1.612374
1.436526
-2.767523
-0.528548
-1.625540
0.551502
0.957271
0.947475
-0.312537
0.781596
-0.460799
2.002672
0.746902
0.841703
0.105236
0.345647
-0.782965
