-5238.139260
11316387.555890
138022.611777
5.065335
-17323.822703
60947574.117433
369812.630866
57.110361
0.021013
17.179864
0.026533
-0.036526
-17332.732297
60978919.643180
370002.818449
57.139151
0.021192
17.168233
0.027259
-0.035979
-721.756458
3783600.450978
6025.679658
235.408051
-162.167892
804651.408550
22176.752429
12.190874
-722.946669
3789861.539488
6035.595958
235.532277
-165.000112
817436.915783
22229.554916
12.222805
0.027156
168.338463
0.754699
0.022361
-5279.352198
11405406.806107
139108.402492
5.101245
0.027219
168.289447
0.755313
0.023110
-5288.183571
11424482.375269
139341.081219
5.107773
-17361.689888
61080792.914254
370621.249170
57.234031
0.021641
16.515555
0.032896
-0.034479
-17370.599759
61112138.034665
370811.435543
57.263231
0.021373
16.491286
0.032667
-0.034422
-726.813652
3810209.594032
6066.311042
235.955918
-178.213485
877102.435335
22478.264071
12.375557
-728.003211
3816469.937391
6078.016489
236.081064
-181.045489
889888.132209
22531.579861
12.408505
0.027913
167.851322
0.748677
0.023853
-5329.396436
11513501.376949
140426.835064
5.142029
0.028423
167.829054
0.748538
0.022141
-5338.227848
11532576.906471
140659.508586
5.150800
-17399.556203
61214010.986030
371429.316242
57.357176
0.022346
16.356842
0.029994
-0.035693
-17408.465784
61245356.224129
371619.507395
57.383953
0.021723
16.508551
0.031082
-0.036002
-731.871996
3836817.695233
6110.001117
236.505715
-194.262961
949554.934297
22779.574753
12.564155
-733.062120
3843078.649101
6120.166261
236.635797
-197.094744
962340.324656
22832.730157
12.596905
0.027774
168.143085
0.749462
0.021794
-5379.441233
11621596.643978
141745.249045
5.183618
0.028008
168.077977
0.748469
0.020618
-5388.271749
11640672.208140
141977.952391
5.191761
-17437.422074
61347228.733262
372237.419916
57.479965
0.022608
16.630929
0.028756
-0.035813
-17446.332333
61378574.261043
372427.615101
57.507720
0.021109
16.760992
0.029831
-0.035014
-736.929142
3863425.748083
6151.056976
237.054080
-210.310816
1022006.223383
23081.662952
12.753914
-738.118188
3869686.834480
6160.857717
237.183376
-213.142047
1034791.880039
23134.854838
12.790772
0.027816
168.288065
0.749738
0.020839
-5429.484960
11729691.802582
143063.706945
5.230397
0.027563
168.385620
0.751681
0.021471
-5438.316330
11748767.340408
143296.260857
5.237672
-17475.288058
61480446.985888
373045.946356
57.604935
0.021743
16.355832
0.031699
-0.031940
-17484.195628
61511792.343809
373236.411090
57.635174
0.021707
16.533478
0.031302
-0.033086
-741.985825
3890035.459302
6190.816759
237.605339
-226.358935
1094458.286471
23384.103236
12.946514
-743.175836
3896296.583579
6200.617396
237.736482
-229.190659
1107243.735117
23437.308597
12.976922
0.028912
167.881617
0.751852
0.020634
-5479.528433
11837786.359050
144381.997201
5.274032
0.029239
167.622132
0.750320
0.020936
-5488.360165
11856862.019455
144614.664862
5.280006
-17513.152006
61613664.931754
373854.334456
57.731058
0.021326
16.434983
0.038366
-0.031204
-17522.062519
61645010.439053
374044.853993
57.760933
0.021492
16.402759
0.036018
-0.031389
-747.043726
3916644.681306
6234.777695
238.147275
-242.406210
1166910.070213
23686.773121
13.134657
-748.233852
3922906.048346
6244.126595
238.279266
-245.238112
1179695.626228
23739.607302
13.168018
0.028362
167.828631
0.749667
0.023284
-5529.572780
11945881.220783
145700.426209
5.312236
0.027550
167.955867
0.750439
0.023068
-5538.403896
11964956.731495
145933.098387
5.320591
-17551.018849
61746882.217852
374662.872443
57.852964
0.022132
16.055446
0.031303
-0.033564
-17559.927985
61778227.874849
374852.982065
57.878781
0.021778
16.080932
0.032438
-0.032560
-752.101573
3943253.697018
6274.252097
238.695058
-258.454192
1239361.917695
23988.138359
13.320398
-753.292133
3949514.636672
6284.053098
238.825771
-261.286045
1252147.413869
24041.462171
13.355158
0.027970
168.069324
0.752988
0.022798
-5579.615846
12053975.544792
147018.908063
5.351936
0.027777
168.177198
0.753378
0.023026
-5588.447386
12073051.311293
147251.594869
5.359661
-17588.884077
61880100.090461
375471.140004
57.973116
0.022348
16.199731
0.034847
-0.033518
-17597.793729
61911445.639886
375661.352512
58.001417
0.021538
16.399119
0.033489
-0.033804
-757.159766
3969861.298859
6318.185623
239.266437
-274.500655
1311812.846292
24289.634655
13.506883
-758.349322
3976121.750335
6327.025564
239.401537
-277.331535
1324598.007537
24342.954665
13.537791
0.028591
168.318666
0.759471
0.022126
-5629.659654
12162070.513550
148337.366959
5.393760
0.027810
168.676951
0.759871
0.020875
-5638.490995
12181146.036008
148570.035809
5.401742
-17626.750746
62013318.067473
376279.280123
58.087088
0.021682
16.386820
0.031987
-0.036225
-17635.659200
62044663.440868
376469.398027
58.116498
0.021784
16.189615
0.030407
-0.036925
-762.218133
3996469.715302
6359.046934
239.830653
-290.547009
1384264.522195
24591.843790
13.696315
-763.408474
4002730.522430
6368.756927
239.956977
-293.378995
1397050.269388
24645.491201
13.730423
0.028261
168.576749
0.757472
0.019944
-5679.702454
12270164.901494
149655.796567
5.433616
0.028697
168.590377
0.757987
0.020302
-5688.533670
12289240.252806
149888.455363
5.441347
-17664.615709
62146535.689965
377087.559295
58.209580
0.021251
16.690787
0.030192
-0.037442
-17673.525708
62177881.398113
377278.045700
58.242620
0.021427
16.571726
0.031841
-0.037165
-767.275782
4023078.911367
6400.902755
240.370896
-306.594694
1456716.357161
24894.357992
13.893909
-768.466152
4029340.108144
6410.702593
240.499320
-309.426082
1469501.811058
24947.805649
13.927697
0.028275
168.523062
0.756474
0.016280
-5729.745413
12378259.144715
150974.224789
5.475234
0.027799
168.809405
0.757198
0.015887
-5738.576873
12397334.791497
151206.882643
5.483050
-17702.481420
62279753.451972
377895.857279
58.334274
0.021784
16.322666
0.030848
-0.037305
-17711.390781
62311098.779117
378086.001113
58.365450
0.021579
16.361960
0.029489
-0.036978
-772.334302
4049687.380156
6441.453512
240.919904
-322.641902
1529167.798307
25197.087544
14.086627
-773.523549
4055948.143989
6451.255518
241.060877
-325.473482
1541953.083681
25250.401998
14.123630
0.028198
168.607702
0.755707
0.017134
-5779.787834
12486352.896564
152292.613716
5.520573
0.028262
168.513331
0.756189
0.018105
-5788.620154
12505429.279194
152525.260668
5.526895
-17740.348896
62412971.548773
378704.823793
58.455066
0.019593
17.330435
0.030353
-0.034449
-17749.257370
62444316.814123
378895.012444
58.482163
0.019723
17.142602
0.029601
-0.033579
-777.391158
4076297.029799
6483.309603
241.483127
-338.689760
1601619.178033
25498.731600
14.277067
-778.581730
4082558.108415
6495.077837
241.612833
-341.522017
1614405.052795
25551.938971
14.312644
0.027525
168.540311
0.757773
0.017034
-5829.834215
12594448.779578
153610.992351
5.560112
0.028365
168.508176
0.755985
0.015380
-5838.665279
12613524.482525
153843.656602
5.566675
-17778.152584
62546189.341224
379513.739762
58.575060
0.019363
17.375399
0.032847
-0.031690
-17787.062386
62577534.825157
379703.929791
58.604322
0.018509
17.721486
0.033547
-0.030263
-782.449290
4102906.140938
6528.906919
242.052172
-354.736756
1674070.759852
25800.719959
14.467346
-783.639203
4109166.523271
6538.710033
242.183362
-357.568826
1686856.366910
25854.039072
14.500908
0.028010
168.480697
0.755340
0.015436
-5879.878201
12702543.771102
154929.425455
5.604889
0.027718
168.510039
0.755402
0.015263
-5888.709631
12721619.389968
155162.091250
5.612685
-17816.018102
62679407.298370
380321.767416
58.697186
0.018257
17.775478
0.034627
-0.028270
-17824.927940
62710752.693274
380511.956206
58.725272
