0.003031
18.695061
0.105780
0.053232
0.028460
7.504069
-0.062218
-0.179612
0.064784
-12.191968
-0.287076
0.004880
0.023261
14.476916
0.163557
-0.080773
0.026017
-0.816436
0.039444
-0.068382
0.014956
-2.622777
0.098955
-0.052753
0.020882
21.562188
0.090773
-0.092756
0.031334
6.523993
0.007498
-0.038639
0.079585
-41.043610
0.106835
0.043905
0.039848
-0.590200
0.228067
-0.046951
0.010956
-14.437113
0.077285
0.024196
0.014857
14.769350
0.052248
-0.089642
0.036287
-6.972574
-0.027037
-0.045530
0.007512
8.563567
0.065786
-0.055337
0.008333
2.169058
0.159147
-0.059888
0.009120
14.923049
0.245264
0.029318
0.080801
-35.532820
-0.261254
-0.069657
0.013775
1.636579
0.075862
-0.069090
-0.081206
41.138783
0.176303
0.015074
0.013787
13.025509
-0.160631
-0.009485
0.065040
-22.147054
-0.170464
-0.007104
0.064046
0.332243
0.084264
-0.008869
0.124128
-42.530183
0.096447
-0.090168
0.076731
-19.697710
-0.165061
-0.084899
0.006762
16.759030
0.073482
0.047870
-0.023137
18.261670
0.447889
0.068898
-0.027674
12.954299
-0.178393
-0.007725
0.031142
9.927997
0.144593
-0.083608
0.008311
-6.068641
0.008325
-0.047084
0.030989
-13.558204
-0.348801
-0.030450
0.027022
20.529617
0.098064
-0.088077
0.010633
2.250238
0.139060
-0.100435
-0.041368
28.724627
-0.085359
-0.009780
0.037611
0.101287
0.206484
-0.053809
-0.000969
-0.057208
0.320649
0.040580
0.029470
-3.979809
-0.127524
-0.065054
0.035806
-9.570079
-0.040983
-0.037321
0.024188
-0.157069
0.038678
0.037974
0.005198
16.951507
-0.007704
0.003155
0.006792
16.134121
0.236672
0.031883
0.017581
9.738529
0.085810
-0.071542
0.081971
-38.841312
0.193221
0.033990
-0.083856
43.203071
0.174092
0.007743
0.010620
13.153380
-0.250230
-0.128710
0.061633
-29.998267
-0.021738
-0.084837
0.060135
1.290374
0.089723
-0.006111
0.012523
-2.170097
0.290210
-0.052170
0.003116
14.287805
0.204083
-0.054679
-0.001332
20.254526
0.051219
0.038720
0.031098
7.248702
-0.076355
-0.173559
0.031300
-5.213076
-0.318710
-0.005680
0.030751
9.786327
0.145030
-0.091503
0.032037
-3.195921
0.025713
-0.069605
-0.021678
19.963930
0.177724
-0.066397
0.025593
20.602867
0.128672
-0.093280
0.034108
4.437135
0.028658
-0.034752
0.075975
-25.082801
0.104512
-0.045515
0.041157
0.469407
0.213557
-0.064335
0.013028
-15.448940
0.088597
0.029267
-0.055120
43.748134
0.386321
0.032474
0.041211
-11.664893
-0.054973
-0.045373
0.004473
9.783438
0.066600
-0.060016
-0.040199
40.882096
0.276852
-0.090178
0.002631
18.719781
0.206983
0.032879
0.079032
-34.343038
-0.244631
-0.063017
0.007198
18.147817
0.160172
-0.061379
-0.086007
45.857595
0.184709
0.014642
0.013338
12.991676
-0.173095
0.007280
-0.000789
-9.146485
0.292854
0.000486
0.057243
3.892106
0.079921
-0.004047
0.123617
-43.729812
0.088209
-0.096385
0.036672
1.152884
-0.125327
-0.192075
0.003166
18.227118
0.015095
0.028558
-0.018666
15.778756
0.415449
0.079087
0.044346
-10.872015
0.023819
-0.064436
0.031783
8.414454
0.147467
-0.088136
0.007640
-6.327281
0.024656
-0.036948
-0.021386
24.392920
-0.335862
-0.142419
0.028290
21.008345
0.098473
-0.099202
0.013481
0.911267
0.123936
-0.096084
-0.028523
13.617494
0.045243
-0.030313
0.046772
-1.470857
0.214988
-0.062164
-0.001213
0.869772
0.332446
0.046833
-0.019087
30.577995
-0.558333
-0.043832
0.049492
-16.444718
-0.040824
-0.047122
0.027052
0.125759
0.027200
0.038824
0.039038
-16.271681
0.378954
0.058763
-0.004645
22.719823
0.235000
0.030783
0.013417
10.920139
0.083210
-0.071258
-0.002921
17.779852
-0.010016
-0.004987
-0.083486
44.531640
0.166686
0.019863
0.010084
14.139787
-0.224668
-0.117910
0.008575
-4.090732
0.003597
-0.049437
0.074196
1.663917
0.110107
0.011651
0.010384
-0.792887
0.294209
-0.059133
0.018220
-12.005032
-0.465909
-0.097458
-0.003959
20.084713
0.021263
0.034335
0.023521
10.135230
-0.065856
-0.179130
0.057409
-7.178247
-0.198134
-0.009975
0.029562
10.367938
0.161774
-0.077120
0.029278
-1.306448
0.030917
-0.059868
0.017112
-3.790004
0.122046
-0.044660
0.024873
19.888199
0.068272
-0.089888
0.037668
2.363945
0.044423
-0.022703
0.083299
-43.421889
0.114504
0.048477
0.050421
-2.156633
0.212352
-0.065064
0.010805
-14.674093
0.082883
0.035281
0.011234
16.133765
0.056857
-0.094538
0.043546
-14.836158
-0.044297
-0.043199
0.008377
8.319285
0.035364
-0.060697
0.007108
2.474766
0.157219
-0.060328
-0.013816
28.242433
0.234694
0.019206
0.072956
-31.020801
-0.233914
-0.062960
0.011812
2.292171
0.080668
-0.064799
-0.077316
43.484643
0.137586
0.016528
0.011818
12.770876
-0.171042
0.008795
0.058120
-20.091019
-0.139083
-0.007545
0.073482
0.242709
0.115218
0.023772
0.124224
-45.011546
0.088979
-0.090942
0.075071
-18.639902
-0.158570
-0.090905
