543.976709
544.403287
531.437151
535.328706
547.489336
547.175235
538.046104
538.752297
540.287544
545.370834
542.814885
536.667122
536.891362
541.467990
543.703269
546.159592
538.846740
543.832674
542.578508
540.898486
537.552114
546.217989
545.390340
535.059937
546.829362
550.052380
547.602454
536.361370
526.398452
539.131669
541.469492
544.185232
544.690845
545.912497
547.262997
536.969020
539.685816
538.332150
547.100367
547.003035
546.744692
542.248100
547.077548
541.996046
540.971115
541.636352
543.374497
544.436468
536.149798
546.535398
554.186422
543.510782
548.520610
537.798346
536.554197
532.047107
525.114734
538.904154
542.492610
531.415410
542.087136
542.951841
543.690499
542.108160
540.140044
549.565443
540.725319
540.439890
547.840865
545.242525
547.007175
549.789985
543.273511
544.083426
529.520244
546.380984
546.655714
538.140106
536.994089
541.392964
533.563498
544.223902
542.768562
534.898358
546.683909
542.289657
543.974478
542.327194
542.493723
543.810599
541.967053
540.894197
536.751656
542.073202
541.641943
537.449144
531.462814
528.767701
528.121034
537.300722
526.420556
539.640571
546.006467
546.051035
550.487304
547.154276
547.937338
546.187197
539.063548
538.010371
546.143062
542.693220
542.842295
546.223884
540.726136
537.500781
535.154743
541.528586
542.929121
543.718700
546.643066
547.374907
544.157194
547.557543
544.605065
545.864600
535.971296
531.461597
523.775823
537.499463
535.130692
543.041793
540.819767
544.021735
548.788921
541.841954
539.221176
549.798954
540.544510
540.637348
534.844865
541.438830
539.827728
537.880669
543.611229
544.942798
531.156166
535.139888
546.535769
545.674468
539.303659
542.681878
546.778933
545.013042
542.724055
534.186778
536.351868
541.036132
542.219529
540.833098
538.795540
540.367920
541.618244
540.660769
536.756515
546.499277
545.475448
535.227062
542.248990
547.719114
552.723355
536.753748
525.996793
540.160553
542.615865
545.148802
546.145284
546.507722
543.442797
536.427104
540.122781
538.121553
544.980703
547.183930
547.324971
542.489008
538.854449
537.257694
536.491408
541.076700
542.197462
542.427853
536.525456
546.847524
554.280710
539.361177
535.482436
536.989097
535.432048
531.539730
523.752851
538.658300
542.070891
530.148715
543.918310
544.238638
546.175719
541.765023
537.734506
548.279411
541.472392
540.109378
547.646500
542.620424
547.434465
540.070142
544.252769
545.332308
531.606596
546.156943
547.333271
537.960849
548.101674
552.056176
544.787892
545.012447
543.018511
534.550249
546.243639
541.925294
543.750121
545.284574
535.908163
532.635846
541.941081
540.587107
535.312977
541.340929
541.181004
537.646686
539.476482
535.912842
537.995916
536.052958
525.517413
538.869993
546.238171
546.236422
549.608443
540.166258
543.102246
537.807144
539.678879
538.416020
545.296021
541.365412
542.991129
546.145404
545.260167
544.804376
541.055936
541.006171
541.448373
541.007398
546.710949
546.949131
544.781301
538.111489
540.203499
529.281610
535.342756
531.280598
523.080790
537.905136
535.109505
543.259065
541.105872
537.904913
538.505222
541.755771
537.920486
548.397947
541.497249
541.477980
535.943730
541.919964
538.663559
543.068926
544.723449
545.077223
531.080370
534.525302
545.938064
545.300901
538.971356
539.004887
540.240995
544.599092
543.819599
534.944184
536.130809
541.135330
542.040776
545.179116
538.160355
542.654178
541.178794
539.365542
534.623010
546.916998
545.564344
536.464413
545.887341
549.773190
547.316128
536.889651
526.376482
539.498897
542.899818
544.926665
545.851237
546.031563
547.360396
537.219626
539.411435
538.030881
544.496629
546.955517
546.724159
541.394576
546.400478
541.349891
540.094136
541.723868
541.944695
541.416236
536.663000
547.253543
555.061643
543.182876
547.916053
537.775159
536.110490
531.565883
522.874353
538.437097
541.416265
530.728294
543.110233
543.970572
543.612872
541.587936
537.401877
548.584121
540.527144
540.307992
548.156847
545.943157
547.453509
550.303780
