0.047507
11.633007
0.047868
-0.049871
0.033109
163.776760
0.747601
0.043969
0.040984
9.921613
0.037837
-0.035295
0.032888
163.773632
0.747877
0.043935
0.040797
9.931835
0.037927
-0.034926
-12287.828696
43229584.644634
262308.807413
41.035908
-2867.680271
15309547.994840
-20769.886234
111.694952
-12296.738463
43260930.207256
262499.299993
41.062576
-2868.829079
15315556.122294
-20747.125133
111.738818
-310.700312
1622275.541918
2615.987713
163.779027
0.047343
12.015492
0.047694
-0.049742
-310.935267
1623503.553959
2617.663592
163.905015
0.047401
12.062405
0.051745
-0.047935
0.031953
164.153601
0.752168
0.041924
0.040306
10.258536
0.034354
-0.034232
0.031739
164.212673
0.753092
0.043305
0.039624
10.874471
0.040831
-0.033629
-12325.694534
43362802.470889
263117.372525
41.147539
-2874.185781
15343594.509608
-20639.833647
111.933057
-12334.604255
43394147.841788
263307.563193
41.175587
-2875.335626
15349603.509717
-20616.920214
111.973966
-311.699147
1627496.059713
2624.210616
164.295640
0.047131
11.951658
0.049786
-0.049981
-311.934156
1628725.100511
2626.040028
164.415787
0.048074
11.912972
0.051134
-0.050246
0.031668
164.147963
0.750348
0.042168
0.039578
10.825446
0.038945
-0.032106
0.032415
163.958650
0.753865
0.042109
0.041544
10.344810
0.040459
-0.034839
-12363.559955
43496020.392517
263926.044154
41.272892
-2880.693099
15377641.363525
-20510.324294
112.162921
-12372.469448
43527365.772863
264116.015137
41.303624
-2881.842443
15383649.377677
-20487.850382
112.201369
-312.700112
1632717.143796
2634.243904
164.812247
0.047941
11.827205
0.061455
-0.050647
-312.934045
1633946.399517
2636.974942
164.931629
0.048119
11.686583
0.062788
-0.048778
0.032713
163.758808
0.751918
0.041936
0.039813
10.854296
0.036364
-0.035456
0.033098
163.561054
0.753350
0.042175
0.039589
10.732715
0.036804
-0.035495
-12401.425813
43629238.095505
264733.968576
41.393792
-2887.201881
15411687.703016
-20382.157553
112.389499
-12410.335158
43660583.436495
264924.082781
41.422510
-2888.350071
15417696.019965
-20359.842303
112.432145
-313.697521
1637938.996292
2644.020464
165.334220
0.047345
11.746272
0.069006
-0.048565
-313.931931
1639166.477287
2645.998132
165.457344
0.047587
11.727818
0.068969
-0.048339
0.032414
163.846473
0.752305
0.041053
0.041451
10.650347
0.036140
-0.033751
0.032331
163.760965
0.754140
0.042095
0.040500
10.831249
0.030790
-0.034001
-12439.289644
43762455.599438
265542.246433
41.513446
-2893.708574
15445734.193874
-20253.190337
112.619836
-12448.199412
43793801.128722
265732.848162
41.540558
-2894.857109
15451742.593954
-20230.741496
112.661339
-314.695979
1643158.158751
2654.759452
165.864558
0.048448
11.235330
0.069864
-0.048793
-314.930923
1644386.111346
2656.364274
165.993273
0.048554
11.586359
0.070909
-0.048201
0.031837
164.060953
0.753851
0.041124
0.041040
10.450339
0.024107
-0.035080
0.033126
163.603504
0.750886
0.040103
0.040823
10.687484
0.023740
-0.035706
-12477.155297
43895673.621186
266350.715432
41.631696
-2900.215876
15479781.975572
-20124.440919
112.857196
-12486.064528
43927018.624132
266540.918283
41.662166
-2901.363891
15485789.919788
-20102.927687
112.897325
-315.695258
1648376.933535
2661.570875
166.390680
0.048356
11.314408
0.073370
-0.048215
-315.930303
1649604.774935
2663.550583
166.508730
0.048731
11.126161
0.072282
-0.049127
0.031897
163.996708
0.752108
0.041024
0.041737
10.483201
0.024138
-0.035477
0.034167
163.994234
0.754677
0.041059
0.042107
10.552570
0.021969
-0.037228
-12515.020901
44028891.246198
267159.178528
41.757807
-2906.722519
15513828.508922
-19996.101391
113.086009
-12523.931072
44060236.413835
267349.404126
41.784716
-2907.870918
15519836.278576
-19973.341236
113.127686
-316.694209
1653596.085299
2669.952090
166.910804
0.049988
10.381257
0.075382
-0.045916
-316.929345
1654824.186595
2671.138625
167.033078
0.049661
10.527462
0.077554
-0.046145
0.034042
163.729913
0.752889
0.041598
0.042402
10.313567
0.020188
-0.035398
0.033915
163.856308
0.754125
0.041428
0.042690
10.121678
0.019878
-0.035123
-12552.887259
44162108.990934
267968.028420
41.880565
-2913.229799
15547874.163887
-19867.115443
113.321843
-12561.796786
44193454.207385
268158.150016
41.907957
-2914.378763
15553882.337302
-19844.843048
113.362023
-317.693373
1658815.312907
2676.501214
167.428985
0.050624
10.330079
0.075525
-0.048019
-317.928361
1660043.466049
2679.682524
167.550435
0.050492
10.222404
0.074019
-0.048148
0.032585
163.757991
0.754362
0.041296
0.042716
10.352436
0.015473
-0.038485
0.033355
163.375631
0.755912
0.041726
0.042771
10.368801
0.017700
-0.038851
-12590.752715
44295326.588138
268776.021085
42.000270
-2919.737848
15581921.548935
-19739.505735
113.551447
-12599.661343
44326671.434064
268966.459697
42.029810
-2920.886182
15587929.588396
-19716.876842
113.593506
-318.692097
1664035.303969
2685.340919
167.962657
0.049812
10.460499
0.078944
-0.047236
-318.929072
1665264.427544
2688.449752
168.088966
0.049567
10.572762
0.080206
-0.047207
0.032839
163.689408
0.752441
0.039133
0.043034
10.446587
0.018651
-0.041157
0.032829
163.909596
0.751318
0.038494
0.043293
10.406459
0.016359
-0.040802
-12628.617703
44428543.812985
269585.061849
42.122313
-2926.245276
15615967.671689
-19610.583912
113.786814
-12637.527080
44459889.222540
269775.290537
42.153043
-2927.393529
15621975.929065
-19587.925168
113.826511
-319.692991
1669255.073165
2694.329583
168.484471
0.051320
10.528385
0.088346
-0.048644
-319.928193
1670483.892946
2696.310160
168.604454
0.051352
10.504030
0.086294
-0.049516
0.032433
163.657251
0.752455
0.040443
0.043207
10.334032
0.018566
-0.041085
0.032963
163.467953
0.749166
0.037799
0.042622
10.513123
0.018822
-0.041003
-12666.483682
44561761.627531
270393.579673
42.245450
-2932.752400
15650013.805988
-19481.228842
114.007302
-12675.393515
44593107.127828
270584.100248
42.274324
-2933.900788
15656022.145304
-19458.495883
114.049255
-320.692110
1674475.974293
2703.139933
169.003666
0.051230
10.089910
0.082683
-0.049078
-320.926949
1675704.590933
2706.149000
169.124151
0.051489
10.162258
0.081084
-0.048483
0.032551
163.514745
0.747943
0.038718
0.042046
10.349513
0.021502
-0.038786
0.032932
163.261012
0.749103
0.039221
0.041937
10.410629
0.021968
-0.039009
-12704.349806
44694979.452658
271202.180958
42.361181
-2939.261362
15684059.917220
-19352.673286
114.239443
-12713.259115
44726324.809893
271392.646995
42.390687
-2940.409535
15690068.384372
-19329.773134
114.283101
-321.690780
1679698.115241
2713.598138
169.538400
0.052144
9.818698
0.078707
-0.051103
-321.925622
1680926.179954
2715.597563
169.660578
0.052124
9.890662
0.079812
-0.050659
0.035008
162.946619
0.749361
0.039288
-0.416438
1039.356921
12.564194
-0.015054
0.035688
162.749567
0.750990
0.040607
-0.875851
2090.750765
25.439673
-0.007668
-12742.214997
44828197.365532
272010.673857
42.481560
-2945.768609
15718106.895783
-19224.472404
114.482258
-12751.124507
44859542.659637
272200.645043
42.510668
-2946.917061
15724115.000358
-19201.551402
114.522650
-322.688945
1684918.925173
2721.106873
170.065676
0.051005
9.966947
0.078421
-0.049531
-322.924226
1686147.357096
2722.805575
170.191013
0.050901
10.274439
0.076009
-0.050452
0.035422
162.943683
0.749040
0.040965
-2.969264
6997.637265
85.603254
0.025216
0.035040
163.178327
0.754858
0.040047
