797.200091
3887.506348
650.593131
615.952933
3827.381392
662.860279
545.835494
546.675646
542.241087
616.118845
3829.903964
662.821538
545.854241
546.643997
542.185904
543.507927
541.068153
534.288814
543.985166
542.608532
541.321819
543.559161
541.125557
534.365508
543.930157
542.555723
541.143726
750.978143
2179.277582
556.859259
797.591477
3893.405361
651.081544
751.141735
2180.538264
557.094783
797.671873
3894.636982
651.138941
616.107375
3838.109758
663.102162
545.727293
546.676001
541.957302
616.176951
3840.769376
663.187119
545.715778
546.680627
542.027169
543.568446
541.061338
534.299044
543.837923
542.511733
541.093521
543.642641
541.164893
534.298098
543.873695
542.481557
541.108813
751.816645
2184.545930
557.343286
798.052944
3900.624096
651.423656
751.871113
2185.743468
557.264142
798.164762
3901.886410
651.466641
616.509645
3849.246652
663.544691
545.710330
546.772486
541.990811
616.521128
3851.866975
663.718945
545.669009
546.728086
541.991121
543.777927
541.292384
534.554175
543.852120
542.554670
541.263202
543.784221
541.268423
534.587595
543.938891
542.659553
541.432529
752.139197
2189.597516
557.322838
798.776286
3907.788307
651.790474
752.269839
2190.764959
557.318510
798.888229
3909.106723
651.835919
616.761711
3860.402323
664.275196
545.688481
546.939247
542.313929
616.835724
3863.031324
664.316377
545.643053
546.995063
542.364610
543.631861
541.211272
534.565789
543.603847
542.407877
541.407956
543.616406
541.242874
534.549370
543.645868
542.395157
541.453789
752.908816
2194.732347
557.443120
799.481084
3914.993813
651.984496
752.961149
2195.880720
557.478601
799.599271
3916.465001
652.122051
616.978842
3871.534009
664.560841
545.589287
546.880664
542.147244
617.147289
3874.172040
664.724558
545.611074
546.927813
542.158362
543.478825
541.230749
534.628436
543.671856
542.356763
541.570902
543.349228
541.218618
534.720391
543.716175
542.292238
541.590450
753.542130
2199.813910
557.553940
800.059145
3922.192359
652.504381
753.719888
2201.100590
557.705641
800.150409
3923.502553
652.523461
617.469920
3882.614615
665.006323
545.577640
547.001314
541.979030
617.624071
3885.158277
665.143630
545.590957
547.053308
542.024488
543.280471
541.171950
534.883760
543.589052
542.253483
541.414990
543.246147
541.184388
534.764380
543.561895
542.217162
541.584685
754.159531
2204.987074
557.644774
800.783219
3929.446776
652.907514
754.298484
2206.170825
557.669858
800.843550
3930.630445
652.993820
618.111573
3893.703457
665.576507
545.676514
547.113971
541.805013
617.950632
3896.165532
665.585685
545.644740
547.144283
541.903980
543.205669
541.225963
534.811736
543.689652
542.443617
541.581473
543.154554
541.174771
534.764023
543.631641
542.411755
541.604199
754.889516
2210.175713
557.808398
801.242928
3936.346129
653.165484
754.896399
2211.163030
557.786435
801.300101
3937.592913
653.171686
617.976745
3904.497150
665.960679
545.739895
547.150934
541.943180
618.110300
3907.173413
666.050922
545.587092
547.134752
541.836600
543.174432
541.240108
534.986722
543.832388
542.728081
541.836969
543.240610
541.168582
534.861669
543.856143
542.784890
541.918784
755.444771
2215.176918
557.722594
801.859603
3943.565602
653.370230
755.505424
2216.295038
557.769498
801.894842
3944.867301
653.381340
617.893719
3915.443340
666.293830
545.564481
547.155511
542.008558
617.897059
3917.961182
666.403668
545.539106
547.158657
542.076128
543.311158
541.135667
534.707260
543.983619
542.594656
541.738500
543.266317
541.135457
534.720701
543.962984
542.544550
541.709282
756.016800
2220.100033
557.758724
802.389530
3950.619271
653.540449
756.224786
2221.287277
557.796293
802.519028
3951.801792
653.545114
618.222469
3926.533796
666.777590
545.288432
546.914955
542.041275
618.276766
3929.099349
666.864387
545.241270
546.913171
542.088637
543.261678
541.007679
534.706379
543.920846
542.614533
541.598248
543.207448
541.069108
534.684586
543.969704
542.696437
541.697771
756.561246
2225.124966
557.965844
802.768173
3957.741739
653.616326
756.651142
2226.315142
558.031807
802.874225
3958.984151
653.721232
618.369429
3937.636897
667.497897
545.099643
546.770480
542.069874
618.345556
3940.150701
667.454956
545.134475
546.824800
541.994115
543.296546
541.341256
534.859395
543.939196
542.624935
541.581097
543.340914
541.418853
534.938694
543.996820
542.589129
541.474601
757.142830
2229.953410
558.107599
803.308403
3964.868527
653.915312
757.373004
2231.218686
558.034737
803.474062
3966.209737
653.887565
618.675967
3948.659082
667.823227
545.064299
546.738282
541.946637
618.744973
3951.252467
667.821231
545.109606
546.801161
541.799586
543.360746
541.632939
534.822436
543.907117
542.525013
541.605210
543.256273
541.475508
534.754296
543.922013
542.512643
541.724273
757.758883
2235.055698
558.170213
804.084756
3972.137704
654.364005
757.841116
2236.192185
558.193622
804.248569
3973.452441
654.379307
619.117020
3959.784425
668.464214
545.179354
546.649093
541.808614
619.183780
3962.234538
668.410751
545.107050
546.654581
541.779577
543.490738
541.646267
534.721669
543.821660
542.538828
541.664755
543.511397
541.716240
534.813395
543.807396
542.504542
541.659123
758.312877
2240.165909
558.403998
804.358306
3979.178021
654.584024
758.504403
2241.294354
558.454991
804.442509
3980.450240
654.634233
619.368654
3970.746134
668.895300
545.254712
546.815025
541.549502
619.441205
3973.396123
669.048442
