0.016445
23.567074
0.248097
0.013371
-0.003993
10.586137
0.349287
-0.032135
0.041007
-13.529913
0.010599
-0.014672
0.017680
9.862031
-0.109345
-0.100473
0.039904
-6.897346
0.042869
-0.022723
-0.017134
26.026589
-0.366445
-0.122857
0.025151
6.441440
0.170148
-0.113810
0.023054
-3.135697
0.123391
-0.092025
-0.019484
14.463713
-0.020244
-0.032197
0.008909
21.949954
0.068537
-0.045716
0.008980
-12.383945
-0.013239
0.039335
-0.022326
28.683462
-0.516860
-0.056185
0.045721
-4.497222
-0.174947
-0.056412
0.072182
-13.849348
0.048160
-0.021026
0.036113
-13.953880
0.393741
0.079480
0.056146
-0.986844
0.117471
-0.005740
0.030661
4.901771
0.124015
-0.055782
-0.006701
20.912925
-0.004646
0.001340
-0.121749
65.192433
0.328539
-0.007529
0.017839
6.997082
-0.119863
-0.114768
0.002270
5.376237
0.003686
-0.092251
0.095134
-10.159289
0.105605
0.004551
-0.025485
18.625814
0.155990
-0.053902
0.001983
-3.530515
-0.411969
-0.107494
0.015384
24.112398
0.279141
0.024818
0.051666
-7.867070
-0.166092
-0.110830
0.073301
-16.340500
-0.287165
-0.026280
0.020599
6.572635
-0.114770
-0.099721
0.027777
-11.332930
0.055420
0.000617
0.010220
-7.869631
0.004287
-0.067424
0.027966
5.430389
0.156868
-0.119509
0.005660
24.645021
0.027461
-0.073469
0.060011
-28.617764
0.179355
0.028598
0.009967
22.002965
0.079859
-0.047185
0.014094
-8.593652
-0.005733
-0.017478
0.004732
21.070897
0.133623
-0.124481
0.040900
-4.029933
-0.186401
-0.057816
0.041516
2.738601
-0.118226
-0.057003
0.007995
4.198075
0.220620
-0.069943
0.058446
-4.041410
0.102340
-0.000048
0.124918
-43.620771
-0.238018
-0.044552
0.024696
-2.903589
0.073576
-0.062120
-0.120005
65.031837
0.337750
-0.013063
-0.009124
24.558697
-0.196138
-0.023959
0.060533
-14.856108
-0.130603
-0.025545
0.087139
-8.522316
0.081899
0.011231
0.089771
-24.858176
0.094244
-0.081471
0.083759
-20.005697
-0.166610
-0.082847
0.012300
25.249664
0.248153
0.017717
0.001653
7.659637
0.421296
-0.029821
-0.038054
17.987265
-0.190397
-0.026131
0.021735
5.423136
-0.108041
-0.106203
0.033668
-5.590473
0.072897
-0.017224
0.018036
-9.578948
-0.216513
0.000385
0.035980
5.104127
0.172288
-0.123874
0.023421
-2.383131
0.166365
-0.098683
-0.055792
36.928228
-0.233283
-0.044136
0.013115
19.522107
0.080316
-0.045706
0.000217
-8.141924
-0.021442
0.033270
0.065982
-17.495370
-0.000630
-0.043841
0.048754
-8.265114
-0.185279
-0.066771
0.074294
-15.469761
0.059331
-0.015660
0.004540
22.396806
-0.021189
-0.015465
0.058546
-4.615073
0.115432
-0.002472
0.035335
3.009091
0.130988
-0.059642
0.073933
-30.118326
0.245150
0.006937
-0.118621
65.520655
0.344330
-0.014415
0.020712
5.722757
-0.130585
-0.120352
0.063072
-31.443667
-0.035223
-0.081447
0.088983
-9.742567
0.079905
0.013567
-0.021507
16.845585
0.157839
-0.062004
-0.012439
19.384870
0.132320
-0.084686
0.015028
24.061180
0.228133
0.015339
0.049641
-6.656459
-0.158689
-0.108847
0.034958
-8.128835
-0.289480
-0.026017
0.013596
5.641861
-0.072306
-0.098109
0.024571
-9.081596
0.061568
0.002027
-0.030631
21.920702
0.073890
-0.065548
0.040653
3.676774
0.195366
-0.114368
0.009667
21.255781
0.010002
-0.069431
0.096410
-29.783694
0.155036
-0.037138
0.010803
20.174360
0.075803
-0.046764
0.021248
-12.299021
0.026579
0.000310
-0.069311
55.219183
0.331330
0.045082
0.046318
-6.857878
-0.168358
-0.062113
0.042653
2.739911
-0.128910
-0.068817
-0.046448
38.053975
0.259608
-0.088328
0.060498
-7.098456
0.100587
0.000933
0.126128
-43.757603
-0.244856
-0.055949
0.010305
18.773989
0.128310
-0.073768
-0.113412
63.414822
0.342706
-0.018408
-0.007566
22.837395
-0.188647
-0.016413
-0.005676
-5.037422
0.311975
0.018382
0.088713
-9.591138
0.039093
-0.004057
0.092764
-25.545880
0.090213
-0.082352
0.038114
3.865515
-0.149267
-0.175231
0.019193
24.093626
0.222763
0.023477
0.014737
4.295087
0.418202
-0.031253
0.035695
-9.859534
0.017348
-0.028518
0.012477
5.099671
-0.080966
-0.095833
0.038725
-11.394208
0.084061
-0.001115
-0.010594
24.659077
-0.376160
-0.131434
0.037050
4.138610
0.190662
-0.112242
0.028425
-3.645381
0.138781
-0.093100
-0.017814
13.360757
-0.041115
-0.033769
0.007911
20.390782
0.074033
-0.050968
-0.002139
-7.586229
-0.014443
0.032975
-0.022595
28.675456
-0.505133
-0.042094
0.040937
-3.868393
-0.172628
-0.059674
0.072535
-14.902940
0.060867
-0.011146
0.035845
-14.640247
0.406856
0.092903
0.061130
-6.933540
0.097793
-0.000446
0.036581
2.298748
0.123531
-0.059283
-0.012584
24.555276
-0.009046
0.002733
-0.116142
64.977249
0.365126
-0.010051
0.023325
6.867416
-0.141258
-0.126061
0.000604
5.304643
-0.002118
-0.091472
0.088289
-9.462701
0.024878
-0.015118
-0.013950
13.074897
0.159426
-0.065092
-0.001104
-2.665071
-0.422708
-0.103246
