541.143329
543.139585
540.060515
547.834616
540.925996
536.156850
544.716166
538.045362
534.088337
544.767549
542.635791
530.794284
545.679214
534.053496
527.871267
545.629759
549.176819
556.031290
532.094051
538.186365
541.568719
554.392728
551.589308
545.598101
543.012472
533.868756
546.897704
547.875665
534.882255
513.261452
550.228319
551.433818
538.857414
543.142699
533.388267
536.271594
538.831113
541.009349
540.586193
545.957738
539.945713
534.314438
544.104225
538.674335
535.620489
546.022354
544.688159
531.264806
545.936963
534.074533
527.086432
545.424253
547.641273
555.910480
532.475975
536.638575
540.582399
551.685516
550.784100
543.245685
540.917199
533.488359
545.716118
546.475569
534.288598
513.387709
550.641543
552.769113
539.335139
542.724160
534.056495
537.484923
538.889098
541.524405
540.339460
545.416880
540.709964
532.808089
543.514511
539.608366
535.981586
546.585020
544.489469
530.877890
542.996486
534.666606
527.287958
545.978458
549.743702
556.825181
532.666033
538.552521
543.524301
550.787447
550.324295
542.488752
540.145075
532.276775
546.492119
544.852166
532.853040
512.631222
551.765864
553.941476
540.655595
541.204651
533.411180
536.869344
540.764454
541.905221
539.922736
547.319308
540.640926
533.356674
544.996178
541.849303
538.739726
545.849779
545.511168
532.089651
543.800108
535.239857
526.841037
546.050920
550.234333
557.159773
535.928026
539.179801
544.861857
552.226019
551.046915
543.246257
540.289410
531.238223
546.047873
546.840787
533.497739
513.604913
551.480126
556.174423
541.099290
540.482701
532.116458
535.844804
540.608081
539.273691
539.246235
548.382546
540.414566
533.320443
542.741996
538.327100
537.404237
545.455060
547.060443
533.331260
542.848148
533.217800
525.436832
546.575145
549.594956
555.319235
535.729978
539.436100
543.953518
553.542501
553.268616
543.705267
539.687772
531.735694
542.990915
544.951918
530.677215
512.752541
548.842282
551.505113
539.360477
539.129961
531.817756
535.211091
540.524280
540.911135
539.132910
547.484979
539.690121
532.556509
542.835298
537.716446
537.110076
544.478053
545.928008
534.437381
544.158019
533.197212
526.689154
547.704718
550.841708
555.448676
535.634028
537.955634
541.938961
553.711790
553.097717
544.030331
541.281340
533.443217
541.935312
544.334300
529.032529
512.288551
548.468369
550.671623
541.499214
539.386867
533.976537
534.432904
540.780924
541.544819
539.116229
547.292564
539.695219
534.808667
542.471898
537.457022
536.241937
544.500092
546.175297
535.346645
542.972277
533.551895
527.534366
548.140080
548.880726
555.015836
536.821406
538.889711
542.620974
552.162087
553.045260
544.125221
540.546959
534.588024
542.747672
544.953237
530.269757
511.068226
547.456418
548.679521
540.547135
537.659718
531.173375
532.878182
539.298684
538.447763
540.665360
547.254904
540.276556
535.271347
540.323487
536.772039
534.722375
544.970584
545.623014
535.405330
542.523941
531.971354
526.186728
547.689704
550.144783
556.324231
537.808687
537.934025
540.589392
551.201822
551.846229
544.542191
540.395210
533.760824
543.994326
545.885806
530.158863
511.764351
548.586968
549.077392
541.541240
540.915516
533.277941
534.021805
538.122071
539.560987
538.962764
549.437109
542.064769
535.723476
540.219383
536.157065
534.611803
544.985701
545.911505
533.233014
544.217141
532.429531
525.481456
548.104305
549.891075
556.964011
539.919999
539.552291
542.089857
548.914705
554.797975
542.382682
540.954969
532.924699
541.907139
547.085847
532.697750
512.788452
547.374595
548.416496
539.437449
541.982088
533.972604
535.309507
539.483599
541.510191
540.320593
549.868880
542.490363
536.897491
539.578899
537.015046
536.664475
545.975293
546.108416
533.243560
544.301256
532.470241
524.970139
549.151320
551.040743
557.060707
540.197563
538.065096
541.379202
549.450383
553.842653
543.336567
540.022803
532.404274
541.030566
548.681957
535.372109
512.023684
546.880864
550.563321
540.352106
541.152082
531.936646
536.323990
