5.320474
5.406905
5.093572
5.199771
5.244557
5.275205
5.208327
5.272874
5.548514
5.501814
5.256770
5.297690
5.471287
5.179081
5.469065
5.351990
5.406721
5.215144
5.338168
5.605328
5.642445
5.422168
5.571464
5.305120
5.265868
5.264839
5.293829
5.416904
5.716553
5.728568
5.526407
5.585393
5.371903
5.670085
5.487890
5.404924
5.545163
5.595162
5.515006
5.512656
5.032045
5.426196
5.200580
4.929694
4.978774
5.356199
5.482579
5.702077
5.538794
5.423796
5.735444
5.740665
5.588147
5.581533
5.658809
5.817236
5.657982
5.535681
5.450759
5.249082
5.223817
5.533717
5.827381
5.700284
5.676357
5.845922
5.751594
5.696803
5.444226
5.754109
5.580156
5.591289
5.621645
5.512232
5.241679
5.609224
5.209121
5.607783
5.249011
5.324235
5.480166
5.816099
5.252436
5.345445
5.053692
5.437134
5.429159
4.967209
5.182619
5.147057
5.541245
5.405191
5.570319
5.581269
5.692036
5.461087
5.691986
5.364625
5.279030
5.187691
5.194403
5.028130
5.050797
5.442240
5.536064
5.630702
5.553393
5.611177
5.555349
5.524426
5.802612
5.730080
5.343894
5.388186
5.325093
5.498491
5.347520
5.483757
5.166094
5.541029
5.269766
5.288136
5.110493
5.405876
5.698743
5.755166
5.536887
5.485834
5.415242
5.495480
5.624076
5.406850
5.334060
5.410999
5.390156
5.368556
5.227814
5.426431
5.247056
5.282193
5.129886
5.455042
5.395004
5.147049
5.618944
5.707552
5.755693
5.615701
6.001567
5.927664
5.526868
5.277859
5.317954
5.302506
5.486938
5.691291
5.525559
5.241826
5.282521
5.012907
4.947217
5.113664
5.191161
5.173466
4.912126
4.841581
5.338390
5.195534
5.470009
5.472896
5.378999
5.546596
5.446272
5.628743
5.611204
5.594730
5.294069
5.359980
5.556929
5.549420
5.772248
5.401332
5.329479
5.450252
5.404839
5.128153
5.406789
5.639001
5.565937
5.418774
5.337266
4.991603
5.414386
5.461200
5.665307
5.503131
5.440932
5.280129
5.327740
5.467572
5.642260
5.523080
5.385638
5.338043
5.186958
5.150915
5.204392
5.388082
5.231795
5.385085
5.275181
5.401880
5.582282
5.914264
5.534299
5.748332
5.534868
5.297263
5.949074
5.504372
5.430595
5.295667
5.312668
5.395564
5.676667
5.157847
5.110223
5.458169
5.153702
5.276503
5.282413
5.386258
5.437498
5.075271
5.330438
5.503264
5.211839
5.350195
5.274953
5.392147
5.479283
5.330381
5.581561
5.566822
5.508979
5.659790
5.021272
5.117307
5.089723
5.517701
5.745783
5.435409
5.365543
5.541913
5.315555
5.234291
5.302769
5.723474
5.266029
5.141430
4.727817
4.749663
4.690017
4.935550
5.056637
5.153086
5.439239
5.442333
5.502128
5.278990
5.108007
5.197790
5.135717
5.313347
5.536650
5.829399
5.680555
5.754941
5.672682
5.570094
5.748250
5.839036
5.744030
5.578064
5.454604
5.466006
5.476859
5.494510
5.769229
5.409692
5.344406
5.549647
5.073529
5.301216
5.434068
5.528317
5.375426
5.390887
5.303299
5.422374
5.320556
5.177955
5.332008
5.349569
5.214987
5.457728
5.304394
4.788260
4.977090
5.364442
5.248530
5.231732
4.981843
5.325887
5.450356
5.397161
5.580857
5.262426
5.352090
4.970086
5.122235
5.152377
4.893021
4.887250
4.993403
5.336293
5.340683
5.428034
5.794055
5.843292
5.507016
5.488877
5.758904
5.822750
5.636165
5.542742
5.578046
5.665617
5.625956
5.462761
5.555261
5.305720
5.262577
5.226166
5.038191
5.570841
5.751256
5.493589
5.515755
5.708153
5.543049
5.543191
5.465613
5.309211
5.312885
5.260070
5.003928
5.210750
5.162721
5.157914
5.227396
5.079025
5.408003
5.364689
5.441756
5.698089
5.718561
5.847532
5.574394
5.226597
5.121128
5.169488
5.239402
5.409977
5.608861
5.695821
5.734276
5.514611
5.319219
5.552532
5.063917
5.313215
5.643324
5.874240
6.265829
5.851686
5.589880
5.454736
5.642611
5.391450
5.355485
5.355524
5.380754
5.277636
5.055215
5.340572
5.428841
5.495862
5.439382
5.340789
5.333024
5.720028
5.494587
5.590575
5.666557
5.528087
5.577775
5.734265
5.566828
5.342470
5.284491
5.282058
5.353955
5.092617
5.103812
4.959120
5.101727
5.264521
5.294111
5.364195
5.595890
5.530938
5.312359
5.443184
5.347818
5.106859
5.223872
5.339239
5.315281
5.183593
5.297392
5.074240
5.196777
5.241958
5.371822
5.106405
5.222721
5.497959
5.411159
5.451815
5.452513
5.363261
5.505381
5.658586
5.459855
5.609144
5.128950
5.499340
5.039156
5.400655
5.486410
5.312959
5.218221
5.005624
5.115592
5.306132
5.170044
5.322595
5.750130
5.510505
5.501444
5.660633
5.656040
6.042719
5.773873
5.701378
5.514331
5.390802
5.459698
5.283856
5.419334
5.267585
5.392923
5.201597
5.458379
5.877824
5.324268
5.373586
5.382099
5.766132
5.764171
6.239746
5.875849
5.916599
5.563425
5.241367
5.429198
5.532091
5.316821
5.112964
5.199330
5.334271
5.595923
5.407473
5.436351
5.619168
5.624657
5.385702
5.396909
5.584563
5.473524
5.451562
5.477335
5.474855
5.401472
5.505942
5.474477
5.566766
5.889312
5.191580
5.608840
5.505332
5.307625
5.579501
5.301440
5.310600
5.327340
5.397522
5.483833
5.287718
5.239958
5.430421
5.416802
5.534006
5.470569
4.878251
4.947457
4.982280
5.049889
5.252343
5.279810
5.619984
5.667111
5.261950
5.051694
5.253406
5.365857
5.234660
4.686980
4.626761
4.971136
5.057316
5.428296
5.384916
5.280762
5.135962
5.514652
5.633961
5.739730
5.746741
5.801731
5.647978
5.408092
5.124415
5.528548
5.494293
5.533864
5.462642
5.579974
5.703895
5.381444
5.276617
5.211119
5.073569
5.252447
5.397780
5.373776
5.155091
5.094329
5.539393
5.317338
5.320378
5.814468
5.554430
5.803259
5.228986
5.674043
5.965086
6.281629
5.921952
6.115938
5.806329
5.483911
5.079210
5.328440
5.223170
5.604244
5.313360
5.686044
5.730207
5.362412
5.212509
5.311890
5.390621
5.548154
5.580921
5.492245
5.643246
5.426646
5.351366
5.433751
5.585364
5.370834
5.460006
5.247524
5.442706
5.380503
5.450857
5.633341
5.415529
5.490621
5.274215
5.139916
5.377544
5.193012
5.408894
5.332152
5.407874
5.154119
5.212012
5.135541
5.192280
5.054499
5.237371
5.221629
5.115153
5.153489
5.683449
5.672694
5.334516
5.311857
5.526975
5.357932
4.964666
5.184965
4.995954
5.259209
4.858939
4.854351
5.109535
5.206742
5.301091
5.227383
5.399642
5.461056
5.355380
5.331810
5.548839
5.618445
5.728058
5.641344
5.504513
5.170308
5.360321
5.326450
5.250870
5.613310
5.710759
5.754202
5.261879
5.276422
5.585942
5.508082
5.365756
5.473067
5.560998
5.411808
5.472179
5.172295
5.202246
5.465080
5.344464
5.535512
5.568811
5.476179
5.421683
5.371978
5.508011
5.794660
5.495177
5.414010
5.305240
5.311566
5.028744
5.124487
4.947103
5.362994
5.374611
4.985154
5.396709
5.278881
5.273995
5.189058
5.032378
5.583135
5.349090
5.283716
5.087685
5.271340
4.998020
5.224448
5.218398
5.151217
5.402881
5.591066
5.681519
5.554972
5.693363
5.250465
4.829374
4.867581
4.950755
4.828113
4.982082
5.192572
5.609496
5.102634
5.317309
5.378358
5.359384
5.437153
5.362333
5.151493
5.493646
5.779928
5.285198
5.204513
5.692245
5.331844
5.120907
5.297684
5.476715
5.511758
5.343416
4.963355
5.190516
5.295614
5.563397
5.463566
5.541211
4.916486
5.093399
4.777888
4.783766
5.011272
5.248395
5.179720
5.331847
5.127412
5.271997
5.532254
5.748075
5.872046
5.622450
5.626007
5.054343
5.195923
5.035151
5.108826
5.410661
5.433487
5.442988
5.596845
5.387425
5.296884
5.537363
5.167548
4.907482
5.176635
5.220990
5.285078
5.423249
5.109842
5.207846
5.182119
5.235678
4.872212
5.150600
5.111660
5.495039
5.547241
5.563912
5.421158
5.365225
5.063860
5.507095
5.357918
5.079093
5.195514
5.208091
5.093143
5.349265
5.796839
5.536516
5.864454
6.215756
5.923644
5.738467
5.754078
5.975651
5.715101
5.448717
5.750764
5.605385
5.499007
5.363235
5.026415
5.334599
5.319363
5.686877
5.466236
5.805562
5.465286
5.533109
5.575886
5.457767
5.226461
5.274817
5.324156
5.653109
5.387150
5.442312
5.190712
5.621522
5.792721
5.638259
5.439852
5.392525
5.286844
5.258429
5.698686
5.577974
5.131138
5.093103
5.187395
5.012739
4.763056
5.037052
4.862358
4.967877
5.425726
5.658524
5.569970
5.696797
5.173242
5.092163
5.294489
5.386445
5.371455
5.547727
5.468016
5.659375
5.876295
6.076017
5.990635
5.682487
5.730483
5.415664
5.354384
5.722328
5.741196
5.309905
5.182328
5.253030
5.477406
5.646556
5.367839
5.534138
5.245065
5.068589
5.627300
5.295132
5.107397
5.399579
5.198289
5.454999
5.564615
5.636957
5.903304
5.629309
5.788517
5.560495
5.584217
5.339045
4.723750
4.841462
4.949878
5.019330
5.078521
5.027699
4.956672
4.965183
5.293260
5.442193
4.943109
5.231482
5.586729
5.721580
5.736192
5.363433
5.431401
5.595079
5.299341
5.084911
4.875577
5.118355
5.162146
5.576232
5.318985
5.222044
5.046837
5.440516
5.498103
5.285407
5.307855
5.609162
5.740179
5.579891
5.378038
5.115379
5.160822
5.142382
5.344730
5.428775
5.148462
5.483763
5.627834
5.251373
5.299279
5.120794
5.262197
5.193264
5.399383
5.248483
5.191432
5.558130
5.706945
5.824019
5.532745
5.966977
5.921139
5.609111
5.595633
5.735759
5.370266
5.663289
5.760827
5.715738
5.714441
5.473394
5.502602
5.711121
5.798872
5.603617
5.492895
5.308418
5.221501
5.423885
5.326996
4.916488
5.197671
5.144306
5.395069
5.619364
5.284298
5.511740
5.198125
5.278521
5.283929
5.384516
5.435691
5.652751
5.350843
5.343337
5.299559
5.574999
5.729735
5.495595
5.394563
5.388584
5.479012
5.498172
5.607119
5.256082
6.045660
6.191217
6.167454
5.780386
5.623659
5.542311
5.586645
5.752364
5.615645
5.500017
5.445225
5.525118
5.652395
5.448928
5.756977
5.653986
5.793391
5.762671
5.586758
5.633721
5.266181
5.541824
5.373432
5.520601
5.528912
5.942623
5.865783
5.508697
5.359195
5.316879
5.550858
5.748384
5.716706
5.816626
5.786706
5.990320
5.913820
5.684690
5.963209
5.780011
5.544843
5.507638
5.504103
5.455728
5.519303
5.568869
5.271731
5.237984
5.274787
5.410991
5.505374
5.379573
5.389228
5.401195
5.363214
5.289367
5.395139
5.075077
5.307665
5.330591
5.324630
5.076928
4.706800
4.810476
5.238263
4.924807
5.224641
5.510174
5.512159
5.623972
5.465197
5.487433
5.149883
5.302539
4.962791
5.144657
5.221133
5.526514
5.694814
6.096100
5.877589
5.350516
5.703899
5.583867
5.323373
5.213757
5.467696
5.313496
4.974839
5.080866
4.952686
4.836141
5.010586
5.245484
5.357503
5.510340
5.464885
5.491561
5.248034
5.582102
5.225967
5.005629
4.805748
4.994307
4.971916
5.201979
4.855832
5.388846
5.478671
5.414139
5.505560
5.595264
5.639156
5.732796
5.717666
5.450855
5.707828
5.563447
5.475759
5.125887
5.038790
5.187514
5.281134
5.219525
5.325346
5.765462
5.469518
5.561228
5.165784
5.316514
5.614931
5.218449
5.198155
4.958354
5.370033
5.313191
5.308167
5.622511
5.475402
5.220037
5.280337
5.351751
5.798867
5.499882
5.234573
5.636792
5.648689
6.035118
6.109547
5.679035
5.552782
5.343796
5.399717
5.831362
5.523805
5.203497
5.487233
5.554651
5.505112
5.575897
5.387904
6.063749
5.966781
5.944567
5.670939
5.792258
5.571774
5.479960
5.427868
5.144017
5.341709
5.495280
5.529733
5.613547
6.160843
5.803238
5.494884
5.677261
5.707582
5.581977
5.682816
5.278173
5.448746
5.177496
5.222721
5.632531
5.354183
5.203961
5.346236
5.021241
4.980618
4.690764
4.774910
5.117721
5.089758
4.959311
5.026036
5.265066
5.003354
5.006792
4.974642
4.764257
4.981401
4.979915
5.154148
5.374469
5.371334
4.877088
5.043756
5.426755
4.819640
5.299398
5.548654
5.577015
5.520256
5.516196
5.261416
5.362393
5.223550
5.375615
5.391052
5.256274
4.729888
4.993927
5.197861
5.331633
5.032639
5.238890
5.380915
5.608146
5.764344
5.627241
5.686753
5.784710
5.297045
5.009185
5.042899
5.150870
5.156603
5.380091
5.310761
5.078182
5.335718
5.102515
5.157637
5.299635
5.665137
5.588021
5.827845
5.467852
5.380989
5.794439
5.615807
5.656599
5.444444
5.404886
5.254567
5.072048
5.115229
5.053533
5.204584
5.135236
5.054689
5.221319
5.089924
5.616716
5.342052
5.453514
5.471428
5.274604
5.454697
5.317591
5.376182
5.554080
5.414353
5.671923
5.637062
5.644660
5.374686
5.465222
5.538467
5.456712
5.424464
5.329699
5.264997
5.781341
5.805570
5.361444
5.517654
5.429601
5.394870
5.279793
5.313661
5.307312
5.662310
5.300882
5.611959
6.141825
5.927372
5.506408
5.431824
5.537170
5.564124
5.465935
5.320816
5.447660
5.380556
5.597828
6.086862
5.907575
5.796358
5.479583
5.601698
5.911858
6.104357
5.506318
5.532575
5.572345
5.582770
5.787061
5.697598
5.647017
5.525228
5.449588
5.974008
5.694613
5.732706
5.591557
5.365907
5.569853
5.444671
5.794992
5.317158
5.601717
5.325288
5.407346
5.599093
5.610244
5.627248
5.241973
5.468618
5.016444
4.910299
4.907414
4.987957
5.143857
5.133100
5.236755
5.428699
5.449509
5.381621
5.540262
5.667239
5.748261
5.825964
5.769564
5.631595
5.362055
5.161005
5.288460
5.336238
5.532652
5.263254
5.118247
5.461266
5.494738
5.610626
5.496208
5.253175
5.472681
5.128956
5.446409
5.538370
5.587860
5.758867
5.350212
5.321101
5.356647
5.460301
5.380401
5.273535
5.356515
5.431569
5.435011
5.188688
5.607604
5.311021
5.142851
5.151864
5.210623
5.177856
5.278887
5.173665
5.315605
5.422372
5.645954
5.678247
5.424816
5.664292
5.268464
5.199907
5.568316
5.659052
5.784017
5.722208
5.681553
5.565398
5.617838
5.472906
5.495138
5.242341
5.135217
5.647734
5.314813
5.420329
5.384170
5.158815
5.369253
5.270174
5.558273
5.653070
5.286712
5.358910
5.218306
5.267449
5.308369
5.640851
5.603966
5.571707
5.277569
5.542719
6.063834
5.601074
5.585917
5.370244
5.058900
5.223773
5.380384
5.097340
5.165449
5.006747
5.174203
5.110943
5.164690
5.341779
5.546292
5.716125
5.578969
5.242460
5.428236
5.328100
5.447931
5.168919
5.409183
5.282575
5.396975
5.119806
5.781093
5.778113
5.355284
5.293403
5.194048
5.610891
5.204662
5.122307
5.499241
5.498298
5.447048
5.213716
5.364044
5.700342
5.591720
5.937409
5.563094
5.593383
5.547890
5.614982
5.343749
5.423317
5.453352
5.412813
5.630140
5.799776
5.695991
5.466518
5.282151
5.131160
5.131262
5.411388
5.435317
5.534442
5.230502
5.729370
5.799328
5.175113
5.327853
5.137667
5.647597
5.715689
5.552584
5.590923
5.812714
5.376897
5.690881
5.478605
5.599542
5.469633
5.232689
5.464577
5.491168
5.350329
5.066469
5.274296
5.212209
5.049347
5.602196
5.268796
5.469016
5.408912
5.218268
5.098390
5.374887
5.338575
5.204164
5.253949
5.273708
5.470090
5.518941
5.732668
5.458129
5.464282
5.125890
5.141465
5.577149
5.519228
5.461564
5.724223
5.519395
5.531154
5.785085
6.233097
5.889926
5.938440
5.762968
5.673549
5.715862
5.992540
5.989837
5.745490
5.511624
5.383170
5.619889
5.519617
5.919968
5.317648
5.327040
5.453641
5.247494
5.339797
5.356970
5.449936
5.433451
5.561054
5.469945
5.612086
5.700873
5.330357
5.417564
5.491766
5.563740
5.359944
5.073752
5.278299
4.780354
5.649623
6.049024
5.430312
5.488793
5.610078
5.404964
5.523082
5.521575
5.367726
5.283990
5.330625
5.520159
5.110671
5.213671
5.069495
5.174714
5.362747
5.611024
5.262883
5.348851
5.583524
5.654749
5.255509
5.407504
5.462430
5.491711
5.256966
5.281331
5.098630
4.903658
5.107073
5.270683
5.235221
5.326979
5.374162
5.178725
5.224384
5.590832
5.456688
5.499741
5.126870
5.070235
5.030350
5.530509
5.833427
5.852300
5.626671
5.506103
5.244485
5.147532
5.087375
5.269805
5.170794
5.075401
5.217097
5.190344
4.903822
5.236054
5.088297
5.356172
5.615039
5.760921
5.510442
5.212013
5.837873
5.488251
5.696313
5.515519
5.443750
5.894688
6.028742
6.029322
6.005895
5.900116
5.797658
5.372025
5.655884
6.047956
5.558817
5.614583
5.379954
5.688848
5.528181
5.380197
5.219907
4.981289
4.996090
5.099051
5.241636
5.294625
5.393698
5.312156
5.558919
5.851372
5.708707
5.754364
5.652880
5.576518
5.691024
5.719215
5.767100
6.027578
5.864188
5.870445
5.635411
5.869270
5.456482
5.478224
5.094964
5.525469
5.516929
5.687353
5.966320
5.658400
5.499176
5.354612
5.441205
5.406259
5.184219
5.143917
5.231997
5.143967
4.996792
5.381302
5.333648
5.444751
5.607580
5.303657
5.446046
5.449326
5.194127
5.159291
5.698727
5.147893
5.337064
5.423081
5.768016
5.625174
5.825947
5.751382
5.948554
5.306631
5.298530
5.146850
5.234800
5.283535
5.455676
5.649745
5.670182
5.578719
5.570918
5.473486
5.607877
5.408945
5.587753
5.609269
5.680320
5.867480
5.899406
5.607499
5.241494
5.027277
5.465252
5.320344
5.887547
5.705377
5.392140
5.219603
5.144468
5.151343
5.273877
5.314307
4.973548
5.224039
5.238094
5.207322
5.385320
5.523451
5.229685
5.593864
5.294038
5.631658
5.621485
5.396874
5.778590
5.226931
5.145214
4.830526
5.056608
5.232191
5.106451
5.274497
5.403657
5.051217
5.059676
4.936582
5.019208
5.099306
5.476913
5.701821
5.646340
5.956717
5.822413
5.795414
5.708210
5.326835
5.417593
5.304643
5.449679
5.479541
5.475993
5.571410
5.312044
5.365747
5.569704
5.610070
5.645497
5.812392
5.895580
5.313997
5.514538
5.293283
5.596344
5.432433
5.801752
5.686579
5.717162
5.869161
5.773360
5.765833
5.674531
5.552438
5.174413
5.290472
5.362421
5.182579
5.325307
5.433134
5.324711
5.321401
5.419854
5.610863
5.417959
5.355677
4.956466
5.214581
5.779182
5.592843
5.574610
5.539447
5.657642
5.769034
5.644449
5.553299
5.327764
5.401627
5.400258
5.479459
5.529235
5.411870
4.967205
5.226237
5.440714
5.287187
5.130071
5.036342
5.057249
5.332210
5.337080
5.558233
5.246696
5.416131
5.297353
5.209175
5.573360
5.590918
5.676933
5.564286
5.543068
5.357427
5.409123
5.355393
5.016912
4.960167
5.119274
4.969584
5.382419
5.220404
5.546404
5.528823
5.697385
5.440123
5.639984
5.521892
5.310295
5.464346
4.917199
5.230412
5.316179
5.370094
4.880443
5.244114
5.466169
5.314612
5.096226
5.412654
5.561431
5.634902
5.604539
5.355013
5.287164
5.489252
5.328345
5.321963
5.088079
4.952144
5.042205
5.016672
4.988504
5.051412
4.896182
5.113049
5.192975
5.080952
5.341956
5.556464
5.535885
5.103289
5.195824
5.277011
6.140663
5.637529
5.230974
5.550239
5.180834
5.376211
5.451310
5.511883
5.453583
5.398962
5.197353
5.337805
5.225686
5.629745
5.843418
5.463156
5.706382
5.516425
5.151180
5.364215
5.478518
5.357983
5.789985
5.686076
5.857869
5.984474
5.241215
5.055455
5.106703
5.273018
4.994509
5.461416
5.188013
5.315763
5.530898
5.334989
5.720804
5.541041
5.453382
5.422757
5.382114
5.251955
5.307699
5.630842
5.664260
5.330936
5.290043
5.321043
5.564367
5.263813
5.321800
5.584365
5.378918
5.461459
5.292279
5.045272
5.083656
5.457899
5.392803
5.348504
5.297984
5.580607
5.488538
5.260905
5.262285
5.375712
5.365674
5.472889
5.392106
5.471120
5.255564
5.323250
5.731360
5.685099
5.653129
5.707460
5.654018
5.483632
5.539372
5.244050
5.625612
5.377746
5.241706
5.510900
5.500403
5.787943
5.762062
5.865803
5.122188
5.029615
5.258150
5.608741
5.741127
5.962553
5.836388
5.471410
5.263272
5.394154
5.313262
5.438365
5.238720
5.344397
5.494728
5.513438
5.575392
5.714169
5.919114
6.019929
5.557249
5.641107
5.406574
5.395783
5.080552
5.532882
5.600294
5.382663
5.149023
5.569540
5.661211
5.491729
5.346778
4.747764
5.031860
5.522046
5.436895
5.283285
5.675187
5.630883
5.799378
5.507988
5.178982
5.468198
5.461361
5.854375
5.423289
5.509974
5.564125
5.496430
5.341072
5.629447
5.522280
5.505662
4.876011
5.055072
5.432995
5.492370
5.361302
5.603766
5.641081
5.510023
5.431218
5.253832
5.170505
5.550754
5.540311
5.361388
5.215199
5.474446
5.339709
5.056447
4.930442
4.946822
5.291677
5.661185
5.937295
5.859265
5.685152
5.418014
5.303209
5.565160
5.506043
5.597133
5.439046
5.568044
5.700867
5.914109
6.111510
5.938495
5.554132
5.912132
5.318736
5.582405
5.591436
5.357499
5.512426
5.378456
5.288493
5.470621
5.598564
5.309949
5.091610
5.298051
5.419853
5.154806
5.139205
4.959959
5.117848
5.176234
5.609762
5.898527
5.879883
5.801309
5.465493
5.222882
5.364887
5.017583
5.084864
5.175268
5.277578
5.372514
5.639149
5.949774
5.796897
5.499338
5.350291
5.489765
5.158659
5.391597
5.654476
5.393831
5.444194
5.331080
5.483493
5.623659
5.488922
5.694937
5.196407
5.188146
5.279793
5.249924
5.142932
5.108344
5.098369
5.317708
5.428457
5.365990
5.420824
5.243593
5.224638
5.367525
5.572271
5.594238
5.391900
5.126298
5.728144
5.723350
5.679262
5.510329
5.607265
5.731904
5.413062
5.524367
5.283314
5.170489
5.258854
5.157230
5.462952
5.350297
5.749202
5.547492
5.162967
5.594439
5.201428
5.374579
5.330816
5.215610
4.927909
5.249395
5.171110
5.553440
5.427832
5.248274
5.142997
5.374144
5.214993
5.471265
5.112597
4.886418
5.073957
5.455226
5.519287
5.537712
5.506880
5.226883
5.327444
5.605259
5.573214
5.629542
5.741382
5.974505
5.595305
5.453064
5.448360
5.419360
5.496055
5.522304
5.329937
5.345366
5.336427
5.344473
4.907571
5.011512
5.578074
5.708509
5.452451
5.270753
5.574609
5.573912
5.338628
5.113009
5.477229
5.523250
5.487193
5.288540
5.233348
5.187042
5.374126
5.407649
5.170813
4.959816
4.980513
5.494311
5.407108
5.348591
5.649713
5.557400
5.245984
5.244035
5.461419
5.423750
5.509356
5.334788
5.145910
5.457416
5.627252
5.753410
5.687164
5.536279
5.593411
5.601301
5.562582
5.485418
4.873611
5.265709
5.074379
5.295549
4.896799
5.211931
5.134040
5.083235
5.045354
4.970069
5.051168
5.267357
5.407397
5.346626
5.241221
5.659953
5.625378
5.572943
5.640462
5.735455
5.777568
5.568978
5.268837
5.361905
5.247001
5.522445
5.691912
5.397902
5.746521
5.685496
5.744840
5.581579
5.852788
5.779964
5.681087
5.535839
5.345242
5.550242
5.260751
5.418597
5.258708
5.357849
5.534063
5.476935
5.493634
5.378722
5.477036
5.229825
5.316799
5.377009
5.239907
5.498939
5.280364
5.483024
5.487152
5.415239
5.503429
5.730218
5.911428
5.718827
5.428720
5.204921
5.366026
5.276969
5.632110
5.397930
5.537259
5.315728
5.701623
5.857049
5.385514
5.350784
5.760326
5.948038
5.560829
5.433695
5.652218
5.512381
5.698095
5.643938
5.579648
5.708096
5.446945
5.473992
5.732085
5.620527
6.053214
5.651723
5.876369
5.877030
5.588222
5.123723
5.310950
5.163979
5.413860
5.528184
5.440863
5.441584
5.626129
5.785982
5.578344
5.784803
5.898530
5.842014
5.378048
5.360671
5.179615
5.842743
5.633107
5.660608
5.354879
5.623718
5.323721
5.145530
5.407062
5.453607
5.172067
5.210104
5.110650
5.246541
5.495373
5.716610
5.681424
5.148565
5.289569
5.368454
5.753240
5.750437
5.163086
5.335593
5.042046
4.811853
5.409425
5.742849
5.416091
5.760845
6.032348
5.987566
5.937645
5.573642
5.442105
5.563889
5.441061
5.070608
4.811390
5.368448
5.708868
5.712714
5.215121
5.222690
5.223127
5.673722
5.368158
5.494466
5.179448
5.882545
5.690102
5.493746
5.559850
5.600320
5.360960
5.406477
5.538160
5.427782
5.433463
5.409550
5.365088
5.731609
5.447489
5.450191
5.628875
5.305239
4.941175
4.985798
5.146225
5.255026
5.248026
5.732842
5.659789
5.749884
5.947995
5.753886
5.485115
5.596905
5.618760
5.496754
5.452704
5.254907
5.629435
5.427021
5.535229
5.441209
5.501174
5.467775
5.661325
5.727692
5.599770
5.606647
5.708461
5.450915
5.222914
5.535821
5.254001
5.087065
5.352475
5.508923
5.580446
5.443705
5.499887
5.710210
5.471133
5.429340
5.716827
5.751967
5.251683
5.190310
5.454251
5.638304
5.328726
5.263916
5.351688
5.330374
5.627902
5.523122
5.463465
5.661776
5.722458
5.469221
5.130047
5.316354
5.531998
5.643044
5.455469
5.708871
5.508755
5.008581
5.370472
5.836541
5.672885
5.786753
5.321584
5.317520
5.705375
5.653933
5.595555
5.410619
5.780133
5.569348
5.724126
5.412588
5.404510
5.293542
4.975893
4.807173
4.964562
5.173279
5.313926
5.360532
5.455209
5.405290
5.584410
5.415089
5.410400
5.519729
5.403287
5.288480
5.292751
5.393517
5.616197
5.641324
5.798214
5.174074
4.981704
5.315811
5.399932
5.652884
5.869849
6.259503
5.469868
5.576624
5.374974
5.449424
5.623995
5.584872
5.486166
5.299611
5.466731
5.370401
5.559601
5.469368
5.172943
5.516071
5.821265
5.447937
5.821900
5.417941
5.471718
5.310012
5.317818
5.245357
5.171675
5.137449
5.099773
5.772084
5.440570
5.196884
5.482245
5.659108
5.441752
5.518864
5.794785
5.547622
4.841602
4.838438
5.160840
5.051556
5.060149
5.277634
5.223849
5.367552
5.466583
5.579497
5.801326
5.556255
5.385830
5.400004
5.226062
5.183252
5.074350
5.424487
5.208462
5.473544
5.448099
5.471563
5.566287
5.515629
5.373929
5.383681
5.512724
5.436202
5.208893
5.161414
5.665797
5.338298
5.331193
5.343162
5.524162
5.472906
5.898667
5.869941
5.574330
5.230950
4.962009
5.356983
5.274880
4.986958
5.336525
5.336429
5.380701
5.382973
5.266107
5.257189
5.559813
5.221158
5.248791
5.303798
5.193056
5.164434
5.435133
5.707740
5.827390
5.279018
5.671351
5.753890
5.616346
5.258042
5.523959
5.404213
5.613637
5.908036
5.760499
5.770013
5.295553
5.388681
5.179396
5.275558
5.165322
5.204217
5.621849
5.225298
5.546207
5.983016
5.752221
5.731264
5.015990
5.168666
5.091418
5.120062
5.742721
5.848032
5.293848
5.303012
5.294730
5.339767
5.492425
5.111584
5.272094
5.485460
5.801379
5.874071
5.712395
5.904305
5.491568
5.461286
5.361021
5.452876
5.945693
5.808856
5.898356
5.881914
5.758176
5.520831
5.273021
5.294822
5.595939
5.325371
5.825029
5.300171
5.006642
5.262606
5.521707
5.539785
5.604484
5.530942
5.230333
5.236785
5.239891
5.373433
5.758648
5.490164
5.555982
5.415617
5.338382
5.588151
5.517770
5.577708
6.108579
5.737714
5.454940
5.373037
5.485716
5.531664
5.577845
5.525257
5.292536
5.247776
5.374781
5.323855
5.335458
5.691110
5.597257
5.519972
5.422495
5.519547
5.518825
5.431545
5.360234
5.285855
5.185422
5.258139
5.208190
5.514650
5.139168
5.423560
5.121888
5.247539
5.669391
5.876301
5.448092
5.700466
5.886928
5.797906
6.066680
5.770407
5.987017
5.708835
5.824449
5.490660
5.810957
5.295731
5.538968
5.255363
5.355874
5.586973
5.594603
5.350674
5.161348
4.979786
5.080490
5.122409
4.949163
4.969711
5.292884
5.242939
5.443651
5.317999
5.123954
5.132756
5.394532
5.213376
5.142944
5.245394
5.284133
5.345651
5.303729
5.197021
5.182481
5.551560
5.626629
5.518568
5.335784
5.343476
5.604578
5.381775
5.508234
5.857169
5.603876
5.649184
5.751159
5.637516
5.628991
5.338213
5.555157
5.307318
5.281104
5.428218
5.369817
5.222600
5.301919
5.364709
5.389619
5.723041
5.411255
5.548320
5.491342
6.164802
5.882211
5.785870
5.552284
5.732154
5.679729
5.498971
5.730967
5.764620
5.786994
5.560027
5.746085
5.622258
5.085376
5.112736
5.235665
5.417048
5.047096
5.486071
5.493357
5.756319
5.853874
5.632954
5.383942
5.467594
5.439375
5.116869
5.388641
5.283800
5.501590
5.273088
5.219742
5.318702
5.101195
5.153212
5.358736
5.852837
5.770155
5.851277
5.793561
5.528868
5.567029
5.404286
5.130701
4.908094
4.952485
5.145094
5.393643
5.633633
5.684030
5.688061
5.443284
5.396264
4.997694
5.400707
5.787308
5.775294
5.464865
5.488355
5.333161
5.214295
5.045448
5.113739
5.072078
5.003934
5.337138
5.679131
5.379542
5.200602
5.087572
5.552861
5.259905
5.394523
5.433562
5.577778
5.469391
5.419727
5.282440
5.606040
5.115345
5.214021
5.417084
5.580769
5.331946
5.561131
5.771396
5.939344
5.770195
5.511099
5.619202
5.829370
5.581143
5.460317
5.572956
5.625597
5.726419
5.678024
5.622887
5.543072
5.466607
5.477678
5.458185
5.472879
5.436338
5.534112
5.199527
5.421109
5.630278
5.501675
5.310192
5.247001
5.862309
5.218975
5.177458
5.549083
5.403465
5.155583
5.118416
4.995664
5.176032
5.382107
5.325107
5.313261
5.161018
5.125670
5.059635
5.169143
5.108972
4.988136
4.953942
4.995754
5.077236
5.135985
4.994999
5.055103
4.752822
5.542806
5.519555
5.315385
5.477090
5.327297
5.490702
5.622692
5.335611
5.242016
5.585978
5.781887
5.376645
5.288704
5.497953
5.505942
5.187630
5.469290
5.472604
5.838285
5.967008
5.773908
4.633687
4.842078
5.138022
5.361105
5.138955
5.161792
5.449431
5.157304
5.115432
5.228508
5.287153
5.126305
5.417071
5.197602
4.911161
5.224922
5.458562
5.544044
5.482484
5.168563
5.310431
5.362204
5.416096
5.242507
5.057941
5.046074
4.874232
5.032748
5.562668
5.652090
5.560540
5.397174
5.447447
5.187862
5.079485
5.190680
5.286786
5.310511
5.652374
5.611047
5.679475
5.537110
5.640363
5.677374
5.376652
5.141477
5.207717
5.385845
5.446933
5.467211
5.051549
5.249601
5.129053
5.320703
5.183666
5.384850
5.260389
5.369146
5.378274
5.441899
5.347878
5.319202
5.507870
5.689694
5.851930
5.450534
5.322246
5.159505
5.201483
5.114054
5.090917
5.011642
5.065403
5.506001
5.166661
5.160153
5.174022
5.415201
5.340461
5.214974
5.025640
5.279406
5.294900
5.289168
5.744973
5.600208
5.547876
5.610870
5.645557
5.372115
5.682491
5.253217
5.665037
5.654028
5.705057
5.680596
5.700201
5.526534
5.526516
5.940931
5.720118
5.910441
5.612336
5.497987
5.945056
5.331208
5.480372
5.545571
5.536722
5.240703
5.554598
5.737387
5.922306
5.632999
5.096461
5.108381
5.359595
5.449691
5.240968
5.919829
5.733891
5.512344
5.131614
5.275732
5.217140
4.943965
5.081475
5.214908
5.204662
5.249740
5.438736
5.077901
5.332996
5.201038
5.502725
5.617405
5.639366
5.431878
5.417169
5.567857
5.387488
5.614499
5.250811
5.493387
5.168648
5.345219
5.410550
5.460645
5.404123
5.799403
5.485687
5.335966
5.062999
4.948570
5.190456
5.334634
5.289617
5.416183
5.271096
5.297631
5.177614
5.306221
5.127434
5.171868
4.939976
4.855845
5.074430
5.098492
5.024586
5.255317
5.133089
5.628625
5.813032
5.680343
5.562888
5.703116
5.223343
5.213517
5.297138
5.450063
5.096974
5.433396
5.541355
5.363639
5.346603
5.431307
5.129855
5.096595
5.339743
5.333434
5.183970
5.436374
5.721982
5.479555
5.781729
5.935042
5.515498
5.287141
5.661931
5.470844
5.405011
5.710299
5.753810
5.770357
5.660250
5.504727
5.365432
5.264096
5.425604
5.399471
5.450245
5.540837
5.561022
5.227895
5.415379
5.178149
5.043231
5.428745
5.206810
5.448389
5.346986
5.361601
5.428364
6.088567
5.723581
5.771869
5.441108
5.327846
5.582836
5.854001
5.514491
5.490465
5.841627
5.451339
5.260229
5.408152
5.497527
5.343754
5.417738
5.931029
5.680846
5.854566
5.868728
5.347500
5.554043
5.540497
5.859458
5.955584
5.573710
5.240667
5.104721
5.353797
5.607882
5.418610
5.566798
5.627087
5.607384
5.118187
5.342999
5.074275
5.235637
5.360812
5.254443
5.637821
5.518876
5.697073
5.329967
5.309532
5.397364
5.374681
5.268238
5.393288
5.277738
4.858923
4.838458
5.168278
5.295814
5.448912
5.276175
5.389739
5.663296
5.478811
5.575758
5.642921
5.884524
6.137308
5.913931
5.863603
5.737401
5.780449
5.565676
5.466297
5.139780
5.461163
5.320832
5.169490
5.193549
5.267259
5.530912
5.440077
5.284325
5.562612
5.160213
5.552790
5.370928
5.465705
5.334406
5.649918
5.755037
5.507299
5.400097
5.551474
5.279665
5.594686
5.123103
5.597658
5.626509
5.825864
5.731593
5.367159
5.310362
4.912873
5.280884
5.291208
5.661920
5.852315
5.877062
5.816426
5.692183
5.313809
5.476748
5.685504
5.721099
5.724553
5.462719
5.478548
5.348242
5.631618
5.496519
5.071517
4.945640
4.742326
4.938246
5.000235
5.130534
5.259751
5.051081
5.296520
5.661720
6.024493
5.417852
5.491395
5.348548
5.494290
5.322640
5.360661
5.659561
5.110063
5.484827
5.463296
5.385766
5.889571
5.796571
5.617964
5.716108
5.192660
5.056407
5.041662
5.358935
5.028325
5.542210
5.097522
5.571897
5.209095
5.482244
5.262309
5.250853
5.173943
5.302921
5.517432
5.523431
5.720215
5.496560
5.688293
5.293760
5.361731
5.385713
5.270997
5.425485
5.301343
5.729925
5.768633
5.700452
5.602111
5.503166
5.508377
5.490510
4.892937
5.270943
5.211659
5.495491
5.215273
4.914353
5.159744
5.249927
5.476986
5.279664
5.417399
5.288565
5.161226
5.173740
5.356872
5.292341
5.102511
5.047618
5.371821
5.300545
5.344837
5.450026
5.424954
4.942657
5.270781
5.140189
5.049656
5.316719
4.921029
5.116057
5.172674
5.124189
4.840326
5.553333
5.594158
5.990524
5.590279
5.313077
5.095307
5.294858
5.245869
5.298755
5.261466
5.261282
5.758316
5.612703
5.230894
5.269586
5.507065
5.812001
5.928355
5.725630
6.003873
5.279631
5.840559
5.551745
5.546285
5.340987
5.430993
5.545955
5.266925
5.286813
5.335140
5.720700
5.528999
5.673899
5.818373
5.545873
5.751405
5.610591
5.382115
5.667839
5.432106
5.258646
5.301484
5.352047
5.038514
5.032888
5.102084
5.390215
5.682207
5.479602
5.558098
5.685176
5.662736
5.686538
5.296354
5.254909
5.158839
5.402881
5.263896
5.491800
5.795816
5.688181
5.795534
5.442986
5.409354
5.419961
5.372057
5.042603
5.043287
5.397018
5.486178
5.709863
5.869748
5.596206
5.363022
5.273302
5.629700
5.604989
5.464865
5.269706
5.281251
5.558693
5.535473
5.278452
5.395409
5.449436
5.157857
5.230362
5.428956
5.456022
5.456743
5.510853
5.699918
5.671765
5.676332
5.392653
5.303920
5.414566
5.668391
5.496038
5.620988
5.831485
5.712255
5.905703
6.188115
5.613650
5.566231
5.385732
5.634343
5.611394
5.413712
5.367835
5.496283
5.557141
5.636024
5.536909
5.501027
5.736811
5.899583
5.777284
5.400893
5.632576
5.405848
5.332550
5.698032
5.726533
5.481306
5.526952
5.638736
5.240641
5.569053
5.832352
5.684365
5.409186
5.407520
5.120858
5.355066
5.104245
4.951701
4.672087
4.861688
4.966988
5.057016
5.148975
5.560473
5.732901
6.011781
5.576667
5.685454
5.758913
5.695718
5.423478
5.116139
5.347717
5.215707
5.156098
4.756387
5.177855
5.164124
4.749552
5.122294
5.236048
5.268396
5.096086
5.078954
5.541049
5.799472
5.743807
5.850404
5.487813
5.518895
5.783147
5.794013
5.633917
5.239701
5.482026
5.303641
5.513126
5.175382
5.386604
5.594804
5.413632
5.433813
5.696970
5.775456
5.757345
5.847812
5.556708
5.500978
5.564015
5.302895
5.077231
5.139808
4.799208
4.865267
5.167673
5.414925
5.676375
5.889441
5.775855
5.673951
5.653882
5.529961
5.366987
5.326052
5.487695
5.490583
5.393638
5.659265
5.235388
5.606828
5.541771
5.822750
5.460879
5.166074
5.620163
5.399300
5.506183
5.706137
5.586042
5.436724
5.242336
5.434628
5.220520
5.061751
5.358285
5.585761
5.374486
5.208787
5.127169
5.415256
5.548600
5.646385
5.824979
5.740543
5.660425
5.598074
5.354289
5.466646
5.720540
5.630206
5.755381
5.863304
5.732011
5.290976
5.144096
5.075278
5.136786
5.489102
5.341351
5.493078
5.610964
5.457155
5.696625
5.705594
5.418612
5.569814
5.694308
5.562962
5.901181
5.486307
5.638273
5.829862
5.174868
5.346847
5.144553
5.216368
5.174455
5.255496
5.349861
5.409048
5.864358
5.597239
5.671206
5.745116
5.383060
5.272963
5.178213
5.650490
5.658144
5.406590
5.324616
5.414036
5.087470
4.760709
4.760264
4.805234
5.141366
5.432096
5.310056
5.377828
5.362562
5.735673
5.418163
5.490171
5.597440
5.625303
5.380300
5.728135
5.715779
5.873156
5.478289
6.076957
5.775106
5.520967
5.231380
5.484299
5.437209
5.225297
4.608636
4.723488
5.099229
5.368717
5.132248
4.921501
5.113203
5.206743
5.270968
5.402352
5.178875
5.274972
5.170987
5.248341
5.505165
5.555182
5.355406
5.343170
5.398011
5.481837
5.343830
5.415135
5.364883
5.578844
5.305681
5.397686
5.216337
5.525943
5.754839
5.538855
5.629733
5.187770
5.439073
5.204609
5.067661
5.007554
5.275852
5.404696
5.295985
5.451106
5.525323
5.564915
5.565391
5.588616
5.283650
5.365770
5.194467
5.463617
5.409403
5.387561
5.188624
5.584937
5.120609
5.275352
5.151022
4.891150
5.206137
5.369419
5.463532
5.258633
5.021819
5.547340
5.535690
5.814700
5.452982
5.719185
4.996661
5.015785
5.054785
5.576692
5.159202
5.157058
4.999227
4.996295
4.995314
5.149735
5.149073
5.151555
5.339604
5.219795
5.223627
5.199410
5.254247
5.381355
5.612104
5.386007
5.566782
5.436173
5.592765
5.413893
5.569957
5.375071
5.272847
5.267733
5.330650
5.078574
5.339555
5.505972
5.607814
5.847874
5.675661
5.369397
5.574737
5.366749
5.387104
5.587549
5.643413
5.282583
5.059219
5.602153
5.690954
5.595562
5.342704
5.499026
5.026110
5.299042
5.168575
5.058879
5.180964
5.081826
5.262827
5.144890
5.159470
5.042580
5.044366
5.303682
5.382199
5.428821
5.253339
5.295736
5.439541
5.681234
5.605194
5.222164
5.363955
5.424547
5.138576
5.420637
5.277264
5.607529
5.590868
5.844933
5.746602
5.356574
5.413281
5.430893
5.149473
5.257028
5.590505
5.716840
5.751313
5.553295
5.755855
5.763756
5.672220
5.671347
5.232977
5.178986
5.379730
5.665047
5.472226
5.364788
5.501064
5.385905
5.066442
4.859121
4.678543
4.633741
4.543970
4.814084
4.834284
5.153046
5.048451
5.297020
5.340266
5.371834
5.345991
5.613313
5.602417
5.437827
5.406013
5.774400
5.669107
5.295955
5.955714
5.760105
5.200021
5.215066
5.193034
5.402723
5.495983
5.600455
5.524033
5.500853
5.453220
5.640053
5.813370
5.355788
5.394501
5.267031
5.208892
5.419882
5.480742
5.260173
5.747247
5.512642
5.585698
5.398080
5.144626
5.323274
5.401388
5.601934
5.471051
5.679509
5.461202
5.397216
5.222557
5.436197
5.220151
5.327527
5.443872
5.627353
5.190320
5.169160
5.445473
5.422412
5.331901
5.287507
5.096986
5.101118
5.227248
5.062068
5.307486
5.294738
5.389531
5.255339
5.412037
5.440618
5.448513
5.336941
5.495713
5.537375
5.277493
5.343923
5.571502
5.505469
5.350912
5.047750
5.258126
5.498891
5.503157
5.878796
5.519458
5.631052
5.665494
5.188418
5.591177
5.490097
5.241034
5.805666
5.652608
5.356901
5.272246
5.414943
5.460404
5.242597
5.593961
5.646016
5.531964
5.451400
5.421937
5.527717
5.566053
5.158119
5.356248
5.902656
5.584162
5.334385
5.252683
5.376698
5.589377
5.313254
5.274192
5.667652
5.676495
5.735755
5.180223
5.762467
5.523414
5.517771
5.365755
5.546485
5.498915
5.289349
5.321620
5.152910
5.506724
5.749346
5.575018
5.254352
5.235262
5.157491
5.055188
5.116285
5.552271
5.603763
5.502767
5.503772
5.662453
5.797598
5.835928
5.946760
5.454499
5.465464
5.306640
5.354412
5.226444
5.203711
5.477435
5.391086
5.633397
5.869669
6.141096
5.770770
6.122629
5.754970
5.361858
5.402295
4.971907
4.958756
5.283221
5.183956
5.118570
5.232554
5.065050
5.104744
5.420928
5.549895
5.527595
5.917784
6.111824
5.830669
5.697446
5.826243
5.368560
5.792651
5.584906
5.782484
5.446637
5.199698
5.225993
5.117905
5.129835
5.173446
5.218789
5.394635
5.563130
5.181801
5.536026
5.279907
5.047271
5.531747
5.501233
5.484760
5.363291
5.424866
5.819214
5.524586
5.712685
5.616095
5.448030
5.726544
5.230674
5.368262
5.407177
5.518218
5.434497
5.262821
5.170394
5.194829
5.501445
5.432257
5.214095
5.141527
5.216127
5.445764
5.327150
5.314960
5.163233
5.182073
5.074530
5.556149
5.675978
5.411659
4.798800
4.910526
4.963023
5.203767
5.414412
5.433826
5.401971
5.333732
4.986462
5.336015
5.384881
5.341500
5.159092
5.379184
5.067618
5.090204
5.617912
5.719860
5.588838
5.458395
5.388614
5.675017
5.826984
5.767113
6.027951
5.549918
5.333623
5.364757
5.621545
5.304844
4.995657
4.912145
5.066832
5.538214
6.042896
5.649354
5.740778
5.613756
5.945941
5.529607
5.185548
5.636252
5.040143
5.149017
5.246605
5.174889
5.269504
5.526658
5.494156
5.327528
5.660782
5.603660
5.074079
5.045327
4.819989
5.004336
4.827638
5.375978
5.187755
5.516137
5.641537
5.255225
5.164667
5.304127
5.317150
5.061155
5.347000
5.369401
5.357409
5.282703
5.235839
5.084068
5.306404
5.090065
4.988320
5.050429
5.375491
5.663312
5.419200
5.809101
5.863177
5.555936
5.906151
5.373999
5.313790
5.523225
5.682340
5.596498
5.610986
5.469499
5.679569
5.433133
5.281990
5.361078
5.498448
5.324347
5.406602
5.598150
5.714268
5.692376
6.114314
5.802556
5.416726
5.535456
5.483180
5.407995
5.315633
5.311281
5.454453
5.276865
5.395347
5.243128
5.425275
5.192074
5.189696
5.052404
5.170734
5.450562
5.697154
5.588605
5.447863
5.496264
5.433360
5.417522
5.491042
5.841659
5.627602
5.654945
5.930291
5.968773
5.754139
5.533921
5.125708
5.355962
5.895250
5.111309
4.850181
4.749188
5.110381
5.235758
5.493955
5.497219
5.449240
5.923391
5.650717
5.455597
5.610698
5.412271
5.784483
5.445199
5.203051
5.002476
5.228754
5.417491
5.411353
5.522672
5.408907
5.355402
5.507319
5.191349
5.182705
4.909271
4.919201
4.919848
4.883637
4.755379
5.110253
4.999785
5.356388
5.489379
5.239881
5.294178
5.629712
5.612827
5.568720
5.548880
5.744705
5.507070
4.892535
5.192876
5.591638
5.432137
5.227566
5.454158
5.425871
5.331222
5.264842
4.746502
5.042378
5.302105
5.317418
5.522633
5.165529
5.483403
5.823956
5.586922
5.581518
5.363304
5.608309
5.990016
5.524227
5.399180
5.410036
5.246032
5.418731
5.714799
5.772976
5.790206
5.896306
6.169870
5.389173
5.272301
5.104296
5.151913
5.183628
4.987444
4.947413
5.211623
5.284674
5.569188
5.239622
5.264897
5.471557
5.422024
4.983146
4.767918
4.845548
4.895171
4.555551
4.953371
4.801738
5.022301
5.113310
4.970281
4.835750
4.715629
5.119635
5.359224
5.398695
5.488965
5.273718
5.283771
5.318141
5.414345
5.320806
5.305922
5.658273
5.469652
5.395525
5.116453
5.182773
5.298218
5.163378
5.187206
5.134163
5.241581
5.567731
5.301923
5.684741
5.139088
5.289875
5.431985
5.860137
5.861329
5.766164
5.718807
5.750873
5.570049
5.751976
5.727994
5.545757
5.329404
5.265185
5.070635
5.234431
5.538388
5.732176
5.679252
5.440390
5.323789
5.579968
5.458740
5.557101
5.483804
5.152409
5.388895
5.469570
5.421857
5.507166
5.801992
5.226214
5.218739
5.485244
5.794088
5.993328
5.942716
5.570723
5.326564
5.174736
5.104344
5.379549
5.433215
5.371378
5.321837
5.193112
5.425391
5.542710
5.272883
5.317249
5.400009
5.313625
5.360129
5.654793
5.536499
5.314569
5.152271
5.234714
4.816469
4.991000
5.349298
5.340050
5.298480
4.905738
5.251393
5.110226
5.290587
5.404118
4.972617
5.022892
5.378066
5.455357
5.234092
5.380174
5.389154
5.327944
5.552828
5.575678
5.888626
5.993365
5.765859
5.688770
5.758112
5.670485
5.545413
5.074957
5.391284
5.415327
5.537694
5.483450
5.166372
5.392304
5.434699
5.596890
5.397617
5.656477
5.809128
5.676719
5.501988
5.437106
5.573607
5.488832
5.440838
5.298109
5.369844
5.537449
5.535305
5.185472
5.392238
5.291838
5.161375
5.286673
4.799146
5.094919
5.083527
5.241198
5.187519
5.245644
5.334375
4.957736
5.111796
5.226807
5.230138
5.269939
5.161244
5.313896
5.424993
5.314038
5.067462
5.552947
5.611911
5.893791
5.597488
5.473295
5.360512
5.294576
5.695690
5.638284
5.564789
5.617551
5.675643
5.607589
5.806067
5.629597
5.828787
5.571465
5.335766
5.440911
5.333286
5.413176
5.422683
5.502020
5.408062
5.594988
5.528205
5.767395
5.655526
5.410080
5.653831
5.849893
5.860697
5.735574
5.420003
5.754999
6.056650
5.751728
5.576734
5.388415
5.696386
5.523834
5.374403
5.355556
5.688693
5.513497
5.453254
5.797838
5.725541
5.521713
5.326237
5.210655
5.547247
5.930066
5.802665
5.678693
5.227021
5.617367
5.566873
5.662443
5.676805
5.791923
5.456775
5.574389
5.728084
5.497669
5.489435
5.730774
5.178163
5.206790
5.158239
5.379542
5.064052
5.065874
5.318516
5.118844
5.135729
5.132295
5.224373
5.166660
4.988813
4.936196
5.116636
5.112819
5.255626
5.238470
5.136820
4.882647
5.041129
5.084492
5.048956
5.070131
5.111241
5.073186
5.073789
5.682030
5.457398
5.393848
5.054114
5.250606
5.734962
5.549290
5.230843
5.480963
5.525777
5.567348
5.334601
5.456321
5.334104
5.413215
5.468529
5.205066
5.135130
5.016496
5.082022
5.330020
5.342722
5.336725
5.118903
5.237671
5.755776
5.335131
5.423504
5.461615
4.842798
5.296293
5.297637
5.419494
5.113554
5.047229
5.005802
4.814970
5.117390
4.776332
4.869713
5.057721
5.173228
5.398708
5.249510
5.593901
5.620177
4.796083
4.976749
5.369704
5.684268
5.545129
5.701142
5.493700
5.518685
5.638659
5.185490
4.975459
5.336338
5.141972
4.894108
4.897172
5.072306
5.218437
5.347231
5.314928
5.557072
5.117048
6.001735
5.349712
5.423878
5.101671
5.170549
5.136094
5.417386
5.344833
5.562357
5.641403
5.365746
5.547624
5.245140
5.331835
5.195167
5.353854
5.855981
6.079290
5.677334
5.391208
5.268045
4.921901
5.137107
5.296755
5.694321
5.515827
5.936001
5.926723
5.287456
5.401888
5.374984
5.560982
5.901786
5.823707
5.479373
5.468736
5.816853
5.170451
5.469989
5.711351
5.576755
5.558792
5.369104
5.798198
5.548548
5.062350
5.040061
5.149648
5.686973
5.650632
5.543675
5.528669
5.659352
5.484886
5.557057
5.323851
5.282006
5.745181
5.602138
5.461596
5.434156
5.439692
5.059678
5.416795
5.415282
5.326024
5.399345
5.713121
5.616909
5.640541
5.164518
5.046901
5.268977
5.517530
5.541419
5.456817
5.304932
5.173500
5.408374
5.367532
5.526855
5.774215
5.255443
5.219763
5.063722
5.190570
5.128827
5.256620
5.368262
5.454628
5.385965
5.431583
5.506980
5.639203
5.448950
5.331904
5.508335
5.371660
5.750182
5.538160
5.775348
5.810983
5.500627
5.635020
4.937048
5.145686
5.360855
4.870471
5.624883
5.633789
5.669513
5.559545
5.785163
5.269382
5.254780
5.281343
5.479960
5.549248
5.241118
5.265700
5.257605
5.173694
5.108907
5.786818
5.279620
5.609968
5.605363
5.415018
5.363524
5.238747
5.476831
5.460671
4.996114
5.048618
5.276654
5.159192
5.249473
5.294786
5.511310
5.091730
5.131444
5.259191
5.253895
5.385320
5.354044
5.350743
5.497392
5.601721
5.649508
5.881841
5.567477
5.373579
5.583830
5.481440
5.325311
5.236505
5.299535
5.546076
5.424300
5.332886
5.447672
5.413116
5.488431
5.651724
5.540407
5.156318
5.128303
5.467850
5.401858
5.246140
5.422514
5.273234
5.393400
5.357743
5.463531
5.314984
5.334724
5.321534
5.284476
5.856167
5.848280
5.501125
5.508729
5.391017
5.114882
5.156096
5.457625
5.530264
5.835815
5.570549
5.416128
5.450573
5.336176
5.547881
5.380665
5.388268
5.307573
5.260123
5.131100
5.109227
5.197150
4.947383
4.983860
4.999584
4.968850
5.011396
5.361169
5.467446
5.549355
5.619457
5.784896
5.783945
5.970521
5.884778
5.739057
5.547636
5.387564
5.372564
5.272194
5.813352
6.011879
5.698044
5.604554
5.687942
5.840748
5.391937
5.468243
5.189553
5.398929
5.317969
4.936309
5.307498
5.693102
5.505793
5.659177
5.379689
5.265585
5.310919
5.536394
5.329122
5.317196
5.109236
5.257010
5.182504
5.098118
5.236701
5.643228
5.583084
5.524900
5.193970
5.707461
5.582088
5.496339
5.700302
5.292465
5.309764
5.538216
5.281583
5.543366
5.503152
5.232739
5.276355
5.351459
5.800904
5.763096
5.504296
5.514169
5.292083
5.282182
5.234684
5.451624
5.418868
5.323549
5.272955
5.251084
5.479102
5.396600
5.436118
5.804308
5.551095
5.324380
5.560844
5.978984
5.232163
5.401786
5.228601
5.137705
5.186129
5.211004
4.989369
5.069397
4.977832
5.186931
5.575706
5.369985
5.328106
5.382637
5.111563
5.530689
5.336338
5.470909
5.513576
5.756736
5.580573
5.371325
5.404598
5.291561
5.771379
5.239161
5.481684
5.601351
5.431321
5.474283
5.689259
5.476366
5.366305
5.603204
5.850417
5.353258
5.661976
5.534279
5.536088
5.405471
5.501504
5.453337
5.360164
5.103364
5.319608
5.288070
5.163168
5.498790
5.479747
5.235859
5.409843
5.869301
5.798922
5.538876
5.735167
5.827766
5.646336
5.804067
5.429619
5.318479
5.288537
4.980896
5.029296
5.174506
4.933358
5.426139
5.572400
5.411211
5.537654
5.571616
5.321114
5.513653
5.337235
5.395550
5.606730
5.584174
5.861200
5.861629
6.087743
5.659293
5.796402
5.417694
5.331480
5.159502
5.473867
5.440583
5.863443
5.748118
5.573921
5.522863
5.420181
5.405675
5.515903
5.649061
5.312097
5.191961
5.381516
5.139423
5.366423
5.390528
5.501370
5.572273
5.358379
4.838724
4.735234
4.900889
5.034228
5.230743
5.191125
5.292285
5.806500
5.838504
5.426685
5.711450
5.550824
5.471618
5.320787
5.315951
5.223418
5.468295
5.601214
5.692942
5.552930
5.908452
5.948186
6.130640
5.770466
5.315483
5.438890
5.671982
5.707090
5.392475
5.620061
5.483313
5.354719
5.071543
5.528504
4.846115
5.011110
4.962793
5.299015
5.381847
5.640121
5.489833
5.562986
5.499533
5.257181
5.451146
5.377227
5.524518
5.694537
5.912289
5.721592
5.763938
5.733136
5.650780
5.830442
5.365445
5.542224
5.867836
5.216834
5.522006
5.533657
5.567304
5.268369
5.219514
5.195731
5.394502
4.983001
5.222645
5.076482
4.851444
4.975543
4.973930
5.313111
5.537804
5.237355
5.407746
5.204884
5.628569
5.755324
5.803502
5.514392
5.420855
5.354251
5.260588
5.367216
5.620078
5.383181
5.544363
4.933990
5.148801
4.842024
5.202615
5.256744
5.268668
5.133821
5.346016
5.334757
5.184725
5.137402
5.151399
5.369494
5.313292
5.504569
5.754535
5.620424
5.246366
4.968650
5.355094
5.321985
5.477446
5.070359
5.333590
5.212375
5.160216
5.115798
5.122744
5.204126
5.625322
5.470537
5.539285
5.367181
5.415719
5.621831
5.639732
5.447983
5.290695
5.379129
5.338843
5.092683
5.030430
5.335724
5.452504
5.604625
5.245452
5.147074
5.442163
5.403703
5.392242
5.488083
5.540949
5.386967
5.448010
5.105846
5.096950
5.018705
5.567471
5.331723
5.311260
5.741908
5.784145
5.494950
5.886787
5.950900
5.999456
5.839046
5.738021
5.657051
5.367403
5.456506
5.410965
5.790676
5.391883
5.664549
5.259383
5.530608
5.086774
5.341226
5.027406
4.915354
5.078519
5.497646
5.275748
5.331085
5.859217
5.688971
6.082665
6.108408
5.667056
5.905177
5.396612
5.301929
5.070114
5.281682
5.186328
5.428924
5.509500
5.462680
5.485178
5.232524
5.592726
5.550074
5.530045
5.565209
5.957280
5.751461
5.310937
5.508498
5.738904
5.874607
5.183009
5.075184
5.129540
5.571832
5.637240
5.326798
5.104870
5.294411
5.270016
5.132229
5.755721
5.649964
5.487244
5.542965
5.474306
5.509289
5.456139
5.586864
5.358248
5.782471
5.621288
5.558228
5.446769
5.709194
5.424502
5.557483
5.644107
5.395174
5.028236
5.402861
5.268313
5.636844
5.370547
6.037452
5.699042
5.702681
5.825042
5.578433
5.391766
5.239294
5.370665
5.247743
5.476846
5.579252
5.906075
5.625015
5.853455
5.753846
5.314779
5.364775
5.349410
5.296478
5.063816
5.200642
5.465813
5.510998
5.812881
5.448880
5.426597
5.197160
5.729541
5.610285
5.157639
5.214187
5.563740
5.610469
5.697490
5.358125
5.653200
5.717386
5.650143
5.276867
5.726064
5.417828
5.777618
5.326629
5.371355
5.254174
5.316233
5.223660
5.386312
5.609163
5.458357
5.503971
5.832506
5.434714
5.208569
5.328321
5.376066
5.484300
5.372618
5.304137
5.158136
5.441773
4.939758
5.097344
5.185521
5.293912
5.217119
5.360121
5.508339
5.291450
5.385527
5.233049
5.577598
5.521061
5.753037
5.416232
5.235759
5.360760
5.150286
5.243375
5.084105
5.027040
5.429526
5.644280
5.531311
5.742458
5.928205
5.517679
5.697189
5.702377
5.537327
5.329719
5.313665
5.556312
5.465232
5.533976
5.428624
5.591730
5.791597
5.694300
5.711467
5.386749
5.359312
5.317817
4.933193
4.842786
4.986955
4.917092
5.037611
5.529929
5.707478
5.625034
5.558778
5.554796
5.376058
5.224317
5.470433
5.585805
5.263821
5.372894
5.252335
5.169557
5.380762
5.285329
5.459473
5.540336
5.616627
5.596541
5.675251
5.204201
5.297827
4.973749
5.270599
5.264322
5.385277
5.446474
5.405076
5.095602
5.391312
5.335085
4.800649
5.032516
5.412314
5.826424
5.538557
5.624187
5.610099
5.699446
5.622881
5.391368
5.417147
5.342068
5.285441
5.352856
5.215577
5.283747
5.000792
5.088443
5.257115
5.456557
5.078605
5.607186
5.339507
5.490841
4.973834
5.320241
5.247696
5.221044
5.305064
5.728755
5.624834
5.497695
5.501226
5.144655
5.251527
5.318694
5.238346
5.379879
5.144642
5.251307
5.513550
5.542216
5.453467
5.286093
5.065968
5.071052
5.421160
5.447621
5.490765
5.375835
5.599435
5.970487
5.842565
5.544054
5.370443
5.531171
5.389082
5.203308
5.482094
5.356830
5.450211
5.584707
5.512455
5.799186
5.628219
5.132859
5.272777
5.080375
5.267501
5.476084
5.365897
5.194115
5.197144
5.193524
5.269391
5.234974
5.556846
5.707782
5.824811
5.586360
5.757634
5.320937
5.469157
5.505312
5.581992
5.743324
5.290444
5.573702
5.576348
5.718134
5.362149
5.630093
5.669284
5.329296
5.497002
5.598287
5.726031
5.521724
5.713432
5.202151
5.433959
5.629547
5.384163
5.736455
5.640156
5.250672
5.437299
5.581464
5.879240
5.635639
5.589679
5.521620
5.671284
5.468045
5.582726
5.590064
5.320586
5.510783
5.575754
5.713554
5.822067
5.344814
5.198678
4.902647
4.821963
5.324223
5.206871
5.247935
5.255188
5.432374
5.828868
5.668770
5.825632
5.397472
5.455126
5.523702
5.208224
5.176881
5.127772
5.243959
5.232768
5.264806
5.467922
5.406586
5.203962
4.964281
5.192965
5.430775
5.572584
5.478130
5.548833
5.521826
5.799199
5.671464
5.795275
5.652840
5.226962
5.510196
5.309713
5.393185
5.118760
4.749929
5.131271
5.366198
5.571191
5.857912
5.177263
5.463311
5.533165
5.553260
5.487720
5.571601
5.227787
5.160405
5.014079
5.385756
5.677101
5.140389
5.282649
5.597219
5.336448
5.432391
5.128614
5.281990
5.228237
5.396702
5.146831
5.533293
5.385784
5.356991
5.748284
5.689948
5.823930
5.634365
5.881450
5.678633
5.282237
5.229629
5.317018
5.021013
5.404354
5.577687
5.427372
5.074016
5.235457
5.877931
5.471906
5.560482
5.315455
5.320524
5.134986
5.360631
5.898630
5.743208
5.860092
5.547021
5.770430
5.486470
5.406405
5.315906
4.970415
4.777688
5.078136
5.276348
5.232791
5.268171
5.639710
5.298912
5.459447
5.159367
5.379937
5.302181
5.347549
5.515768
5.441081
5.760186
5.762518
5.835948
5.883638
5.553922
5.531203
5.417038
5.443818
5.542652
4.854675
5.023865
5.486580
5.540409
5.464000
5.321594
5.618236
5.522708
5.243710
5.743524
6.023818
5.485930
5.368584
5.251692
5.352382
5.421900
5.363041
5.542890
5.803964
5.804697
5.326160
5.313369
5.454539
5.499504
5.291019
5.475191
5.188213
5.363998
5.460905
5.032135
4.996726
5.159008
4.931516
5.095201
5.207501
5.507652
5.478589
5.522060
5.129343
5.586335
5.683839
5.578644
5.707852
5.793565
5.909392
5.444616
5.756479
5.575449
5.391795
5.309016
5.100244
5.090452
5.038360
5.202226
4.905956
5.100901
5.278531
5.227590
5.305757
5.521639
5.413049
5.752174
5.691004
5.217474
5.196171
5.072116
5.313147
5.302173
5.499416
5.404336
5.451350
5.305767
5.058390
5.352460
5.433778
5.139233
5.538529
5.608624
5.503755
5.508473
5.231677
5.295178
5.312416
5.473960
5.433648
5.699577
5.512258
5.500830
5.449438
5.788999
5.801042
5.840955
5.947376
5.945279
5.775470
5.662932
5.760548
5.569995
5.353360
5.265776
5.177610
5.174296
5.473682
5.148338
5.379097
5.342822
5.333147
5.513921
5.388457
5.419735
5.452102
5.360790
5.231426
5.451678
5.571199
5.635741
5.197811
5.182134
4.829423
5.017286
5.158879
5.227777
5.285546
5.234605
5.334450
5.446262
5.473294
5.242831
5.145061
5.402677
5.306432
5.152416
5.313840
5.310338
5.644033
5.607225
5.796017
5.778567
5.314497
5.393624
5.219654
5.226697
5.256981
5.511486
5.232195
5.326476
5.268198
5.280228
5.639519
5.536125
5.686396
5.264127
4.837574
5.044966
5.486168
5.375737
5.439290
5.611216
5.536105
5.800556
5.368533
5.342826
5.502416
5.472180
5.690792
5.593018
5.758058
5.787046
5.427704
5.415738
5.175379
4.980787
5.308108
5.005823
5.158089
5.441977
5.528712
5.515910
5.406908
5.333108
5.563681
4.971641
4.852957
4.828797
5.025494
5.233241
5.246490
5.284711
5.528501
5.353348
5.440591
5.736712
5.440143
5.382937
5.349773
5.141440
5.171098
5.173119
4.987219
5.356400
5.058375
5.401767
5.176616
5.286820
5.688644
5.536495
5.492542
5.350315
5.822765
5.240219
5.236474
5.145872
5.049726
5.089683
5.222117
5.220979
5.081873
5.258170
5.316397
5.487994
5.441395
5.549336
5.478703
5.541293
5.588890
5.018332
5.164118
5.019813
5.491443
5.405522
5.464081
5.345154
5.409210
5.501397
5.751885
5.780085
5.546713
5.544797
5.143872
5.071647
5.303322
5.059126
4.880412
5.100045
5.127895
5.567264
5.476398
5.063543
5.439153
4.941094
5.995734
5.854088
5.657485
5.288174
5.725366
5.573755
5.221201
5.146286
5.325346
5.083762
4.823801
4.888289
5.205353
5.159258
5.676035
5.945818
5.227011
5.191670
5.226249
5.012920
5.157117
5.214908
5.351283
5.498504
5.281236
5.457757
5.395642
5.720616
5.586960
5.556748
5.376807
5.250248
5.211263
5.231845
5.097282
5.016095
5.219468
5.153819
5.361629
5.358545
5.575847
5.826984
6.299695
5.653809
5.743064
5.571344
5.131840
5.120994
5.306811
5.019133
5.287700
5.380858
5.174630
5.496867
5.693263
5.617398
5.674000
5.803447
5.747553
5.542126
5.370117
5.266993
5.626510
5.578325
5.766044
5.696416
5.701551
5.752024
5.782582
5.963688
5.750237
5.746075
5.599532
6.048775
5.976636
5.568076
5.457991
5.305680
5.462231
5.624417
5.675427
5.336356
5.198963
5.360760
4.903888
4.921846
5.081594
5.059836
5.216138
5.391630
5.909166
5.409083
5.700724
5.676372
5.700660
5.355320
5.432543
5.536125
5.281148
5.041216
5.314236
5.396890
5.467861
5.130426
5.204954
5.220342
5.662715
5.652436
5.852602
5.653318
5.824701
5.608572
5.578398
5.347368
5.431210
5.352912
5.148606
5.260757
5.471269
5.031898
5.004881
5.224821
5.231255
5.251082
5.339538
5.405934
5.312263
5.513321
5.425678
5.532233
5.342756
5.571448
5.832421
5.839087
5.804402
5.763781
5.920494
5.917887
5.635323
5.475180
5.537922
5.278862
5.257996
5.184502
5.177795
5.199397
5.149416
5.283726
5.239904
5.334222
5.556787
5.215857
5.127531
4.780652
5.084984
4.981076
5.651988
5.608610
5.741467
5.377284
5.346151
5.299445
5.375623
5.340553
5.085471
4.903580
4.994741
5.020348
5.452134
5.388302
5.686082
5.098564
5.284015
5.192169
5.309973
5.408706
5.584249
5.548072
5.605509
5.668466
5.294861
5.377350
5.618837
5.654279
5.420095
4.765951
5.225482
5.338768
4.848389
5.180297
5.363414
5.294702
5.042074
5.042556
5.273053
5.423940
5.421918
5.517213
5.325079
5.099406
5.166584
5.121937
5.020068
5.064537
5.314510
5.958239
5.815395
5.634476
5.577031
5.786567
5.504030
5.766515
5.594327
5.560599
5.059821
5.414788
5.130125
5.427299
5.358327
5.360797
5.685603
5.482866
5.521925
5.608557
5.849490
6.125364
6.065201
5.907533
5.527516
5.463194
5.474484
5.593606
5.416522
5.350256
5.405293
5.436057
5.483555
5.536505
5.597870
5.773954
5.689458
5.622242
5.411729
5.357696
5.634639
5.721887
5.274724
5.482310
5.420710
5.162993
5.027639
5.514475
5.548728
5.760085
5.449878
5.591339
5.585756
5.585260
5.355771
5.298465
5.538666
5.507722
5.204289
5.254620
5.134211
5.243538
5.267034
4.669825
4.872012
4.839013
4.997215
4.805131
4.989993
5.332927
5.024823
5.062202
4.980299
5.295214
5.549184
5.319050
5.522550
5.136149
5.286138
5.562835
5.744691
5.528159
5.354199
5.427420
5.139054
5.379342
5.475594
5.477724
5.338855
4.954385
5.441100
5.501124
5.769953
5.664978
5.476990
5.130334
5.152479
5.166837
5.178037
5.237470
4.954956
5.011495
4.968310
4.845934
4.873687
5.056960
5.376581
5.185920
5.677366
5.264507
5.328416
5.504514
5.289813
5.166741
5.344582
4.931381
4.902266
4.939930
4.998685
5.712705
5.948494
5.672352
5.822293
5.183206
5.129740
4.905503
5.494367
5.594647
5.692302
5.304285
5.374309
5.160048
4.834258
5.204782
5.538698
5.553288
5.288200
5.378935
5.289518
5.157684
4.734856
4.969554
5.333843
5.296118
5.511711
5.959506
5.821181
5.505078
5.468830
5.443789
5.413044
5.622761
5.668200
5.660733
5.260572
5.249642
5.169035
5.436887
5.255168
5.220069
5.347058
5.342129
5.488187
5.700215
5.831268
5.153821
5.065257
5.967684
5.559494
5.298211
5.708286
5.180420
5.559082
5.381910
5.681497
5.497706
5.504628
5.137705
5.212957
5.261141
5.679993
5.433556
5.139985
5.419981
5.260367
5.142525
5.481802
5.613662
5.254962
5.344464
5.358710
5.345710
5.235283
5.353282
5.288084
5.380815
5.265371
5.176894
5.514649
5.479478
5.351892
5.839106
5.680755
5.578820
5.546277
5.251233
5.561007
5.287976
5.113278
5.367496
5.385936
5.437015
5.365192
5.369364
5.450789
5.170386
4.958023
5.035266
5.167277
5.276473
5.563095
5.542059
5.499447
5.706603
5.957948
5.620385
5.544696
5.666277
5.412294
5.506799
5.426638
5.644933
5.602737
5.150169
5.056147
5.040955
5.236573
5.152287
5.444996
5.159572
5.354263
5.337288
5.307137
5.063239
5.256289
5.235496
5.483199
5.568729
5.489199
5.462728
5.400215
5.297478
5.726937
5.674433
5.014606
5.123064
5.207614
5.106339
5.497160
5.512312
5.673347
5.620147
5.567027
5.532601
5.680084
5.439651
5.244226
4.963184
5.325152
5.051315
5.365247
5.739756
5.563605
5.616983
5.471517
5.280867
4.949515
5.302586
5.285037
5.525203
5.437428
5.744883
5.675107
5.686478
5.240342
5.066950
5.160965
4.969949
5.443854
5.746977
6.247386
5.653728
5.476844
5.785393
5.943136
5.674494
5.470816
5.424729
5.317764
5.488786
5.460480
5.422416
5.305493
5.190590
5.470379
5.779818
5.933949
6.070772
5.984026
5.763450
5.432819
4.899316
5.194380
5.437938
5.583947
5.484679
4.994469
4.895606
5.291458
5.060164
5.056471
5.024503
4.954581
5.308928
5.674090
5.648080
5.455396
5.738043
5.469392
5.226121
5.761757
5.915045
5.939540
5.548522
5.425991
5.439629
5.493794
5.259097
5.384019
5.149190
5.130380
5.336020
5.225358
5.634182
5.448455
5.232248
5.574732
5.279388
5.490151
5.123202
5.205349
5.237360
5.679074
5.461651
5.650829
5.879087
5.597244
5.427289
5.384931
5.198018
5.249685
5.708439
5.655054
5.504279
5.482154
5.319362
5.516871
5.509612
5.513665
5.405824
5.624572
5.786098
5.209762
5.291987
5.385610
5.260937
5.726546
5.533382
5.638148
5.687949
5.771235
5.519412
5.631832
5.243222
4.964165
5.169609
4.892182
5.107673
5.486423
5.301854
5.162916
4.947628
5.274544
5.355748
5.357073
5.129721
5.283297
5.498025
5.366945
5.230155
5.282239
5.366902
5.342064
5.268742
5.166151
5.160941
5.234535
5.147249
5.179361
5.329044
5.065311
5.863498
5.710517
5.888388
5.407206
5.206158
5.672888
5.342073
5.117454
5.075852
5.016799
5.098436
5.405213
5.346130
5.676465
5.159272
4.984754
5.387722
5.161253
5.523197
5.552978
5.033701
5.297535
5.414974
5.602604
5.433883
5.269454
5.144113
5.420723
5.434870
5.487981
5.374565
5.267237
5.322167
5.174743
5.363443
5.521881
5.394711
5.263237
5.184047
5.218293
5.399252
5.423248
5.438927
5.896740
5.714202
5.425438
5.370699
5.327875
5.253604
5.268353
5.284881
5.228915
5.606131
5.411813
5.325527
5.291284
5.397632
5.607110
5.691474
5.588389
5.612610
5.989226
5.521466
5.430950
5.457005
5.433171
5.796896
5.645189
5.378824
5.360695
5.325161
5.258090
5.653667
5.697555
5.508100
5.575514
5.571750
5.922289
5.458710
5.611062
5.693526
5.244332
