534.747831
539.909386
546.026205
544.445461
537.641838
516.298288
539.088938
536.411606
530.113585
544.288535
537.098385
516.006276
537.668078
536.577291
530.636386
550.924120
537.772188
533.457749
553.060706
540.259753
530.674286
550.807546
538.178109
535.052178
553.644266
540.909891
531.184900
540.085566
538.304423
539.290271
535.893414
541.574276
544.416615
539.374632
537.292226
539.621395
536.832291
542.131529
543.906653
545.013618
538.978196
515.619773
538.052295
538.379778
530.933569
545.522641
539.558782
516.401924
539.064167
537.978066
530.122575
550.240800
537.862876
537.113830
554.931065
544.341517
532.801307
551.581275
538.233268
537.983028
554.397459
543.860112
532.911645
540.229040
537.194148
536.551840
536.668972
541.701386
545.689910
539.989640
537.452303
537.206075
536.934498
542.497506
545.077991
545.045702
540.304824
518.321056
536.526862
534.297721
529.354131
545.600399
540.724921
517.194109
537.549118
536.634021
530.095364
550.468858
537.618265
536.057494
554.053526
543.441949
532.920822
550.665107
538.178654
536.271605
554.506693
543.543981
533.809806
540.254350
536.902279
535.620314
537.132817
540.958214
544.492238
541.006093
538.319137
536.786461
537.621491
539.726369
543.932218
544.617983
539.292653
516.820251
536.638513
533.831357
527.801708
544.464357
538.818770
516.600929
536.183562
533.050375
527.872922
551.292150
538.742951
538.895201
556.927963
545.603308
534.874526
550.912057
537.517519
538.812638
556.737056
545.410841
533.666642
540.081729
537.104034
538.039263
538.844322
542.523652
544.925051
540.452509
537.161172
537.793497
538.795643
543.237927
546.944941
542.954108
537.070225
515.372885
535.909928
533.453299
528.772765
542.050682
536.681266
515.801397
535.390327
534.011723
529.742057
550.079267
537.121969
537.601839
558.069542
546.122321
535.877963
550.362019
537.461645
538.884384
557.800617
546.704726
534.946760
539.957184
536.222793
536.349100
540.703306
541.502156
543.297098
539.719090
537.120771
536.719296
541.580380
541.530188
543.764898
542.279081
535.147442
514.802828
536.491008
535.354527
529.562511
541.361352
535.303132
514.870089
536.548997
535.180139
529.499522
551.651925
538.882444
540.006511
557.634099
547.932682
538.188019
552.431097
539.099707
537.079204
558.048996
546.599269
536.229975
539.049955
536.410276
537.150237
540.471766
542.730555
542.677720
537.988219
536.730022
537.306521
540.092313
541.232583
543.180632
542.007638
535.987909
515.782243
538.791174
536.696420
529.518789
541.607836
535.489786
516.416948
537.901234
535.654059
528.635230
550.408763
537.494153
537.611148
557.611244
545.883762
536.007752
548.997584
536.851665
538.341879
557.452780
545.985935
534.998750
538.749871
536.574662
537.510420
541.237671
540.437908
541.713830
538.076882
536.504001
536.916416
541.090813
541.137355
541.170308
541.770231
535.825682
514.509280
538.180873
535.656129
527.370043
541.872800
535.591523
514.320715
538.296985
535.860940
528.212112
549.153994
536.981119
537.759277
556.574263
545.765889
535.306562
548.953288
536.081309
537.209729
556.870459
545.697425
535.225513
538.188661
537.164749
536.724792
541.815954
542.634271
542.463705
537.272124
537.140257
536.208028
542.685999
543.893817
542.893823
541.130943
535.638038
514.118216
537.885935
535.140343
528.581292
540.734204
535.644965
514.009989
538.003472
534.966592
527.773209
548.708457
536.100538
536.355768
557.801356
546.238625
535.067420
549.602345
536.670881
537.052394
556.962944
544.999063
534.213310
538.956351
538.537884
535.542859
543.484527
545.384979
543.623839
538.145788
537.903359
535.101696
543.554632
545.027852
544.728186
542.306315
537.131873
513.043982
538.437813
533.971538
527.076287
542.717227
537.744945
514.823572
539.394242
534.892094
526.634009
549.432157
535.780426
536.187506
557.203597
543.690230
535.020766
549.019534
536.597571
534.792674
555.788066
541.898453
533.642317
537.329938
536.104736
534.202621
541.520942
542.031965
546.288361
537.625671
536.499541
534.340109
541.260389
541.709616
544.467311
542.456418
537.418736
513.741642
537.788748
536.819051
527.761950
542.452465
537.032413
512.305177
537.334683
536.315814
527.879177
550.041120
536.243673
534.633002
557.450994
541.252508
531.130139
550.121748
537.360900
535.566791
556.941992
541.145769
532.005561
538.270362
536.407860
534.333606
541.260465
543.598445
545.952619
538.004352
536.770957
535.569685
541.775626
543.646417
547.143033
543.555811
538.529957
513.490685
537.082073
539.165374
528.823734
543.616453
537.566190
513.202034
537.577767
539.299651
528.535026
547.267377
535.296380
536.695780
554.873568
542.805542
531.351466
548.402111
537.649093
540.192420
555.589810
542.768913
532.027166
540.370147
537.263402
534.679190
541.164037
544.215398
547.373943
539.468176
536.869699
534.927047
541.806535
545.783389
547.077319
545.777112
539.538625
516.504315
538.832295
540.143610
529.555190
547.015671
540.329693
516.829871
537.097713
537.713936
527.450704
547.883753
537.455416
540.985412
555.856747
541.392680
531.522659
547.942585
538.555585
541.027830
556.416301
541.843081
531.757333
539.389276
536.961698
535.839487
541.963109
545.295684
546.298760
539.435481
537.206059
536.029100
541.228557
544.593436
545.984259
547.455025
539.248678
515.394226
535.961309
537.465214
529.342449
547.261133
540.582023
516.767771
