5.755231
5.585770
5.509644
5.518552
5.946316
5.854354
5.700983
5.862578
5.577802
5.223732
5.206653
5.222290
5.307487
5.407295
5.287222
5.438578
5.261911
5.287158
5.403286
5.361300
5.194942
5.427144
5.538316
5.197499
4.777108
5.300072
5.112317
5.446698
5.357136
5.429839
5.385406
5.166806
5.288700
5.053522
5.245805
5.295945
5.073550
5.379355
5.542817
6.056609
5.883360
5.351165
5.336962
5.019688
5.590796
5.624455
6.022524
5.979624
5.879658
5.728495
5.728000
5.678545
5.476770
5.130739
5.309359
5.330059
5.392878
5.471445
5.489511
5.269324
5.267787
5.779396
5.377847
5.176861
5.746555
5.755725
5.902418
5.542266
5.378154
5.406965
5.572303
5.392973
5.772686
5.754341
5.501953
5.468264
5.400813
5.180246
4.963972
5.254073
5.583136
5.210456
5.566332
5.414424
6.055917
6.034645
5.609928
5.700811
5.966998
5.910719
5.899707
5.797805
5.716639
5.569537
5.418939
5.360694
5.260985
5.053478
5.284523
5.200547
5.240288
5.403398
5.327405
5.731337
5.651932
5.686912
6.075798
6.013403
5.632847
5.718420
5.685191
5.179015
5.468250
5.123504
5.026825
5.372096
5.456302
5.369804
5.389890
5.251561
5.689085
5.585029
5.338492
5.292109
5.302729
5.430071
5.416480
5.618971
5.515765
5.677784
5.602111
5.468560
5.436803
5.495399
5.282346
5.698230
5.307973
5.257435
5.513190
5.618588
5.681822
5.995324
5.483748
5.170301
5.434261
5.205783
5.081867
5.450449
5.497890
5.455416
5.291836
5.256753
5.487348
5.586677
5.634459
5.717695
5.212771
5.252441
5.229964
5.157633
5.170945
5.319609
5.490881
5.100999
5.303384
5.386457
6.068847
5.534463
5.755015
5.733883
5.471906
5.374600
5.705276
5.932351
5.593378
5.629630
5.439150
5.248385
5.335604
5.360182
5.535545
5.463375
5.421030
5.644888
5.713003
5.815787
5.667954
5.217532
5.087600
5.209083
5.126546
5.017107
4.748915
4.823144
4.991393
5.136800
5.061494
5.387897
5.384300
5.582544
5.591169
5.704574
5.402751
5.179528
5.044334
5.889097
5.750804
5.741182
5.786938
5.354033
5.726177
5.700575
5.311781
5.393721
5.498168
5.347368
5.291440
5.422156
5.201991
5.454325
5.365182
5.718037
5.924084
5.820135
5.560648
5.535986
5.312898
5.379458
5.407150
5.258520
5.238023
5.198267
5.257259
4.833176
4.656888
4.618918
5.128266
5.043070
5.325258
5.582553
5.866975
5.662006
5.365007
5.467439
5.628957
5.304588
5.220376
5.554099
5.378028
5.551965
5.464221
5.104315
5.142278
5.120846
5.194345
5.426549
5.263748
5.173448
5.518269
5.472876
5.100935
5.235676
5.313979
5.551982
5.617435
5.475819
5.261157
5.604597
5.895628
5.834190
5.374541
5.366125
5.257242
5.404598
5.670480
5.628940
5.391019
5.456366
5.596339
5.777657
5.448278
5.487631
5.291604
5.354114
5.264174
5.491657
5.245353
5.081086
5.238046
5.484596
5.359637
5.147543
5.570079
5.553654
5.516640
5.488742
5.459233
5.480840
5.445042
5.643331
5.743366
5.668975
5.597579
5.658174
5.675029
5.588183
5.836472
5.481551
5.546961
5.379604
4.932675
5.542951
5.712910
5.643915
5.837339
5.310290
5.106154
5.560088
5.539108
5.302840
4.991630
5.025930
5.245404
4.975948
5.122193
5.214262
5.310732
5.093639
5.447298
5.483587
5.462588
5.669988
5.196464
5.031802
5.062029
4.861897
4.829956
5.535651
5.637336
5.523331
5.670765
5.466007
5.637042
5.708271
5.778663
5.770266
5.249672
5.411427
5.358379
5.050391
5.176550
5.662749
5.698191
5.585787
5.730618
5.660351
5.670805
5.680044
5.445347
5.396967
5.292793
5.579714
5.557467
5.483306
5.230922
5.188016
5.356251
5.963884
5.624211
5.770004
5.579732
5.558328
5.418244
5.502216
5.698524
5.417814
5.202027
5.299395
5.178816
5.460632
5.572256
5.568074
5.481411
5.353827
5.638591
5.273537
5.282431
5.786829
5.962462
5.918065
5.129529
5.558984
5.492495
5.256443
5.221724
5.604215
5.532818
5.401204
5.445122
5.532093
5.213610
5.308162
5.357859
5.534772
5.826309
5.528004
5.286675
5.236720
5.423175
5.412796
5.645247
5.438417
5.576458
5.394537
5.569374
5.473485
5.201386
5.422863
5.309219
5.108386
4.996805
5.474317
5.542730
6.069343
5.507391
5.473159
5.677909
5.652908
5.245846
5.640166
5.241284
5.385432
5.627262
5.685257
5.729275
5.805093
5.340894
5.283622
5.143417
5.428077
5.501003
5.354901
5.163577
5.363596
5.509389
5.234036
5.190002
5.215396
5.252381
5.438460
5.180515
5.066514
5.079353
5.233078
5.042400
5.045599
4.878236
5.183855
5.160854
5.290642
5.018572
5.032765
5.262331
5.627029
5.404440
5.241539
5.313003
5.656973
5.598000
5.654200
5.489023
5.696260
6.011036
5.444210
5.598003
5.579697
5.764105
5.452510
5.195758
5.377940
5.264909
5.389109
5.527230
5.840090
5.992240
6.230975
5.637816
5.546894
5.455270
5.326589
5.097515
5.348882
5.445327
5.106615
5.076159
5.295934
5.621685
5.343865
5.321768
5.386635
5.606940
5.370686
5.705405
5.756418
5.636319
5.702835
5.624770
5.597158
5.502053
5.725438
5.788103
5.902798
6.030510
5.661487
5.444251
5.336345
5.357653
5.786589
5.783838
5.738161
5.714319
5.693762
5.567888
5.554928
5.617482
5.701533
5.670087
5.987023
5.730168
5.631990
5.277181
5.367422
5.186021
5.430674
5.399076
5.408537
5.453904
5.519349
5.516615
5.649603
5.459307
5.913507
5.219967
5.437713
5.306229
5.468160
5.325207
5.308727
5.279000
5.204063
5.356615
5.653508
5.342962
5.123841
5.090740
5.422585
5.393411
5.584004
5.396186
5.353704
5.126577
5.412146
5.861040
5.366312
5.741222
5.790267
5.646622
5.946474
5.507433
5.545235
5.037781
5.386039
5.659756
5.914243
5.681519
5.621829
5.527385
5.496455
5.531294
5.781917
5.766647
5.510277
5.476061
5.742462
5.810598
5.862631
5.741312
5.543936
5.417537
5.018374
5.204233
5.362888
5.550615
5.793747
5.831475
5.414552
5.698435
5.105699
5.335329
5.424470
5.836891
5.290955
5.502509
5.709585
5.457940
5.373910
5.472108
5.686882
5.546064
5.492779
5.350706
5.360215
4.789192
4.802424
5.122046
5.672213
5.574772
5.399432
5.495598
5.767184
5.469908
5.474015
5.734917
5.211505
5.382233
5.342459
5.267250
5.297121
5.337731
5.317814
5.308741
5.339047
5.187036
5.314764
5.195074
5.551750
5.386936
4.964246
4.914622
4.991520
5.403735
5.435206
5.088735
5.125920
4.874424
5.161683
4.783242
5.154792
5.137404
5.465039
5.208369
5.611882
5.504272
5.293055
5.305933
5.562345
4.987576
4.716038
5.445433
5.502870
5.407094
5.591684
5.579741
5.699703
5.506273
5.450961
5.492480
5.499068
5.530451
4.914927
5.128105
5.189781
4.891961
5.173831
5.261345
5.525447
5.362307
5.233309
5.054935
5.526229
5.459483
5.538585
5.614107
5.733065
5.890340
5.740407
5.681238
5.640135
5.408170
5.514917
5.571237
5.291785
5.329792
5.505411
5.287452
5.136869
5.461761
5.543589
5.502207
5.262588
5.445185
5.438883
4.993039
5.208121
5.377938
5.310113
5.610785
5.485823
5.466194
5.349884
5.209407
5.333135
5.709359
5.538475
5.649924
5.381993
5.420572
5.381719
5.416177
5.288856
5.486539
5.276892
5.043192
5.343425
5.453090
5.296929
5.426556
5.586468
5.545481
5.940232
5.768732
5.969011
5.681028
5.606652
5.510636
5.204686
5.330099
5.520521
5.513992
5.645210
5.274499
5.203917
5.244291
5.519440
5.578228
5.693574
5.466066
5.579768
5.636660
5.282769
5.306858
5.384913
5.599638
5.770607
5.508975
5.197922
5.269134
5.136264
5.640813
5.357011
5.644078
5.673562
5.679903
5.565096
5.720618
5.793578
5.617052
5.530043
5.561922
5.187861
5.199046
5.282585
5.386536
5.385565
5.454888
5.516594
5.559122
5.725232
5.706775
5.680852
5.917579
5.391953
5.402370
5.301551
5.382697
5.340188
5.288140
5.123154
5.033656
5.289955
5.543941
5.748113
5.318694
5.543337
5.500539
5.544682
5.704051
5.179047
5.313588
5.547777
5.487174
5.568866
5.501694
5.504447
4.703145
4.816669
5.000595
5.238343
5.151875
5.677085
5.580787
5.081615
5.316288
5.504601
5.625204
5.191841
5.433562
5.269185
5.708252
5.453153
5.384888
4.918207
4.978004
5.386872
5.794325
5.581457
5.413583
5.383019
5.663682
5.704037
6.041720
5.677576
5.416854
5.655011
5.325897
5.061762
5.375031
4.787283
4.994050
5.383603
5.507013
5.615540
4.910783
4.949803
4.962019
5.048517
5.119761
5.703038
5.630972
5.568509
5.230287
5.302567
5.548127
5.230837
5.200411
5.106645
5.356877
5.456629
5.389925
5.136454
5.411513
5.277842
5.127155
4.631079
4.769725
5.007500
4.895093
5.309771
5.193602
5.254310
4.997611
4.918798
5.046223
5.459243
5.659840
5.305630
5.318902
5.389038
5.676244
5.640526
5.579819
5.525669
4.992672
5.564552
5.110854
5.327253
4.999785
5.135479
5.436469
5.138082
5.468693
5.421276
5.530262
5.661261
5.652499
5.620174
5.028781
5.177509
5.203115
5.170347
5.546063
5.414617
5.203102
5.001606
5.570516
5.555134
5.478106
5.380459
5.208601
5.552943
5.675784
5.792631
4.902647
5.126609
4.978316
4.704651
5.396120
5.266830
5.088207
5.548170
5.336572
5.298470
5.327410
4.947072
5.242178
5.294048
5.966317
5.922930
5.693439
5.366279
5.581754
5.367438
5.314669
5.416539
5.352099
5.852875
5.836133
5.416735
5.609401
5.635856
5.330075
5.157664
5.301899
5.496838
5.365736
5.305202
5.398103
5.354388
5.271278
5.309781
5.240506
5.213868
5.322658
5.203497
5.292196
5.218849
5.354679
5.552202
5.546528
5.123578
5.822487
5.577397
5.525436
5.496249
5.259290
5.641722
5.530817
5.618733
5.739355
5.912870
5.740128
5.482274
5.498393
5.487028
5.182764
5.301976
5.441084
5.507555
5.644979
5.770389
5.620777
5.275738
5.251339
5.185795
5.363753
5.327735
5.648173
5.345115
5.344433
5.432913
4.998467
5.261667
5.185282
5.772887
5.466067
5.710376
5.697280
5.135789
4.986019
4.943173
5.400003
5.616951
6.204684
6.048556
6.027211
5.720054
5.560262
5.109508
4.994946
4.976054
5.196691
5.297835
5.483058
5.381282
5.269639
5.425745
5.678159
5.556703
5.416850
5.570662
5.750106
5.757123
5.807868
5.535738
5.476326
5.345145
5.327562
5.338032
5.332236
5.330130
5.438827
5.705292
5.571737
5.419329
5.658279
5.607450
5.426576
5.640527
5.934474
6.038139
5.824744
5.886340
6.018450
5.879721
5.888047
5.829335
5.600307
5.459169
5.266477
5.397061
5.424136
5.385321
5.420204
5.585350
5.632034
5.503554
5.320102
5.011674
5.235299
5.323047
5.070613
5.295739
5.516486
5.511930
5.605971
5.573441
5.356436
5.443432
5.410166
5.749219
5.516959
5.495423
5.441942
5.088419
5.202037
4.829575
5.443902
5.601496
5.700104
5.451536
5.425396
5.507771
5.764668
5.659051
5.240522
5.098966
5.167133
5.561194
5.539564
4.815808
5.027970
5.044460
5.340833
5.200946
5.343818
5.271364
5.549230
6.037291
5.490785
5.484782
5.785489
5.682107
5.761942
5.657880
5.316421
5.573995
5.342763
5.402718
5.429840
5.221140
5.216332
5.724797
5.303642
5.218645
5.547957
5.525188
5.445923
5.369916
5.467568
5.613982
5.688638
5.740388
5.503689
5.456198
5.571010
5.587995
5.466002
5.447161
5.154492
5.558743
5.176297
5.054014
5.262700
5.490629
5.389489
5.269535
5.411990
5.598179
5.637902
5.399569
5.090836
5.070046
5.229951
5.374732
5.546522
5.293881
5.387011
5.462352
5.281443
5.083352
5.359480
5.276015
5.516928
5.339364
5.452261
5.681674
5.417389
5.915473
5.535127
5.264167
5.415095
5.487938
5.152189
5.358177
5.572771
5.711956
5.576538
5.190324
5.134532
4.776473
4.896519
5.057559
5.302312
5.056153
5.016518
4.897930
5.400696
5.415059
5.329346
5.412051
5.463493
5.649650
5.826701
5.861595
5.714090
5.723935
5.916335
5.523915
5.574161
5.396192
5.305835
5.420857
5.437264
5.493058
5.468713
5.233615
5.464559
5.341500
5.131813
5.128607
5.270774
5.305063
5.546345
5.810349
5.923308
5.643271
5.678946
5.644196
5.583377
5.515501
5.842597
5.753925
5.548253
5.272671
5.372295
5.404478
5.205885
4.893899
4.976081
4.933377
5.407982
5.379059
5.418177
5.390150
5.148528
5.125271
5.057751
5.085951
5.097841
5.196111
5.127600
4.871051
5.211667
5.199077
5.044610
5.103988
5.457447
5.316075
5.475431
5.629420
5.476162
5.470243
5.264189
5.653437
5.645255
5.521556
5.660715
5.779212
5.668856
5.421270
5.500389
5.277477
5.202185
4.989135
5.144213
5.461931
5.668311
4.994087
5.153174
5.436133
5.457281
5.595465
5.381300
4.920102
5.090918
5.373163
5.812915
5.550207
5.568413
5.697011
5.483201
5.303926
5.525943
5.205074
5.481435
5.543697
5.490535
5.405352
5.256591
5.556690
5.280659
5.082918
5.171923
5.816869
5.383906
5.409819
5.173949
5.166993
5.401902
4.934341
5.111386
5.199758
5.776263
5.386003
5.446013
5.506477
5.661000
5.544876
5.561507
5.580838
5.740211
5.521065
5.358755
5.471346
5.579595
5.999729
5.837030
5.456651
5.715486
5.486419
5.361063
5.221470
5.594885
5.488118
6.072351
5.790753
5.939482
5.892541
5.917198
5.252646
5.371362
5.419824
5.387934
5.302406
5.202579
5.318080
5.179800
5.306976
5.372984
5.489690
5.505937
5.563548
5.871210
5.668508
5.636878
5.071814
5.010117
5.356040
5.406502
5.496234
5.339556
5.431903
5.492328
5.382514
5.506670
5.742251
5.625724
5.200368
5.147554
5.179821
5.183236
5.204903
5.147767
4.979756
5.234747
5.212463
5.522176
5.537280
5.381692
5.566946
5.530642
5.366061
5.659603
5.371752
5.367935
5.320135
5.492431
5.534791
5.817619
5.605694
5.686849
5.493829
5.807925
5.929518
4.974649
5.333444
5.466284
5.856371
5.615924
5.583669
5.297752
5.327641
5.253807
5.373561
5.182069
5.228909
5.159645
5.400478
5.564687
5.498970
5.349375
5.324164
5.505363
5.689003
5.071078
5.289480
5.239957
5.715595
5.434827
5.199710
5.335469
5.320486
5.115439
5.325267
5.467956
5.217718
5.289431
5.509634
5.344641
5.512112
5.422161
5.311081
5.197732
5.352219
5.800748
5.347544
5.342931
5.358690
4.786871
4.897816
5.132773
4.973198
5.086960
5.266671
5.427951
5.311180
5.101167
4.926717
5.347863
5.265835
5.373674
5.216715
5.492689
5.395446
5.297517
5.268136
5.612211
5.456858
5.700554
5.282984
5.582411
5.795102
5.665463
5.700702
5.608175
5.510599
5.423358
5.472121
5.485211
5.670769
5.325038
5.961495
5.514696
5.663030
5.408934
5.147048
4.976770
4.979240
5.333318
5.363435
5.139707
4.922525
5.001509
5.277346
5.311375
5.403112
5.446128
5.610021
5.697641
5.403281
5.402029
5.278653
5.297590
5.214307
5.515654
5.657365
5.235385
5.183347
5.826354
5.442969
5.489166
5.573489
5.685942
5.362783
5.156198
5.168484
5.294252
5.546110
5.419835
5.447986
5.489745
5.586101
5.328064
5.244533
5.109567
5.491348
5.568218
5.572458
5.532400
5.298945
5.226003
5.266221
5.346546
5.451493
5.486190
5.653091
5.290662
5.534587
5.425516
5.285343
5.468122
5.227573
5.310155
5.334486
5.347518
5.755667
5.576887
5.505912
5.157412
4.934858
5.106761
4.988008
5.482512
5.525302
5.397981
5.544827
5.090168
5.248289
5.439975
5.705278
6.028412
5.744803
5.568264
5.381388
5.278440
5.689094
5.241480
5.194161
5.625264
5.478356
5.060480
5.636787
5.582114
5.421926
5.393623
5.842361
5.918130
5.811752
5.460303
5.209513
5.206445
4.908713
5.150868
5.551355
5.337006
5.522685
5.127644
4.846689
5.358167
5.162436
5.060177
5.341925
5.366120
5.012513
5.142751
5.101805
5.289328
5.545115
5.721341
5.572562
5.432259
5.672395
5.305235
5.359916
5.183925
5.091016
5.186847
4.978395
4.972508
5.438481
4.951932
5.198279
5.421366
5.477038
5.429580
5.254016
5.411229
5.244577
5.152554
4.992118
5.203630
5.336932
5.315991
4.880723
5.430073
5.155991
4.854332
5.237966
5.295807
5.459099
5.419164
5.871854
6.018224
5.824073
6.025453
5.674211
5.764633
5.917407
6.011233
5.917357
5.690336
5.596918
5.605578
5.471480
5.457866
5.109715
5.233571
5.182707
5.267734
5.304314
5.288873
5.287050
5.309076
5.707344
5.642614
5.655857
5.478769
5.467595
5.533476
5.546362
5.401558
5.490455
5.958280
5.759928
5.712597
5.248775
5.391629
5.373511
4.999910
5.073830
5.573367
5.456408
5.156534
5.115511
4.916611
5.486668
5.698314
5.744914
5.698140
5.263137
5.560600
5.582792
5.128082
5.677988
5.683482
5.798298
5.974701
5.775159
5.321224
5.010016
5.008887
4.773697
4.993141
5.248051
5.406449
5.390818
5.471675
5.147946
5.036642
5.273492
5.073293
5.044697
4.795015
5.019257
5.160264
5.087739
5.256454
4.926815
5.094638
5.507093
5.390997
5.650383
5.407781
5.386657
5.380640
5.512263
5.687756
5.567800
5.755787
5.651671
5.752223
5.663537
5.575261
5.362101
5.326801
5.270479
5.351588
5.450576
5.732218
5.474001
5.345000
5.513343
5.310651
5.125933
5.213810
4.944697
4.986410
5.018011
5.244458
5.530686
5.629922
5.339803
5.098339
5.342977
5.204888
5.200010
5.102789
4.801901
4.946419
4.977481
4.960212
5.113353
4.967629
4.801790
5.021122
4.968441
5.506088
5.324791
5.205545
5.101534
5.284896
5.533632
5.402617
5.661065
5.384676
5.377287
5.546310
5.319628
5.360486
5.673492
5.601618
5.656189
5.886318
5.615421
5.310306
5.375998
5.093183
5.144278
5.491044
5.498306
5.189550
5.230722
5.516965
5.805421
5.650596
5.734998
5.586865
5.810600
5.514947
5.208992
5.312962
5.496257
5.424521
5.457130
5.788105
5.954473
5.606080
5.905904
5.832971
5.728751
5.965410
5.795138
5.800624
5.335495
5.307939
5.022028
4.791108
4.911020
5.272749
5.497243
5.607067
5.220667
5.392784
5.688138
5.761547
6.021088
5.937700
5.680418
5.603771
5.470423
5.329128
5.787702
5.735879
5.668056
5.420851
5.517314
5.395052
5.330355
5.203084
4.996125
5.049077
5.315232
5.395528
5.367086
5.242983
5.084945
5.376017
5.590931
5.729383
5.487370
5.504413
5.503742
5.477520
5.569165
5.233134
5.532574
5.269444
5.563566
5.414754
5.209787
5.643376
5.311115
5.330985
5.457964
5.161537
5.087710
4.943321
5.293472
5.303369
5.612850
5.809329
5.645849
5.256306
5.476173
5.347587
5.519307
5.524000
5.302566
5.630082
5.571599
5.352265
5.539125
5.701798
5.502028
5.555563
5.415476
5.376701
4.602670
5.002737
4.959269
5.054273
5.168286
5.621913
5.867975
5.590941
5.416122
5.208683
5.272934
5.453895
5.311061
5.452162
5.290620
5.172558
5.449348
5.536544
5.650821
5.494129
5.317811
5.077406
5.255619
5.159055
5.064904
4.937100
5.100395
4.968772
5.029733
4.938566
5.188616
5.510488
5.478086
5.456964
5.283878
5.450176
5.274981
5.368299
5.287532
5.684067
5.539153
5.198701
5.125809
4.939386
5.346494
5.581792
5.604727
5.429005
5.474072
5.096027
5.233363
5.226424
5.151901
5.249341
5.264544
5.112347
5.067500
5.275799
5.351907
5.379220
5.005451
4.990833
5.229714
5.084592
5.409157
5.254701
5.671511
5.256116
5.208172
5.315869
5.266078
5.236438
5.062126
5.192261
5.145780
5.389012
5.062454
5.121730
5.354346
5.533542
5.887023
5.765679
5.533081
5.606676
5.302310
5.162034
5.065698
5.009633
5.220603
5.368196
5.120315
5.369116
5.665589
5.962662
5.837516
5.619009
5.348579
5.262522
5.278231
5.076572
5.329475
5.893754
5.769536
5.565387
5.673494
5.801117
5.654747
5.530703
6.050861
6.067429
5.502577
5.175572
5.370479
4.820293
4.924241
5.142190
5.731118
5.415378
5.680929
5.660089
5.759302
5.200111
5.095658
5.348141
5.479948
5.449862
5.618646
5.572985
5.334339
5.316253
5.444312
5.446236
5.811145
6.055788
5.696845
5.481684
5.587180
5.400519
5.667000
5.751714
5.727314
5.780046
5.514294
5.724121
5.634509
5.536711
5.536838
5.601896
5.347420
5.596005
5.803575
5.683958
5.971592
5.702027
5.367005
5.579891
5.703171
5.507711
5.235155
5.202522
5.388811
5.119783
5.634192
5.833488
5.563382
5.340359
5.351261
5.364215
5.327527
5.229002
5.048089
5.358185
5.299847
5.291779
5.195593
5.004963
4.992180
5.081890
5.349584
5.581158
5.452388
5.392815
5.354158
5.568631
5.295152
5.215150
5.420714
5.702154
5.586170
5.425514
5.414178
5.422319
5.717955
5.715922
5.603673
5.505529
5.418871
5.466852
5.743217
5.891560
5.693986
5.267087
5.486112
5.406965
4.825322
5.239611
5.235435
5.146316
5.445544
5.402409
5.588211
5.421212
5.575762
5.532309
5.815105
5.582099
5.929708
5.705376
5.668921
5.840283
5.346273
5.378425
5.319533
5.681257
5.486459
5.445043
5.343848
5.668296
5.105474
5.622320
5.732457
5.538684
5.467945
5.482686
5.446319
5.414036
5.685871
5.747708
5.725921
5.738473
5.615829
5.258996
5.213803
5.005192
6.038325
5.413812
5.313781
5.429097
5.177558
5.330749
5.494802
5.453313
5.416201
5.473813
5.433714
5.515928
5.287924
5.471648
5.342752
5.501640
5.362129
5.315483
5.259347
5.180928
5.241864
5.446508
5.376298
5.061255
5.121895
5.150857
5.040239
5.318681
5.238297
5.188556
5.318574
5.149752
5.407334
5.141985
5.202274
5.771543
5.850452
5.493921
5.292288
5.172914
5.284257
5.850706
5.966960
5.716392
5.145145
5.239623
5.711678
5.661804
5.286072
5.395221
5.206413
5.139618
5.350025
5.821800
5.559801
5.503019
5.482067
5.726288
5.361467
5.169107
5.298748
5.051926
5.554054
5.470032
5.246028
5.179609
5.021298
5.056183
5.166020
5.306545
5.521488
5.836963
5.487378
5.594477
5.168343
5.221902
5.142795
5.285431
5.296824
5.259720
5.115493
5.172649
5.276890
5.424400
5.513860
5.535363
5.371774
5.479429
5.573138
6.027257
6.242056
6.211297
5.876560
5.603101
5.764983
5.436243
5.393429
5.373617
5.413872
5.402281
5.751683
5.490266
5.929709
5.590263
5.154111
5.176846
5.335119
5.402693
5.163053
5.152319
5.212394
5.308432
5.449674
5.245825
5.411682
5.281995
5.436369
5.284608
5.384309
5.253808
5.583895
5.164866
5.175826
5.409392
5.377169
4.987400
5.662011
5.539053
5.612532
5.563790
5.467065
5.390259
5.616184
5.418769
5.508678
5.752285
5.674531
5.596185
5.448765
5.580398
5.370988
5.361001
4.921342
5.182400
5.575249
5.568842
5.305201
5.364731
5.245115
5.517202
5.733783
5.650632
5.838464
5.593084
5.534687
5.312108
5.011484
5.627854
5.567452
5.507432
5.341904
5.207005
5.329284
5.258404
5.403007
5.546118
5.712028
5.370669
5.467061
5.726770
5.790892
5.532516
5.347092
5.499848
5.383222
5.705512
5.426266
5.129723
4.946619
5.293570
5.602702
5.602713
5.658852
5.725597
5.817436
5.151290
5.522819
5.558144
5.518578
6.047085
5.856777
5.310544
6.075017
5.902547
5.882776
5.517289
5.127417
5.111349
5.343837
5.422053
5.706806
5.398359
5.643073
5.698171
5.475941
5.301712
5.237390
5.063424
4.720165
4.880030
4.641474
4.763802
4.961076
5.531291
5.068285
5.367712
5.224490
4.967709
5.535616
5.303228
5.531089
5.236508
5.296266
5.410748
5.535270
5.623261
5.775569
5.789797
5.767742
5.268883
5.212606
4.916841
5.067569
5.460864
5.488798
5.091094
5.062024
5.150007
4.867677
5.212946
5.017356
4.945374
5.582333
5.238054
5.559111
5.202651
5.448983
5.410166
5.626775
5.320414
5.153385
5.060735
5.219037
5.008969
5.286150
5.376639
5.626524
5.752196
5.501717
5.372797
5.552871
5.470729
5.150389
5.106810
5.365514
5.393266
5.463713
5.070230
5.099644
5.507812
5.305869
5.131314
5.193598
5.111894
5.458346
5.323605
5.086905
4.849729
5.290022
5.519699
5.758824
5.528844
5.550815
5.477038
5.461067
5.336380
5.484645
5.604612
5.503591
5.272828
5.163349
5.333107
5.303150
5.177438
5.450669
5.643044
5.684336
5.395457
5.544360
5.234605
5.390695
5.659946
5.853343
5.551267
5.667211
5.686411
5.171933
5.120276
5.409496
5.197273
5.120495
5.350164
5.497871
5.344079
5.348680
5.414667
5.168905
5.164021
5.033686
5.125587
5.208893
5.028978
4.776387
4.759600
4.840900
5.164788
5.161391
5.461604
5.567416
5.351635
5.313830
5.539522
5.335541
5.605984
5.495181
5.578851
5.577821
5.072383
5.128617
5.507843
5.409596
5.575257
5.260345
5.583254
5.641306
5.380550
5.171714
5.219674
5.312701
5.880380
5.715861
5.662543
5.399056
5.513244
5.361504
5.171919
5.287494
5.394257
5.238083
5.194925
5.272090
5.529228
5.190190
5.076678
5.245825
4.930511
5.203453
5.227274
5.506097
5.250098
5.231341
5.142741
5.112812
5.338222
5.366762
5.201574
5.395768
5.290017
5.540807
5.694033
5.704628
5.283727
5.211607
4.988741
5.056875
5.217391
5.292635
5.334081
5.313920
5.391109
5.703073
5.569661
5.037848
5.119463
5.119374
5.269785
5.196397
5.479654
5.731935
5.490299
5.508851
5.473145
5.810630
5.420901
5.553008
5.599373
5.725053
5.726388
5.672677
5.631338
5.325996
5.171264
4.927274
5.063059
5.001366
5.201063
5.511465
5.388174
5.612089
5.525557
5.765719
5.432468
4.963436
4.987392
5.600036
5.542185
5.378262
5.686788
5.798470
5.563488
5.657379
5.196624
5.305832
5.420822
5.220537
5.360601
5.428620
5.390831
5.166600
5.391453
5.541473
5.610530
5.451952
5.832844
5.847049
5.669212
5.491197
5.653289
5.302615
5.194145
5.664096
5.370178
5.302712
5.597231
5.560302
5.818279
5.651657
5.376777
5.493779
5.173877
5.381131
5.204769
5.168882
5.130202
5.240812
5.324345
5.486607
5.573226
5.214676
5.388748
5.512708
5.411151
4.915128
5.127981
5.323595
5.255893
5.420396
5.277563
5.600028
5.488013
5.602271
5.277695
5.221448
5.181732
5.277596
5.207032
5.399825
5.370649
5.276572
5.166259
5.266598
5.159773
5.489428
5.165428
4.844213
4.898682
5.222340
5.441556
5.709306
5.468135
5.477816
5.393077
5.245936
5.257961
5.175348
5.757539
5.358013
5.272974
5.073655
5.327296
5.460964
5.347491
5.453005
5.440292
5.627293
5.171746
5.563887
5.542561
5.293195
5.347741
5.677745
5.641680
5.330921
5.685462
5.440791
5.420835
5.447197
5.675446
5.470856
5.300579
5.283911
5.542029
5.339090
5.277171
5.277910
5.560258
5.321216
5.561960
5.774755
5.630724
5.798511
5.663370
5.430795
5.751232
5.827664
5.878107
5.614407
5.282543
5.681055
5.114493
5.562272
5.809495
5.489000
5.533433
4.770201
5.186523
5.315441
5.438214
5.284324
5.337083
5.503059
5.482683
5.297027
5.445037
5.234883
5.161835
5.191816
5.176092
5.347736
5.564095
5.621529
5.681795
5.592565
5.445552
5.369044
5.276269
5.724900
5.505895
5.470273
5.022499
5.186802
5.435456
5.444875
5.448181
5.331187
5.201941
5.415051
5.505405
5.650509
5.721006
5.449043
5.585579
5.280146
5.249315
5.276654
4.537726
4.690622
4.990970
5.369099
5.413289
5.492801
5.558831
5.527554
5.553378
5.958460
6.005790
5.621163
5.688513
5.670877
5.473361
5.504078
5.465343
5.402217
5.187062
5.295014
5.406787
5.485386
5.897122
5.549177
5.548213
5.341928
5.609045
5.572992
5.488646
5.541030
5.797442
5.742156
5.550363
5.792720
6.106514
5.659057
5.601872
5.424022
5.445101
5.528927
5.544276
5.269048
5.355800
5.704042
5.511126
5.509693
5.575116
5.591383
5.452775
5.399358
5.339179
5.285615
5.230126
5.729728
5.653144
5.647030
5.602554
5.733792
5.903988
5.830825
5.592738
5.168574
5.252829
4.938596
5.041384
5.262313
5.656645
5.557637
5.314058
5.268090
5.041955
5.004568
5.167432
4.994146
5.156414
5.329921
5.400453
5.409904
5.165783
5.063776
5.050111
5.264701
5.175900
5.415235
5.419295
5.336489
5.501080
5.383219
5.257850
5.193913
5.146136
5.414864
5.375639
5.351166
5.287312
5.483890
5.549084
5.537984
5.671344
5.404531
5.628476
5.667375
5.448342
5.394014
5.351417
5.282024
5.481241
5.356806
5.482423
5.481729
5.372943
5.071168
5.165219
5.403976
5.219644
5.047769
5.388960
5.541007
5.125358
5.083366
4.877280
5.085155
5.014126
5.088896
5.407482
5.381758
5.610121
5.330999
5.079737
5.199054
5.303081
5.100480
5.336053
5.381722
5.413173
5.583146
5.358711
5.529304
5.300113
5.443012
5.376821
5.778125
5.392634
5.319696
5.357530
5.782109
5.696930
5.769523
5.196960
5.393818
5.428622
5.785121
5.863111
5.437350
5.421781
5.048354
5.168053
4.977255
5.012499
5.459772
5.372628
5.107142
5.112513
5.272232
5.481308
5.439625
5.443256
5.513294
5.514702
5.573865
5.568272
4.935451
5.151293
4.997942
5.337464
5.798021
5.847471
5.909886
5.485782
5.841543
5.961752
5.693925
5.672046
5.460201
5.547505
5.304164
5.340815
5.608113
5.532960
5.406823
5.493593
5.482731
5.557469
5.086229
5.623833
5.705210
5.764845
5.972489
5.477242
5.475208
5.144575
5.419803
5.318022
5.431137
5.632613
5.801198
6.209050
5.557861
5.413158
5.230442
5.185528
5.611025
5.621679
5.653092
5.619170
5.928824
5.503823
5.604078
5.854903
5.758197
5.085202
5.062670
5.009516
5.423804
5.322611
5.562369
5.443522
5.335102
5.547026
5.272436
5.418453
5.377340
5.733640
5.654635
5.191655
5.506256
4.966241
5.107725
4.871046
4.974767
5.331661
5.431012
5.456116
5.656731
5.663164
5.670691
5.323631
5.188142
5.328932
5.586583
5.472902
5.738786
5.339618
4.972198
4.936340
5.340503
5.346068
5.246236
5.267246
5.768938
5.550458
5.768005
5.673786
5.602994
5.853463
5.432449
5.526331
5.647263
5.529413
5.697079
5.513807
6.043761
5.819240
5.613384
5.888511
5.538596
5.400102
5.675569
5.598661
5.723593
5.508295
5.700699
5.173905
5.764389
5.493331
5.429990
5.285568
4.920995
5.247337
5.533631
5.349991
5.564289
5.255192
5.613660
5.300630
5.208317
5.007599
5.513408
5.610624
5.743424
5.279882
5.182154
5.568305
5.495500
5.382547
5.462692
5.583554
5.560563
5.547324
5.381174
5.267849
5.323917
5.095343
5.165098
5.176041
5.371891
5.467607
5.193699
5.574664
5.701328
5.642284
5.318884
5.411742
5.239001
5.275137
5.383560
5.331690
5.313836
5.418291
5.488551
5.416209
5.692268
5.577188
5.698943
5.897803
6.055307
5.990960
6.011430
5.734320
5.757152
5.676503
5.736495
5.623538
4.959443
4.724097
4.969351
5.430545
5.252240
4.992685
4.801098
5.589376
5.273375
5.466904
5.464476
5.408588
5.359962
5.654696
5.457420
5.496608
5.406461
5.239231
5.015885
5.183554
5.176435
4.995239
5.188243
5.378021
5.627601
5.502471
5.038748
5.335013
5.265391
5.443543
5.488039
5.226919
5.192061
5.509645
5.525469
5.671569
5.490402
5.306760
5.233055
5.305582
5.402381
5.450866
5.610738
5.329150
5.290504
5.514573
5.509721
5.483549
5.488456
5.321628
5.415442
5.580684
5.405563
5.440112
5.566692
5.453526
5.339997
5.487247
5.540984
5.520342
5.391232
5.509038
5.277964
5.037323
5.040424
4.830652
4.795017
5.715339
5.570871
5.768331
5.900610
5.918660
5.734595
5.608934
5.520182
5.388533
5.252584
5.160671
5.424350
5.565473
5.535198
5.435584
5.541382
5.645003
5.332762
5.206835
5.560835
5.523949
5.546772
6.076267
6.334414
6.103542
5.773619
5.773629
5.856914
5.569808
5.522070
5.147503
5.356649
5.500227
5.586578
5.303304
5.356529
5.448915
5.428350
5.129122
5.166372
5.500553
5.214927
5.161613
5.020128
4.950138
5.270764
5.425504
5.256934
5.334909
5.458730
5.331554
5.254346
5.412062
5.219990
5.096349
5.082914
5.038470
5.054415
5.337483
5.310059
5.288737
4.955773
4.731589
5.074523
5.294882
5.609189
5.523797
5.866491
5.743931
5.964189
5.766371
5.687186
5.441376
5.152720
5.315663
5.605805
5.474058
5.221930
5.181361
5.524890
5.266467
5.303660
6.052220
5.768931
5.768704
5.483288
5.562242
5.425766
5.314340
4.788897
5.149158
5.130693
5.422410
5.696336
5.360374
5.434292
5.519552
5.537049
5.494775
5.399869
5.481645
5.432236
5.429762
5.226829
4.782478
5.158558
5.504689
5.255303
5.241166
5.542816
5.369763
5.367952
5.304552
5.171921
5.276066
5.621132
5.427135
5.278244
5.121621
5.337672
5.220572
5.489592
5.186599
5.414891
5.287467
5.232296
5.565478
5.460339
5.267667
5.345397
5.401571
5.241321
5.533184
5.576576
5.424570
5.357878
5.402107
5.582933
5.310886
5.311936
5.377372
5.562759
5.611756
5.601234
5.350674
5.235974
5.479041
5.524259
5.433738
5.454940
5.471255
5.665918
5.305651
4.938832
5.150432
5.468005
5.300883
5.302398
5.275840
5.548380
5.371746
5.061981
5.455755
5.079581
5.264054
5.335533
5.466366
5.773767
5.607525
5.377674
5.741347
5.365773
5.541085
5.239239
5.603413
5.396141
5.396852
5.715019
6.003965
5.639910
5.540823
5.511543
5.578500
5.626388
5.016273
5.248816
5.475028
5.753914
5.797204
5.824704
5.282430
5.227794
5.428777
5.750146
5.584157
5.508958
5.526378
5.898640
5.651349
5.289813
5.301163
5.337391
5.508923
5.123849
5.333009
5.722733
5.548975
5.665757
5.625606
5.512065
5.575304
5.435182
5.297446
5.297492
5.279498
5.172851
5.429811
5.408863
5.247624
5.210504
5.328049
5.928101
5.631410
5.808210
5.611845
5.500999
5.350396
5.484554
5.149765
5.300409
5.485891
5.618948
5.707470
5.531815
5.413045
5.281008
5.276750
5.581542
5.294119
5.334297
5.259639
5.435446
5.433728
5.489318
5.552785
5.336924
5.432291
5.532484
5.387821
5.460707
5.609229
5.341278
5.342996
5.291839
5.372653
5.244120
5.671428
5.716474
5.666799
5.937982
5.759740
5.492953
5.761168
5.594320
5.345232
5.101892
5.553925
5.482548
5.533262
5.328543
5.395967
5.569002
5.482390
5.425000
5.192159
5.283515
5.366565
5.525024
5.442335
5.711322
5.145614
5.296864
5.795500
5.222827
5.728779
5.831636
5.884309
5.719155
5.498477
5.528908
5.083350
5.338541
5.519270
5.485584
5.573944
5.874476
5.575129
6.051350
5.708326
5.670989
5.753851
6.034820
5.766591
5.634284
5.470443
5.457504
5.564927
5.684078
5.597070
5.442356
5.267873
5.304933
5.049655
5.178452
5.291788
5.195550
5.242751
5.666169
5.426083
5.612603
5.424328
5.434137
5.528019
5.790272
5.785247
6.008951
5.634579
5.603247
5.092976
4.936495
5.242395
5.316131
5.106867
5.157251
5.531804
5.648923
5.302051
5.417648
5.791149
6.195719
5.932518
5.585026
5.341868
5.655728
5.931179
5.663119
5.413074
5.157341
5.064658
5.340242
5.301421
5.368664
5.311380
5.626583
5.424173
5.146282
5.310422
5.682790
5.842177
5.872128
5.884497
5.530658
5.302901
5.480766
5.728341
5.651392
5.324613
5.456023
5.022698
4.952317
5.167629
5.337427
5.261631
5.217991
5.204029
5.126361
5.378358
5.465968
5.541319
5.306075
5.326411
5.460045
5.879421
5.936332
5.720420
5.423557
5.338414
5.541602
5.625902
5.464248
5.507032
6.113510
5.874555
5.628769
5.589244
5.335176
5.372129
5.208032
5.085123
5.199914
5.533222
5.936992
5.804893
5.749008
5.583395
5.726408
5.850048
5.417321
5.327149
5.411544
5.193714
5.364656
5.395390
5.829886
5.696450
5.494740
5.522964
5.097390
4.934102
5.069257
5.042211
5.163587
5.256698
5.346012
5.275956
5.349665
5.422138
5.394775
5.113544
5.016908
5.306828
5.132409
5.427804
5.258634
5.411632
5.274750
5.226717
5.729495
5.369738
5.725588
5.430467
5.233023
5.778346
5.568360
5.369453
5.405182
5.546049
5.323480
5.129685
5.234428
5.210784
5.446957
5.096149
5.043168
5.391318
5.402515
5.501198
5.447662
5.396851
5.467726
5.426266
5.138227
5.071225
5.231183
5.344453
5.519724
5.515077
5.598021
5.618993
5.288602
5.046664
5.446384
5.369210
5.316123
5.395957
5.336553
5.542718
5.727806
5.621373
5.631791
5.631834
5.569975
5.348920
5.202583
5.385922
5.420868
5.587553
5.703003
5.796137
5.743792
5.505837
5.579558
5.092987
5.342627
6.093653
5.670790
5.635533
5.214913
5.314644
5.289367
5.453621
5.811349
5.492304
5.451799
5.695515
5.836937
5.759594
5.432199
5.262502
5.589068
5.758659
5.463422
5.456032
5.427083
5.146049
5.264670
5.263230
5.099736
5.051781
4.866657
4.898319
5.040317
5.052266
5.095796
5.190721
5.347303
5.519135
5.401468
5.694626
5.348252
5.455480
5.494415
5.594203
5.584138
5.496975
5.422385
5.431075
5.500946
5.462399
5.368331
5.278860
5.293558
5.323692
5.128902
5.374750
5.476560
5.255300
5.411900
5.616980
5.603826
5.650138
5.473960
5.362161
5.161902
4.809924
5.464477
4.906281
5.244947
5.227989
5.458517
5.426632
5.027140
5.338235
5.422440
5.577652
5.303212
5.285696
5.412275
5.150949
5.232887
5.280892
5.437883
5.678969
5.735009
5.206703
5.319136
5.844174
5.613314
5.517252
5.894190
5.134510
5.191569
5.102101
5.109259
5.386067
5.454308
5.354785
5.604128
5.538094
5.293627
5.538986
5.368249
5.050626
5.096167
5.550836
5.373042
6.004564
5.823973
5.943008
5.620237
5.598060
5.137458
5.599723
5.858774
5.632062
5.434251
5.539132
5.595639
5.549548
5.387443
5.370524
5.360160
5.187466
5.286594
5.242012
5.413199
5.296512
5.334532
4.881297
4.931879
5.127456
5.062287
5.304211
5.419918
5.447255
5.387262
5.308497
5.738883
5.634692
5.546877
5.495099
5.424979
5.382061
5.592916
5.324706
5.732141
5.617216
5.799998
5.811042
5.541815
5.512259
5.464965
5.381192
5.638871
5.597485
5.788204
5.601755
5.698328
5.427368
5.676840
5.373503
5.305876
5.448280
5.326096
5.357218
5.344809
5.528940
5.447734
5.416299
5.195092
5.105516
5.065985
5.001136
4.830766
4.864133
5.238159
5.093635
4.892532
4.879159
5.361614
5.898299
5.685329
5.614856
5.732678
5.714645
5.063543
5.293305
5.127204
5.365597
5.408317
5.623016
5.447141
5.740503
5.753496
5.522486
5.468258
5.422150
5.461007
5.722939
5.643570
5.527205
5.238796
5.468622
5.271333
5.143188
4.982889
5.080182
4.934849
4.792586
5.288822
5.660478
5.722978
5.786711
5.408270
5.303344
5.422741
5.586093
5.525367
5.827015
5.548601
4.971860
5.128045
5.448186
5.576939
5.564987
5.398033
5.462608
5.501646
5.414096
5.533698
5.636049
5.745537
5.390659
5.369942
5.439325
5.252288
5.157045
5.241428
5.290925
5.427323
5.366356
5.558757
5.600108
5.543475
5.426410
5.597229
5.514252
5.563877
5.174375
5.076212
5.041040
5.435940
5.431544
5.266777
5.114020
5.305289
5.287985
5.421075
5.235399
5.484570
5.250994
5.834253
5.576997
5.460870
5.606855
5.891496
5.984308
5.441919
5.280673
5.092761
5.749586
5.520278
5.561546
5.660849
5.580417
5.128140
5.138764
5.355803
5.392445
5.656881
5.584601
5.988652
5.485785
5.657891
5.494525
5.456065
5.458907
5.451787
5.160912
5.933582
5.522535
5.638167
5.595852
5.381872
5.381345
5.283414
5.542743
5.769969
5.371859
5.595200
5.897328
5.905281
5.685138
5.640848
5.360902
5.372653
5.209790
5.116910
5.348814
5.662268
5.548296
5.458989
5.302347
5.455625
5.552677
5.283547
5.375845
5.381876
5.411180
5.494320
5.742647
5.476616
5.447939
5.227889
5.378968
5.284756
5.001945
5.504745
5.748045
5.727616
5.411303
5.473688
5.417937
5.572896
5.997349
6.060697
6.089008
5.884479
5.787421
5.887702
5.515287
5.472783
5.087432
4.877955
5.006498
5.120262
5.226613
5.123212
5.364247
5.425597
5.325057
5.149633
5.052117
5.403665
5.294806
5.361169
5.364030
5.590295
5.393671
5.662545
5.534090
5.549075
5.116106
5.512167
5.601584
5.620613
5.152905
5.329046
5.753552
5.602653
5.249017
4.852042
5.018968
5.534993
5.538008
5.504205
5.588941
5.482243
5.713680
5.492143
5.206362
5.289253
5.653108
5.494325
5.524023
5.812310
5.505688
5.505779
5.246775
5.793286
5.690229
5.588663
5.686858
5.294962
5.283595
5.198167
5.249356
5.100416
5.269945
5.365929
4.923562
5.108711
5.359598
5.481324
5.161418
4.982624
5.031332
5.072673
5.261541
5.423746
5.121773
5.178027
4.962154
5.129013
5.158489
5.463629
5.176187
5.170548
5.458079
5.721935
5.568403
5.751648
5.273826
5.710927
5.773443
5.424548
5.526792
5.609636
5.636609
5.305032
5.214203
5.208931
5.413344
5.371587
5.081273
5.223467
5.055262
5.719626
5.662828
5.620517
5.300176
5.302324
5.610970
5.588432
5.475575
5.543475
5.449706
5.281303
5.256590
5.162176
5.504345
5.399913
5.248329
5.378465
5.611149
5.630800
5.680216
5.492648
5.489832
5.604328
5.313379
5.165497
5.383595
5.609723
5.586542
5.544145
5.370157
5.359614
5.496029
5.268734
5.415720
5.608618
5.457811
5.346185
5.378664
5.302534
5.114496
5.226578
5.568942
5.511033
5.268391
5.537689
5.487227
5.643046
5.590922
5.031430
5.095570
5.216099
5.477534
5.389466
5.481676
5.383330
5.151179
5.470965
5.612091
5.149199
5.065895
5.466345
5.415581
4.970355
5.238103
4.964647
4.863138
5.213794
4.975234
5.078710
5.193397
5.806587
5.500743
5.464805
5.146302
5.174918
5.046444
5.292343
5.015461
5.387406
5.042281
4.769155
4.860114
5.357209
5.692752
5.629046
5.470653
5.635005
5.413155
5.283325
5.250686
5.464720
5.551908
5.512020
5.264849
5.619079
5.250852
5.541672
5.411838
5.209930
5.456983
5.852855
5.988354
6.092775
5.916065
5.830333
5.540211
5.336757
5.606753
5.694039
5.774897
5.938516
6.016167
5.699476
5.648523
5.526624
5.682812
5.716205
5.635721
5.195489
5.424122
5.288566
5.244791
5.409666
4.971812
5.124890
5.105738
5.042319
5.197235
5.347215
5.163507
5.212618
4.971017
5.449680
5.394090
5.351405
5.652790
5.305274
5.164835
5.041971
5.593657
5.389794
5.167085
5.095248
4.879942
4.989083
5.574488
5.393592
5.688217
5.847996
5.681725
5.659223
5.504524
5.575860
5.462333
5.520701
5.197830
5.528600
5.547587
5.383945
5.159738
5.204269
5.149570
5.626664
5.614377
5.674415
5.655817
5.422928
5.375135
5.471995
5.354535
5.469107
5.635391
5.597889
5.640644
5.689894
5.825139
6.068891
5.732623
5.360292
5.393448
5.050494
4.692624
5.326647
5.585503
5.628895
5.088124
5.230321
5.149266
5.062889
5.418298
5.326404
5.838508
5.650900
5.624452
5.591475
5.357299
5.455863
5.513992
5.216895
5.467856
5.461838
5.321147
5.386187
5.453047
5.219413
4.856691
4.994544
5.064803
4.891122
5.335488
5.180994
5.452120
5.257376
5.282530
5.045714
4.853721
5.061117
5.182471
5.087419
5.223088
5.188908
5.325100
5.229621
5.455583
5.065814
5.073865
5.084108
5.414246
5.296362
5.522175
5.643497
5.552373
5.382952
5.425198
5.293478
5.476821
5.464787
5.453082
5.334152
5.718119
6.009540
5.488881
5.286792
5.752729
5.431507
5.759343
5.282392
5.573093
5.477175
5.589544
5.129412
5.113021
5.384421
5.612252
5.426841
5.448467
5.748806
5.220958
5.250196
5.161728
4.940412
4.995424
5.383487
5.404150
5.175468
5.178970
5.346251
4.959332
5.237569
5.559626
5.507976
5.514128
5.208774
5.812814
5.766452
5.497436
5.482580
5.452791
5.364496
5.566462
5.397926
5.287673
5.205341
5.205563
4.837513
5.107854
5.359115
5.030647
4.939097
5.111246
4.813746
5.034911
5.788651
5.604993
5.540211
5.762030
5.625021
5.321215
5.501366
5.802032
5.555295
6.020345
5.656497
5.003885
5.326787
5.574093
5.340004
5.203226
5.339348
5.492471
5.516424
5.501717
5.496704
5.610287
5.629825
5.390228
5.288381
5.492391
5.273515
5.248538
5.605451
5.427617
5.132165
5.225115
5.084272
5.234538
5.397337
5.377527
5.620728
5.811133
5.599999
5.867503
5.576709
5.343129
5.555724
5.998846
5.489146
5.323685
5.486268
5.376213
5.377447
5.248705
5.185045
5.141768
5.177128
5.078027
5.141588
4.991986
5.444705
5.460142
5.402817
5.478089
5.271483
5.284817
5.731256
5.776523
5.588560
5.669222
5.452556
5.405591
5.381905
5.437450
5.246068
5.285140
5.429977
5.285115
5.143874
5.128493
5.228988
4.792796
5.233632
5.270796
5.405757
5.051538
5.090323
4.946644
5.232174
5.400020
5.401331
5.456449
5.413736
5.433686
5.668704
5.217343
5.495681
5.547306
5.459468
5.369207
5.325140
5.341573
5.371122
5.318026
4.924979
4.964991
4.977050
5.087869
5.329826
5.326107
5.445991
5.598934
5.610445
5.909101
5.383053
5.967005
6.219789
5.667069
5.639898
5.861995
5.895007
5.618264
5.808601
5.587241
5.577944
5.492734
5.360297
5.256137
5.771881
5.023748
5.480695
5.377931
5.622725
5.417438
5.315678
5.363487
5.663509
5.445902
4.858163
4.973091
5.145307
5.263653
5.503350
5.106214
5.187324
5.507990
5.512192
5.551147
5.366381
5.498996
5.442993
5.308746
5.202173
5.404894
5.238018
5.561188
5.776198
5.434116
5.319142
5.259577
5.012164
5.191819
5.283734
5.396001
5.149115
5.588146
5.368874
5.186896
5.358964
5.348606
5.836089
5.491986
5.215563
5.275786
5.280738
5.440630
5.324585
5.073700
4.989062
5.340977
4.888742
5.536128
5.561421
5.435080
5.626503
5.476070
5.427891
5.269860
5.161945
5.402134
5.725985
5.851695
5.815816
5.583399
5.875205
5.818495
6.137642
5.831993
5.224585
5.840797
5.692798
5.548005
4.916507
4.883467
5.369612
5.555753
5.404223
5.352773
5.244228
5.389524
5.166916
5.554909
5.476508
5.663291
5.531880
5.633252
5.349430
5.512060
5.699811
5.685352
5.434176
5.399566
5.538949
5.210723
5.184263
5.230142
5.425612
5.127406
5.364261
5.470080
5.158029
5.388552
5.375341
5.326922
5.499713
5.686484
5.354194
5.588330
5.335233
5.240101
5.296764
5.334641
5.619055
5.645526
5.434088
5.594367
5.632314
5.556559
5.447704
5.532251
5.379815
5.622612
5.996689
5.410421
5.548251
5.515430
5.523186
4.697262
4.894181
4.979623
5.606451
5.790110
5.740284
5.672951
5.909022
5.687801
5.755035
5.771690
5.927347
5.937957
6.279250
5.867945
5.285072
5.188739
5.803454
5.391383
5.345438
5.349164
5.513501
5.575571
5.933764
5.246669
5.660381
5.456480
5.595830
5.656363
5.525253
5.318288
5.228633
5.124687
5.109638
5.170464
5.249658
5.414632
5.866514
5.831848
5.594848
5.614295
5.874539
5.920540
5.532880
5.789069
5.482194
5.363513
5.764628
5.286862
5.240350
5.429493
5.438646
5.047180
5.449554
5.637259
5.236469
5.369312
5.089713
5.253077
5.138693
5.222117
5.113532
5.259814
5.616069
5.480343
5.420716
5.552940
5.806929
5.862193
5.477494
5.263100
5.355469
5.203918
5.156275
5.592066
5.758477
5.606212
5.832729
5.654185
5.488423
5.222482
4.981115
5.228711
5.042457
5.070775
4.998559
5.146963
5.287233
5.573830
5.476089
5.161774
5.222434
5.091519
5.336022
5.370613
5.310939
5.093963
5.099093
5.340383
5.040005
5.471649
5.102321
5.094306
5.141380
5.298045
5.316806
5.392411
5.112046
4.881665
4.897959
5.129828
5.231252
5.031290
5.136068
5.194705
5.514250
5.313367
5.158648
5.288341
5.552069
5.653032
5.507007
5.456034
5.566056
5.591252
5.401758
5.529721
5.128344
5.080917
4.947232
4.675751
4.820598
4.905014
4.988950
5.052465
4.932572
4.867598
4.973905
5.327391
5.952958
5.522977
5.775793
5.180907
4.843632
5.198689
5.294754
4.986487
5.394994
5.056318
5.190073
5.177243
5.481291
5.532675
5.441051
5.785574
5.802047
5.464530
5.567990
5.314982
5.426107
5.368100
5.796849
5.903971
5.562946
5.493997
5.779965
5.966243
5.504219
6.046798
6.065026
5.637742
5.532649
5.206333
5.428132
5.437921
5.174147
5.151786
5.019435
5.075780
5.185500
5.288886
5.185286
5.307184
5.552026
5.797031
5.367269
5.330033
5.571605
5.690154
5.246126
5.497891
5.391459
5.438854
5.176967
4.944746
5.445368
5.796735
5.375941
5.311895
5.382291
5.204825
5.885437
5.708776
5.510728
5.464333
5.209745
5.133208
5.240281
5.037574
4.846509
4.991143
5.200248
5.458180
5.810821
5.658870
5.660364
5.704867
5.657969
5.437781
5.517461
5.455834
5.420173
5.320852
5.114755
5.308731
5.378169
5.327504
5.433530
5.292972
5.468886
5.564920
5.556544
5.699207
5.425963
5.919061
5.292636
5.419549
5.761606
5.734885
5.491917
5.260132
5.311959
5.117612
5.401354
5.352769
5.075805
5.435291
5.180151
5.274289
5.192243
5.516329
5.842671
5.397054
5.356630
5.289299
5.428466
5.063279
5.359354
5.561662
5.490224
5.380433
5.885703
5.633887
5.811735
5.381124
5.462179
5.448125
5.341920
5.194568
5.216778
5.281866
5.373687
5.055354
5.103786
5.475109
5.278762
5.190326
5.389509
5.525746
5.676030
5.333224
5.397573
5.455030
5.359178
5.064000
5.464215
5.724558
5.675017
5.666401
5.250561
5.506298
5.465912
5.510025
5.641678
5.742766
5.247055
5.322289
5.148922
5.224746
5.323502
5.387738
5.476290
5.207367
4.961519
5.117292
5.235404
4.948911
5.091317
5.125620
5.348265
5.892701
4.766103
5.130907
5.032898
5.207011
5.205350
5.055408
5.045906
5.180636
4.915879
5.344352
5.129628
5.066045
5.386537
5.096430
5.068306
4.999058
5.164184
5.184821
5.057787
5.391444
5.235095
5.461611
5.491874
5.139340
5.332596
5.168369
5.142327
5.161323
5.192788
5.129933
5.550032
5.330055
5.541953
5.680893
5.817200
5.960262
5.639980
5.669212
5.813273
5.673004
5.669967
5.659256
5.594244
5.196465
5.175762
5.175787
5.105064
5.347564
5.163674
5.354165
5.773735
5.656430
5.821293
5.629545
5.720885
5.647541
5.484954
5.272864
5.616687
5.601539
6.145435
6.232119
5.665743
5.741074
5.147013
5.117787
5.228036
5.473020
5.405971
5.616751
5.520597
5.783667
5.831628
5.731602
5.879803
5.859205
5.668125
5.717878
5.693076
5.232527
5.200367
5.383614
5.558696
5.655674
5.636294
5.673143
6.016456
5.828188
5.655206
5.721542
5.783303
5.563985
5.660712
5.210911
4.806005
4.978893
5.128516
5.440627
5.434415
5.832533
5.852305
5.594041
5.568034
5.493290
5.918019
6.060273
6.311787
6.025113
5.648320
5.653659
5.609597
5.497601
5.395466
5.487873
5.563711
5.227186
5.080173
5.235575
5.176896
5.250451
5.430744
5.135753
5.124560
5.134755
5.051673
5.476495
5.393286
5.430922
5.506154
5.432857
5.452742
5.555880
5.593645
5.815531
5.902587
5.704431
5.667287
5.698399
5.424597
5.534764
5.964175
5.726443
5.683586
5.703552
5.083028
5.248326
5.304914
5.287079
5.220603
5.076248
5.286473
5.252237
5.161223
5.276217
5.391313
5.222707
5.238751
5.258717
5.391033
5.196530
5.311382
5.285025
5.154675
5.128044
5.506359
5.466402
5.101779
5.580635
5.323551
5.547222
5.366902
5.480432
5.353880
5.488891
5.263995
5.393733
5.375826
5.279039
5.450061
5.511681
5.371076
5.319140
5.228272
5.259067
5.233059
5.374715
5.386873
5.638666
5.619407
5.718037
5.571551
5.690242
5.711396
5.799235
5.731856
5.850954
5.817112
5.381273
5.476902
5.547825
5.594897
5.420796
5.169554
5.080221
5.062048
5.490713
5.740645
5.442369
5.223591
5.091978
5.511930
5.550286
5.697834
5.836812
5.488698
5.416326
5.223173
5.495408
5.163912
5.144531
5.100510
5.282694
5.470340
5.560762
5.490374
5.700669
5.712666
5.602144
5.542731
5.948410
5.464750
5.450926
5.533197
5.341891
5.170833
5.275863
5.208628
4.902760
4.969471
5.275536
5.054821
5.159285
5.309923
5.322666
5.405925
5.329970
5.734936
5.556935
5.461127
5.355904
5.343405
5.658518
5.091935
5.205374
5.297602
5.087881
5.366335
5.489238
5.410175
5.329896
5.630087
5.514670
5.519963
5.079483
5.052308
5.305243
5.468905
5.505991
5.394846
5.445277
5.491904
5.330548
5.809032
5.611511
5.972052
5.987657
5.823621
5.600708
5.115473
5.142661
5.539048
5.436449
5.539343
5.296443
5.262617
5.215436
5.278727
5.493837
5.530302
5.502246
5.340020
5.275463
5.316999
5.276741
5.204777
5.129436
5.040345
5.356644
5.710244
5.854530
5.432896
5.510682
5.530275
5.076347
5.575387
5.444551
5.402896
5.310394
5.070319
5.317409
5.383975
5.153340
5.114038
5.205467
5.499019
5.418743
5.346756
5.372125
5.586132
5.445966
5.349630
5.323781
5.437306
5.456064
5.389827
5.367579
5.710850
5.329977
5.916829
5.511843
5.016713
5.120561
5.302473
5.332819
5.287624
5.070185
5.573930
5.518853
5.469229
5.411176
5.296741
5.093740
5.247440
5.185161
5.433200
5.275120
5.095227
4.913454
5.152957
5.284654
5.099757
5.176797
5.273139
5.299724
5.278857
5.276497
5.420517
5.327283
5.215059
5.210700
5.125225
5.254809
5.334084
5.322375
5.436252
5.512084
5.629717
5.334357
5.464846
4.836896
5.099958
5.128726
5.113625
5.361974
5.213608
5.224227
5.232823
4.963989
5.223084
5.378042
5.536958
5.209922
5.385113
5.477918
5.260690
5.212678
5.245840
4.944221
5.620883
5.051877
5.275647
4.901857
5.216425
5.662441
5.404427
5.468538
5.213190
5.502311
5.197738
5.534888
5.591259
5.176836
5.321265
5.218528
5.194580
5.291523
5.542003
5.238806
5.036202
5.198268
5.570323
5.009994
4.956933
4.863089
4.883479
5.239201
5.790552
5.752143
5.730055
5.883434
5.770261
5.658512
5.568450
5.596143
5.307908
5.332447
5.095801
5.244476
5.383106
5.648962
5.625688
5.792530
5.622366
5.449240
5.636206
5.560543
5.569340
5.532484
5.843775
5.437725
5.412771
4.931565
5.404680
5.024283
5.380989
5.477058
5.471903
5.279468
5.250465
5.325473
5.371305
5.667404
5.669477
5.433429
5.694344
5.775840
5.968328
5.745921
5.592975
5.569213
5.343713
5.511548
5.506619
5.354394
5.511646
5.256309
4.810560
4.678412
4.883530
4.876897
4.918345
5.306716
4.625489
5.010013
5.517093
5.375805
5.507976
5.269137
5.530767
5.404020
5.290144
5.215019
4.941089
5.211613
5.237923
5.165737
5.409474
5.578296
5.334664
5.300220
5.413334
5.335439
5.408809
5.288540
4.962710
5.667560
5.108567
5.237870
5.408691
5.159842
5.458196
5.561521
5.427041
5.474603
5.616323
5.613753
5.800229
5.850423
5.493374
5.407670
5.680158
5.504890
5.752288
5.595952
5.873222
5.404059
5.648973
5.970558
5.657221
5.391264
5.284235
5.429350
5.181310
5.176459
5.186479
5.173849
5.307134
5.411837
5.074682
5.390592
5.105575
5.433604
5.469348
5.414065
5.574551
5.414823
5.498168
5.423719
5.505117
5.587777
5.322323
5.408944
5.168054
5.372895
5.468463
5.466073
5.570473
5.214447
5.673617
5.801283
5.371767
5.382847
5.148528
5.029669
5.237256
5.283476
5.008773
5.269513
5.267224
5.704465
5.976821
5.776167
5.432591
5.883441
5.891654
5.844291
5.993336
5.846548
5.744535
5.540082
5.570934
5.597222
5.682978
5.607425
5.451856
5.853713
5.978295
5.473944
5.594893
5.665253
5.728490
5.615381
5.699318
5.596126
5.273671
5.526695
5.586929
5.588366
5.624935
5.718370
5.198580
5.337581
5.585553
5.574278
5.347500
5.112085
4.961782
5.021386
5.102871
5.521509
5.400351
5.535569
5.278105
5.080968
5.306430
5.436671
5.258982
5.228765
5.216160
5.512978
5.435854
5.405383
5.308026
5.551634
5.589140
5.229492
5.279257
5.918135
5.836282
5.732603
5.392325
5.455140
5.526761
5.295552
5.485164
5.024189
5.100686
5.792984
5.782280
5.514677
5.525619
5.519300
5.561883
5.406805
5.605875
5.465883
5.591644
5.762126
4.949597
5.417154
5.730019
5.471919
5.662614
5.617129
5.870935
5.811009
5.931687
5.955323
5.851472
5.823434
5.397560
5.177961
4.922364
5.057408
5.524189
5.606162
5.664739
5.779928
5.675318
5.679960
5.495595
5.297666
5.282234
5.071854
5.184825
5.414994
5.430948
5.166184
4.995594
5.252836
5.163575
5.429363
5.560033
5.335757
5.134254
5.198832
5.599306
5.258775
4.864861
5.016122
5.523237
5.351025
5.464868
5.058136
5.251070
5.230363
5.421198
5.137129
5.351134
5.475047
5.254114
5.427626
5.462179
5.560027
5.412151
5.235229
5.328962
5.117671
4.795688
5.169728
5.096731
4.882995
5.257751
5.279294
5.508734
5.298866
5.552498
5.399033
5.598504
5.469166
5.131736
5.214994
5.308257
5.015685
5.376188
5.594744
5.411249
5.925559
5.881579
5.444027
5.052475
5.408845
5.697058
5.726010
5.154628
5.197730
5.581759
5.585772
5.759095
5.689177
5.427511
5.506549
5.525918
5.287500
5.026199
5.419360
5.525298
5.703385
5.632592
5.547018
5.561353
5.492544
5.453909
5.617284
5.721479
5.642387
5.687255
5.836015
5.409023
5.164685
5.508796
5.826187
5.837052
5.692913
5.475903
5.474094
5.229565
5.524164
5.468534
5.617551
5.596715
5.759945
5.562343
5.492190
5.424263
5.401633
5.578588
5.341361
5.225094
5.393530
5.369910
5.181038
5.447412
5.711445
5.814761
5.407448
5.946517
5.759173
5.669721
5.017043
5.271186
5.297451
5.765178
5.631059
5.889973
5.597102
5.403473
5.744692
5.716044
5.781393
5.495900
5.290540
5.404841
5.205918
5.149663
5.536942
5.250622
5.012627
5.204996
5.206744
5.478414
5.882900
5.487017
5.442197
5.511541
5.527590
5.504897
5.322233
4.985250
4.983409
5.046619
5.270675
5.342807
5.578401
5.473268
5.419840
5.646597
5.715001
5.674644
5.836155
5.576519
5.787862
5.971173
5.884369
5.780053
5.397410
5.295799
5.418104
5.713101
6.009795
5.598798
5.646458
5.631924
5.258217
5.214340
5.259625
5.572666
5.352687
5.387771
5.406203
5.168350
5.458026
5.551767
5.309501
5.531227
5.287892
5.330240
5.118595
5.329143
5.240901
5.634960
5.685152
5.859958
6.087665
5.938790
5.681531
5.119554
5.565433
5.053968
5.073085
5.033637
5.028125
5.354134
5.356054
5.579733
5.437374
4.926305
5.059035
5.266781
5.168763
5.303729
5.193416
5.216462
5.677552
5.811435
5.803625
5.427244
5.459336
5.286012
5.315851
5.474920
5.435566
5.696996
5.764419
5.571759
5.345448
5.695198
5.516500
5.620365
5.304282
5.612038
5.491146
5.315226
5.286638
5.657521
5.619885
5.456159
5.225636
5.381475
5.502709
5.407549
5.328308
5.601246
5.167661
5.047160
5.101687
5.429313
5.364002
5.641946
5.647989
5.675516
5.818856
5.396652
5.549768
5.310873
5.741556
5.424141
5.582109
5.244926
5.844169
5.582222
5.551887
5.614251
5.707444
5.541568
5.415123
5.421151
5.923199
5.758569
5.494988
5.459060
5.528656
5.507008
5.269822
5.151868
5.302265
5.460119
5.458527
5.103884
5.314555
5.104630
5.416332
5.313481
5.148023
5.383253
5.359258
5.377588
5.616215
5.795357
5.822287
5.897058
5.701381
5.672318
5.426038
5.452159
5.774069
5.680802
5.194717
5.018114
5.330696
5.234549
4.964822
5.145438
5.234836
5.646640
5.458077
5.467559
5.306550
5.434436
5.514021
5.372998
5.528250
5.392332
5.408352
5.207003
5.139703
4.921428
4.978909
4.980178
4.894343
5.022814
5.154994
5.325799
5.285061
5.244545
5.332060
5.488423
5.203734
5.067598
5.068805
5.180509
5.245747
5.441835
5.420781
5.508506
5.322801
5.303248
5.424452
5.466502
5.163943
5.127744
5.171657
5.233709
5.359852
5.229284
5.130278
5.278371
5.595054
5.095672
5.070385
5.176176
5.420684
5.579231
5.428244
5.342132
5.444513
5.493365
5.427804
5.231303
5.381432
5.660848
5.370438
5.160032
5.153339
5.461215
5.513915
5.492902
5.485083
5.631354
5.617679
5.069447
5.363147
5.549893
5.284863
5.316185
5.628224
5.627740
5.734374
5.640280
5.515953
5.449325
5.853314
5.599286
5.776169
5.412557
5.613837
5.358461
5.546561
5.393853
5.480149
5.232907
5.679567
5.378383
5.563023
5.475030
5.464294
5.162971
5.497875
5.575123
5.653079
5.691129
5.934175
5.635538
5.165501
5.710473
5.733711
5.190842
5.255821
4.906822
5.082245
5.021346
5.250528
5.410671
4.853937
5.114189
5.202569
5.256601
5.166596
4.908049
5.536501
5.161582
5.171753
5.494723
5.224490
5.404881
5.485775
5.648156
5.541861
5.401234
5.621081
5.170843
5.014990
4.805440
4.988877
5.274276
4.985125
5.176143
5.213382
5.236628
5.077628
5.265182
5.179661
5.242535
5.107224
4.765340
4.976692
4.967668
5.414038
5.311151
5.390986
5.464420
5.652771
5.628137
5.701099
5.781633
5.509843
5.650275
5.453937
5.281954
5.648690
5.530900
5.568202
5.646369
5.579632
5.278099
5.157860
5.208014
5.597141
5.494802
5.451551
5.569059
5.336952
5.507774
5.206869
5.180111
5.278804
5.616527
5.516143
5.737485
5.666318
5.456290
5.642751
5.537862
5.280638
5.105282
4.986498
5.386189
5.483266
5.415345
5.088087
5.220899
5.111497
4.921625
5.097503
5.386648
5.360432
5.345549
5.518982
5.734438
5.602264
5.311700
5.380129
5.693392
5.582286
5.426989
5.769487
5.502334
5.519123
5.615076
5.284901
5.381273
5.573857
5.441669
5.316453
5.606931
5.512307
5.280987
5.353835
5.291066
5.901925
5.779413
5.986697
5.544066
5.677136
5.155686
4.875874
4.999944
5.185160
5.207939
5.101784
4.803023
5.074510
5.058181
5.477285
5.625923
5.513398
5.465240
5.577930
5.462496
5.419478
5.489755
5.410881
5.579739
5.567437
5.584103
5.054007
5.040148
5.148136
5.003529
5.272027
5.581018
5.860156
5.546541
5.589214
5.297358
5.559074
5.446633
5.384623
5.644110
5.739066
5.952137
5.569877
5.571363
5.423335
5.452813
5.345659
5.449533
5.397332
5.405067
5.018130
5.609102
5.504839
5.799463
5.847682
5.409904
5.782192
5.593352
5.556793
5.793410
5.284822
5.209143
5.193064
5.338651
5.536975
5.910042
5.691779
5.798904
5.507772
5.424665
5.715609
5.882470
5.698884
5.648867
5.575793
5.343255
5.416414
5.849218
5.993829
5.560002
5.746253
5.862845
5.436581
5.249089
5.319835
5.979379
5.538145
5.823486
5.739824
5.500255
5.604923
5.188856
5.296837
4.990245
5.247927
5.355548
5.272412
5.191624
5.439666
5.462665
5.596382
5.372940
5.408138
5.404839
5.374184
5.362064
5.235889
5.600181
5.741620
4.982735
5.043751
5.362516
5.551518
5.646823
5.775546
5.425595
5.086760
4.975655
5.028622
4.753571
4.703968
4.833178
4.782609
4.909806
5.341519
5.339216
5.009514
5.169400
5.135454
5.472282
5.375637
5.440739
5.587265
5.384453
5.366633
5.395340
5.437350
5.674817
5.468723
5.711808
5.570597
5.519462
5.340133
5.257344
5.113286
4.863544
5.125009
5.029091
5.340729
5.402360
5.418285
5.491443
5.304981
5.112884
5.421294
5.239758
5.834614
6.135654
5.685394
5.598029
5.936433
5.440543
5.250176
5.173030
5.604637
5.569376
5.348167
5.431488
5.494091
5.457387
5.350979
5.359296
5.098080
5.196248
5.480855
5.491605
5.088951
5.108772
4.892901
5.296014
5.471488
5.636877
5.612134
5.612546
5.330672
5.516977
5.551231
5.626324
5.372285
5.309040
5.281726
5.392120
5.675769
5.527179
5.622345
5.615826
5.446313
5.637813
6.022096
5.649086
5.500014
5.670347
5.651999
5.642198
5.494216
5.374007
5.416477
5.436089
5.199666
5.194472
4.974102
5.089619
5.328591
5.603125
5.396251
5.557797
5.500898
5.646354
5.385831
5.194224
5.614423
5.303901
5.471032
4.994355
5.193337
5.489768
5.818415
5.678251
5.848715
5.806552
5.998732
5.679947
5.488471
5.211708
5.129279
5.186184
5.257966
5.227241
5.326242
5.675572
5.289966
5.231209
5.267881
5.416043
5.547475
5.670047
5.377562
5.532430
5.525357
5.662150
5.274149
5.197939
5.224535
5.027800
5.096501
5.033336
5.420676
5.306331
5.251803
5.456615
5.393891
5.224563
5.311141
5.762595
5.629528
5.553138
5.500646
5.447804
4.907140
5.021862
5.127544
5.124784
5.425736
5.575604
5.820111
5.645072
5.513499
5.303534
5.563156
5.707023
5.204065
5.555944
5.425504
5.221512
5.370907
5.686158
5.811039
5.890569
5.585478
5.769682
5.726401
5.573972
5.320036
5.415686
5.173636
5.240419
5.346640
5.617844
5.510319
5.580697
5.811791
5.984118
5.411001
5.437735
5.447913
5.376204
5.923013
5.494636
5.808172
5.545775
6.000243
5.637903
5.485291
5.256479
5.342578
5.338854
5.395482
5.334439
5.169931
5.329875
5.279135
5.008716
5.209900
5.409295
5.618987
5.600932
5.711610
5.434660
5.250195
5.310191
5.637972
5.556697
5.455024
5.539527
5.362357
5.218065
5.270606
5.397180
5.576751
5.105197
5.303915
5.513089
5.367516
5.741883
5.988240
5.977090
5.655943
5.831599
5.631108
6.013897
5.842830
5.606735
5.282598
5.535874
5.755410
5.242627
5.537160
5.423907
5.724038
5.517875
5.258294
5.309213
5.196357
5.163521
5.203039
5.163570
5.396722
5.238557
5.157557
4.644122
4.825277
5.087713
5.155075
4.962080
5.003693
5.349041
5.155953
5.354670
5.336508
5.434204
5.237849
5.636853
5.577750
5.604150
5.523747
5.395147
5.069715
5.363073
5.276928
5.193682
5.019536
5.504269
5.261933
5.358462
5.616497
5.115966
5.349959
5.336897
5.340953
5.793580
5.351509
5.003976
5.199656
5.560784
5.121002
5.209398
5.628382
5.915799
5.905355
5.741767
5.849598
5.825360
6.079542
5.396710
5.626096
5.538428
5.216407
5.177589
5.061677
5.306455
5.242611
5.506167
5.295022
5.020893
5.164290
5.435477
5.819823
5.590500
5.506830
5.758464
5.465001
5.324297
4.868101
4.907441
5.270390
5.126684
5.182475
5.197375
5.212523
5.371396
5.469318
5.364399
5.102070
5.497275
5.387643
5.571839
5.297304
5.499106
5.591355
5.729365
5.488462
5.381180
5.191839
5.411525
5.453542
5.124429
5.323090
5.722760
5.758603
5.456868
5.372451
5.592078
5.639992
5.503930
5.516169
5.464384
4.925083
5.119681
5.094991
5.218468
5.150520
5.060798
5.260395
5.555238
5.692344
5.826727
5.659819
5.653567
5.710305
5.653468
5.353218
5.203412
5.497734
5.327163
5.531268
5.395439
5.312579
5.476461
5.348153
5.806342
5.742808
5.797393
5.594653
5.421908
5.360290
5.449299
5.463494
5.214863
5.464532
5.560281
5.548392
5.379416
