537.440094
526.167541
526.124119
550.341292
534.810851
519.754123
543.407188
534.060825
530.579475
550.802082
535.394143
519.940767
542.711491
533.381197
530.159928
540.478512
530.799292
541.370145
542.099840
544.171525
536.426531
540.876755
530.743153
541.784170
542.094251
544.448695
537.049993
549.137290
544.010456
534.656378
536.273205
524.869944
526.759165
548.931290
542.938090
534.059820
536.539720
525.816355
526.966906
550.656561
535.988359
521.164799
544.474488
534.444390
532.521980
548.949666
535.000721
520.459000
544.905553
534.253829
531.996004
542.830545
532.119151
542.014982
542.269143
543.474686
536.886347
541.334872
531.780880
541.607481
541.734904
543.205083
536.704891
547.994370
541.753930
535.165276
538.503315
526.398557
526.788881
549.116211
541.317513
535.639075
538.484882
527.231361
526.548485
549.111434
535.412241
521.106679
542.767631
531.616324
529.100061
549.625404
534.635639
520.934706
542.559148
531.896427
528.800480
543.359854
533.883949
542.665650
541.640262
543.476870
538.914510
542.468642
532.928545
541.966462
542.314794
543.825996
538.935002
548.899070
541.925192
536.965856
538.360813
526.867486
526.480875
547.316818
541.551182
537.558502
538.059456
526.379519
527.273879
548.493461
535.793610
520.896259
540.886907
528.392438
524.654972
548.589287
534.018685
520.394691
541.524348
528.978106
525.243938
541.443007
531.340548
540.314560
541.659038
543.524146
538.183880
540.986461
530.400092
538.980646
541.100053
542.753332
537.892557
547.278227
540.144326
537.527579
541.359598
528.706950
526.309910
547.448885
540.010754
538.321537
541.707056
529.281776
527.873545
547.385825
533.606375
521.076727
541.482940
529.370714
523.701458
547.804769
533.371506
521.000122
542.137610
529.956440
523.091842
541.833240
531.088448
537.698971
541.926144
542.900455
536.544432
542.089551
531.017311
537.722936
541.796931
543.435915
536.782898
546.133454
540.111010
536.439497
541.678481
528.256825
526.853814
548.029218
541.104050
538.449100
542.411172
528.237524
527.027194
547.364200
531.990969
519.971167
539.866668
530.112727
523.062337
548.656440
532.608717
519.593922
541.175406
530.920101
522.957838
541.032681
530.470363
537.684513
541.839812
546.039707
535.520296
541.251079
530.476872
537.989139
543.450680
547.548850
534.779368
547.389860
539.498518
537.900004
544.046333
529.512189
528.215566
547.772410
540.335683
538.150578
544.740495
531.924625
528.761425
547.070204
530.839057
517.579729
542.522701
530.186705
522.053065
546.784250
530.025918
516.725416
542.079038
531.679362
523.000787
543.853129
532.461798
538.277965
541.672104
546.503386
535.147149
544.786461
532.529674
538.042554
542.808821
547.406029
535.003065
547.223690
539.897006
538.313964
543.035967
529.447170
530.645472
548.248735
540.572873
537.926051
543.444051
530.299081
530.699806
546.263318
530.423887
515.184809
541.859151
530.417619
521.587247
547.275975
531.294193
515.806981
541.013065
530.298069
521.621195
545.624897
532.217714
540.017237
542.076636
547.978663
533.701975
545.589554
531.532045
539.795046
540.389303
546.085954
533.820817
544.793388
537.136954
534.431718
543.177045
529.792781
531.600752
544.508592
537.353628
533.715748
543.312434
529.782971
531.879862
546.112351
530.160077
516.303171
539.975347
530.496080
522.167267
545.792386
529.956837
516.962696
538.977962
529.973011
522.662442
545.801111
529.257669
539.455311
542.280539
546.817040
532.783893
546.775300
528.851344
538.686631
542.435901
546.960826
531.709062
542.914876
537.584982
534.503621
541.658985
530.136763
533.754449
542.650237
537.931948
534.175830
541.504184
530.100751
533.934818
544.857829
528.284944
517.565947
539.017262
532.425609
526.232672
543.813515
527.868490
517.222213
538.910877
532.499743
526.036602
546.077409
528.741294
538.369899
542.047465
546.884090
530.264027
545.601742
528.400180
537.644676
541.289778
548.418878
530.641089
545.281131
540.344773
534.371401
541.773256
530.232189
537.379296
544.400202
539.339132
534.442959
542.898327
530.912565
537.629968
541.855250
528.314086
516.681299
540.192478
532.640099
525.283200
542.771009
529.171969
518.113031
540.713768
534.100022
525.373081
546.146233
528.531177
538.216133
541.389851
545.699863
528.846365
547.499229
529.256582
538.356609
540.632513
544.684235
527.731371
544.485905
538.101137
535.372839
540.739933
526.833275
534.454602
544.303103
538.732522
536.389652
541.168202
529.503045
535.718847
543.200226
530.577151
519.392251
540.077421
530.562849
525.308537
543.077781
530.252763
520.353881
538.933810
531.127341
526.303083
547.899102
530.524828
540.145577
542.091424
546.708056
529.246239
548.259168
531.069608
540.973845
541.691015
546.033920
528.885617
545.389049
538.863404
537.307413
540.138298
528.438238
535.730366
545.500361
539.356355
537.977572
539.741928
529.627863
536.378839
543.834435
530.059529
520.423114
538.748190
530.363722
526.110048
543.673159
529.671401
519.437706
538.471771
530.480390
525.253697
549.708228
532.807555
540.589302
541.901514
544.426441
527.102988
549.788288
531.717715
539.226552
542.759504
545.604871
529.359876
544.868559
538.192942
538.731318
536.879426
528.715445
535.057966
545.704265
537.361727
538.607901
536.196629
528.570158
534.641740
542.481498
529.128807
519.998485
536.311992
530.514420
526.154735
542.187482
528.766515
520.147220
