0.197838
-0.328495
0.847227
-0.068516
-0.002955
0.266984
-0.934952
-0.401111
0.227142
0.071394
1.068950
0.475744
-0.014722
0.246884
-0.755840
-0.358387
0.251460
0.093412
1.079035
0.452810
0.004035
0.801592
-0.961098
-0.279390
0.175304
-0.332233
1.039087
-0.341950
0.008048
0.657769
-0.847349
-0.248205
0.119352
-0.168977
0.944547
-0.327303
-0.203075
0.573199
1.088080
0.558769
-0.005659
-0.014040
0.843426
-0.042753
-0.225624
0.664828
0.849506
0.550451
0.018994
-0.053233
0.781396
-0.143051
-0.006873
0.071560
-0.482468
-0.304782
0.287524
0.163147
1.190773
0.401776
-0.017795
0.206999
-0.444821
-0.172991
0.286420
-0.004281
1.272257
0.525929
0.029253
0.668640
-0.459274
-0.068541
0.063016
0.001871
0.720631
-0.344929
-0.043319
1.005092
0.735617
0.037994
0.026366
0.323562
0.561490
-0.344608
-0.057355
0.057618
0.354019
0.303107
0.080626
-0.103995
1.256465
0.143432
-0.157796
0.485475
0.549512
0.368762
0.062238
-0.211837
1.360216
0.227159
0.030894
-0.172431
-0.639643
-0.139532
0.280727
0.188553
1.350713
0.355628
0.036514
-0.286749
-0.484328
-0.158751
0.320051
0.276931
1.200924
0.250620
0.073256
0.782721
0.506498
-0.129418
-0.041221
0.077896
0.505845
-0.257507
0.070359
0.811226
0.255524
-0.132882
-0.042213
0.259894
0.623796
-0.259295
-0.175705
0.576235
0.296049
0.179917
0.005819
0.124752
0.656933
0.377060
-0.286692
1.099531
1.103465
0.260367
-0.003998
0.124422
0.665574
0.443201
0.032754
-0.292660
-0.874551
-0.040269
0.238920
0.025143
1.008457
0.127090
0.039532
-0.274761
-0.794061
-0.066534
0.243930
-0.036093
1.078780
0.211897
0.129026
0.855283
0.427410
0.137040
-0.204422
0.513530
-0.050360
-0.166553
0.011688
1.008186
0.380924
0.144876
-0.183716
0.336917
-0.239550
-0.212571
-0.218712
0.851487
1.062635
0.336600
-0.037310
0.398989
0.936495
0.572114
-0.216417
0.801947
1.078021
0.281576
-0.020469
0.386211
0.930831
0.496617
-0.005226
-0.037878
-0.314744
-0.017511
0.288661
-0.328091
1.260137
0.279068
-0.022963
-0.093233
-0.658527
0.176471
-1513.842898
183645.454588
-1513833.054001
535.924761
0.059677
1.199195
-0.123077
0.036063
-0.156852
-0.116542
-0.043355
-0.004250
0.057914
1.154173
-0.386299
-0.112358
-0.162809
-0.261125
0.073654
0.132529
-0.029558
0.636633
0.661918
0.011465
-0.090111
0.647984
0.913395
0.497447
-0.018317
0.826636
0.860511
0.084803
-0.187922
1.111894
1.147842
0.581024
-0.097931
-0.507756
-0.646437
0.059553
0.324178
-0.387050
0.810748
0.069768
-0.062938
-0.813862
-0.701773
0.078777
0.271322
-0.152407
0.703441
0.108849
-0.044659
1.317456
-0.333601
-0.039461
-0.162826
-0.213946
-0.055520
-0.050751
-0.055005
1.281251
-0.316151
-0.001087
-0.178602
-0.166891
-0.027601
-0.004457
-0.038475
1.190314
0.109291
-0.227500
-0.030255
0.663712
1.404650
0.568855
-0.127180
1.147678
0.465921
-0.135642
-0.051484
0.774813
1.464231
0.634896
0.027041
-0.983340
-0.898367
-0.007995
0.426583
-0.727120
0.577416
-0.056248
0.028320
-1.047359
-0.967737
0.079986
0.405109
-0.768002
0.603379
0.011565
0.016342
1.081410
-0.661114
-0.115320
-0.047872
0.384903
0.256584
0.003295
0.062241
1.222930
-0.796515
-0.255969
0.012558
0.313713
0.172399
-0.027381
-0.053076
0.966225
0.028240
-0.327462
-0.086656
0.733853
1.560055
0.746036
-0.072765
1.038101
0.281504
-0.326871
-0.020613
0.545686
1.575792
0.707238
0.058632
-0.589395
-1.029830
-0.146795
0.284635
-0.667759
0.591983
-0.024001
0.272861
-0.569280
-1.076831
-0.112080
0.257619
-0.605665
0.555398
0.035362
0.170595
0.581646
-0.919240
-0.248467
0.038118
0.304989
0.041897
-0.095153
0.111244
0.820951
-0.963777
-0.293841
0.040243
0.489931
0.348445
-0.106716
-0.193084
1.266887
0.466211
-0.306584
-0.020735
0.845964
1.011547
0.454563
-0.229638
1.366540
0.931865
-0.259854
-0.033379
0.912582
1.160808
0.383077
0.105178
-0.144606
-0.768668
-0.156981
0.261125
-0.691885
0.353359
0.022211
0.068912
0.480573
-0.793650
-0.190175
0.304798
-0.668811
0.428679
-0.064059
0.041978
0.539526
-0.754103
-0.179899
0.029311
0.622218
-0.218144
-0.200061
-0.031370
0.394048
-1.137795
-0.318258
0.046299
0.424145
-0.058527
-0.164118
-0.195052
1.233079
0.200241
-0.171150
-0.136769
1.157749
1.002243
0.439326
-0.144532
0.729041
0.127086
-0.138627
-0.157404
1.082057
0.770500
0.349615
0.165770
0.293840
-0.932088
-0.176311
0.290994
-0.633359
-0.120045
-0.102614
0.300104
0.116826
-0.721236
-0.234390
0.213334
-0.724889
-0.532241
-0.374819
0.067542
0.133034
-0.860866
-0.163038
0.070257
0.400639
0.297373
-0.150328
0.093576
-0.047826
-0.833224
-0.081930
0.087172
0.564730
0.072107
-0.219559
-0.173986
0.666767
0.485065
0.040075
-0.124498
0.767959
0.823394
0.254356
-0.176528
0.710943
0.507157
0.052952
-0.148210
0.940886
0.823949
0.272820
0.355525
-0.316028
-0.288134
-0.417801
0.283217
-0.640434
-0.421710
-0.234768
0.351933
-0.313751
-0.233709
-0.406059
0.237712
-0.580200
-0.119960
-0.159851
0.088164
-0.061095
-0.663068
0.010798
0.029189
1.076244
-0.139748
-0.445399
0.108962
-0.193140
-0.262822
0.125116
0.054394
1.073517
-0.036644
-0.426845
-0.198340
1.067428
0.754362
0.153539
-0.107011
0.399190
0.567975
0.007801
-0.226808
0.876792
0.875645
0.201569
-0.187589
0.750804
0.901507
0.175456
0.450227
-0.120804
-0.272663
-0.410222
0.163081
-0.541865
-0.339592
-0.219041
0.395428
0.317598
-0.541387
-0.507825
0.170779
-0.458155
-0.440712
-0.221357
0.148502
-0.420647
-0.453100
-0.107044
-0.040332
1.253268
-0.225821
-0.316458
0.136690
-0.213077
-0.499531
-0.195804
-0.060436
1.379973
-0.314048
-0.328636
-0.220671
1.094661
0.508444
0.229310
-0.168276
0.821309
0.490893
0.095210
-0.259803
1.080890
0.687933
0.334086
-0.191220
1.086260
0.032803
-0.190785
0.372566
0.233240
-0.623570
-0.408026
0.142143
-0.335597
-0.217222
-0.259175
0.374008
0.135861
-0.717064
-0.459220
0.081657
-0.222309
0.056758
-0.111072
0.105197
-0.239260
-0.767587
-0.310150
-0.029581
0.219851
-0.732446
-0.262038
0.099423
-0.376277
-0.761912
-0.267662
-0.066705
0.417403
-0.580331
-0.285175
-0.214620
1.091763
0.692092
0.329993
-0.228329
1.123526
-0.041083
-0.150358
-0.271191
1.161663
0.645889
0.259907
-0.217765
1.268738
-0.121468
-0.262920
0.126921
0.195421
-0.638455
-0.469911
0.199283
0.016990
0.081231
0.135405
0.204938
-0.141063
-0.352552
-0.469195
