0.703643
0.208380
2.325670
1.394720
0.319982
3.651988
0.098632
-1.046883
0.383045
2.473767
1.018595
-0.088156
0.445485
1.973886
1.729785
0.608629
0.839696
-0.341069
1.064662
0.066632
0.290746
3.993811
-1.025819
-2.298858
0.532290
2.224257
-0.161405
-1.420245
0.953513
-1.687991
1.680669
0.523379
1.416495
-3.531464
1.021401
-0.006321
0.316826
2.332355
0.029444
-1.207415
1.943028
-6.027607
-0.793456
-1.838588
0.388347
2.041321
-0.193941
-1.079232
-0.213111
4.949078
-0.467457
-1.864882
0.083903
2.956546
0.611781
-0.660617
0.607717
1.547665
1.737921
0.478616
0.628982
2.192806
0.392163
-1.237993
0.075788
4.926156
0.174722
-1.128625
0.653700
0.813057
-0.333657
-1.350030
1.191548
-0.534106
-0.445887
-1.843752
0.557376
2.256411
1.081473
-0.528749
-0.144076
4.805554
0.264902
-1.198574
-0.241058
4.378036
1.040846
-0.279804
1.655216
-5.718585
0.447305
-0.160736
-0.265236
4.147387
0.550833
-0.375344
-0.087262
4.066220
1.058194
0.073435
1.453412
-4.870858
0.827388
-0.062393
0.686914
1.243551
0.267272
-1.072005
0.402818
3.108669
1.212959
0.003425
0.124906
3.006558
2.147711
1.273368
0.567488
0.577100
-0.217804
-1.143534
0.232795
2.457432
2.658358
1.478713
0.286363
1.902333
-0.361629
-1.375039
0.387526
2.081399
0.187851
-1.140878
1.094007
-0.757938
1.765190
0.593780
1.154639
-3.554301
0.240637
-0.466065
0.593450
1.385943
1.581373
0.412737
0.336166
2.793731
0.135302
-1.077515
0.715590
-0.311449
1.040225
-0.248405
0.727515
-0.367173
2.871022
1.788929
0.386355
1.603927
2.076411
1.336194
0.758543
-0.486341
1.309059
0.166957
1.082432
-2.226857
3.070815
2.023368
0.498988
1.513392
0.564856
-0.799126
1.011911
-1.293303
2.329641
0.935179
-0.828303
8.328365
3.153719
1.534802
-0.370486
6.380131
2.215176
0.675481
0.879907
-0.534914
-0.972522
-1.812024
0.702958
-0.192190
0.285324
-0.775612
0.508760
2.800604
2.107970
0.814781
1.117116
-1.168725
-0.958411
-2.046110
0.131294
3.416528
0.418669
-0.744767
-0.222934
6.105144
-1.571833
-2.919455
0.213228
4.251678
1.045192
0.102700
0.670002
-0.518054
3.006718
2.209863
0.992523
0.509220
-0.711116
-2.012590
1.699297
-4.495411
1.342408
0.197626
0.507824
1.170359
1.805458
0.754002
0.481062
2.338160
-0.726988
-1.828722
0.797735
0.841713
0.973724
-0.251251
1.467175
-2.149377
0.506425
0.036820
0.102219
4.384105
1.699225
0.148434
0.967821
0.742729
-1.699288
-2.731981
0.908834
0.276409
0.787215
-0.333720
0.762804
0.184861
0.452489
-0.931890
0.856609
1.361933
0.947868
-0.261223
2.075865
-6.194879
0.147556
-0.735062
0.470168
4.554882
-0.343970
-1.516296
1.735605
-5.473626
0.014701
-0.633533
0.524365
1.094388
0.788252
-0.693062
1.309383
-2.548917
0.231161
-1.137563
0.313189
3.597847
0.186465
-0.728133
0.835278
0.084261
0.796919
-0.620471
0.747337
0.180051
2.293745
1.221382
1.049341
-1.474315
0.623425
-0.238359
0.612697
1.313515
-0.178935
-0.764316
0.143694
2.223605
1.455638
-0.053952
0.995117
-1.512595
2.542186
1.306917
0.564593
2.334510
0.824868
-0.182453
1.540656
-2.142528
-1.036066
-1.797668
0.460522
1.821659
-0.756998
-1.755081
0.493080
1.712077
0.163475
-0.902022
0.445454
2.092726
-0.462479
-1.677359
0.423048
1.280492
1.205290
0.002838
0.408072
2.394380
0.668630
-1.052750
1.255823
-2.268093
0.775442
0.097536
0.116267
4.964743
-0.244911
-1.710176
0.265813
3.643986
0.439391
-0.564769
0.382083
2.525772
-1.257457
-2.450224
1.838639
-5.647266
-1.345839
-2.462894
0.061649
2.768907
2.461581
1.131954
1.115101
-1.565917
0.424776
-0.777706
0.570823
2.435173
0.760554
-0.540996
1.464803
-3.236814
1.086544
0.175252
0.256195
4.607062
0.314151
-0.670120
0.927378
-0.267362
-0.430890
-1.670244
0.444009
2.340920
1.300882
0.271437
0.178607
3.268761
1.963677
0.674208
0.737539
1.103772
-1.534580
-2.499972
-0.018586
4.978706
-0.420170
-1.465892
1.022484
0.239058
-0.558228
-1.438597
0.267900
3.997331
0.097384
-1.131994
0.561396
0.955366
0.985941
-0.247283
0.759602
1.931268
0.015340
-1.455991
0.545663
1.349662
0.426150
-0.816428
1.286909
-3.024131
1.437088
0.716300
0.260324
3.081953
3.603621
2.135118
0.866768
0.259759
1.248744
-0.182343
1.014042
-0.378425
0.895506
-0.277473
0.425076
2.687417
0.839445
-0.298213
0.768156
0.915887
-0.716026
-1.538364
1.441965
-2.426240
-0.886991
-1.888460
0.038098
4.275298
0.821182
-0.465068
1.007835
0.900099
-0.826635
-1.931629
0.369274
2.258319
0.414287
-0.789935
1.449655
-3.253534
0.954550
-0.021404
0.566321
1.769858
-0.949767
-1.910983
0.818588
0.481959
0.494361
-1.037609
0.884155
0.957727
0.021434
-1.099839
-0.553469
7.365157
1.212438
-0.091028
1.424506
-3.018156
1.905827
0.651107
1.037387
-2.557075
0.865349
-0.108374
-0.164668
6.016039
0.862097
-0.653885
1.015539
-0.476952
-0.269386
-1.767938
0.356667
2.846883
0.611253
-0.907951
0.557984
2.301633
0.025273
-1.182681
1.023871
-1.248485
0.899439
-0.071676
0.631914
1.845739
1.002308
0.089109
0.677266
0.428753
2.006327
0.704604
0.680456
0.270690
3.761439
2.546104
0.528955
2.638336
-0.673000
-2.166009
1.045655
-1.506519
1.415732
0.367965
0.856357
1.038494
-3.288888
-4.032258
0.715635
0.153510
1.594686
0.413493
0.686063
0.300393
1.161785
-0.092736
0.778790
0.868702
-0.206376
-1.594072
-0.393936
8.109909
0.693967
-0.720081
1.340973
-2.022458
0.806722
-0.169956
0.405476
2.175444
1.236611
0.097541
0.646353
0.463617
0.563813
-0.437802
0.248860
3.700067
3.030197
1.614815
0.614768
2.891329
1.266771
-0.088772
0.867474
0.913824
-0.248706
-0.963706
0.722163
1.005143
0.695975
-0.312980
0.819798
0.736746
0.245281
-1.128933
-0.095952
4.890496
1.247714
0.150632
1.057911
-1.900820
0.611921
-0.393316
-0.001585
5.510547
0.177020
-1.190101
1.299668
-1.358191
-0.429301
-1.356565
0.488446
0.942895
3.937285
2.520359
0.067553
3.896970
1.110241
0.027477
-0.298234
7.054342
0.596811
-0.872463
0.482715
2.579986
0.136885
-0.878305
0.422361
2.351824
0.523263
-0.705887
0.213536
2.307113
0.637318
-0.222938
0.720417
1.646682
-0.327465
-1.836054
1.377217
0.205014
-1.818659
-3.045818
0.386844
2.556832
-0.050822
-1.478208
1.519150
-3.636832
2.024566
0.636479
1.159213
-1.304483
-0.397097
-1.870367
0.438250
1.952019
2.101377
1.005758
0.274375
3.402017
0.080644
-1.077724
1.025340
-2.173823
2.058562
1.180614
1.473075
-2.183374
-1.462569
-2.554861
0.768144
-0.101624
2.324542
1.464902
1.035752
-1.819076
0.496853
-0.487731
-0.321883
6.461601
2.526011
0.999028
1.050566
-1.049562
0.160525
-1.004203
2.322220
-8.039965
1.558880
0.319388
1.271069
-1.652101
-0.588970
-1.823289
0.744092
1.607228
-0.740237
-1.849280
1.260563
-1.125422
-1.290729
-2.298663
0.401966
1.175822
3.205219
2.105789
0.009622
5.316215
0.672417
-0.498339
1.380715
-3.207168
0.837084
-0.503195
1.051283
-0.949870
0.500176
-0.546111
1.258492
-2.374659
0.519976
-0.663619
0.781885
-1.660126
1.670153
0.888014
1.541177
-2.267548
-1.943590
-3.081482
-0.014758
4.580882
3.611229
2.426970
0.999238
-0.541322
-0.797393
-1.866201
1.264938
-2.696539
1.225794
-0.031952
0.813548
0.506234
0.335799
-1.107546
0.833961
0.360313
0.121056
-0.999790
1.216722
-1.323926
-1.392223
-2.258049
1.869988
-4.595741
-0.090341
-1.215419
1.602820
-3.780305
0.691002
-0.139033
0.890858
0.012306
0.647047
-0.280968
0.311578
4.805090
1.173539
-0.096235
1.355201
-1.370105
0.314524
-0.896438
1.123128
-2.401175
0.907375
-0.205389
-0.016843
4.749349
1.645679
0.136227
0.662724
0.254267
0.571965
-0.591408
0.626318
1.093486
0.940359
-0.409007
0.345731
2.274513
2.139900
0.940146
0.597192
0.776257
0.353741
-0.804326
0.739457
0.943100
-0.028314
-1.315181
0.611324
2.247450
-0.305289
-1.736644
0.980858
-0.328042
1.536197
0.393910
0.541608
2.377154
0.093924
-1.286637
0.365327
2.078320
1.137463
0.018543
0.225987
1.335144
2.211490
0.981529
0.650708
0.666048
1.581018
0.780343
0.512996
2.389637
1.465461
0.249297
1.101573
-2.694817
0.170473
-0.822159
1.284097
-3.599809
2.604434
1.534699
1.213185
-2.042828
0.815949
-0.252086
-0.604848
8.139421
0.872713
-0.807459
0.922577
-1.977872
2.453144
0.900409
0.823979
-0.580218
2.321649
1.076179
1.058896
-1.421164
2.541131
1.222839
0.472527
1.370181
1.842030
0.694186
0.142670
4.391649
-0.618621
-1.591457
0.660937
0.949133
2.669279
1.763050
0.238985
3.924253
0.838862
-0.404135
1.254701
-1.749479
1.416659
0.174669
0.740567
-1.036566
4.509509
3.299503
0.663686
0.788126
-1.655600
-2.692396
0.416720
1.830961
1.552210
0.350462
1.135359
-1.545750
-0.447215
-1.682261
0.492472
1.506482
0.577648
-0.760577
1.173713
-2.314357
2.704411
1.678797
0.327950
2.390527
0.274260
-0.796402
0.512266
2.624162
-0.724146
-1.595882
0.812409
-0.781371
1.258369
0.137698
0.615084
2.413876
2.643215
1.149927
1.070313
-1.481769
0.855074
-0.241273
0.245765
3.082668
1.995842
0.901513
0.770973
1.830654
1.142735
0.197396
0.738780
0.405107
-0.468974
-1.759252
1.360475
-1.021802
-0.584448
-1.664913
0.764111
-0.972661
4.198746
2.991558
0.692850
1.549982
-1.215407
-2.469614
0.420948
3.396113
0.093979
-1.458053
2.025141
-4.808573
-2.014885
-3.416091
0.811368
0.875877
0.523653
-0.710990
1.807760
-2.887189
-1.510748
-2.758805
0.707843
1.077876
-0.342879
-1.413040
1.624222
-5.461808
1.598934
0.671668
0.779868
0.814034
-0.209502
-1.646499
0.853386
-0.347491
1.663101
0.319644
0.855019
1.524301
-0.910150
-2.154908
0.799262
2.451979
-0.306372
-1.259101
1.080591
-1.482120
1.889848
0.676774
0.123610
3.019009
2.106148
0.800999
1.460801
-2.134606
-1.560351
-2.347669
0.679139
1.843816
-0.600867
-2.097024
1.733143
-3.469642
0.585704
-0.546316
1.043465
-0.792870
0.430878
-0.888873
0.682929
1.435565
1.075963
-0.250199
1.043100
-1.681753
1.525434
0.451726
1.082896
-1.908025
0.500279
-0.537406
1.526024
-4.050328
0.578528
-0.507358
0.218617
5.060945
-0.310145
-1.577534
0.970333
-1.948327
2.543527
1.462514
1.149977
-0.290810
-0.891165
-2.034095
0.057706
4.161901
2.401900
0.925491
0.504524
2.143973
-0.040272
-1.300259
0.498891
0.389208
4.015183
2.771303
1.185579
-2.269941
1.040433
-0.124167
1.008018
0.365915
-0.626639
-2.092091
0.760006
-0.200411
1.445822
0.261150
0.794358
-1.128545
2.334475
0.862520
0.259213
4.327673
-0.913866
-2.221717
0.338954
4.318097
-1.331592
-2.347551
0.405540
2.610253
0.878686
-0.554059
0.577537
1.045396
0.643232
-0.787031
0.295567
2.663577
1.800614
0.115395
-0.358624
7.154092
0.961011
-0.383552
0.776868
-0.470738
-0.317686
-1.815681
0.954928
0.196311
-1.117081
-2.420162
0.471647
2.024376
0.276814
-0.844802
0.497256
2.759990
-0.329676
-1.809186
0.893847
1.019793
1.006694
0.161864
0.797189
1.376301
0.094104
-1.230305
0.595625
1.289813
0.892204
-0.191382
1.446990
-2.999168
0.003621
-0.786616
0.531791
3.112221
-2.206245
-3.220752
0.916138
-0.236526
0.056057
-1.009548
0.366755
2.475441
1.610019
0.382475
0.176597
3.060355
0.317907
-0.697711
