0.000338
41.552637
0.329562
0.119140
-0.004067
30.869006
-0.227180
-0.130200
0.094419
-16.147144
-0.114520
0.035535
0.059247
17.226735
0.421968
0.007598
0.012262
35.750542
0.170116
-0.068962
0.074343
-7.453444
-0.040716
0.059815
0.043189
36.113799
0.007394
-0.128655
-0.070463
61.285648
-0.044262
-0.150606
0.141096
4.994903
-0.123179
0.013042
-0.097506
83.785739
0.309129
0.099063
0.079517
10.103591
-0.247661
-0.107012
0.013173
19.434149
0.029211
-0.056886
0.004257
42.932849
0.318435
0.122919
0.010481
25.593341
-0.223059
-0.145760
0.083795
-11.067317
-0.111178
0.032937
0.052901
20.745090
0.407139
0.004622
-0.005183
42.501341
0.136429
-0.047883
0.072886
-7.061422
-0.011482
0.065004
0.046863
37.652380
-0.013707
-0.134877
-0.061909
57.909320
-0.047357
-0.134145
0.132115
3.885323
-0.144319
0.000403
-0.092846
85.978471
0.314776
0.099505
0.078419
10.982628
-0.257245
-0.131559
0.016439
22.597490
0.024388
-0.048926
0.013822
39.696640
0.284290
0.078480
0.006683
28.608842
-0.212146
-0.149488
0.071671
-12.842395
-0.152394
0.030201
0.053060
23.326231
0.364073
-0.006139
-0.002348
42.276778
0.148906
-0.071357
0.075217
-7.543305
-0.018936
0.058091
0.047802
35.490946
-0.049014
-0.156019
-0.061482
63.463806
-0.057886
-0.134214
0.136888
4.267258
-0.062273
-0.010416
-0.090394
87.560952
0.254162
0.085064
0.075244
8.044064
-0.185004
-0.121972
0.005038
23.548294
0.073718
-0.019155
0.021286
35.059684
0.258593
0.112461
-0.003000
29.244700
-0.225818
-0.134194
0.092200
-13.628050
-0.057021
0.033169
0.058244
20.614229
0.373710
0.014210
0.008797
37.853919
0.089555
-0.106222
0.081803
-9.435733
-0.014687
0.056939
0.041481
36.144682
-0.079500
-0.170718
-0.064037
66.176724
-0.056425
-0.139093
0.144557
0.843895
-0.062106
-0.017422
-0.078281
81.798153
0.246654
0.079268
0.067369
14.244842
-0.180229
-0.132285
0.005022
22.540547
0.134605
-0.006979
0.011985
40.197403
0.235567
0.096319
-0.009468
31.707430
-0.280878
-0.136278
0.082983
-8.512962
0.073782
0.039430
0.043236
26.970792
0.431937
0.012021
0.014397
35.782675
0.113461
-0.103297
0.095976
-7.500224
-0.030059
0.055864
0.052212
29.469692
-0.059315
-0.161648
-0.055685
62.587663
-0.014633
-0.134538
0.151289
-3.826808
-0.045897
0.016531
-0.090631
86.014329
0.255604
0.077208
0.056952
17.976827
-0.108438
-0.118023
0.004718
22.315293
0.144378
-0.030382
0.007152
42.437943
0.225455
0.070038
0.006363
28.843735
-0.294335
-0.163481
0.084806
-7.118950
0.071797
0.028753
0.055245
22.422512
0.419482
-0.003681
0.005284
39.295181
0.081949
-0.114743
0.094855
-9.391493
-0.011253
0.063337
0.054453
26.848346
-0.085674
-0.167956
-0.036023
58.503469
0.013896
-0.137018
0.152750
-3.785407
-0.051613
0.011021
-0.099907
90.718447
0.268154
0.091649
0.057029
19.780360
-0.126856
-0.128761
0.012418
22.573972
0.210777
-0.010978
0.009875
39.313879
0.282576
0.097167
0.004474
28.563975
-0.322056
-0.159120
0.093083
-7.844972
0.107707
0.034427
0.053553
24.530308
0.442370
0.006952
0.011239
36.983777
0.099849
-0.118186
0.091408
-7.521458
0.007979
0.069506
0.061750
25.588221
-0.060043
-0.162660
-0.033057
55.919102
0.053240
-0.128657
0.148836
-2.514217
-0.044357
0.019923
-0.079242
83.893078
0.279054
0.062397
0.066104
10.123165
-0.100848
-0.118476
0.016261
21.119627
0.198832
-0.015807
0.000850
38.878354
0.274600
0.093803
0.008340
24.791000
-0.282306
-0.149748
0.078215
-2.660557
0.066882
0.030080
0.045443
27.234370
0.453244
0.016190
0.023139
34.946807
0.094092
-0.124443
0.098881
-10.016550
-0.088987
0.077947
0.069829
20.619571
-0.074492
-0.160127
-0.020743
52.853417
0.094710
-0.120760
0.154736
-6.473549
-0.102071
-0.004854
-0.079500
81.719468
0.278611
0.066752
0.055608
11.792349
-0.087874
-0.113858
0.018855
20.958622
0.238018
-0.006284
0.001821
37.632484
0.302878
0.093538
0.001886
30.818498
-0.212866
-0.171251
0.076479
-3.642023
0.028015
0.024522
0.062779
20.514627
0.427020
0.024214
0.031854
30.612289
0.088678
-0.114836
0.122016
-20.294937
-0.040165
0.087979
0.065835
22.079067
-0.074467
-0.185026
-0.017958
50.200842
0.072505
-0.127717
0.154532
-8.950963
-0.029556
-0.012922
-0.077753
80.958469
0.258259
0.049711
0.058721
12.488153
-0.080521
-0.120249
0.031507
17.715894
0.248740
-0.006230
-0.005157
37.959919
0.316684
0.104703
0.011179
30.741375
-0.278076
-0.189014
0.074636
-3.168867
0.022757
0.036083
0.059126
20.912091
0.392867
0.027842
0.021289
33.742456
0.078841
-0.118001
0.115906
-14.643269
-0.048281
0.076257
0.054926
29.329006
-0.054529
-0.168447
-0.002000
46.364799
0.062793
-0.119546
0.144754
-1.881589
-0.000448
-0.027851
-0.078403
79.541315
0.287644
0.051126
0.059582
10.713005
-0.022107
-0.089679
0.030402
17.003473
0.268113
0.016315
