0.807404
0.336404
0.324782
-0.566831
0.716525
0.346552
3.178413
2.160481
0.381234
2.173869
0.980748
0.022388
0.574190
1.018897
2.821793
1.572719
0.863962
-0.478969
-0.392695
-1.404130
0.561748
2.345896
0.477984
-0.824177
0.498233
1.821161
1.476275
0.197722
0.348583
4.274497
0.441032
-1.125255
1.071672
-1.822283
0.995126
0.331919
0.134884
3.366373
1.778624
0.676830
-0.267937
5.253256
1.046404
-0.278789
1.803723
-4.562433
0.128396
-0.695139
0.276323
3.727869
1.115778
0.008384
0.698263
0.500696
0.875410
-0.456091
0.136639
3.707945
1.831559
0.667644
0.754335
2.087986
-0.238372
-1.126671
1.187145
0.124235
-0.398279
-1.718287
1.330887
-3.402467
0.618132
-0.414745
0.444791
3.203195
1.459789
-0.123190
0.269148
3.632300
1.550391
0.270220
-0.340274
5.398775
3.292271
1.869168
0.164043
2.520287
2.092445
0.908754
-0.103378
4.059406
1.422622
0.149398
1.182165
-1.549276
0.353410
-0.944066
0.561528
3.100744
0.839990
-0.637661
0.216295
3.839208
0.334341
-0.971345
0.483216
2.727344
0.992124
-0.580371
0.424999
2.567250
1.010276
-0.203782
0.376060
2.908094
0.507352
-1.039303
0.352768
1.772735
1.574794
0.297529
0.490079
0.983087
1.074560
-0.031624
1.189500
0.512283
0.282250
-0.794822
0.869352
1.127914
0.484219
-0.558451
1.455467
-2.582404
0.303883
-0.712760
-0.070454
5.189375
2.174264
0.901380
0.375226
4.217357
1.773868
0.556536
0.436672
2.307386
0.030431
-1.324408
1.194305
-1.463384
2.469785
1.466895
1.023075
0.275557
0.201822
-0.976899
0.689141
0.746980
0.593597
-0.638008
0.515619
0.988277
3.086327
1.706706
-0.231414
6.080697
2.567219
0.877372
0.481325
1.720407
0.910339
-0.159386
0.582846
1.968543
1.624535
0.388690
-0.013822
5.277708
2.452848
1.351247
1.328339
-2.997558
-0.469120
-1.957036
1.238523
-1.658846
-0.767822
-2.141708
1.202857
-2.064464
0.599936
-0.677877
0.932212
1.429765
0.204509
-1.149491
0.590527
2.132331
-0.191386
-1.849683
1.142299
-2.304745
-0.057152
-1.538987
0.933144
1.839322
-0.682089
-1.930228
0.698611
1.560571
-0.240424
-1.336503
-0.278348
6.055347
1.216726
-0.344662
0.611093
0.998881
0.207436
-1.008492
0.661396
1.601911
0.377402
-0.719515
0.394211
2.721472
1.305631
-0.104384
1.062258
-0.447603
0.741981
-0.574487
0.912785
-0.134848
-0.048705
-1.271919
-0.545461
7.505870
2.001914
0.480789
1.131631
-0.739040
-0.258870
-0.956139
0.952031
0.256125
1.043375
-0.175481
0.322385
2.237970
1.707278
0.898985
0.074863
4.230948
0.190963
-1.199182
1.514508
-5.556717
0.780068
-0.064094
0.761520
0.952424
-0.843570
-2.196059
0.479235
1.157342
0.567135
-0.389702
0.783122
1.339263
-0.039773
-1.334155
0.386769
2.189339
2.219694
0.816961
1.125014
-3.455297
2.834093
1.484267
0.677387
0.833663
0.810352
-0.340154
0.363966
1.989784
2.040016
0.605402
0.481549
1.193464
1.624999
0.216328
1.018242
-1.124325
2.653964
1.459796
0.616943
1.262888
2.904204
1.830244
0.103691
3.766818
0.437027
-0.909997
1.287516
-2.739551
0.105745
-0.804403
0.599168
1.804834
-0.369276
-1.644662
1.365586
-3.062976
1.320903
0.463279
1.656897
-4.237589
1.687847
0.662572
0.718607
0.393589
1.644378
0.762761
0.871604
-0.921945
2.068131
0.676274
1.318408
-3.354464
2.909807
1.633611
0.450812
2.451656
-1.296638
-2.274139
0.780447
2.244138
0.940011
-0.667851
-0.432844
7.818422
-0.423433
-1.382221
-0.317595
6.603063
1.251662
-0.010542
1.085917
-1.307093
0.700071
-1.030971
-0.057546
5.997944
0.611661
-0.649265
-0.039242
4.064355
0.516201
-0.611231
0.341123
2.299719
1.453932
0.043480
-0.410591
6.894918
-0.577503
-1.806367
1.047970
-0.079401
1.563524
0.221755
1.125615
-1.125699
-1.247758
-2.261375
0.664554
2.471254
-0.021359
-1.237457
0.755533
-0.321990
1.178229
0.524301
-0.080066
4.903910
0.687156
-0.752690
0.132323
2.646347
1.524833
-0.014114
-0.003405
5.705130
1.230411
-0.262597
0.966581
-0.756136
1.344121
0.102025
0.694781
0.651648
0.364022
-0.845045
0.863264
-0.992971
2.080869
1.112107
1.043172
-0.194880
-0.259214
-1.581830
0.012883
3.617623
1.531516
-0.041965
0.758731
0.596843
0.964524
-0.239411
0.468708
2.087202
0.661655
-0.446977
0.362876
2.645961
0.173877
-1.350978
-0.626039
7.272989
0.239695
-1.246871
-0.071338
5.825044
0.479853
-0.942466
0.210839
2.650891
-0.814852
-1.850612
0.735840
0.476406
1.736265
0.229083
-0.360747
4.917364
0.743762
-0.495800
1.597828
-3.221809
-1.123722
-2.476332
1.050122
0.219025
-0.159360
-1.715491
0.439568
3.083401
2.489591
0.955939
1.112475
-1.026639
-0.257148
-1.154975
0.426150
2.760364
0.419740
-0.883385
0.743989
0.699773
0.686926
-0.443723
-0.276668
7.123556
-0.803873
-1.994213
0.035717
3.830457
2.672512
1.362542
0.899019
0.998220
-1.064713
-2.472187
-0.399985
4.738183
2.709543
1.180614
0.407721
2.673268
1.407981
0.333570
0.823359
0.065830
-0.312168
-1.656392
0.267731
2.625805
0.800799
-0.394803
0.744134
-0.327167
1.452732
-0.143637
0.881328
-0.193420
0.659592
-0.582729
0.553179
0.199401
1.759446
0.404181
0.220593
3.395466
1.454170
0.179126
0.414823
1.746512
0.458706
-0.963258
1.065672
-2.088018
1.650093
0.208375
0.941067
-1.229393
1.989156
0.796661
1.150296
-1.329696
-0.262427
-1.308341
0.694623
0.503808
0.186427
-1.023056
0.063111
6.315314
-1.940051
-3.194450
1.014660
-0.594055
1.607629
0.710934
2.078910
-7.568254
1.049767
-0.341159
0.299280
3.634912
0.175482
-1.065580
-0.627955
6.406838
2.615513
1.111830
0.530584
2.648268
-0.638934
-1.941319
0.057752
3.740334
3.277254
2.065025
0.882341
-0.516934
2.252744
0.921673
1.407593
-1.929207
-0.610412
-1.556961
1.004983
-0.966693
0.536949
-0.967076
1.107229
-0.745968
0.623061
-0.350422
0.562144
0.535677
1.559170
0.682018
0.286621
1.438554
2.214938
1.190449
0.111776
3.919452
2.594129
1.254556
0.839334
0.595106
-0.183609
-1.138777
0.780249
-0.531671
1.645532
0.380723
0.407136
3.451482
-0.637981
-1.630985
0.302301
1.740218
1.069334
-0.166497
0.519196
2.674234
1.114677
-0.219999
1.679056
-3.911643
0.680480
-0.596600
0.784706
1.536043
0.145120
-0.979886
1.301056
-1.355281
-0.897024
-2.071287
0.805689
2.642611
0.502510
-0.595030
0.982680
-0.974919
2.516025
1.343063
1.366023
-2.491594
0.578487
-0.232978
0.990418
-1.199643
1.269617
0.115683
-0.178271
3.934360
1.795427
0.313732
0.425836
0.812741
1.212312
-0.194293
1.560370
-4.585425
1.780622
0.716799
0.713950
-0.540683
2.396014
1.367084
0.555660
0.458647
3.636711
2.527652
0.076128
2.788148
0.777770
-0.376978
0.934736
0.373463
0.497758
-0.955714
0.109835
4.672347
-0.079432
-1.238924
0.579137
1.516397
0.436594
-0.576745
0.636896
1.776950
0.986655
-0.253047
0.980429
-0.248778
0.760146
-0.201265
0.477055
2.169757
-0.563665
-1.829785
1.195174
-0.273308
-0.318646
-1.575265
0.939641
-0.323705
0.950836
-0.113500
0.510114
0.242021
2.940639
1.690269
0.876642
0.878764
0.310152
-0.870135
0.481477
0.957824
3.935399
2.772295
0.971232
1.200316
0.707341
-0.647334
0.753822
2.216120
0.674878
-0.532013
0.805067
1.449963
1.314620
-0.182557
-0.204083
6.962878
1.062095
-0.252072
0.856064
0.194704
1.331759
0.265448
1.236924
-1.473182
0.512369
-0.631581
-0.083517
4.792971
-0.357450
-1.251702
1.717891
-4.227011
-0.442498
-1.754295
0.387351
1.246942
2.929272
1.887203
0.613941
1.274733
-0.208889
-1.622298
0.732731
0.928464
0.503723
-0.808021
0.742933
2.361197
-0.665849
-2.099144
0.474494
1.875231
0.543907
-0.588187
1.394024
-2.831280
-0.547843
-1.514403
1.292100
-1.794299
0.111302
-1.077416
0.718198
0.301606
-0.491776
-1.651158
1.360766
-2.347499
1.683450
0.843026
1.031912
-1.304589
0.531916
-0.595964
1.638581
-4.047417
0.858368
-0.339842
0.742730
1.006860
1.059459
-0.187614
0.858835
-0.197820
2.693212
1.285721
0.418656
2.395897
0.757386
-0.263034
0.761837
-0.327418
1.595458
0.503249
1.162041
-2.598672
1.424426
0.476349
1.537075
-3.517663
1.350890
0.048763
0.777333
1.812723
-0.584109
-1.707508
0.508080
0.894251
1.352328
0.438541
0.335798
3.189751
1.052514
0.234283
0.939385
0.236871
1.102879
0.020789
0.840117
0.175376
-0.079933
-1.145073
0.370518
2.765188
0.190961
-1.006153
1.184886
-0.954990
-1.021962
-2.132407
1.211729
-1.665414
0.023793
-0.935961
0.290049
3.220438
1.501380
-0.049307
1.275241
-2.428861
2.347898
1.447096
0.690981
2.201241
0.180849
-1.072878
0.700342
1.579508
0.832022
-0.374700
0.933017
1.712845
-1.191886
-2.401864
-0.281518
5.296082
3.245414
1.843962
-0.179206
4.065240
2.038375
0.849536
0.801703
0.586030
-1.182410
-2.059534
0.163031
4.192265
0.291039
-0.952297
0.460735
1.850004
1.174505
0.057497
1.271980
-0.834152
-1.206857
-2.375755
0.924806
-0.538233
1.580099
0.795428
0.471149
0.890087
2.619800
1.403271
0.594131
2.379992
0.905829
-0.369638
-0.406199
5.512984
2.656401
1.338570
0.615475
0.462706
0.451575
-0.528734
0.847086
0.492277
1.719163
0.654843
1.246150
-2.052334
0.766732
-0.010824
1.628869
-3.181094
-0.653066
-1.877322
0.479106
2.738611
-1.315849
-2.544674
0.629729
0.193834
2.574797
1.498621
0.151411
4.627733
0.240524
-0.703440
1.528504
-2.659225
0.616109
-0.603497
0.801074
0.509998
-1.338417
-2.720898
0.217923
2.613046
1.951266
0.663388
0.904973
-0.160735
0.290058
-0.908135
0.003444
2.405914
2.660511
1.647116
0.758863
0.978078
1.254737
0.145137
0.929194
0.419870
0.202901
-1.155644
-0.326488
5.469059
1.472723
0.043121
1.263974
-1.284142
-1.046654
-2.080395
0.666342
2.235246
-1.516561
-2.483760
0.614255
1.723019
1.367252
0.494818
1.100164
-0.412870
0.010700
-1.181606
0.799971
0.615559
0.984422
-0.038505
0.666518
2.339101
-0.033836
-1.366524
-0.611135
7.440186
1.097049
-0.547887
0.267708
2.553645
1.773276
0.715449
0.619127
1.050454
3.655937
2.413489
1.455599
-0.532650
-3.435285
-4.179232
0.604379
2.371157
0.513880
-0.771225
1.559849
-1.763064
-1.515273
-3.040561
0.510401
1.222644
1.503993
0.412540
1.108699
-1.555660
0.194243
-0.416343
1.345854
-3.825258
0.367799
-0.715369
0.645638
1.153812
0.490573
-0.845695
0.503409
1.152269
3.071744
1.892013
1.163976
-1.640354
0.544002
-0.526130
1.114488
-0.717387
0.529504
-0.564105
0.704530
0.286617
2.200170
1.093305
0.452584
1.567914
0.626218
-0.723699
0.745526
-0.670635
4.288499
3.161516
0.791892
0.142321
1.567526
0.321688
-0.059704
3.839285
0.907137
-0.199402
0.467897
2.946753
0.552881
-0.539239
0.870365
0.126002
-0.345852
-1.383533
0.777941
1.005117
0.713492
-0.652876
1.074781
-3.071055
1.902114
0.971415
-0.763713
8.244698
1.917167
0.398723
0.520104
0.740419
3.495947
2.367869
-0.128538
6.224457
-1.449409
-2.510121
0.458499
1.655842
0.534533
-0.489699
0.262796
2.756304
0.822510
-0.483967
0.913866
-0.492289
-1.746900
-2.824027
0.319019
2.136648
1.550811
0.277137
1.893834
-5.034066
-0.844343
-1.553932
0.405871
2.407736
-0.555031
-1.926871
0.493382
1.628029
2.594046
1.272053
1.904988
-6.653432
1.951990
0.803577
0.712311
1.480662
-1.027393
-2.256347
