-3298.621160
17520365.222840
-12397.244681
127.021579
-383.076257
2000800.577973
3245.960298
198.396526
0.045285
13.884325
0.099882
-0.049409
-384.266782
2007061.516821
3255.567708
198.525361
0.046432
13.355103
0.102399
-0.048442
0.030566
166.410166
0.741453
0.028459
-1926.430368
4163047.401041
50775.813752
2.277175
0.029975
166.722872
0.743521
0.028394
-1935.261735
4182122.976677
51008.481159
2.286750
-14824.739269
52155186.655870
316466.488009
49.118325
-3304.010040
17544773.368773
-12305.982033
127.212802
-14833.649179
52186531.965991
316656.447699
49.146639
-3305.165460
17550003.618351
-12286.127691
127.253467
-388.134980
2027409.446863
3286.455617
198.963668
0.046031
13.260782
0.108498
-0.045948
-389.325486
2033670.650148
3296.559368
199.094123
0.046185
13.119473
0.109129
-0.044762
0.030131
166.818044
0.742231
0.027444
-1976.474225
4271142.150775
52094.190573
2.324378
0.030036
166.913560
0.742732
0.027709
-1985.305265
4290217.695445
52326.863890
2.332035
-14862.604823
52288404.289528
317274.359212
49.237413
-3310.553686
17574412.416172
-12194.630062
127.441621
-14871.514908
52319749.709518
317464.505444
49.266243
-3311.708695
17579642.542279
-12174.883918
127.484049
-393.193292
2054019.380650
3328.861741
199.507670
0.046357
13.149304
0.101013
-0.045007
-394.383178
2060280.701695
3337.979662
199.637029
0.047055
13.009807
0.100842
-0.044689
0.029423
166.929721
0.742204
0.028953
-2026.518769
4379237.172234
53412.605538
2.367197
0.029526
166.699480
0.741707
0.028864
-2035.350490
4398312.737665
53645.273339
2.375471
-14900.470674
52421622.593640
318082.465091
49.356333
-3317.098347
17604050.889803
-12082.971783
127.678725
-14909.380352
52452967.717022
318272.577793
49.385382
-3318.253131
17609281.376599
-12063.142086
127.721114
-398.249934
2080627.311126
3369.366888
200.056628
0.009282
253.785119
20.828286
-0.033956
-399.440474
2086888.824596
3378.506208
200.187405
-0.100542
974.558925
82.963871
-0.001820
0.029264
167.076087
0.739446
0.026230
-2076.564069
4487332.484906
54731.040906
2.406931
0.029528
166.912307
0.738804
0.026529
-2085.396080
4506408.374715
54963.698331
2.414447
-14938.336294
52554840.379767
318890.714618
49.484712
-3323.644163
17633690.427229
-11970.835039
127.912047
-14947.245648
52586186.024373
319080.821542
49.513623
-3324.798370
17638920.444942
-11950.965796
127.954553
-403.308388
2107236.406063
3409.665231
200.605119
-0.612625
4339.030657
372.928283
0.152753
-404.498290
2113497.707274
3419.250867
200.737200
-0.722925
5060.141009
435.047016
0.185343
0.030474
166.939361
0.746422
0.026828
-2126.608150
4595427.574635
56049.452970
2.450985
0.030425
167.020016
0.749445
0.026781
-2135.438881
4614502.917773
56282.128628
2.458758
-14976.201934
52688058.336552
319699.458488
49.608153
-3330.187703
17663328.923089
-11859.011746
128.146926
-14985.111074
52719404.039465
319889.506152
49.634281
-3331.342889
17668559.660730
-11839.266084
128.188118
-408.367316
2133845.780766
3451.515950
201.159229
-1.239422
8426.379799
725.113574
0.335506
-409.557864
2140107.066045
3461.194770
201.290453
-1.349420
9147.419216
787.254878
0.368880
0.030525
166.755028
0.750142
0.026866
-2176.650434
4703522.455567
57367.924585
2.491987
0.030279
166.764285
0.750141
0.027801
-2185.481573
4722597.910655
57600.587960
2.499847
-15014.066872
52821276.624452
320507.237648
49.727637
-3336.732683
17692967.614334
-11747.036415
128.373441
-15022.977004
52852621.885951
320697.427047
49.755193
-3337.887951
17698197.974288
-11727.291310
128.412865
-413.424633
2160454.012937
3493.036824
201.717472
-1.863310
12512.210184
1077.424351
0.531462
-414.614362
2166715.127611
3502.962167
201.845881
-1.973650
13233.493141
1139.617233
0.566035
0.030518
166.807822
0.752245
0.026831
-2226.688002
4811617.289919
58686.370940
2.534615
0.030532
166.875392
0.751909
0.026212
-2235.518752
4830692.736738
58919.029609
2.540280
-15051.933101
52954494.135621
321315.571928
49.844530
-3343.277142
17722606.602854
-11635.516640
128.606922
-15060.843171
52985839.871088
321505.763738
49.872289
-3344.431838
17727836.655038
-11615.613772
128.647910
-418.481669
2187063.501161
3534.152715
202.266315
-2.487162
16598.118359
1430.474245
0.724565
-419.671012
2193324.112159
3543.345774
202.398482
-2.597322
17319.144824
1492.584554
0.758771
0.030060
166.695225
0.749137
0.024765
-2276.731652
4919712.223120
60004.780060
2.578277
0.030156
166.690966
0.750791
0.025506
-2285.561526
4938787.968266
60237.442198
2.583964
-15089.801347
53087713.491501
322123.643991
49.964921
-3349.821375
17752245.318561
-11523.568897
128.838900
-15098.710117
53119058.797876
322313.830141
49.992928
-3350.976310
17757475.792795
-11503.823501
128.879768
-423.538277
2213671.552621
3573.855891
202.819433
-3.111383
20683.789745
1783.618418
0.912071
-424.728264
2219932.240647
3583.809990
202.951683
-3.221660
21404.936422
1845.755319
0.945931
0.030858
166.849788
0.752588
0.026436
-2326.775072
5027807.410222
61323.114221
2.619620
0.030844
166.761835
0.751520
0.026593
-2335.606094
5046882.860879
61555.746368
2.627624
-15127.666115
53220931.753754
322932.025859
50.086395
-3356.365417
17781883.639168
-11412.428712
129.070662
-15136.576895
53252277.083010
323122.107163
50.116258
-3357.519952
17787114.082073
-11392.595837
129.108914
-428.596376
2240281.504090
3616.079964
203.385323
-3.736534
24769.911834
2135.566948
1.102415
-429.786321
2246542.343588
3625.444560
203.519025
-3.842091
25490.232116
2197.552044
1.132976
0.028992
167.313960
0.752600
0.027191
-2376.818948
5135902.168257
62641.486940
2.664285
0.028874
167.290242
0.754577
0.028035
-2385.649822
5154977.401264
62874.152849
2.670566
-15165.532722
53354149.839767
323740.054531
50.210362
-3362.909431
17811522.257360
-11300.084614
129.297674
-15174.442239
53385495.082155
323930.242679
50.238808
-3364.064672
17816752.562342
-11280.244907
129.336304
-433.653767
2266891.103489
3655.858895
203.942028
-4.358661
28854.977646
2487.722242
1.287562
-434.843859
2273151.335055
3665.809571
204.072622
-4.468984
29576.079331
2550.178612
1.322322
0.028684
167.206892
0.758109
0.030064
-2426.861612
5243996.730970
63959.913245
2.702969
0.029097
166.928436
0.759253
0.031180
-2435.692918
5263072.347740
64192.573122
2.711683
-15203.399448
53487368.238712
324548.122386
50.327158
-3369.452143
17841161.396694
-11188.967850
129.536109
-15212.308438
53518713.168249
324738.573572
50.357266
-3370.607509
17846391.933366
-11169.477187
129.578189
-438.711681
2293499.949900
3697.704967
204.499423
-4.983053
32940.856180
2840.252484
1.480289
-439.901679
2299761.604130
3707.508888
204.626596
-5.093671
33662.118543
2902.730100
1.514013
0.029074
166.685911
0.753154
0.030211
-2476.904687
5352091.159502
65278.256055
2.749656
0.028858
166.685250
0.753996
0.030483
-2485.736346
5371167.003856
65510.923583
2.757802
-15241.264496
53620586.057094
325357.153352
50.449887
-3375.996598
17870799.922163
-11077.466930
129.763950
-15250.174803
53651931.768313
325547.300602
50.477132
-3377.152377
17876030.604872
-11057.551170
129.805455
-443.746900
2320110.155015
3738.945798
205.050922
-5.607494
37026.471103
3192.610621
1.669877
-444.937021
2326370.847290
3748.864767
205.187693
-5.716883
37747.447774
3254.639727
1.704521
0.029125
166.675173
0.751869
0.029052
-2526.949229
5460186.514363
66596.580743
2.791581
0.030080
166.375289
0.751989
0.027510
-2535.780451
5479261.994084
66829.248556
2.797194
-15279.132537
53753804.414395
326166.263413
50.569136
-3382.541953
17900438.802928
-10965.310369
129.992327
-15288.042416
53785150.219760
326356.451601
50.598235
-3383.696880
17905669.024339
-10945.537997
130.032376
-448.805782
2346719.328908
3782.455568
205.607654
-6.231648
41112.122404
3544.948542
1.859980
-449.996205
2352979.900339
3792.544070
205.733754
