537.125968
540.656211
546.382561
543.759999
547.914567
536.001799
788.352705
3845.264538
648.354974
545.548885
549.243562
537.863483
790.476791
3857.654409
649.084382
540.409232
542.063895
536.506649
548.674501
551.395445
541.055192
539.362288
542.347506
537.975061
548.704032
551.782030
540.801650
549.775846
544.213486
535.079596
538.272376
541.276026
548.246328
550.152271
544.568294
536.786845
537.332035
541.764549
547.591349
544.444611
547.700881
537.907253
794.974065
3912.673809
647.784189
544.635498
549.149323
538.520425
795.775793
3925.789749
648.973233
541.290440
544.748538
540.804965
549.371579
551.582004
541.722182
541.175253
544.884260
539.505852
548.434516
551.306116
541.891345
550.239659
543.299493
536.494129
536.923899
540.275613
552.572139
550.177713
543.708595
536.822285
537.170382
540.075648
552.088409
543.024250
546.483568
537.791888
799.168732
3981.323168
651.872373
546.218578
547.393506
538.637786
800.720723
3994.773452
653.415990
542.803311
545.076896
541.547760
547.913118
551.185917
541.761700
543.426313
546.918740
541.584590
547.484394
550.803346
541.866122
550.029915
543.668343
536.986463
537.041710
540.183969
552.974155
549.603522
543.600959
538.000034
537.200618
540.099586
553.458037
546.782634
548.406806
538.080444
807.196931
4055.975553
655.486314
546.182106
548.816736
538.554360
807.208992
4068.284080
655.866488
542.556350
548.912830
543.930298
547.921022
552.322972
540.770427
543.698429
549.920989
544.756196
547.005879
552.288549
540.974486
548.446387
542.769771
538.613597
538.180987
541.364408
554.159444
547.481745
542.957722
538.931288
538.536667
540.588341
552.969958
546.026794
549.352497
537.177677
811.377134
4125.801879
659.130220
545.353370
548.699145
536.620397
812.790245
4138.882126
658.828109
543.661009
548.183008
543.130749
549.424964
554.453868
543.822901
543.518055
548.170013
543.010950
549.831977
555.033884
544.568816
548.121287
541.237013
539.391851
538.805833
538.273273
550.861441
548.323990
541.329523
539.275118
539.528080
538.814412
551.609928
544.827170
548.780100
537.131140
818.385580
4199.716749
662.473751
545.506868
549.599450
537.281479
819.307700
4211.986091
662.912944
544.397331
547.949135
542.464698
548.710709
555.393154
546.998432
544.038484
547.921573
541.551372
548.869743
555.317432
546.708211
551.910034
546.286528
539.204358
537.755747
537.708150
550.108761
551.505930
545.447485
539.382244
537.148104
537.749860
549.317720
546.898864
551.308727
536.892897
822.290802
4270.281871
664.370398
544.490250
549.702875
536.600649
823.363179
4282.990460
665.044925
545.885623
549.103743
542.415151
548.321560
555.088002
545.918736
544.802286
548.665967
542.707532
548.337662
554.667661
545.878664
550.095702
543.169906
538.815383
537.041730
539.614436
550.914072
550.378606
544.038647
538.496918
536.887335
539.211899
549.232659
546.000283
550.528115
537.370751
828.346111
4341.620829
667.336000
545.493869
550.190192
536.407903
829.241103
4354.434955
668.557320
544.151986
548.585798
542.912105
550.494824
556.286210
546.161257
544.260295
548.602884
542.961447
549.520541
554.512418
548.009712
550.624238
545.564806
537.541519
537.893345
538.129195
547.525186
551.570012
545.944723
536.885076
537.816792
538.919525
547.858292
544.562890
548.582333
536.926269
833.479204
4414.711818
671.638191
544.902193
549.573788
535.713010
834.239962
4426.057712
670.933347
543.302594
547.562345
541.730393
550.541168
554.061916
546.949601
543.760586
547.745712
541.201549
550.856749
555.016717
547.334310
550.573514
546.332224
537.815147
540.069562
539.281603
549.652418
549.314870
545.186182
537.523448
539.727165
538.113531
549.515339
543.754095
549.353764
537.075710
838.062107
4483.888967
672.003259
544.724970
550.020455
536.623979
840.246161
4497.185645
673.309136
544.055696
548.878864
540.727071
548.525586
553.615820
546.965906
542.945565
547.789027
539.736791
548.741869
553.719595
546.453877
548.768434
545.371698
536.070696
539.719540
539.054976
548.578735
549.650490
545.637215
536.289022
539.824327
538.876761
548.943792
547.116593
551.351089
536.096729
846.286554
4555.994861
674.231710
547.195575
550.770645
535.608489
847.233299
4569.223677
675.645407
543.613611
546.478867
540.790830
548.409010
553.413129
547.305117
544.011177
547.020660
539.963887
548.337260
554.106485
547.934405
551.165720
545.333155
535.820621
541.406566
541.502583
550.991328
550.080377
545.532553
536.503696
541.437205
542.190592
550.186026
548.630785
551.902427
535.246359
850.828915
4628.548084
677.837813
548.837962
552.120404
534.773215
851.450614
4640.629990
676.718494
544.634830
547.410965
540.115571
548.379589
553.594142
548.492802
544.941020
547.167822
540.037809
547.014815
552.948399
551.120274
549.461320
543.529638
533.958555
541.252467
543.638137
551.170996
550.279746
544.720032
534.113582
540.245724
542.232918
551.618172
548.745190
552.855217
536.009532
857.432155
4700.578702
679.733394
549.589203
553.573782
534.897581
858.808855
4713.312092
680.041344
542.671870
546.202693
539.274494
547.243358
554.433017
552.583556
542.501304
545.529332
539.866135
547.749674
554.242868
553.106157
550.283051
545.448851
534.325250
540.302051
542.840941
549.885729
549.521188
545.537282
535.017356
540.543781
543.395867
550.293109
550.913040
554.526519
536.243406
546.902129
535.027153
536.943717
551.855365
556.076299
536.484994
