545.398890
546.087838
540.122295
544.029389
539.714347
534.518663
544.206015
544.567468
542.515837
544.000945
539.696710
534.640038
544.170480
544.586927
542.545095
683.355376
1641.465841
546.606614
922.425412
2086.868512
448.872073
683.492636
1642.548023
546.541405
922.598877
2087.286865
448.853254
591.950506
2659.426208
617.841420
545.600754
546.208405
540.327312
592.054533
2662.076402
618.128298
545.457582
546.099818
540.210231
544.086438
539.863345
534.422893
544.386414
544.558690
542.539489
544.179514
539.918118
534.541560
544.450219
544.667590
542.547095
683.938944
1646.488227
546.867437
922.987360
2089.375657
448.778159
684.090320
1647.697408
546.791636
923.206483
2089.856704
448.738031
592.408247
2670.405741
618.420410
545.705508
546.365622
540.175304
592.431074
2672.917213
618.464852
545.631366
546.132265
540.297070
544.298821
540.006017
534.791795
544.497905
544.790391
542.141435
544.376547
541.302018
535.010085
544.495915
544.716814
542.195372
684.583447
1651.599857
546.831904
923.714896
2092.041540
448.591844
684.659329
1652.747167
546.926691
923.807251
2092.519188
448.614236
592.563786
2681.252645
618.715587
545.641973
546.274285
540.454223
592.620117
2683.807769
618.843601
545.520105
546.193876
540.441474
544.331465
541.957699
534.955579
544.222809
544.561021
542.053017
544.361025
541.887351
535.095538
544.356312
544.609659
542.001498
685.389493
1656.699043
546.972107
924.376742
2094.828687
448.574481
685.541944
1657.759484
546.844316
924.424389
2095.267254
448.626840
592.689551
2692.088607
619.183354
545.499490
546.053428
540.528348
592.822066
2694.715179
619.300776
545.506128
546.089939
540.547249
544.424382
541.830569
535.133338
544.402801
544.632905
542.039447
544.423354
541.852194
535.130877
544.380539
544.541156
542.016324
686.015923
1661.737926
546.984045
924.930126
2097.130917
448.498453
686.098908
1662.919431
546.963635
925.050058
2097.595984
448.475814
592.939154
2703.065492
619.468631
545.474184
545.997393
540.801164
593.034680
2705.672192
619.613259
545.794396
546.255306
540.563730
544.383807
541.761982
535.021156
544.335483
544.278410
542.126851
544.348970
541.705628
535.092032
544.326671
544.393622
542.305935
686.743049
1666.766715
547.117665
925.735378
2099.831353
448.340590
686.862338
1667.934408
547.125148
925.907899
2100.291646
448.365342
593.156884
2714.154501
619.787346
545.626779
546.211390
540.509169
593.156391
2716.632756
619.846256
545.665598
546.203619
540.385758
544.267916
541.715118
535.163769
544.339140
544.572291
542.225211
544.316105
541.655627
535.306737
544.240991
544.250317
542.171696
687.256672
1671.574635
547.091131
926.523237
2102.535386
448.186094
687.627577
1672.805775
547.136965
926.658735
2103.040630
448.186330
593.424839
2725.010362
620.251416
545.642386
546.067248
540.551205
593.348083
2727.518983
620.365807
545.662409
546.070871
540.457882
544.202484
541.701343
535.201000
544.050185
544.162115
541.974233
544.155572
541.645018
535.198247
543.992518
544.083195
541.952271
688.128977
1676.553631
547.333610
963.589672
2681.690316
740.464968
688.257240
1677.559640
547.180672
743.234876
3180.144028
625.234529
593.343765
2735.959595
620.741489
545.816697
546.184600
540.424067
593.352867
2738.558603
620.930075
545.790833
546.082681
540.353567
544.064378
541.533389
535.084807
544.104321
544.096494
542.130225
544.089387
541.557858
535.091341
544.100503
544.067668
542.189493
688.710886
1681.242541
547.191398
743.728040
3186.116823
625.475814
688.934911
1682.485088
547.241891
743.768312
3187.375003
625.560902
593.543158
2746.940115
621.151352
545.785067
546.113288
540.344366
593.614720
2749.509359
621.261846
545.791779
546.069957
540.283252
544.088726
541.628540
535.176509
544.124975
544.078221
542.414564
544.096387
541.585431
535.141400
544.087026
544.047357
542.384053
689.202738
1686.150958
547.210269
744.327477
3193.250087
625.900180
689.408758
1687.349846
547.293878
744.450901
3194.539094
625.922829
593.716605
2757.920946
621.625944
545.887733
546.149851
540.428647
593.821118
2760.582482
621.773800
545.856624
546.177498
540.375816
544.188341
541.508285
535.083247
544.056636
544.054895
542.221166
544.249632
541.544464
535.024369
544.069060
544.093755
542.351538
690.045244
1691.109247
547.209739
745.084621
3200.338949
626.156183
690.206423
1692.355605
547.258488
745.048033
3201.525655
626.111061
593.778392
2769.010131
622.188396
545.794048
546.000476
540.554183
593.864513
2771.687197
622.255908
545.858368
545.947598
540.475684
544.329723
541.777368
535.236403
543.995914
544.036712
542.263736
544.320451
541.667954
535.205114
544.066291
544.164625
542.346428
690.715674
1696.258378
547.318126
745.578429
3207.398972
626.197734
690.829858
1697.428118
547.385052
745.639242
3208.693279
626.195838
594.200134
2780.145773
622.428221
545.986239
546.091573
540.714599
594.260860
2782.759918
622.567106
545.928893
546.224993
540.771481
544.293633
541.721501
535.001365
543.912372
544.117382
542.334450
544.263308
541.696306
534.896309
543.998946
544.186365
542.246032
691.398102
1701.363897
547.563861
746.085933
3214.525299
626.430170
691.671023
1702.630743
547.653786
746.118601
3215.728439
626.300838
594.284308
2791.169330
622.862302
546.194875
546.453559
541.096436
594.344516
2793.836330
623.028912
546.239550
546.479387
541.032985
544.215828
541.591952
535.008653
544.265772
544.426860
542.189439
544.310857
541.599468
534.920763
