0.096913
-0.244216
-0.886653
-0.420502
0.146143
-0.556769
-0.033579
-0.166406
0.408666
-0.703840
0.787078
0.388335
0.108134
-0.347764
-0.322141
-0.242168
0.426995
-0.846388
0.636352
0.379370
0.057552
-0.394867
0.000908
-0.184786
0.307713
-0.271253
0.300108
-0.413783
0.044391
-0.403540
-0.031598
-0.187105
0.296936
-0.410365
0.362547
-0.421138
-0.031068
-0.185632
-0.953219
-0.314835
0.219041
-0.684755
-0.712085
-0.372594
-0.007829
-0.292900
-0.817975
-0.215205
0.205989
-0.710773
-0.311896
-0.273571
-0.010860
0.238302
-0.008318
-0.275253
0.379010
-0.716444
0.353997
0.298029
-0.112719
0.538515
0.163520
-0.297705
0.422342
-0.847767
0.492817
0.417779
0.097579
-0.382980
0.107388
-0.266842
0.319729
-0.861220
0.921763
-0.156984
0.060458
-0.178115
0.234718
-0.230343
0.206784
-0.415961
0.698261
-0.051219
0.120582
-1.082557
-0.563098
-0.029071
0.185278
-0.717741
-0.095069
-0.306520
0.161432
-1.167028
-0.776362
-0.148476
0.146904
-0.759726
0.014284
-0.157471
-0.098794
0.274797
-0.055110
-0.346625
0.462779
-0.828646
0.178606
0.118634
-0.113329
0.269944
-0.188740
-0.325448
0.495012
-1.115542
0.092218
0.157110
0.148565
-0.223957
0.250103
-0.210220
0.330206
-0.561241
0.515547
0.011214
0.045356
0.210948
0.537182
-0.274602
0.290595
-0.366823
0.532447
0.061954
0.178737
-1.239442
-1.054022
-0.121027
0.126526
-0.010407
-0.196692
-0.365898
0.188152
-1.362468
-1.079757
0.022522
0.148503
-0.284253
-0.071424
-0.226757
-0.014719
-0.607373
-0.089384
-0.349799
0.510150
-1.002801
0.189380
0.123611
-0.014544
-0.574496
-0.072781
-0.333692
0.465196
-0.972582
0.116147
0.188376
0.035545
0.150469
0.097883
-0.296751
0.073181
0.191782
0.280528
0.028803
0.036480
0.102677
0.235112
-0.265132
0.053365
0.314198
0.486571
0.005172
0.175424
-1.666304
-0.702209
0.178962
0.017113
0.277763
-0.374785
-0.278524
0.134088
-1.391163
-0.753288
0.119169
0.087018
0.028030
-0.584654
-0.419143
0.005702
-0.052156
0.575990
-0.443906
0.440748
-0.842173
1.055644
0.493089
-0.035306
-0.031045
-0.283321
-0.385593
0.374668
-0.503035
1.090455
0.498497
0.093064
0.508555
0.275668
-0.276506
0.119283
0.923799
0.709161
0.101238
0.080126
0.514548
0.516464
-0.249481
0.145140
0.521492
0.218266
0.190261
0.234169
-1.328934
-0.218735
0.197979
0.054827
-0.306643
-0.388434
-0.294582
0.190092
-1.142793
-0.183732
0.180912
-0.054621
0.118514
-0.336661
-0.245776
-0.060265
0.109176
-0.437764
-0.543038
0.067953
0.525229
-0.000105
-0.174941
-0.173667
0.759617
-0.503641
-0.527014
0.094184
0.548064
-0.049384
-0.192468
0.091089
0.030135
0.536394
-0.223841
0.149830
0.372712
-0.095988
0.055925
0.083257
-0.043613
0.274161
-0.231815
0.186777
0.512983
-0.188417
0.136422
0.219902
-1.155066
-0.230100
0.499822
-0.175011
0.375707
-0.152515
-0.272813
0.232071
-1.163551
-0.192641
0.585842
-0.168424
0.300064
-0.131209
-0.185168
-0.137342
0.239877
-0.429531
-0.327313
0.074263
0.159139
0.182236
0.038818
-0.164264
0.461900
-0.347939
-0.300658
0.084658
0.137931
-0.128299
-0.076916
0.121853
0.640115
0.861486
-0.091754
0.273034
0.661475
-0.148374
0.097968
0.016118
0.810376
0.759149
-0.106737
0.402656
0.692397
-0.622033
0.029401
0.290720
-1.379971
-0.060037
0.538450
-0.088956
-0.228852
0.507284
-0.099203
0.280706
-1.235221
-0.071204
0.534627
-0.123639
-0.058305
-0.104924
-0.250441
0.080219
0.021434
-1.284162
0.068387
-0.021495
0.100441
0.178441
-0.024882
0.051078
-0.147183
-1.302034
-0.011945
-0.037602
0.147810
0.452925
0.052270
-0.090817
1.105540
0.758401
-0.073091
0.343622
0.533202
-0.678821
0.146419
-0.040332
0.906886
0.800606
-0.029364
0.369210
0.827117
-0.711744
0.176345
0.122745
-0.371599
0.282151
0.539682
-0.196048
0.026810
0.185743
-0.203909
0.202402
-0.689204
0.252268
0.446372
-0.182884
0.147615
0.294480
-0.091634
0.206851
-0.278790
-1.478776
-0.129698
-0.011845
-0.264727
0.371589
0.178541
0.239976
-0.543610
-1.215326
0.031679
-0.005052
-0.492135
0.332978
0.127510
-0.033351
1.060931
0.563025
0.014452
0.226639
0.891959
-0.708260
-0.161749
-0.021310
0.915754
0.605196
0.074362
0.347149
0.411535
-0.659052
-0.102009
0.183693
-0.213269
0.098558
0.182691
-0.162444
0.031036
0.174695
-0.108518
0.212202
-0.407882
0.356852
0.258970
-0.231521
0.360938
1.009936
0.349977
0.200682
-0.490479
-1.202374
0.113576
-0.052898
-0.066798
0.796308
0.409013
0.216319
-0.397167
-1.043810
0.139898
0.027693
-0.373327
-0.054882
-0.135824
-0.149587
1.063713
0.227371
0.000236
0.309958
0.469514
-0.325425
-0.105154
-0.106282
1.004870
0.111562
0.008280
0.360892
0.218972
-0.252096
-0.096321
0.234293
-0.587386
-0.491233
0.357946
-0.162267
-0.066231
0.588948
0.184808
0.190918
-0.479567
-0.179342
0.464699
-0.168636
0.001083
0.396127
0.072238
0.263399
-0.421923
-1.014749
0.285998
-0.019244
-0.179790
-0.211446
-0.061374
0.313240
-0.636104
-1.469419
0.089487
0.010038
-0.483458
-0.491138
-0.100353
-0.117223
1.431577
-0.119548
-0.027113
0.345707
0.482522
0.018380
-0.358542
-0.057855
1.313234
-0.048064
-0.022464
0.337385
0.294311
-0.330439
-0.346765
0.335705
-1.260531
-0.535845
0.257552
-0.079546
0.175132
0.308168
-0.021636
0.204678
-0.718977
-0.220429
0.421872
-0.102572
0.089060
0.533881
-0.026382
0.320749
-0.699610
-1.270073
0.137608
-0.078457
-0.045930
0.210089
-0.021271
0.273346
-0.801344
-1.416756
0.093297
-0.036713
-0.519252
0.260811
-0.026555
-0.017817
1.165867
-0.120957
0.022497
0.434821
-0.792868
-0.036603
-0.184542
-0.011500
1.217634
-0.046966
-0.053987
0.539951
-0.294369
-0.134056
-0.172905
-0.012635
-0.149728
-0.124942
0.647700
-0.059177
-0.245641
0.375771
-0.031510
0.043485
-0.476238
0.094908
0.384424
-0.207466
0.128988
-0.288054
-0.014275
0.347522
-1.227698
-1.598749
-0.061113
-0.043888
-0.186443
0.544034
0.067968
0.293666
-1.199239
-1.347783
0.119300
-0.056645
-0.101277
0.494296
0.081453
0.113847
0.899371
-0.335734
-0.168177
0.463021
-1.010166
0.360439
-0.025065
0.177434
0.735914
-0.383924
-0.215781
0.357946
-0.403176
0.502785
-0.096395
-0.262922
0.971788
0.506217
0.943807
-0.175160
0.563380
0.776211
-0.120470
-0.261146
1.089411
0.553882
0.827897
-0.101485
0.479577
0.660568
-0.170324
0.161056
-0.333961
-0.324473
-0.020342
-0.085686
-0.100162
0.240974
0.138396
0.174440
-0.418591
-0.789359
0.014747
