539.915299
541.137928
536.474094
544.887482
544.960902
543.821445
543.302802
540.766244
549.208452
544.554652
545.297789
543.508190
542.926541
539.975201
549.139756
547.939124
552.136993
535.392069
549.924846
536.592998
539.259105
547.787491
552.573643
535.382774
549.019124
535.045796
538.538766
537.697966
532.539990
530.547814
540.950878
540.874472
537.516999
538.199370
533.785202
530.108568
541.270494
541.620214
537.760519
547.702784
546.311303
545.963568
542.829309
540.034696
546.851622
547.814371
545.989895
545.506870
544.322465
541.457722
548.821392
547.219207
552.510706
536.447161
550.189563
536.334355
539.660460
545.959643
551.974437
535.231820
549.961739
537.042395
540.391329
538.483238
535.095502
529.194353
540.274350
540.843736
536.074694
538.679051
535.272836
529.618636
540.108301
540.735202
536.276021
547.710022
545.353522
546.090415
545.947301
542.474826
550.254891
547.261423
545.361048
545.987976
545.063046
542.164018
550.614027
544.433932
549.129677
535.359965
549.325434
537.893890
541.398460
544.454836
549.105597
533.222871
549.027641
538.123085
542.264616
537.971391
534.650062
531.104936
542.699423
541.763660
538.047262
536.801728
533.792612
530.554754
543.655877
542.499072
537.922522
547.446572
546.705276
546.452484
546.307432
544.901312
549.870925
546.975274
548.337498
545.619506
545.977749
544.367668
550.010881
545.883777
550.718958
536.745500
548.347664
539.320843
542.578851
545.177478
549.976351
536.570660
548.924691
539.030759
541.504954
537.920641
532.896000
528.796307
544.867837
542.246141
540.787513
536.255668
532.021275
529.042136
543.963989
542.244143
540.466867
547.093766
546.609628
546.164205
547.218606
544.876656
550.485237
545.146936
544.268405
545.184971
546.530064
543.871908
548.541920
545.213381
551.061973
537.203560
551.532526
540.757141
543.492475
543.883069
550.825765
538.571208
552.581125
541.667154
544.024481
536.501969
530.387625
527.639417
543.331269
541.782465
540.881550
537.841462
531.415964
528.295607
543.713524
541.680481
541.285555
543.561698
544.586310
543.958453
545.963311
543.379913
546.432097
542.569901
543.911595
542.760648
545.766795
542.594026
544.531347
545.042969
549.086670
536.492824
552.609953
542.167940
543.630268
545.487094
549.619870
536.022154
551.886910
541.190023
543.602355
537.626247
531.149804
525.146466
542.845105
540.909031
541.095040
538.410055
531.502996
525.904650
542.473712
539.880437
539.317992
545.123787
545.242172
543.865112
543.853638
540.937842
544.766230
544.332285
543.986539
542.538862
544.624803
541.117084
544.382453
542.964394
547.837918
536.724789
551.106610
541.250184
542.333932
542.171231
546.858045
536.717571
551.661029
540.286440
541.348607
537.737769
531.408543
525.741585
542.403617
539.229628
541.396172
538.635228
531.314121
525.467685
542.629708
539.134027
541.274584
543.604342
544.518449
541.058190
543.399643
542.858573
542.912816
541.930574
543.572399
540.382597
544.278062
543.138699
542.871433
544.268310
547.108043
537.501358
551.619626
540.220336
540.729329
543.244972
545.915069
536.448109
551.480307
539.740249
540.429657
539.493142
531.070400
526.296768
542.225498
540.322937
542.253623
540.187954
530.957679
526.831697
542.175993
540.169678
541.918427
542.293778
542.856379
538.452966
545.346507
543.689712
542.182981
541.496644
541.377871
537.163552
544.918598
542.946884
540.198815
542.162145
545.593121
536.494538
548.145530
539.547397
541.282225
541.836900
546.231336
537.590174
547.920433
539.329489
540.974242
538.000458
528.878220
524.684902
543.021793
540.453286
540.655926
538.025609
528.353459
525.264076
543.576680
540.035540
539.890693
542.666504
541.909721
537.157762
543.639234
542.945302
541.812279
542.910239
542.464345
537.755899
543.085530
543.050334
541.653668
540.531669
545.028106
537.713323
546.762139
538.737753
543.094162
539.849511
544.359398
537.994063
546.854524
538.030227
542.324907
539.362607
530.472790
524.581000
542.324494
540.959618
539.918878
538.248354
529.996267
525.330494
542.390280
541.149634
539.850074
543.395873
542.296265
538.134052
543.458208
543.031438
540.907636
544.718941
542.272330
538.241141
542.062791
541.657954
539.744081
540.393541
545.854867
541.117402
545.206921
537.096496
539.923496
540.112272
546.520494
538.896602
542.523694
536.313436
542.304335
539.350530
529.332019
523.806883
543.001004
541.043768
537.208204
539.836821
529.112143
523.458328
543.534931
541.380571
537.245454
546.951294
546.328804
540.044825
540.713479
541.716738
538.295524
546.270753
545.299687
540.439281
540.499977
542.484764
538.908555
542.292772
545.896583
538.248400
544.864134
538.207439
544.466918
542.342030
545.578078
539.206810
545.039846
539.475430
545.681825
538.042564
528.325111
523.150756
544.702324
543.056809
540.339570
537.950873
527.992725
523.946743
544.695847
542.876448
540.184459
546.011198
544.384501
540.131115
542.673138
543.179179
538.277362
547.465658
545.484335
539.700448
543.553632
543.073946
537.636741
540.960443
545.121176
539.321121
546.010065
540.610073
545.864040
542.097507
546.153660
537.768134
546.510611
542.285521
546.938675
536.795890
528.015383
522.741367
544.509225
543.356014
541.182298
538.254330
528.531485
523.030627
543.352907
542.150679
539.799696
546.724178
544.490790
539.806117
542.509119
540.437852
533.964672
546.227428
544.272246
540.745445
