544.882544
543.191392
535.737459
534.339202
545.081078
547.689067
538.708313
543.106865
548.766787
545.525270
542.812981
533.818291
535.306689
539.142333
544.200904
539.497909
539.379274
538.074371
543.409918
541.087182
534.694911
544.503515
544.465130
532.944928
541.002170
547.591001
551.436249
535.735778
526.610495
537.823639
541.819722
544.116053
543.507646
547.059322
542.936015
537.468344
538.958254
535.335549
547.668779
548.289583
547.386197
543.553594
539.817842
538.055344
535.665936
539.586089
542.249867
542.257366
535.847721
546.491873
553.506931
540.039208
535.057418
537.033137
540.139561
536.366379
529.231710
539.416620
541.464228
529.358606
542.145180
543.437845
544.338027
538.372209
536.898175
552.352118
541.589819
541.379575
547.307356
542.527514
545.046205
539.585752
544.288977
542.863821
535.844607
547.777462
547.587443
540.018682
548.550992
551.611019
546.185158
545.260682
542.996558
534.949278
546.243945
539.023801
542.388672
545.182126
534.932035
531.595215
543.097815
540.601542
534.431032
544.165440
543.358383
536.268715
539.020608
535.085236
537.717267
535.254920
525.704815
537.797775
547.307833
546.904082
548.175177
540.421498
543.290867
536.980353
539.848569
535.754067
547.201613
541.328533
540.480828
544.314748
544.543426
545.221776
542.256384
541.052216
543.448646
542.492899
543.245207
543.871246
539.532043
539.367530
541.180866
529.938809
539.685724
536.298678
528.707267
538.782588
534.717767
543.528459
540.498746
537.925933
540.612227
538.133578
536.986357
552.634217
537.245287
537.096509
532.077645
542.647765
539.014143
544.893078
543.844793
543.315584
535.521109
534.612478
546.126283
548.677721
538.933095
539.473319
541.882594
544.330629
541.808269
533.360080
536.317485
540.175306
544.391882
544.601702
538.706345
543.884594
543.622654
540.839776
535.357998
545.028855
544.946822
533.441012
547.204771
550.742156
546.547701
536.036901
526.579945
538.092041
541.659800
543.547578
543.686129
545.980038
546.258171
536.868490
539.413275
535.769789
548.352977
547.868296
546.789262
543.762654
546.132847
540.242515
540.394524
540.551346
544.129887
542.726717
536.877218
547.608628
553.833961
542.209300
547.531293
537.115576
539.804556
536.085459
528.182702
539.532436
542.270182
530.328596
542.534436
543.752170
544.734809
538.405643
536.670299
552.896803
541.682376
540.745725
547.160269
545.180004
548.585609
548.861710
544.552172
543.818984
534.697076
548.171322
548.188034
540.170446
535.630942
540.456532
534.395630
544.396560
541.238989
533.321110
546.637947
539.742067
542.622604
542.152319
543.768229
544.178004
542.886315
540.703163
534.936971
543.657651
543.780153
536.802953
531.811381
531.781922
530.882340
535.821594
526.588296
538.067839
546.818073
546.510947
547.864690
546.567737
546.176748
545.774647
539.515905
535.702857
547.777525
541.954496
540.674863
544.210597
542.025552
538.726366
534.874489
539.922434
543.937209
542.391234
544.705289
545.075796
540.225705
547.129779
546.303559
545.698867
539.385411
535.461417
527.958845
538.283573
535.046887
543.684140
541.745210
545.274321
548.982419
538.594766
537.047799
553.405881
536.796226
536.048002
532.170420
541.204940
539.979682
538.218485
544.798929
543.446591
534.091882
535.769195
547.801526
548.174652
538.362196
542.358023
547.717126
543.826099
541.191509
533.028824
536.503183
540.739446
545.026259
540.132733
538.310894
538.229810
543.247641
540.569805
534.429423
546.142993
545.631239
535.144409
540.683749
547.462586
552.698932
536.199447
527.871346
539.107907
541.387536
543.306215
545.003804
546.933328
542.716230
537.038375
539.051070
536.120334
547.605450
547.727505
545.608712
542.209825
539.623624
538.523620
535.896592
538.998086
543.333810
542.191874
537.174314
548.032722
553.967226
540.326549
535.795811
537.620078
538.685237
534.272429
526.936715
539.247544
542.270751
530.686982
543.023764
543.696939
544.808412
539.392582
537.043581
552.932244
541.275695
540.922595
547.162765
542.397680
545.981019
540.008904
