-0.004867
13.624004
0.014098
0.014437
-0.004112
7.233618
0.339351
0.100418
0.034371
-4.663378
0.058231
-0.088588
0.053935
0.552831
0.163730
-0.076907
0.011353
-10.720817
-0.019804
-0.089675
-0.011365
22.210333
-0.301951
-0.131321
0.070503
3.663206
0.001144
-0.100076
-0.006744
5.772047
0.071464
-0.094730
-0.028379
12.699413
0.026876
-0.033897
0.071122
-8.874076
0.183778
-0.098434
-0.000800
4.245708
0.338673
-0.003813
-0.025838
33.199444
-0.569117
-0.054753
0.028555
-7.075376
0.041221
-0.033922
0.011932
4.548296
0.038752
0.030855
0.049413
-15.205402
0.347134
0.040062
-0.003576
23.107800
0.246007
-0.002100
0.032053
2.618231
0.164360
-0.069803
-0.021514
23.682164
-0.064358
0.031462
-0.075718
41.480118
0.071102
-0.029963
-0.001398
19.237517
-0.198751
-0.127595
0.012314
-2.778781
-0.021957
-0.052737
0.060471
8.294090
0.000691
0.003930
-0.003960
10.308795
0.281773
-0.080793
0.029369
-15.100170
-0.457222
-0.094386
-0.013023
12.549090
0.037269
0.020937
0.032070
2.651433
0.004050
-0.135474
0.073124
-15.018819
-0.192617
-0.001715
0.055270
0.347698
0.151103
-0.081628
0.011430
4.382269
-0.072872
-0.083755
0.005293
3.331698
0.107705
-0.051348
0.066101
8.279902
0.047987
-0.089857
0.052210
-8.539623
0.056960
-0.006178
0.067672
-32.127920
0.094082
0.037337
0.081267
-13.224247
0.173842
-0.101017
0.008579
-9.615186
0.133335
0.034730
0.008940
17.083073
0.044003
-0.101271
0.026700
-7.424154
0.035841
-0.033705
0.017041
10.541653
0.050305
-0.084318
0.011922
1.227373
0.148469
-0.031685
-0.001430
22.176265
0.234602
-0.006063
0.076697
-32.632668
-0.182285
-0.061933
0.017952
-0.533449
0.083728
-0.056975
-0.076451
41.250171
0.075032
-0.030350
0.014234
18.259632
-0.233533
-0.029051
0.062501
-22.079041
-0.119038
-0.008569
0.062782
6.516143
0.008934
0.003570
0.123774
-46.775365
0.107316
-0.083282
0.074460
-19.346155
-0.139441
-0.071621
-0.011387
12.893865
0.041032
0.012951
-0.000373
5.928476
0.338606
0.105318
-0.018112
10.994651
-0.295081
-0.035486
0.065469
2.986749
0.124835
-0.093890
0.016501
-11.726732
-0.034247
-0.092919
0.021531
-10.223431
-0.355633
-0.025578
0.073204
7.330693
-0.004204
-0.110714
-0.006302
4.869136
0.080653
-0.081449
-0.031132
26.390146
-0.111540
-0.022261
0.084854
-11.331664
0.173047
-0.108240
-0.004702
4.926237
0.299536
-0.000859
0.023310
-1.534843
-0.082393
-0.064826
0.028633
-8.632826
0.013452
-0.036959
0.014129
3.798235
0.031606
0.029828
-0.004560
20.323720
0.005478
0.016920
-0.000957
22.183935
0.248210
-0.000474
0.029886
-0.145133
0.172857
-0.064048
0.059775
-29.698870
0.218331
0.065956
-0.066303
39.821446
0.100042
-0.035813
0.000245
16.883046
-0.232627
-0.122004
0.062516
-30.377941
-0.101986
-0.076603
0.066363
5.486219
0.007243
0.018482
0.000236
8.883160
0.283574
-0.083843
-0.000777
15.682909
0.097853
-0.063914
-0.006720
10.326805
0.038555
-0.009207
0.029603
4.597101
0.020687
-0.137527
0.043617
-10.000785
-0.293760
-0.008796
0.065711
2.360259
0.143440
-0.085098
0.009936
4.933649
-0.064450
-0.079240
-0.019238
17.077350
0.152563
-0.066334
0.074394
5.983366
-0.004071
-0.112166
0.054631
-9.720965
0.083250
0.003339
0.089060
-29.954673
0.116737
-0.056912
0.083904
-10.179465
0.184913
-0.106228
0.007971
-9.522850
0.148823
0.043575
-0.052178
44.525555
0.363678
0.027038
0.038263
-12.604450
0.016087
-0.034582
0.018100
9.649382
0.058914
-0.088752
-0.048372
44.992480
0.260226
-0.093363
0.011194
15.595084
0.251149
0.005761
0.070372
-31.468524
-0.183452
-0.055701
0.002783
19.384705
0.184489
-0.034332
-0.064459
41.451059
0.099711
-0.043082
0.015535
19.024053
-0.228167
-0.030292
0.006793
-10.779516
0.266553
-0.034918
0.070447
5.687945
0.011930
0.013655
0.121395
-45.921049
0.127849
-0.090009
0.053708
-6.469941
-0.115672
-0.191442
-0.004592
9.915164
0.066167
-0.005385
0.003908
4.511219
0.354146
0.096222
0.034119
-3.505854
0.048069
-0.090164
0.064272
2.555159
0.148208
-0.087581
0.025257
-15.743302
-0.033972
-0.097001
-0.006480
20.259091
-0.323155
-0.146702
0.076622
7.100698
0.023501
-0.121308
-0.005477
3.614581
0.080189
-0.082003
-0.026136
10.921595
0.013868
-0.031051
0.083918
-11.087831
0.167216
-0.099429
-0.007732
6.476743
0.292067
-0.000914
-0.025682
34.019890
-0.552868
-0.055112
0.041179
-12.878847
0.011580
-0.034613
0.018889
-0.619150
0.030356
0.033504
0.053190
-15.248982
0.362752
0.042713
0.001925
19.758993
0.243209
0.005338
0.031323
-0.293199
0.159214
-0.067393
-0.018720
22.736250
-0.057322
0.027733
-0.062426
39.836507
0.118933
-0.040358
0.005143
16.013486
-0.199238
-0.120703
0.019026
-5.434910
-0.031565
-0.056248
0.065532
7.277896
0.006361
0.027655
-0.003521
9.096952
0.280593
-0.082668
0.036011
-18.386192
-0.428953
-0.083244
