-0.158624
2.191036
-2.901451
1.421754
0.439488
3.504967
5.496287
1.296924
-0.222346
2.292560
-1.464996
1.981248
0.552331
1.466507
2.260206
-0.317046
-0.161671
1.313451
-0.772647
0.659871
-0.229873
2.500267
-0.064646
0.445157
-0.584753
4.292581
0.086661
-0.876449
0.265824
0.300928
-2.401325
-1.557220
-0.332998
5.134935
-0.679729
-0.164902
0.188507
3.061983
6.419183
0.247578
0.971134
-0.930221
3.903000
-0.701683
-0.776745
1.945255
-0.093364
-1.332627
1.151801
1.408257
-1.433055
-1.441959
1.312157
-1.520085
3.739283
0.229935
0.850409
1.948831
0.288282
-1.496820
0.211781
-1.102456
-1.327103
-0.217421
0.484433
2.001407
-0.987398
-1.223852
0.117081
1.910419
4.124704
-0.289455
1.632526
-1.605401
-3.338781
-0.563917
0.767023
2.563415
5.052769
-0.709529
1.278160
1.835101
2.383910
-2.281929
-0.739350
1.309841
0.526851
-1.773472
1.039640
-0.077329
4.833353
1.072733
-0.456589
4.680261
-4.554502
-1.984005
0.998152
2.706717
3.864196
-1.735134
0.308032
3.074434
3.106024
-2.201917
0.544072
3.052653
-0.161562
-3.225535
0.017994
7.822546
-0.726928
-1.004165
0.497543
3.355983
7.549091
1.841009
-1.496546
10.631833
2.625427
-0.722130
0.699302
2.079919
0.101982
-0.566223
0.330953
-1.024371
-1.024856
0.354777
0.897096
2.449153
-4.580610
-1.987905
-0.430651
6.446483
0.598480
0.048574
0.433941
2.025096
-2.750832
-0.858509
0.983509
1.734400
6.184776
1.795216
1.419286
-0.281013
4.285393
-0.187187
-0.382910
8.123573
-3.032948
0.363559
0.929089
0.891077
3.404718
1.037309
-0.230758
4.366513
0.980764
0.186018
1.200963
4.250400
1.703690
-1.164250
-0.164821
10.213616
-3.380086
-2.051320
0.187148
6.002226
3.823638
2.242464
1.285549
-6.598871
0.585525
0.556719
0.102641
0.930305
2.200913
0.455721
-0.012197
1.537585
-5.987012
-0.394493
0.895260
-0.651735
4.100780
-0.208180
0.756153
2.794689
0.691194
-0.046688
1.050299
6.285705
0.173343
-1.658907
0.966866
-2.067157
-2.707519
-0.946544
0.376444
4.720654
2.193839
0.871211
0.496478
2.347947
3.363999
-0.254745
-0.211657
2.659614
-0.443253
-0.449061
-0.727557
-0.978035
1.603822
0.773697
0.527603
-0.443400
2.005659
-1.661108
0.601063
2.220806
-3.443359
-1.907681
0.345103
4.781370
-3.544834
-1.775526
-0.850199
6.188879
-1.803334
0.133659
0.960828
4.321079
0.389864
-1.408967
0.695049
-1.814537
3.097285
0.379957
0.395613
1.167494
0.911603
-1.955327
0.244933
3.265696
-1.530868
-0.410586
1.256119
2.084891
-0.989805
2.039356
0.541088
4.782982
2.970065
0.103798
1.069149
-0.129956
-0.924528
-0.123274
0.752886
2.605314
1.222434
-0.009292
1.015671
3.825107
-2.874537
-1.286323
0.184480
2.225421
2.691370
0.884640
0.775555
-1.136866
-0.888137
-1.135874
1.978292
-4.523249
5.906166
-2.346622
1.467687
-0.977202
-1.135794
0.429205
1.764523
-2.950827
-1.278549
-0.782647
-0.337067
2.475550
0.878512
0.440984
0.492578
0.972625
5.117058
-0.097981
0.026760
6.106236
4.494259
-1.139354
-0.269701
4.542861
1.761430
0.548461
0.447640
2.553618
7.668885
-1.279210
0.455072
1.396385
0.939803
-0.614846
-0.000591
2.706921
-1.954290
-2.403088
0.622863
1.590174
-0.706753
-1.259929
0.838823
3.621219
-0.889859
-2.624285
0.957998
0.053065
0.167922
-1.459339
-0.238189
1.353087
3.489044
1.635358
0.297705
5.587993
-4.473558
-1.831997
1.193654
2.575852
6.766712
0.176612
0.140132
-0.114952
0.196030
-0.032494
0.875712
1.363200
0.366355
1.088819
0.217080
3.997720
-2.268236
-1.892048
0.215547
3.043176
2.596610
1.104095
0.990548
2.145678
1.828098
-1.309773
1.579405
-0.191633
0.972130
-0.695436
0.808547
-1.396679
3.609150
-0.601059
0.409281
5.695149
-2.744553
-2.373038
1.634673
-5.703803
3.157949
-1.904860
-0.020447
0.589822
3.241571
0.223489
2.110470
-1.621106
-0.079294
-2.570198
1.565054
2.018492
5.833316
-1.157791
0.547388
4.659647
2.451921
-1.151842
0.783755
2.461632
4.364998
0.220812
0.769203
-1.816160
4.436165
-0.360302
-0.663045
5.504282
-0.158027
1.596019
-0.477769
4.740299
-3.744449
-1.714403
1.570755
-0.204709
-0.223126
1.390056
1.173594
-1.438366
-0.578840
-2.003583
-0.003529
1.879917
1.160557
-0.070394
0.771516
2.278659
1.068626
0.727699
0.593142
3.159585
-1.057792
-0.193595
0.654550
0.735506
-3.400240
-1.008862
0.198819
5.508387
-0.561415
-0.277677
1.528401
-5.759460
2.886463
0.606596
1.581268
3.062517
1.751117
-0.337514
0.441695
0.425301
-2.819229
-0.674527
-0.248583
4.170900
4.483464
-1.573258
0.031052
2.415787
5.058269
-0.523509
1.373508
0.857548
-5.116642
-0.949798
0.094665
3.295742
-0.385221
-0.447072
0.974643
1.661477
1.111534
2.305813
1.106001
-0.015908
2.684550
-0.651899
1.061988
-2.069743
0.896013
-0.086211
0.458331
-0.766422
-1.586003
1.080871
0.551965
2.836038
-2.668122
-0.408316
1.232356
-0.001815
3.142206
-0.992167
-0.022401
0.563806
-3.406347
-1.022277
-0.628416
8.788096
3.627013
1.603482
1.959789
-0.799200
5.899955
0.204985
1.358444
4.022806
-3.825159
-1.068873
0.658649
-0.375086
7.800345
1.552464
0.049901
5.368479
-2.047978
-2.177808
-0.254355
6.298021
-1.416802
-0.904151
0.166515
-0.368978
-3.374664
-0.086929
1.412224
1.227952
5.097983
0.520574
0.527563
1.839366
1.233232
-1.012865
1.210229
3.698032
-3.938456
-1.432342
0.134043
4.503002
-3.439653
1.095377
-0.406366
5.549439
2.716576
-1.574441
0.899148
1.114214
-1.097394
-0.592147
0.744554
-1.105415
-2.822319
-1.845252
1.009809
-0.819488
4.029473
-1.841142
-1.282964
5289.411424
3726.197852
100.159413
0.476855
0.270628
-3.461969
-1.598724
0.591521
1.296488
2.723183
1.874817
0.688640
-0.146939
-0.297662
0.145499
1.656116
-0.993499
-0.857158
-0.112125
-1.188892
6.292023
0.053960
-0.369411
-0.985589
9.297516
-1.695832
-0.264738
0.375010
1.935699
-0.406846
0.607430
0.793455
3.404080
0.804740
0.564527
1.337947
1.138726
1.158644
0.145912
0.692533
2.189943
1.232184
-0.362112
1.276065
1.097156
4.974023
1.902576
1.148815
1.983200
-0.921983
-1.695645
0.367741
1.446904
-0.138654
-1.236766
-0.811158
3.940114
4.632724
-0.161601
0.190423
4.244743
-2.748163
-0.056533
-0.336232
1.847386
1.619847
-1.110446
2.038995
-3.267072
-1.579439
-2.597667
0.490704
1.541933
2.394117
0.211878
-0.038864
2.242279
-1.830878
-1.771033
0.345572
2.771365
2.265446
1.127001
0.839428
2.742989
4.364038
-1.952899
