0.012414
66.324321
0.205918
-0.003834
0.033453
35.942292
-0.131761
0.025100
0.033995
41.460101
-0.247507
-0.050053
0.014238
41.888535
-0.108498
0.008210
0.029495
42.679310
-0.248242
-0.048875
0.062165
24.333392
0.124475
-0.014992
-0.002475
28.807893
-0.049076
-0.007787
0.063549
23.957152
0.143201
0.000686
-0.017282
29.314202
-0.077793
-0.014730
-0.035039
58.573480
-0.551133
-0.005517
0.029676
59.727947
0.159166
-0.041643
-0.019520
53.429515
-0.675797
-0.046215
0.028982
60.277269
0.172670
-0.032817
0.013542
42.707681
-0.134748
0.017537
0.029948
42.295818
-0.273795
-0.049453
0.014471
42.854948
-0.145877
0.013989
0.026509
38.763116
-0.276495
-0.049588
0.069784
18.865597
0.171627
0.024485
-0.008720
27.011349
-0.026247
0.007964
0.073275
17.049961
0.185379
0.034016
-0.011652
28.221320
-0.027503
0.000572
-0.013533
47.845252
-0.858545
-0.065956
0.026763
59.425183
0.179634
-0.024352
-0.011923
48.974954
-0.777638
-0.064698
0.033256
60.383558
0.188692
-0.028254
0.009505
41.441229
-0.222816
0.015426
0.017467
40.229659
-0.290112
-0.047572
0.018001
38.820436
-0.185907
0.012766
0.018500
38.733541
-0.286817
-0.043498
0.082838
13.839432
0.211397
0.031294
-0.020804
27.384837
-0.049040
0.005292
0.080041
13.619263
0.233730
0.038616
0.002027
22.691172
-0.038493
0.033326
-0.007457
45.127706
-0.730550
-0.050069
0.028219
60.264869
0.197744
-0.025361
-0.006541
46.805296
-0.736378
-0.046624
0.027119
60.195654
0.196517
-0.024968
0.037817
35.112046
-0.259554
-0.052056
0.025447
35.283842
-0.291619
-0.041926
0.039511
33.963163
-0.289400
-0.054773
0.027841
33.537034
-0.285755
-0.028762
0.072054
17.028434
0.259324
0.046571
-0.022016
23.937842
-0.101773
0.033372
0.072263
16.695284
0.258085
0.040288
-0.020814
23.508748
-0.088415
0.037480
-0.009106
45.166471
-0.701264
-0.046754
0.018814
63.287805
0.158801
-0.046921
-0.009040
44.144923
-0.693493
-0.038276
0.028766
58.548667
-0.011015
-0.071239
0.044260
34.461603
-0.325212
-0.081926
0.024823
29.627661
-0.294813
-0.044289
0.046908
32.837717
-0.338910
-0.098639
0.028229
28.555324
-0.304520
-0.042702
0.076599
12.690472
0.256490
0.031506
-0.009640
19.340465
-0.076288
0.076544
0.086252
7.596090
0.246090
0.018720
-0.014683
20.791131
-0.075249
0.075233
-0.016020
43.425151
-0.656430
-0.017766
0.030477
55.837398
0.071753
-0.082769
-0.012798
40.065635
-0.693985
-0.025682
0.031337
56.065891
0.080718
-0.084368
0.032727
37.268961
-0.326502
-0.094238
0.029245
28.568460
-0.397241
-0.041854
0.024977
36.696036
-0.366067
-0.110241
0.046761
26.077747
-0.360365
-0.044174
0.094438
-0.824811
0.276802
0.042633
-0.030647
24.754916
-0.110263
0.053956
0.104117
-0.752703
0.296389
0.045983
-0.030371
22.809518
-0.124548
0.051324
-0.016379
42.577055
-0.658661
-0.008514
0.032224
54.744917
0.082774
-0.088173
-0.019176
43.764719
-0.632458
-0.010527
0.034439
53.365762
0.093134
-0.082400
0.043200
29.760433
-0.337781
-0.115912
0.042584
25.316514
-0.387509
-0.040549
0.041594
30.620436
-0.327525
-0.106108
0.055087
24.439748
-0.383265
-0.051990
0.098830
0.008367
0.229273
0.049072
-0.027426
19.715164
-0.097906
0.057984
0.093954
-0.635273
0.200605
0.026146
-0.026663
19.505889
-0.094641
0.061256
-0.020731
41.634238
-0.629940
0.006644
0.036045
51.998807
0.155392
-0.080452
-0.025576
45.870301
-0.659273
-0.004222
0.034868
52.541086
0.121314
-0.086161
0.027465
28.429665
-0.328144
-0.112363
0.056038
26.067328
-0.354632
-0.067266
0.024017
28.773086
-0.312929
-0.106036
0.052294
29.087787
-0.355446
-0.060133
0.100731
-2.126895
0.175539
0.021642
-0.031250
18.983451
-0.057504
0.085699
0.102746
-0.215234
0.115722
0.017933
-0.025558
15.692290
-0.057033
0.092733
-0.015473
46.643590
-0.664154
-0.017200
0.035501
53.599970
0.128470
-0.086333
-0.003275
46.804808
-0.643486
-0.016500
0.033050
53.932552
0.123317
-0.089745
0.032670
28.094215
-0.350574
-0.089454
0.062532
23.948222
-0.366095
-0.066190
0.038767
27.193078
-0.352040
-0.091264
0.065318
23.568723
-0.352006
-0.068809
0.106010
3.307387
0.148422
0.023533
-0.028902
19.987816
-0.039374
0.089502
0.110414
1.816179
0.136146
0.017081
-0.030136
19.527738
-0.040168
0.085991
-0.021622
48.825560
-0.627428
-0.006208
0.035489
55.239080
0.139638
-0.098252
-0.019630
47.135057
-0.619241
0.002847
0.011050
58.107713
0.115037
-0.105481
0.046868
24.692208
-0.352924
-0.110795
0.071920
22.172832
-0.382478
-0.076535
0.045555
25.191828
-0.354481
-0.116332
0.068768
16.751350
-0.409684
-0.072172
0.106679
2.845238
0.136694
0.026997
-0.030238
18.002616
-0.036831
0.101083
0.107548
1.785526
0.136916
0.029928
-0.028919
18.334745
-0.053610
0.092905
-0.023324
46.273338
-0.603321
0.017650
0.013589
58.457231
0.120200
-0.110686
-0.025207
46.293268
-0.676328
0.013206
0.018637
55.497219
0.097181
-0.113282
0.057597
17.716507
-0.387189
-0.115741
0.060248
18.167937
-0.437598
-0.091945
0.055224
19.528228
-0.406732
-0.127763
0.060472
18.585654
-0.443756
-0.089560
0.110124
-3.865501
0.126787
0.006611
-0.036308
21.277402
-0.082684
0.074590
0.112883
-5.340693
0.102799
0.003946
-0.035388
21.035773
-0.065403
0.094596
-0.047422
52.068916
0.004518
0.026423
0.017556
53.804248
0.155392
-0.100976
-0.047853
52.864265
-0.026454
-0.002794
0.020121
53.394068
0.123849
-0.136860
0.050184
19.988086
-0.435979
-0.109765
0.061768
18.331165
-0.549929
-0.082006
0.042297
23.020771
-0.421117
-0.120402
0.057846
19.309758
-0.443267
-0.097849
0.123296
-7.892588
0.079463
-0.025185
-0.025537
11.263100
-0.086755
0.105892
0.123972
-5.413428
0.104284
-0.027878
-0.027184
10.516985
-0.060509
0.128186
-0.055927
53.215960
-0.011038
0.006866
0.031173
45.154326
0.084335
-0.143828
-0.050942
50.838139
-0.020457
0.016981
0.037619
43.499584
0.101037
-0.135709
0.056938
15.882632
-0.475539
-0.124138
0.060567
17.595672
-0.478681
-0.104343
0.057032
18.509513
-0.449129
-0.128223
0.060164
16.668047
-0.498294
-0.115014
0.115128
-4.826160
0.203766
-0.000363
-0.019192
9.152462
-0.046837
0.105745
0.113672
-3.439523
0.196332
0.001139
-0.019368
9.805041
-0.050952
0.101604
-0.051772
50.008204
-0.030801
0.018501
0.043975
41.695777
0.142348
-0.130996
-0.054810
50.964235
-0.034186
0.025632
0.045912
41.733607
0.159819
-0.127274
0.080807
14.567781
-0.471025
-0.114379
0.032797
23.046719
-0.520322
-0.133986
0.084434
13.152380
-0.471883
-0.117744
