0.009443
24.634451
0.307830
-0.042672
0.065362
13.917856
-0.046426
-0.081111
0.038880
19.702538
0.111203
0.020029
0.080173
22.320085
0.006234
-0.051794
0.014421
1.709066
-0.097585
-0.088128
-18212.629902
56711097.093139
336477.459984
17.304209
-242.608432
900077.793772
2755.749225
76.008301
0.131410
-12.640104
-0.055831
-0.151745
0.005717
46.071641
0.191567
-0.159225
0.093744
7.654625
-0.007507
-0.111160
0.144493
-0.802652
0.092818
0.008675
-0.026322
56.525964
0.379412
-0.040913
0.021658
15.714191
0.300926
-0.064170
0.065785
14.637352
-0.059848
-0.078067
0.046423
17.974459
0.071297
0.010098
0.075490
23.427287
0.021284
-0.027428
0.022395
1.899357
-0.085494
-0.086631
-19014.228842
59207293.605475
351284.690488
18.053669
-248.666749
922238.986420
2821.839734
77.884923
0.125463
-10.897152
-0.090819
-0.140676
0.013189
46.652075
0.187695
-0.154356
0.093295
7.581107
0.031546
-0.109132
0.147610
-5.335440
0.068070
-0.020158
-0.032379
54.237239
0.398671
-0.010240
0.031922
11.870374
0.308296
-0.070419
0.058367
15.321373
-0.055764
-0.095868
0.046770
17.073549
0.088966
0.018148
0.079709
22.898302
0.040791
-0.039197
0.025849
-1.028743
-0.089839
-0.122519
-19815.835630
61703493.195183
366096.342105
18.779120
-254.734290
944403.947860
2887.229121
79.738354
0.124335
-9.684734
-0.049181
-0.154935
0.013606
42.311196
0.182290
-0.155265
0.101456
1.509013
0.076634
-0.097827
0.157759
-6.593453
0.071831
-0.004697
-0.043938
57.855780
0.355057
-0.012272
0.042045
11.678321
0.282773
-0.098145
0.062365
15.013327
-0.056658
-0.110728
0.070157
5.964624
0.103883
0.022233
0.087495
20.930091
0.031739
-0.020967
0.036882
-3.261119
-0.115157
-0.141858
-20617.451669
64199694.683182
380910.453825
19.504316
-260.801066
966570.967372
2967.338536
81.646031
0.125459
-10.775128
-0.043568
-0.162018
0.017807
45.412607
0.181244
-0.137162
0.107321
-0.234174
0.122189
-0.094805
0.139536
-0.565537
0.077632
-0.016711
-0.035993
56.714981
0.326578
-0.011216
0.047719
8.252631
0.206988
-0.101957
0.053708
15.935437
-0.052939
-0.122529
0.062932
3.983572
0.134849
0.035117
0.076610
26.785893
0.039716
-0.027581
0.048696
-6.735180
-0.098794
-0.124588
-21419.069964
66695896.150882
395720.091675
20.265984
-266.866707
988732.486947
3033.300817
83.588179
0.107860
-2.411727
-0.012582
-0.162566
0.011787
48.417066
0.201516
-0.125473
0.108385
-2.227551
0.077654
-0.080000
0.125578
3.656434
0.071801
-0.023294
-0.027275
54.550792
0.302500
0.000094
0.054806
4.637724
0.200218
-0.117476
0.052300
16.133829
-0.045932
-0.112449
0.082074
2.247582
0.131398
0.031175
0.081548
23.043971
0.010432
-0.022690
0.041698
-3.198090
-0.094341
-0.120199
-22220.680304
69192098.992354
410529.269119
20.955862
-272.930997
1010888.222621
3081.968156
85.493894
0.108696
-2.045584
-0.030166
-0.160556
0.007936
52.101257
0.290591
-0.132532
0.090138
-0.950946
0.184091
-0.083500
0.140322
-1.740997
0.101578
-0.009740
-0.011147
46.383362
0.277097
-0.015445
0.033999
3.902504
0.321169
-0.074382
0.054655
14.847538
0.012678
-0.111337
0.082924
0.136256
0.132702
0.028863
0.076460
26.427891
-0.006003
-0.034919
0.046690
-3.227629
-0.102701
-0.128522
-23022.285160
71688298.167476
425340.747161
21.635232
-278.994266
1033052.248543
3137.916643
87.352805
0.119442
-2.841863
-0.030455
-0.158158
0.004636
52.403530
0.252212
-0.139769
0.102156
-1.002615
0.194198
-0.071149
0.127278
2.483685
0.096834
-0.012843
-0.017901
50.556845
0.270472
-0.029337
0.042347
4.022407
0.265724
-0.091585
0.053412
15.449672
-0.004249
-0.127174
0.076959
2.184828
0.167563
0.047623
0.071395
27.692636
-0.028247
-0.031893
0.046000
-5.136821
-0.083349
-0.115927
-23823.887862
74184495.727376
440151.152868
22.352359
-285.051714
1055219.645779
3201.891726
89.275260
0.110792
0.988619
-0.018626
-0.169294
-0.005987
59.110637
0.227266
-0.149244
0.110734
-6.380861
0.240651
-0.067849
0.128510
5.040237
0.073782
-0.020320
-0.012531
50.034476
0.285585
-0.028763
0.051894
-2.269921
0.217401
-0.077908
0.047868
10.889434
-0.006411
-0.128557
0.046783
8.178933
0.111371
0.060147
0.055627
34.103658
0.016442
-0.001717
0.037399
-2.306725
-0.027918
-0.104713
-24625.501152
76680696.495167
454960.438644
23.089170
-291.300468
1077383.169130
3153.041858
91.309279
0.118133
-2.982225
-0.000097
-0.166647
-0.012371
59.275059
0.225784
-0.137706
0.109752
-6.219595
0.258501
-0.087726
0.123402
5.222019
0.086725
-0.004809
0.004317
47.426526
0.288691
-0.043077
0.063113
-8.830119
0.238929
-0.089100
0.054419
7.844707
-0.037647
-0.160594
0.055993
3.418884
0.107361
0.036638
0.046609
35.685459
0.064361
0.008209
0.034202
-0.923293
-0.050210
-0.105355
-25427.104681
79176893.646735
469768.483659
23.809159
-297.363347
1099540.574989
3222.536123
93.197182
0.120674
-2.962213
0.031978
-0.148668
-0.025140
60.051061
0.122425
-0.159353
0.104321
-6.555187
0.277807
-0.062046
0.120796
8.623912
0.050816
-0.014539
0.004932
48.291779
0.238599
-0.045105
