536.656142
540.098959
531.790637
530.827555
538.681114
537.153843
542.815479
543.864566
541.981751
544.064304
539.894168
533.672905
540.467452
542.265845
542.925003
540.052533
538.368907
538.834415
540.242276
538.907108
539.622600
545.192918
547.055049
539.994430
542.633116
544.584262
550.813356
534.570860
534.440882
543.027226
545.043572
546.091720
546.097553
547.141407
544.530451
535.080441
536.346860
538.864862
548.465365
547.128090
545.916737
541.603572
542.490607
540.315514
538.774771
543.612019
544.701907
541.877598
537.078977
545.911067
550.247877
541.515184
535.597220
538.454972
536.087503
531.568851
530.380374
538.783489
542.463006
531.252700
544.576065
541.623024
545.172277
544.274461
541.123114
540.933999
545.755879
545.546487
555.843904
542.249852
544.112575
541.850513
536.407684
539.584692
530.738169
547.662048
545.722014
534.758567
550.267664
548.252883
546.377339
543.372242
540.049976
534.374049
542.596206
535.957554
542.314825
548.519125
537.532812
536.166311
539.936277
538.380982
539.235869
543.716765
544.300190
542.023368
541.328192
538.446399
542.766828
534.613442
536.191445
543.153250
543.554154
542.005537
542.776471
538.810570
541.579716
535.624007
536.870045
538.206155
547.594973
539.556894
538.614034
542.541197
546.119207
544.319271
539.877692
544.252922
544.606564
540.624484
551.075353
545.038921
542.564576
536.194758
538.601414
533.115354
535.716015
531.698354
529.584479
537.864245
538.611211
541.479241
544.946777
542.509375
546.126750
543.323249
540.242022
541.095697
544.690299
549.612033
540.850659
540.039482
537.427734
545.383970
536.204531
539.863757
531.818764
531.460732
539.080401
538.414628
538.136458
537.965816
541.683592
542.236984
539.843700
534.200399
540.549197
541.811358
543.175553
544.884142
538.286780
541.577577
539.812067
538.099210
537.912586
544.400990
546.979798
540.477870
550.425525
555.555780
551.864387
535.950500
536.287691
544.268678
543.763526
544.976201
545.096297
546.898359
550.708058
537.269575
537.346845
538.296420
547.274485
547.111504
546.454165
541.484467
550.833487
545.127135
540.230481
545.009685
545.532512
542.164507
537.048966
545.856221
550.648625
541.284085
548.673627
536.838539
536.126942
531.201617
528.472912
538.573628
542.841438
531.158392
543.606074
545.941923
548.304603
544.029698
541.171294
541.272563
545.516689
545.406566
555.038521
541.208666
544.003967
548.776043
536.876288
540.867780
532.376773
547.864262
546.610914
534.980737
537.892782
544.807958
536.023273
541.690775
540.033091
533.645001
542.563727
536.391763
542.513265
544.231318
546.822037
546.745887
539.832566
538.554459
538.769376
542.670637
544.916013
541.009330
531.067559
528.297619
531.804421
535.901417
536.276910
543.973084
544.325829
542.638335
543.686485
548.509271
548.015357
546.741092
538.247491
538.750427
548.152334
540.451444
538.808690
543.191312
541.093317
539.099835
538.123747
544.890194
545.649675
542.436967
550.444674
544.748392
542.749732
547.715512
545.749967
546.698907
536.881805
530.924778
528.179182
538.132345
538.784803
541.105362
538.295424
546.196738
551.280991
544.172436
541.359466
540.788858
544.456349
550.097897
540.756399
546.426025
538.719996
535.501254
537.226946
541.238357
532.637317
532.302241
539.903606
537.559383
542.863306
544.269374
541.815141
542.404925
539.725914
533.536040
540.492718
541.542843
541.929287
539.885817
538.182271
539.419314
540.409404
538.014509
539.185054
545.198270
547.755432
540.357707
543.381056
543.943338
550.846808
535.496187
536.316194
543.437941
543.639637
544.857372
545.910257
547.566469
544.851420
536.485085
538.873970
538.789792
548.194159
547.215155
546.458477
541.068622
542.287747
540.782459
539.183102
545.820427
546.485925
543.071582
537.214141
544.964237
550.021246
540.549925
534.980821
538.252845
536.778448
531.656940
530.290925
537.726903
542.600599
530.946963
545.636541
542.139196
545.294283
545.479104
542.265391
541.423561
545.902057
545.362300
554.853501
542.388168
544.462506
542.635183
