543.314483
544.336450
540.304029
543.309947
546.232061
542.089213
543.574809
542.029222
541.583556
538.162427
542.666177
539.665183
541.298815
543.014211
539.294530
543.090288
542.771618
543.680855
540.515128
542.213988
541.432283
548.061657
546.216207
547.373972
543.164258
544.220274
542.127373
542.289124
540.663923
539.159072
536.995391
543.142642
543.108724
543.195503
543.700807
544.257273
540.624932
541.658236
544.645551
540.474112
541.549158
541.068402
540.685479
540.788587
539.705555
541.917166
540.365220
541.872426
545.085601
544.558530
542.460542
542.134467
541.409399
540.234111
539.718958
544.275805
545.169225
539.844124
539.347405
540.014365
542.071771
540.689987
539.032920
542.980881
540.251200
540.281554
544.315672
543.119175
541.280605
540.255673
537.655377
539.970375
541.952845
541.878901
541.389075
543.331406
543.087446
541.890806
540.679625
540.917931
541.521672
540.767843
539.603306
542.098030
543.484734
541.319777
538.803159
540.063411
539.226206
538.099293
541.762561
542.817476
541.603729
543.542488
547.080937
540.068496
540.701493
538.866500
538.530415
541.908134
540.858105
543.321389
541.786269
544.550459
542.272762
544.018155
544.659954
541.915195
540.284454
541.260703
540.010468
544.121351
543.628612
543.919905
542.014812
544.416123
545.107453
539.038013
538.678317
537.727972
541.385609
541.933772
541.262695
542.312278
542.953072
540.487290
545.694267
547.070344
544.049690
542.264539
545.976573
541.842800
542.874623
542.129004
537.709820
543.154782
545.390914
542.096954
542.006355
539.528415
539.724648
541.456832
540.901476
541.585913
541.012517
543.711143
544.808232
543.359740
543.068477
538.967698
542.885136
544.159760
541.149912
539.436049
537.824944
539.419324
541.604247
542.555736
543.186905
541.222436
540.419882
537.242572
538.590231
542.619428
539.354691
540.824634
541.323438
544.476495
543.547324
544.514904
540.027710
542.484639
544.055780
546.550010
539.464713
541.683446
543.014444
539.897148
540.114818
539.167818
538.935123
538.705047
537.901657
539.815636
542.437121
539.982519
539.961108
540.236876
543.206166
547.746815
546.412815
547.298363
542.327979
542.161728
545.529699
539.664331
543.556921
543.216408
541.165976
539.763205
541.058445
542.375271
540.896191
542.138169
541.115868
540.559632
538.114832
542.154049
538.322620
541.717699
540.597156
540.662946
539.526290
542.000525
544.361938
544.058931
542.575100
543.706611
543.211497
542.890463
543.588276
546.311312
541.352063
543.576099
540.240086
541.825782
539.989122
542.292455
540.770791
543.416838
540.846871
542.828619
540.244062
540.203470
542.721510
543.781009
539.232416
540.741577
542.098341
542.198175
540.774479
542.509688
542.587852
543.175385
540.119308
540.778402
543.383246
546.284388
544.311141
540.589932
541.947965
541.605024
543.589417
541.370579
538.957403
546.959615
543.029413
545.789287
540.778909
542.534963
543.849111
539.335092
542.571482
543.227528
541.837728
543.679689
539.950993
543.922656
542.386979
541.289572
543.258516
543.417652
544.649077
544.096559
544.865914
542.223765
539.973952
541.243012
542.007095
542.626502
544.694458
540.514407
538.475142
541.376041
542.259578
540.502634
541.367470
543.692907
540.958601
540.311041
539.926485
542.726717
544.444355
543.197661
545.799509
547.719445
544.260196
542.260217
540.839024
544.193130
542.884255
541.208396
539.473221
542.148572
543.366339
542.548801
538.578926
540.150630
538.727753
539.620723
541.356375
541.082889
544.946739
543.321918
546.672613
543.271157
542.853279
539.010236
540.800514
538.525191
536.877024
542.617756
542.929882
542.887884
541.626302
539.817773
539.077818
542.038706
542.926739
541.391897
540.471777
543.815934
542.008823
541.549276
541.736724
549.128248
543.484019
544.330168
540.027240
543.307323
546.195312
542.353373
539.566590
540.500225
539.982411
541.361651
542.484470
542.893542
537.152837
539.948207
539.566362
542.472381
544.313133
540.435700
543.460866
544.315973
542.111478
547.533859
546.175316
546.973344
542.921478
543.931594
542.004596
539.991980
542.581870
541.423732
545.371978
542.728395
541.362300
540.070983
540.925398
545.631731
537.068836
537.982503
538.773812
537.173671
539.340269
541.059855
540.592535
540.932417
539.531832
542.068921
540.635133
542.161970
541.162849
542.412895
541.359960
539.977003
541.640528
542.083241
542.169942
544.008404
542.619954
539.404671
538.215877
543.436344
540.815897
542.357496
543.131080
543.110698
540.518383
540.525659
544.298847
543.186477
541.211621
539.855017
542.586988
540.831051
537.106299
539.111478
540.582605
542.658152
541.054235
543.104106
540.158885
544.329619
546.616817
539.448659
540.544932
540.960175
543.780135
541.572881
539.230365
539.777712
538.902465
537.665165
539.802738
541.673314
546.028471
542.576734
542.811990
540.092465
540.394894
541.720444
541.227951
536.132839
538.335280
538.716867
539.200982
540.424226
544.531486
544.249659
544.992059
541.949240
540.635218
541.339054
539.938332
538.665773
540.995921
538.950438
543.412363
543.748320
545.019436
539.150112
542.007341
540.706786
537.207419
538.213579
535.478312
542.658715
541.856496
543.078094
546.002409
547.653376
544.178277
542.189825
546.048541
541.660571
540.809244
541.571886
541.599875
541.186603
540.036170
542.339930
541.286977
540.323119
544.700335
542.723895
538.081524
542.603055
539.002735
540.916617
543.308067
543.179200
542.910181
539.230301
543.017961
544.087354
540.740151
539.755685
541.532191
539.675953
542.970367
543.322665
542.996275
542.541269
540.845967
542.932157
541.844122
542.777321
545.072538
541.175007
543.425554
541.925289
542.977909
543.501780
539.461811
542.461551
544.249753
546.532764
545.578904
545.310101
543.807099
541.876322
543.060387
537.437176
539.920280
542.531271
542.305215
540.912603
541.694927
542.635426
537.980761
540.733670
541.851131
547.414935
546.392235
546.801749
542.292670
542.082448
545.247991
541.330477
541.401892
540.989451
537.944850
539.672946
539.210143
543.261001
543.765713
541.809554
539.654843
541.293407
541.685964
540.861696
538.969788
536.540494
540.768778
541.040579
539.741381
541.812149
543.999008
544.005147
540.006985
541.514217
540.261276
544.062024
543.978152
542.258078
545.020881
545.468571
542.200036
541.994252
541.315912
537.808858
539.915325
541.994065
539.346762
543.300786
540.723254
540.599978
542.614598
543.895352
539.311828
541.196165
542.900365
542.302255
541.112512
543.861869
545.011574
541.839097
543.144350
540.997245
541.602684
543.825238
541.874962
544.573550
545.095478
540.551193
543.414131
541.308978
539.139740
546.718550
542.994094
545.671803
538.376850
537.908019
541.140778
539.649258
540.501465
539.477476
539.934993
540.144851
541.703681
539.418757
541.872639
542.731666
542.024554
542.039302
540.747783
544.600693
545.483061
542.621690
540.078642
541.290298
542.306563
541.022077
543.012835
541.144346
542.218506
542.351963
538.921080
540.554926
537.880039
539.218598
536.993646
539.389132
539.287842
541.782997
543.102287
540.679223
545.734740
547.461747
544.303281
541.816000
540.491290
544.086591
542.065329
541.417292
542.472876
539.038666
542.556415
543.226125
540.987082
542.862158
542.718759
539.999996
539.872716
543.022453
535.363648
540.742333
540.606905
543.033864
542.770668
539.275681
540.692078
538.460974
536.856743
542.756480
543.785539
543.996383
542.207606
545.233300
542.875464
540.615222
545.211460
543.967858
543.245120
542.540001
545.968201
541.782396
540.944325
542.540593
542.922120
543.861737
539.885683
543.123842
546.412365
542.399128
543.620387
542.174068
541.498326
542.695416
541.517237
541.478926
540.520170
541.964305
545.159206
539.684543
539.927501
542.934717
540.260879
541.316005
539.105008
547.383841
546.328018
546.545600
542.987202
544.097404
542.192996
542.302823
540.729923
539.530366
539.260382
539.041567
540.375608
540.596369
543.248311
543.629387
540.842504
537.162163
539.310245
538.757754
539.059491
543.143476
540.366174
540.797574
539.510442
542.257032
540.846269
542.460889
545.170569
544.777739
542.611825
542.525028
544.313851
540.206733
541.602595
543.848604
541.705674
536.323656
539.473255
541.531597
541.409073
539.068668
540.135227
543.367121
540.869385
540.860082
544.548290
543.466871
540.862911
540.166989
537.622801
539.711188
540.326734
541.216271
541.382770
539.937904
539.567582
539.671888
539.797112
537.016296
539.386595
543.126383
542.640669
541.089117
543.520032
541.140248
539.190511
539.644496
538.851149
537.472617
541.743516
542.936309
541.732395
540.710199
538.885501
541.235144
540.457002
539.450491
539.518726
544.049797
543.952217
539.838890
539.272764
540.103069
542.067120
544.439492
545.858396
543.015631
540.439227
541.022080
539.817685
543.982531
543.763876
544.134837
541.374847
539.550314
539.276029
539.077942
541.782157
540.644580
542.083053
543.092227
543.417673
541.669931
541.673530
543.757585
545.693309
547.243990
544.071496
542.247820
546.267056
541.209933
542.820597
541.899085
537.683154
540.376428
540.704421
542.266928
540.475472
540.664396
537.526197
543.525249
542.493906
540.959307
539.575814
541.248296
539.802747
542.801400
542.471762
539.078812
543.076242
544.170435
540.621347
539.434655
537.874641
539.610378
541.601515
543.063791
542.668881
540.267548
540.419090
544.172566
543.677736
539.414461
540.975014
541.262399
539.363508
543.606353
