0.044131
7.935244
0.059376
-0.052489
0.036509
-5.400208
0.080262
-0.022704
0.008835
4.251371
-0.120891
-0.039408
0.004994
1.655897
-0.026408
-0.043979
0.019459
-5.647612
0.065815
-0.041434
0.002508
-1.227508
0.047347
-0.054282
-0.007746
7.757132
0.082264
-0.072987
0.060570
-8.184525
0.069089
-0.043875
0.022647
0.383607
0.015373
-0.008321
0.006113
3.291468
0.011951
-0.034803
0.019343
-0.414574
-0.018075
-0.089856
0.013200
-3.307232
0.059106
-0.069228
-0.001295
3.670122
0.035385
-0.066457
0.001080
-4.601359
0.133200
0.021025
0.044703
-0.324894
0.081250
-0.033267
0.029446
-4.382431
0.065089
-0.035847
0.018532
-1.920499
0.162023
-0.040548
0.026870
-2.354079
0.008865
-0.033117
0.012477
-4.177839
-0.095980
-0.040162
-0.002096
2.338718
0.019439
-0.033528
0.009479
-4.840320
0.102061
-0.038085
0.020929
4.110533
0.061513
-0.016910
0.012741
4.535419
0.023078
-0.002477
-0.004514
7.257197
-0.082749
-0.024145
0.015891
-1.931737
-0.105334
-0.049492
-0.004313
6.661267
0.087052
-0.064599
-0.001311
3.848157
-0.007839
-0.019537
0.004033
-0.518332
0.055659
-0.021340
0.004191
4.519967
0.055066
-0.015131
0.015119
2.552704
-0.023104
-0.039934
0.011452
4.200561
-0.059196
-0.066879
-0.003041
5.079155
0.041221
-0.023285
-0.008552
5.041019
-0.012315
-0.027928
-0.001561
-0.285850
-0.042025
-0.009914
0.000896
3.927448
0.034545
-0.051174
0.037097
-1.264103
-0.044297
-0.085536
0.022357
6.131318
0.014754
-0.058954
0.024362
-6.725501
-0.032157
-0.086857
-0.007862
5.248681
0.001475
-0.025625
0.014762
-2.169544
-0.041009
-0.051743
0.013349
-5.545205
0.008649
-0.012864
0.009169
-2.053477
0.077190
-0.060614
0.043095
-8.639655
0.141705
-0.030952
0.047386
-12.003605
-0.045608
-0.007651
-0.007713
14.275034
0.074807
-0.062802
0.031611
-5.450137
-0.011090
-0.098679
-0.000982
6.246321
-0.068816
-0.079259
-0.007222
9.858465
-0.042083
-0.068553
-0.000022
4.146459
-0.119621
-0.041980
0.027349
0.363496
0.049703
-0.038241
0.018679
1.323414
-0.009850
-0.011679
0.000093
12.589070
-0.039471
-0.075886
0.011717
-2.740422
-0.088470
-0.051795
0.020467
-9.100674
-0.061661
-0.020962
-0.002920
3.511820
0.022060
-0.064407
0.015465
-10.897092
0.002180
-0.009754
0.043734
8.139106
0.052820
-0.056668
0.033632
-11.409737
0.077878
-0.057848
0.026621
-8.555418
-0.053416
-0.070710
0.006368
3.449140
-0.077130
-0.077902
0.019650
-7.542007
0.069187
-0.042972
0.000923
0.851924
-0.087144
-0.060280
0.006420
-6.295719
-0.020508
-0.031265
0.061260
-8.386885
0.060341
-0.046124
0.031694
-1.381161
0.058001
-0.031078
0.021201
-4.749421
0.079774
-0.023272
0.008152
-0.573261
0.076890
-0.030423
0.012546
-5.128225
-0.017450
-0.011938
0.001324
1.588466
-0.019532
-0.067166
0.023641
-12.047207
-0.053828
-0.020493
0.046649
-0.727864
0.075381
-0.036204
0.034247
-3.308723
-0.057404
-0.046761
0.030103
-5.893374
0.122851
-0.018019
0.033075
-9.164515
-0.013156
-0.059418
0.003654
-0.334936
-0.054153
-0.048890
0.021549
-5.077329
-0.071890
-0.063548
0.025660
-13.274047
0.054712
-0.027188
0.018840
4.919087
0.055606
-0.018681
0.022912
4.351405
0.011622
-0.030234
0.025791
1.443257
0.009123
-0.084994
-0.008497
13.579157
0.089416
-0.027087
0.013528
-4.580618
-0.055095
-0.072908
-0.007353
2.057828
0.071701
-0.044604
0.014768
-5.594510
-0.064334
-0.076656
0.004913
3.513434
0.052494
-0.013321
0.035214
-2.167534
-0.129995
-0.076151
0.034426
-12.888604
0.061592
-0.047279
0.009101
-1.393307
-0.067413
-0.059341
0.004331
-6.050434
-0.011745
0.008495
0.011888
-0.623213
0.098592
-0.085672
-0.000196
3.010034
0.043547
-0.103055
0.038590
-2.065530
-0.047077
-0.086246
0.020280
-5.339989
-0.099124
0.002753
0.020194
-3.295799
0.095192
-0.009861
0.007228
-0.468486
-0.049603
-0.058469
0.022486
-8.049145
-0.079601
-0.062851
0.003433
-3.451951
-0.093987
-0.011268
0.009059
-5.491470
-0.073823
-0.036214
0.043918
-9.009936
0.143695
-0.028134
0.022195
-2.018359
0.065842
0.019384
0.003286
6.435370
-0.027605
-0.072579
0.017854
-3.902564
-0.040989
-0.052514
0.030854
-17.234523
-0.076049
-0.015930
-0.012827
9.259136
0.023070
-0.061566
0.019343
-8.570234
0.017094
-0.049395
0.029840
-0.132512
0.050939
-0.041205
-0.005423
16.862716
-0.039396
-0.022084
0.035323
-12.331625
0.043782
-0.061485
0.009417
-3.678625
-0.034438
-0.029302
-0.017017
12.580644
0.036968
-0.043411
-0.025186
18.386606
-0.006200
-0.079520
0.017046
-4.162057
-0.102443
-0.073633
0.043122
8.187653
0.053672
-0.056372
0.036184
-5.203352
0.078719
-0.021700
0.023255
1.989364
-0.029143
-0.052716
0.020425
-3.235301
-0.010060
-0.028610
0.022792
-10.316671
0.054376
-0.034372
0.008446
2.330524
-0.081400
-0.082103
0.015875
-8.886403
-0.031464
-0.045609
0.061631
-8.762183
0.057740
-0.044670
0.024742
-0.352470
0.016548
-0.008957
0.011606
-2.066555
0.022138
-0.063586
0.014966
-5.348174
0.026619
-0.054339
0.025036
-8.297855
-0.129849
-0.046661
0.011072
-2.032810
-0.124041
-0.071416
0.009228
-5.959359
0.074235
-0.040725
0.044623
0.555030
0.075547
-0.034940
0.028326
-3.798245
0.067416
-0.031457
0.015801
3.787492
-0.028935
-0.073433
0.022196
-2.579822
0.041263
-0.064600
0.007438
-2.661632
0.073818
-0.034440
0.019268
-9.458848
0.117510
-0.051286
0.010059
-7.342246
0.023197
-0.007436
0.017586
5.401832
0.056894
-0.020478
0.014520
3.407852
0.019186
-0.004746
0.011797
0.922250
0.039754
-0.050816
0.008175
2.828628
0.090991
-0.062485
0.012445
-7.973412
0.121430
-0.005221
-0.016313
8.339884
-0.007021
-0.008863
-0.018524
8.580387
0.127450
-0.024325
0.007107
3.362091
0.048365
-0.017707
0.015898
1.583191
-0.021447
-0.040132
0.028683
-6.003211
0.087908
-0.043914
0.020747
-0.750060
-0.022816
-0.045752
0.015965
-1.684747
-0.014127
-0.044626
-0.013652
7.733073
0.047640
0.012865
0.005289
-0.883007
0.009393
-0.065107
0.038517
-1.674510
-0.045504
-0.086554
0.023689
5.360026
0.014090
-0.059609
0.023072
2.515278
-0.025756
-0.057896
0.002665
5.255040
0.036350
-0.050145
0.027566
-12.161067
-0.070982
-0.073796
0.024634
-13.189679
0.049524
-0.049951
0.009369
-6.205391
-0.058324
-0.050044
0.042874
-8.403964
0.143417
-0.026981
0.047146
-12.338364
-0.045198
-0.006714
0.021473
3.472640
-0.044172
-0.071805
0.013092
-4.107008
0.044234
-0.023023
0.009801
-1.358252
0.039998
-0.029976
0.022742
-11.732955
-0.057670
-0.068748
0.003105
1.963226
0.000489
-0.039174
0.029592
0.727359
0.056249
-0.043618
0.019251
0.977939
-0.006132
-0.009481
0.010038
1.320732
0.111738
-0.052563
0.013240
-1.686752
-0.079011
-0.094470
-0.005063
8.969928
-0.026339
-0.058988
0.004158
2.200382
0.027685
-0.030374
0.007809
-0.794795
0.096860
-0.027713
0.043069
8.517257
0.049466
-0.057505
0.034291
-11.783575
0.096913
-0.056860
0.028041
-3.583220
-0.056356
-0.061649
0.033396
-18.601391
0.027024
-0.024909
-0.002660
4.219814
-0.133643
-0.032843
0.010293
-2.956858
-0.133445
-0.105109
0.027790
-15.738510
-0.020664
-0.049052
0.063955
-9.297814
0.060685
-0.041226
0.032165
-1.980990
0.058486
-0.031770
0.014024
2.920740
-0.051767
-0.047115
0.041590
-15.557931
-0.023544
-0.047074
0.004910
-1.653412
-0.018565
-0.049989
0.008258
-1.848462
0.032795
-0.034964
0.004874
-4.902561
0.078257
0.009209
0.043085
0.753012
0.072665
-0.033209
0.033267
-2.986122
-0.047890
-0.046509
0.008576
0.545015
-0.000654
-0.037559
0.003128
-0.797678
0.049014
-0.010174
-0.010284
7.294712
0.027268
-0.037893
0.020761
-12.620937
-0.096670
-0.030262
0.021712
-8.506871
0.074535
-0.086907
0.017712
4.557439
0.062587
-0.020212
0.021550
4.988755
0.012310
-0.029191
0.043843
-8.623605
0.012936
-0.052829
0.023310
-6.669394
0.018595
-0.030202
-0.011108
9.337657
0.099548
-0.009730
-0.002566
4.203598
-0.007987
-0.064151
0.001296
0.742039
0.140728
-0.029822
0.010125
2.364593
0.051189
-0.017182
0.038864
-2.996971
-0.126248
-0.074422
0.029649
-4.459360
0.047124
-0.040628
0.010866
-7.160012
0.129514
-0.010590
-0.003036
6.705980
0.165263
-0.001706
-0.020462
10.146434
0.148820
-0.001596
0.026913
-12.280552
-0.020595
-0.047353
0.039002
-2.312511
-0.028630
-0.083364
0.020928
-5.582703
-0.099508
-0.000902
0.037163
-8.866702
0.070916
-0.034738
0.008543
1.919005
-0.012600
-0.042992
0.018292
-5.956010
-0.110325
-0.047867
-0.005108
-0.593028
-0.090946
-0.032434
0.004669
0.801689
-0.152155
-0.070727
0.041089
-7.603766
0.143250
-0.027794
0.021547
-2.525566
0.069799
0.024521
0.027426
-6.466761
0.031747
-0.060779
0.018571
-5.168593
0.018910
-0.000252
0.022445
-14.536499
-0.055944
-0.035006
0.000454
3.082860
0.187264
-0.056235
-0.010199
7.675750
-0.029631
-0.060251
0.029539
0.392912
0.055423
-0.041778
-0.005772
16.968843
-0.041605
-0.026459
0.025242
-5.827873
-0.016922
-0.063395
-0.014056
8.743142
0.056348
-0.030848
0.014593
-9.628107
0.060846
-0.047625
0.019245
-9.149742
0.038602
-0.071794
-0.004066
5.990832
-0.038496
-0.049586
0.042009
8.868249
0.049641
-0.055875
0.036785
-5.496717
0.083556
-0.020096
0.008132
4.950446
-0.117039
-0.040349
0.003217
1.618374
0.059622
-0.029328
-0.005857
8.530937
0.014400
-0.065675
-0.005441
2.117826
0.074661
-0.008738
0.001407
-2.127255
0.017841
-0.024980
0.062942
-8.792789
0.050252
-0.044908
0.025656
-1.250931
0.018813
-0.008097
0.004605
4.351876
0.003205
-0.037745
0.024089
-10.573956
0.023258
-0.026537
0.034405
-13.655864
-0.022439
-0.058808
0.023658
-10.064648
-0.094818
-0.057528
-0.010864
5.799633
0.030129
-0.011823
0.039781
2.078293
0.075250
-0.033018
0.027490
-3.763165
0.066368
-0.030845
0.016874
-1.350635
0.158394
-0.044925
-0.001815
4.683478
0.004701
-0.037116
0.000223
-2.105137
0.118678
0.003987
-0.003430
2.623001
0.085645
-0.004201
0.010770
-2.886494
-0.046847
-0.032744
0.017083
4.825083
0.058091
-0.022321
0.012657
4.051225
0.009616
-0.008131
-0.003930
7.672989
-0.074841
-0.026070
0.014316
-2.467396
0.018340
-0.011794
0.029171
-11.348822
0.032874
-0.028714
-0.002127
4.300274
-0.019177
-0.037827
0.025635
-12.085902
0.011223
-0.011200
0.007636
3.405718
0.047511
-0.019809
0.014823
1.779953
-0.030396
-0.040272
0.013927
3.479424
-0.069029
-0.069150
-0.001510
5.770368
-0.028605
-0.056241
0.009051
-5.584888
-0.041824
-0.029467
0.000425
-3.662815
0.020780
-0.023365
-0.002235
3.139523
0.005294
-0.041415
0.038886
-2.520139
-0.033700
-0.082774
0.022707
5.182747
0.009716
-0.058892
0.023535
-6.452643
-0.028281
-0.084477
0.040603
-15.272422
0.096775
-0.015729
-0.007131
5.342333
-0.013646
-0.041200
0.023024
-6.437448
-0.081885
-0.077856
0.007571
-1.290949
-0.059110
-0.055405
0.040590
-7.507454
0.140614
-0.030674
0.046479
-11.296275
-0.047721
-0.007276
-0.007308
13.341615
0.068114
-0.061027
0.022757
-6.397699
-0.155192
-0.066165
0.019429
-12.087230
-0.075356
-0.004463
0.016505
-8.008249
0.097435
-0.036673
-0.008291
0.215510
0.111581
-0.003919
0.031730
-0.777613
0.054450
-0.042855
0.018326
1.524096
-0.003489
-0.007281
0.000739
12.591592
-0.040560
-0.080402
0.009583
-3.786278
-0.027424
-0.049877
0.014365
-4.504290
-0.082074
-0.052193
0.010301
-2.946718
-0.107716
-0.073711
0.006664
-2.217683
-0.036669
-0.066227
