5.151439
5.445976
5.307202
5.347828
5.088060
5.361071
5.255217
5.248268
5.284689
5.401961
5.124105
5.225933
5.170398
5.221607
5.324080
5.654137
5.429198
5.388715
5.084495
5.228052
4.592329
5.649757
5.445178
5.306917
5.070909
5.231670
4.631412
5.457824
5.441254
5.581216
5.138849
5.279238
5.484973
5.416487
5.417942
5.604144
5.183169
5.269230
5.489994
5.172395
4.833084
4.995576
5.191166
5.290631
5.421064
5.250304
4.943923
5.003954
5.226960
5.313683
5.408805
5.688880
5.337468
5.289109
5.309536
5.217415
4.828559
5.737306
5.311372
5.396699
5.268935
5.271357
4.890958
5.365903
5.404628
5.530976
5.139568
5.279260
5.762301
5.342283
5.418834
5.453817
5.219029
5.364156
5.553089
5.206085
4.860925
5.072399
5.222090
5.277633
5.405239
5.463869
5.051374
5.201822
5.278747
5.274609
5.433897
5.715615
5.535231
5.096408
5.333918
5.384554
4.981652
5.651183
5.429150
5.023498
5.354044
5.422146
5.163323
5.154229
5.308237
5.547972
5.260753
5.302686
5.642723
5.111983
5.251340
5.428473
5.235592
5.316234
5.650088
5.249737
4.944987
5.192403
5.208192
5.268943
5.392587
5.160629
4.910278
5.146342
5.188347
5.182371
5.417085
5.721731
5.346762
4.904440
5.574054
5.190087
5.098468
5.633577
5.268962
4.885180
5.565835
5.167334
5.186617
5.138714
5.158972
5.440731
5.355695
5.429402
5.693341
8.011197
49.088153
7.587007
5.329291
5.363452
5.674527
5.243318
6.913413
5.244137
5.092351
5.254646
5.292527
5.304034
9.503166
5.319534
5.127439
5.382764
5.278902
5.523740
5.256473
4.929134
5.620898
5.230460
5.389685
5.498478
5.241448
4.919432
5.686546
5.271801
5.477803
5.180639
5.420704
5.449645
5.223832
5.207859
5.639089
5.327099
5.590874
5.524452
5.255424
5.225535
5.676156
5.551369
18.069866
5.747969
5.096823
5.221905
5.060716
5.586496
20.677093
5.919004
5.166844
5.339832
5.185540
5.398357
5.164513
4.849322
5.645402
5.356998
5.553564
5.390383
5.272406
4.886494
5.758731
5.446102
5.640046
5.230686
5.519393
5.362739
5.477868
5.394368
5.737596
5.262639
5.469474
5.329683
5.444138
5.363530
5.692468
5.639921
29.150238
6.265105
5.011689
4.970682
4.896536
5.769302
31.941821
6.437646
4.991651
4.857377
4.853443
5.389509
5.279462
5.160272
5.673894
5.390361
5.708637
5.412285
5.360945
5.406876
5.705214
5.404301
5.719497
5.330149
5.414056
5.334967
5.531826
5.679429
5.717970
5.337019
5.307058
5.145174
5.481435
5.565808
5.583438
5.812190
40.283551
6.865310
5.046320
4.878330
4.713949
5.798891
42.924546
6.894243
5.022558
4.791911
4.739266
5.391623
5.537897
5.563364
5.704023
5.420072
5.517176
5.201814
5.449307
5.456147
5.807281
5.501244
5.664385
5.394774
5.299899
5.250412
5.454264
5.607142
5.472048
5.401888
5.345885
5.290952
5.478718
5.646285
5.477949
5.958682
51.395546
7.164904
5.010080
4.847223
4.933107
6.082223
54.170831
7.358659
4.957326
4.805346
4.947631
5.257797
5.340972
5.912416
5.741587
5.432746
5.771786
5.247356
5.426443
5.940066
5.783391
5.525903
5.749154
5.416192
5.385415
5.378360
5.461679
5.608948
5.421640
5.422137
5.404709
5.379145
5.572072
5.525661
5.457731
6.040898
62.468500
7.606395
5.004326
4.916588
4.983872
5.291455
5.300822
5.092389
5.109925
4.947417
5.021774
5.259539
5.445307
6.023267
5.619609
5.631118
5.763666
5.283599
5.455599
6.016738
5.545966
5.636325
5.756879
5.466276
5.553043
5.513928
5.415088
5.690285
5.706608
5.310224
5.485425
5.533414
5.530609
5.778144
5.710950
5.356437
5.436835
5.234053
5.235891
5.095594
5.065467
5.418915
5.503569
5.206639
5.324003
5.263691
5.064105
5.310856
5.481280
5.934625
5.468036
5.619714
5.563626
5.278318
5.511404
5.915292
5.589312
5.651048
5.645473
5.468603
5.299597
5.333109
5.598454
5.792038
5.548633
5.453743
5.332056
5.295233
5.550589
5.837290
5.751083
5.215277
5.475883
5.153548
5.217627
5.196837
5.285452
5.170616
5.349975
5.045410
5.289897
5.280887
5.302488
5.476745
5.558682
5.841857
5.577267
5.727954
5.598213
5.483341
5.576894
5.865647
5.648502
5.736860
5.700979
5.353313
5.321670
5.389302
5.761775
5.904704
5.768552
5.414244
5.352514
5.375542
5.682179
5.754885
5.648857
5.544846
5.752656
5.254697
5.523587
5.522925
5.449254
5.452879
5.611244
5.161166
5.496196
5.499434
5.421802
5.437487
5.673048
5.761091
5.523302
5.595180
5.425913
5.393320
5.704107
5.857342
5.557650
5.614760
5.444033
5.461715
5.507606
5.592970
5.626469
5.592637
5.462847
5.347835
5.477705
5.436467
5.453785
5.452579
5.460326
5.462333
5.377411
5.300467
5.545600
5.600966
5.688826
5.557395
5.471030
5.270394
