545.062679
542.986547
533.490787
547.589872
548.995990
541.054052
535.922754
540.563762
534.060875
545.323342
543.071244
532.650174
545.189111
539.171199
539.923529
542.837542
543.886765
545.299582
543.719233
541.986119
537.257759
544.858910
544.899486
535.585519
531.914597
532.269784
530.562055
535.100515
526.778447
534.819822
547.486540
547.789761
547.781293
546.628057
546.278687
546.309689
542.418886
538.239011
548.921805
540.778355
538.987982
543.814208
541.844397
538.152039
535.715069
539.483399
542.517342
541.384305
544.050028
543.580393
538.923252
548.326397
546.081944
545.558557
537.003156
533.920831
529.193310
539.415152
537.050375
544.087042
541.200615
544.114905
547.244877
539.382234
538.322733
550.884038
537.750864
535.514393
533.122400
540.212697
539.484212
537.599899
546.036968
544.648189
533.414086
535.649739
544.947441
547.860051
539.219725
542.904593
549.047503
544.644002
541.746925
533.042494
536.508333
538.995650
544.070583
538.986030
539.585619
537.519691
543.421906
541.109430
536.199656
544.140247
544.746678
532.282142
540.784155
547.575766
551.499044
535.702002
526.781361
535.509599
541.110734
543.626265
543.287763
546.871553
543.203986
538.058798
542.068599
537.860797
548.609751
549.272651
548.642303
543.205954
539.080161
537.297313
534.992749
539.384877
543.296448
540.744142
535.101389
546.224062
555.096221
540.664941
536.119105
538.418621
537.149438
534.469766
529.724559
538.532027
541.471004
528.702779
543.119203
543.935673
545.234579
539.344029
538.107217
551.740741
541.222530
541.265033
547.813122
542.745897
546.397393
539.137876
546.094933
544.204528
533.282969
547.733606
549.490942
541.550303
548.113128
550.387322
544.828437
544.422088
541.559435
531.377409
545.703713
539.509935
541.614405
544.716334
534.619388
532.394895
543.760413
540.563057
534.963944
543.265330
544.154351
535.145498
539.112504
535.996818
538.063925
535.658441
527.019466
537.000641
547.731696
548.119977
547.828218
540.469430
542.729393
536.478986
541.846431
537.909815
548.961899
540.474525
539.071400
543.685280
544.805714
544.990754
540.630039
539.431886
542.202557
540.571326
543.612338
542.902663
536.760741
538.744597
540.604152
527.729007
538.362835
535.162095
529.969033
538.869626
535.352942
543.374651
540.582307
537.647757
540.199032
538.845632
537.678512
552.216296
537.595566
535.403565
532.012494
543.039128
539.573487
545.719249
545.795183
543.568869
533.299269
534.893071
545.452534
546.692291
537.802982
539.736299
541.405457
545.703524
542.565170
532.838954
535.849849
539.360955
544.678310
544.458856
538.003196
545.557966
543.238257
540.248300
535.468280
545.452587
545.192925
532.275282
547.046474
549.125700
546.275879
535.028433
526.278945
536.472013
540.519756
542.701018
542.716532
546.042636
545.580608
535.927486
542.073204
537.545835
548.052754
548.876184
546.754304
542.997626
545.544447
539.920068
540.733136
539.352015
542.887644
541.046797
535.611275
546.052650
553.989547
542.722159
547.638501
538.111998
538.815573
535.823960
529.888113
538.494874
540.965381
528.775237
542.729973
544.052212
545.294150
540.028041
539.320425
554.286220
541.379587
541.540054
547.956290
545.870917
549.555377
550.232480
545.378297
543.257958
533.511303
548.184935
549.080070
541.982562
536.218673
540.750441
534.034716
546.064176
542.341636
533.442670
546.217946
539.400301
542.234993
542.682368
543.494375
544.862261
542.280880
540.544606
535.264765
543.561184
544.006532
535.502663
531.646777
531.333922
529.620132
535.464839
527.172639
537.544775
546.898426
547.580102
547.926446
546.443445
546.115910
545.694728
541.260647
536.267684
547.913936
540.398746
539.824732
544.619630
541.856323
538.233862
535.133689
539.019339
542.857630
541.295224
544.415904
543.766505
538.583421
547.323273
546.334911
544.973682
539.950087
535.946907
530.003682
538.680308
535.183564
543.575666
541.922764
545.308110
547.926941
539.012883
538.120347
552.517882
538.179571
535.788602
531.811851
540.685858
539.041039
538.292930
