538.193768
539.635271
534.604483
535.303129
541.728921
535.939743
541.238962
541.895565
542.223301
545.925358
541.595611
540.863467
542.612700
542.211014
540.713493
538.316727
537.517010
542.195032
537.430865
536.291979
536.735602
543.750528
549.183671
543.841432
543.586854
547.541679
552.328687
537.635345
541.778337
543.009769
545.333104
545.591743
546.129999
546.192822
544.171295
535.556795
537.173265
537.797505
553.783777
546.864481
546.380265
540.234594
541.710207
539.910866
536.680587
544.046732
546.015726
538.536857
536.489037
544.651373
548.833243
541.483946
535.756370
538.019423
541.031264
533.492010
529.239435
541.368667
546.618930
536.055708
547.022177
544.279014
547.158419
545.482622
542.865130
539.884685
544.896901
549.272566
555.822655
539.814464
543.213243
541.467786
538.865079
539.979614
534.083769
549.832799
549.581048
538.348089
550.833076
547.459454
546.388096
546.599622
541.675613
542.245535
543.284050
539.664806
543.096208
547.860870
538.478449
534.600353
538.690471
537.544815
537.209634
542.468403
543.570888
537.062637
543.029389
540.256958
543.656566
537.260864
541.757264
542.812962
544.720942
541.442381
542.425345
537.074996
539.885264
534.716216
537.672249
537.943477
553.107023
538.600037
536.990807
541.902673
547.270420
546.241049
542.448765
543.945740
546.152173
539.006189
549.334502
541.450771
543.372761
535.361362
538.169291
531.035006
540.894122
534.190190
529.073331
536.991525
537.494804
537.347310
545.445257
543.561990
544.516888
545.198673
542.704913
538.849842
544.015237
547.452919
540.102370
538.889095
536.593761
546.925009
539.262047
540.499900
535.879735
535.226813
541.603659
535.218004
538.860676
537.191809
539.576594
546.645069
541.566287
542.588560
542.390564
541.943323
540.289976
544.146008
539.637104
541.403487
537.821840
536.913562
537.004147
543.440683
549.365249
544.345383
551.624157
553.917631
551.079416
537.892999
542.623293
543.092992
546.115122
547.022229
546.049531
548.164877
551.803162
538.462499
537.699279
538.498310
554.926645
547.438783
547.206932
539.285312
549.368067
545.416324
542.571995
542.728576
545.770831
537.730913
536.663348
544.713566
550.374664
539.556922
546.664938
537.692774
539.911605
533.541767
528.199640
541.123670
547.005044
535.724644
543.354675
545.295994
548.940248
545.310577
543.557528
538.705260
545.267732
549.308849
555.496980
539.040459
541.865491
546.899600
539.617276
540.508290
535.929251
550.228230
550.093399
539.304757
541.413949
543.517114
535.244999
546.074335
540.750722
542.550552
542.948493
540.079023
543.666687
543.099924
548.249097
545.477492
538.210042
537.638297
537.778800
543.839106
544.707733
536.184220
532.471278
528.852950
534.165523
538.784201
542.585142
542.884781
544.490699
541.115559
541.222746
548.396244
545.881780
545.406893
538.514509
539.105646
554.147511
538.138176
537.425192
541.507366
541.829170
537.148393
537.107410
543.029395
545.651741
537.746757
549.497878
542.505080
544.273443
549.086040
546.390055
546.453596
540.783292
534.222891
528.837363
536.395324
537.134474
537.206723
538.448376
546.232876
549.273600
545.458511
543.269430
538.098988
544.533207
547.682159
539.018741
545.484086
536.079340
534.265266
539.875949
540.893936
535.651944
535.899531
542.342280
535.167055
541.628039
542.646513
542.734130
546.598239
541.484451
543.096782
541.186354
540.915140
538.862747
537.974760
537.018346
541.633075
538.004088
537.778307
538.602660
543.593535
549.811211
544.526880
543.693018
547.697573
552.338767
538.366266
542.437313
542.883234
546.230594
547.201091
546.339005
545.874708
543.766028
535.723726
537.486012
539.401068
553.684930
547.482792
548.071005
538.475849
541.661072
540.633711
537.090084
542.405598
544.382459
538.167609
534.554142
543.740275
549.455495
541.176384
535.300015
537.386430
541.280572
534.166168
529.409615
541.081354
547.885641
534.549117
546.539082
543.839739
547.547167
544.698500
542.490769
538.512702
545.453883
549.809908
556.492431
539.622012
543.473602
541.358144
