0.045869
-0.119308
0.350527
0.333461
0.082129
-1.147160
-0.558558
-0.481784
0.245325
-0.412645
-0.386960
0.012482
0.073012
-1.103342
-0.732408
-0.502743
0.206756
-0.388950
-0.738179
-0.040796
-0.044941
0.750767
0.413238
0.334437
-0.130585
0.971435
-0.448063
-0.329909
0.018990
0.502727
0.362425
0.419307
-0.194656
1.475514
-0.614291
-0.300950
0.144445
-0.481426
-1.564294
-0.564182
0.120424
-0.285921
0.594973
0.337281
0.156603
-0.561450
-1.547699
-0.551444
0.164456
-0.422767
0.593493
0.390074
0.148100
-1.495975
-1.179093
-0.557502
0.150664
-0.018896
-0.599618
-0.046560
0.123792
-1.482813
-0.878863
-0.481081
0.127792
-0.063475
-0.622165
-0.144814
0.116008
0.880803
0.468836
0.206353
0.122094
0.750518
-0.538053
-0.204911
0.111801
0.856966
0.442683
0.285742
0.131413
0.563828
-0.586402
-0.295755
0.241895
-0.604185
-1.441775
-0.670288
0.108266
-0.153976
0.461834
0.365540
0.288936
-0.698820
-1.397574
-0.669343
0.139017
-0.306006
0.360080
0.328838
0.078041
-1.351788
-0.670905
-0.509027
0.178131
-0.051889
-0.271750
-0.175771
0.046036
-1.264629
-0.746189
-0.509360
0.165299
-0.113800
-0.234857
-0.134989
0.029324
0.593620
0.683473
0.441929
0.193241
0.377079
-0.157056
-0.217947
0.002329
0.593743
0.749053
0.667830
0.187483
0.537828
0.675765
-0.066973
0.186092
-0.760240
-1.393154
-0.629471
0.133515
-1.016362
-0.037028
0.121444
0.229885
-0.888598
-1.382577
-0.603686
0.353755
-1.374316
1.200060
0.316652
0.087924
-1.373971
-0.794105
-0.499954
0.172976
-0.123025
0.166831
-0.153175
0.093730
-1.350611
-0.714053
-0.391760
0.206178
-0.160992
0.049818
-0.204811
0.054202
0.171485
0.502464
0.390307
0.147300
0.521039
0.883123
0.034165
0.092519
0.136739
0.676187
0.381531
0.137814
0.506353
0.936835
0.120935
0.341079
-1.142307
-0.032937
-0.186741
0.456107
-1.265117
0.825464
0.242187
0.300708
-0.806775
0.003046
-0.354227
0.408387
-1.283643
0.670608
0.169041
0.137859
-1.060396
-0.615682
-0.409215
0.113923
0.004319
0.171897
-0.249846
-0.003705
-0.722171
-0.718390
-0.489023
0.118075
0.039489
0.321960
-0.205765
0.166600
-0.358294
0.854881
0.416806
0.188955
0.418916
1.447931
0.090743
0.116322
-0.001538
0.833048
0.324975
0.246924
0.292353
1.766375
0.084194
0.271932
0.083379
0.439449
-0.387267
0.489583
-1.839616
0.559149
0.047714
0.344953
-0.455655
0.041517
-0.275951
0.489813
-1.978482
0.625625
0.046811
-0.025926
-0.309569
-0.647634
-0.304689
0.113585
-0.655827
0.427083
-0.007926
-0.082869
0.069500
-0.539976
-0.239077
0.096828
-0.576414
0.374333
-0.079129
-0.070102
0.515501
0.816236
0.299567
0.314498
-0.113884
0.751240
0.058073
-0.141086
0.466664
0.725719
0.251340
0.292345
-0.102824
0.687340
0.039351
0.265102
-0.120758
-0.070523
-0.281777
0.476511
-1.611621
0.865890
-0.063661
0.338764
0.127370
0.106067
-0.274393
0.361546
-1.420765
0.755532
-0.125932
-0.144358
0.518433
-0.329045
-0.220695
-0.015121
-0.129087
0.270069
-0.296998
-0.193157
0.497142
-0.203814
-0.223917
-0.028921
0.067697
0.378673
-0.274443
-0.182388
0.575896
1.014625
0.350850
0.176950
0.235493
0.547227
-0.095126
-0.237155
0.830381
1.098122
0.306452
0.109556
0.297691
0.637475
0.040277
0.271167
0.036035
-0.186826
-0.326896
0.397224
-1.214386
0.543970
-0.255720
0.301043
-0.025461
-0.147245
-0.249903
0.362518
-0.943057
0.818180
-0.214824
-0.199703
0.428932
-0.184813
-0.076135
0.111524
-0.785343
0.071828
-0.101248
-0.163914
0.261294
-0.218407
-0.036162
0.101157
-0.812004
0.207281
-0.055853
-0.154492
0.399132
1.086171
0.279804
-0.029534
0.420160
0.293930
-0.026697
-0.141325
0.597664
1.102960
0.185890
-0.093469
0.687231
0.163194
-0.096134
0.233319
0.050565
-0.001352
-0.074250
0.421286
-0.841651
-0.093995
-0.329854
0.325020
-0.009919
-0.253074
-0.142526
0.344898
-0.448259
0.646679
-0.381582
-0.165753
0.522946
0.190809
0.093958
0.243322
-1.063748
0.190400
-0.203081
-0.178445
0.722793
0.242182
0.089147
0.220682
-0.831420
0.173035
-0.251198
-0.063883
0.667770
0.117350
-0.136173
0.007058
0.599159
-0.510924
-0.167280
-0.028513
0.667938
0.193593
-0.088409
0.035722
0.503726
-0.503135
-0.201401
0.247636
0.534218
-0.142584
-0.251629
0.052890
0.333483
0.025573
-0.281309
0.150887
0.588834
-0.059416
-0.176730
-0.095173
0.727814
-0.025371
-0.308755
-0.183002
0.740899
0.102071
0.070118
0.272244
-0.666123
-0.107557
-0.167556
-0.198365
0.493704
0.110283
0.178890
0.334771
-0.898794
-0.110939
-0.154496
0.062894
0.579852
0.294203
-0.017281
0.091226
0.545170
-0.484828
-0.341127
0.069199
0.294619
0.072895
0.067280
0.077458
0.677328
-0.463926
-0.330259
0.052227
0.045822
-0.263863
-0.278996
-0.101322
0.446424
0.196610
-0.091112
0.165388
-0.098426
-0.287892
-0.158927
-0.112851
0.680961
0.280390
-0.104849
-0.145948
0.396391
0.302560
0.303709
0.311378
-0.701178
-0.275410
-0.261002
-0.245078
0.793047
0.306684
0.349009
0.303375
-0.740579
-0.634974
-0.190008
0.135872
-0.316688
-0.216683
-0.065866
-0.147520
1.282376
-1.628607
-0.302547
0.182184
-0.355571
-0.149766
-0.089438
-0.097645
1.269909
-1.169596
-0.287902
0.046311
0.345549
-0.394536
-0.096420
-0.172339
1.077077
-0.111704
-0.153953
-0.039444
0.673603
-0.026904
-0.150790
-0.133998
0.667202
-0.101074
-0.050554
-0.150333
0.372172
0.056266
0.044985
0.312027
-0.707179
-0.505739
-0.316813
-0.128793
0.214491
-0.004344
0.083937
0.370002
-0.842111
-0.387801
-0.198768
0.139999
-0.336131
-0.018871
-0.055790
0.024128
0.731931
-0.410913
-0.533277
0.154408
-0.342779
0.031781
-0.101026
0.025864
0.865283
-0.311049
-0.423554
-0.014812
0.646762
0.134870
-0.057394
-0.196917
0.436303
1.034868
0.194549
-0.122502
0.667398
0.089578
-0.188803
-0.194089
0.291898
0.827075
0.182132
-0.077467
-0.418449
0.529733
0.237617
0.399705
-0.493354
-0.264597
-0.232153
-0.001859
0.672170
0.353091
-0.072791
0.381493
-0.685518
-0.026718
-0.159731
0.238950
-1.043376
-0.332238
-0.072431
0.032741
0.949008
-0.106255
-0.388714
0.231421
-0.981237
-0.569324
-0.073474
0.083774
0.745005
-0.469904
-0.608694
-0.061458
0.758317
-0.054863
-0.253480
-0.293049
-0.202921
0.453404
0.134176
-0.115443
0.907131
-0.192702
-0.290728
-0.291402
0.008639
0.417507
0.111362
-0.214823
0.720165
0.320111
-0.012773
0.197808
0.205094
-0.761562
-0.425874
-0.135815
0.280145
-0.217214
-0.043632
