0.041187
11.257087
0.034448
-0.033163
-9750.840892
34303985.423620
208155.116773
32.917110
-2431.939655
13028427.982693
-29410.881612
96.180357
-9759.750267
34335330.636803
208345.621531
32.944366
-2433.088082
13034436.572814
-29388.121641
96.221829
-243.782868
1272494.048413
2045.568324
128.695321
0.046913
13.235962
0.078856
-0.045967
-244.018652
1273723.092023
2048.248457
128.814684
0.047208
13.233133
0.078644
-0.046072
0.018358
165.131023
0.695456
0.041156
0.041410
11.280367
0.027047
-0.032656
0.018411
164.827245
0.699867
0.041627
0.041991
11.357234
0.027627
-0.034025
-9788.706188
34437203.354352
208963.844553
33.037402
-2438.447034
13062474.454203
-29282.232579
96.415817
-9797.615531
34468548.688784
209154.447387
33.066595
-2439.596890
13068483.423209
-29259.484790
96.457277
-244.782279
1277715.488047
2053.018665
129.216176
0.046371
13.360573
0.080955
-0.046318
-245.017585
1278943.966552
2055.000990
129.339654
0.046016
13.287487
0.077241
-0.047687
0.019654
164.210914
0.700970
0.040347
0.041567
11.640644
0.029008
-0.032945
0.019761
164.171437
0.701063
0.040556
0.041343
11.590373
0.028446
-0.033352
-9826.572008
34570420.922384
209772.776072
33.156987
-2444.954838
13096521.372594
-29154.005112
96.648352
-9835.481651
34601766.224192
209962.808854
33.184004
-2446.103465
13102529.846775
-29131.246397
96.688379
-245.780036
1282935.282963
2062.881793
129.740714
0.045341
13.675854
0.078683
-0.046889
-246.015019
1284163.442153
2064.329150
129.865168
0.045558
13.523461
0.079039
-0.045949
0.020393
163.876466
0.704297
0.040956
0.040233
11.353528
0.028397
-0.034380
0.020154
163.928664
0.703100
0.041053
0.040426
11.112055
0.031234
-0.032899
-9864.437099
34703638.377481
210580.679855
33.276588
-2451.461799
13130567.584632
-29025.553981
96.877620
-9873.346981
34734983.823468
210770.642418
33.305009
-2452.609716
13136575.506369
-29002.629137
96.919231
-246.778213
1288155.284337
2071.742308
130.257454
0.045984
13.484971
0.076878
-0.045862
-247.013319
1289383.257464
2073.786143
130.378701
0.044645
13.390676
0.075376
-0.046550
0.019701
164.323667
0.701627
0.040165
0.040226
11.120887
0.034316
-0.030680
0.020039
164.321500
0.703944
0.042644
0.039142
11.862852
0.031362
-0.031136
-9902.301455
34836855.754765
211388.801599
33.396480
-2457.967661
13164613.185437
-28896.773037
97.114923
-9911.211341
34868201.284550
211578.864288
33.424588
-2459.116413
13170621.362500
-28874.016080
97.156631
-247.777175
1293376.444758
2081.202220
130.782434
0.048240
12.268675
0.070962
-0.047555
-248.012458
1294605.657929
2081.469663
130.900504
0.048305
12.346108
0.069199
-0.048346
0.020676
163.774476
0.703501
0.042944
0.042637
10.811969
0.031653
-0.032474
0.020601
163.931548
0.706277
0.044070
0.041862
11.276833
0.029968
-0.031903
-9940.166809
34970073.983291
212197.462365
33.518030
-2464.473261
13198659.718688
-28767.461860
97.348713
-9949.075258
35001418.726814
212387.580636
33.545759
-2465.621205
13204667.692391
-28744.789786
97.393388
-248.776868
1298596.723202
2090.299850
131.292937
0.047819
12.473536
0.069659
-0.046549
-249.012006
1299825.318388
2092.282268
131.415079
0.048542
12.251045
0.062099
-0.044845
0.020564
164.095405
0.707880
0.045226
0.039334
12.112662
0.028153
-0.032106
0.020219
164.367793
0.707462
0.044823
0.039135
12.174742
0.027771
-0.032400
-9978.032122
35103291.861495
213005.510924
33.638517
-2470.980486
13232707.044490
-28638.460199
97.584167
-9986.940631
35134636.864203
213195.697334
33.665416
-2472.129141
13238715.521121
-28615.702553
97.623873
-249.775992
1303816.678004
2097.678904
131.808269
0.047891
12.636310
0.072510
-0.047099
-250.011095
1305045.919504
2099.395551
131.937734
0.048096
12.477766
0.072152
-0.046224
0.019327
164.583729
0.707618
0.044790
0.040214
12.354796
0.028070
-0.031911
0.018840
164.795551
0.705077
0.044406
0.040717
11.902839
0.028129
-0.031616
-10015.896798
35236509.365491
213813.638909
33.760885
-2477.487906
13266753.712727
-28509.971475
97.811610
-10024.806227
35267854.846254
214003.770591
33.789595
-2478.636321
13272761.910945
-28487.329513
97.849846
-250.774545
1309038.751623
2107.846586
132.326782
0.049619
11.655559
0.071396
-0.044481
-251.009539
1310267.626699
2109.620624
132.447806
0.048978
11.906313
0.073765
-0.044335
0.020084
164.509137
0.705785
0.041782
0.039008
12.931877
0.029236
-0.036058
0.019861
164.611721
0.704599
0.040720
0.039738
12.817512
0.026517
-0.036916
-10053.761509
35369727.007302
214621.755847
33.875282
-2483.996512
13300800.458056
-28380.435230
98.035559
-10062.671030
35401072.144588
214811.942107
33.900767
-2485.144838
13306808.685435
-28357.550518
98.075712
-251.772847
1314258.810254
2117.422884
132.849389
0.050085
11.583252
0.072996
-0.043730
-252.007807
1315487.564763
2119.385207
132.971868
0.050470
11.615422
0.074039
-0.043579
0.020250
164.578662
0.706882
0.041293
0.039453
12.762352
0.028211
-0.037365
0.020649
164.345677
0.705865
0.040029
0.039570
12.677446
0.028351
-0.037284
-10091.627380
35502944.885626
215430.893508
33.991634
-2490.503279
13334846.254520
-28251.445869
98.262501
-10100.537177
35534290.140843
215621.019044
34.020818
-2491.651375
13340854.519156
-28228.807239
98.302268
-252.771635
1319479.840777
2126.698811
133.366758
0.050869
11.527314
0.070558
-0.046648
-253.007574
1320708.374882
2129.252250
133.486408
0.050505
10.927278
0.072330
-0.047284
0.021196
164.401849
0.707408
0.040792
0.039416
12.769438
0.027216
-0.037683
0.021405
164.473453
0.705784
0.039388
0.039230
12.877193
0.023998
-0.037955
-10129.493189
35636162.872715
216238.893245
34.113440
-2497.010507
13368892.939398
-28122.980493
98.490125
-10138.402634
35667508.423753
216429.203080
34.143338
-2498.158248
13374900.850589
-28099.944631
98.528833
-253.771481
1324698.832946
2131.948727
133.887565
0.050072
10.894086
0.071951
-0.047680
-254.006413
1325927.402023
2132.593435
134.012560
0.049909
10.968899
0.071378
-0.046934
0.021345
164.582098
0.713925
0.042203
0.038262
13.031135
0.024122
-0.037268
0.020980
164.666255
0.714147
0.042366
0.039124
12.837271
0.027107
-0.038540
-10167.358219
35769380.978664
217047.625285
34.234903
-2503.517297
13402939.018956
-27994.557709
98.718801
-10176.268241
35800726.312019
217237.812889
34.262884
-2504.665690
13408947.015097
-27972.178738
98.760665
-254.770381
1329920.030617
2137.077272
134.424186
0.050361
10.705397
0.072724
-0.046390
-255.005228
1331146.872129
2138.672383
134.542469
0.050375
10.560316
0.071683
-0.047242
0.021978
164.797401
0.712720
0.043939
0.039523
12.765849
0.032420
-0.038129
0.019825
165.006753
0.715105
0.043993
0.039163
12.798765
0.032829
-0.037470
-10205.224664
35902598.752240
217856.121734
34.356325
-2510.024230
13436984.813472
-27865.700325
98.949077
-10214.134124
35933944.086570
218046.310960
34.386178
-2511.173230
13442992.851849
-27842.942423
98.990683
-255.768921
1335139.677606
2145.319407
134.941578
0.051813
10.236199
0.074947
-0.045998
-256.004412
1336368.108763
2147.386105
135.063866
0.052257
10.184116
0.076950
-0.045865
0.019843
164.968450
0.718389
0.044285
0.039639
12.380889
0.030003
-0.037657
0.019909
164.896659
0.717181
0.042866
0.039544
12.439286
0.029877
-0.037654
-10243.091018
36035816.860640
218664.249166
34.478921
-2516.531706
13471031.462799
-27736.516402
99.184050
-10252.000698
36067162.379373
218854.289090
34.505300
