0.040807
9.830955
-0.015879
-0.040581
0.027663
-2.300499
0.035697
-0.032498
0.027951
0.072370
-0.003133
-0.058196
0.020540
-2.804704
-0.001163
-0.030286
0.010858
-5.966512
0.072462
-0.033502
0.001648
3.209256
0.101237
-0.047952
-0.003670
4.115423
-0.070359
-0.094645
0.060875
-8.832343
0.133529
-0.034055
0.016953
-0.108428
0.050601
-0.005386
0.024254
-8.649046
0.027545
-0.065950
0.015125
-6.783976
0.032699
-0.045102
0.024828
-9.787606
0.019817
-0.036823
-0.000991
3.313345
0.016812
-0.032364
-0.001594
-0.230339
0.029964
-0.013778
0.033463
6.809731
0.024673
-0.032305
0.020540
0.034432
0.037710
-0.038121
0.013216
4.763699
-0.052732
-0.084582
0.019781
-1.769443
0.021076
-0.070360
0.023238
-10.632279
0.003603
-0.019683
0.007784
-6.392783
-0.093196
-0.024082
0.023386
-15.547180
0.102688
-0.022809
0.018259
6.482243
0.087114
-0.019874
0.013391
3.176810
0.060362
0.014352
0.018220
-2.069605
0.016375
-0.071632
0.009792
3.495811
0.046809
-0.071645
0.019306
-9.577202
0.050860
-0.025413
-0.002054
-2.215090
0.131568
0.007279
0.014065
-6.352640
-0.067530
-0.043546
-0.009039
13.474024
0.015916
-0.049074
0.011100
4.352623
-0.010890
-0.032640
0.028069
-8.200036
0.076693
-0.038297
0.018518
-0.381824
-0.024583
-0.047334
-0.005579
9.708345
-0.061086
-0.082552
0.011544
-3.085598
0.106645
-0.040913
0.002933
-3.876177
-0.012775
-0.027838
0.030500
2.273654
-0.059519
-0.071312
0.023267
1.798206
0.071296
-0.039497
0.019666
3.715435
-0.015850
-0.065869
0.004215
4.385329
0.008447
-0.050684
0.005600
-0.568587
0.000120
-0.078458
0.014765
-3.731332
0.055610
-0.067192
-0.000679
0.983946
-0.122967
-0.046598
0.041867
-5.051520
0.079286
-0.050031
0.039244
-6.491811
-0.048242
-0.010426
0.020055
2.070314
-0.081891
-0.058385
0.017057
-5.024715
0.035953
-0.020445
0.006390
-1.310863
0.138245
-0.014683
0.005313
-3.005897
0.079247
-0.003134
-0.014754
9.476908
-0.055095
-0.052722
0.017974
5.940760
0.085621
-0.041656
0.032701
-5.835342
0.048201
-0.024168
0.010741
-0.048351
0.126303
-0.047935
0.004837
2.256524
-0.041954
-0.074200
0.017713
-5.220969
0.043571
-0.064520
0.022837
-10.181236
-0.054449
-0.054009
0.001045
0.497330
0.019441
-0.053130
0.043337
9.216137
-0.017940
-0.037546
0.042254
-8.907539
0.066254
-0.059238
0.027270
-2.254628
-0.053976
-0.058671
0.032853
-19.651296
0.010255
-0.019494
0.037225
-13.628535
-0.009726
-0.086951
0.017210
-6.691493
0.000673
-0.050976
0.016406
-5.302275
-0.063606
-0.087353
0.062537
-9.121356
0.139214
-0.032984
0.033350
-6.118801
0.033569
-0.026587
0.008906
6.126199
-0.048550
-0.044525
0.042149
-15.591066
-0.031629
-0.046220
0.006652
2.476464
-0.065143
-0.066020
0.006560
-3.400071
0.073143
-0.011816
0.007643
-5.705172
-0.005898
0.013420
0.035055
5.800551
0.032623
-0.031344
0.044612
-6.529570
-0.039968
-0.044532
0.009983
0.765180
0.012261
-0.034463
0.001213
1.511428
0.026695
-0.020421
0.004714
3.826127
0.038397
-0.069975
0.021872
-12.257559
0.014549
-0.018044
0.014326
-4.585738
0.101073
-0.064816
0.018491
6.701410
0.088079
-0.017714
0.025017
3.529484
0.009122
-0.031802
0.043494
-6.330641
-0.020119
-0.060163
0.018133
-4.610851
0.009458
-0.028851
0.010695
-3.607301
0.068330
-0.059033
0.047805
-27.438020
0.028315
-0.009495
0.028379
-12.979729
-0.045280
-0.043366
-0.008141
12.985807
0.017113
-0.049624
0.029518
-0.030592
-0.101544
-0.060604
0.024234
-1.995279
0.054292
-0.037990
0.012342
-8.083007
0.153822
-0.006846
0.007886
1.185229
0.006745
-0.097130
0.002501
1.607809
-0.022119
-0.039396
0.023179
-7.661872
-0.130037
-0.071191
0.028649
2.855016
-0.063520
-0.070130
0.025351
-5.150156
-0.087670
-0.006279
0.028002
-4.252232
0.066857
-0.031370
0.002130
4.788772
-0.023078
-0.043777
0.020063
-7.984843
0.094202
-0.004701
0.010401
-0.620077
0.072079
-0.051756
-0.000309
2.572229
0.059098
-0.041940
0.041363
-5.246736
0.088665
-0.047683
0.013914
-1.045648
0.053180
0.034495
0.031411
-7.561729
0.018280
-0.057876
0.015177
-3.443056
0.015715
-0.001462
0.006511
-2.540347
0.098861
-0.044689
-0.011808
6.608469
0.102713
-0.013149
-0.025138
14.537993
0.101001
-0.034594
0.017048
5.825660
0.090710
-0.039817
0.003963
16.986004
-0.067177
-0.042741
0.028832
-4.902400
0.015873
-0.061626
-0.017919
10.902983
0.034494
-0.026443
0.044514
-18.252849
-0.069236
-0.064422
0.027237
-12.918983
-0.066565
-0.051614
0.031765
-17.908967
0.040042
-0.030534
0.042988
9.260573
-0.018741
-0.036435
0.027648
-2.264441
0.033717
-0.033629
0.013052
1.705936
-0.119362
-0.041290
-0.000198
2.000762
0.069335
-0.023562
-0.012045
10.412326
-0.020291
-0.039230
0.009951
0.263491
-0.060134
-0.100212
-0.004879
3.146071
0.050601
-0.050101
0.063773
-9.567146
0.150040
-0.029766
0.016034
0.251245
0.052957
-0.008504
0.007223
1.523118
0.000881
-0.025949
0.027953
-11.454958
0.003140
-0.029980
0.018899
-6.630414
0.050727
-0.063761
0.027444
-14.642231
-0.047822
-0.053294
0.010427
-0.701614
0.080193
-0.080815
0.035797
5.465912
0.039006
-0.030252
0.020088
-0.022311
0.039991
-0.035686
0.012527
0.789203
0.159113
-0.043644
-0.001646
3.874105
-0.001053
-0.033799
0.017834
-3.262751
-0.040525
-0.058417
0.001026
-0.931936
-0.023944
-0.014846
0.006033
-1.782010
-0.015533
-0.061579
0.020563
5.972124
0.078238
-0.019279
0.013761
3.035871
0.064119
0.015322
-0.000521
5.463998
-0.030033
-0.018885
0.016935
-3.690346
0.003289
-0.009005
0.006029
-1.586519
0.080613
-0.027254
0.005397
-5.164882
0.029691
-0.010876
-0.003990
-3.818559
0.029200
-0.019646
-0.008767
12.483707
0.015069
-0.048992
0.010654
4.896037
-0.007792
-0.035932
0.009217
4.656009
-0.031813
-0.056455
0.000904
5.015267
-0.047089
-0.058451
-0.009938
7.258852
-0.117510
-0.065395
0.013231
-7.609662
0.090224
-0.034809
0.015825
-8.582503
0.025684
-0.063374
0.028587
3.741429
-0.072866
-0.072714
0.023905
1.877248
0.075146
-0.042404
0.028031
-8.415842
-0.056883
-0.082370
0.040956
-14.945200
0.088734
-0.029504
-0.006904
4.445046
0.039831
-0.048961
-0.003857
4.276893
-0.089292
-0.045285
-0.015704
11.761146
0.025058
-0.047470
0.041112
-5.303790
0.088089
-0.045555
0.037645
-6.445194
-0.055521
-0.008830
-0.004697
13.470955
0.039470
-0.062505
0.022270
-6.687421
-0.155975
-0.056360
-0.001910
3.513056
-0.021452
-0.069640
0.023315
-4.240910
-0.031778
-0.075542
0.016487
-6.365063
0.027708
-0.041771
0.021115
4.798606
0.089542
-0.041255
0.030605
-4.703498
0.044625
-0.025392
0.004617
8.959730
-0.027081
-0.064682
0.004402
-1.084842
-0.041998
-0.046610
-0.018777
14.993465
-0.090197
-0.077369
-0.001132
1.824260
0.062120
-0.054490
0.023385
-14.586417
-0.051869
-0.028827
0.045170
8.428843
-0.007032
-0.032647
0.044036
-10.331830
0.065987
-0.058746
0.026457
-8.461486
-0.072282
-0.060566
-0.004893
3.957390
-0.027800
-0.043221
-0.007237
8.298077
-0.020868
-0.060398
-0.002129
0.550321
-0.051270
-0.020484
-0.001903
-2.133616
-0.046923
-0.030557
0.062193
-9.037320
0.141016
-0.031913
0.033113
-5.772548
0.032465
-0.029446
0.027667
-6.955276
0.055423
-0.027600
0.004768
0.253375
0.161223
0.005926
0.004433
1.694697
-0.027647
-0.048957
-0.008040
10.110003
-0.124220
-0.052062
0.008696
-4.225550
-0.067409
-0.031447
0.035785
5.386435
0.037600
-0.027787
0.045402
-6.236458
-0.047018
-0.045974
0.030105
-4.482579
0.095380
-0.028692
0.030658
-13.092176
-0.015823
-0.036210
0.003520
2.159326
0.035613
-0.043470
0.007492
-6.469401
0.058863
-0.002565
0.013673
-8.993668
0.032533
-0.047746
0.019215
6.804680
0.075658
-0.020095
0.024848
3.652709
0.008223
-0.032759
0.026964
1.454084
0.005190
-0.081732
0.017881
0.757754
-0.098225
-0.059743
0.007164
1.299011
-0.055138
-0.065636
0.005240
-0.695370
0.088062
-0.020801
-0.000232
0.633215
-0.150312
-0.039966
-0.011372
13.094391
0.019672
-0.051672
0.028289
0.486037
-0.103592
-0.059824
0.025332
-8.375385
0.079460
-0.031707
0.022215
-7.850457
-0.066428
-0.020413
-0.017293
9.535821
0.027395
-0.030018
0.001495
-0.218855
-0.011668
-0.089153
-0.013458
7.567995
-0.002391
-0.005470
0.029917
3.230474
-0.067491
-0.079865
0.023450
-4.148303
-0.087532
-0.008222
0.014902
-1.494303
0.109784
-0.007069
0.012230
-4.773473
0.018179
-0.020895
0.022691
-4.726776
-0.133892
-0.081690
-0.003401
5.542877
0.022899
-0.072949
0.002325
3.447491
-0.057523
-0.082399
0.039858
-5.197274
0.092064
-0.044011
0.013051
-0.724598
0.065589
0.039768
0.003438
7.565229
-0.071986
-0.077687
0.019061
-6.386526
-0.098111
-0.051913
-0.018767
10.592815
0.053509
0.008031
0.001780
-2.128008
0.138384
-0.030397
0.002409
-1.595575
-0.112043
-0.067543
0.020425
5.095659
0.079233
-0.041687
0.006559
16.052138
-0.063270
-0.044218
0.035605
-11.083677
0.019174
-0.062850
-0.007221
9.698177
-0.048800
-0.086594
0.002922
5.929114
-0.088481
-0.046720
0.013214
-5.051048
0.019650
-0.032954
0.019164
-10.229067
0.009641
-0.041554
0.047249
7.908120
-0.000923
-0.030987
0.027573
-2.491079
0.035852
-0.029918
0.028641
-0.276296
-0.011820
-0.058094
0.034497
-7.577060
-0.150493
-0.048867
0.007766
-0.112534
-0.193457
-0.063458
0.004598
-3.471960
0.005504
-0.058344
0.002722
-2.555636
-0.011399
-0.046673
0.062413
-9.412525
0.147884
-0.032200
0.015269
0.773321
0.071221
-0.008148
0.020849
-7.311445
0.033339
-0.062288
0.007143
-1.880105
0.012820
-0.055821
0.031690
-8.623971
-0.078925
-0.081877
-0.007997
3.515172
-0.010144
-0.053033
0.033885
-15.896762
-0.011715
-0.064419
0.034302
6.499222
0.038281
-0.029781
0.022499
-1.370149
0.036536
-0.037198
0.014346
4.404600
-0.053985
-0.088029
0.019655
-8.197211
0.007496
-0.047500
0.019688
-11.464053
0.003487
0.008047
0.023799
-9.357197
0.094676
-0.058162
0.017848
-13.959433
0.090648
0.025793
0.019915
5.771093
0.082937
-0.014243
0.012888
3.027939
0.057020
0.015459
0.015046
-0.814124
0.028607
-0.067637
0.008804
0.707912
-0.099807
-0.059922
0.012051
-4.562685
-0.096245
-0.063512
0.034678
-18.694211
-0.001248
-0.039746
-0.002364
-0.562952
0.128921
-0.026274
-0.010760
13.023267
0.013653
-0.052120
0.009336
5.555405
-0.003117
-0.033988
0.028000
-7.995350
0.073051
-0.039899
-0.002946
6.236653
-0.186075
-0.103406
0.006019
1.028584
0.108933
-0.020236
0.003449
0.354489
-0.050715
-0.037610
0.013910
-8.724439
0.122558
-0.036327
0.028949
2.849122
-0.065566
-0.076231
0.025471
0.692141
0.068544
-0.044882
0.019800
4.281336
-0.013442
-0.069278
0.024235
-11.164793
0.048990
-0.017328
0.006886
-2.141485
-0.054751
-0.050089
-0.006344
10.027550
0.063358
-0.069808
0.019452
-10.472974
0.080748
-0.053378
0.040461
-5.550541
0.089423
-0.044223
0.037629
-6.191341
-0.063402
-0.009206
0.019322
2.815343
-0.088028
-0.062946
-0.003257
1.443068
-0.003535
-0.044527
0.002900
-1.388247
-0.010529
-0.056138
0.014447
-3.607274
-0.079288
-0.031034
-0.005789
4.072260
0.010036
-0.054307
0.021561
4.416899
0.077505
-0.042618
0.033197
-6.071938
0.039442
-0.030880
0.008249
1.389491
0.129462
-0.044350
0.021133
-5.791919
-0.061022
-0.083121
0.024173
-8.385577
0.123744
-0.056471
0.029117
-13.878462
-0.107085
-0.080680
0.009423
-4.363585
0.115268
-0.028048
