5.145523
5.403097
5.202842
5.242537
5.300050
5.756266
5.410989
5.075845
5.236234
5.299469
5.319881
5.716234
5.486612
5.117142
5.209142
5.266648
4.895314
5.225836
5.573562
5.633740
5.368203
5.354618
4.978203
5.054673
5.533019
5.573362
5.376452
5.740683
5.355364
5.245776
5.132979
5.219818
5.101903
5.782283
5.296925
5.228768
5.224783
5.292182
5.188260
5.364857
5.362264
5.595446
5.673061
5.292833
5.052165
5.322751
5.391973
5.472590
5.554444
5.290751
5.071133
5.529388
5.245527
5.209151
5.536812
5.587993
5.393496
5.503127
5.244446
5.215217
5.574269
5.629473
5.439150
5.594873
5.351536
5.403161
5.091139
5.226515
5.181211
5.630512
5.492792
5.349842
5.186471
5.307429
5.304846
5.396888
5.515914
5.491113
5.605357
5.306160
5.225305
5.382471
5.411207
5.352275
5.602804
5.230133
5.353163
5.536451
5.293776
5.122711
5.308659
5.223101
5.123708
5.492728
5.374165
5.200187
5.357793
5.340751
5.243676
5.544046
5.624386
5.361668
5.226586
5.216786
4.918248
5.581122
5.669985
5.333126
5.376421
5.193199
4.944955
5.399123
5.453170
5.299551
5.710244
5.281230
5.430582
5.471999
5.499956
5.206089
5.699545
5.390267
5.343091
5.310328
5.549323
5.279449
5.378314
5.318499
5.329797
5.238410
5.457886
5.366498
5.383200
5.247823
5.206865
5.517466
5.660137
5.413640
5.320618
4.972345
4.697688
5.496136
5.638079
5.414302
5.286361
4.897070
4.773977
5.514104
5.594038
5.062507
5.627546
5.371750
5.264917
5.495386
5.628580
5.011826
5.619016
5.422011
5.195924
5.428993
5.401420
5.393621
5.402976
5.356642
5.088952
5.512498
5.488337
5.438679
5.419770
5.293234
4.936778
5.308197
5.492740
5.419927
5.334820
4.972355
4.788243
5.314619
5.426360
5.533113
5.383869
4.997152
4.702795
5.476241
5.652978
5.070526
5.631569
5.426287
5.139734
5.472045
5.638275
5.058153
5.659343
5.358866
5.150944
5.502389
5.566392
5.252610
5.365643
5.225117
5.011033
5.442273
5.547000
5.294172
5.307308
5.239212
5.027022
5.477190
5.373733
5.277467
5.447040
4.830034
4.760059
5.535471
5.423443
5.341257
5.461812
4.924033
4.951392
5.479658
5.583747
5.198855
5.595937
5.390187
5.284882
5.435713
5.513814
5.214037
5.616622
5.451882
5.345618
5.281717
5.513194
5.531004
5.434547
5.196562
4.968728
5.187031
5.448712
5.450934
5.429439
5.264128
4.962585
5.520292
5.528032
5.141189
5.562146
5.067574
5.007499
5.463557
5.480260
5.055121
5.487579
4.958608
4.995121
5.443939
5.674830
5.116191
5.488942
5.360800
5.521975
5.375286
5.553018
5.176172
5.598446
5.386146
5.485533
4.944901
5.210045
5.395367
5.312649
5.239745
5.031354
5.001468
5.153718
5.413534
5.592036
5.555081
5.180771
5.421017
5.180561
4.991162
5.534791
5.057905
5.001633
5.533908
5.130763
4.859699
5.539153
5.034208
5.077552
5.334109
5.548346
5.190807
5.504276
5.369319
5.294448
5.444579
5.736026
5.254469
5.536961
5.414746
5.405858
5.084556
5.137829
5.251236
5.404306
5.328320
5.117805
5.000700
5.126854
5.257736
5.360649
5.235453
5.138201
5.566243
5.046667
4.852767
5.623562
5.358514
5.323746
5.671865
5.113970
4.813525
5.506312
5.341937
5.295751
5.379459
5.674314
5.324590
5.348884
5.241068
5.362303
5.480407
5.728920
5.647034
5.369078
5.258746
5.365959
5.219252
5.116305
5.192375
5.231139
5.145663
5.063397
5.224752
5.136322
5.231694
5.212825
5.124084
5.257931
5.584238
5.068777
5.103219
5.484823
5.490802
5.300598
5.630680
5.166535
5.083622
5.520030
5.443338
5.298109
5.510155
5.759224
5.540954
5.273310
5.078929
5.275054
5.610546
5.846198
5.629526
5.276610
5.062452
5.265876
5.051708
5.087705
5.145902
5.322178
5.103560
5.349482
4.979787
5.137868
5.287864
5.325751
5.096995
5.439050
5.742437
5.119516
5.304962
5.836069
6.093936
6.103963
5.722624
5.292362
5.494580
5.735210
5.750544
5.833809
5.545431
5.744467
5.481025
5.238472
5.110343
5.366998
5.526497
5.718285
5.453427
5.206990
5.052595
5.318184
5.110248
5.178481
5.429043
5.249908
5.138476
5.480330
5.119400
5.172818
5.314469
5.269334
5.122228
5.319793
5.475449
5.304410
5.654154
5.647888
5.929427
5.746052
5.549459
5.361548
5.650944
5.589743
5.866278
5.498240
5.527549
5.714310
5.403215
5.293539
5.193207
5.304728
5.493049
5.635823
5.435854
5.294461
5.064522
5.250194
5.180849
5.153861
5.202757
5.467497
5.334202
5.742687
5.212974
5.236594
5.197950
5.397015
5.340786
5.776289
5.474400
5.365056
5.859836
5.365682
5.725468
5.519028
5.486189
5.419234
5.793961
5.528150
5.782624
5.316315
5.523790
5.625589
5.412241
5.361348
5.182311
5.313823
5.663552
5.770905
5.517284
