0.023576
-1.604316
0.011107
-0.008857
0.031354
-2.779378
-0.018393
-0.013403
0.010264
0.090291
-0.010668
-0.037038
0.015727
0.463621
0.062143
-0.040811
0.015024
-1.768715
-0.034337
-0.072947
0.012324
-2.121931
0.071440
-0.051802
0.005127
-2.228624
0.077936
-0.015670
0.027206
10.069600
0.009642
-0.028232
0.072407
-21.655890
-0.074343
-0.016783
0.023983
1.908342
0.023205
-0.044007
0.025504
-7.613365
0.000336
-0.052173
0.016401
-6.540514
0.015656
-0.051708
0.021869
-9.611743
-0.051820
-0.048630
0.007094
-5.454618
-0.073931
-0.021015
0.025216
9.780552
0.036990
-0.061380
0.019126
0.333935
0.049595
-0.020893
0.009101
5.037832
0.037779
-0.037301
0.012579
-2.878828
-0.007646
-0.020400
0.000096
1.583987
0.165338
-0.030452
0.000798
5.959891
0.107858
-0.043457
-0.003505
2.994604
0.066034
-0.045464
-0.013813
22.484300
0.090399
-0.012901
0.020195
-1.365043
-0.048972
-0.066190
0.023971
0.246411
-0.058765
-0.064484
0.017578
-3.835233
-0.044989
-0.053214
0.012411
-4.904066
0.016110
-0.010543
0.028409
-14.294924
0.045637
-0.058125
-0.014855
7.180060
-0.025459
-0.010776
0.028781
3.527029
0.017188
-0.043225
0.011726
4.731531
-0.006911
-0.007681
0.029709
-2.623895
0.067122
-0.045057
0.035293
-8.331504
-0.041490
-0.058210
0.015626
-8.353558
0.105114
-0.007426
0.000852
4.421399
0.124193
-0.036272
0.013812
-9.494046
0.005626
-0.023887
0.020764
9.960890
0.047105
-0.022711
0.065638
-17.749497
0.175702
-0.037496
0.001786
7.860861
0.185876
-0.012418
0.028279
-7.360443
0.167618
-0.082824
0.010780
-2.098564
0.048609
-0.027318
0.005061
-1.882688
-0.020544
-0.067565
0.005822
-0.865514
-0.010065
-0.029372
0.014002
15.787301
-0.007175
-0.058769
0.033986
0.247365
0.031715
-0.052917
0.027321
-0.604702
-0.074478
-0.051274
-0.004521
9.372920
0.011253
-0.023360
0.014037
-3.946347
-0.114709
-0.045275
-0.010376
10.238061
0.055307
-0.054428
-0.009086
6.279726
-0.006382
-0.048258
0.059296
-8.023453
0.070177
-0.037451
0.017492
2.536982
-0.029415
-0.066339
0.006898
4.083185
0.010457
-0.035784
0.020891
-2.610137
-0.027307
-0.048585
0.014449
-1.799149
0.028268
-0.079579
0.030062
-13.992031
-0.077855
-0.033067
0.008943
-2.827859
-0.086169
-0.059879
0.022515
-1.429927
0.011549
-0.007208
0.041749
-10.086949
0.121611
-0.025155
0.042442
-10.341243
-0.040696
-0.062296
0.034276
-14.489356
-0.028481
-0.059999
0.021477
-12.552849
0.058611
-0.028218
0.000126
0.080395
0.040991
-0.007928
-0.011841
3.782801
0.022217
-0.022537
0.028584
9.132046
0.011194
-0.028155
0.019454
2.300985
0.088653
-0.048633
0.029176
-6.561594
0.011110
-0.059264
0.032648
-15.288910
0.016841
-0.046425
0.016174
-6.016653
0.040931
-0.030560
0.012498
-1.274541
0.034770
-0.053128
0.011360
-7.638201
-0.028762
-0.023462
0.026554
9.092669
0.049593
-0.059630
-0.003521
16.102719
0.027854
-0.071537
0.033227
-7.110463
0.005905
-0.082000
-0.009335
14.334342
-0.044866
-0.093783
0.003494
-1.753200
0.073544
0.040105
0.007544
-5.593658
-0.050137
-0.055488
0.014881
-7.827885
-0.023480
-0.056338
-0.013297
22.656722
0.083657
-0.012300
0.012080
8.716815
0.108179
-0.041097
0.013344
0.489585
-0.039035
-0.036056
0.021620
-11.136339
-0.011309
-0.020033
0.018000
-5.829211
0.168490
-0.003778
0.006821
-0.716850
-0.012619
-0.052226
0.016211
-7.750879
-0.028957
-0.062528
0.029280
3.103910
0.022868
-0.041171
0.011626
5.493198
-0.020052
-0.025383
0.021491
-6.613596
-0.006921
-0.037013
0.010101
-3.458708
-0.127825
-0.005190
0.017703
-4.409516
-0.057224
-0.044071
-0.006428
5.807269
-0.014905
-0.067167
0.023722
-14.033616
0.042661
-0.026698
0.018198
9.713366
0.052492
-0.022807
0.045692
-9.716485
-0.110405
-0.068053
0.016970
-0.594642
-0.099967
-0.032218
0.023356
-4.220216
0.052777
-0.054579
0.028335
-13.193084
0.122530
-0.026290
-0.003725
4.082752
-0.077439
-0.063799
0.003194
1.714161
0.067682
-0.063919
0.014775
15.322968
-0.009373
-0.058998
0.012789
5.653690
0.033677
-0.084419
-0.012271
9.772249
0.006274
-0.041263
0.020108
1.242165
0.072396
-0.068730
0.030836
-16.464088
-0.055631
-0.019864
-0.001366
1.585286
-0.034365
-0.025877
0.006026
-3.599921
0.199574
-0.056383
0.058354
-7.454547
0.075007
-0.037177
0.016272
-2.374233
0.032515
-0.031620
0.007381
-1.498469
-0.014132
-0.005001
0.033876
-9.343177
-0.019398
-0.075319
0.026730
-15.172870
-0.018990
-0.006799
-0.007428
2.094683
-0.179077
-0.034517
-0.001201
-0.170606
-0.118620
-0.053589
0.021425
-1.512864
0.022021
-0.006287
0.031272
-1.935817
-0.009430
-0.018580
0.010837
4.231615
-0.136425
-0.015502
0.016128
-8.402790
0.097779
-0.049034
0.017580
-7.648264
0.009822
-0.049298
0.011903
-6.014984
-0.050086
-0.031203
0.015808
-8.187828
-0.000626
-0.038261
0.030833
8.908614
0.014967
-0.028799
0.073585
-22.381930
-0.067740
-0.017346
0.047997
-13.140710
-0.066073
-0.052912
-0.004678
3.372210
0.103157
-0.039092
0.008428
-1.792094
-0.020134
-0.056196
0.018766
-9.657856
0.047840
-0.014089
0.016796
-7.807478
-0.013942
-0.053645
0.027425
8.686832
0.054002
-0.055544
0.017596
0.376426
0.048684
-0.020305
0.021023
-1.329932
-0.038562
-0.048386
0.018491
-5.796836
0.024563
-0.012577
-0.009707
8.420847
-0.047101
-0.030100
0.010221
-6.751564
0.118633
-0.042896
0.003555
0.975822
-0.221649
-0.061855
-0.012438
22.649059
0.082277
-0.010786
0.017781
-0.283589
-0.050306
-0.065704
0.015019
-1.982875
-0.007044
-0.031515
0.003021
0.980623
0.076736
-0.023082
0.005419
2.091229
0.033856
-0.031823
-0.010459
0.557984
-0.024428
0.031602
-0.010327
10.856469
0.033050
-0.057305
0.028563
3.183624
0.024705
-0.039726
0.010596
5.351268
0.001044
-0.008211
0.017431
0.005828
0.029012
-0.021571
0.019008
-3.088469
0.104677
-0.070785
0.017822
-2.467284
0.009139
-0.086615
0.000068
3.509680
-0.043073
-0.067459
0.001060
1.017699
0.036255
-0.047002
0.017356
10.698441
0.049112
-0.021542
0.065293
-17.808092
0.170932
-0.038372
0.028063
-0.630149
0.053893
-0.071264
0.012936
-5.873121
-0.072172
-0.009403
-0.007378
7.421515
-0.114796
-0.037250
0.015327
-5.880168
-0.008782
-0.040642
0.004770
-4.017975
-0.145655
-0.053517
0.016562
15.141001
-0.006248
-0.059013
0.036046
-1.133983
0.030656
-0.050718
0.025161
-7.062940
-0.001403
0.000804
0.013480
0.901979
0.015797
-0.027355
0.001395
-1.584128
-0.066952
-0.014303
0.002494
0.508343
-0.054205
-0.086251
0.006627
-4.057624
-0.007196
-0.038643
0.056796
-6.845988
0.075679
-0.038707
0.017825
2.836224
-0.026194
-0.064091
-0.011367
13.377655
0.001127
-0.065764
0.007983
1.888930
-0.080112
-0.019102
-0.008111
8.719873
0.079244
-0.034491
0.006910
-4.240015
-0.013497
-0.042706
0.007743
-1.616412
0.015531
-0.062976
0.021813
-2.309929
0.013574
-0.003462
0.041372
-9.571694
0.115846
-0.025282
0.031481
-11.938250
-0.105063
-0.040076
-0.001456
1.744470
-0.028071
-0.030715
0.005505
-4.085917
0.060705
-0.022587
0.020042
-6.901918
-0.071586
-0.066508
0.024985
-7.704635
-0.055681
-0.093980
0.029439
9.068263
0.015771
-0.028954
0.020804
2.012704
0.085398
-0.048324
0.000536
6.314330
0.043601
-0.070515
0.001600
0.786205
0.079711
-0.005712
-0.007987
5.918275
0.061936
-0.068113
-0.003004
2.681534
-0.109265
-0.046804
0.021640
-11.414638
-0.052003
-0.024580
0.029906
7.987845
0.054205
-0.055343
-0.002467
15.397230
0.035853
-0.073514
0.017349
-4.585685
0.014559
-0.048407
0.025518
-9.173134
0.114566
0.006978
0.017956
-7.480256
-0.078675
-0.045727
0.015054
-3.118906
-0.084741
-0.049860
0.012297
-6.457443
-0.018898
-0.030514
-0.011981
22.366268
0.077263
-0.009836
0.013969
7.959863
0.105564
-0.042416
0.022914
-6.696295
0.002872
-0.025640
-0.004183
7.819564
-0.132712
-0.053520
0.003936
1.158204
-0.019805
-0.073179
0.000097
0.430849
-0.064380
-0.025647
0.004027
-3.374487
0.058099
-0.056872
0.032315
2.436450
0.019273
-0.041593
0.012495
5.127811
-0.015522
-0.025684
0.051703
-18.026870
0.120469
-0.045734
0.018727
0.014469
0.032579
-0.041985
0.009582
-0.774055
-0.041636
-0.028664
0.031958
-15.899452
-0.005801
-0.036978
0.005344
-1.768328
0.119481
-0.060632
0.017948
10.807129
0.051365
-0.019287
0.045449
-9.984040
-0.115029
-0.067685
0.019277
-0.776913
0.000753
-0.073794
0.004087
0.314334
-0.016041
-0.012405
-0.011482
9.456038
-0.057919
-0.040170
0.006181
-2.270467
-0.051970
-0.058970
0.013930
-6.844741
-0.042445
-0.029656
0.016382
15.456317
-0.015039
-0.061396
0.012096
5.620780
0.033486
-0.081436
0.015148
-0.370657
0.106658
-0.014264
-0.010946
4.406751
-0.042333
-0.014841
-0.009281
8.010083
0.067603
-0.023927
-0.003972
5.974593
0.081832
-0.046162
0.009239
-5.538931
0.031854
-0.062159
0.057965
-7.132117
0.075810
-0.040485
0.016381
-2.684542
0.036015
-0.032511
0.044085
-20.792113
0.004940
0.005536
0.030627
-10.127977
-0.007258
-0.029822
0.003465
0.135112
-0.074478
-0.032687
0.016953
-8.909418
-0.022071
-0.038075
-0.017917
9.352184
0.091413
-0.004265
0.023280
-2.870785
0.013776
0.000226
0.030446
-1.441529
-0.017105
-0.019245
0.012085
-0.940048
-0.011267
-0.036818
0.017537
-2.985122
-0.034292
-0.012200
-0.015585
11.840526
-0.067133
-0.063314
0.013455
-9.009360
-0.084053
-0.033113
-0.006107
5.127579
-0.002106
-0.044794
0.028932
9.241123
-0.000273
-0.032727
0.073160
-22.003203
-0.069383
-0.018141
0.023102
1.542130
0.025602
-0.040372
0.029554
-6.420567
-0.007401
-0.055181
0.009283
-4.612433
0.049619
-0.042016
0.013862
-2.213722
0.012711
-0.073249
-0.002090
0.671996
-0.015445
-0.047365
0.031816
7.381446
0.056036
-0.054014
0.014899
0.919619
0.054662
-0.017164
0.010365
4.126355
0.035407
-0.040640
0.002383
0.087132
-0.035704
-0.038500
0.017360
-4.652244
-0.015096
-0.034616
0.009802
-8.030971
0.081937
0.002801
-0.001607
3.765310
-0.018805
-0.048266
-0.012486
22.424142
0.071414
-0.011723
0.016943
-0.043463
-0.059733
-0.067698
0.024509
-0.355074
-0.072781
-0.064977
0.037448
-11.015010
0.003001
-0.032187
0.011907
0.768819
0.061607
-0.072254
0.008114
-0.474960
0.101599
-0.067705
0.002789
2.617757
-0.089416
-0.065879
0.028795
3.724435
0.019742
-0.040640
0.010951
5.230625
0.001040
-0.006627
0.030269
-3.211642
0.065056
-0.045908
0.001213
0.057010
-0.090192
-0.049682
0.010178
-1.680687
-0.047400
-0.065562
-0.004897
3.957753
0.020498
-0.016346
0.012219
-4.363677
-0.005860
-0.048237
0.020415
9.370135
0.043859
-0.022046
0.067205
-18.789084
0.186865
-0.036995
0.001428
8.252653
0.189557
-0.010077
0.007988
2.449258
0.051848
-0.032428
0.002113
1.267236
-0.122600
-0.063966
0.011876
-4.269875
0.007590
-0.019852
-0.014527
10.654636
-0.012310
-0.036813
0.017762
14.991280
-0.027835
-0.061473
0.036740
-1.576396
0.033214
-0.051304
0.028506
-1.119339
-0.061354
-0.049303
0.016160
-6.573078
0.049299
-0.041022
0.004098
-0.897572
0.000424
-0.037017
0.013142
-7.990251
0.046884
-0.018972
-0.007528
5.132697
0.075086
-0.057670
0.056925
-6.807061
0.079172
-0.039086
0.018610
2.900055
-0.016505
-0.066201
0.006499
4.214498
0.018163
-0.035823
0.034341
-10.386878
-0.042653
-0.058281
0.028922
-10.331363
-0.019429
-0.065268
0.023346
-8.457298
-0.043474
-0.050388
0.034332
-19.497206
0.130461
-0.053726
