544.113439
544.600254
541.548469
542.039512
543.245729
544.581272
540.740452
542.643245
546.074621
539.835741
540.589587
539.800171
544.158006
543.352372
541.774311
542.182611
542.128324
541.306008
541.608691
543.425315
538.763317
543.022079
540.959094
542.490752
540.907402
542.393264
540.873294
542.050335
540.770052
538.655897
538.468720
539.282924
539.096458
542.090837
542.505508
544.329038
540.563349
543.621141
539.982752
545.278617
544.261213
543.114113
540.985926
538.129137
537.875085
540.077478
540.304692
537.735458
544.115382
542.056001
543.090465
540.350170
543.624023
542.421191
542.809815
543.487036
543.711334
540.045347
540.842370
543.578611
539.226096
540.870836
541.226077
540.857009
540.368759
534.487105
542.425017
540.498825
541.147963
543.797331
544.925700
543.872805
540.895206
540.524135
540.944853
541.493761
543.710448
540.979036
539.654445
543.230850
539.566968
543.399998
542.753455
542.041504
539.688687
541.385740
541.993346
542.994173
542.386259
541.317548
541.446127
543.207702
546.405535
541.595597
544.327447
544.010225
540.096929
540.660957
542.848223
540.009166
544.961217
545.671372
542.065569
543.093056
540.792333
540.985811
538.280975
536.511011
542.330858
542.819263
544.897515
541.629431
539.981122
543.447660
542.683122
544.622476
542.840009
543.052391
542.442913
540.258846
544.737913
545.479101
544.627871
539.962124
542.543566
541.599622
542.559008
539.898661
536.273773
543.459530
543.494506
540.013555
539.952603
540.977526
539.260314
541.965690
539.314954
539.015267
542.924641
541.410028
541.633647
540.471348
540.266959
539.903866
538.592166
537.736323
539.967670
544.279015
544.259738
542.213671
542.913926
541.162679
542.445033
542.773992
545.645598
546.125887
541.741166
541.662342
544.339531
541.378678
543.841265
541.026861
539.178978
542.289063
541.319008
540.090638
545.051214
545.327842
544.146773
544.589163
541.275417
544.595920
544.009434
542.485893
543.505891
543.472000
543.279115
538.329402
540.070754
541.137612
537.072464
541.839153
541.238793
541.407521
541.666103
540.035793
540.134222
542.590995
540.237135
543.020014
541.043574
542.586840
542.926266
543.858513
548.834560
544.012828
542.573401
543.402790
539.395762
542.548075
544.843569
542.651682
539.808548
543.151019
541.262041
542.332889
543.040941
544.160906
540.629722
539.360973
541.230640
538.311190
537.882971
541.359831
542.242484
540.721966
541.286756
542.232371
541.831326
541.786973
540.944901
542.617227
543.048282
544.276740
542.727067
542.759561
540.650603
538.645017
540.303103
541.751219
542.637187
540.682079
540.294177
534.715598
541.438026
541.165396
544.317480
539.375914
542.594871
540.358262
542.404881
542.829151
544.130054
540.656035
537.977062
541.302168
541.874637
543.182445
541.065713
541.275225
542.076958
543.802389
539.498289
541.252919
542.084410
544.114203
541.926908
541.377016
542.131971
542.389856
541.283769
539.797653
541.376394
539.184839
538.424938
538.808507
542.738719
540.489450
541.084029
539.984634
542.275547
539.475490
541.544940
541.029873
538.311434
536.533605
542.596457
547.029635
546.674584
545.355329
543.825840
539.748035
544.471418
545.662929
537.487704
538.776992
537.152918
538.127122
541.580724
541.762518
543.205983
537.426627
538.170107
538.820188
542.717794
539.775103
535.999262
543.040812
544.167865
538.819851
543.378438
544.321834
543.426911
541.029058
543.250041
541.354963
542.567899
542.717337
540.979078
543.704418
546.119555
541.256317
540.444626
542.572755
543.383990
544.168956
544.062965
541.989840
541.791106
540.776314
541.588872
541.112818
539.329718
540.737478
543.387517
545.115800
544.958299
541.512497
543.711355
541.495095
539.734891
541.178078
540.317002
541.248932
542.102637
542.207895
544.225049
544.717134
541.179622
541.852660
543.296922
544.413668
540.415504
542.040487
543.875569
541.677736
541.228298
541.833383
539.944869
539.349199
539.126491
540.680323
541.455264
544.370581
537.685184
535.920095
539.401459
542.745557
540.894160
542.321060
540.907837
542.488976
541.084506
542.653479
542.826923
547.572615
541.485588
541.588507
539.559961
542.235580
541.673164
542.739416
539.376064
541.731006
541.940146
537.895335
538.874931
542.774291
541.160142
538.599477
537.850773
539.961509
540.427892
537.677890
542.623085
542.250962
544.638932
538.288326
538.848409
540.056470
541.922145
539.053687
539.280810
539.852976
543.150416
546.470320
543.250360
542.694350
542.590029
540.669400
539.877407
534.517873
542.475374
540.571357
540.926530
539.032721
539.936355
535.678185
541.510723
540.365262
543.230856
540.366259
539.820269
546.997013
541.515987
542.689165
544.089288
540.698879
540.778959
543.466836
539.534794
541.340229
542.254215
542.565432
542.116060
541.068044
543.688598
541.787396
543.764038
540.658429
541.767045
544.158943
543.676793
545.545995
544.200066
542.118426
542.440546
545.351644
542.642229
545.433109
543.988215
541.218730
538.562625
536.689913
542.042064
542.680451
545.055344
545.261704
543.199236
542.610643
542.271251
542.064064
538.028263
540.050203
543.907146
541.600757
545.124843
545.775187
543.080030
540.041018
541.526966
545.301917
542.786082
540.055487
536.350678
543.298047
543.557056
540.056877
538.148052
539.123257
536.552861
541.345850
543.330150
543.976763
540.430069
539.946570
539.843078
538.709997
538.943668
545.098948
539.143347
538.954458
541.438811
544.237556
544.033064
542.136064
542.929684
541.211698
542.397762
543.279134
540.560895
542.499797
543.461785
545.757446
542.907325
539.898681
542.543726
541.217296
537.251646
540.462006
544.153570
543.670723
542.245838
542.776922
544.075818
544.527260
541.159587
544.665966
543.982910
542.658365
542.743055
542.558931
540.084463
542.787133
538.761621
541.853500
540.011780
542.279625
539.731055
541.743166
543.242393
544.723161
541.846785
544.405195
543.275211
542.642710
540.466559
542.205386
542.737693
543.643281
548.647096
542.936197
546.434436
543.532199
539.365386
542.236861
542.308670
544.220503
544.999047
541.826729
543.427410
546.881851
542.259903
537.995416
539.787497
540.120023
541.187891
538.436738
537.716423
541.394661
542.275048
540.817546
538.596428
540.855449
541.084406
542.992891
540.580745
540.217026
542.168902
541.615017
544.013783
540.082190
542.412581
541.780720
541.553745
541.077131
543.342648
540.625208
539.739264
534.516687
541.667445
541.315090
544.399388
539.980386
540.657742
542.383431
541.425293
541.101372
540.701389
542.370375
542.171967
539.215461
538.831365
540.207639
539.683661
545.323787
541.994476
541.526036
539.646073
541.304913
542.390072
543.884940
541.911718
541.299952
544.215025
543.816797
544.765150
541.043442
540.192970
542.562900
541.493597
541.505439
543.867012
544.230131
545.748441
543.030614
541.254133
543.904938
545.169831
541.351746
538.749608
537.293083
542.414774
546.680000
546.593414
542.801717
541.899115
542.045589
538.121965
541.487351
539.473992
537.453803
538.151000
540.618086
541.589210
542.702534
542.921046
538.934353
540.878856
541.864008
542.567689
540.097782
536.729898
543.143361
544.030867
538.808556
542.485087
542.550896
544.938416
542.436563
543.833374
544.360018
542.137618
541.382657
539.750875
541.703817
541.307121
541.238652
542.208659
543.905149
543.805549
544.031486
543.977661
542.290079
541.734365
540.877173
541.621675
539.921849
539.669383
536.629193
542.172391
541.088333
541.236654
542.298452
545.205205
544.437970
539.807282
538.384726
538.632961
539.981836
539.912404
541.827565
544.002847
544.443775
541.377316
541.691694
543.552816
544.729362
540.595256
542.397025
546.105265
539.227135
539.070662
542.214189
541.638915
540.210288
543.447895
540.409244
541.434505
539.886139
542.717702
541.762074
542.749467
542.798951
540.637788
542.405783
540.695969
542.328974
541.049448
542.542698
540.998071
538.990379
540.862636
541.337868
541.059864
542.454659
545.556605
542.258158
542.391252
541.432377
543.262890
542.166948
542.315642
539.963957
541.042357
538.138520
537.677367
539.941872
540.456348
537.626000
544.080407
542.051012
543.233053
541.982646
544.913403
544.935646
539.706161
543.247989
541.486151
539.545369
541.401729
544.378290
538.519214
538.334226
540.809561
540.736775
539.767725
534.576699
542.467895
540.723673
540.779728
544.195338
545.149162
544.386165
542.700192
541.665431
545.323903
542.562236
542.268014
543.347334
537.928942
539.011046
541.655178
540.883677
541.134816
541.526720
539.633374
541.198071
542.232074
542.523866
542.098156
541.393437
541.196336
543.336780
546.448289
543.094114
545.739990
545.993076
539.017944
538.035813
539.039318
539.747210
542.605933
537.242895
541.094890
541.126256
542.234260
541.177137
538.576576
537.769550
542.028495
542.708717
544.889147
541.651080
540.269819
543.533252
541.394733
542.448796
543.233511
541.791726
543.139219
542.962990
541.576682
542.067109
541.659105
539.497994
540.605024
543.939600
542.780460
540.001633
536.356923
543.053712
543.595963
540.057389
539.935584
541.176275
539.318991
540.503812
540.145466
541.409576
541.440876
542.317281
540.736337
539.464962
539.977320
543.286277
541.748890
540.868652
541.603819
543.952417
544.002530
542.195742
542.903840
541.306730
542.253884
542.748280
545.699899
546.361461
541.687396
541.799669
540.393493
541.418528
543.258322
539.346595
543.428802
543.632423
541.348264
543.582675
542.818510
541.853289
