5.663850
5.478616
5.727099
5.262710
4.985026
5.248669
5.660491
5.353741
5.573319
5.686257
5.776010
5.307892
5.243865
5.331491
5.694168
5.344660
5.556557
4.911606
5.052321
5.273127
5.475103
5.646750
5.657592
5.368962
5.461919
5.759829
5.659254
5.497759
5.548913
5.549017
5.209729
5.456147
5.076797
5.027273
5.050182
4.840263
5.056666
4.998296
5.022538
5.315066
5.066512
5.133976
5.727482
5.481352
5.257878
5.296531
5.224533
5.383979
5.802162
5.465428
5.454174
5.667210
5.637338
5.436101
5.258731
5.022598
5.235794
5.285606
5.206691
5.134269
5.020344
4.879341
5.478777
5.362445
5.541455
5.130372
5.161642
5.241850
5.639367
5.363691
5.300502
5.051737
4.943841
4.968442
4.895003
5.270412
5.412098
5.683726
5.177453
5.079999
5.245989
5.266333
5.770012
5.375731
5.102768
5.449612
5.709336
5.502057
5.188664
5.454150
5.540583
4.982705
4.952907
4.781215
5.204886
5.285886
5.396724
5.442163
5.266572
5.212170
5.247411
5.262485
5.340049
5.243598
5.108927
5.342670
5.496732
5.546433
5.401757
5.333446
5.538320
5.472754
5.710152
5.549919
5.199817
5.210320
5.478360
5.332912
5.304823
5.962987
5.432220
5.361948
4.928807
5.163693
5.228276
5.387031
5.881078
5.881625
5.444686
5.465556
5.599320
5.294400
5.093526
5.022398
5.461010
5.546847
5.300700
5.151152
5.505851
6.060334
5.772002
5.381558
5.171084
5.316940
5.442094
5.673238
5.458133
4.974220
5.351693
5.247051
4.887754
5.180830
5.171590
5.540916
5.609292
5.418840
5.168358
4.989998
5.306429
5.450150
5.615879
5.625279
5.243354
5.569970
5.490972
5.480798
5.803766
5.537689
5.490314
5.286330
5.321648
5.436843
5.571667
5.452756
5.350877
5.384910
5.631440
5.556726
5.021519
5.073991
5.119153
5.106745
5.193872
5.103653
5.131451
5.481093
5.132476
5.544148
5.307883
5.255958
5.346384
5.567008
5.253663
5.451118
5.447039
5.354127
5.319302
5.210396
5.174448
5.153893
5.258042
5.293955
5.530145
5.661747
5.535851
5.425914
5.819415
5.587563
5.330806
5.131856
5.067016
4.857678
4.898695
5.190730
5.339804
5.348291
5.479767
5.259728
5.142517
5.323820
5.442753
4.967808
5.302418
5.464745
5.210772
5.341456
5.746602
5.402102
5.180206
5.421937
5.302256
5.015431
5.507221
5.391511
5.547865
5.538830
5.591515
5.320708
5.285513
5.152529
5.075370
5.186701
5.279834
5.232256
5.281707
5.166747
4.870510
4.746382
5.474284
5.391796
5.062854
5.222343
5.293666
4.854570
5.032375
5.294874
5.317903
5.637357
5.460228
5.280885
5.187836
5.021944
5.169945
5.280614
5.145195
4.966294
5.384728
5.518631
5.345250
5.196521
5.058825
5.637079
5.566477
5.384018
5.393107
5.233343
5.387305
5.511443
5.657981
5.385858
5.472356
5.518901
5.485888
5.478031
5.492799
5.208754
5.242521
5.580867
4.950659
5.147146
5.037498
5.582179
5.639179
5.257096
5.314742
5.342161
5.399104
5.259701
5.376273
5.173394
5.055168
5.191944
5.346654
5.386608
5.402759
5.457066
5.106910
5.322469
5.563005
5.782292
5.639067
5.566858
5.061842
5.385662
5.289412
5.571790
5.338793
5.612167
5.545156
5.664516
5.598754
5.321567
5.264441
4.959286
5.194406
5.395965
5.478587
5.466640
5.620418
5.474977
5.085738
5.368941
5.376241
5.480955
5.684960
5.516762
5.372914
5.477591
5.693649
5.837789
5.846971
5.294681
5.255960
5.437087
5.573407
5.816247
5.434142
5.832720
5.836344
5.554510
5.716455
5.836120
5.791387
5.685710
5.551707
5.350131
5.555769
5.499488
5.431307
5.413467
5.419940
5.382482
5.069107
5.155844
5.522068
5.605170
5.717579
5.518441
5.540589
5.958398
5.685021
5.682692
5.664551
5.815167
5.221929
5.481866
5.255197
5.407502
5.459505
5.561252
5.052724
5.216161
5.363770
5.768855
5.406758
5.213052
5.658646
5.535068
5.691050
5.548217
5.628540
5.526171
5.272220
5.576973
5.514071
5.559438
5.632880
5.097817
5.166057
5.441826
5.386872
5.484299
5.283411
5.150865
5.250291
5.201135
5.292517
5.135801
5.399207
5.446429
5.735992
5.295549
5.358952
5.184567
5.344926
5.780383
5.621838
5.583368
5.193319
5.679234
5.481896
5.322299
5.487632
5.514354
5.442089
5.241278
5.164505
5.328992
5.531859
5.213741
5.190591
5.622504
5.538009
5.893426
5.723904
5.832302
5.469159
5.097632
5.376128
5.261199
5.560125
5.645557
5.487614
5.184285
5.009107
5.049010
5.397282
5.174743
4.921774
5.126862
5.572289
5.495487
5.203933
5.306747
5.417430
5.504671
5.287180
5.479338
5.339766
5.324653
5.006926
5.465763
5.258758
5.213625
5.454912
5.470321
5.481147
5.554977
5.057729
5.544673
5.225922
5.197793
5.307913
5.295686
5.521648
5.398578
5.094323
5.042835
5.395562
5.553776
5.353116
5.461140
5.118479
5.237213
5.325581
5.596231
5.258953
5.279352
5.517184
5.471762
5.378299
5.505245
5.862779
5.825946
5.372558
4.940302
5.457854
5.680253
5.705404
5.466711
5.301096
5.182480
5.350480
5.187978
5.508188
5.599897
5.336350
5.399368
5.117005
5.095747
5.357931
5.220702
5.511243
5.259770
4.798791
5.240004
5.486148
5.483677
5.264034
5.091934
5.133128
5.054538
5.198600
5.419281
5.175709
5.310412
5.547856
5.470923
5.259503
5.347797
5.667757
5.775902
5.546509
5.226143
5.115538
4.713911
4.546017
4.753739
4.853262
4.896872
5.272945
5.365125
5.275153
5.125572
5.251091
5.404551
5.043765
5.520902
5.590248
5.563046
5.051233
5.157407
5.080477
5.360001
5.726163
5.629359
5.405355
5.522602
5.469112
5.427111
4.995671
5.258566
5.184961
5.263594
5.789649
5.837083
5.636923
5.323063
5.403749
5.498170
5.577544
5.830476
5.706365
5.641504
5.247025
5.220254
5.217584
4.950010
4.795212
5.158288
4.718106
5.061676
5.022265
5.019452
5.115302
5.450630
5.525773
5.547397
5.374061
5.666876
5.804706
5.662005
5.557944
5.472515
5.463573
5.345820
5.505880
5.557361
5.080501
4.994061
4.936122
5.316388
5.447831
5.605575
5.377363
5.070505
5.322287
5.385566
5.449993
5.534024
5.666619
5.629633
5.507490
5.508668
5.510893
5.727569
6.180505
5.759801
5.814812
5.807159
5.421370
5.598110
5.430037
5.158222
5.178628
5.135154
5.506780
5.457597
5.152346
5.160398
5.215592
5.299310
5.520667
5.410183
5.374338
5.420547
5.748252
5.768485
5.976083
6.039747
5.686032
5.341489
5.104280
5.171063
5.467841
5.028057
5.357909
5.051081
5.098639
5.213875
5.369839
5.216954
5.075589
5.170527
5.016519
5.186594
5.549057
5.774624
5.758643
5.561672
5.435679
5.858844
5.557444
5.272933
5.461358
5.537409
5.386935
5.601095
5.373605
5.152907
5.237008
5.160900
5.501239
5.609158
5.259402
5.483520
5.621343
5.345191
5.289965
5.828505
5.578195
5.313797
5.285088
5.355609
5.795126
5.760051
5.879498
5.819665
5.880903
5.484915
5.258132
5.502975
5.312645
5.172933
5.242374
5.557936
5.277409
5.591996
5.551122
5.345238
5.521289
5.256400
5.561538
5.622506
5.691291
5.625870
5.531941
5.480331
5.343803
5.494051
5.613986
5.430955
5.411399
5.522532
5.523986
5.774613
5.927892
6.044874
5.171345
5.217779
5.197422
5.410782
5.713421
5.531062
5.570272
5.578567
5.313106
5.274598
5.248857
5.183657
5.320581
5.517956
5.482310
5.277445
5.199248
5.511216
5.350328
5.295831
5.038827
5.356989
5.532070
5.954807
5.905966
5.628168
5.357835
5.219098
5.329323
5.438175
4.875690
5.194824
5.335067
5.435329
6.105236
5.931248
5.562008
5.411503
5.187828
5.199732
5.238622
5.565151
5.386772
5.271350
5.160904
5.225500
5.192019
5.262739
5.537227
5.272478
5.350840
5.318924
5.255517
5.044331
5.157247
4.879212
5.170026
5.436161
5.256253
5.282586
5.573932
4.973769
5.176632
5.686356
5.414023
5.548003
5.213592
5.520888
4.999771
5.302770
5.484112
5.516882
5.400699
5.571209
5.562399
5.630714
5.590479
5.578706
5.740136
5.772854
5.528016
5.460771
5.086314
5.193922
5.411767
5.102738
5.515807
5.389035
5.516402
5.278707
5.593466
5.499384
5.560718
5.446433
5.494529
5.663507
5.550944
5.456920
5.400091
5.793254
5.255755
5.358554
5.219265
5.499262
5.591373
5.616315
5.462476
5.203575
5.268607
5.078500
5.060274
4.984787
5.334781
5.092870
5.024884
5.596317
5.812462
5.503777
5.475966
5.259725
5.533298
5.508760
5.513362
5.632937
5.341602
5.149019
5.100979
5.239414
5.017483
5.213100
4.968682
5.249034
5.769470
5.886407
5.396299
5.634246
5.166968
5.336014
5.293130
5.351459
5.492373
5.764115
5.393562
5.089316
5.115332
5.429708
5.625952
5.170488
4.979168
5.111302
5.012187
5.232281
5.411509
4.964385
5.250540
5.307042
5.063775
5.137291
5.192375
5.045231
4.834554
4.987418
5.312805
5.331656
5.005509
5.124430
5.375603
5.618880
5.391744
5.288142
5.579057
5.550812
5.597358
5.222445
5.212857
5.289132
5.250384
4.965998
5.159780
5.292566
5.398435
5.536371
5.379058
5.477361
5.567813
5.396283
5.321574
5.292795
5.221048
5.317160
5.207211
4.990229
5.126956
5.256497
5.000601
4.966982
5.264792
4.883820
4.919579
4.866674
5.185146
5.738121
5.308551
5.256448
4.666489
5.140772
5.518852
5.423045
5.275740
5.379769
5.144374
5.339552
5.284462
5.599622
5.595845
5.541089
5.409321
5.836268
5.549158
5.523634
5.511743
5.718529
5.122663
5.405455
5.304505
5.559789
5.063846
5.502465
5.411149
5.372827
5.254832
5.535945
5.483256
5.421820
5.436893
5.519666
5.118288
5.282140
5.525867
5.571239
5.799861
5.812902
5.538206
5.591218
5.573705
5.508405
5.609677
5.815175
5.611702
5.545119
5.457516
5.390461
5.107158
5.127879
5.424297
5.640306
5.188261
5.303514
5.163572
5.214665
5.533987
5.341556
5.742990
5.087627
5.156496
5.215351
5.287063
5.273092
5.223991
5.221709
5.174277
5.037801
5.051775
5.469920
5.490345
5.399578
5.236238
5.517250
5.275751
5.652401
5.471275
5.309689
5.135300
5.288243
5.498788
5.037583
5.235616
5.689290
5.560023
5.150113
5.083486
5.000397
5.065610
5.501466
5.882851
5.738403
5.628536
5.522225
5.476159
5.475236
5.293361
5.394456
5.501424
5.449218
5.388478
5.259300
5.501306
5.680578
5.770814
5.376830
5.568360
5.255925
5.071021
5.402687
5.455638
5.634325
5.591864
5.413097
5.434926
5.523262
5.129094
5.173017
5.290477
5.505175
5.502849
4.934121
5.175593
4.873767
4.995154
5.213897
5.168407
5.103887
5.304929
5.562069
5.552988
5.520757
5.274983
5.246665
5.160267
5.233275
5.257314
5.017856
5.129417
5.243803
5.363553
5.376819
5.290376
5.124276
5.102749
5.090176
5.530907
5.421647
5.503652
5.369722
5.537003
5.548274
5.104010
5.263699
5.055016
5.300736
5.432955
5.300988
5.214357
5.243274
5.117440
5.790200
5.657037
5.542713
5.310291
5.266559
5.338243
5.221277
5.353195
5.449503
5.450164
5.878114
5.904498
5.422265
5.429572
5.340662
5.566669
5.707063
5.828409
5.923229
5.563931
5.115124
5.330075
5.798725
5.406653
4.862430
4.912672
5.202494
5.423441
5.071840
5.209060
5.380253
5.322516
5.168697
5.223936
5.380388
5.108448
5.306029
5.417746
5.664930
5.646997
5.545507
5.091022
5.005833
5.229857
4.979949
5.841964
5.692493
4.858692
5.031212
5.258983
5.256070
5.623436
5.408714
5.301963
5.504587
5.294565
5.262632
5.428653
5.496972
5.273230
5.058210
4.875140
5.263616
5.135425
5.015480
5.144836
5.052090
5.453112
5.805153
5.521385
5.371797
5.307285
5.157564
5.226596
5.494073
5.459793
5.808991
5.554755
5.526285
5.412109
5.616285
5.616126
5.333328
5.427686
5.329221
5.368540
5.127051
4.917593
5.481704
5.241963
5.317461
5.588353
5.583978
5.378481
5.566770
5.199373
4.994274
5.082938
5.217119
4.933615
4.961414
4.750219
4.987598
5.114136
5.434962
5.139767
5.390637
5.413345
5.172537
5.002884
5.175377
5.549367
5.219904
5.319936
5.548136
5.585658
5.567498
5.842160
5.522316
5.451728
5.396054
5.403439
5.573852
5.924166
5.164995
5.444149
5.529446
5.591337
5.290807
5.133426
5.155877
5.349488
5.490341
5.424384
5.351221
5.384083
5.646404
5.414905
5.762058
5.494884
5.526347
5.352388
5.510606
5.487737
5.352838
5.403807
5.311185
5.329188
5.376494
5.312383
4.764996
4.821567
5.066982
5.235835
5.366121
5.451264
5.417651
5.349799
5.014263
5.166032
5.194051
5.036795
4.892479
4.979643
4.994534
5.488828
5.207728
4.949874
5.219198
5.340871
5.298780
5.324763
5.346474
5.317191
5.855430
5.971395
5.604940
5.597369
5.229481
5.420530
5.227322
5.211314
5.220189
5.010290
5.168539
5.190865
4.932582
5.357379
5.117854
5.342905
5.173677
5.164194
5.326547
5.489534
5.055003
5.389961
5.251861
5.717248
5.774286
5.300102
5.465066
5.795373
5.752103
5.709992
5.845977
6.380205
6.054330
5.723942
5.110711
4.949299
5.112365
5.412456
5.545504
5.118231
5.132853
5.107413
5.073669
5.240980
5.294902
5.534873
5.270713
5.001686
4.851909
4.705836
4.872502
4.715928
4.837620
4.857303
4.736832
5.267025
5.468038
5.831318
5.657153
5.535321
5.448856
5.413406
5.669774
5.422262
4.957458
5.026869
5.298553
5.257595
5.889947
5.524377
5.365938
5.311105
5.525960
5.150662
5.323579
5.504606
5.493958
5.536977
5.477471
5.171246
5.258298
5.074245
5.380572
5.297863
5.404119
5.461038
5.749546
5.832575
5.526753
5.278030
5.332194
5.522810
5.505600
5.388499
5.803864
5.549529
5.129536
5.200757
5.642777
5.812264
5.552383
5.157809
5.159675
5.536877
5.397160
5.173077
5.193921
5.094149
5.657552
5.898664
5.768208
5.310462
5.218555
5.201207
5.469199
5.444042
5.189464
5.357768
5.277074
5.010751
5.272207
5.525343
5.643084
5.507793
5.409553
5.568010
5.532281
5.234815
5.205228
5.442524
5.469547
5.776665
5.761629
5.633908
5.472327
5.287826
5.506995
5.680389
5.539672
5.654062
6.014398
5.835366
5.473890
5.520003
5.633086
5.496280
5.748794
5.972869
5.478213
5.320564
5.457831
5.343524
5.278460
5.547100
5.233126
4.929255
5.378834
5.648224
5.302234
5.282329
5.327920
5.143423
5.530675
5.485885
5.206860
5.179517
5.412970
5.533451
5.488075
5.833900
5.736632
5.358575
5.489802
5.100539
5.374476
5.560082
5.613956
5.389154
5.380035
5.540220
5.255305
5.388203
5.213332
5.304668
5.177411
4.915410
5.534756
5.791575
5.597437
5.678192
5.315439
5.184829
5.213653
5.152320
5.606371
5.612980
5.671904
5.473523
6.035407
5.797185
5.638258
5.636536
5.281835
5.204837
5.605161
5.343691
5.282036
5.497480
5.530635
5.341414
5.121261
5.025059
4.912242
5.322486
5.427231
4.785948
5.179449
5.558279
5.202000
5.289103
5.500784
5.718504
5.438527
5.446732
5.266509
5.398145
5.708448
5.610772
5.550982
5.254043
5.393913
5.269052
5.621664
5.441948
5.679885
5.750078
5.777942
5.495475
5.707432
5.378071
5.649999
5.462075
5.366558
5.355221
5.408405
5.305390
5.303046
5.103795
5.337134
5.273229
5.008527
5.313453
5.292011
5.305651
5.205170
4.912831
5.009271
5.605024
5.577556
5.593540
5.446773
5.353448
5.567183
5.544808
5.546425
5.507019
5.575621
5.287860
5.179832
5.084754
5.357652
5.371134
5.535165
5.626471
5.567339
5.298796
5.093456
5.549916
5.577412
5.387156
5.385380
5.387792
5.322262
5.384988
5.220642
4.940241
5.320788
5.177647
5.179965
5.173730
5.064179
5.263447
5.301502
5.317490
5.139978
5.399987
5.305833
5.127337
5.346891
5.452014
5.497560
5.671032
5.438025
5.301447
5.260824
5.469678
5.241086
5.592837
5.397386
5.527662
5.251673
5.269064
5.207514
5.297145
4.956274
5.130323
5.268227
5.782494
5.440976
5.400564
5.427988
5.589404
5.259293
5.624016
5.858794
5.823171
5.846374
5.746173
5.316132
5.510938
5.648097
5.532032
5.272690
5.636075
5.656011
5.484485
5.446388
5.213503
5.423140
5.603504
5.320561
5.143360
5.495768
5.290189
5.094612
5.068832
4.867087
5.055702
5.192431
5.544989
5.583168
5.281042
5.470317
5.300770
5.206155
5.296449
5.101924
5.449216
5.360551
5.286010
5.230454
5.374122
5.519548
5.475220
5.450371
5.330899
5.576351
5.157235
5.227185
5.205242
4.947200
5.104838
5.280396
5.521033
5.412253
5.221525
5.329865
5.440650
5.477912
5.441813
5.064097
5.005417
5.266804
5.281460
5.384283
5.666931
5.667909
5.729080
4.945977
5.831878
5.530085
5.121867
5.233102
5.312106
5.247155
5.608882
5.524186
5.700165
5.597206
5.431847
5.389939
5.406394
5.006938
5.374002
5.531796
5.383020
5.433346
5.448230
5.222987
5.158617
5.347921
5.264546
5.205461
5.038350
5.377628
5.705012
5.583164
5.599244
5.448634
5.670097
5.585191
5.526760
5.404050
5.433433
4.977815
5.229803
5.023224
5.085715
5.558074
5.251106
5.098162
5.332891
5.346571
5.343247
5.254180
5.288792
5.475549
5.288938
5.303529
5.592991
5.366692
5.223835
5.361636
5.344384
5.448086
5.541761
5.405543
4.988439
4.825452
4.794893
4.788621
5.062207
5.050565
5.423808
5.736610
5.208973
5.479398
5.467444
5.626925
5.478934
5.221349
5.680062
5.367137
5.577430
5.557336
5.223681
5.378195
5.389901
5.214415
5.369925
5.494815
5.452363
5.471350
5.276383
5.493983
5.499147
5.484818
5.239268
5.396578
5.067694
5.316922
5.298727
5.305575
5.431315
5.203640
5.478975
5.200230
5.352787
5.584395
5.419535
5.349678
5.293590
5.497369
5.380645
5.338450
4.920995
5.353022
5.149502
5.647003
5.368658
5.309567
5.362184
5.600651
5.823090
5.476428
5.398586
5.305539
4.988103
5.472040
5.476034
5.629022
5.502611
5.383992
5.298728
5.183260
5.134429
5.499763
5.434725
5.124340
5.011471
5.200646
5.282762
5.202650
5.990239
5.824396
5.592272
5.617355
5.378888
5.077972
5.276685
5.083432
5.010592
5.017460
4.995652
5.094902
5.356145
5.347924
5.457432
5.184326
5.052484
5.068333
4.942138
5.142473
5.343054
5.455729
5.185730
5.355955
5.352111
5.501141
5.515272
5.551325
5.426936
5.366739
5.126130
5.528410
5.569555
5.747210
5.717978
5.154633
5.191723
5.381984
5.043920
4.925200
5.350537
5.192317
4.935965
5.458749
5.311204
5.459513
5.456207
5.105110
5.370136
5.296046
5.373745
5.530257
4.977325
5.131164
5.091094
5.403676
5.580198
5.792772
5.638051
5.779833
5.603725
5.469154
5.734962
5.683334
5.679875
5.208216
5.176293
5.664193
5.067710
5.177058
5.312353
5.398623
5.115866
5.305098
5.677722
5.493002
5.338597
5.589948
5.239846
5.506939
5.466589
5.467131
5.475295
5.200758
4.922898
5.194789
5.522263
5.442962
5.367544
4.817362
4.787537
5.072137
5.242203
5.330869
5.619194
5.214944
5.409080
5.465981
5.347927
5.552068
5.403329
5.715176
5.596430
5.532342
5.451124
5.567319
5.518648
5.599283
5.278113
5.559951
5.678950
5.847767
5.652221
5.512341
5.736916
5.675098
5.291377
5.429749
5.549863
5.599602
5.087484
5.259732
5.229308
5.252424
5.306322
5.447589
5.134242
5.531859
5.430255
5.609702
5.448587
5.749115
5.521564
5.251725
5.178305
5.149725
5.355750
5.499738
5.367658
5.030854
5.169221
5.491367
5.632507
5.740945
5.692147
5.648879
5.495553
5.514868
5.677774
5.799608
5.594430
5.750946
5.777740
5.971780
6.068362
5.823470
5.393811
5.870511
5.649772
5.199679
5.243036
5.421550
5.386372
5.633493
5.784943
5.856017
5.544419
5.550092
5.414779
5.532004
5.334254
5.282344
5.312167
5.255482
5.198280
5.330989
5.366941
5.237994
5.384310
5.501357
5.781249
5.639058
5.713393
5.383237
5.232319
4.982108
5.166785
5.111304
5.212084
5.017945
5.203882
5.250865
5.600591
5.706493
5.654250
5.683551
5.504411
5.311499
4.995747
4.886657
4.975519
5.177662
5.169148
5.327173
5.204578
5.139021
4.949680
5.092773
5.261090
5.237445
5.255671
5.118279
5.110744
5.463869
5.397626
5.427456
5.614929
5.612487
5.404737
5.440169
5.132421
4.679803
4.810726
5.141714
5.269815
5.442979
5.564500
5.430073
5.760623
5.651238
5.839638
5.496861
5.568572
5.619079
5.184230
5.351368
5.331288
5.439891
5.231034
5.212871
5.205728
4.994549
5.083504
5.207476
5.197599
5.464871
5.668163
5.602970
5.161796
5.376231
5.581695
5.498878
5.647909
5.324356
5.332301
5.341898
5.252277
5.335321
5.244973
4.928302
4.659975
4.766120
5.083809
5.105831
5.160883
5.526271
5.345434
5.217487
5.393246
5.351214
5.393195
5.646036
5.391911
5.667012
5.388143
5.288309
5.364254
5.325345
5.557468
5.562876
5.413770
5.625616
5.238199
5.101709
4.981110
5.000518
5.345377
5.504795
5.262068
5.483429
5.370012
5.888614
5.332746
5.458969
5.074954
5.250716
5.319599
5.159396
5.365865
5.393498
5.384173
5.345218
5.514165
5.795096
5.533605
5.563949
5.304242
5.415876
5.336556
5.653759
5.661567
5.381559
5.375099
5.252174
5.340228
5.134446
5.507255
5.408292
5.025710
4.990724
5.485570
5.478937
5.400364
5.687438
5.597543
5.244291
4.836941
4.856061
5.556275
5.686410
5.446532
5.272908
4.938203
5.234085
4.994781
5.052270
5.154176
5.062534
5.243835
5.436154
5.575196
5.211215
5.452167
5.267281
5.091194
4.854068
5.124067
5.088949
5.285989
5.094834
4.887441
5.028661
5.438805
5.585804
5.395751
5.602091
5.712575
5.626527
5.515764
5.428434
5.492345
5.144733
5.227921
5.576329
5.349113
5.432158
5.533267
5.507886
5.375735
5.449209
5.556880
5.238640
5.284575
5.400200
5.205456
4.964004
5.213798
5.059626
5.247233
5.327731
5.207419
4.978878
5.071890
5.238636
5.519427
5.302221
5.347565
5.427209
5.574130
5.378506
5.142342
5.285684
5.183074
5.330146
5.440433
5.278888
5.424498
5.527562
5.225459
5.465419
5.509036
5.527926
5.032679
5.260759
5.051031
5.383174
5.239759
5.462784
5.790117
5.650288
5.526110
4.691029
4.789186
5.166386
5.394677
5.440386
5.112956
5.432138
5.395650
5.347876
5.683684
5.551073
5.429928
5.556382
5.312976
5.383564
5.391140
5.286597
5.527070
5.037481
5.335921
5.107936
5.067602
5.169272
5.338079
5.055424
5.619249
5.784133
5.677268
5.331128
5.373085
5.256861
5.633524
5.291351
5.533312
5.858893
5.490784
5.516943
5.473167
5.604678
5.641298
5.393597
5.531368
5.263435
5.031919
4.967857
5.060292
5.136155
5.142953
4.952635
5.061136
5.200064
5.812112
5.515294
5.950088
5.565946
5.280067
5.357176
5.594318
5.332103
5.464430
5.575567
5.427822
5.233339
5.312688
5.418200
5.232523
5.033839
5.437907
5.422058
5.171393
5.498378
5.161063
5.189133
5.270029
5.225817
5.404960
5.663977
5.236796
5.131853
4.918869
5.267899
5.097337
5.092101
5.065942
5.001177
5.647078
5.560046
5.352398
5.656258
5.498678
5.251987
5.155733
5.382479
5.267546
4.952986
5.147151
5.120238
5.381038
5.337262
5.476342
5.360023
5.103590
4.981612
5.380147
5.612250
5.568739
5.549996
5.534429
5.665769
5.548624
5.684929
5.890927
5.931442
5.660602
5.329866
5.157301
5.218109
5.216427
5.464743
5.687461
5.515260
5.459132
5.231554
5.251190
5.213841
5.252753
5.389572
5.317556
5.407572
5.475603
5.565636
5.525073
5.565444
5.686232
5.414947
5.176083
5.166418
5.195603
5.381926
5.533632
5.475719
5.236385
5.485143
5.278130
5.405920
5.522834
5.538900
5.550132
5.357106
5.023668
5.381828
5.191964
5.539141
5.497198
5.263264
5.403933
5.321338
5.774444
5.628227
5.605770
5.685951
5.589007
5.890610
5.811437
5.619827
5.539606
5.640122
5.063290
5.271815
4.981719
4.907710
5.165849
5.224882
5.200471
5.283713
5.136312
5.174240
5.277234
5.481471
5.588491
5.412160
5.148752
5.311086
5.345205
5.283937
5.550984
5.823016
5.554462
5.397845
5.684575
5.294792
5.056792
5.560697
6.020922
5.449941
5.707467
5.780648
5.834902
5.318431
5.048309
4.968664
5.252195
5.215647
5.548322
5.165633
4.944131
5.202797
5.350755
5.427751
5.503081
5.677858
5.459151
5.427545
5.530611
5.282734
5.580418
5.735061
5.903150
5.550120
5.275089
5.140653
5.354329
5.251132
5.482227
5.076599
5.326252
5.277151
5.178053
5.890624
5.633751
6.197375
5.516854
5.296758
5.889532
5.376132
5.078173
5.099046
5.163967
5.159583
5.257184
5.090843
5.127593
4.925870
5.133360
4.893491
5.054307
4.878361
5.089088
5.517637
5.692819
5.187678
5.253306
5.129108
4.929655
4.953299
5.359975
5.637859
5.324468
5.176099
5.738680
5.431580
5.203708
5.550024
5.765858
5.577260
5.860231
5.589840
5.488651
5.489310
5.470814
5.244821
4.970857
5.074016
4.705117
5.245318
5.464759
5.434101
5.186001
5.037742
5.142292
5.403740
5.218495
5.121751
5.311272
5.330124
5.946773
5.816766
5.939051
5.931288
6.016943
6.055145
5.762803
5.749994
5.521925
5.446618
5.395444
5.385255
5.189754
5.205796
5.272404
5.202546
5.323696
5.442413
5.668135
5.301205
5.429586
5.648193
5.640767
5.421304
5.284496
5.469774
5.331093
5.542260
5.322216
5.112641
4.909618
4.968470
5.514753
5.505719
5.636616
5.686236
5.494529
5.446089
5.335813
5.314674
5.380661
5.146874
5.288509
5.458256
5.538101
5.571927
5.834446
5.891804
5.631559
5.485722
5.504923
5.304954
5.486981
5.727591
5.576692
5.846258
5.674864
6.004779
5.731456
5.590511
5.565944
5.462958
5.129467
5.556827
5.298388
5.475019
5.493660
5.255416
5.378475
5.326000
5.256848
4.784029
5.062749
5.418518
5.638903
5.555387
5.440760
5.664777
5.262795
5.694469
5.328586
5.458928
5.709553
5.824271
5.585695
5.773569
5.274654
5.424230
5.385832
5.117097
5.067385
5.094684
5.430782
5.382572
5.299420
5.175375
5.023114
4.993650
4.843253
4.945114
5.024921
5.359260
5.251795
5.359476
5.275066
5.466162
5.513613
5.384190
5.749960
5.662723
5.838968
5.651012
5.339105
5.095953
5.148967
4.889794
5.035098
5.211614
5.012222
5.102816
5.386904
5.228166
5.165299
5.689966
5.267139
5.468683
5.490681
5.418241
5.257232
5.085264
5.426097
5.221908
5.516312
5.363479
5.150726
5.012323
4.994287
5.254362
5.211796
5.463471
5.255370
5.214756
4.991371
4.958659
5.369981
5.526391
5.540629
5.537597
5.585913
5.305594
4.873269
5.025826
5.199829
5.558704
5.305866
5.190048
5.465542
5.097733
5.221783
4.881838
5.069638
5.214240
5.487723
5.355047
5.376195
5.596792
5.549223
5.780925
5.709733
5.736060
5.525079
5.496631
5.141199
5.061712
5.013309
5.135049
5.082231
5.007594
5.236484
5.170978
5.456247
5.246573
4.861274
5.180324
5.621946
5.455298
5.614535
5.246905
5.105921
5.540300
5.539366
5.240794
5.557972
5.579364
5.895871
5.989499
5.656682
5.549036
5.373300
5.609216
5.543030
5.650253
5.555509
5.379442
5.345613
5.336090
5.502494
5.444102
5.629169
5.569616
5.230844
4.958693
4.949943
4.852217
5.211468
5.358785
5.239462
5.229275
5.227955
5.054668
5.103551
5.200077
5.336145
5.293472
5.112352
5.100993
5.188798
5.448128
5.203144
5.056660
5.688831
5.521222
5.344185
5.571501
5.487078
5.625757
5.935934
5.638696
5.531905
5.334846
5.628235
5.507452
6.036488
5.491001
5.572811
5.409252
5.697420
5.543001
5.427963
5.537065
5.597623
5.861328
5.541085
5.325133
5.763908
5.532041
5.756657
5.542451
5.659482
5.764473
5.702630
5.139783
5.128109
4.943725
4.904603
4.970457
5.180710
5.109114
5.432723
5.328271
5.091841
5.059707
5.384924
5.454066
5.478091
5.313315
5.303795
5.276894
5.303416
5.331814
5.248997
5.350978
5.472772
5.088740
5.161218
5.064516
4.902730
4.855494
5.051979
5.221539
5.295924
5.451424
4.681700
4.886039
5.306993
5.450607
5.402103
4.989371
5.116785
5.157815
5.303505
5.539080
5.130975
5.470314
5.417059
5.344274
5.146110
5.154095
4.951725
4.906365
5.016302
5.497467
5.313871
5.251495
5.345342
5.211445
5.571284
5.328931
5.387364
5.360787
5.315631
5.741427
5.579725
5.506444
5.341727
5.325961
4.925791
5.152311
5.456756
5.541571
5.556981
5.502160
5.586837
5.619132
5.593420
5.136472
5.488372
5.457887
5.459609
5.512414
5.128440
5.362392
5.492918
5.359503
5.125696
5.342641
5.408567
5.815257
6.093468
5.676372
5.409404
5.391750
5.523640
5.835888
5.647483
5.315032
5.353531
5.418953
5.063861
5.238393
5.151937
5.618686
5.359868
5.586647
5.483095
5.339857
5.233010
5.570158
5.306577
5.217393
5.511303
5.745835
5.445663
5.667536
5.329514
5.154812
5.402187
5.244713
5.135371
4.872087
5.019231
4.863176
5.142303
5.405788
5.222496
5.317481
5.222048
5.326355
5.450016
5.441889
5.270930
5.486720
5.436253
5.437982
5.809539
5.685321
5.343160
4.581960
5.250202
5.448925
5.193686
5.357516
5.362860
5.384812
5.426756
5.375566
5.434677
5.095732
4.904557
5.335706
5.405648
4.975827
5.037719
5.166478
5.241719
4.650555
4.831090
5.222598
5.039231
5.404833
5.156071
5.410920
5.649446
5.380388
5.395144
5.569356
5.588271
5.659685
5.575520
5.310579
5.288121
5.182557
5.263051
5.370682
5.472797
5.188638
5.281353
5.277352
5.283841
5.193984
5.403245
5.109821
5.067147
4.978412
5.118537
5.180970
5.448427
5.507982
5.416254
5.333689
5.209730
5.487651
5.437952
5.513388
5.417003
5.049306
4.953509
5.144824
5.249372
5.422496
5.161924
5.063073
5.285531
5.580287
5.493461
5.261512
5.235112
4.996917
5.178565
4.940130
4.664937
5.096887
5.137483
5.111464
5.085581
5.302412
5.570277
5.429869
5.440242
5.632746
5.207030
5.171656
4.752684
5.388792
5.099352
5.192223
5.338060
5.308881
5.994892
5.731856
5.707997
5.635655
5.653105
5.473074
5.439034
5.576360
5.657053
5.822779
5.534276
5.200958
5.010573
5.358604
5.263691
5.202350
5.111192
5.301373
5.323218
5.535981
5.459785
5.673447
5.867551
5.786707
5.799405
5.686213
5.214070
5.325359
5.007044
5.601068
5.644966
5.407066
5.182773
5.386703
5.297042
5.560226
5.496377
5.111964
5.469489
5.567910
5.379670
5.713860
5.702408
5.536306
5.632520
5.517166
5.675257
5.692424
5.327324
5.436181
5.493746
5.176129
5.520856
5.343729
5.543924
5.585485
5.570813
5.405498
4.932891
5.317858
5.257535
5.466343
5.440004
5.945635
5.487835
5.242677
5.192106
5.053510
5.185424
5.166860
5.353478
5.728250
5.974422
5.426377
5.360828
5.913897
5.653171
5.515096
5.309033
5.139853
5.122505
5.607666
5.649890
5.360551
5.527247
5.197752
5.346619
5.338750
5.361360
5.142326
4.964204
5.221120
5.139908
5.049472
5.154143
5.072207
5.092213
5.376614
5.428380
5.177049
5.475809
5.060868
4.911048
5.159296
5.002445
4.962067
5.179847
5.000448
4.955306
4.876537
5.157565
5.556791
5.451498
5.672454
5.463340
5.173367
5.310680
5.237349
5.452590
5.487042
5.608477
5.565682
5.461923
5.340868
5.243157
5.639788
5.637620
5.160026
5.157272
5.141657
5.629050
5.449189
5.794979
5.370341
5.198640
5.748806
6.048990
6.043801
5.633257
5.700462
5.684791
5.572362
5.512931
5.342465
4.975356
4.980182
4.835681
4.906543
4.892469
4.825983
4.894172
5.096575
5.379126
5.450859
4.996950
5.209698
5.254773
5.395126
5.144913
5.348056
5.335035
5.587066
5.660992
5.334329
5.572332
5.546248
5.272784
5.569116
5.254295
4.998788
4.738924
5.000918
4.799188
5.022122
5.335396
5.124294
5.286082
5.313959
5.554882
5.470925
5.412937
5.368077
5.377571
5.109978
5.404947
5.347653
5.557981
5.229405
5.377564
5.229702
5.188419
5.661871
5.828566
5.227276
5.085357
5.585569
5.274861
5.272556
5.581126
5.126481
5.427449
5.457150
5.598374
5.519680
5.582609
5.865152
5.675895
5.457852
5.582453
5.587728
5.195289
5.170288
5.220531
5.316780
5.110813
5.689257
5.222983
5.211407
5.614400
5.425288
5.460133
5.440034
5.553351
5.368702
5.666417
5.536372
5.566556
5.681984
5.475491
5.592041
5.758664
5.793901
5.685643
5.669022
5.304786
5.475142
5.413506
5.152361
5.017109
5.160142
5.511285
5.155090
5.181022
5.381213
5.512940
5.195866
5.647071
5.866277
5.623179
5.773211
5.625517
5.692830
5.684216
5.467945
5.849671
5.882629
5.809190
5.337200
5.383136
5.402513
5.436008
5.579129
5.298665
5.320495
5.663099
5.354241
5.617172
5.512353
5.485144
5.725318
5.445563
5.366287
5.452931
5.279986
5.456742
5.471914
5.441004
5.001848
5.250105
5.242168
5.242851
4.973472
5.154453
5.324021
5.627657
5.577602
5.640020
6.060486
5.617935
5.726379
5.801654
5.650628
6.008490
5.731630
5.725078
5.587909
5.470456
5.599868
5.405652
5.157219
5.367994
5.244419
5.013467
5.146435
5.157250
5.265632
5.648002
5.292889
5.490212
5.540946
5.771419
5.369167
5.398614
5.171431
5.292190
5.343119
5.674191
5.502173
5.410182
5.587943
5.209460
5.014167
5.164122
5.084398
5.285997
5.324206
5.290208
5.175229
5.705511
5.495361
5.514336
5.733993
5.556535
5.673351
5.680400
5.343970
5.592835
5.757495
5.429619
5.290238
5.381523
4.938688
5.106837
5.294299
5.192635
5.393513
5.459360
5.416358
5.551551
5.446311
5.361673
5.384469
5.527654
5.552119
5.572427
5.446536
5.168610
5.160572
5.291897
5.490079
5.894046
5.706221
5.281323
5.509417
5.569549
5.603236
5.225015
4.947130
5.188798
5.467155
5.533780
5.615112
5.413225
5.350503
5.132377
5.351793
5.271940
5.203918
5.279735
5.012426
5.279121
5.672826
5.571906
5.593822
5.696703
5.521273
5.738127
5.468864
5.675006
5.640580
5.615546
5.216215
5.107579
5.420868
5.369367
5.648024
5.401234
4.972947
5.257175
5.396335
5.214373
5.372193
5.279048
5.257764
5.441697
5.629019
5.445686
5.588417
5.724841
5.633574
5.308986
6.034473
5.843529
5.815826
5.662916
5.527162
5.328005
5.439416
5.252542
4.695783
4.973223
4.829329
5.124936
5.228290
5.169986
5.480472
5.738116
5.467898
5.355288
5.128514
5.135383
5.439400
5.380882
5.718028
5.621573
5.615757
5.163509
5.187151
5.222264
5.598358
5.479203
5.528899
5.363924
5.860219
5.597824
5.882333
5.471543
5.351070
5.301957
5.297269
5.003186
5.655158
5.515003
5.567184
5.224357
5.358710
5.519510
5.625698
5.571353
5.394160
5.800081
5.853743
5.449046
5.510407
5.504569
5.583824
5.397148
5.431353
5.307954
5.799142
5.607713
5.655999
5.664739
5.626586
5.432496
5.354732
5.202832
5.106918
5.474571
5.159132
5.524028
5.516725
5.195632
5.333846
5.330431
4.925975
5.124311
5.337727
5.207662
5.552985
5.034296
5.141217
5.762809
5.746330
5.536790
5.451737
5.505260
5.328687
5.330415
5.761005
5.767856
5.144803
5.441576
5.257096
5.169808
5.236430
4.798967
5.021019
4.892114
5.100111
5.264426
5.425607
5.317809
5.390876
5.331941
5.281694
5.224805
5.206740
5.238588
4.944570
4.732435
5.640149
5.028707
5.063288
5.160606
5.513358
5.271089
5.224626
5.157957
5.151286
5.550271
5.960605
5.774806
5.041003
5.325565
5.458380
5.419098
5.729112
5.683425
5.899951
5.609587
5.639404
5.661236
5.821150
5.260786
5.118804
5.269759
5.377452
5.481251
5.542467
5.756789
5.390576
5.074275
5.345711
5.268272
5.250322
5.273903
5.081491
5.083503
5.334444
5.380093
5.600977
5.546710
5.497407
5.856015
5.821863
5.628816
5.259327
5.302571
5.588808
5.077773
5.147839
5.162445
5.431190
5.664549
5.359857
5.305104
5.465177
5.557925
5.378191
5.885152
5.573841
5.270649
5.692311
5.555120
5.823564
5.681947
5.798807
5.610402
5.137872
5.450808
5.231552
5.153551
4.905104
4.991624
4.919927
5.158377
5.189305
5.433707
5.576248
5.521309
5.443575
5.641067
5.291665
5.656558
5.487900
5.368971
5.442367
5.259360
5.450664
5.437180
4.867941
5.037848
4.852998
5.016075
5.129736
5.419588
5.751795
5.457852
5.226707
5.463712
5.284148
5.481060
5.099667
5.049919
5.215472
5.338617
5.525467
5.315904
5.509586
5.848435
5.755637
5.753380
5.762711
5.433984
5.582003
5.029039
5.245151
5.352679
5.200028
4.945594
4.998638
5.144685
4.985628
5.779095
5.775933
5.522326
5.286885
5.407346
5.070491
5.140082
5.600534
5.671839
5.941943
5.497887
5.512290
5.089217
4.768044
4.872673
4.960395
5.385611
5.181873
5.013569
4.992898
4.934094
5.379775
5.390550
5.618083
5.100158
5.043168
5.085079
4.944152
5.363264
5.318712
5.268121
5.435496
5.212847
5.163046
5.392631
5.270328
5.635708
5.668505
5.539053
5.621190
5.312408
5.224694
5.275854
5.685239
5.616002
5.650597
5.682109
5.737777
5.899429
5.947524
5.756137
5.765233
5.580266
5.267046
5.449564
5.530886
5.078848
5.040188
5.023958
5.029119
5.095297
4.988806
5.271420
5.167070
5.448450
5.455567
4.978173
4.870634
5.356264
5.167499
5.102435
5.236964
5.428751
5.503965
5.164903
5.490011
5.465868
5.438628
5.421873
5.268097
5.284413
5.790579
5.289862
5.550077
5.896509
5.689006
5.619958
5.196143
5.244201
5.172731
5.449132
5.177697
5.080475
5.360806
5.241080
5.419593
5.302361
5.428046
5.128691
5.011183
4.830432
5.004903
5.231185
5.340580
5.515743
5.230869
5.270492
5.206767
5.169391
5.391530
5.384681
5.210075
5.090939
5.118832
5.210146
5.421220
5.565816
4.983131
5.154024
5.349212
5.304530
5.186310
5.416977
5.448879
5.671855
5.077729
5.234310
5.303911
5.346388
5.561815
5.616347
5.395506
5.375077
4.964962
5.112467
5.380289
5.471938
5.573182
5.783412
5.577831
5.588972
5.518561
5.374303
5.579249
5.413794
5.117588
5.164210
5.172513
5.495743
5.485277
5.361457
5.771282
5.897840
5.854223
5.349186
5.461047
5.395213
5.351503
5.126918
5.248840
5.473121
5.379686
5.444655
5.533039
5.198622
5.080727
5.594813
5.351692
5.237269
4.931271
5.157636
4.986266
5.221097
5.604796
5.262783
5.114366
5.157982
4.939213
4.771714
4.860713
5.189216
5.416060
5.217506
5.184862
5.432055
5.210975
5.177134
5.381926
5.038044
5.146514
5.126134
5.024152
5.178942
5.213380
5.100096
5.307092
5.208631
5.223421
5.078811
5.272718
5.349537
5.202836
4.983994
4.821961
4.915564
5.655333
5.877021
5.459990
5.538985
5.328073
5.132955
5.051319
5.348723
5.225389
5.126072
5.091069
4.808554
4.901061
5.116584
5.450968
5.153265
5.164229
5.473967
5.937742
5.433815
4.931373
5.463482
5.786470
5.104610
5.162764
5.180207
5.290540
5.388708
5.322624
5.390031
5.313275
5.546711
5.514084
5.557430
5.306771
4.862955
5.105875
5.036191
4.753788
4.848217
5.036696
5.249718
5.304706
5.518609
5.291330
5.342440
5.533210
6.021758
5.693448
5.508009
5.519626
5.051504
5.299020
5.428333
5.004187
5.295245
5.327459
5.340605
5.213279
5.305115
5.646387
5.442422
5.643959
5.316964
5.214852
5.457391
5.257010
5.480742
5.461813
5.363730
5.220737
5.253650
5.515847
5.464926
5.692166
5.519276
5.876445
5.817903
5.605738
5.404460
5.447235
5.626057
5.959221
5.574434
5.890409
5.759750
5.935721
5.714737
5.610501
5.585449
5.823411
5.607767
5.468321
5.427254
5.381909
5.294862
5.792267
5.375798
5.571977
5.783601
5.820945
5.514792
5.359068
5.212075
5.438811
5.589397
5.277205
5.120442
5.428571
5.574481
5.246093
5.228922
5.418104
5.136965
5.092701
5.249340
5.301770
5.250132
4.892467
5.098064
4.897588
5.055624
5.114539
5.611186
6.091616
6.167960
5.604111
5.662766
5.551546
5.163501
5.083241
5.384991
5.321111
5.016189
5.513791
5.498500
5.618666
5.493327
5.674611
5.735184
5.473799
5.185470
5.182145
5.410646
4.981843
5.115882
5.502109
5.608621
5.478709
5.433850
5.227066
4.967291
5.128434
5.251526
5.179717
5.168646
5.167243
4.991542
5.256859
5.316894
5.552212
5.341288
5.506579
5.498817
5.039183
5.116080
5.443496
5.327137
5.327763
4.924777
5.301278
5.458592
5.274657
4.800559
5.212412
5.149262
5.238381
5.514428
5.308380
5.789847
5.464162
5.262988
5.205332
5.531905
5.738085
5.515592
5.281909
5.381601
5.252265
5.436081
5.362756
5.127420
5.094505
5.003848
5.210032
5.224806
5.268749
5.641726
5.990991
5.474350
5.521391
5.671323
5.488940
5.550258
5.630038
5.269168
5.182817
5.027149
5.167439
4.967229
5.002776
5.286200
5.385863
5.053339
4.944251
5.036271
5.218849
5.307452
5.489236
5.509679
5.364450
5.131791
5.845067
5.860507
5.611812
5.182981
5.504893
5.381865
5.367072
5.267471
5.330707
5.313943
5.597358
5.304120
5.450017
5.727643
5.641525
5.583262
5.652754
5.868865
5.501419
5.446607
5.086446
5.535485
5.627304
5.737661
5.028617
4.951736
4.810138
4.667862
4.941857
5.148894
5.057356
5.177369
5.112766
5.454889
5.136247
5.078600
5.312317
5.292319
5.300551
5.271123
4.935778
5.260997
5.075839
5.220513
5.335808
5.661283
5.314815
5.302685
5.424470
5.480386
5.241358
5.133998
5.257779
5.248472
5.113838
5.079526
5.279219
5.205297
5.026671
5.153390
5.181222
5.304141
5.290744
5.052552
5.128673
5.258830
5.234063
5.359535
5.270963
5.489721
5.539684
5.502521
5.482992
5.148999
5.057986
4.923272
4.985808
5.277090
5.319569
5.111588
5.281188
5.515260
5.783582
5.672019
5.212867
5.402106
5.519934
5.300673
5.301224
5.626698
5.316756
5.356934
5.487368
5.720810
5.525786
5.787307
6.175019
5.894652
5.525970
5.649459
5.849307
5.633689
5.426849
5.309179
4.976589
5.229870
5.903623
5.118690
5.406675
5.364760
5.585544
5.253948
5.526556
5.631390
5.615108
5.361665
5.432350
5.041059
5.079993
5.126002
5.280862
5.470337
5.645679
5.405262
5.697684
5.425556
5.301268
5.589156
5.553024
5.288056
5.425236
5.355366
5.412620
5.512572
5.562565
5.382074
5.035754
5.218679
5.094053
5.362227
5.623728
5.666088
5.717236
5.479197
5.490268
5.437985
5.237431
5.320198
5.403164
5.425447
5.344106
5.457419
5.246919
4.999152
4.886096
5.076389
5.082632
5.236416
5.303366
5.276564
5.400872
5.505033
5.437656
5.234075
4.969568
5.131702
5.220675
5.424217
5.228531
5.609007
5.186566
5.111959
5.082009
5.057686
5.215117
5.415505
5.386296
5.341877
5.439110
5.256925
5.264343
5.263258
5.272121
5.632374
5.482809
5.515843
5.674587
5.286946
5.355979
5.473199
4.946838
5.267412
5.090497
5.413375
5.577223
5.587743
5.576091
5.498149
5.371919
5.510373
5.605339
5.728726
5.752806
5.604074
5.889106
5.394277
5.534906
5.304717
5.434923
5.454764
5.415858
5.511239
5.532659
5.556969
5.218853
5.275948
5.338788
5.403022
5.297089
5.291943
5.428059
5.618629
5.423372
5.304627
5.162886
5.094365
5.088568
5.242925
5.088916
5.309665
5.713034
5.269704
5.385792
5.200687
5.391091
5.384508
5.477012
5.680386
5.529729
5.469877
5.368997
5.097603
5.448169
5.350680
5.190113
5.166602
5.782160
5.597392
5.542544
5.134966
5.020865
5.139458
4.987185
5.412206
5.092425
5.324273
5.318678
5.226421
5.239816
5.382270
5.395130
5.309123
5.419056
5.186183
4.962634
5.538935
5.517570
5.196413
5.165403
5.271719
5.079166
5.188295
5.676068
5.793676
5.358503
5.656385
5.502689
5.078303
5.247785
5.673012
5.520578
5.483003
5.240849
5.441525
5.310086
5.255080
4.843440
4.928684
5.047799
5.194592
5.234553
5.858257
5.818473
5.578114
5.607167
5.358409
5.034404
5.443838
5.164635
5.163961
5.298081
4.984913
5.094242
5.383111
5.430908
5.389204
5.389254
5.340363
5.567465
5.071885
5.390878
5.119120
5.027510
5.104501
5.161558
5.233161
5.188497
5.450581
5.102956
5.299968
5.351332
5.190864
5.370777
5.271374
5.217931
5.683730
5.647358
5.467970
5.783569
5.511855
5.190693
4.969478
4.715761
5.004054
5.001130
4.654995
4.879958
4.870331
4.980145
5.859608
5.953541
5.391134
5.428972
5.020512
5.198451
5.385958
5.516311
5.718914
5.386453
5.240962
5.091708
5.278010
5.377746
5.286823
5.566531
5.912731
5.008814
4.765185
4.860158
4.670273
5.054655
5.141994
5.302034
5.035713
5.099463
5.087373
5.112285
5.323326
5.289689
5.129450
5.402743
5.485256
5.230931
5.476081
5.447284
5.311386
5.766818
5.257381
5.370357
5.347211
5.344369
5.338221
5.057318
5.135350
4.987518
5.003523
4.883544
4.943058
5.232030
5.120550
5.041796
4.975046
5.216704
5.688302
5.115501
5.018222
5.437775
5.616774
5.576289
5.196947
5.347068
5.406644
5.471182
5.320665
5.190746
5.231172
5.414696
5.225664
5.155159
4.772694
5.507073
5.722072
5.597042
5.522698
5.571232
5.578050
5.735354
5.690441
5.583567
5.642286
5.672496
5.453187
5.164088
5.154443
5.741913
5.270071
5.097604
5.185308
5.098620
5.192475
5.308881
5.068924
5.043708
5.231056
5.454967
5.730134
5.090139
5.298149
5.398133
4.999129
4.970886
5.293910
5.375770
5.331954
5.560137
5.476100
5.427495
5.468838
5.312567
5.477904
5.110664
5.591901
5.305761
5.653028
5.419028
5.702744
5.595976
5.499606
5.555132
5.053799
4.846244
5.063692
5.251059
5.165843
5.235966
5.335062
5.576244
5.402004
5.525969
5.646868
5.677206
5.484156
5.382640
5.483692
5.516912
5.527588
5.741161
5.510259
5.716200
5.597458
5.617539
5.368747
5.408810
5.417754
5.122906
5.194718
5.450421
5.139767
5.301261
5.228481
5.381716
5.428520
5.661193
5.298836
5.291385
5.167380
5.904752
5.611893
5.461496
5.500331
5.315993
5.155047
4.761674
5.013973
5.115415
5.265607
5.218516
5.482571
5.299817
5.361455
5.340727
5.428068
5.516697
5.257875
5.470754
5.668781
5.744285
5.807453
5.677935
5.675709
5.658243
5.580689
5.551238
5.365469
5.621923
5.344248
5.592245
5.453216
5.480902
5.271516
5.568403
5.434471
5.549396
5.379362
5.567540
5.447377
5.089328
5.550735
5.383277
5.179275
5.342673
5.349142
5.691855
5.686852
5.577298
5.874419
5.594332
5.934262
5.901427
5.740092
5.447312
5.644956
5.411934
5.609679
5.549680
5.141966
4.955940
5.160261
5.071655
5.477222
5.427354
5.219711
5.252217
5.198737
5.012481
5.311619
5.661019
5.668908
5.521353
5.564484
5.215713
5.029287
5.018932
5.490497
5.479893
5.105079
5.390612
5.394845
5.030768
5.131895
5.316270
5.114090
4.978991
5.387550
5.286795
5.693764
5.661173
5.252817
5.267724
5.300145
5.375055
5.650191
5.519240
5.064973
5.099763
5.173420
5.003520
5.111363
5.242738
5.375494
5.237249
5.296843
5.147158
5.460493
5.425931
5.294720
5.605710
5.667342
5.514290
5.539500
5.646495
5.341792
5.546727
5.345742
5.585657
5.449925
5.428168
5.367076
5.467460
5.105083
5.317016
5.694911
5.365722
5.329827
5.671791
5.415204
5.429102
5.338646
5.262290
5.181296
5.000784
5.437648
5.731607
5.523398
5.196811
5.308967
5.314984
5.234368
5.373177
5.554394
5.610012
5.663110
5.629029
5.293489
5.535989
5.514963
5.370490
5.269317
5.180323
5.415132
5.138054
4.951602
5.327266
5.279127
5.119966
5.370825
5.236249
5.683525
5.656829
5.275057
5.295542
5.420338
4.998285
5.411272
5.018347
5.066776
4.978961
5.308953
5.333469
5.235482
5.003530
5.334580
5.381525
5.136837
5.213780
5.180110
5.461905
5.471931
5.255651
5.297373
5.226076
5.253819
5.138395
5.140216
5.213286
5.295313
5.054657
5.257271
5.421456
5.590897
5.571818
5.610353
5.332518
5.781746
5.344659
5.450319
5.956064
5.821372
5.558439
5.263696
5.304478
5.481117
5.323414
5.023264
4.965116
5.067141
5.191959
5.328603
5.245299
5.238652
5.375655
5.313118
5.302330
5.274963
5.130213
5.270860
5.285609
5.490382
5.299640
5.451185
5.789166
5.808225
5.578554
5.357297
5.542488
5.287535
5.654883
5.479348
5.374519
5.575434
5.843533
5.657744
5.402899
5.259707
5.243929
5.102326
5.025326
4.979994
5.144500
5.018842
5.271908
5.451118
5.350097
5.216739
5.330754
5.487198
5.496636
5.519417
5.583549
5.450414
5.407857
4.968268
5.168641
5.047997
5.166174
5.213680
5.288045
5.087390
5.489568
5.166331
5.514775
5.240039
5.474328
5.478898
5.528470
5.532685
5.405820
5.501002
5.729572
5.758329
5.544902
5.151719
5.499466
5.244771
5.067839
5.114104
5.369666
5.133173
5.234089
5.412352
5.694374
5.682370
5.981531
5.171619
5.297227
5.592533
5.158967
4.981962
5.218238
5.402701
5.547564
5.292888
4.811971
5.194524
5.392147
5.099327
4.986916
5.345257
5.551552
5.354790
4.943306
4.829038
5.320922
5.498641
5.583581
5.287352
5.142069
5.280320
5.380163
5.284013
5.602910
5.613773
5.649793
5.623260
5.799265
5.486808
5.400991
5.405627
5.641769
5.664360
5.573933
5.779674
5.546950
5.435100
5.673991
5.442345
5.362031
5.194759
5.346820
5.401464
5.378741
5.372919
5.233419
5.390182
5.560140
5.596777
5.400122
5.355727
5.493040
5.715513
5.730561
5.833359
5.172043
5.134408
5.072928
5.183865
5.389665
5.794018
5.564038
5.291428
5.332863
5.326135
5.385554
5.340655
5.330345
5.377416
5.231771
5.274173
5.317302
5.436519
5.274806
5.259306
5.169461
5.611703
5.592696
5.428171
5.636526
5.152079
4.998959
4.898181
5.181452
5.631288
5.589258
5.651374
5.452470
5.181198
5.223278
5.292373
5.549562
5.523295
5.722316
5.942985
5.964561
5.751957
5.617350
5.116601
5.085203
4.853183
5.183970
5.262808
5.349232
5.031128
5.018050
5.297720
5.565577
5.626824
5.367573
5.486748
4.963498
4.784475
5.115316
5.476777
5.598855
5.415985
5.366511
5.611867
5.778115
5.712166
5.268576
5.497075
5.828074
5.639907
5.562917
5.047836
5.077045
4.972985
5.145866
5.313265
4.962003
4.919846
5.268934
5.082196
5.319961
5.294809
5.131133
4.968521
5.228259
4.898775
5.340500
5.604748
5.455220
5.439322
5.438089
5.182109
5.084183
5.198723
5.116640
5.202949
5.253653
5.195424
5.120913
4.941547
5.098901
5.105087
5.033634
5.063338
5.142991
5.509333
5.278307
5.437766
5.849546
5.841705
5.508266
5.539750
5.527758
5.392785
5.133664
4.934325
5.405677
5.141279
5.477115
5.677583
5.496291
5.391007
5.302949
5.255799
4.993769
5.576777
5.344137
4.773276
4.942608
5.170881
5.509267
5.208307
5.472420
5.655232
5.223706
5.391390
5.368260
5.806146
5.513032
5.599851
5.567915
5.609422
5.661697
5.681235
5.650959
5.844617
5.519903
5.148799
5.514481
5.612286
5.482155
5.424752
5.148674
5.072259
5.120547
5.227922
5.128515
5.362292
5.462357
5.397891
5.602333
5.620603
5.505147
5.775351
5.919367
5.320799
5.357366
5.391553
5.682200
5.643192
5.536617
5.523161
5.497031
5.386146
5.336890
5.201517
5.205057
5.228269
5.988565
5.881558
5.911807
5.598209
5.674537
5.800298
5.922007
5.643343
5.594603
5.148489
5.186410
5.726846
5.484484
5.444281
5.440224
5.199921
5.364366
5.395343
5.262537
5.292514
5.135690
5.410098
5.115918
5.539830
5.638418
5.605508
5.449570
5.503391
5.144902
5.207857
5.569740
5.552151
6.090223
5.791081
5.386711
5.209533
5.268089
5.226311
5.049362
4.993854
5.161068
5.105115
5.332423
5.480866
5.391635
5.052826
5.412298
5.445968
5.343697
5.462723
5.279626
5.316290
5.525754
5.342669
5.191982
5.158280
5.041881
4.974917
5.089611
4.864580
5.027542
4.922327
5.051469
4.888847
5.098041
5.312400
4.974888
5.098706
5.041121
5.240648
5.645753
5.658896
5.700475
5.389402
5.605507
5.517163
5.474758
5.552486
5.722406
5.415167
5.563565
5.337366
5.002174
5.070885
5.152138
5.090414
5.091270
5.334245
5.421038
5.652103
5.450161
5.380044
5.555993
6.036225
5.540617
5.251066
5.028336
5.092072
5.515611
5.259680
5.141038
5.290274
5.290119
5.366475
5.555880
5.486258
5.868166
5.625728
5.815730
5.642427
5.408115
5.223451
5.194156
5.337442
5.176211
5.222472
5.522068
5.403770
5.295349
5.283395
5.494305
5.211931
5.276268
5.399661
5.798713
5.432327
5.573131
5.914005
5.896137
5.882020
5.719614
5.860250
5.475594
5.463486
4.903259
5.335889
5.493425
5.200281
5.123617
5.349953
5.112156
5.012169
5.269866
4.968680
5.182125
5.275344
5.291541
5.713110
5.802866
5.505329
5.603666
5.622542
5.245697
5.360905
5.202396
5.274814
5.365997
5.022747
5.171001
5.500343
5.548837
5.291614
5.125998
5.423747
5.262354
4.897998
5.171170
5.131634
5.152731
5.335426
5.532567
5.513487
5.355020
5.658227
5.564010
5.510795
5.447825
5.589044
5.509214
5.383701
5.416539
5.536156
5.694626
5.848740
5.743445
5.724629
5.747509
5.894455
5.399534
5.656261
5.503085
5.104245
5.123491
5.526013
5.412312
5.392131
5.318248
5.429365
5.540888
5.140371
5.151657
5.473188
5.845950
5.548330
5.901404
5.646025
5.147723
5.214467
4.997728
5.185380
5.511997
5.568757
5.612093
5.448076
5.388774
5.625218
5.740713
5.429363
5.349185
5.351072
5.521520
5.595746
5.491982
5.357389
5.558208
5.498612
5.386173
5.374477
5.342936
5.445600
5.551367
5.359413
5.536632
5.419294
5.303936
5.341440
5.415841
5.435823
5.435184
5.637059
5.629173
5.379055
5.171563
5.074734
5.328657
5.185914
4.999521
5.282901
5.212994
5.183718
5.749740
5.617426
5.618439
5.443572
5.160672
5.701585
5.569961
5.353734
5.402612
5.109851
5.163524
5.240060
4.981834
5.402636
5.264561
5.047758
4.816687
5.167556
4.858782
5.152218
5.410778
5.261192
5.479102
5.804330
5.448951
5.622891
5.449590
5.530911
5.558733
5.293870
5.390196
5.099664
5.503698
5.427799
5.286045
5.675455
5.463544
5.612162
5.739052
5.668873
5.491342
5.447916
5.403623
5.753462
5.598065
5.409482
5.522612
5.323104
5.082339
5.360073
5.464959
5.316317
5.307561
5.266078
5.318657
5.169868
5.347177
5.220759
5.189353
4.871580
5.321912
5.119088
5.219958
5.254711
5.177712
4.883124
5.209805
5.380893
5.426185
5.295196
5.601910
5.463619
5.545359
5.445058
5.558625
6.143600
5.735440
5.986506
5.479451
5.457967
5.806892
5.679522
5.623733
5.253546
5.284291
5.553384
5.191106
5.882043
5.862824
5.475630
5.506012
5.243610
5.469723
5.260015
5.324766
5.290457
5.294588
5.281487
5.261571
5.525192
5.368797
5.400403
5.295743
5.789330
5.600805
5.394384
5.292921
5.317671
5.262011
5.340670
5.211427
5.346601
5.345653
5.268124
5.469806
5.409281
5.376999
4.990709
5.421461
5.555237
5.647719
6.016269
6.024907
5.438374
5.619219
5.514230
5.178976
5.320860
5.582333
5.546604
5.346543
5.558774
5.467640
5.291699
5.215360
5.489008
5.716419
5.504289
5.582464
5.201017
5.410188
5.554251
5.739456
5.737745
5.410222
5.346856
5.194145
5.323610
5.398077
5.365892
5.118669
5.609282
5.633628
5.471598
5.530035
5.508976
5.052517
5.323245
5.394472
5.422851
5.067831
4.967902
5.176483
5.151694
5.317130
5.374597
5.198946
5.179282
4.940590
5.777108
5.911480
5.217987
5.257434
5.320166
5.120327
5.349105
5.287268
5.003880
5.323293
5.341579
5.301936
5.138125
5.295374
5.573680
5.116585
5.206810
5.446288
5.491156
5.866858
5.314683
5.651822
5.154578
5.456188
5.603639
5.740457
5.449912
5.179314
5.282885
5.667258
5.592040
5.616334
5.820335
5.838061
5.627919
5.734591
5.584291
5.590929
5.559133
5.592735
5.384791
5.485994
5.516783
5.434103
5.193008
5.398494
5.331653
5.639625
5.672054
5.611842
5.497540
5.577884
5.393633
5.058665
5.280886
5.770558
5.549438
5.059699
5.130251
5.559999
5.637497
5.848185
6.024457
5.476167
5.390875
5.354570
5.063608
5.185088
5.107974
5.286001
5.252024
5.080467
5.078642
5.064806
5.008883
5.170038
5.126970
5.587502
5.787022
5.621880
5.586410
5.709866
5.559357
5.562740
5.545574
5.497999
5.237011
5.154505
5.000513
5.028573
5.185751
5.205108
5.321077
5.057248
5.105000
5.187308
5.213963
5.490848
5.333457
5.280230
5.380347
5.362688
5.476561
5.670178
5.279823
4.804231
4.837941
5.162319
5.343912
5.462644
5.579171
5.754434
5.765330
5.496806
5.526454
5.650089
5.556509
5.409771
5.428763
5.371533
5.284162
5.392467
5.347027
5.632490
5.326714
5.473392
5.520024
5.379384
5.492697
5.725000
5.802914
5.531757
5.651565
5.716274
5.839736
5.658703
5.554445
5.433383
5.736579
5.770484
5.622626
5.473603
5.592201
5.826918
5.619001
6.228974
5.588628
5.458246
5.743301
5.432555
5.267303
5.077739
5.138555
4.957690
5.155269
5.006029
5.094781
5.071091
5.013151
4.831461
5.034835
4.995929
5.028642
5.467668
5.071878
5.074317
4.987326
5.518628
5.484447
5.310765
5.370434
5.736601
5.573750
5.397413
5.313286
5.292463
5.400098
5.344014
5.571304
5.691543
5.859693
6.193452
6.116687
5.694534
5.681280
5.483399
5.429666
5.518544
5.170089
4.890928
5.217571
5.223165
5.404039
5.400854
5.509673
5.366176
5.670730
5.723896
5.601244
5.727458
5.328328
5.537526
5.391206
5.184104
5.453656
5.257265
5.365800
5.149210
5.087427
5.059831
5.351227
5.349840
5.202320
5.196937
5.361198
5.383655
5.302298
5.471607
5.295543
5.441897
5.599803
5.567473
5.400764
5.863063
5.362496
5.710902
5.608465
5.124078
5.213413
5.301659
4.913596
5.270813
5.412785
5.210813
5.007589
5.145749
4.947095
5.188293
5.387531
5.382798
5.403724
5.201520
5.290300
5.342902
5.578546
5.585357
5.510301
5.660856
5.694123
5.412819
5.636215
5.818529
6.054971
5.578709
5.793789
5.444884
5.223795
5.442435
5.392639
5.347444
5.558892
5.451837
5.154283
5.019001
4.991426
5.040584
5.494126
5.474557
5.471447
5.640466
5.645883
5.377750
5.402207
5.391683
5.684681
5.490898
5.889649
5.649064
5.591596
5.402905
5.545638
5.600775
5.989981
5.487242
5.333211
5.329496
5.438825
5.274136
5.376320
5.139573
5.139370
5.152916
5.178325
5.192064
5.356647
5.511425
5.452976
5.812222
5.600358
5.699966
5.377786
5.090270
5.241232
5.180533
5.085698
4.822698
5.330961
5.335128
5.616658
5.432987
5.588388
5.347329
5.602254
5.085124
5.289537
5.140115
5.194976
5.439441
5.197103
4.939848
5.503834
5.557931
5.611698
6.053622
5.433274
6.052893
5.798010
5.584294
5.568846
5.458719
5.335579
5.167113
5.307251
5.408704
5.045357
5.070183
5.110786
5.206412
5.254547
5.509930
5.149120
5.053454
5.409726
5.443099
5.436373
5.088339
5.306452
5.038313
5.522103
5.525439
5.229534
5.299432
5.272948
4.839166
5.028877
5.271896
5.212099
5.434239
5.147555
5.081643
5.393283
5.698617
5.653531
5.631257
5.610442
5.325489
5.161965
5.121212
5.423386
5.303544
5.398747
5.365838
5.402413
5.474375
5.580770
5.665161
5.644664
5.669093
5.608592
5.121173
5.381221
5.817208
5.457099
5.497984
5.063384
5.204598
5.131047
5.303820
5.092158
5.455004
5.468376
5.203886
4.958500
5.308082
5.139157
5.416378
5.197953
5.084730
5.275640
5.721800
5.770392
5.703213
5.344588
5.585297
5.384189
5.646853
5.467610
5.144106
5.508106
5.314671
5.405935
5.365464
4.978053
5.115344
5.265956
5.305091
5.221756
5.365676
5.372811
5.461607
5.357664
5.425463
5.847571
5.687386
5.294451
5.413176
5.692780
5.409374
5.315086
5.121616
5.480901
5.189102
5.347532
5.534729
5.381930
5.581001
5.752912
5.754629
5.372212
5.279848
5.235612
5.272482
5.543041
5.297609
5.107250
5.037285
5.342607
5.677523
5.501326
5.205634
5.228408
5.310407
5.240254
5.511868
5.364334
5.195887
5.074934
5.310879
5.238276
5.189949
5.322504
5.185454
5.171525
5.359659
4.987618
5.138654
5.458914
5.583363
5.577856
5.456175
5.646335
5.083105
5.447658
5.481991
5.584688
5.519907
5.621762
5.650036
5.436001
5.475165
5.292157
5.369915
5.099387
5.000133
5.060179
5.136634
5.215170
5.544596
5.341258
5.312298
5.560685
5.684025
5.089865
5.491601
5.585253
5.798916
5.578286
5.360059
5.411814
5.670486
5.826147
5.541049
5.182048
4.721425
4.929657
5.156273
5.263946
5.617536
5.155620
5.111677
5.251135
5.465962
5.731174
5.868514
5.653112
5.299926
5.381915
5.316659
5.210773
5.506566
5.595016
5.416937
5.406662
5.354366
5.526690
5.459986
5.223214
5.177356
5.621060
5.549342
5.051893
5.300939
5.425628
5.423074
5.278925
5.696281
5.567060
5.706877
5.419295
5.541286
5.700104
5.447313
5.359816
5.146830
5.094000
5.151307
5.280150
5.443945
5.551169
5.342752
5.546001
5.307518
5.300140
5.500018
5.393842
5.570936
5.284111
5.223601
4.887186
4.955784
5.361755
5.080271
5.311538
5.471692
5.114443
5.443135
5.243613
5.017142
5.249983
5.140865
5.051120
5.349245
5.580285
5.451630
5.602575
5.809226
5.158233
5.499513
5.577867
5.446914
5.470095
5.493921
5.559041
5.527218
5.406508
5.534755
5.155364
5.410405
5.596772
5.429040
5.443903
5.547315
5.365038
5.429219
5.310799
5.204037
5.347947
5.443447
5.114197
5.173109
5.093907
5.341345
5.193639
5.143059
5.278995
5.160018
5.134330
5.133059
4.849593
5.004917
4.631660
5.024978
5.153236
5.138036
5.305737
5.268231
5.262709
5.037296
5.543673
5.309407
5.692208
5.388500
5.268128
5.092226
5.438528
5.291537
5.073818
5.227735
5.297600
5.250158
5.468992
5.318466
5.556655
5.501943
5.646206
5.296901
5.221376
5.258709
4.739267
4.888698
5.194684
5.194257
5.449409
5.513942
5.357818
5.356499
5.613810
5.771047
5.705098
5.295660
5.300849
5.594544
5.494592
5.457216
5.158029
5.364265
5.230403
5.115000
5.368577
5.085567
4.906819
4.813898
4.664681
4.543286
4.593164
4.935593
5.082079
4.944614
5.402791
5.253823
5.390874
5.555554
5.589927
5.365901
5.488657
5.316704
5.362603
5.343395
5.747985
5.235782
5.218480
5.264795
5.397663
4.929637
5.178157
5.826396
5.719953
5.618374
4.969788
5.342446
5.644629
5.563364
5.779498
5.631823
5.341115
5.263043
5.368015
5.155229
5.095521
5.042693
5.442931
5.304768
5.275898
5.212247
5.194543
5.441324
5.129144
5.035350
4.957061
5.259238
5.588957
5.673042
5.522210
5.632799
5.449189
5.320973
5.557266
5.508265
5.454599
5.500657
5.712495
5.693235
5.479250
5.713421
5.219827
5.345281
5.566754
5.500778
5.723326
5.600239
5.279476
5.308636
5.475555
5.282382
5.323795
5.239254
5.496267
5.020394
5.186684
5.363594
5.458046
5.180250
5.330220
5.348088
5.233057
4.979653
5.073188
5.210448
5.450445
5.688791
5.310484
5.283054
5.214904
5.318898
4.957435
5.208360
5.624468
5.554025
5.504041
5.474462
5.298807
5.363269
5.471892
5.185109
4.980554
5.286851
5.393668
5.418146
5.176221
5.331979
5.499772
5.243825
5.129845
5.343770
5.728980
5.723041
5.385407
5.042546
5.184004
5.425318
5.143308
5.235415
5.424696
5.197926
5.276423
4.981654
5.133842
5.170567
5.020269
4.814484
5.010716
5.140021
5.271012
5.265036
5.465287
5.326663
5.172790
5.342572
4.912580
5.609312
5.567609
5.932093
5.788848
5.225140
5.297884
5.125388
5.419649
5.442927
5.272142
5.472673
5.451868
5.767241
5.894577
5.353928
5.140009
4.814000
5.131304
5.316560
5.287042
5.423820
5.633974
5.694590
5.447038
4.988311
5.074915
5.125927
5.047477
5.257079
5.198017
5.038283
5.149974
5.135943
5.237371
5.633679
5.334632
5.353443
5.320122
5.603537
5.301376
5.603816
5.452984
5.791909
6.211727
5.639457
5.646971
5.470536
5.422711
5.426124
5.394516
4.989097
4.839570
5.153441
5.300266
5.240238
5.355542
5.330399
5.023857
5.375207
5.187298
5.272938
5.904162
5.356159
5.178359
5.390927
5.483678
5.440527
5.497390
5.509926
5.268654
5.383370
5.327426
5.351839
5.524371
5.616757
5.527021
5.209216
5.416491
5.263401
5.139912
5.267039
5.507605
5.560426
5.454122
5.310891
5.158566
5.576803
5.351081
5.048941
5.350444
5.434085
5.206433
5.402575
5.521745
5.175911
5.578466
5.290015
5.429368
5.643350
5.631502
5.602367
5.785853
5.518637
5.688594
5.354817
5.532676
5.679398
5.587086
5.300401
5.269888
5.049606
5.377421
5.487768
5.506361
5.446700
5.402698
5.682009
5.388809
5.292512
5.534035
5.702890
5.767292
5.639351
5.421357
5.638084
5.372567
5.531478
5.387543
5.567637
5.487361
5.486092
5.419344
5.007748
5.392571
5.449077
5.502973
5.134838
5.110316
5.197405
5.163480
4.945923
5.075692
4.862423
4.839277
5.283635
5.202998
4.763532
4.894348
5.103865
5.102971
5.368204
5.739674
5.420837
5.306201
5.177810
5.085095
5.260893
5.265764
5.426093
5.191660
5.377191
5.414527
5.473665
5.535138
5.507658
5.384114
5.330261
5.511891
5.548897
5.585920
5.325050
5.443499
5.187379
5.395278
5.410261
5.235394
5.308579
5.126648
5.291856
5.212147
5.264772
4.766615
4.895913
5.217087
5.247938
5.815229
5.487690
5.161347
4.873369
5.076398
5.208352
5.415551
5.575239
5.654189
5.757904
5.822839
5.486404
5.771039
5.718457
5.783444
5.524001
5.176322
5.293639
5.525884
5.767181
5.426723
5.617560
5.297685
5.850332
5.649239
5.636911
5.478714
5.162437
5.180591
5.375722
5.266011
5.397787
5.401909
5.206106
5.293529
5.445817
5.465475
5.439265
5.419189
5.461790
5.440657
5.908421
5.941937
5.353304
5.392308
5.461793
5.418759
5.437857
5.519694
5.695372
5.606380
5.520745
5.610244
5.469811
5.364223
5.340689
5.509910
5.448051
5.860417
5.545733
5.474838
5.664896
5.669650
5.404272
5.228440
5.678113
5.518186
5.715154
5.615042
5.475096
5.495012
5.457907
5.418263
5.612263
5.485609
5.209039
5.425199
5.463839
5.607769
5.239158
5.019844
4.966840
5.939725
6.358802
5.610284
5.410501
5.357767
5.470042
5.370586
5.169073
5.309029
5.119235
4.879838
5.432620
5.341908
5.566701
5.134515
5.359648
5.004698
5.069592
5.246934
5.325583
