0.492127
158.204210
0.722669
-0.655530
0.418941
220.209135
-0.166144
-1.433380
1.092568
-178.524820
1.498954
0.498589
1.107965
13.670478
-0.572809
-1.823073
-0.194406
565.990928
2.366268
1.084050
1.039642
-65.584098
0.252753
-1.294675
0.367573
312.839683
-0.630906
-1.802222
0.823983
143.084619
0.080621
-1.300675
1.233558
-173.907381
1.628755
0.437609
0.094245
526.862008
-0.716608
-1.998170
0.603851
204.100304
0.763928
-0.284140
0.202389
419.851794
0.547791
-0.823102
1.376765
-245.933452
0.241266
-1.396531
0.292797
243.247388
0.627855
-0.624158
0.944756
-117.485664
2.494194
1.279322
0.984997
65.345563
-1.992740
-2.902116
1.356435
-170.385500
0.662579
-0.381766
0.543390
225.607695
1.726135
0.176348
-0.175142
565.344363
1.152875
-0.230778
0.967991
104.328824
0.767701
-0.841988
0.939282
26.707130
-0.965995
-2.449534
0.718796
116.289327
1.070750
-0.162308
0.394883
151.247649
1.603305
-0.156854
1.272234
-98.474783
0.076569
-1.121146
1.309832
-100.443912
-1.576294
-2.761880
1.247878
-279.630188
1.009835
-0.159194
0.461384
7.640346
1.483933
0.125823
0.797378
27.705472
1.437197
0.229400
0.920035
-90.376200
0.079153
-0.771952
1.082490
-262.050309
1.750913
0.871424
0.667882
93.530119
0.556311
-0.492738
0.932480
20.504410
0.199651
-0.739635
1.175189
-140.483253
1.687167
0.336152
1.118440
-41.461358
0.063884
-1.497748
1.314142
-137.367707
1.854879
0.562381
0.542338
10.696517
3.977973
2.736850
0.787140
25.142393
1.554420
0.270217
0.607947
276.672866
-0.714719
-1.764295
0.778289
-114.836322
2.312001
1.316703
0.385318
373.701298
-0.452256
-1.783457
1.230206
58.208417
-0.926137
-1.911803
0.580710
150.268278
1.854049
0.414617
0.932061
106.635498
-0.498095
-1.795221
0.050864
331.750681
0.723561
-0.936834
0.320042
348.871226
1.441165
0.039382
0.772642
146.251542
-0.134052
-1.536830
0.944842
-28.482065
0.972436
-0.346190
0.671549
146.921463
-0.735333
-1.838007
1.028057
-272.299399
3.066861
1.720495
0.696215
-76.464742
2.130732
0.873798
0.523266
158.789952
1.384397
0.199237
0.647326
50.088955
2.977317
1.789686
0.290571
274.460494
1.695393
0.527545
0.500876
186.288273
2.059112
0.463389
0.523548
177.883158
1.689768
0.748764
1.377808
44.187146
0.316852
-1.666088
0.599757
181.816547
-1.128362
-2.155498
0.963594
-35.021157
0.544532
-0.770106
0.299706
320.666272
2.302618
0.710902
0.618781
139.065433
0.060580
-1.480471
0.899794
23.249273
0.080498
-1.375143
1.485478
-543.908127
2.765706
2.132538
0.621009
141.434418
1.346803
0.189091
0.986463
68.141616
-0.065668
-1.317944
0.510106
207.619436
0.307734
-1.053213
0.375827
249.323800
0.899650
-0.336314
2.231410
-699.691368
-1.436003
-2.190690
0.920556
5.440690
1.612130
0.501324
-0.109821
519.092647
0.503075
-0.748844
0.762562
164.153024
-1.580541
-2.780711
0.014940
234.187278
2.056879
1.168544
-0.141943
432.265707
1.889599
0.562143
0.036597
368.591452
2.917636
1.379999
1.721914
-582.848733
0.085201
-0.752457
1.147741
-119.370421
1.323182
-0.305160
0.204842
253.074899
2.679310
1.580949
0.552998
151.065889
2.228789
0.871457
0.182033
434.031189
1.722070
0.197544
1.440761
-234.006850
-0.011429
-1.220238
1.474926
-313.851150
0.105040
-0.851642
1.053160
-71.131322
-0.339223
-1.691576
-0.074476
729.310881
-0.463295
-1.972639
0.307151
325.591854
2.254870
1.081859
1.384272
-218.475726
-0.011303
-1.336616
0.833703
-42.927227
0.405447
-0.664360
1.537500
-326.388011
-0.713008
-1.796922
0.488302
147.488738
-0.215110
-1.200544
0.364386
192.179735
-0.470157
-1.718935
1.201434
-184.721949
0.545585
-0.876947
0.845924
74.593027
-1.263448
-2.480581
0.658341
118.082867
-0.696341
-2.066779
0.887006
94.335299
0.782740
-0.377967
2.033946
-573.145064
0.026539
-1.146433
0.175876
347.413046
0.734866
-0.209678
1.691108
-514.939153
1.942152
0.992877
0.858631
4.647689
-1.128350
-2.268783
1.334471
-172.699417
-0.625241
-1.340063
0.482837
219.713806
-0.021240
-1.273215
2.196421
-617.233441
0.723260
-0.538317
1.422378
-349.863712
0.474803
-0.406086
0.647159
206.341369
0.836508
-0.715793
1.502655
-384.815748
0.481435
-0.679255
1.113918
-174.978818
0.292822
-1.349306
1.383353
-246.574435
0.595213
-0.517017
-0.076023
489.573972
2.410805
1.102517
0.196586
245.107431
1.760629
0.702165
0.962032
96.700561
-1.197739
-2.575236
0.529976
180.206167
1.066766
-0.216588
1.228866
-247.515013
0.982620
-0.221117
-0.200983
538.110568
1.761728
0.549663
0.592371
-22.304954
1.570748
0.517651
0.128525
462.345427
-0.480191
-1.485624
0.612773
266.542514
1.885916
0.842715
-0.032493
403.773363
2.287776
0.846976
0.352425
259.216904
0.204135
-1.029552
0.696131
145.144469
-0.819864
-1.886468
0.879209
-10.422684
0.588169
-0.609579
0.863259
118.168688
-1.200125
-2.218786
0.899524
-18.230219
2.056281
0.907014
0.809340
101.154634
0.147120
-1.139870
0.344539
453.532674
-0.012959
-1.621742
0.068597
356.351870
1.677341
0.608213
0.060517
457.176740
1.661696
0.174987
0.634993
218.229568
0.639806
-1.034218
0.627554
146.175168
0.846894
-0.332892
1.486661
-278.210484
0.647664
-0.592937
0.600839
187.357782
0.331156
-0.906250
0.858940
49.295127
0.569399
-0.477009
0.408792
307.242209
0.916809
-0.135559
0.831390
78.164722
-0.127065
-1.399546
1.480434
-297.428331
2.396469
1.238276
0.557340
116.462205
1.625020
0.301958
0.678596
184.865259
-1.521944
-2.556325
0.597712
192.321827
-0.198321
-1.203834
1.197750
-110.834131
1.590012
0.488252
0.423846
370.007321
0.767841
-0.290496
0.584308
132.637230
-0.727394
-1.823029
1.248897
-233.332581
0.847547
-0.179271
0.875267
141.447894
0.141541
-0.820274
1.026521
-234.806128
-0.011505
-0.948609
0.569118
132.493297
0.265073
-0.775173
-0.096982
494.201759
0.342778
-0.965921
1.653286
-440.038636
-0.363640
-1.261441
-0.457193
782.096213
0.981877
-0.393834
1.435887
-173.079863
-1.350320
-2.451220
0.839673
26.357412
1.640733
0.452884
0.491496
239.157755
0.424560
-1.052377
0.289706
319.450774
-0.980499
-2.244586
2.020500
-605.651474
-0.884904
-1.884462
-0.005122
519.614063
-0.050424
-1.425197
0.645161
85.480162
-0.375610
-1.467054
1.051767
-178.355239
-0.033157
-1.424186
0.420904
344.520351
-0.034030
-0.901787
0.405375
242.458746
-0.169477
-1.521712
0.801686
-38.175616
0.870550
-0.484873
0.680282
-68.146497
4.660524
3.348890
1.581027
-248.436535
0.991875
-0.288605
0.744978
167.132909
-1.662586
-2.824005
-0.628585
652.391704
2.803191
1.552852
1.260335
-163.625500
-0.030095
-1.275662
1.512076
-373.626599
0.902536
-0.295671
0.787127
-3.675755
2.980690
1.713053
1.455007
-324.112356
-1.278701
-2.216258
0.345969
177.847362
1.532500
0.157476
-0.146547
420.637461
0.138318
-1.442457
0.605744
152.700742
-1.199088
-2.511882
0.242994
418.721741
-0.281296
-1.662148
1.249323
-253.884238
2.356139
1.294702
0.915988
77.282812
1.098767
-0.226339
1.421261
-320.969418
0.898274
-0.047337
0.378126
359.995015
1.186811
0.174902
0.573556
166.923621
0.514061
-0.751725
1.065132
-51.141526
-0.729556
-1.989220
0.769671
85.029749
0.388949
-0.966266
0.027809
300.701471
3.222999
2.070003
0.931948
-11.297347
2.387572
1.086850
-0.225738
492.954602
1.874590
0.231488
0.348304
179.798180
3.416613
2.201071
0.756109
103.112641
-1.043523
-2.270899
1.283112
-263.013356
0.919834
-0.241725
1.087609
-43.789978
-0.934615
-2.432905
0.277352
503.150416
-0.117451
-1.501540
1.030421
45.561406
-0.824719
-2.296824
0.607369
214.397429
1.132955
-0.212010
1.434065
-245.289220
0.722894
-0.436352
1.178704
-234.549071
0.150752
-0.765997
1.119304
-221.959170
1.052704
0.213486
0.962883
122.486325
-0.060601
-1.494983
1.063205
-70.233811
0.218535
-1.113162
-0.065318
541.790173
1.244077
-0.236151
0.492683
138.212691
-0.270671
-1.763842
0.811851
190.332575
-1.241008
-2.717731
1.240581
-148.901752
-0.689901
-1.892246
0.270823
299.417422
1.384417
-0.264808
0.892749
10.509385
-0.684489
-1.901143
1.243311
-136.844800
0.499529
-1.062172
0.559937
91.637647
2.139909
0.982607
0.212809
380.033867
-0.238916
-1.360860
0.733720
6.733462
1.806352
0.715766
0.986162
-140.345119
2.535645
1.294775
0.917228
34.521057
0.244670
-1.315509
-0.225879
483.705952
1.333983
-0.039347
0.279556
340.189533
-0.625634
-1.617049
0.871499
61.720865
-0.690542
-1.884985
0.278644
348.641777
1.924163
0.623342
0.134048
308.926202
1.090023
-0.191082
1.089526
-105.343525
-0.292308
-1.792027
0.694919
159.070920
1.445712
0.297067
1.473465
-262.356413
0.163404
-1.064237
1.162617
-141.535399
-1.164564
-2.429690
0.204463
231.524993
-0.345654
-1.620974
0.431700
229.650689
1.061198
0.078478
0.869787
126.288213
-0.584126
-1.729217
0.619011
124.009195
1.545507
0.205526
1.189082
-218.292553
1.084995
0.297047
1.146949
-128.572096
2.964920
1.627727
1.573620
-451.100931
1.310210
0.159263
1.297876
-283.169989
1.436394
0.257731
0.681339
173.744944
1.130553
-0.143942
0.655862
74.858320
1.546984
0.534419
1.189530
-112.500213
2.926213
1.529432
-0.013355
471.693190
1.400303
-0.286772
1.682902
-387.857798
0.127888
-1.234954
1.456216
-521.128991
1.926990
0.983123
0.999878
-85.484302
1.073267
-0.234570
1.313220
-83.570677
-0.937372
-2.377817
1.034731
10.452244
0.078881
-0.789947
0.218891
477.964045
-1.073294
-2.763197
0.073079
357.163464
0.715536
-0.373146
0.025295
605.244569
0.006366
-1.177288
1.676099
-308.853179
-0.697387
-1.914617
0.325412
352.860208
2.270101
0.763862
0.003901
407.279192
0.411324
-0.755577
0.155580
409.937863
0.971074
-0.209889
0.874811
-28.220815
0.559009
-0.656462
0.338975
391.461980
1.936608
0.340291
1.616569
-336.859231
0.107163
-1.139655
1.038834
-111.299882
0.655737
-0.188401
1.376026
-225.275619
-0.018722
-1.194541
1.085461
-124.037547
0.127756
-1.028004
-0.202317
705.972535
2.056719
0.497523
0.468652
238.153533
3.310361
1.854380
0.895255
70.380870
-0.829866
-2.276865
1.097950
-112.586908
-1.028734
-2.430341
1.997602
-703.065799
1.450809
0.167189
1.082138
-142.464554
-0.360228
-1.603941
0.408500
284.126760
0.902721
-0.893143
0.609970
73.975243
0.844689
-0.601334
1.586321
-478.888604
1.513935
0.398024
1.708541
-488.345357
1.574792
0.319602
1.833824
-541.769055
0.215018
-0.694968
0.566162
189.528375
0.716740
-0.470824
0.904472
-42.173059
1.200495
-0.239169
0.538763
34.640566
2.918833
1.344624
0.542746
-8.746396
3.817064
2.402976
0.835241
-49.687616
1.749539
0.318561
0.200428
479.164031
-0.299903
-1.670957
0.573432
94.971574
0.636176
-0.365055
0.975289
56.558515
-0.797156
-2.063203
1.121236
-39.588578
-0.611221
-1.914118
0.826978
-70.451124
1.102312
-0.134277
0.574343
158.886944
0.188802
-0.949184
-1.168650
1065.549905
-0.604348
-2.392153
0.041616
572.869901
-0.394945
-2.319347
0.851237
16.974622
0.914712
-0.302794
0.341767
304.467168
-0.424063
-1.811906
0.633459
69.570052
1.484004
0.618833
-0.144876
521.315309
0.103387
-1.136822
0.991713
-154.543536
0.931559
-0.380687
0.921797
14.658591
0.091847
-1.220380
0.900116
8.749928
-0.065996
-1.404656
1.043470
-41.905205
0.254721
-1.422843
0.084815
302.322717
2.958907
1.788867
-0.156338
522.496166
0.768272
-0.600158
0.296127
190.863647
2.380322
1.063926
0.144161
262.412815
2.411185
1.188000
0.836816
-61.458936
0.973897
-0.354633
0.812578
120.949837
-0.585179
-2.154381
0.036708
241.198646
1.595722
0.485542
1.082181
-152.233316
0.069031
-1.128660
