-0.027619
0.458325
0.871892
-0.014433
0.354081
-0.734003
-1.088723
-0.730132
-0.048456
0.759191
2.015756
0.587160
0.352455
-0.586569
-0.928977
-0.684257
-0.034379
0.732560
1.941932
0.644972
0.110512
-0.450951
0.551255
-0.355816
-0.039408
0.273857
0.408502
0.082568
0.114936
-0.689951
0.761800
-0.334602
-0.024520
0.240424
0.474954
0.087367
0.306856
0.033350
0.505345
0.003432
0.027831
0.535553
1.215093
-0.148182
0.098700
0.286427
0.452348
-0.036818
-0.056915
0.743695
1.384465
0.039580
0.282503
-0.297985
-1.035662
-0.543035
-0.058122
0.848907
1.842717
1.007184
0.241443
0.002506
-1.226908
-0.617158
-0.002669
0.640877
1.784050
0.976182
0.115664
-0.343958
0.948357
-0.104290
-0.098736
0.334030
0.489623
0.055646
0.188545
-0.879727
1.169532
0.038071
-0.080730
0.687787
0.407066
-0.030075
0.182158
-0.373931
0.519287
0.133475
0.038830
-0.474911
-0.138537
0.079871
0.191300
-0.336829
0.605451
0.212843
-0.061331
-0.428407
-0.328581
-0.030109
0.143481
0.678727
-1.063782
-0.591453
-0.062977
0.144234
1.240578
0.614238
0.105614
0.986979
-0.660759
-0.605693
-0.038210
0.154444
1.359976
0.626044
0.146589
-0.392355
1.106525
0.024080
-0.056365
0.463105
0.175766
0.025763
0.151748
-0.180233
0.779671
-0.141530
-0.039978
0.449400
0.152263
0.054066
0.081314
0.248459
0.754054
0.484791
0.028955
-0.217800
-0.539994
0.106490
0.047421
0.396154
1.009295
0.487230
-0.018049
-0.230250
-0.271366
0.142246
0.153008
0.895901
-0.914702
-0.482159
0.231155
-0.084801
1.190039
0.441614
0.143091
0.958136
-0.548133
-0.310884
0.198991
-0.113710
1.060454
0.426556
0.192228
-0.388510
0.938037
0.060310
0.161237
-0.322256
-0.211392
0.217340
0.207532
-0.673286
0.841785
-0.014721
-0.105057
0.273661
-0.496526
0.092041
0.161135
0.105996
1.491114
0.457314
-0.096837
-0.105287
-0.334812
0.167755
0.087219
0.307387
1.449407
0.524106
-0.222310
0.462535
-0.279956
0.227588
0.131099
0.805821
-0.490683
-0.328289
0.276111
-0.121579
-0.077524
0.437505
0.135102
0.712436
-0.397930
-0.218629
0.184724
-0.025351
0.020215
0.385375
0.215612
-1.350903
1.085832
0.116728
-0.115361
0.034868
-0.562093
-0.025336
0.205831
-1.341702
1.265112
0.068733
-0.023715
-0.050229
-0.619351
-0.172411
0.010089
0.645756
2.128106
0.797950
-0.175604
-0.164281
-0.466969
0.197334
0.033770
0.769544
1.631463
0.654442
-0.096041
-0.402399
-0.596463
0.099770
-0.054399
0.854620
0.113659
-0.016428
0.311309
-0.675879
0.334725
0.330412
-0.014346
0.736106
0.156650
-0.058378
0.298017
-0.494391
-0.039854
0.208461
0.068222
-0.769960
1.002084
0.072395
-0.067536
0.365397
-0.378058
-0.011630
0.021917
-0.521463
0.913737
-0.066589
-0.082416
0.300811
-0.499815
-0.000820
-0.029159
0.884313
1.546816
0.735429
-0.068399
-0.507356
-0.630869
-0.102440
-0.062491
0.397644
1.534666
0.733551
-0.075704
-0.440251
-0.546784
-0.083799
-0.099638
0.646305
0.241129
-0.025148
0.235309
-0.214592
0.099100
0.020317
-0.076619
0.799110
0.332398
-0.047572
0.288120
-0.551033
-0.415293
0.213636
-0.071634
0.376038
0.477080
-0.209381
-0.027453
0.076675
0.805261
-0.017831
0.006619
0.140790
0.552766
-0.188355
-0.027500
-0.192623
0.357072
-0.007982
-0.130329
0.495540
1.744218
0.920049
-0.042881
-0.228675
0.669295
0.118874
-0.066930
0.409078
1.671810
0.870022
-0.058910
0.195559
0.198891
0.010089
-0.114891
1.081690
0.126412
-0.167937
0.164838
-0.319925
-0.018671
-0.086170
-0.084535
1.079714
-0.038824
-0.301799
0.196304
-0.123302
-0.003699
-0.116151
-0.036180
0.439905
0.545925
-0.368978
-0.046418
0.215824
0.422094
-0.070859
-0.005970
0.322953
0.599108
-0.333649
-0.053142
0.226142
0.460525
-0.024436
-0.189014
0.731322
2.268031
0.960032
-0.099606
0.408958
0.119651
-0.161265
-0.209866
0.874510
2.312244
0.980366
-0.103316
0.485537
0.091008
-0.169558
-0.054789
0.951699
-0.024551
-0.227928
0.203724
-0.220949
-0.184843
0.139932
-0.026647
0.479737
-0.174185
-0.196902
0.157820
0.144557
-0.230602
0.027045
0.050616
-0.134605
0.599333
-0.288310
-0.064136
0.270176
0.428484
-0.018307
0.029057
-0.132193
0.823911
-0.070607
-0.083096
0.373396
0.580336
-0.001069
-0.143457
0.423956
2.061466
0.774915
-0.113851
0.332343
0.351404
-0.154006
-0.136168
0.338579
1.797792
0.748516
-0.085864
0.428517
0.325636
-0.160270
-0.049390
0.916998
-0.446426
-0.330636
-0.046229
0.695676
0.932014
0.380128
-0.054827
0.815537
-0.712693
-0.158851
-0.069447
0.573530
0.544930
0.340717
-0.035722
0.160304
0.646601
-0.107586
0.032730
0.359659
1.043251
-0.063353
0.023092
-0.051071
0.437186
-0.307191
0.023831
0.490305
1.010184
-0.116687
-0.095540
0.277272
1.631989
0.670363
-0.171726
0.829659
0.195731
-0.227016
-0.119287
0.441046
1.476066
0.514176
-0.216581
0.991488
0.123305
-0.200987
-0.036541
0.474356
-1.024628
-0.105597
-0.079436
0.693104
1.416654
0.508556
-0.015976
0.443010
-1.142443
-0.242445
-0.026896
0.585410
0.892998
0.340909
0.052177
0.765063
0.453145
-0.371022
0.083005
-0.189466
0.859514
-0.178187
0.032491
0.768255
0.313204
-0.352496
-0.016216
-0.014825
-0.052909
-0.294307
-0.174694
0.357849
0.335686
0.630674
-0.084678
0.527349
0.001561
-0.231940
-0.129848
0.203948
0.122030
0.554414
-0.102944
0.787820
-0.075603
-0.279534
-0.031180
0.223023
-1.471382
-0.291654
-0.134129
1.100525
1.008695
0.322020
0.080901
-0.132913
-1.430327
-0.310051
-0.130922
1.056429
1.034286
0.364452
0.041683
0.598929
0.297402
-0.064614
0.095473
-0.311489
-0.161532
-0.125117
0.072076
0.313292
0.228327
0.018670
0.083628
-0.081165
-0.131968
-0.122612
-0.101049
0.282024
-0.790363
0.223119
-0.106707
0.783348
-0.317633
-0.292265
-0.176634
0.712208
-1.114908
0.202455
-0.035525
0.552659
-0.609527
-0.367690
0.008637
0.020443
-1.319929
-0.209675
-0.141810
0.733076
0.420148
0.324244
-0.024646
0.306048
-0.874625
-0.096314
-0.102106
0.539793
0.628988
0.407672
0.072831
0.062983
0.254067
-0.187141
0.041161
0.342239
-0.278133
-0.229696
0.091563
-0.089063
0.291277
-0.186157
-0.097008
0.080866
-0.277526
-0.033786
-0.206017
1.133875
-1.282962
0.070068
-0.042228
0.233943
0.068820
-0.199396
-0.175362
1.118562
-1.672548
0.037697
-0.021265
-0.027203
-0.135851
-0.209440
0.054665
-0.248791
-0.860309
-0.110504
-0.100709
0.724234
0.538851
0.252282
0.079003
-0.334747
-1.050389
-0.170408
