0.068078
4.736249
0.483066
0.035210
-486.741373
2470911.022362
3696.283688
258.608391
0.096406
11.235677
0.276206
-0.036915
-489.100427
2483201.707962
3719.799268
259.813311
0.098208
10.659134
0.268962
-0.035815
0.009102
43.730777
0.332520
0.063319
0.025081
13.740835
-0.098710
-0.016621
0.004580
45.763738
0.346117
0.079077
0.022592
12.555647
-0.106612
-0.009265
0.021627
13.938970
0.404473
0.142621
0.065114
5.202222
0.509719
0.035777
0.017919
13.691288
0.402508
0.143756
0.070828
3.664897
0.482749
0.032861
-496.752113
2523126.425481
3771.427010
263.831460
0.097087
10.668703
0.274894
-0.028258
-499.096541
2535405.749822
3769.416581
265.108542
0.095724
10.327901
0.245010
-0.028760
0.001430
48.272332
0.374855
0.090382
0.033499
8.095442
-0.176012
-0.057721
0.007172
45.492388
0.386437
0.091716
0.033464
6.762974
-0.147217
-0.040303
0.015371
11.009741
0.374490
0.157920
0.077392
1.207369
0.504074
0.033713
0.018828
11.870483
0.389971
0.159498
0.062599
8.388608
0.498267
0.054250
-506.737672
2575316.504071
3845.600939
269.114985
0.096406
9.342586
0.266362
-0.020180
-509.079541
2587603.057605
3861.638241
270.347136
0.097689
9.554167
0.316787
-0.016230
-0.000994
45.667076
0.391234
0.091990
0.031288
7.714767
-0.143812
-0.022480
-0.000356
47.149298
0.391557
0.091637
0.033967
5.138127
-0.118149
-0.022627
0.012645
13.502509
0.346447
0.148017
0.073889
1.571278
0.493516
0.034529
0.011312
14.942407
0.346936
0.141349
0.074041
1.420950
0.516628
0.042099
-516.719913
2627530.661160
3932.118987
274.320779
0.094327
9.869023
0.307721
-0.027181
-519.073170
2639813.204521
3952.254233
275.532858
0.094327
8.017782
0.310557
-0.001025
-0.000403
45.954057
0.355366
0.060393
0.050046
2.720188
-0.025920
-0.015383
-0.001939
45.592587
0.381981
0.066747
0.051788
1.337766
-0.029636
-0.018554
0.010435
14.776015
0.332632
0.127684
0.081371
0.062540
0.654375
0.050350
0.006865
18.363065
0.362362
0.128457
0.085501
-1.273031
0.670733
0.052452
-526.708163
2679742.871770
4026.645270
279.546912
0.094272
7.417134
0.317769
0.002274
-529.052151
2692021.200274
4042.853959
280.741526
0.090660
10.609398
0.303827
-0.014711
0.016170
48.770382
0.395851
0.063207
0.047245
3.882507
-0.042831
-0.021267
0.022216
46.401140
0.421807
0.053939
0.044569
4.297511
-0.049292
-0.027666
0.002964
16.856980
0.371042
0.125683
0.084156
-0.014333
0.643925
0.037724
0.005895
15.549302
0.348790
0.101773
0.085947
0.452723
0.632803
0.034999
-532.903307
2731938.235276
4104.372765
284.809983
0.103898
4.473503
0.287660
-0.008520
-535.254152
2744220.414577
4124.181414
286.038080
0.103041
5.541254
0.288303
-0.007710
0.019612
47.337334
0.424626
0.064308
0.053008
3.413569
0.031288
-0.041296
0.020212
49.153096
0.420623
0.059242
0.047374
6.151344
0.056148
-0.041998
0.003115
12.593408
0.327105
0.111973
0.071094
3.095190
0.603221
0.018012
0.011040
12.273058
0.326247
0.118455
0.076153
1.262233
0.612636
0.027645
-542.895105
2784128.035542
4189.783353
290.036210
0.098913
6.976602
0.307022
-0.005524
-545.238099
2796415.766791
4226.589304
291.312767
0.099791
10.207365
0.288359
-0.019919
0.019147
45.368389
0.443127
0.054102
0.049847
-2.110565
0.034440
-0.058526
0.019441
44.199741
0.459121
0.063027
0.048727
-0.913095
0.023771
-0.066302
0.006545
9.379955
0.322993
0.135622
0.085837
-0.614633
0.638374
0.031162
-0.003626
5.753937
0.351579
0.167448
0.083303
-0.974894
0.651838
0.037712
-552.877998
2836341.955966
4300.306292
295.313048
0.095389
10.294391
0.279054
-0.025420
-555.227092
2848620.261534
4298.606751
296.518287
0.105154
8.075805
0.284928
-0.013937
0.033502
34.937770
0.409019
0.062773
0.036934
2.255477
0.062654
-0.057066
0.034530
36.483110
0.397717
0.069913
0.041700
2.649218
0.067448
-0.057903
-0.001617
14.298012
0.264133
0.127052
0.070129
8.154768
0.673984
0.048259
0.005089
12.978052
0.250822
0.126068
0.078420
4.605682
0.678779
0.041631
-562.861652
2888544.773601
4370.404741
300.597616
0.115068
2.101145
0.253087
-0.037038
-565.218530
2900832.779647
4389.531736
301.849332
0.116711
0.634119
0.263637
-0.019650
0.040824
34.007952
0.237776
0.057344
0.038255
2.042347
0.107772
-0.032554
0.044666
34.242572
0.226257
0.042554
0.041518
1.954001
0.107123
-0.039718
0.000080
15.706337
0.277529
0.113301
0.071649
8.252448
0.682667
0.050713
0.005710
13.844613
0.271392
0.113162
0.074741
6.738367
0.687286
0.046708
-0.005674
31.924467
-0.178600
-0.212546
0.120369
0.376777
0.274470
-0.022332
-575.197980
2953046.058793
4482.476923
307.170253
0.123007
1.287383
0.279187
-0.029670
0.046407
35.388763
0.175282
0.031255
0.068810
-7.720207
0.091384
-0.052666
0.041682
35.512010
0.165319
0.026987
0.057593
-8.085444
0.080866
-0.048658
0.012831
11.558929
0.294816
0.116692
0.064369
11.087205
0.709494
0.057658
0.003860
9.983425
0.279709
0.115928
0.068828
8.772770
0.713945
0.056867
0.007006
27.389779
-0.164918
-0.203157
0.117263
-0.465613
0.257412
-0.041255
0.003378
29.316750
-0.169347
-0.204960
0.110151
1.540013
0.239111
-0.044389
0.031495
33.938134
0.213866
0.058368
0.054539
-8.802759
0.071954
-0.063912
0.034281
34.628774
0.251115
0.057002
0.057014
-9.392910
0.034155
-0.068835
0.001179
17.320369
0.261283
0.093267
0.069377
6.615095
0.725759
0.041305
0.008903
13.909336
0.264639
0.097895
0.072956
3.078026
0.727143
0.049947
0.002843
28.408124
-0.149588
-0.207573
0.120991
-4.774858
0.222681
-0.048693
0.000550
30.338247
-0.123414
-0.217857
0.117964
-4.755306
0.225904
-0.050551
0.041862
33.482619
0.262840
0.068297
0.068827
-6.921129
0.075181
-0.054605
0.037562
37.228484
0.268179
0.072739
0.068760
-7.676365
0.081918
-0.047711
0.019141
13.520417
0.255832
0.093167
0.071526
3.106631
0.722932
0.042420
0.029826
8.987040
0.277504
0.104828
0.073206
8.378514
0.705907
0.013782
-0.001932
30.656137
0.019302
-0.211230
0.123691
-8.063451
0.216414
-0.072116
0.001044
31.324717
-0.025548
-0.220809
0.127314
-8.529679
0.214328
-0.076741
0.040439
35.277553
0.307192
0.075662
0.068835
-7.003399
0.057077
-0.037115
0.042215
34.678348
0.306752
0.072203
0.066212
-6.866645
0.054524
-0.038069
0.053785
6.190620
0.276351
0.071390
0.026078
10.674618
0.836480
0.018369
0.055411
6.218257
0.260818
0.074529
0.017480
14.021392
0.838098
0.018682
0.009833
28.950987
-0.061363
-0.190864
0.136782
-10.436665
0.184499
-0.083921
0.006444
30.275245
-0.067482
-0.195297
