776.226981
3601.467047
640.121722
606.566223
3385.869269
646.038744
545.506831
546.466922
542.057283
606.649908
3388.538506
646.258700
545.474927
546.494059
542.159996
543.987037
541.621633
534.987139
544.975731
544.219741
540.581928
543.982215
541.691673
534.974067
544.977055
544.212733
540.681082
726.597655
1978.594318
553.273761
776.558767
3607.305889
640.266201
726.868263
1979.861291
553.482918
776.642341
3608.559843
640.225119
606.773789
3396.982974
646.265465
545.610282
546.479117
542.087318
606.793493
3399.540560
646.525231
545.575386
546.399858
542.101515
544.030813
541.801750
535.251082
544.950078
544.165052
540.703283
544.037934
541.737031
535.173885
544.920749
544.158386
540.705950
727.095481
1983.543091
553.299464
777.147895
3614.395318
640.446389
727.206547
1984.448078
553.238458
777.210761
3615.638516
640.559923
606.999935
3408.041547
646.863322
545.477801
546.441064
542.138737
607.060187
3410.665244
646.993203
545.328511
546.326704
542.112494
543.940515
541.769155
535.294594
544.899258
544.108995
540.572436
543.812033
541.569954
535.108236
544.950608
544.221688
540.634347
728.038208
1988.479539
553.394641
778.070423
3622.026597
640.749723
728.282155
1989.697506
553.375837
778.064988
3623.188897
640.799292
607.209410
3419.187635
647.214680
545.117718
546.353107
542.087504
607.231022
3421.790450
647.331469
545.165149
546.295038
542.011571
543.904267
541.583260
535.078056
545.090226
544.247900
540.508772
543.862337
541.417425
534.731627
545.059025
544.266574
540.570342
728.760988
1993.558233
553.501545
778.169174
3629.066898
641.365873
728.819061
1994.745416
553.510195
778.163868
3630.201415
641.317829
607.415453
3430.368160
647.860577
545.071038
546.269983
542.093454
607.556406
3432.945662
647.850129
545.125240
546.287201
542.052075
543.644787
541.341669
534.728108
545.227859
544.377450
540.774806
543.640903
541.255436
534.732011
545.178125
544.380270
540.735591
729.294433
1998.643923
553.609086
778.441041
3636.125439
641.565651
729.300365
1999.748531
553.508892
778.401290
3637.393029
641.543353
607.667688
3441.405166
648.123567
545.111296
546.187317
542.008433
607.825221
3444.101601
648.314155
545.170020
546.253917
542.100344
543.671276
541.271864
534.602747
544.949556
544.368848
540.929653
543.711252
541.267576
534.535619
545.069770
544.359495
540.914346
729.912276
2003.673081
553.796968
779.090246
3643.353602
641.613836
730.116521
2004.888494
553.722354
778.983569
3644.574095
641.737369
607.955038
3452.396976
648.485448
545.096891
546.182749
542.121505
607.993034
3454.960180
648.558831
545.120859
546.169512
542.060541
543.749656
541.256627
534.570549
544.792906
544.146188
541.016874
543.657120
541.232012
534.703728
544.797990
544.160641
540.986591
730.446181
2008.497083
553.938804
779.479777
3650.493211
641.897747
730.579638
2009.755811
553.934934
779.546267
3651.748093
641.921551
608.224692
3463.364389
649.064684
545.090792
545.958169
541.859941
608.304801
3465.962076
649.089633
545.072940
545.880226
541.874368
543.623984
541.134276
534.520004
544.803976
544.142485
540.934637
543.608269
541.095827
534.582822
544.720071
544.131744
540.991688
730.996118
2013.441201
553.918737
779.978526
3657.681359
642.287148
731.263503
2014.720073
553.968636
780.034024
3658.951501
642.352613
608.497223
3474.367571
649.349729
544.908385
545.692717
541.725130
608.556787
3476.846347
649.472637
544.989345
545.745068
541.777121
543.688697
541.207436
534.774651
544.384779
543.933942
540.752509
543.655257
541.169884
534.787079
544.409106
543.919652
540.795640
731.863231
2018.634904
554.007467
780.424796
3664.920213
642.539674
731.994809
2019.824142
554.021960
780.554812
3666.134826
642.659552
608.818541
3485.553144
649.819755
544.859149
545.570606
541.952705
608.770560
3488.036468
649.941238
544.874578
545.504147
541.929782
543.938266
541.327679
534.823846
544.323049
543.749850
540.552831
543.928111
541.282098
534.964870
544.365564
543.820242
540.754944
732.806307
2024.008040
554.220892
781.082395
3672.095384
642.828290
732.911158
2025.119560
554.168873
781.161818
3673.376682
642.911277
608.841946
3496.472319
650.233909
544.899805
545.474842
541.929280
608.908276
3499.180584
650.285807
544.916964
545.447036
541.939225
543.887521
541.316973
534.751555
544.184315
543.895400
541.083816
543.702989
541.201541
534.574254
544.138354
543.797973
540.848352
733.509145
2029.076329
554.217476
781.725071
3679.255052
643.083783
733.709490
2030.324418
554.248438
781.719996
3680.455883
643.205731
609.114949
3507.484762
650.635556
544.857418
545.495229
541.950720
609.115035
3510.069753
650.698938
544.878298
545.502905
541.983234
543.957807
541.286451
534.852351
544.132743
543.718278
540.743579
543.914065
541.265616
534.818433
544.070306
543.781904
540.916830
734.186672
2034.128634
554.222837
782.229220
3686.345324
643.427846
734.289296
2035.220600
554.156369
782.306309
3687.609238
643.584052
609.389567
3518.610487
650.999067
545.010537
545.597321
542.245738
609.424332
3521.246119
651.082195
544.983460
545.626386
542.244641
543.918387
541.318367
534.876675
544.219523
543.676491
540.877142
543.877997
541.257330
534.811322
544.222782
543.661669
540.897848
734.861452
2039.159366
554.356181
782.845897
3693.567691
643.660590
734.991963
2040.384403
554.461399
782.970280
3694.841002
643.745037
609.647770
3529.646585
651.467861
544.860516
545.489439
542.085507
609.711665
3532.265223
651.626806
