0.049762
16.988239
-0.009444
0.017496
-88.332977
410194.535140
446.428225
48.566681
0.034137
32.469421
-0.054677
-0.175330
-90.630876
420786.405565
460.772922
49.753647
0.038258
31.015205
-0.055707
-0.174779
-0.035942
43.781463
0.286985
-0.009143
-0.004253
36.937665
-0.088849
-0.034342
-0.033735
41.230760
0.328010
0.003399
0.001655
37.904524
-0.088399
-0.029290
-8370.261728
29428757.260387
178606.562886
44.074835
0.047667
16.420706
-0.015300
0.010901
-8459.364582
29742211.937582
180515.438816
44.371534
0.045153
17.700388
-0.037447
0.007691
-98.038206
455170.293833
496.555012
53.831763
0.043890
28.505535
-0.089552
-0.202709
-100.319675
465761.825591
490.416846
55.035097
0.044296
27.470863
-0.095598
-0.202705
-0.037186
43.517541
0.240177
0.003689
0.009332
31.366656
-0.064985
-0.038511
-0.041399
45.475652
0.246279
0.000934
0.023338
30.936195
-0.052566
-0.038342
-8748.922118
30760942.325303
186696.653428
45.260455
0.035862
12.793050
-0.056466
-0.002010
-8838.029278
31074397.451268
188600.047019
45.550687
0.035946
13.606330
-0.042330
0.003611
-107.737952
500171.399211
532.964054
59.014370
0.034257
28.826585
0.026786
-0.219579
-110.012285
510752.697590
547.331038
60.320236
0.038152
28.264521
0.028763
-0.221069
-0.043755
46.091864
0.167996
0.000955
0.028860
31.054788
-0.013041
-0.035854
-0.035367
41.916094
0.122308
-0.014926
0.033177
31.219856
-0.035545
-0.042902
-9127.583904
32093121.369012
194776.752586
46.530512
0.014419
12.260288
-0.029245
0.025872
-9216.677378
32406575.923054
196676.655436
46.822331
0.015726
11.258100
-0.022718
0.026305
-117.418802
545159.746823
592.285624
64.425982
0.031619
30.792658
0.034457
-0.231918
-119.694071
555746.661405
605.522543
65.723252
0.034540
30.933571
0.046419
-0.231033
-0.030529
44.528642
0.153492
-0.031845
0.026889
34.100753
0.022728
-0.042663
-0.037582
43.957938
0.165674
-0.015506
0.028757
33.515049
0.014436
-0.047373
-9506.245012
33425297.534065
202854.622767
47.778074
0.016602
12.004647
-0.015637
0.017316
-9595.340202
33738750.232619
204755.832037
48.075615
0.015399
9.747935
-0.030052
0.013338
-127.153607
591416.340224
664.957618
69.764850
0.034357
31.119549
0.094324
-0.218191
-129.504195
603710.045006
683.324347
71.001385
0.023602
32.922213
0.094610
-0.220304
-0.047861
47.301837
0.235240
0.019566
0.035354
32.229220
-0.018409
-0.068568
-0.046121
46.713777
0.260795
0.036746
0.037352
29.324130
-0.032789
-0.075931
-9884.901631
34757473.477507
210934.326840
48.997551
0.013406
13.449161
-0.026981
0.024207
-9973.991571
35070925.417421
212835.159868
49.306952
0.017882
12.178885
-0.022835
0.027350
-137.140285
643645.477937
722.846269
74.956744
0.032517
32.427901
0.042396
-0.236388
-139.497156
655926.318160
740.121594
76.151506
0.028607
31.576916
0.049064
-0.234254
-0.041695
44.437857
0.215182
0.029293
0.035270
29.861299
-0.108906
-0.078994
-0.033994
44.616427
0.245293
0.039238
0.034155
30.382823
-0.118975
-0.079508
-10263.557488
36089655.125605
219013.435958
50.264672
0.016091
13.076141
-0.053327
0.037662
-10352.652595
36403109.027482
220921.097152
50.547389
0.020395
11.831351
-0.021534
0.033927
-147.129107
695857.316168
797.014340
80.187019
0.020529
31.494327
0.033247
-0.242606
-149.488895
708149.865105
816.514521
81.445948
0.010975
34.687082
0.046283
-0.212617
-0.047811
47.493287
0.223549
0.030829
0.025988
32.085533
-0.143622
-0.093889
-0.044604
46.162049
0.213972
0.013291
0.027768
30.764851
-0.152152
-0.085877
-10642.213590
37421835.017834
227107.160134
51.502793
0.030830
12.383515
-0.167928
0.012761
-10731.309335
37735288.292021
229008.955022
51.782813
0.029189
12.712860
-0.164847
0.014198
-157.115182
748057.384147
889.256230
85.484614
0.015684
31.489163
-0.014134
-0.223509
-159.465647
760334.028070
920.170919
86.733052
0.016700
31.679903
-0.019716
-0.228555
-0.038786
44.295855
0.199159
0.019411
0.027008
32.193197
-0.099521
-0.083139
-0.044734
45.011440
0.191416
0.017738
0.025290
33.444598
-0.115936
-0.078130
-11020.865405
38754011.262386
235189.515597
52.701433
0.040368
8.002070
-0.147620
0.005784
-11109.965429
39067467.343180
237091.079106
52.965046
0.038061
9.620850
-0.117773
0.003440
-167.102297
800249.444197
953.147131
90.714457
0.052312
28.598856
0.017194
-0.207214
-169.451281
812535.876261
973.429404
91.961452
0.045886
31.392050
-0.038721
-0.225821
-0.040132
40.748214
0.191032
0.023492
0.020700
35.520992
-0.108008
-0.082371
-0.028906
37.752230
0.186446
0.003838
0.019873
36.415845
-0.142521
-0.104975
-11399.526591
40086191.088597
243276.993113
53.909330
0.038827
8.158709
-0.109768
0.001811
-11488.622808
40399644.328202
245178.722124
54.170134
0.042959
7.903885
-0.137858
0.000177
-177.097167
852466.988086
1014.230080
95.983025
0.045752
31.277047
-0.035819
-0.227321
-179.454157
864760.928797
1042.156152
97.189350
0.039268
33.030403
-0.038329
-0.220212
-0.030588
40.460093
0.161135
-0.016471
0.020895
37.923510
-0.211305
-0.144756
-0.033473
39.821227
0.176513
-0.018233
0.020426
39.929249
-0.218700
-0.146133
-11778.182458
41418372.020095
251363.351985
55.081511
0.047211
6.809845
-0.142976
0.015521
-11867.280231
41731826.673399
253264.911732
55.364271
0.046090
7.692120
-0.112341
0.022366
-187.093156
904685.009198
1120.399401
101.155689
0.046633
30.188992
-0.009318
-0.203949
-189.446218
916973.711476
1144.682561
102.387121
0.051691
29.091415
0.009488
-0.195558
-0.021343
39.590541
0.168963
-0.029298
0.024587
39.236369
-0.219547
-0.158436
-0.020863
38.357993
0.151452
-0.021630
0.026559
38.815616
-0.233337
-0.161858
-12156.841553
42750553.900084
259443.546126
56.272812
0.050785
6.897942
-0.131609
0.013141
-12245.936006
43064007.832918
261345.184215
56.552256
0.058114
4.655451
-0.126011
0.004349
-197.078757
956891.667808
1207.914694
106.518301
0.044321
32.337933
-0.039911
-0.211864
-199.434047
969176.445006
1235.219067
107.754671
0.037789
35.183472
-0.021417
-0.205230
-0.004159
36.681391
0.103834
-0.037299
0.027205
38.122775
-0.254302
-0.178303
-0.005755
37.220796
0.114716
-0.029941
0.025264
38.494451
-0.254814
-0.182338
-12535.502899
44082736.284124
267525.318282
57.474605
0.062842
1.996460
-0.133104
-0.000640
-12624.599046
44396190.447634
269427.139514
57.755592
0.067011
2.716146
-0.146621
-0.002145
-207.091900
1009087.574286
1310.268977
111.834201
0.037362
34.961937
-0.049867
-0.214811
-209.422644
1021369.880287
1330.090631
113.037491
0.037292
35.569349
-0.058627
-0.223747
0.001199
34.351236
0.143636
-0.025564
0.021929
41.851133
-0.244540
-0.172143
0.007473
35.040328
0.148558
-0.019937
0.035194
38.260322
-0.231770
-0.161699
-12914.157839
45414914.727666
275609.821749
58.685122
0.085935
1.028135
-0.099693
0.004078
-13003.247619
45728366.909676
277513.340119
58.960024
0.090290
-1.332495
-0.068325
0.006984
-217.055657
1061299.626374
1377.192629
117.061733
0.042688
31.621872
-0.014943
-0.221860
-219.404849
1073588.316224
1394.959476
118.330520
