0.164802
1.633324
2.862696
2.159724
0.723803
-0.595239
-1.150433
-0.649703
0.349932
5.384843
-2.291253
-1.079856
-0.415514
0.887539
-1.595130
-0.579929
0.532198
4.169557
2.920884
-0.398393
-0.398928
5.323022
3.360312
0.745752
-0.131814
4.572043
-2.626961
1.866989
1.339743
-0.752578
-0.021849
-1.039987
0.860073
0.915181
4.586085
0.551909
0.688320
-0.649156
9.489078
2.722482
-0.312378
4.677850
4.715876
0.690779
0.730304
4.233524
-1.882075
-1.135625
0.559787
0.681780
2.619885
-1.631571
1.711683
0.185259
2.485801
-0.728672
-0.688842
7.019848
4.562903
-1.770825
0.973680
-1.834065
-3.208744
-0.809620
0.975205
-0.909743
6.888351
-1.299148
1.608451
-0.443218
1.591589
0.565846
0.879777
3.869405
-1.519399
-1.009133
0.546687
-2.759247
2.473019
2.400010
0.945237
0.245296
-0.738693
-0.685097
1.599089
-2.789664
-1.734427
-2.181663
-0.430979
5.236004
0.684449
0.165001
-0.466200
7.652050
-3.406576
-1.089826
-0.062827
4.767370
4.708465
-0.888631
1.562737
0.927828
-1.611461
-1.300968
1.187706
-0.351523
5.161755
1.145958
1.015713
-3.156533
0.979871
-1.009158
0.392400
2.122393
3.936008
-0.957043
0.653710
0.248162
-3.686775
-1.089866
-0.374814
3.012504
0.653663
-2.211322
1.813237
-3.603001
-0.691121
-2.198214
0.524103
-3.100531
4.674330
-0.333492
-0.213554
4.208578
-1.714162
-1.266043
1.014541
3.616257
2.381658
-2.007836
-0.306226
5.282517
-1.832695
-1.373437
1.688158
-1.817595
-2.844841
-1.714786
-0.153381
1.641444
7.884490
0.399197
2.584601
-6.256720
8.235533
1.910571
-0.149161
1.113493
1.615622
1.477065
0.952911
2.800900
3.618805
-0.797919
0.473538
3.997125
-1.470035
-0.308594
-0.623530
3.755923
2.524176
-1.043360
0.785670
3.854552
2.460477
1.530493
0.974023
1.107807
-3.706975
-0.131969
-0.393089
8.213198
0.362114
-2.457473
0.495150
3.637487
-2.093747
-0.386576
-0.556744
5.959068
-1.367893
-0.214790
-0.110123
3.091524
2.738937
-0.369957
-0.018413
3.704393
-1.035310
0.553159
1.266198
-2.034061
2.294358
-0.788894
1.348624
9.335422
1.392478
-1.939425
1.390882
1.482379
1.410265
-0.794671
0.057063
5.819799
1.694367
-0.664431
1.392715
3.045710
-0.109912
-1.332373
1.767665
0.145028
4.357378
0.583575
0.937634
0.821422
5.996089
1.633252
0.673460
1.974408
-2.977874
2.049634
0.359889
0.197794
1.863289
-1.588392
0.701306
-0.323261
3.650825
-0.543659
-0.399972
6.704024
-2.978924
-0.019303
0.822062
0.024831
3.113136
0.613406
0.431568
0.696256
3.560440
0.168550
0.880320
-3.257769
5.710313
1.665929
1.005028
-0.743998
-0.373695
-1.402207
-0.076442
-0.372499
2.509547
1.535302
0.934694
-1.890953
4.387706
2.084234
0.430661
2.512003
-5.493150
-1.040593
0.499947
0.804918
-6.756007
-3.305793
0.337991
0.406108
-1.603264
-0.422401
-0.533007
5.843938
-0.370427
-1.001489
1.427450
0.836976
-1.388215
-1.458032
0.153422
3.254404
8.026315
0.474138
2.444737
-8.301496
4.759996
-1.818900
0.569967
2.207685
0.055862
-0.336112
2.672045
-3.308709
-1.614800
-0.086086
0.246317
2.349863
1.087912
-2.320380
0.679257
1.636719
4.175987
-0.364328
0.802244
3.950292
-2.513576
-1.151507
-0.741843
3.175804
-2.545842
-0.879215
0.150411
3.056345
1.551867
-0.786394
0.690666
1.354414
-0.830538
1.256971
0.011556
4.982185
4.149981
1.002585
-0.489632
3.607102
-2.360245
-0.165912
0.616453
6.087546
6.453834
1.400729
1.704737
-2.752338
5.387299
0.405108
-0.051809
4.595035
0.239359
-0.698653
0.465671
7.810779
-3.745360
0.440327
1.260432
-2.941725
-0.099507
0.272427
0.709063
2.463352
-1.053352
-3.449808
0.795186
-4.247658
-0.153799
0.069876
1.788273
1.766712
6.327661
-0.474399
2.333729
-0.618271
-3.542258
0.305918
0.685485
0.443348
6.609764
0.817412
1.144724
1.188945
1.300761
1.099241
-0.561755
1.468290
8.460513
2.669229
0.643384
2.620795
-4.745027
0.340308
2.129816
-2.080827
0.061357
1.977737
0.804806
2.101117
0.452533
-2.588037
1.592112
-3.675128
1.852456
2.580048
-0.235610
2.317081
5.971118
-0.847504
1.032960
-0.129866
-2.472910
-0.491116
-0.189904
2.288203
2.393878
-0.924290
1.503460
-3.582334
2.411870
-0.926981
0.913994
-1.642665
2.180688
0.084910
-0.375851
4.542751
-4.186981
-2.993643
0.783028
-2.156073
2.783412
0.057703
0.934871
0.034256
-1.137815
-1.743812
0.297529
6.879405
-1.998081
-0.151438
-0.474443
5.889141
-2.561654
-1.899786
0.881190
1.857622
-0.759316
-1.129445
0.256500
4.586793
-0.192899
1.029583
0.279110
5.869620
4.649657
1.396385
2.518292
-3.674690
1.202287
-1.416973
1.206182
-2.576255
-3.383500
-0.275053
0.542111
5.450416
2.407229
-0.734285
-1.137972
4.851573
2.117591
-0.308817
0.824891
1.689369
4.894963
2.378734
-0.124598
5.311507
-0.422638
-1.751346
-0.822554
4.198561
0.800203
-0.216028
-0.779332
5.593185
4.706546
0.122724
-0.443527
2.892689
-1.397487
0.453827
-0.167711
0.716438
4.482457
1.810080
1.037140
2.746015
0.694360
-0.294788
0.085497
1.665267
0.869466
0.356002
0.330459
5.904969
1.038527
1.299445
-0.293009
-0.251448
-4.827190
-0.299873
0.782357
0.933828
5.251408
0.246234
1.012535
1.166281
4.507014
0.119276
0.416161
-0.416989
-1.400659
1.408627
0.630023
2.938691
-0.495404
-1.405628
0.557605
1.856843
-2.444492
-2.557559
1.312521
1.947345
1.990056
-1.731729
1.015442
-0.566055
-1.514112
-0.323978
-0.871646
3.687081
-2.252759
-1.738736
-0.175577
2.144643
-1.139911
-1.244339
0.900201
-0.552859
-0.433900
-1.167697
1.766603
0.383232
4.604102
1.703375
-0.317229
4.467417
3.384758
0.242852
0.431306
-0.867372
-1.697576
-2.263670
1.652598
-1.120466
0.121684
-1.741980
0.791561
1.339002
2.591900
1.336561
1.611365
0.747779
-0.529655
-0.524525
0.248677
4.019725
3.531551
-0.157863
-0.043504
2.881163
4.888653
-0.354778
1.483188
0.726872
2.717157
0.063965
0.783930
-2.664119
1.411718
-0.962243
0.160191
1.900548
-7.307189
0.747909
-0.089221
4.041671
-1.067581
-1.469453
1.236470
1.155980
2.812567
-0.439898
1.405483
-2.786119
-6.499080
-0.980475
1.229397
-0.054106
2.115481
-0.690223
0.194722
3.439974
2.178446
-0.621875
3.050802
0.669089
-3.873994
-1.016784
0.749685
1.286755
4.144692
-1.683481
0.909995
0.252144
4.157304
-1.194285
1.615672
-1.119075
-2.541911
-1.006825
1.291428
-2.546270
-2.513762
-0.054163
0.210626
2.632682
2.365348
-1.745926
1.294261
0.763499
-0.789657
0.469604
