1.012024
-2.299171
4.332668
-0.855732
1.583723
-2.272284
1.086516
0.151257
1.346376
-1.930975
-1.560556
-2.463566
0.937049
-0.933043
0.533767
0.467612
0.640733
-0.011175
-1.254695
0.222603
-0.049487
4.433644
4.536578
-1.156383
0.975028
0.849504
3.353825
-0.987173
0.939773
1.826945
-1.011577
-2.470281
0.431125
1.245624
1.230293
-0.506251
0.613800
1.678207
-0.575421
-1.145522
0.865224
-2.112019
2.778318
-0.900225
-0.008202
0.678591
3.529146
-0.583556
0.841768
-2.151064
-3.692917
-0.495302
0.668687
-0.849295
4.512560
-1.089345
0.545862
-0.526540
3.739446
-0.275377
0.235786
6.471676
6.225280
-0.398566
-0.069201
1.988084
8.604143
-0.224745
0.753596
-0.579638
-2.082221
0.224241
2.249555
-3.750062
3.461611
-0.134033
-0.239798
1.281075
6.121200
0.469978
0.699856
2.844059
-2.179548
1.167318
-1.365194
5.783681
4.786716
1.549521
0.042802
1.125995
0.616146
-0.107762
0.441979
2.127890
-0.018568
-1.392545
1.904959
-0.103693
4.456160
-0.506671
2.270896
-2.029031
-4.637454
-2.385735
-0.434091
2.090307
4.285601
-0.795138
0.996427
1.995686
1.941362
-1.852173
1.283303
2.139753
-0.131709
-1.306350
0.559660
5.853786
-1.479594
-1.620868
0.644441
1.206669
0.343911
-0.634038
0.411295
3.019742
-0.021251
-0.701254
1.919608
1.239534
6.418380
-0.604641
0.577362
0.350438
0.781056
-1.266891
-0.076636
4.032179
2.524072
-1.225125
1.530968
-2.940485
2.743699
-1.765782
0.380426
0.837186
3.969724
-1.125653
1.183270
2.968170
-3.332631
-1.057960
-0.681030
8.031196
1.547249
-2.110307
1.772831
-1.801375
1.486716
-1.864084
-1.019541
6.909759
-0.574562
-1.373969
-0.172025
4.608662
-0.682549
-2.410602
0.502476
3.641148
1.455364
-1.362774
0.881739
-2.990631
-2.585696
-0.109918
0.501356
2.357867
0.985608
-1.297273
-1.368217
6.744735
0.234561
-0.418426
-0.825906
6.612299
-1.791674
-0.284925
0.272778
-1.892409
3.121779
0.577003
1.162136
-4.823070
-1.545520
-0.617855
0.585722
-0.112717
-3.015940
0.227746
1.541335
-2.408756
0.963189
-0.159589
0.494978
1.339038
6.245689
-0.852067
0.894001
1.795137
3.124658
-1.290266
0.249563
-1.700543
-1.336238
-0.331260
0.567350
0.921677
-5.371166
-1.559198
1.627975
-2.044774
3.315783
-2.570642
-0.502024
7.932065
1.510413
-1.077253
0.509669
3.844460
0.755080
-1.072369
0.339577
4.421855
9.148445
0.593302
0.303285
3.836553
-2.044652
-1.592472
1.515856
2.389124
1.172126
-0.461319
0.622998
-0.391238
0.827678
-1.460036
0.685774
3.252454
-0.965169
-0.676284
0.258047
4.380146
1.780148
-0.401363
1.596707
1.283469
-4.395234
-3.839690
-0.160633
0.879596
3.240032
0.163045
1.522912
-0.910593
-2.875852
-1.951813
0.175179
6.415148
-0.094878
-2.329135
-0.121203
5.818917
-2.638142
-2.782491
1.222329
1.391718
-5.685112
-0.956773
1.113425
-1.479270
-1.271062
0.205578
0.722847
2.548038
-2.063428
-2.457574
0.793468
-0.649150
3.580405
0.594712
0.690039
-1.921231
-3.889500
0.284022
-0.031262
1.161754
-3.683597
-0.918702
0.700398
-0.534362
-4.664043
-3.089055
0.395216
1.018157
-2.924214
-1.382800
0.813013
0.419954
2.341336
0.780471
0.189755
4.726647
0.448073
-0.881167
0.674603
1.394002
-0.329011
-1.354734
0.820623
-1.700106
3.013152
-1.236357
0.714377
3.986682
-0.087271
-1.760880
1.869056
-2.902587
1.171315
-0.688447
1.026237
-0.031245
3.070062
0.694379
0.738322
0.793849
2.794911
-0.578967
0.294133
0.363122
3.853493
1.411662
0.540720
3.256501
-0.735497
-0.861262
1.608528
-2.150030
6.107348
-0.925324
0.657572
2.163085
3.744858
0.121775
0.420239
2.266918
2.881153
1.082238
2.086634
1.854505
-1.482533
-2.537632
1.735945
-1.052380
5.755080
-0.615857
0.128219
1.310798
0.418842
1.367635
0.346745
2.927007
2.805449
0.110240
1.435866
-0.287413
4.604978
-0.143233
0.524212
-0.685096
0.437885
-0.131467
0.405128
1.436217
-5.636992
-3.158716
0.062674
2.381598
-0.525767
-0.487866
0.073271
-0.026823
2.543423
0.020919
-0.429262
5.840283
4.217065
-0.180617
1.187077
-4.044494
0.183379
-1.271258
-0.435211
4.411852
-1.817346
-2.744814
0.592989
-1.513786
7.361413
0.679367
-0.461180
5.326036
4.761580
0.267700
0.243109
3.059606
-1.102094
-1.026817
0.635316
0.619030
4.925752
2.085167
1.761376
-0.464830
2.720508
-1.650459
0.694005
6.441476
2.826430
-0.268539
1.250209
-1.913802
2.353560
-0.366097
0.204002
1.356460
-0.554875
-0.810855
0.679124
1.634311
0.514437
-0.975651
1.786502
-4.348310
-0.692290
1.686141
0.771440
0.051849
0.068687
-1.858340
0.825314
2.341676
1.422832
-0.419861
-0.435136
7.920747
6.149281
2.827352
0.779631
1.506979
3.402415
-1.459668
1.232860
2.941941
5.643006
-0.358986
0.365110
1.671482
6.234356
-0.586301
0.220275
4.403401
1.232448
-1.379334
0.830499
5.581562
0.705835
-2.653053
1.011147
-0.095110
2.534439
-0.108813
1.088204
-4.998395
1.851882
-0.967078
1.196047
-0.163448
-6.976949
-1.865315
1.098747
4.110636
1.289223
0.881742
0.413207
2.781353
4.941623
0.353470
0.392790
2.484806
2.855108
-0.407749
0.086326
4.573840
5.622532
1.560967
0.306868
7.075940
4.373438
-1.383806
-1.183721
6.894550
0.963787
-0.741572
-0.327224
-0.727399
-5.191099
-0.075694
-0.749824
4.281545
2.484432
-0.604205
0.936270
0.348249
-0.175624
-0.685470
0.859850
-2.164724
-0.720867
-2.329179
0.726371
3.698639
-3.153473
-1.562425
1.005548
-2.826039
-3.817757
1.605247
0.172582
2.396979
-2.573185
-1.221405
1.173001
2.523756
2.179380
-1.581921
1.689056
-2.378040
1.608510
-1.182492
0.134372
-0.371574
3.731099
0.476851
0.643770
0.358171
-3.477384
-2.727033
0.902192
0.532214
4.961966
0.074747
0.903247
0.724050
-2.768844
-0.445846
0.249445
3.310685
-1.404308
-2.215358
0.494355
4.037224
1.014677
-2.785831
1.096061
-0.023023
6.067163
-0.974830
-1.183185
8.434232
0.640852
-0.593523
0.434149
-3.345125
-1.245058
-0.310107
0.700030
-0.613855
0.123782
-1.169870
0.050757
2.486885
-0.093132
-1.127948
1.917322
-3.549749
5.355213
-1.736325
-0.492658
4.244222
-2.573697
0.812830
0.244819
0.076657
3.785720
0.353731
1.021222
-0.279522
0.523721
-1.191193
0.582592
0.811017
-0.964222
-0.865115
0.598117
-2.609617
-1.935948
-0.935200
1.494314
-2.218461
-2.542094
-1.230571
0.467287
2.637354
-1.456168
-0.835670
0.449931
0.803528
4.510208
0.185353
0.707865
-0.667838
2.394944
1.043731
-0.002762
-1.367952
0.818361
-1.218619
