0.037995
11.044172
0.010591
-0.041966
-11265.511491
39632699.466843
240487.376456
37.750622
-2691.989451
14390291.991627
-24251.280534
105.465570
-11274.420759
39664044.766656
240677.930149
37.778648
-2693.138020
14396300.434981
-24228.218968
105.511842
-283.734501
1481321.007421
2388.460312
149.649230
0.048246
12.176697
0.041993
-0.058281
-283.969710
1482548.844254
2390.810236
149.771180
0.048369
12.202606
0.040772
-0.059338
0.022914
166.365535
0.765346
0.054834
0.039354
10.395032
0.007245
-0.042919
0.022814
166.491332
0.763782
0.053766
0.039537
10.256445
0.005804
-0.043931
-11303.377193
39765917.126032
241296.082017
37.872610
-2698.497776
14424339.394947
-24122.394174
105.705729
-11312.286968
39797262.662763
241486.147637
37.900828
-2699.646229
14430347.573286
-24099.630166
105.746767
-284.734111
1486542.248450
2399.304187
150.167267
0.048145
12.512956
0.037949
-0.057806
-284.968843
1487770.865610
2401.605128
150.292784
0.048088
12.682904
0.037320
-0.058244
0.022568
166.303363
0.759356
0.054609
0.039486
10.264114
0.015234
-0.042736
0.021816
166.334724
0.757275
0.053520
0.039158
10.358266
0.015876
-0.042625
-11341.243129
39899135.297951
242104.049500
37.991206
-2705.006843
14458386.147320
-23993.235074
105.941151
-11350.152870
39930480.657396
242294.233800
38.018250
-2706.154690
14464394.502562
-23971.355116
105.981269
-285.732382
1491762.860947
2406.004408
150.697632
0.048606
12.702900
0.038050
-0.058912
-285.967737
1492991.430895
2407.763564
150.824127
0.048733
12.621732
0.038379
-0.058776
0.023156
166.077202
0.762012
0.053845
0.039524
10.325230
0.014262
-0.044340
0.023369
165.719677
0.760536
0.055669
0.039954
10.125583
0.013301
-0.044906
-11379.108940
40032352.975672
242912.438790
38.115463
-2711.514223
14492433.303597
-23864.898202
106.165165
-11388.019836
40063698.993322
243102.416834
38.144569
-2712.662300
14498441.433367
-23842.032571
106.209428
-286.732689
1496984.422373
2414.787795
151.227649
0.049113
12.885542
0.040701
-0.057792
-286.967814
1498212.856083
2416.769781
151.352739
0.049344
12.756344
0.040864
-0.057302
0.023540
165.644236
0.755788
0.052527
0.038141
11.039410
0.016908
-0.041939
0.023457
165.636387
0.755665
0.052185
0.038171
10.792347
0.021112
-0.040829
-11416.975746
40165571.469057
243720.369861
38.232218
-2718.022025
14526479.316001
-23735.783717
106.394369
-11425.885422
40196917.000390
243910.557393
38.260913
-2719.169681
14532487.461216
-23713.269519
106.433464
-287.731327
1502205.191505
2422.426996
151.745844
0.049868
12.674674
0.039342
-0.058627
-287.966706
1503433.617021
2424.409707
151.871135
0.050088
12.613459
0.040812
-0.058337
0.023194
165.716652
0.753885
0.050895
0.038363
11.005745
0.020350
-0.040761
0.023329
165.649826
0.755616
0.052080
0.037987
11.048467
0.024720
-0.039537
-11454.841632
40298789.391824
244528.221629
38.352283
-2724.527901
14560524.998737
-23607.022759
106.624005
-11463.751313
40330134.670731
244718.670580
38.383584
-2725.676360
14566532.810525
-23584.570598
106.665923
-288.730237
1507424.587759
2428.469824
152.275279
0.049409
13.084569
0.045027
-0.057227
-288.965031
1508653.520135
2431.866963
152.399766
0.049629
12.851021
0.044728
-0.055834
0.023567
166.147622
0.759156
0.051857
0.037846
11.030760
0.021269
-0.038591
0.023404
166.196816
0.759278
0.052102
0.037712
11.150753
0.024177
-0.037452
-11492.708250
40432007.838454
245336.973969
38.478673
-2731.035547
14594570.909542
-23478.257745
106.854470
-11501.618579
40463353.038681
245526.781019
38.504510
-2732.183482
14600578.919191
-23455.358110
106.896719
-289.728861
1512645.058212
2439.521028
152.800081
0.049589
12.314531
0.050399
-0.054592
-289.964225
1513873.146813
2442.339152
152.916772
0.049256
12.506213
0.049824
-0.054435
0.023459
166.174561
0.758348
0.051449
0.036132
11.288332
0.026124
-0.035047
0.023353
166.305064
0.757272
0.051225
0.036225
11.340634
0.025927
-0.035950
-11530.573797
40565225.729153
246145.024186
38.597274
-2737.542823
14628617.697247
-23348.690964
107.085265
-11539.484344
40596570.919017
246335.100745
38.628827
-2738.691208
14634625.646556
-23325.999551
107.126432
-290.727452
1517863.967755
2449.007988
153.315405
0.051129
11.921598
0.047667
-0.054892
-290.962404
1519092.436595
2450.622714
153.440788
0.051990
11.760728
0.048193
-0.054995
0.022126
166.867557
0.772658
0.055006
0.036984
11.160332
0.024275
-0.038193
0.021938
166.988622
0.772343
0.053941
0.037152
11.039604
0.024317
-0.038090
-11568.440172
40698443.613495
246952.932125
38.719863
-2744.050233
14662664.153757
-23219.471265
107.314900
-11577.349536
40729788.828381
247143.482110
38.748445
-2745.198390
14668672.219473
-23196.712573
107.353850
-291.727534
1523085.420336
2457.938249
153.843231
0.052552
11.469783
0.050561
-0.053318
-291.962955
1524313.799941
2458.966185
153.964325
0.052087
11.727317
0.050937
-0.053059
0.022132
166.806129
0.757761
0.053109
0.037207
11.021014
0.024371
-0.037644
0.022330
166.700818
0.758053
0.053139
0.037558
10.942132
0.024921
-0.038103
-11606.306497
40831661.516863
247761.827981
38.841830
-2750.556571
14696709.823079
-23091.173475
107.540587
-11615.216153
40863007.130205
247952.081049
38.871429
-2751.704814
14702718.352878
-23068.412839
107.583524
-292.726836
1528305.465909
2465.366167
154.365342
0.051969
11.888742
0.052513
-0.052345
-292.961656
1529533.113263
2467.321121
154.490861
0.052762
11.613287
0.053774
-0.051794
0.022309
166.900199
0.761721
0.053958
0.041645
10.441678
0.030147
-0.036408
0.022219
166.929253
0.763060
0.054422
0.041571
10.447919
0.028762
-0.037124
-11644.172789
40964879.605022
248569.962488
38.966134
-2757.063738
14730756.344803
-22961.507060
107.773577
-11653.081670
40996225.063068
248760.043450
39.000534
-2758.211867
14736764.514415
-22938.599536
107.813876
-293.725237
1533525.838360
2469.650215
154.894562
0.052918
11.590175
0.060001
-0.051875
-293.960201
1534753.580708
2473.242203
155.017425
0.052686
11.810388
0.058232
-0.053615
0.022130
167.060713
0.761766
0.053250
0.040621
11.167270
0.032334
-0.034491
0.021571
167.032660
0.759392
0.053695
0.041664
10.477840
0.032624
-0.034492
-11682.037575
41098097.517171
249377.959264
39.093254
-2763.570101
14764802.799100
-22832.283621
108.005380
-11690.947279
41129442.847075
249567.914377
39.122102
-2764.717391
14770810.750070
-22809.527876
108.041874
-294.723675
1538747.214387
2480.851376
155.419609
0.052935
12.107880
0.057340
-0.052762
-294.958680
1539975.547213
2483.201312
155.541622
0.053252
12.064369
0.060689
-0.052207
0.022243
166.585387
0.756504
0.052453
0.041414
11.134269
0.035724
-0.035411
0.022459
166.490462
0.754813
0.050568
0.041969
10.810494
0.037923
-0.035886
-11719.904553
41231315.446272
250186.580774
39.218106
-2770.075976
14798849.412643
-22703.504256
108.229153
-11728.814346
41262660.890777
250376.770956
39.245777
-2771.224617
14804857.973136
-22681.396158
108.270862
-295.722346
1543966.742214
2490.024536
155.939408
0.053155
11.822413
0.047124
-0.052519
-295.957581
1545195.709534
2491.434514
156.064180
0.053200
11.722114
0.039684
-0.055930
0.022820
166.420837
0.757317
0.050404
0.041821
10.850719
0.026902
-0.036385
0.022833
166.561014
0.758297
0.049599
0.041712
10.923062
0.025411
-0.036557
-11757.770181
41364533.425775
250994.816211
39.338242
-2776.583056
14832896.003270
-22576.031435
108.462496
-11766.679682
41395878.874788
251184.886348
39.367588
