551.420966
538.168624
527.373263
535.183319
533.566663
534.862731
534.875058
541.371566
547.854773
558.465426
548.992009
543.730537
538.389463
541.953627
535.382265
555.879594
550.359377
547.809540
536.534297
526.388960
535.781359
543.366132
548.471499
521.134526
534.357826
538.049516
528.179749
544.469169
536.714917
515.706735
551.151276
542.472956
537.023758
549.539245
537.107424
533.759775
551.535286
536.358333
528.123294
536.983079
534.819503
535.901135
534.184191
540.023842
547.627790
558.052206
547.563110
541.921284
537.169014
540.064983
531.864749
557.223408
548.867524
546.179371
536.850965
525.736887
537.117858
542.812501
546.933594
520.642592
532.732350
536.456096
527.635985
544.455627
537.107039
514.615908
552.417017
542.182103
536.827056
551.480337
537.231534
532.260897
552.553336
536.981808
528.460923
537.463636
536.383578
538.248287
533.680422
540.931813
548.932078
557.019415
547.417492
541.148844
538.219960
539.488835
529.738595
558.499758
548.182300
545.916679
537.918469
526.411372
538.649810
541.602450
544.304555
522.180072
534.554912
536.228834
529.123791
545.356173
537.557741
518.258605
551.424921
541.831215
535.931977
551.170962
536.845092
532.117017
552.289747
538.300277
529.962974
539.375056
538.724058
538.038092
533.763485
540.390729
546.457291
558.717967
548.511469
542.141836
537.472990
538.293430
530.310772
559.446563
551.410868
547.293228
537.421443
526.458527
539.276997
542.519530
544.702112
522.728070
536.357134
537.596970
529.357880
545.364152
538.562812
517.138301
552.958983
542.523293
538.206315
550.460735
535.676201
531.580648
552.611499
538.543690
530.641397
540.477876
540.230791
539.510631
535.258889
540.104690
546.162343
557.721480
547.907086
541.806139
538.181076
537.695020
530.238383
560.176930
550.085616
545.740141
535.609890
525.090051
536.315878
542.474173
543.257238
521.696929
536.794532
538.622981
527.567973
544.288535
537.098385
516.006276
552.632194
540.401070
536.057634
550.533288
537.468535
533.612576
553.060706
540.259753
530.674286
540.546220
538.755208
539.904974
535.236963
541.433280
544.481833
557.666236
548.913587
541.898687
536.591641
536.242676
530.887927
558.784513
551.543867
546.085500
536.047935
526.370469
536.191258
543.280384
545.477168
522.990345
536.908616
540.418540
529.419916
545.013618
538.978196
515.619773
554.340406
542.857760
538.284402
550.414158
537.182660
536.201439
556.786026
544.947105
534.077555
539.364723
536.678090
538.974298
535.878931
541.754358
545.978298
557.752282
548.319632
540.964221
538.596210
537.903596
529.269903
557.824379
549.677706
545.449375
536.749383
527.013477
537.391692
542.405006
543.642564
523.866950
537.494934
540.245602
530.854009
544.200017
538.061533
516.256209
554.109196
543.439946
539.419200
551.756916
538.112406
535.662767
554.719885
543.722891
533.734478
539.844683
537.109161
536.761232
536.998161
542.190464
544.663325
559.301236
550.263988
540.951326
536.616433
534.913920
529.171980
556.870471
551.062857
546.756291
536.371151
528.241933
539.038522
542.828269
544.478306
524.820340
537.020843
538.882833
531.599291
544.587725
539.745140
517.084244
554.096769
544.821461
539.220780
551.070539
538.619529
536.750544
554.116792
542.655547
533.899520
540.100237
537.226911
535.753755
537.287269
539.463062
543.621341
555.930326
547.548666
539.238568
536.283869
533.850439
528.246177
557.424084
550.942626
547.002613
533.973077
526.938074
538.972286
545.375665
546.248571
525.951266
538.580304
539.691265
533.722851
544.668317
538.704084
516.940647
553.142554
545.307475
538.332435
551.061595
538.119519
538.437130
556.153022
545.271242
534.610429
540.774213
538.310817
538.045703
538.641932
542.567917
545.333415
556.067337
549.316898
540.647193
536.460905
534.027872
528.301850
556.710751
553.044003
546.340971
530.216601
523.969272
539.511324
544.576272
544.964609
526.048523
540.433700
540.301764
532.529449
543.666986
537.172453
515.408340
551.543776
546.163719
538.528600
550.622000
537.359317
538.292106
