543.661508
543.689467
539.969892
541.554252
543.452038
545.491130
546.400393
546.141976
544.062033
541.510636
543.188564
537.723831
540.024882
542.525039
541.671266
537.156109
538.672205
541.974388
538.255883
540.511104
542.523579
547.542029
546.368283
547.171745
542.065020
542.452908
544.946113
541.554729
541.893801
541.641052
537.744510
539.660045
539.418593
542.867209
543.643417
541.842587
542.201453
540.369363
542.963641
539.011480
539.036768
539.722143
541.173230
541.538976
539.957287
541.764505
544.410458
542.729540
540.007355
541.913837
540.554120
544.273418
544.265993
542.092383
545.128960
545.352709
542.242504
540.800317
543.604098
539.339215
540.437805
541.730192
542.994477
542.688721
539.554636
540.892460
542.879228
543.907845
539.218674
541.541792
542.663706
542.984986
541.277328
544.295400
544.819178
542.063379
543.236894
540.868151
541.142924
541.696495
540.078486
539.065853
542.809588
540.726954
544.861466
542.909231
541.267344
546.839179
543.073787
547.475219
539.363798
539.478365
541.740877
539.300123
540.158447
538.937779
540.018924
540.095206
541.661339
540.647968
541.518034
542.416115
538.504265
542.525558
546.157748
544.031222
545.103077
544.497507
541.052648
541.265336
542.772039
541.387015
543.825757
542.092371
542.140549
542.819919
539.058143
540.667216
538.019228
539.009110
539.848795
542.370286
543.197487
541.027905
540.995022
542.396870
546.749510
546.528452
544.917826
541.873322
540.554543
544.780529
542.077486
541.079657
542.046667
539.332986
542.835922
543.427276
540.899269
542.529490
542.095962
539.082649
541.915841
545.016348
542.156010
540.455028
537.110579
542.265467
542.645876
540.472007
540.861077
538.390450
536.089216
543.581642
544.070514
544.246217
541.945370
545.220851
542.330876
540.684240
545.267728
543.888770
541.123062
544.959703
545.951285
542.705601
544.881345
542.334317
543.746631
544.002369
540.584964
542.085162
545.461329
542.467851
543.310882
541.954521
540.968746
542.763059
542.061195
541.987568
540.483853
542.179643
545.256825
541.711220
540.641978
538.983993
538.748522
539.044085
540.285328
547.574382
546.473534
547.072587
542.858730
543.914397
541.926308
541.859331
540.372065
539.176674
539.489199
539.453126
540.116699
540.839985
543.409050
543.469643
540.068224
542.089308
543.229783
541.498769
544.153320
543.820952
541.216344
541.864015
540.627788
541.137151
540.899080
542.010881
545.028133
545.304131
543.181288
542.162047
544.586777
540.421858
541.511544
543.671461
541.622725
542.243194
542.050864
541.130052
539.688826
540.184904
538.576019
542.453986
539.404887
540.734171
544.233341
543.225443
541.264021
539.933457
537.175811
539.938484
540.096580
541.034762
541.460985
540.041702
539.730678
540.270583
544.136536
543.955080
543.489146
542.466605
544.005389
539.210896
544.897693
543.000808
541.267563
539.818228
539.234210
538.113236
541.983318
543.820992
542.337247
541.028060
538.926974
540.993869
540.340630
539.534313
539.108048
539.215837
539.227176
537.330036
539.602179
540.250223
538.108043
544.250521
545.577617
544.408395
541.138041
541.200645
539.500283
543.342907
543.441111
543.404130
541.472950
539.408843
539.683231
539.176059
541.865686
540.619715
539.954571
542.353844
542.295799
541.917180
540.706938
543.881365
546.740361
546.452600
544.779340
540.232213
545.338150
542.443194
542.796326
541.912613
537.533066
540.417814
541.246645
542.786584
540.501930
540.707589
537.495655
539.085143
539.167554
544.579627
538.558715
539.104387
540.144437
542.470328
542.888901
541.046316
542.128907
542.922118
539.631539
539.701253
537.950893
539.932703
542.037681
543.416971
542.776780
540.489344
540.704173
544.709411
541.061990
540.732476
539.484378
539.520875
539.612122
540.071793
543.652282
544.158158
540.804709
541.983587
543.770013
545.744013
539.915601
541.619747
543.111697
543.564632
541.683640
541.066043
545.102444
543.404557
547.438415
539.704302
540.086724
541.238022
540.048271
541.517125
543.022726
547.465500
546.282076
546.909006
542.315996
542.667343
544.984686
539.816206
543.348229
542.202338
540.562144
542.363603
541.619007
541.584061
544.404499
542.539147
538.896901
538.858219
543.454418
540.912298
542.057458
541.507644
541.170866
542.097815
540.482811
541.711756
544.185886
542.853766
542.779796
544.046574
544.413655
545.967447
546.357747
547.060947
543.632293
542.000104
540.907591
539.258841
543.220142
541.882993
541.005850
541.075651
540.440815
542.344173
539.060900
540.865451
542.922558
543.917220
539.332072
541.288471
541.987479
542.347285
541.049268
541.965484
538.406669
538.471917
541.289927
541.775894
539.022770
541.171873
540.895511
542.280502
541.324386
543.256399
545.017342
542.966109
541.160050
546.488184
542.974931
547.402356
541.050031
542.470448
544.154016
542.640657
545.677362
541.631914
537.836752
541.616134
539.804153
540.067439
538.948363
538.551293
543.610978
542.199356
538.087456
544.412957
545.580258
544.532458
540.770553
540.943866
542.411835
542.550414
544.829113
540.999942
544.025864
540.524488
541.814303
537.576090
540.504562
543.042782
539.549800
543.073883
539.877146
542.218099
542.275681
543.614545
547.055066
546.561795
544.849922
541.864766
540.469017
544.808929
542.509528
541.355808
540.136430
539.697666
540.120852
539.759217
540.306806
541.921070
544.224182
539.395128
538.857289
541.809623
540.489951
542.926985
544.493799
542.360237
542.793930
541.080748
540.892182
538.209068
536.078372
542.964242
544.188070
544.471223
542.237088
541.944306
542.539764
539.863506
537.449739
540.182511
540.895321
543.313032
543.498357
541.739301
543.290684
539.737905
543.682062
544.204616
540.670904
542.398011
545.694188
542.665648
539.700025
540.466181
539.638366
540.396939
539.636139
541.873770
542.996660
544.093900
543.771233
541.062478
542.787400
542.296845
543.283105
544.996586
545.933680
547.697452
546.301997
546.905579
542.964770
544.110172
542.352821
539.760332
541.669007
541.552561
544.396288
543.677052
541.369073
540.377562
542.303009
545.020477
539.001346
540.144956
541.164590
542.743630
543.300740
546.083999
541.152510
542.043581
540.565525
541.065488
540.864883
542.152394
541.105715
542.488422
540.949497
541.671451
540.860135
542.804062
541.006812
542.929464
538.499893
540.114698
543.627562
543.640322
538.819550
540.634562
540.051587
542.070686
538.964234
540.665243
544.189407
542.998844
541.040935
540.047800
543.176688
539.974985
540.384763
542.720206
539.072689
542.807300
540.862925
544.853188
540.905449
540.854409
541.835917
540.880738
540.467438
542.077998
545.293385
543.241612
541.445142
539.501800
538.963363
538.022721
539.542802
541.417536
545.161842
540.815781
542.657776
541.585258
543.085149
542.835945
543.352861
542.778784
541.015077
541.627316
539.435328
542.296471
540.821665
544.388357
545.548221
544.163088
540.977150
541.620321
539.489705
539.086667
542.099920
539.607918
540.085560
540.109215
538.607506
539.131078
540.815373
544.477131
540.395281
542.788114
539.729697
540.422800
544.494001
542.175334
546.883887
546.455844
544.653414
540.241973
545.297239
542.376464
541.498712
542.009337
541.685294
539.462646
537.010661
542.208654
540.241220
539.006893
544.569804
542.733560
542.026052
543.431123
545.150649
541.540291
541.444004
542.479167
542.656671
540.891507
542.187298
542.877691
539.684377
539.420725
541.899203
538.546816
540.090392
542.094816
542.042445
541.928443
539.221336
539.469090
541.285358
542.127844
542.876936
544.316862
544.116921
539.844039
543.891382
544.470925
540.768736
541.984028
543.785564
545.596503
546.334658
546.099703
543.947996
544.171020
545.676597
547.274463
538.676708
540.379953
538.563443
539.906868
540.267922
541.314819
538.280803
540.471150
540.506276
547.736733
546.289352
546.867492
542.150370
542.817746
544.989149
541.804388
542.179314
541.276640
540.217977
546.530355
541.118013
541.236248
543.439863
543.312828
540.637960
542.465855
540.205409
543.134030
542.664407
542.801097
541.399200
542.197318
541.002972
541.634923
544.328691
542.628016
539.785348
541.867756
540.454288
538.209074
539.112819
541.197818
542.871090
543.184858
539.828301
539.405773
537.857507
540.960291
540.478367
542.074281
539.748870
541.791520
538.872947
541.093312
542.747475
543.910496
539.461256
541.503281
542.696318
542.966429
543.015583
542.387010
542.192240
540.025916
541.369410
539.625884
543.059654
544.118604
540.151505
540.479989
542.211444
545.596540
544.829163
543.050737
541.554324
546.717346
543.171644
547.261731
538.901234
539.143135
541.729517
539.223470
541.372770
543.778954
541.726356
542.908990
539.700968
540.104850
539.658863
538.752257
544.411074
543.431776
542.332399
544.230241
545.636848
544.239472
540.485612
540.884451
542.368676
541.536482
543.736172
542.155206
542.838334
542.623200
542.799661
540.771074
541.386016
545.361466
538.461961
537.428081
540.599131
539.137166
542.481753
543.762916
547.013959
546.497298
544.664400
541.947067
540.497860
544.711287
541.991193
541.096400
542.300254
544.209464
545.638309
544.233244
541.636083
542.475022
546.616789
543.229499
544.970730
543.155656
541.501959
540.688472
538.426235
542.061254
542.198753
541.013317
540.822124
538.442230
536.203235
543.686003
544.177250
544.024846
537.193177
536.790653
538.159480
541.863633
543.464544
543.706765
539.797085
541.440403
544.192927
541.363806
542.293692
542.710207
