543.201863
543.656359
542.721079
543.589855
542.551992
541.436065
543.787517
543.498523
543.496948
537.668676
540.435538
540.478310
538.496672
539.212262
539.717041
542.435223
542.596581
541.647235
542.598959
542.053396
540.749587
544.739136
542.606099
541.007956
541.545214
543.930702
547.721213
542.778985
540.634714
541.075296
540.029748
541.940865
545.105244
543.210491
542.554789
544.431313
543.192695
542.974232
541.772207
539.669215
541.540328
542.112590
540.709416
538.650388
541.084143
542.490633
541.683367
541.852723
541.278735
542.037669
540.969971
541.924690
540.587649
542.593855
543.802629
542.158120
540.051916
543.415998
543.982766
541.721198
541.469198
540.978305
541.380038
540.706709
540.128746
534.856166
542.846863
540.529159
540.460701
539.255481
541.699394
539.942123
542.579949
542.094780
544.445750
542.993251
541.875942
539.424017
540.224602
538.955163
542.498867
539.754200
538.773499
540.960428
539.176876
540.038575
538.170177
543.901092
542.326289
541.684354
543.220904
544.771656
542.374372
540.138200
541.296226
539.698578
541.354004
538.940478
543.260568
542.615515
542.746561
539.807561
542.654956
542.864819
542.796602
543.127362
543.574182
539.694174
542.243151
546.224789
546.516784
545.442798
543.980544
540.208623
543.899241
545.689508
537.876552
543.501485
543.291833
542.210202
539.212802
540.852552
540.750892
543.218311
539.644330
538.543472
543.577290
540.544301
535.037050
543.382429
543.243261
540.670370
542.795659
543.719798
543.652152
540.190858
542.513320
541.366692
538.534116
540.982290
541.790904
542.411960
543.317217
541.468668
539.923837
539.054809
540.833319
542.524853
544.895845
543.487486
542.809745
542.051779
541.919969
541.554841
539.612781
540.357167
542.908237
545.002207
545.493198
540.216610
542.635130
543.738828
540.424556
542.453984
542.393171
539.816839
541.200806
545.052658
543.031929
543.675666
542.811403
543.595411
543.046934
544.225421
541.033088
542.570047
543.333444
542.526045
542.505542
542.040073
539.830901
539.018284
545.822042
541.175372
538.806463
539.175104
539.300529
539.144658
541.551931
544.861541
542.629243
541.149968
541.100528
542.814543
540.642112
542.352636
542.240618
546.202474
542.531478
542.034189
540.218008
540.874852
539.448420
542.039633
538.956229
544.047325
542.968027
538.848688
540.399295
541.759605
540.699628
538.655202
541.014867
539.651299
539.860668
534.763948
543.028174
543.953218
546.157486
538.450688
539.726613
540.009069
541.824368
544.556414
544.205804
540.753972
541.482157
543.992753
543.663412
544.908687
545.206216
540.544074
539.958832
534.401249
541.636484
539.238851
540.409745
539.661800
541.342906
537.459675
541.951215
540.479284
543.362349
539.683036
540.209055
539.126189
542.931208
545.250919
540.071339
541.675384
541.960668
541.208385
539.145061
539.917888
538.222708
542.182866
541.920007
540.513456
543.694703
542.470879
543.919635
539.259521
540.889139
544.105194
538.889037
539.675174
537.674496
541.773549
542.788448
543.346559
538.919486
540.540894
540.889156
543.273048
543.433287
539.441413
541.426784
542.779924
545.821810
545.467641
542.880771
544.093707
542.260832
541.982508
538.315362
545.090467
541.861214
541.784654
542.852290
543.630134
543.370735
541.648251
543.252366
542.650379
543.497818
540.476736
534.541595
540.816872
540.829085
539.385349
539.010272
538.849891
537.017627
541.322296
542.281000
543.318358
539.541920
543.019473
542.422346
535.970722
538.973807
542.407525
540.753085
542.933376
544.785389
542.591524
544.850558
543.478885
543.240499
542.996398
542.862247
543.584016
541.161554
542.861157
542.531764
545.352918
543.097174
538.074541
540.590469
543.404214
540.332996
542.211530
541.886695
539.632265
543.836282
544.450781
542.714568
543.311677
542.569148
543.670032
542.782760
541.533890
541.706650
540.688981
539.733830
542.832325
538.299239
541.620237
541.158339
541.779500
542.091766
541.453573
545.743134
543.733801
540.487933
542.699632
543.620923
544.681471
542.629256
541.189135
541.662371
544.111120
547.804820
542.355610
546.180829
543.466402
539.749040
542.821228
542.336517
542.301102
541.518052
544.600176
541.037904
545.102985
544.165974
540.947172
543.620553
546.025929
541.029410
538.711977
540.763831
542.705039
542.098912
542.182567
539.292180
540.326107
540.046835
542.561294
540.278557
538.759123
538.298428
542.509603
539.644919
538.389982
541.159211
538.213638
540.500551
537.736570
540.296251
540.397754
539.834937
534.644037
542.800547
540.641178
540.192175
539.449793
540.814736
542.903445
541.644941
540.145099
541.230943
541.112078
541.657697
539.728944
542.280561
542.268686
541.890941
541.227747
540.726013
540.307789
539.106690
539.854213
538.023511
543.981622
542.572775
541.692680
543.617285
544.330115
545.017530
540.130712
540.646046
543.552195
542.790339
542.812811
542.673739
542.527397
546.056793
540.496967
539.481163
541.086624
541.015934
543.269213
543.534018
539.718015
542.462590
546.352419
546.349826
542.845821
542.684999
542.621150
537.662154
539.860723
538.134694
537.928412
541.078914
541.661434
541.786966
543.591864
543.361779
541.954616
541.346831
541.808712
543.343989
540.560976
534.919549
543.563751
543.361224
540.259311
542.394377
543.392100
545.779105
542.487254
543.454456
544.294088
539.390203
540.469392
541.844543
542.282402
543.067053
543.212224
539.918343
543.319498
540.419860
542.680537
544.819733
543.181812
542.881864
541.982929
541.970643
540.257952
539.590765
537.868733
542.159527
540.783290
540.890908
542.231059
539.556170
540.174354
542.297263
543.560069
542.556391
542.090008
542.109488
540.905191
542.695345
543.483326
542.645584
543.565888
543.240607
544.741708
540.861950
541.447767
545.995787
539.271864
539.102144
542.057854
539.344231
541.698289
541.518896
544.371712
544.348662
546.569037
540.229473
543.906479
543.545756
544.325742
542.257765
541.199302
541.092259
542.822528
540.514850
542.357417
541.243035
539.590067
541.099443
541.322350
541.035825
542.528752
542.253307
540.518279
541.198889
542.247715
544.720327
543.489749
545.234948
544.024860
541.054196
538.716223
540.860382
539.666855
539.700447
534.420108
543.660393
541.986728
542.031216
542.161688
544.723552
545.225623
540.352756
540.335037
544.068555
543.976846
542.983787
545.292966
543.179203
542.242296
543.454031
540.501109
540.001244
534.583743
541.632867
539.115441
540.411791
542.974832
544.279243
543.616248
543.315298
542.419292
545.627476
538.697663
543.011081
541.298439
540.362027
541.088172
540.971967
540.624248
543.733375
543.081289
539.295961
539.870009
537.976746
541.881662
541.695118
540.363269
541.401113
542.393849
545.939170
542.021271
545.232093
546.610387
541.679222
542.814335
543.370660
543.513331
543.582837
544.658925
538.850517
539.711888
540.722850
543.198980
543.482521
540.107798
541.168480
542.878402
546.213399
540.986120
539.670338
544.157950
541.696594
542.550889
543.691383
538.672083
540.934293
537.957862
543.640239
546.505699
548.500078
543.945857
545.516182
545.430934
543.532923
540.687301
534.960680
540.538388
540.952627
539.255148
540.223712
541.811166
539.664308
540.773239
540.407912
542.790320
543.879034
540.270082
537.379650
540.168442
540.650739
544.926741
538.640020
542.224852
544.115432
542.614072
544.774170
543.186394
543.595157
543.262900
543.046943
543.073057
547.224909
547.356583
542.426716
542.484330
541.508307
540.935794
538.020143
539.680483
537.637847
539.442476
538.578355
536.542210
536.982539
535.988435
542.794220
543.668016
543.010202
543.214104
542.309288
541.461559
543.422132
543.303802
543.365876
539.426798
541.405990
539.314437
542.336071
540.645947
541.498680
538.501668
538.178820
541.685691
542.517900
543.626633
540.819043
544.250847
542.068499
540.986347
541.968408
544.211471
548.085718
542.729757
540.580737
541.083777
539.139452
541.044161
544.825119
540.256610
540.828841
540.566236
539.668023
539.935199
540.031596
539.539768
540.895014
541.137958
541.419425
538.843007
540.639683
542.810720
542.008963
542.195288
541.260962
541.891081
541.225292
540.163675
541.785155
541.929715
541.164454
544.459080
543.122931
541.774454
544.110877
542.288129
542.080207
541.381692
539.368470
540.645502
540.173480
534.617014
542.775450
540.771508
540.434302
539.274589
541.771340
539.979291
540.422133
540.105705
539.828382
543.245697
543.589490
540.753868
544.708449
545.561093
544.064718
537.916467
542.493890
540.967608
539.494421
540.109838
538.204194
543.695177
542.645285
541.844743
543.121074
544.707282
542.321915
540.506790
540.573196
542.252651
542.356348
540.849294
543.189060
543.459208
539.383452
538.164739
539.681104
542.857175
544.215325
542.906100
543.414890
540.170084
542.482787
546.223450
546.073371
545.259393
543.720562
540.520220
541.506867
545.175666
541.252418
540.693872
539.984352
542.198489
542.069504
542.499951
541.444815
539.143658
539.348515
539.923175
543.378791
540.667537
534.910036
543.890868
543.561654
540.667569
542.429689
543.644824
543.368379
539.382320
540.407170
538.135731
541.423490
539.098728
538.616985
540.882355
542.773447
542.377285
543.434414
544.516545
544.002527
542.706785
544.894068
543.190015
542.818293
541.961538
542.205880
541.426832
539.766876
540.473162
542.594523
544.347354
544.051353
539.992611
541.723184
541.998116
539.513404
540.798096
540.019665
539.007872
538.546329
539.612922
