560.361563
553.167673
548.350687
538.178807
534.983842
541.455784
538.431634
553.133920
550.224050
536.967022
533.670332
540.425717
538.625648
552.667621
550.119406
531.131020
529.668670
532.174676
545.950988
538.190059
537.759243
531.726152
530.245892
532.687762
546.052278
539.217645
536.545628
559.926732
549.784175
540.419858
559.513830
553.716596
549.197379
559.425661
549.772009
540.798155
557.736279
553.019220
550.227715
538.612767
535.061682
541.340094
538.930688
551.665930
548.099905
537.511253
533.606005
540.547925
538.818788
551.035233
548.529238
533.420688
532.005489
532.413045
546.725643
537.097633
536.144461
533.742269
531.682923
532.261979
546.417853
537.827242
536.108997
561.566237
551.808231
541.075914
558.259953
553.672499
551.543898
560.474473
551.411878
540.316154
557.962053
552.975056
551.293278
538.310331
534.274530
542.375581
540.250713
551.545177
548.225534
538.157467
534.413198
541.677127
540.203488
551.564945
550.151783
533.875701
532.516359
531.531927
545.622299
535.721665
534.851301
534.739224
533.662756
533.059966
546.444026
537.146760
534.774094
559.229748
550.583318
539.444907
559.184068
554.443911
552.392180
559.739960
552.136843
540.774515
559.940872
553.619202
551.573310
538.257542
533.155783
540.623753
539.888689
550.857606
548.656631
537.102290
531.084642
538.881668
540.643762
551.255790
548.989399
534.694506
532.276963
532.906612
548.725437
538.111523
535.472107
534.559442
532.671797
533.170560
550.222912
538.588405
535.829636
560.087038
551.187102
539.257560
559.142825
554.352006
550.646267
560.076522
549.965378
539.410208
559.506363
554.047254
550.949956
535.427008
531.703496
539.627734
541.970579
551.203367
548.392517
537.053840
532.900328
540.640863
541.367114
550.938652
548.849882
535.763457
533.357696
533.605152
549.743629
538.750988
536.507625
534.996137
533.002859
534.834909
548.981959
538.339518
536.209221
557.927071
550.176580
539.384025
562.612904
557.020153
552.089384
557.661710
550.001997
539.669291
561.998400
556.705928
550.955375
536.518919
534.277361
540.166095
542.062641
549.843518
548.188335
536.550609
534.342686
539.634197
542.323406
550.572825
548.790548
533.945760
531.503274
534.295520
548.458960
538.644289
537.222001
534.389352
532.210088
536.121096
547.627228
538.158826
538.411134
557.587791
549.085466
540.220283
559.932932
554.858072
552.387648
556.928834
549.044139
540.585474
559.484585
554.503620
551.120612
535.321329
533.161402
542.029295
541.706517
548.128386
548.989038
536.417185
534.481140
543.194616
542.302278
547.516799
547.860327
533.251155
530.353583
534.388597
545.495665
538.535259
537.156881
534.202585
530.440386
533.932234
546.058546
539.202276
537.110344
556.986434
548.518649
540.872700
558.046571
552.518946
548.801621
557.436784
549.450741
540.815515
556.263098
553.171101
548.544716
534.223013
532.852291
541.973967
541.521177
546.760447
547.116288
534.702188
533.576958
541.538259
541.885858
547.240807
546.774332
534.921476
530.088162
532.171912
547.657897
560.766576
537.140140
533.314647
528.324326
531.252495
549.572589
573.415329
539.917455
559.106938
549.128904
541.515856
555.185345
551.722292
545.412192
559.547357
549.481925
542.010836
555.375958
551.634648
545.813312
534.985873
533.207669
539.726869
542.560833
547.211320
547.726363
534.084812
533.557703
539.386791
541.927999
547.154506
547.880957
531.183876
527.285107
530.640743
553.405542
632.661798
541.048266
532.244635
526.618011
530.802208
553.961137
645.724553
541.930390
557.729234
548.525215
542.331728
555.713554
551.757264
547.247601
558.263177
548.571566
541.797417
556.432430
552.536900
548.644681
534.168181
532.834116
538.017041
542.573374
549.039279
548.862680
535.547497
534.970862
540.434261
543.110144
549.532123
547.813092
532.583295
526.895364
529.674710
561.401468
704.676620
543.191015
532.259389
525.989457
529.750436
562.546351
718.211342
543.620887
560.366756
548.248936
539.005414
554.893035
548.910565
546.378594
559.995062
547.867888
538.849696
554.608821
548.110811
545.667375
535.125789
533.958229
540.428969
545.217224
550.667270
548.859738
535.920474
533.301201
537.534577
545.317533
551.699920
549.479501
532.632069
526.294646
531.013258
567.121295
776.591166
545.324790
532.429170
527.077262
530.406974
568.095242
789.310098
546.369606
559.622110
548.331636
541.048253
553.772721
547.410764
542.758246
559.669701
548.711222
540.364581
552.268943
547.012019
542.725059
536.274719
532.014567
537.962719
545.317155
550.052817
549.605341
537.046476
532.270633
538.556825
545.605567
550.574758
549.120614
533.903087
528.660679
531.669959
571.507417
848.765530
549.724918
534.712922
529.269994
532.760097
571.820684
860.437290
550.031184
560.371764
549.035481
537.857712
550.723883
546.990727
541.933298
560.081694
548.873057
538.217138
550.396926
547.151157
541.527594
539.796189
534.169077
539.231782
543.917698
549.043553
550.298580
541.283441
535.507811
538.390565
544.019885
549.270059
550.452014
534.911270
529.898339
534.319486
576.212468
918.929834
552.742485
533.530496
526.890381
533.299644
576.779627
931.309611
552.886749
559.098097
549.901292
536.257224
551.209257
547.140813
541.620737
560.150803
550.003167
536.663786
550.590553
546.855943
541.045836
543.043132
535.401149
538.147550
543.851972
547.957654
551.645363
542.043000
535.039198
537.166492
