0.907501
-0.692846
-1.124407
-2.014217
-1.714104
0.910835
-0.693241
-1.119950
-2.016219
-1.705611
0.910688
-0.693695
-1.116998
-2.008417
-1.711388
0.911027
-0.703762
-1.110989
-2.013289
-1.719201
0.909441
-0.693768
-1.120750
-2.000304
-1.717066
0.915135
-0.693108
-1.121716
-2.022379
-1.728352
0.913692
-0.690817
-1.111055
-2.005575
-1.709349
0.910662
-0.695381
-1.119818
-2.016479
-1.711439
0.910771
-0.693555
-1.109493
-2.001687
-1.711019
0.918095
-0.694289
-1.116514
-2.014452
-1.716138
0.912731
-0.679509
-1.113152
-1.996591
-1.703964
0.912451
-0.689123
-1.113786
-2.012033
-1.722921
0.916806
-0.690092
-1.115494
-2.012972
-1.718789
0.912666
-0.692681
-1.111886
-2.002744
-1.718354
0.918852
-0.677835
-1.108031
-2.002608
-1.712084
0.911054
-0.689249
-1.121670
-2.019168
-1.715917
0.912956
-0.694424
-1.117215
-2.008669
-1.718726
0.908296
-0.692594
-1.117832
-2.018554
-1.714773
0.908399
-0.688168
-1.112478
-2.015817
-1.712992
0.911888
-0.704060
-1.114787
-2.013666
-1.724869
0.914658
-0.693142
-1.106404
-2.006034
-1.718999
0.918437
-0.693090
-1.119152
-2.019742
-1.708886
0.915077
-0.700872
-1.111445
-2.012446
-1.708789
0.922135
-0.680545
-1.117266
-2.014257
-1.707719
0.915426
-0.682039
-1.107065
-2.005042
-1.705034
0.901355
-0.691255
-1.113540
-2.012153
-1.717479
0.912464
-0.691935
-1.108756
-2.018441
-1.708127
0.916771
-0.682539
-1.106548
-2.000612
-1.716176
0.913046
-0.692063
-1.113602
-2.013094
-1.717153
0.917059
-0.687969
-1.110961
-2.008002
-1.712740
0.898875
-0.689295
-1.110401
-1.989720
-1.703011
0.905939
-0.687671
-1.109769
-1.996679
-1.695403
0.909298
-0.680190
-1.104242
-1.997905
-1.699578
0.906394
-0.690458
-1.105018
-1.987423
-1.699419
0.912104
-0.678007
-1.100560
-1.987496
-1.690899
0.910289
-0.689052
-1.103084
-2.000847
-1.703666
0.912865
-0.686816
-1.112935
-1.992981
-1.700309
0.915432
-0.683584
-1.113339
-1.992108
-1.698769
0.903973
-0.684383
-1.108059
-1.991137
-1.698176
0.907488
-0.684384
-1.107922
-1.991799
-1.704882
0.909804
-0.683768
-1.106313
-1.994086
-1.694117
0.910938
-0.676636
-1.103413
-1.990300
-1.693900
0.908584
-0.684502
-1.100152
-1.987186
-1.698093
0.907202
-0.684133
-1.103308
-1.985687
-1.699754
0.901873
-0.682132
-1.110482
-1.989986
-1.700125
0.908328
-0.678731
-1.114229
-1.984137
-1.692705
0.894653
-0.685319
-1.104158
-1.985514
-1.694215
0.907643
-0.684954
-1.107930
-2.000474
-1.704871
0.909276
-0.678293
-1.117879
-1.994577
-1.705091
0.899202
-0.694936
-1.110025
-2.005517
-1.702734
0.910977
-0.672002
-1.105096
-1.987516
-1.692968
0.900657
-0.687556
-1.097245
-1.989610
-1.701757
0.908461
-0.677602
-1.106819
-1.992912
-1.695222
0.911306
-0.678892
-1.102135
-1.998265
-1.707731
0.909944
-0.677902
-1.107914
-1.993519
-1.691601
0.913013
-0.673902
-1.101253
-1.993222
-1.699555
0.903149
-0.690068
-1.107048
-1.996026
-1.703533
0.911043
-0.671149
-1.100873
-1.988779
-1.700013
0.903158
-0.686528
-1.104241
-1.995759
-1.702355
0.911358
-0.674109
-1.100928
-1.999130
-1.694265
0.900815
-0.671297
-1.101448
-1.979851
-1.688516
0.898799
-0.678593
-1.103719
-1.985375
-1.685223
0.905035
-0.676292
-1.096805
-1.974754
-1.686918
0.900492
-0.673178
-1.085640
-1.979340
-1.685011
0.901771
-0.679321
-1.097768
-1.972707
-1.687961
0.901150
-0.681325
-1.105632
-1.988670
-1.696379
0.904017
-0.674378
-1.110507
-1.986931
-1.685683
0.900346
-0.681862
-1.101122
-1.984841
-1.691256
0.899406
-0.676689
-1.095974
-1.980845
-1.686580
0.903560
-0.685314
-1.102062
-1.977822
-1.687361
0.901329
-0.683064
-1.116991
-1.988356
-1.696541
0.912485
-0.674454
-1.104011
-1.988803
-1.693834
0.904511
-0.679037
-1.107577
-1.986038
-1.692510
0.906994
-0.671740
-1.094531
-1.979716
-1.692328
0.899007
-0.675466
-1.096567
-1.983361
-1.691637
0.900964
-0.674101
-1.097736
-1.979198
-1.685439
0.895579
-0.685938
-1.105606
-1.983625
-1.689115
0.904993
-0.679074
-1.105349
-1.981588
-1.689165
0.896808
-0.674005
-1.104794
-1.976444
-1.681300
0.906901
-0.681415
-1.096875
-1.986444
-1.684837
0.895277
-0.677518
-1.104181
-1.982484
-1.688691
0.904342
-0.672094
-1.103867
-1.984186
-1.685316
0.898845
-0.678702
-1.102672
-1.985487
-1.686603
0.907078
-0.671459
-1.094375
-1.980894
-1.694931
0.906624
-0.683472
-1.102930
-1.985316
-1.687272
0.903363
-0.675848
-1.095685
-1.982380
-1.680511
0.903555
-0.680155
-1.105654
-1.987677
-1.686026
0.906136
-0.676379
-1.104506
-1.982447
-1.689527
0.908326
-0.685855
-1.106279
-1.991827
-1.689168
0.899508
-0.679122
-1.097718
-1.990907
-1.690518
0.895701
-0.670654
-1.098227
-1.970309
-1.680609
0.901128
-0.678100
-1.102570
-1.975547
-1.680713
0.901466
-0.672619
-1.096837
-1.974540
-1.679890
0.899447
-0.689019
-1.100747
-1.978002
-1.676610
0.901763
-0.672206
-1.093307
-1.976622
-1.683378
0.903644
-0.672504
-1.098680
-1.978005
-1.681039
0.904103
-0.677282
-1.097519
-1.980627
-1.686485
0.903313
-0.685465
-1.100009
-1.977634
-1.688935
0.894571
-0.668471
-1.091247
-1.971897
-1.689174
0.898867
-0.673545
-1.107898
-1.988300
-1.690211
0.903262
-0.675127
-1.110250
-1.978821
-1.688878
0.903436
-0.668430
-1.097219
-1.976657
-1.687353
0.906376
-0.670519
-1.099271
-1.968095
-1.686505
0.903603
-0.681317
-1.092441
-1.976236
-1.689435
0.896534
-0.670331
-1.103353
-1.974103
-1.685113
0.900841
-0.673980
-1.096861
-1.976712
-1.679074
0.899021
-0.675821
-1.103764
-1.971452
-1.681655
0.906350
-0.673017
-1.103401
-1.982907
-1.687943
0.900966
-0.671055
-1.109820
-1.977228
-1.683845
0.896435
-0.678802
-1.096248
-1.979391
-1.687038
0.900539
-0.676923
-1.095079
-1.973187
-1.683451
0.898711
-0.680654
-1.103287
-1.971473
-1.679568
0.898499
-0.681456
-1.103173
-1.984197
-1.693393
0.904062
-0.676454
-1.099032
-1.983863
-1.696631
0.892593
-0.673666
-1.094289
-1.974938
-1.680839
0.908311
-0.678527
-1.097966
-1.982477
-1.685791
0.894392
-0.679479
-1.102528
-1.978803
-1.694252
0.900020
-0.665122
-1.093890
-1.968714
-1.692573
0.892532
-0.683952
-1.098142
-1.978728
-1.677409
0.902796
-0.674195
-1.093964
-1.976530
-1.680656
0.899724
-0.671286
-1.098952
-1.968663
-1.682228
0.903852
-0.672256
-1.096296
-1.972266
-1.682164
0.903238
-0.677360
-1.096366
-1.974909
-1.682080
0.901436
-0.671079
-1.096311
-1.978341
-1.681773
0.907001
-0.672730
-1.099956
-1.981311
-1.683419
0.901040
-0.676545
-1.096575
-1.973472
-1.679071
0.900058
-0.675226
-1.098958
-1.973272
-1.680994
0.897030
-0.677589
-1.101547
-1.979814
-1.687444
0.898567
-0.669775
-1.093496
-1.973862
-1.685840
0.907285
-0.673248
-1.099321
-1.972407
-1.684939
0.897814
-0.675807
-1.095163
-1.972433
-1.680592
0.897344
-0.671578
-1.090078
-1.977664
-1.681935
0.894903
-0.686393
-1.105293
-1.979068
-1.691654
0.907978
-0.671751
-1.101034
-1.973687
-1.681775
0.902690
-0.669670
-1.095281
-1.969384
-1.674971
0.898268
-0.674939
-1.097524
-1.984273
-1.680981
0.894126
-0.678158
-1.099715
-1.973940
-1.673834
0.894751
-0.682392
-1.099829
-1.978729
-1.685515
0.897368
-0.667725
-1.102966
-1.969090
-1.678454
0.894991
-0.681862
-1.099303
-1.977988
-1.690512
0.897834
-0.670967
-1.095858
-1.965720
-1.672512
0.896421
-0.677434
-1.096260
-1.971163
-1.683154
0.896007
-0.682536
-1.098572
-1.978074
-1.683705
0.906955
-0.671752
-1.098427
-1.969979
-1.680258
0.901449
-0.675908
-1.096444
-1.981108
-1.684363
0.903405
-0.674007
-1.089357
-1.964540
-1.680824
0.907890
-0.668589
-1.101707
-1.975464
-1.688260
0.907207
-0.670731
-1.101832
-1.972118
-1.689628
0.891397
-0.688413
-1.103991
-1.979981
-1.683725
0.899527
-0.678065
-1.094741
-1.973315
-1.675961
0.898308
-0.665849
-1.102591
-1.967233
-1.667832
0.901053
-0.673817
-1.090850
-1.969234
-1.673610
0.896502
-0.677306
-1.102786
-1.978721
-1.687007
0.899403
-0.673878
-1.096824
-1.976659
-1.694045
0.902753
-0.670984
-1.098027
-1.969263
-1.678070
0.894321
-0.684079
-1.099496
-1.975655
-1.686705
0.898537
-0.675255
-1.091616
-1.967804
-1.674117
0.902475
-0.675809
-1.111409
-1.983341
-1.689265
0.897721
-0.680068
-1.102663
-1.969698
-1.676363
0.887106
-0.683936
-1.105723
-1.975102
-1.675718
0.896202
-0.681220
-1.097671
-1.977059
-1.679004
0.894319
-0.668954
-1.094442
-1.973710
-1.682629
0.906850
-0.679929
-1.100882
-1.967696
-1.678107
0.899290
-0.679719
-1.098437
-1.975740
-1.684242
0.896755
-0.661082
-1.097511
-1.971955
-1.687011
0.899196
-0.678732
-1.097635
-1.969600
-1.684885
0.897796
-0.670949
-1.093498
-1.967542
-1.677744
0.896141
-0.678477
-1.108203
-1.978565
-1.681647
0.904163
-0.673036
-1.096692
-1.967428
-1.675960
0.888372
-0.684118
-1.105361
-1.972818
-1.676643
0.897440
-0.674925
-1.096984
-1.972333
-1.672824
0.895810
-0.671420
-1.094325
-1.964740
-1.688567
0.903552
-0.670145
-1.090692
-1.974082
-1.676771
0.905189
-0.666932
-1.097931
-1.972413
-1.684156
0.895162
-0.679344
-1.097279
-1.980046
-1.681929
0.901456
-0.666410
-1.093125
-1.975969
-1.681202
0.903663
-0.672667
-1.092530
-1.961630
-1.678229
0.903848
-0.670264
-1.101469
-1.976030
-1.683951
0.895438
-0.681616
-1.103926
-1.969615
-1.676669
0.898613
-0.665176
-1.097374
-1.975127
-1.672847
0.897306
-0.673735
-1.099965
-1.970688
-1.672867
0.901158
-0.669411
-1.088187
-1.969197
-1.686534
0.896730
-0.681827
-1.089794
-1.969284
-1.676810
0.898201
-0.681381
-1.096893
-1.969063
-1.675609
0.900471
-0.670145
-1.086711
-1.974052
-1.681677
0.898724
-0.674350
-1.101875
-1.972824
-1.685100
0.901285
-0.668451
-1.095741
-1.969052
-1.680770
0.904978
-0.670252
-1.100862
-1.973123
-1.681525
0.897678
-0.667252
-1.100290
-1.973090
-1.686336
0.894712
-0.672472
-1.098612
-1.975595
-1.689557
0.894531
-0.670249
-1.099805
-1.968337
-1.679947
0.897740
-0.670433
-1.092138
-1.969121
-1.689704
0.905748
-0.668866
-1.095327
-1.971205
-1.678369
0.906863
-0.671027
-1.099870
-1.969592
-1.682029
0.899790
-0.672526
-1.099484
-1.967659
-1.673964
0.905315
-0.670571
-1.100087
-1.978144
-1.680516
0.896013
-0.678181
-1.098442
-1.971253
-1.671970
0.901340
-0.674435
-1.088915
-1.967180
-1.673327
0.893853
-0.672294
-1.096668
-1.962111
-1.680077
0.900413
-0.684298
-1.103760
-1.983801
-1.687816
0.901111
-0.670065
-1.104749
-1.976605
-1.674534
0.887391
-0.686352
-1.103724
-1.973837
-1.678879
0.900169
-0.678784
-1.101922
-1.975718
-1.673536
0.904123
-0.671188
-1.087873
-1.966913
-1.689347
0.898964
-0.679585
-1.096013
-1.975854
-1.683982
0.900750
-0.672237
-1.101582
-1.985132
-1.683463
0.896411
-0.674419
-1.090054
-1.977103
-1.685438
0.901870
-0.671961
-1.096691
-1.970583
-1.688497
0.897781
-0.674430
-1.098975
-1.976129
-1.689427
0.903244
-0.674161
-1.097299
-1.973826
-1.679307
