1.817036
1.682378
1.134713
1.764838
1.615356
1.069068
1.818473
1.682443
1.130054
1.767605
1.615806
1.056574
1.829321
1.699639
1.135617
1.774520
1.630307
1.067904
1.815383
1.683721
1.130586
1.764244
1.612235
1.056940
1.812933
1.684506
1.127232
1.761852
1.613457
1.061371
1.814958
1.685104
1.134315
1.756799
1.617474
1.064062
1.824531
1.680731
1.118839
1.772747
1.616460
1.049241
1.816421
1.685036
1.133347
1.761848
1.617938
1.068166
1.817407
1.685655
1.124336
1.766619
1.616724
1.055067
1.818056
1.693200
1.134173
1.766457
1.622642
1.068812
1.816082
1.693931
1.133462
1.770724
1.626326
1.067708
1.819553
1.681559
1.131701
1.769925
1.621307
1.067626
1.829252
1.688534
1.122675
1.772909
1.616367
1.054982
1.816034
1.681932
1.134808
1.763562
1.610857
1.062263
1.814964
1.687277
1.134759
1.762286
1.617008
1.060549
1.815576
1.688715
1.137298
1.762964
1.611270
1.061115
1.814750
1.691962
1.134995
1.761949
1.625978
1.067299
1.820317
1.689740
1.134980
1.765772
1.617597
1.065746
1.811603
1.681906
1.132257
1.763944
1.616053
1.061339
1.818853
1.686535
1.122809
1.768508
1.618868
1.056205
1.822361
1.689983
1.133316
1.770476
1.622970
1.063636
1.820736
1.687915
1.118158
1.768193
1.620836
1.052824
1.824803
1.696173
1.132624
1.770237
1.621142
1.061502
1.821190
1.681764
1.127782
1.770254
1.618087
1.060565
1.828378
1.686402
1.131322
1.777048
1.620986
1.065082
1.811070
1.676198
1.113122
1.760019
1.609784
1.047663
1.818242
1.679739
1.136226
1.767542
1.616064
1.070672
1.823211
1.682843
1.126267
1.775102
1.621379
1.062474
1.825587
1.692763
1.139603
1.774520
1.627969
1.069158
1.823303
1.681341
1.123916
1.775007
1.615091
1.059987
1.767854
1.618520
1.067192
1.731042
1.577426
1.028994
1.770092
1.623061
1.071564
1.738861
1.585132
1.035866
1.770669
1.619876
1.065563
1.736150
1.577126
1.023022
1.755987
1.611540
1.053373
1.720249
1.569912
1.015939
1.763858
1.609589
1.050378
1.728999
1.566918
1.017942
1.765593
1.620130
1.063805
1.728666
1.575555
1.026366
1.776725
1.622983
1.064465
1.743525
1.584259
1.025189
1.768082
1.625614
1.079178
1.734751
1.580841
1.037824
1.765044
1.616157
1.066153
1.724497
1.566616
1.021455
1.764065
1.611880
1.054116
1.728091
1.569566
1.015906
1.768758
1.617341
1.062073
1.733701
1.576988
1.028283
1.777602
1.626782
1.069051
1.738012
1.581815
1.030117
1.758824
1.627023
1.072694
1.728555
1.582029
1.034667
1.765979
1.614289
1.061785
1.731973
1.574929
1.027909
1.770448
1.623959
1.063241
1.732331
1.574936
1.024830
1.771597
1.618451
1.069628
1.733181
1.575793
1.033344
1.770604
1.615886
1.063925
1.735486
1.573307
1.027477
1.766311
1.614872
1.061830
1.733123
1.575715
1.028216
1.764258
1.624014
1.066483
1.727402
1.581661
1.027727
1.774837
1.612301
1.055547
1.740420
1.573528
1.025819
1.766921
1.624804
1.060352
1.733904
1.580123
1.025847
1.775337
1.616441
1.069543
1.740796
1.576320
1.030379
1.779862
1.627962
1.082721
1.736586
1.586692
1.045445
1.761513
1.613252
1.058948
1.730841
1.573277
1.023992
1.762879
1.618181
1.067300
1.728634
1.574183
1.027195
1.771035
1.617214
1.056655
1.739714
1.570733
1.022254
1.771016
1.611055
1.064429
1.734400
1.567777
1.028622
1.771871
1.617174
1.057169
1.733069
1.574959
1.025218
1.769817
1.617663
1.071358
1.733066
1.574756
1.034549
1.766125
1.614034
1.066545
1.733662
1.569598
1.025167
1.725388
1.570652
1.029348
1.706442
1.547838
1.008681
1.732660
1.573765
1.031207
1.712844
1.551217
1.010433
1.734527
1.576744
1.036854
1.714621
1.559085
1.017307
1.735297
1.580695
1.026414
1.719541
1.559989
1.008833
1.735212
1.577149
1.023317
1.717734
1.554575
1.006434
1.728426
1.577412
1.022256
1.710423
1.555675
1.001389
1.729616
1.577928
1.033933
1.714344
1.556885
1.012615
1.737275
1.578001
1.021174
1.717595
1.554132
0.999711
1.733085
1.579167
1.023399
1.712824
1.557893
1.007935
1.739726
1.580695
1.033737
1.719630
1.556546
1.012020
1.742887
1.588013
1.035711
1.721203
1.560353
1.014799
1.739684
1.575106
1.029623
1.719636
1.553884
1.011350
1.732835
1.574072
1.023728
1.712701
1.551211
1.004552
1.728785
1.571365
1.020505
1.712856
1.550400
1.002262
1.726531
1.571834
1.033318
1.706772
1.548796
1.015065
1.738350
1.575607
1.028485
1.717920
1.551428
1.007675
1.731806
1.570351
1.027819
1.711349
1.544293
1.009017
1.729813
1.574509
1.022451
1.709776
1.555058
1.005856
1.737790
1.573980
1.019895
1.717298
1.551910
1.000703
1.721977
1.574259
1.027049
1.703891
1.550302
1.009887
1.735175
1.574272
1.026509
1.715401
1.551472
1.006374
1.736636
1.572256
1.025468
1.719230
1.552750
1.008460
1.732716
1.574964
1.028036
1.710168
1.549625
1.009420
1.729036
1.571931
1.028158
1.709676
1.548107
1.006351
1.735646
1.579931
1.030315
1.710415
1.553461
1.012140
1.738899
1.580940
1.037912
1.721989
1.557912
1.018438
1.741365
1.574122
1.026981
1.718126
1.544321
1.002604
1.740830
1.573230
1.030551
1.715884
1.548652
1.008461
1.746241
1.574602
1.034142
1.726339
1.552224
1.014943
1.740926
1.581424
1.032492
1.718739
1.558111
1.008753
1.715191
1.554389
1.013662
1.703712
1.541821
1.003978
1.715174
1.554026
1.007262
1.705660
1.545843
1.001498
1.710041
1.549452
1.013083
1.699517
1.535738
0.999810
1.713566
1.550650
1.003079
1.701413
1.537106
0.989948
1.709383
1.545740
1.003179
1.700435
1.535231
0.994752
1.707107
1.541869
1.008080
1.694469
1.527447
0.996206
1.705813
1.548199
1.009291
1.695726
1.540216
0.999460
1.710946
1.559724
1.014422
1.700831
1.548298
1.007963
1.715045
1.558564
1.007498
1.705856
1.545499
1.000650
1.706207
1.539448
1.001913
1.693004
1.529624
0.995111
1.716477
1.553720
1.011371
1.703761
1.540259
1.000089
1.719540
1.559204
1.011454
1.706849
1.550252
0.998914
1.705396
1.552941
0.993257
1.697096
1.540540
0.984210
1.716447
1.561044
1.007387
1.704836
1.550017
0.997443
1.714750
1.560116
1.006892
1.703671
1.547720
0.996612
1.713679
1.548349
1.003803
1.703284
1.536793
0.995171
1.709732
1.545495
0.995976
1.698120
1.532269
0.986975
1.700580
1.548834
1.008634
1.690423
1.537511
1.000261
1.712218
1.557043
1.004610
1.703487
1.544884
0.997972
1.719926
1.558925
1.009274
1.709915
1.548317
1.002521
1.711384
1.542628
1.003190
1.699857
1.528053
0.988851
1.710009
1.555212
1.010782
1.702270
1.546571
1.002580
1.708900
1.552079
1.003897
1.699265
1.540353
0.994593
1.712910
1.556848
1.014178
1.704991
1.542999
1.004199
1.714945
1.556888
1.007976
1.706052
1.547337
0.997881
1.715475
1.555353
1.006731
1.703084
1.541672
0.992392
1.720700
1.560091
1.013383
1.710730
1.547568
1.002452
1.715251
1.558623
1.020731
1.703981
1.543138
1.008981
1.714079
1.554230
1.007697
1.706188
1.544461
0.999518
1.717869
1.565772
1.018056
1.703000
1.550454
1.006639
1.709807
1.546157
1.001967
1.703416
1.539185
0.997007
1.699684
1.542795
0.998223
1.695022
1.536620
0.993230
1.704574
1.550763
0.998433
1.701319
1.547763
0.996071
1.700930
1.535893
0.987275
1.694487
1.528880
0.980043
1.694196
1.529092
0.995545
1.688682
1.523821
0.990469
1.712929
1.540217
0.990807
1.707687
1.532807
0.984993
1.697949
1.532345
0.988434
1.693136
1.528475
0.984687
1.700498
1.546424
0.999815
1.697204
1.539884
0.993162
1.702318
1.540484
1.007174
1.697413
1.534583
1.001151
1.702435
1.537946
0.997253
1.698312
1.532857
0.993305
1.705000
1.545167
0.999851
1.698213
1.536912
0.995627
1.704615
1.537423
0.991472
1.699130
1.534004
0.986770
1.703454
1.538884
0.993022
1.697480
1.534659
0.992084
1.697744
1.537434
0.993451
1.693963
1.528633
0.987565
1.697787
1.540938
1.003608
1.691120
1.531668
0.995320
1.708712
1.546913
0.997997
1.702640
1.537213
0.991065
1.701654
1.540109
0.997069
1.695481
1.535758
0.991126
1.698356
1.542758
0.998756
1.693987
1.538741
0.995719
1.702522
1.538125
1.001709
1.697074
1.530700
0.994138
1.701037
1.545909
0.999025
1.694521
1.538277
0.995400
1.711088
1.550367
1.005021
1.707826
1.544310
1.000855
1.704108
1.547910
1.001520
1.698854
1.539977
0.996316
1.706068
1.535468
0.991773
1.701126
1.530056
0.985938
1.703097
1.540089
0.981652
1.699988
1.533250
0.978529
1.700229
1.536756
1.003517
1.694164
1.530390
0.999401
1.695373
1.537904
0.998910
1.689707
1.532875
0.994781
1.699321
1.538127
0.996224
1.693129
1.528802
0.989193
1.699759
1.542642
0.993112
1.694996
1.535679
0.989368
1.706067
1.549404
0.995190
1.702025
1.541953
0.989416
1.701110
1.535298
0.997272
1.693716
1.529242
0.990975
1.694037
1.536560
0.996718
1.693116
1.535409
0.994483
1.698163
1.537138
0.994729
1.693641
1.532937
0.993114
1.698476
1.534212
0.995895
1.695807
1.533469
0.993535
1.697149
1.542627
0.988503
1.694578
1.539742
0.986443
1.702059
1.544531
1.000102
1.698491
1.539671
0.995598
1.690907
1.528056
0.992510
1.688311
1.526812
0.989126
1.701221
1.538108
0.992536
1.698893
1.534630
0.989445
1.702354
1.535225
0.994109
1.699585
1.533207
0.993090
1.692205
1.535053
1.001095
1.687861
1.532146
0.999944
1.692623
1.533543
0.990616
1.690247
1.530089
0.986840
1.689806
1.532408
0.993499
1.686950
1.528744
0.992103
1.694886
1.535371
0.985160
1.693054
1.532978
0.982126
1.706318
1.541569
1.001840
1.703345
1.535922
0.996894
1.693462
1.535578
0.991900
1.689083
1.532289
0.988492
1.705552
1.526888
0.988311
1.701123
1.521360
0.984915
1.698676
1.534799
0.995244
1.693982
1.528947
0.991814
1.694483
1.538916
1.003858
1.689425
1.533780
1.000618
1.697201
1.522814
0.991074
1.691655
1.518419
0.990084
1.698881
1.529220
0.990622
1.695657
1.529022
0.989464
1.701380
1.549058
1.004003
1.698338
1.545805
1.000820
1.709220
1.538349
0.998417
1.707087
1.534908
0.993555
1.690998
1.529456
0.993651
1.688346
1.525430
0.990013
1.693424
1.534757
0.999936
1.690855
1.532211
0.997651
1.688412
1.532092
0.992395
1.686153
1.530095
0.990228
1.705123
1.530909
0.985414
1.701648
1.527443
0.982831
1.699787
1.539975
1.002581
1.697508
1.538610
1.000121
1.698015
1.536235
0.991655
1.695271
1.530585
0.989691
1.691345
1.536082
0.993268
1.687277
1.531852
0.990908
1.704075
1.535382
0.983181
1.700207
1.530735
0.980287
1.691485
1.527190
0.995449
1.691202
1.523654
0.992717
1.690737
1.523211
0.987184
1.691694
1.523442
0.985384
1.698092
1.533593
0.986575
1.695078
1.531980
0.986582
1.687477
1.521252
0.979851
1.684866
1.519028
0.978098
1.694686
1.533328
0.997485
1.692492
1.529853
0.995783
1.696485
1.535873
0.992200
1.695966
1.535139
0.992759
1.696402
1.527997
0.985806
1.695412
1.526461
0.986041
1.694231
1.525125
0.989192
1.693206
1.524045
0.988340
1.700524
1.541790
0.993262
1.698322
1.539149
0.992059
1.691361
1.528422
0.999652
1.690087
1.525809
0.997810
1.699497
1.533477
0.989923
1.697294
1.532029
0.987869
1.690366
1.528105
0.992945
1.687627
1.525130
0.991459
1.701399
1.532529
0.995804
1.700395
1.532082
0.994467
1.690627
1.536059
0.993881
1.689945
1.534297
0.991226
1.696810
1.525111
0.982468
1.694691
1.522602
0.979795
1.698208
1.542443
0.991835
1.697961
1.543112
0.992502
1.696477
1.530336
0.986028
1.694932
1.529931
0.985484
1.694852
1.532119
0.991564
1.692226
1.529202
0.990549
1.703813
1.539593
0.998057
1.702363
1.538095
0.997227
1.697649
1.529223
0.998127
1.697456
1.529957
0.995787
1.692590
1.528500
0.990875
1.691201
1.527312
0.988471
1.700902
1.531331
0.993934
1.700070
1.530883
0.993013
1.695987
1.532187
0.982361
1.696540
1.532705
0.980714
1.692528
1.532744
0.996872
1.690319
1.531625
0.996130
1.690063
1.534845
0.994253
1.687519
1.532063
0.992837
1.690810
1.524124
0.981080
1.689915
1.524279
0.978090
1.698591
1.533660
0.994776
1.697044
1.533030
0.994261
1.703341
1.535663
0.984748
1.700162
1.532806
0.982354
1.693186
1.530592
0.992320
1.689774
1.527764
0.990533
1.696538
1.533308
0.991148
1.694018
1.529766
0.988718
1.692770
1.531450
1.003097
1.690413
1.528455
1.002124
1.693168
1.533697
0.991483
1.692319
1.532699
0.991608
1.698341
1.534020
0.992377
1.697452
1.532699
0.990884
1.694179
1.527032
0.987196
1.694403
1.525743
0.985609
1.683853
1.523656
0.985578
1.682906
1.521391
0.983461
1.690777
1.527489
0.989441
1.690268
1.526730
0.989348
1.690706
1.519008
0.974783
1.689372
1.518979
0.974253
1.687742
1.524302
1.003228
1.685751
1.523165
1.002451
1.699401
1.529880
0.984814
1.697080
1.528210
0.984982
1.693019
1.525794
0.990274
1.692128
1.523542
0.987813
1.698195
1.530755
0.990438
1.698679
1.531201
0.989792
1.701660
1.532190
0.996647
1.700559
1.530860
0.996289
1.689297
1.527882
0.991092
1.689557
1.527719
0.990807
1.698788
1.532322
0.996311
1.698068
1.530932
0.995468
1.694384
1.527999
0.987735
1.691077
1.526352
0.985997
1.699281
1.533341
0.993544
1.700280
1.534176
0.994121
1.694701
1.525337
0.987638
1.693625
1.525421
0.986611
1.690528
1.523094
0.993535
1.689108
1.521348
0.994549
1.688597
1.523221
0.986047
1.686539
1.521396
0.985763
1.689411
1.527352
0.992159
1.687747
1.524338
0.988818
1.692132
1.523794
0.986517
1.691732
1.523394
0.986723
1.689201
1.526894
0.993828
1.688569
1.525771
0.992763
1.694004
1.537520
0.993326
1.693350
1.536318
0.991757
1.692677
1.524853
0.994153
1.692266
1.525507
0.992819
1.693425
1.533061
0.992302
1.694602
1.533593
0.992629
1.687655
1.526191
0.991272
1.688181
1.526953
0.988757
1.699576
1.528183
0.985594
1.699640
1.528192
0.984883
1.698763
1.533146
0.994085
1.699356
1.532190
0.994455
1.706146
1.539947
1.002104
1.704551
1.539635
1.002034
1.701358
1.540458
1.001335
1.702284
1.538950
1.000008
1.699009
1.537085
0.983016
1.699416
1.536713
0.981996
1.687845
1.524336
0.992410
1.689142
1.525170
0.992175
1.689752
1.529864
0.988313
1.689080
1.529200
0.988122
1.692760
1.527024
0.984358
1.692113
1.526650
0.983743
1.689094
1.527168
0.988902
1.688452
1.526936
0.988720
1.689713
1.528034
0.984667
1.689259
1.528804
0.985178
1.689626
1.517021
0.977639
1.689178
1.516749
0.977205
1.696894
1.530038
0.988344
1.696869
1.530057
0.987827
1.690348
1.530782
0.986080
1.689645
1.530454
0.986400
1.690897
1.536134
0.995375
1.691555
1.536580
0.995013
1.691399
1.527607
0.984673
1.690884
1.528261
0.984900
1.692076
1.527066
0.984868
1.690812
1.527172
0.985073
1.693405
1.537707
0.993247
1.692326
1.536034
0.993050
1.694103
1.525690
0.984889
1.692552
1.523501
0.983990
1.683757
1.521479
0.991054
1.683480
1.522071
0.991330
1.699818
1.539127
1.003107
1.699310
1.538246
1.002325
1.683925
1.521947
0.980299
1.683871
1.520853
0.979675
1.696484
1.529984
0.990185
1.696966
1.529972
0.989700
1.689793
1.526797
0.993315
1.688841
1.524198
0.993092
1.679755
1.519557
0.980816
1.679242
1.519086
0.979957
1.692690
1.523903
0.993401
1.691746
1.523568
0.992592
1.690424
1.522453
0.987676
1.689681
1.521848
0.989097
1.694012
1.526599
0.979807
1.692700
1.526270
0.979838
1.692214
1.525900
0.987171
1.692632
1.526868
0.988056
1.690982
1.517814
0.979016
1.689340
1.515922
0.977024
1.690521
1.524420
0.989073
1.690856
1.524162
0.988372
1.683779
1.517958
0.986590
1.683128
1.517888
0.986866
1.687153
1.521745
0.981610
1.686617
1.521540
0.982718
1.692949
1.527307
0.987340
1.693106
1.528056
0.988493
1.694614
1.526607
0.992204
1.695060
1.525399
0.992136
1.696276
1.527475
0.987649
1.696747
1.528175
0.987830
