-0.170477
0.292456
-0.006826
-0.170032
0.295207
-0.009297
-0.169069
0.281063
-0.014566
-0.166142
0.306614
-0.026073
-0.165252
0.279148
-0.002747
-0.157155
0.302130
-0.039954
-0.173583
0.271344
-0.014662
-0.168700
0.288828
-0.019242
-0.177841
0.265161
-0.014674
-0.165536
0.292018
-0.035301
-0.174358
0.253589
0.006470
-0.173484
0.285523
-0.024278
-0.168182
0.275243
-0.042266
-0.162887
0.276663
-0.010639
-0.179409
0.252774
-0.008744
-0.167958
0.283087
-0.020112
-0.165454
0.294048
-0.011673
-0.179587
0.293169
-0.019929
-0.177436
0.279170
-0.015750
-0.164746
0.289813
-0.039627
-0.174633
0.293407
-0.024100
-0.166310
0.288289
-0.039683
-0.171962
0.300841
-0.029515
-0.168655
0.274078
-0.030177
-0.175076
0.283000
-0.000275
-0.172831
0.279829
-0.008011
-0.169216
0.295156
-0.021673
-0.172370
0.255860
-0.016623
-0.157475
0.297481
-0.024031
-0.172337
0.267657
-0.025663
-0.023833
0.276591
-0.005025
-0.041816
0.281030
-0.016989
-0.036601
0.292109
-0.005818
-0.044426
0.292706
-0.005197
-0.034546
0.280788
-0.007181
-0.035728
0.307202
-0.030440
-0.028144
0.284046
-0.023176
-0.028937
0.299664
-0.004707
-0.035758
0.269876
-0.004352
-0.032485
0.299293
-0.002549
-0.033969
0.278805
-0.021944
-0.034238
0.268465
-0.010921
-0.042795
0.287045
-0.003807
-0.045600
0.281452
-0.002307
-0.034202
0.289014
0.016703
-0.057822
0.271928
0.005431
-0.039286
0.249825
0.007584
-0.025804
0.295228
-0.007108
-0.031098
0.296984
0.003471
-0.034595
0.297607
-0.024052
-0.036815
0.251263
-0.004129
-0.031984
0.284223
-0.001503
-0.028190
0.279449
0.004086
-0.032327
0.312997
-0.004663
-0.039170
0.281328
-0.010061
-0.033756
0.280002
0.000431
-0.030339
0.290013
-0.013447
-0.045082
0.274813
0.003861
-0.039752
0.285710
-0.005779
-0.039737
0.284598
-0.013095
0.055355
0.268405
0.009321
0.044635
0.272549
0.008974
0.050069
0.271003
0.006106
0.050346
0.279137
0.015677
0.048170
0.255924
0.006945
0.066143
0.303383
-0.001030
0.057753
0.267291
-0.000225
0.043485
0.270020
-0.009967
0.058362
0.275849
0.011001
0.056672
0.284011
0.006995
0.070429
0.297041
-0.000186
0.059577
0.305640
-0.007609
0.064847
0.278128
-0.008531
0.046875
0.281029
0.009916
0.067407
0.292641
0.013162
0.052983
0.282829
0.016202
0.052145
0.279038
-0.000712
0.056994
0.268705
0.002633
0.051627
0.253955
0.018388
0.055732
0.293585
-0.007463
0.069825
0.282476
0.012466
0.056449
0.279282
0.008620
0.051424
0.283071
-0.000924
0.065081
0.284930
0.003692
0.053763
0.305111
-0.004729
0.045895
0.276943
0.002986
0.046261
0.291844
-0.000844
0.069455
0.269401
-0.005258
0.065953
0.323267
-0.010917
0.059734
0.292318
0.001520
0.105018
0.257013
0.025091
0.103806
0.293785
0.004511
0.118903
0.277599
0.014245
0.110401
0.305356
0.004998
0.125763
0.285046
0.014104
0.099257
0.268718
0.002383
0.115288
0.273802
-0.005746
0.110592
0.321628
0.000773
0.117452
0.271898
0.026185
0.127947
0.294936
0.006813
0.123348
0.278849
0.007484
0.116432
0.275523
0.008956
0.118952
0.275748
0.014349
0.117184
0.302471
0.001602
0.124311
0.251201
0.010837
0.120107
0.266802
0.008196
0.110664
0.255321
0.011028
0.134531
0.305314
-0.002418
0.126276
0.291791
0.028262
0.132590
0.269075
-0.001231
0.119362
0.298681
0.023751
0.119886
0.265327
0.011142
0.133097
0.297658
-0.003837
0.132813
0.297380
-0.006642
0.124568
0.253108
0.001286
0.129659
0.304355
-0.006404
0.126376
0.277177
0.007584
0.113137
0.256293
0.016611
0.112206
0.297619
0.008775
0.107173
0.282744
0.007292
0.150073
0.266200
0.015885
0.150855
0.282079
0.007495
0.155003
0.306630
0.007627
0.151871
0.293592
0.015798
0.160616
0.297500
-0.005121
0.154227
0.302760
0.011506
0.163214
0.280460
0.009868
0.160242
0.286523
0.008169
0.159825
0.265869
0.015950
0.140310
0.284964
0.008048
0.162140
0.285904
0.007179
0.144560
0.273041
0.005952
0.152178
0.283985
-0.005716
0.146154
0.292155
0.010020
0.143039
0.283874
0.022800
0.137734
0.284949
0.005154
0.141749
0.275003
0.022749
0.149320
0.282466
0.001146
0.150159
0.283837
0.043338
0.151434
0.289161
0.010877
0.158287
0.271805
0.027131
0.156749
0.292896
0.021412
0.159264
0.303855
0.011038
0.155620
0.271702
0.009344
0.164497
0.308544
0.007727
0.129578
0.269669
0.011182
0.157123
0.279196
0.004967
0.167937
0.267069
0.006022
0.163312
0.284816
-0.000369
0.159168
0.293376
0.014187
0.163140
0.256661
0.031520
0.170289
0.279262
0.012764
0.189183
0.291011
0.008573
0.190780
0.299734
0.012151
0.181323
0.283778
0.019715
0.175334
0.291025
0.002905
0.171564
0.266133
0.007736
0.182411
0.293996
0.005140
0.165331
0.277061
0.010686
0.176021
0.282788
0.022288
0.173986
0.279182
0.006987
0.165770
0.264391
0.011239
0.176656
0.274677
-0.008291
0.182273
0.308558
0.011653
0.178034
0.238607
0.017532
0.181372
0.288266
0.012380
0.173180
0.270223
0.015228
0.191898
0.305126
0.012881
0.163920
0.283048
0.013151
0.168227
0.279178
0.012961
0.172499
0.286842
0.022466
0.176424
0.270985
0.032948
0.170332
0.293805
0.015545
0.188251
0.277582
0.009137
0.172915
0.292436
0.009751
0.178692
0.301844
0.021466
0.161672
0.258833
0.019566
0.189578
0.282988
0.001596
0.181130
0.291416
0.026033
0.160069
0.275023
0.015845
0.176425
0.290552
0.026971
0.182815
0.278124
0.010493
0.177503
0.287245
0.009054
0.196782
0.285149
0.011015
0.183153
0.302381
0.015603
0.200470
0.288056
0.009695
0.171987
0.284848
0.025739
0.177115
0.293921
0.023316
0.194795
0.266573
0.015698
0.197931
0.286587
0.020393
0.188919
0.271855
0.028426
0.201200
0.285514
0.027309
0.193576
0.280190
0.004494
0.190182
0.279294
0.010018
0.180268
0.289836
0.028544
0.190849
0.297235
0.014992
0.183344
0.289354
0.017614
0.176723
0.282182
0.021693
0.179181
0.263170
0.027584
0.194797
0.291930
-0.011297
0.186241
0.287844
0.010722
0.197410
0.286128
0.013090
0.187734
0.287498
0.004173
0.188359
0.272595
0.003689
0.193805
0.294997
0.004652
0.195646
0.297692
-0.001269
0.189043
0.282058
-0.000867
0.195495
0.295529
0.016925
0.188715
0.303374
0.018733
0.181755
0.279944
0.003436
