2.008356
1.999707
2.010357
2.028330
2.002690
1.995923
1.988070
1.975272
1.994474
2.007398
2.027885
2.041399
2.011695
2.028846
2.030660
2.043547
1.992746
1.989992
2.001472
1.983394
2.008196
2.014008
1.972029
1.978389
2.008898
2.006296
2.008906
1.982011
1.995426
1.994853
2.010289
2.009343
2.004759
2.006309
1.974002
2.016151
2.005201
1.987853
1.973979
1.988480
1.998972
1.992783
1.957117
1.980129
2.005729
2.002697
1.999244
1.990496
2.008225
2.012232
2.006047
1.997207
1.996469
1.992890
2.008672
2.030655
1.983753
1.987174
1.976245
1.961800
1.999293
2.002804
2.001795
1.989015
1.997406
1.987082
2.001395
1.984313
1.988731
1.977231
1.952676
1.956213
1.995884
2.002289
2.028220
2.021686
1.997213
1.983572
1.992412
2.005653
1.992233
1.995811
2.004659
1.984988
2.016119
2.013672
1.985445
2.008930
2.001033
2.005150
2.010587
2.013280
2.002806
1.992256
1.996328
2.011115
1.992777
2.008261
2.023170
2.004662
1.989886
1.993159
1.974861
1.952661
2.004707
1.994866
1.988712
1.988066
2.019571
2.008085
2.023893
2.016182
2.015418
2.018006
2.022535
2.022079
2.003220
1.993356
1.990251
2.000760
2.025130
2.035207
2.034878
2.021375
1.995818
2.003543
1.988806
2.005244
1.994694
1.986883
1.991383
1.999556
1.994812
2.001279
2.001824
2.008577
1.995259
1.992146
1.953933
1.943502
2.005223
2.009046
2.004637
2.002191
2.003047
2.006264
1.977115
1.987282
1.996719
1.994268
2.001075
2.027613
2.007178
2.007674
2.002191
1.997815
1.995520
1.987899
1.968868
1.991155
2.009125
2.006240
1.968101
1.950933
1.992434
1.993810
2.010226
2.024585
1.999890
2.006463
2.041953
2.010635
2.001409
2.010130
2.053040
2.045415
1.997254
1.986678
1.976585
1.979560
1.999345
2.000453
1.963826
1.974351
2.000213
2.000678
2.031443
2.034244
2.008232
2.011826
2.034855
2.041864
1.990665
1.983270
1.992580
1.953071
2.005898
2.007087
2.006634
2.003975
2.010642
2.009860
2.042008
2.053097
2.006736
1.998600
1.992122
1.998538
1.995584
2.003617
2.010472
1.990353
2.007319
1.997743
2.014490
1.994227
2.000428
1.998768
2.001933
1.975744
1.996776
1.984027
1.993779
2.021246
1.994372
1.992222
1.998343
2.006915
2.006464
2.010719
1.999216
1.998713
1.979057
1.981035
1.986372
1.971195
1.997767
2.002060
2.002014
2.020360
1.994984
1.992789
2.005111
1.994341
2.004686
2.001385
1.993452
1.991432
2.007499
1.997494
2.010080
1.981919
1.991441
1.993608
1.986130
1.989102
1.998515
2.000908
2.008101
1.993575
2.001583
1.983080
1.984019
1.992371
1.993161
2.006005
2.024924
2.017706
1.991583
1.984556
1.977663
1.984084
1.990459
1.996445
1.999525
1.987050
1.985913
1.983199
1.977480
1.989297
1.992020
1.986152
2.010417
1.997055
1.994042
1.991106
1.979111
1.973867
1.989110
1.984444
1.985695
1.981875
2.014691
2.021431
2.027159
1.989187
2.000587
2.010185
2.016184
1.995357
2.014660
2.005896
1.988355
1.991839
2.009897
2.022134
2.045931
2.044362
2.014915
2.023975
2.021849
2.021166
2.016469
2.015687
2.015837
2.027858
2.002975
1.998686
1.989271
2.006544
2.006374
2.016022
2.006590
1.998131
1.991945
1.994233
1.991121
1.970668
1.995713
1.998639
1.996426
1.982023
2.006807
2.015168
2.008084
1.995478
2.001506
2.003239
1.998862
2.019947
2.002804
2.006050
2.008466
2.018392
2.002357
2.017450
2.008387
1.993528
2.008998
2.015740
1.993335
1.972425
2.002637
1.997279
2.018143
1.992391
2.008383
2.023693
2.041582
2.014371
1.999310
2.019121
2.027758
2.023469
2.000132
2.007620
2.034644
2.004627
1.999445
2.005920
2.008789
2.008262
2.002719
2.000354
2.002636
1.997965
2.006919
1.998896
2.029644
2.007133
2.007421
2.014684
2.015256
2.003340
2.002790
1.991503
1.948236
1.954035
1.995852
1.996809
2.019458
1.995589
2.011565
2.015855
2.014931
2.008449
1.991585
2.003595
1.986193
1.986606
2.013681
2.012012
2.010050
2.006725
2.010220
2.006137
1.998475
2.029179
2.022915
2.024280
2.039014
2.025785
2.003461
2.007198
2.000008
2.007532
2.011009
2.014862
2.039886
2.031781
1.994185
1.984701
1.964890
1.957716
2.004108
2.018351
2.005132
2.006313
2.006115
2.011763
2.048292
2.062202
1.998163
1.998396
1.978329
1.956225
1.985017
1.992319
2.011473
2.031820
2.000490
1.999683
1.996307
2.011627
1.991246
1.987566
1.971567
1.972430
1.993295
1.989760
1.969102
1.959142
1.986082
1.982728
1.994592
1.992512
1.990402
1.998741
2.000054
1.991030
1.999235
1.995194
1.996648
1.985251
2.010109
2.004625
1.996844
2.011511
2.014991
2.022449
2.022490
1.981633
1.983652
1.982470
2.006550
2.003204
2.002617
2.004401
2.010151
2.013238
2.009996
2.000602
1.989889
2.016199
1.996738
1.995738
1.974269
1.977235
1.994036
1.996064
2.010123
2.013555
2.001390
1.999199
1.992152
1.985686
2.001043
2.005266
2.010413
2.015086
2.004316
1.994720
2.008865
2.019110
1.992511
2.001249
2.015264
1.997060
1.989706
1.978651
1.957969
1.971557
2.009358
2.022759
2.030550
2.024343
2.008246
2.009953
2.002135
2.018403
2.005785
2.015736
2.044878
1.997912
1.990787
1.985441
1.983647
1.984037
1.987028
1.980398
1.988654
2.017378
1.987343
1.981273
1.994589
2.023521
1.986055
2.020869
2.021867
2.004947
2.017357
2.018927
2.028370
1.986810
2.001101
1.987908
1.956845
1.983196
1.996842
2.001279
1.997388
1.978082
1.989536
1.986081
2.006485
2.008405
2.007056
2.007369
2.001850
1.972333
1.988776
1.976471
1.969907
1.989712
2.005774
2.003142
2.000106
2.009486
1.992263
1.997351
1.998101
1.985588
1.991195
1.990983
1.981472
1.985877
2.001894
1.995623
2.038310
2.040356
2.000543
2.006641
2.012664
2.010628
1.994420
1.996636
2.026246
1.996636
1.979411
1.975969
1.991976
2.004865
1.998220
1.997216
2.011983
2.017132
2.006832
2.001987
2.038776
2.017663
1.995754
1.998703
2.019988
2.001958
2.008497
2.019295
2.032983
2.012828
1.992123
1.987030
1.987274
1.981404
1.996198
1.986543
1.999769
1.980160
1.998748
1.994314
1.981084
2.008345
2.010356
2.013611
2.060076
2.050132
1.996921
1.999848
1.997524
2.003822
1.996714
1.998768
2.020692
2.014533
1.990484
1.985407
1.980491
1.991763
2.006220
2.020295
2.041522
2.040610
2.003790
2.015965
2.012866
2.012793
1.988917
1.986953
2.016141
2.016531
1.997420
1.995023
2.004758
1.988039
1.990851
2.000365
2.041478
2.051054
2.001314
1.999338
1.977658
1.978043
2.003255
1.994165
1.999893
2.005209
1.984797
1.981830
1.990033
2.010058
2.009346
2.006446
2.010381
2.015636
2.003449
1.997226
1.971033
1.987265
1.996153
2.006126
2.013236
1.988970
2.000177
1.986911
1.972427
1.997438
1.992284
1.985379
1.984966
1.992494
1.996793
1.983358
2.019574
2.016590
1.996867
1.985239
1.993734
1.998487
2.005049
1.998510
1.964869
1.968855
1.985873
1.986041
1.967850
1.974783
2.006185
2.018678
2.024433
1.996994
1.995347
1.988065
1.952830
1.955772
2.003115
1.992784
2.000283
1.998591
1.998001
1.993757
2.007141
1.997931
1.983491
1.978361
1.956367
1.966532
2.007227
2.008070
2.013243
2.019543
1.989549
2.000067
1.983751
1.986190
2.000419
2.003549
1.996788
2.018393
2.012473
2.010958
2.011380
2.018621
2.011428
2.002277
2.015026
2.024921
1.998117
1.999271
1.972748
1.981073
2.004190
2.012622
2.024220
1.996898
2.009207
1.998645
1.982392
2.005380
2.005630
2.010471
1.994048
1.988344
1.995746
2.012930
2.039666
2.024349
1.994661
2.000084
1.976060
1.971419
2.003282
2.013176
1.966828
1.970399
1.999799
2.013312
2.016788
2.016503
1.997474
1.992669
1.994801
1.975201
1.976114
1.975302
1.955037
1.964003
2.014510
2.018856
1.994812
1.990290
2.004001
2.003961
2.010077
2.023547
1.994640
1.990708
1.971787
1.981663
2.014131
2.018975
2.038948
2.044599
1.996857
2.008499
2.002007
2.001114
1.989742
1.978354
1.984607
1.974617
1.992403
2.000583
2.014013
2.022381
2.001949
2.011841
2.049892
2.025712
2.002079
2.018332
2.012638
2.002790
1.999097
1.996513
1.990482
2.011542
2.017519
2.009737
2.000940
2.003125
2.003875
1.998692
2.011050
1.999013
1.988709
1.984082
1.979462
1.961112
1.993247
1.991170
1.988121
1.982894
2.000048
2.009955
2.026055
2.009075
1.990160
1.980134
1.992521
1.984643
2.001802
1.997680
1.987371
1.995089
1.992217
1.988615
1.972940
2.005858
1.998536
2.003125
1.992630
2.006366
2.001808
2.020571
2.030230
2.025153
1.988608
1.995997
1.976055
1.994674
2.002220
2.000573
2.017050
2.021835
2.013961
2.023146
1.999637
2.011814
1.989673
1.994461
1.997362
2.006014
1.993101
1.994090
1.996253
1.967498
2.020014
2.027313
2.033127
2.037327
1.985423
1.966941
1.941959
1.960657
2.012484
2.013580
2.037685
2.033573
1.988173
1.984556
1.957975
1.962649
2.007574
2.011865
2.014816
2.019309
1.991058
1.981345
1.958191
1.997914
2.009488
2.028759
2.030175
2.024822
1.987552
1.989637
1.995349
1.989079
2.010575
1.993014
2.002466
2.023430
1.993228
1.994795
1.986344
2.007293
2.004019
2.015423
2.000520
2.014373
2.007217
2.017897
2.036589
2.012723
2.000699
2.005931
2.036048
2.042672
1.994858
1.992102
2.000139
1.988456
1.999329
2.006180
2.019754
2.010983
1.999002
2.003334
2.019456
1.994842
1.998403
1.993724
1.984385
1.987094
1.990407
1.997462
1.999426
1.987043
1.979517
1.977244
1.963306
1.968427
2.004121
2.007148
2.032250
2.030409
1.978279
1.971540
1.968566
1.997995
1.992434
1.993435
2.000655
2.012218
1.994175
1.989672
1.992416
1.974697
1.989395
1.992010
1.993813
1.965431
1.983865
1.991493
1.973104
1.967711
1.999253
2.011645
2.015539
2.009804
1.990457
2.010284
2.033338
1.987346
1.999115
2.008483
2.035983
2.029161
1.994099
1.996944
2.016261
2.028896
2.015818
2.013817
2.015514
1.992653
2.003877
1.999756
2.026496
2.016190
1.990951
1.992451
2.035775
1.966707
1.998493
1.991989
2.006165
1.991319
1.990546
1.985401
1.989834
1.983002
1.998460
1.990307
2.010729
2.002079
2.007276
2.015579
2.029547
2.008786
2.001444
2.012409
2.005659
1.999690
1.991461
1.997622
2.016111
2.033767
1.988395
1.991317
2.002845
2.007636
1.994137
1.976940
1.983951
2.005368
1.985577
1.976192
2.004373
2.001771
2.002009
2.003158
2.005203
2.007731
1.988799
1.994333
1.981171
1.993753
2.002962
2.009599
2.040148
2.013867
1.976771
1.983084
1.973888
1.992685
1.986726
1.977152
1.979909
1.986235
1.999787
1.994431
1.962753
1.957899
1.995393
1.992353
2.001089
1.987264
1.998215
1.995481
2.010289
2.021678
1.996817
1.984330
1.981686
1.980627
1.994010
1.992570
2.023071
2.023589
2.000634
1.985799
1.987009
1.974830
1.996996
2.009680
2.004794
2.004853
2.000805
2.009718
2.021039
2.005519
2.006878
2.017499
2.005316
2.030322
1.995278
1.995017
1.967624
1.986156
1.984003
1.973634
1.938836
1.952498
2.005073
2.013271
2.017039
1.965369
1.986791
1.978848
2.013358
2.016939
2.001497
2.000640
1.997307
1.988843
2.021028
2.015373
2.029584
2.028733
2.001263
2.007935
1.998897
1.987061
2.014216
2.025866
2.024307
1.990687
1.998275
2.003121
1.974824
1.982040
1.998231
2.001162
1.988213
1.985311
1.997433
1.995364
2.018487
2.008461
1.996221
1.984133
1.970688
1.960265
1.997363
1.994850
1.990907
2.007168
1.996735
2.007319
2.012252
2.025872
2.001242
2.003563
1.994925
1.979733
2.014620
2.015646
2.023604
1.991711
1.989885
1.991626
2.015174
2.016125
1.994327
1.996570
2.000420
1.974161
2.018420
2.023026
2.029492
2.026651
1.995642
1.985259
1.981791
1.986680
1.980318
1.977829
1.986098
1.991193
2.005358
2.006884
2.016752
2.010204
1.991592
1.981697
1.980697
2.031268
2.004299
2.005761
2.016623
2.040080
2.006849
1.999991
1.994317
1.995779
1.984914
1.992183
2.001116
2.004215
1.973273
1.964837
1.963128
1.957144
1.995784
1.984828
1.954450
1.989740
1.999524
2.001974
1.987142
1.995721
1.990890
1.998136
1.995429
2.005936
1.995564
1.990145
2.029460
2.020941
1.994406
2.001553
2.011439
2.023332
2.012064
2.030192
2.026375
2.037563
2.001305
2.001122
1.987406
1.987627
2.007224
2.009412
2.010488
2.028345
1.993340
1.996900
1.969375
1.961900
1.999681
1.994870
1.978255
1.967057
1.982977
1.975882
2.002636
2.025012
2.009223
2.012680
2.011876
2.009373
1.999750
2.003676
1.991381
1.998928
2.001160
1.999331
1.981995
1.980672
1.997694
2.005841
2.008904
1.996985
1.999368
2.002173
1.984685
1.995810
2.010245
2.001964
1.987158
1.977207
2.000423
1.998426
2.007412
2.010873
2.006179
2.006889
2.014742
2.025432
1.997566
1.995603
2.020661
2.031977
1.997800
2.016619
2.029316
2.037723
1.990450
1.981790
1.953422
1.971393
1.998450
1.984988
1.997647
2.019001
1.996427
1.995687
1.996260
2.006204
2.011728
2.010226
2.023409
1.990323
2.012054
2.014640
2.021672
1.973823
1.999397
2.005210
2.020649
2.018207
2.001197
1.998996
1.986206
1.973305
2.013736
2.002275
1.977610
1.972833
1.993674
1.992266
1.961449
1.990855
1.991258
2.001580
2.036630
2.032783
2.003422
1.998669
2.031945
2.030054
2.004076
2.007658
2.010795
2.007501
1.995781
1.994585
2.000066
1.998173
1.999185
2.011282
2.017455
2.018132
2.007326
1.991910
1.999662
2.010939
2.000124
1.987733
1.983872
2.013183
2.005579
2.007107
2.011396
1.995850
2.004101
2.023191
2.051228
2.027332
1.994644
1.989845
1.959516
1.953253
2.020136
2.020487
2.023430
2.011371
2.023788
2.017458
2.046671
2.038070
1.999230
1.995122
2.016410
2.013834
2.004172
2.018551
2.014066
2.000456
2.012010
2.024882
2.027988
2.032128
1.997764
2.004106
1.972761
1.987414
2.002813
2.006380
2.030678
2.020593
1.992240
1.997001
2.001283
2.013571
2.002889
1.995974
1.968960
1.971753
1.987421
1.984402
1.950098
1.972081
1.990732
2.001476
2.013599
2.002179
1.996075
1.997711
2.022023
2.019543
1.983735
1.997546
2.011082
1.989672
2.020103
2.024683
2.027294
2.016770
2.002454
2.016128
2.023155
2.035930
1.997474
1.996393
1.963557
1.969323
2.002409
1.999032
2.026569
1.991791
1.998980
1.991280
2.023487
2.010742
2.001996
2.010233
2.005069
2.012810
2.000294
1.988547
2.002908
2.002120
2.018133
2.014095
2.005063
2.017302
1.999170
2.004521
1.985798
2.003771
2.003125
2.006088
1.989751
2.000364
1.990157
1.971608
1.969882
1.961020
2.002142
2.000833
2.018413
2.006423
2.004353
2.012855
2.001303
1.985690
2.005942
2.014193
2.033679
2.034592
1.989549
1.988156
1.988242
1.977495
1.982029
1.996774
2.010339
2.011780
2.004847
2.020551
1.995638
1.993045
1.998574
1.991680
1.986850
1.975497
2.002848
2.005794
2.019154
2.005768
1.995612
1.995026
1.990108
1.963110
1.990348
1.984871
1.931097
1.960685
2.003540
1.995706
1.990671
1.987417
2.001929
1.999634
2.009102
2.009404
1.993022
1.995844
1.989699
1.994348
2.001386
1.992403
1.990377
1.977482
1.989216
2.000486
1.999363
2.000797
1.993524
2.002024
1.998593
2.015326
2.000983
1.999891
1.967700
2.001702
1.992922
1.993350
2.004403
1.989985
1.985165
1.994944
1.997621
1.975195
1.996311
1.989470
1.957711
1.962059
2.008713
2.009535
2.005948
1.993583
1.989447
1.990143
1.979275
2.005090
2.009706
2.025607
2.035708
2.023780
1.990709
1.993409
1.987760
2.011529
1.983329
1.980572
1.968814
1.993322
2.014986
2.016745
2.026146
2.016299
1.994356
2.001548
2.008493
1.997911
1.997307
1.997876
2.017585
2.016517
2.024588
2.020627
2.002723
1.993805
2.012993
2.006059
2.016029
2.014209
1.994562
2.006012
2.008101
1.999944
1.995475
1.998502
2.003365
1.991209
2.006985
2.007370
2.010483
1.990069
