2.000338
1.998275
2.008792
2.010982
1.991577
1.989650
1.978941
1.964850
2.012281
2.016049
2.044416
2.035834
2.002685
1.997770
1.992401
1.984776
1.995317
2.010240
2.011589
2.005865
1.992932
1.985951
2.006926
1.995779
2.002348
1.998136
2.010656
2.005423
1.999497
2.015290
2.007893
2.010603
2.007582
2.014259
1.996107
1.986977
1.994524
1.998563
2.000327
1.981790
2.008567
2.013335
1.985026
1.999492
2.004514
2.015725
2.013079
2.016743
2.009955
2.012828
2.016425
1.986577
1.993445
2.003258
1.989812
2.001190
1.991912
1.979314
1.985975
1.993063
1.998009
2.000091
2.010323
2.030929
2.026302
2.023538
2.050797
2.005053
2.000658
2.018607
2.044241
2.025505
1.991157
2.004280
2.015998
2.052413
1.972999
1.982088
2.010629
2.006888
2.008984
2.011097
2.024625
2.001548
1.986843
1.992368
1.999840
1.997492
2.005356
2.004833
2.010198
1.991965
1.993180
1.992217
1.982992
1.986393
2.000820
2.002747
2.002798
1.975620
2.015344
2.017948
2.013148
1.998739
1.984181
1.976866
1.947975
1.951112
2.003615
1.993333
2.008277
2.015598
2.013408
2.012862
2.011220
2.003765
2.011222
2.004385
1.999431
2.033318
1.993061
1.987835
2.008129
2.011118
1.981847
1.982709
1.954783
1.951177
2.002716
2.009795
2.036358
2.010445
2.018352
2.012544
2.025416
2.009112
1.995510
1.993381
1.957909
1.984882
1.988082
1.980895
2.025656
2.019421
2.000462
1.998911
1.970978
1.971855
2.003244
2.011508
2.006204
2.014822
2.010906
2.014947
2.005549
1.989652
1.991997
1.995514
1.981583
1.980546
1.999034
1.985472
2.016855
2.011943
2.003061
2.010718
2.028591
2.008680
1.988221
1.992126
1.992238
1.982997
1.991100
2.001860
2.044530
2.053449
2.005407
2.008363
2.027931
2.039745
1.988510
1.977893
1.971484
1.949586
1.995577
1.992631
1.992572
1.997926
1.998896
2.000764
2.008406
2.008997
2.003778
2.000310
1.987014
2.012085
1.998131
1.994965
1.976091
1.972143
1.992547
1.987826
1.993700
2.015953
2.005125
1.990375
1.964045
1.982308
2.008278
2.006738
2.011959
2.025641
1.994872
2.009627
2.017113
2.032542
2.005833
1.991898
2.013215
2.001008
2.017788
2.018424
2.027037
2.030010
2.015607
2.007401
2.034439
1.971387
1.989699
1.999361
1.997123
2.001525
1.994938
1.996089
1.994712
1.995932
2.004518
1.988763
1.985051
1.974007
1.998632
1.991908
1.988780
1.969838
1.984425
1.992442
1.977764
1.991331
1.992540
2.005252
2.020054
2.001234
2.000797
2.003610
1.996496
2.020672
1.989777
1.969516
1.979476
1.998207
2.015093
2.018180
2.003528
1.978488
1.993154
2.006794
2.028002
2.039563
1.995656
1.990925
1.982575
2.001520
1.993284
1.980285
1.971741
1.987294
2.009645
2.003610
1.995099
2.006581
2.003848
1.996811
1.991884
1.986717
2.008640
2.010269
2.013907
2.001381
1.991714
1.995785
2.006093
1.998959
1.996479
2.006733
2.002682
1.993578
1.997156
1.998747
2.000179
1.983498
1.988039
1.999620
1.996774
1.996163
2.006146
2.009464
1.997122
1.990357
2.002320
2.009435
2.036214
2.039348
2.024701
2.031938
2.027575
2.029350
2.003295
2.018838
2.017374
1.998792
1.997733
1.999633
2.011148
1.968284
1.997627
1.996908
2.007856
2.014169
1.992513
1.978583
1.987255
1.983916
2.004159
2.012387
2.052642
2.031682
1.999619
1.998900
1.983767
1.971749
1.997624
1.987346
2.005889
1.991999
1.999807
2.004195
2.007915
2.015041
2.001816
2.006260
2.022827
2.002667
1.993137
2.003308
1.992623
2.004539
1.987046
1.984031
2.020908
2.016817
1.997105
2.002132
2.033874
1.995855
1.993980
2.005012
1.991056
2.017150
2.013013
2.008960
1.973771
1.959539
1.999353
1.989403
1.987708
1.997667
1.998314
2.017264
2.007954
1.992397
1.993124
1.999290
2.005236
2.020436
1.996207
1.991458
2.001830
1.987729
2.000538
2.006647
1.974922
2.011954
2.011298
2.023087
2.030312
1.986902
1.998388
2.001093
2.021462
2.027167
1.999740
2.006847
2.001385
1.989099
1.998339
2.005370
2.004623
1.993158
2.003632
1.998524
1.994444
1.973272
2.013525
2.014774
2.039150
2.032373
2.010393
1.997860
1.982046
1.987990
2.004785
2.011175
1.981854
1.971434
1.997544
2.005686
2.043174
2.007293
2.018680
2.018458
1.989402
1.981383
1.984872
1.984941
1.960603
1.964605
2.011192
2.012793
2.021265
2.021141
1.995775
1.991514
2.017828
2.010373
1.995227
2.001047
2.000743
2.022471
1.991668
1.989852
1.998935
1.989280
2.012055
2.001313
1.988362
1.985933
1.992713
1.999703
2.004603
1.978004
2.003631
2.006415
2.018594
2.042146
2.005610
2.000929
2.011013
1.995514
1.996053
1.994043
1.985855
1.996342
2.006315
2.010848
2.048936
2.024267
1.991295
1.990022
2.003785
1.980954
1.996378
1.984767
1.992189
1.984530
2.010422
2.005610
2.011000
1.979860
1.993011
1.980990
1.990331
2.016937
1.993923
1.988947
1.991342
1.974663
2.000041
1.998324
2.009034
2.010774
1.995599
1.984940
1.990373
1.994284
2.008111
1.999307
2.003024
1.979845
2.008258
2.011028
1.997670
1.977295
1.995009
2.010454
2.011014
2.002718
1.992061
1.980267
1.990038
1.977531
1.987290
1.984779
1.991994
2.015407
1.994818
1.983140
1.978219
1.967928
2.007417
2.014166
1.994901
1.986564
1.995890
1.973876
1.941533
1.950365
1.993765
1.995823
2.025853
2.008720
2.005112
2.003272
1.988554
1.999673
2.009806
2.012701
2.015875
1.985714
1.997351
2.018260
2.021084
2.015877
1.993025
1.981853
1.998442
1.985872
2.004619
2.015128
2.023369
2.009624
2.026125
2.022479
2.049575
1.998855
1.992843
2.001445
1.998755
1.992923
2.017404
2.016694
2.020282
2.020250
1.987364
1.994156
1.979017
1.993907
2.006871
2.008884
2.022272
2.001986
2.000327
1.999508
1.989602
1.990344
1.995346
1.996315
1.993507
1.979682
1.987237
1.988874
1.998989
1.974456
2.000954
2.002431
2.004118
1.976174
2.020823
2.029735
2.033936
2.032939
2.010495
2.013426
2.001457
2.005401
1.997695
2.002637
2.018118
2.023660
2.012744
2.011848
2.009004
2.002620
2.004731
1.999644
1.961037
1.985082
1.994109
1.983005
1.988235
1.978065
2.000060
2.003412
2.000140
1.995159
2.002481
2.009434
2.036654
2.010580
1.977755
1.994432
1.999069
1.984331
2.009124
1.999031
2.015488
2.009117
1.985749
1.981034
1.950207
1.959416
1.999243
1.996440
1.967820
1.967950
2.003297
1.996524
1.993597
1.993436
1.989482
1.975421
1.976306
2.000734
2.014362
2.025391
2.023209
1.988035
1.999702
1.986095
2.014554
2.011780
2.006751
2.002558
1.967088
1.983555
2.021605
2.024206
2.036612
2.023698
1.987319
1.992322
1.980855
1.965148
2.005090
2.007538
2.028225
2.040465
1.983963
1.977399
1.980538
2.008493
1.999120
1.998867
1.993081
1.958755
2.004487
2.004363
1.998629
2.012900
2.003799
2.000173
1.986724
2.011682
2.008082
2.020493
2.013813
1.986736
1.988805
1.997327
1.990770
1.987677
1.985064
1.967076
1.973941
1.987868
2.008265
2.006611
2.012171
2.027530
1.990275
1.985891
1.995292
1.995536
1.998693
1.999181
2.021345
2.014927
1.985529
1.980696
1.967204
2.002435
2.015291
2.007109
2.032343
1.969630
2.000122
1.991952
1.985880
1.976988
2.007267
2.010447
2.030595
2.050427
1.996607
1.985798
1.962062
1.994070
1.999202
1.993261
1.988719
1.968667
2.011732
2.010390
2.029665
2.006118
1.996400
1.999856
2.013398
2.020734
1.981492
1.975948
1.979956
1.977777
1.989070
1.969340
1.979192
1.997896
1.982178
1.974518
2.000771
1.997317
1.988138
1.994219
2.001940
2.031906
1.983406
1.960171
1.929028
1.953585
1.993627
1.980982
1.973387
1.987607
1.999762
1.999161
2.003181
1.993760
1.991380
1.997533
1.999721
1.999986
2.010832
2.013318
2.026723
1.990115
1.991560
1.995680
2.006076
1.998381
2.002439
2.002248
2.011145
1.998106
1.995967
1.983307
1.980790
2.017746
2.000523
1.998853
1.989983
1.974653
2.005723
2.008814
1.995825
1.989351
2.014856
2.011038
1.978991
2.001521
2.018144
2.019368
2.039516
2.019241
2.000350
2.018485
2.033496
2.041701
1.997834
1.999854
2.011273
1.968421
1.991266
2.000126
2.011565
2.012059
1.991665
1.997017
1.999690
1.983672
2.002258
2.008060
1.988873
2.030405
2.001272
2.000769
1.990440
1.975452
2.020767
2.016472
2.028083
2.021332
1.997195
1.991578
1.976875
1.971057
1.996617
1.999918
2.019456
1.997596
1.993182
2.003320
1.993315
2.005012
2.006378
2.019492
2.010851
1.997229
2.002798
2.003683
2.025286
2.001017
2.005837
2.020752
2.040250
2.023412
2.013045
2.009190
1.973978
1.959853
1.993714
1.988785
1.941605
1.962537
1.993796
1.998459
1.987742
2.015065
1.995277
1.992261
1.997281
1.982740
1.996084
1.991490
2.001767
1.987916
1.997116
2.001125
2.018659
2.025082
1.999954
2.006616
2.014718
2.015903
2.019738
2.020945
2.022687
2.012455
1.999639
2.006919
2.000660
1.988614
1.996014
1.992056
1.991622
1.966848
1.998558
1.995357
2.004193
1.985491
1.986723
1.985928
1.960320
1.962527
2.010229
1.997660
1.981969
1.987955
1.984687
1.992940
2.008591
2.007748
2.000548
2.003702
1.969056
1.966465
1.996013
1.993248
1.978195
1.993179
1.984919
1.985040
1.960591
1.964474
1.988574
1.986103
1.978708
1.989131
2.011369
2.005742
2.021583
2.031999
2.002612
2.000628
2.002851
2.015258
1.991499
1.989645
1.998935
1.989198
1.990569
1.998494
2.010681
1.993542
2.000617
1.979215
1.942927
1.947127
2.009345
1.994541
2.005184
1.991554
