1.999389
1.996539
1.971234
1.976128
2.001393
1.990711
1.986411
1.996949
1.985754
1.991616
2.001482
2.031800
1.995760
2.014968
2.023472
1.994216
2.001942
2.002969
2.015122
2.016952
2.013883
1.988853
1.964978
1.990148
1.999717
2.020945
2.014197
1.991461
2.007066
2.006323
2.016715
2.020310
1.998843
1.994243
1.988390
1.982207
2.003212
1.991785
1.992687
2.013145
1.983915
1.989215
2.012629
2.002885
2.002098
2.008990
2.000224
1.991972
2.007057
2.002812
1.984252
1.986226
1.992165
1.978836
1.978828
1.961800
1.990035
1.987746
1.985783
2.000027
1.990473
1.998477
2.000857
2.016441
2.015059
2.010139
2.009508
2.019276
1.990474
1.999111
2.012254
2.011924
2.001146
2.019949
2.006374
1.997228
1.988748
1.980678
1.996112
2.028916
2.013335
2.004638
2.022971
1.972852
2.010435
2.000372
1.987312
1.984399
1.997817
1.991197
1.976500
1.971438
2.002221
2.022911
2.009392
2.028343
2.010559
2.019884
2.019702
2.023979
2.007815
2.016008
2.011256
2.013842
1.999260
2.006193
1.996686
2.018588
2.011055
1.998835
1.993471
1.992572
1.998752
2.000040
1.984984
2.016832
2.001019
2.013396
2.038026
2.024339
1.983649
1.987759
1.985490
1.992883
1.997713
1.998918
2.020808
2.032680
1.966337
1.953722
1.948391
1.972753
1.980636
1.978004
1.992142
1.996064
1.999628
2.005002
2.013147
1.974258
1.995917
1.997958
1.969446
1.967018
2.008302
2.012027
2.020256
2.030644
2.000494
2.011001
1.998127
1.993301
2.004349
2.009158
2.012969
2.007271
2.002731
2.007331
2.007616
2.004112
2.004681
2.008729
1.992211
1.986532
1.994996
1.972393
1.941095
1.952552
1.998395
2.002434
1.970088
1.966163
1.985056
1.991890
1.993493
2.008797
1.999374
2.000209
2.008031
2.021769
1.981495
1.984151
1.976561
1.994956
2.006988
2.007040
2.016908
2.038121
1.996983
1.978367
1.982313
2.009175
2.009413
2.008748
2.003772
1.991553
1.977240
1.977512
1.963799
1.949232
1.987368
1.979449
1.990433
2.002657
2.007749
2.009865
2.023090
2.024542
1.997957
1.988419
1.974035
1.986017
2.000261
2.012464
2.014840
2.032948
2.000122
2.000685
2.036781
2.047415
1.996856
2.002635
2.026313
2.023680
1.991829
1.988028
2.013480
1.990654
2.014101
2.018306
1.988104
1.995027
2.014880
2.028912
2.019665
2.000458
1.989063
1.988219
1.970465
1.954026
1.993422
1.989930
2.004139
1.991124
2.001759
1.994693
1.954080
1.974920
1.990301
1.996035
2.004844
2.001254
1.990864
2.004735
1.980418
2.012929
1.996129
1.990661
1.999025
1.982272
1.997898
2.004975
2.026287
2.021965
1.996546
1.994818
1.986281
1.965546
1.996007
1.996225
1.989220
1.992747
2.014910
2.022318
2.023901
2.003677
1.995711
1.996774
1.976436
1.996913
1.998912
2.000299
2.004745
2.000754
2.006954
1.997903
2.032139
2.023091
1.979656
1.994329
2.015543
2.025070
2.011875
2.016110
1.994469
1.972507
2.019574
2.007099
2.022484
2.024455
2.002261
2.009938
2.005052
2.006558
2.010348
2.016965
2.035503
2.030754
2.010106
2.009472
2.030334
2.001367
1.978738
1.984052
1.982715
2.009657
2.006251
2.018244
2.045086
2.009355
2.003254
2.002063
2.014559
1.999283
2.008164
2.019119
2.010347
1.987510
1.988460
1.997395
1.987270
1.969872
1.992453
1.993579
2.005712
2.034696
2.003289
2.008473
2.026255
2.002030
1.991175
1.981111
1.975436
1.967399
1.995799
1.990749
1.984224
1.963484
2.007630
2.016082
2.003450
1.969552
2.016181
2.006752
2.033300
2.012221
2.001516
1.999207
2.007336
1.995543
1.999651
1.990774
1.991719
2.028891
2.002435
2.005022
1.988128
1.998763
2.013448
2.023502
2.027761
2.031419
2.010135
1.998108
1.984928
1.992365
2.003684
2.013708
2.006270
2.024175
1.998692
2.002604
2.008097
1.999870
2.004760
2.005174
1.989169
1.983235
2.004474
2.010998
2.010771
1.997564
1.998323
2.009950
1.988555
1.998186
2.000373
1.998435
1.972138
2.011392
2.008491
2.009516
2.006623
1.980548
2.000347
2.000638
2.001538
1.991975
2.014940
2.009168
2.025070
2.017041
2.006569
2.013187
2.015898
2.004430
1.993334
1.988870
1.990249
1.977194
2.014820
2.007046
1.983144
1.976772
1.994240
1.996218
2.036459
2.035354
2.001660
1.990095
1.989250
1.986195
2.001955
2.008485
2.012992
1.988326
1.994372
1.993077
2.022486
2.032353
1.996740
2.001781
1.995284
2.016778
2.000988
1.997675
1.969635
1.981052
1.993875
1.995758
1.981643
1.999238
2.000006
2.005022
2.007746
2.019496
1.986685
1.981531
1.986094
2.001936
2.011141
2.000651
2.000222
2.030808
1.996131
1.997502
2.002676
2.014706
2.001384
2.003093
2.012314
2.009112
1.997915
1.978855
1.962682
1.979639
1.988075
1.996332
2.023223
2.028279
2.000335
2.006676
2.034937
2.013159
2.004471
2.019929
2.011305
2.002717
1.995197
2.006897
2.032451
2.026940
1.992496
1.986242
1.993444
2.003247
1.995586
1.985997
1.975285
1.955667
2.012404
2.004194
1.987388
1.982181
2.024426
2.024157
1.999240
1.979217
2.002241
2.017560
2.034630
2.011528
1.983026
1.990286
1.991966
1.985200
1.997354
1.971909
1.972905
1.969022
2.015970
2.017879
2.035686
2.021742
1.995629
1.985907
1.963844
2.009079
1.997106
1.997187
1.943237
1.975812
1.999504
2.001942
1.996590
1.983600
2.000026
2.005875
1.999245
2.006126
2.015728
2.003043
1.992503
1.978943
2.009102
2.006298
2.000882
1.981116
2.019943
2.021758
2.038861
2.010340
2.012405
2.014967
2.021062
1.999228
1.996502
1.995239
2.009871
1.986356
2.007011
2.000608
2.009713
2.027884
1.986440
1.983978
1.974054
1.979000
2.000994
1.999407
2.000534
2.000556
1.994329
1.994624
1.989612
2.006991
2.010669
2.015567
2.027402
2.024767
2.009748
2.015699
1.979585
1.988678
2.006311
2.011563
1.982873
1.999724
2.007955
2.014680
2.015555
2.019715
1.987991
2.006419
1.988835
2.020249
1.998716
1.991491
2.012349
1.999258
2.002427
1.997178
1.966823
1.991822
2.002946
1.988162
1.990869
1.996979
2.002429
1.998324
1.961938
1.945134
1.999628
1.996816
2.012593
1.993160
2.017779
2.012292
2.008914
2.023135
2.001705
2.004817
2.011483
1.992979
1.990471
1.983029
1.969695
1.984141
2.016664
2.006803
2.015525
2.007050
1.991116
1.983841
1.976007
1.999397
2.016569
2.008769
2.017457
1.998087
1.989072
1.995516
2.001918
1.990164
1.992874
1.990791
1.980276
1.965989
1.997011
1.994034
1.966460
1.982130
1.979881
1.986254
1.996633
1.994941
1.989945
1.990385
1.972393
1.983772
1.992630
1.994759
1.995129
1.969837
1.989338
1.991977
2.010783
2.034389
2.008641
2.016882
2.042513
2.071391
1.984355
1.980624
1.959530
1.992029
1.991769
1.990349
1.988884
1.989368
2.020855
2.030240
2.020828
2.015973
2.009567
2.010250
1.988824
2.007521
2.004223
1.999867
1.968660
1.981781
2.004432
2.002627
1.984319
1.986908
2.017871
2.006139
2.002487
2.000620
2.003323
2.004844
2.008308
2.007138
2.010018
2.009226
2.053975
2.024325
1.992383
1.992711
1.976837
2.004365
2.008676
2.002380
1.994419
1.996059
1.996991
2.005627
2.015884
1.984281
2.012344
2.011512
1.971740
1.953937
1.987490
1.995882
1.997825
1.989937
2.015505
2.012529
2.006958
2.027540
1.995532
1.981429
1.925483
1.969600
1.988725
1.982713
1.978058
1.991172
1.995621
1.992985
1.957128
1.975325
2.000454
1.990390
1.980337
1.997887
1.982453
1.986335
1.963538
1.974199
1.983556
1.992397
1.982509
2.003852
2.004260
2.013243
2.027657
2.029098
2.015572
2.013766
2.038111
2.050627
1.997953
1.981510
1.958632
1.957584
1.993294
1.976986
1.957958
1.963127
1.994938
1.993696
1.998271
1.968055
1.986648
1.998952
2.027497
2.014223
2.001015
1.984553
1.999138
2.021701
1.999948
2.004396
2.006184
2.011565
2.000261
2.007020
2.017247
1.993762
2.005015
2.011747
2.018336
1.975009
1.991105
1.992260
1.992339
2.012421
1.992157
1.987820
1.989952
1.984898
2.000325
2.008394
2.027281
2.003731
2.004888
2.000284
2.006611
2.005994
2.011108
2.003249
2.017047
2.014993
1.984341
1.992609
2.006825
1.986982
2.003641
1.988785
1.982711
1.992942
1.998550
1.994293
1.990155
1.955030
2.005371
2.009122
2.041202
2.010093
1.989703
2.003562
1.998841
1.997656
1.985271
1.986467
2.017584
2.022132
1.990152
1.983919
2.009565
2.003591
2.011766
2.005622
2.023438
2.002460
1.996320
1.994652
1.968491
1.984818
1.987272
1.987416
1.980617
1.973152
1.992403
1.979456
2.010943
2.002489
2.014495
2.010449
1.996209
1.989767
2.001056
2.009626
2.022651
1.994489
1.993840
1.997850
2.006428
2.030449
2.001288
2.008884
1.988702
1.995559
1.994682
1.989612
1.995963
1.965828
2.011673
2.020360
2.008787
2.000006
1.986486
1.994532
1.979610
1.991213
1.984430
1.980162
1.994012
1.993818
1.991756
1.995923
2.007381
1.986273
2.007001
2.015834
2.042189
2.014115
2.002008
2.004218
2.009839
2.016465
2.003837
2.004335
2.015285
2.004672
2.003787
2.007374
2.025641
2.016578
2.018688
2.018602
2.029353
2.022327
1.995039
2.002272
1.984746
2.001036
1.998490
2.017735
2.034198
2.023495
2.008885
2.004019
2.015071
2.025916
1.989665
1.980444
1.954079
1.950613
2.015609
2.015650
2.012037
2.036979
2.001320
2.004794
2.043873
2.040148
2.011128
2.018594
2.018790
1.999491
2.003794
2.011660
2.026671
1.995285
1.990149
1.994379
2.010737
2.004969
1.996942
2.001040
1.977824
1.998724
2.002373
2.001695
2.007890
2.011950
2.013214
2.011613
2.010242
2.007871
1.995813
1.994883
2.004693
2.010348
2.010915
2.013918
2.038921
2.035253
1.999798
2.005438
1.994152
2.001836
2.001389
2.000539
2.002106
1.989372
1.995054
1.988242
1.974910
1.963590
1.992316
1.995067
1.998136
2.035611
1.983200
1.973288
1.990618
1.988482
1.995139
1.997625
2.005021
2.008088
2.002530
1.994708
2.018169
2.003347
2.001034
2.001126
2.004863
2.019151
1.998413
1.999045
1.962823
1.982855
1.985630
1.975154
1.983247
1.976595
2.000210
2.003779
2.001918
2.005909
1.994846
2.008518
1.998557
1.965819
1.997883
1.995133
1.990571
1.983636
2.001495
1.990474
1.986095
1.994350
2.008715
2.022965
2.011380
1.981490
2.012396
2.012256
2.018524
2.036499
2.003345
2.008077
2.013470
1.976770
2.007355
2.002832
1.989047
2.014409
1.999904
2.008387
2.005354
1.986002
2.004996
1.996319
2.005987
2.001153
1.991419
1.995658
2.021404
2.015592
2.001270
2.010095
1.996017
2.018196
2.005249
1.995653
2.006778
2.016549
2.010459
2.007330
2.003101
2.013785
2.000753
2.005260
1.997757
1.985283
2.008371
2.018120
2.010423
2.007891
1.985601
1.991689
1.989020
1.983737
2.008062
2.017089
2.046337
2.001808
1.991734
1.994548
1.960822
1.957273
2.002150
1.994615
1.989582
1.982888
1.990198
1.992246
1.989049
1.998250
1.986821
1.988226
1.982734
1.953903
2.014932
2.017654
2.037377
1.999451
2.001292
1.997913
2.018405
2.040186
1.997185
1.992212
1.995152
2.010533
1.993952
1.999828
2.003988
1.996722
2.004732
2.017749
2.052425
2.032912
1.994250
1.983635
1.978200
1.992916
2.010783
2.005208
2.012247
1.980474
2.001528
2.018800
2.020852
2.022513
2.013007
2.029895
2.032109
2.041582
2.011738
2.021045
2.006138
2.019600
1.998163
2.003607
2.004466
2.008667
2.011157
2.006233
1.998867
1.986103
1.991547
1.995630
1.990939
1.999807
2.005985
2.007634
1.975879
2.019841
2.005589
2.021501
2.029534
1.989325
1.992831
1.994902
2.007000
1.993104
2.001965
2.007431
2.016177
2.016554
2.002415
1.998597
2.002398
2.012382
1.995408
1.992568
2.006944
2.030369
1.997612
2.006010
2.002887
2.019060
2.013061
2.014942
2.058591
2.040798
1.989443
1.996806
1.993290
1.997220
1.990826
1.998542
2.002066
2.019867
1.996243
2.002046
2.028568
2.019782
2.013591
2.018038
2.028438
2.043243
1.995717
2.004810
1.994993
2.001843
1.990851
1.999802
1.996562
1.989337
1.996976
1.997607
2.001976
2.000350
2.000811
1.992405
1.998498
2.012328
2.005746
2.012353
2.027230
2.016742
2.002956
1.992155
1.990500
2.004079
2.006143
2.002994
2.001801
1.999846
1.995326
1.986174
1.992198
2.015409
2.015421
2.017883
2.024258
2.020769
1.993220
1.993783
2.000285
1.976791
1.994850
1.980115
1.964143
1.996693
2.005613
2.005979
2.039983
2.039401
2.009839
2.006016
2.009197
1.987136
1.994666
2.001769
2.004357
2.008887
1.984510
1.986630
2.001887
2.014184
1.982287
1.977768
1.954471
1.966454
1.992160
1.984988
2.001905
2.029272
1.983946
1.974510
1.978736
1.979921
2.007925
2.007476
2.002460
1.994727
1.978060
1.977273
1.975552
1.983281
1.982617
1.983331
1.964832
1.962581
2.005137
1.998401
1.994486
1.993541
2.013228
2.016086
2.045808
2.040750
2.003271
2.014187
2.059850
2.047809
1.996871
1.990746
2.018526
1.998468
2.011694
2.001776
2.020683
2.026127
1.986251
1.980426
1.968784
1.966567
1.998836
2.007400
2.029636
2.041478
1.990226
1.982714
1.991231
1.950968
1.996844
1.991692
1.994473
1.995331
1.997172
2.016530
2.039494
2.024210
2.016358
2.018946
2.010364
2.029302
2.007740
2.001628
2.017645
2.023775
2.007813
1.997169
2.014281
1.993985
2.013199
2.010529
2.021644
2.017778
1.978474
1.974083
1.952714
1.968055
1.997347
1.993912
1.963859
1.972725
1.995554
1.996986
2.021678
2.016588
1.980106
1.982534
1.989882
1.973465
2.005031
1.996243
1.980860
1.987449
2.000298
2.015307
2.010449
2.004500
2.000157
1.992278
1.981189
1.970120
2.004595
2.003496
2.009081
1.990737
1.992076
1.995240
1.989025
1.993954
1.981363
1.991769
1.988813
1.999405
2.002169
2.000370
2.002299
2.021325
2.009704
2.008789
2.006380
1.978134
1.993701
2.006122
1.985651
1.964840
1.991975
1.998625
2.000713
1.990154
2.013484
2.015270
2.015743
1.992308
2.000273
2.011420
2.029054
2.011116
2.005339
2.005099
2.001758
1.992807
2.004902
1.995354
1.987980
2.009708
2.013886
2.020741
2.026723
1.988376
1.989634
2.005088
1.995470
2.019611
2.000210
2.019218
2.028415
2.021139
1.996180
1.985636
1.999829
1.982051
2.002215
2.014120
1.999427
1.955556
2.015850
2.014552
2.013581
2.020874
1.997685
2.001119
2.016575
2.009582
1.995314
1.999218
2.001801
1.977285
2.013606
2.009432
1.977420
1.999485
1.987561
1.991180
1.992025
1.981401
2.006837
2.015329
2.008937
1.995774
2.008059
2.013579
2.037103
2.031740
2.006143
2.010120
2.008395
2.013050
2.004106
1.993644
1.986458
1.989291
2.008508
2.011134
2.038210
2.023554
2.002735
1.997453
2.018084
1.993060
2.005930
1.991463
1.967185
1.945310
1.992774
1.997007
1.991247
2.011000
1.997064
2.003276
1.991698
2.011854
1.993604
1.997222
2.009166
2.003499
2.003266
1.999694
2.001839
1.997080
1.988634
1.996720
1.975992
1.980574
1.998556
2.008331
2.026929
2.012650
2.002556
2.007024
1.976339
1.989366
1.985745
1.993305
1.998441
2.020914
2.011620
2.016112
2.015016
2.008040
2.009397
2.002384
1.952518
1.956417
2.002252
2.004810
2.024579
2.031546
1.994709
1.996913
2.013590
2.025043
1.991852
2.004874
2.019015
2.002254
2.004009
2.007328
2.001286
2.008799
1.995043
2.001050
1.988728
1.995946
1.985326
1.991290
1.978806
1.970944
1.999531
2.000524
2.031022
2.033910
1.999476
1.987610
1.994829
2.015613
1.996706
1.997918
1.976186
1.951997
1.985375
1.985168
1.975277
1.985408
2.013440
2.014167
2.014998
1.989336
2.009830
2.001930
1.998036
2.005229
1.992911
1.984650
1.948988
1.967552
1.987482
1.985282
1.994395
1.990782
1.987545
1.985893
1.992003
1.986242
1.999967
1.989495
2.006555
1.995696
1.990791
1.988584
1.996091
2.000646
2.006729
1.997482
1.999316
1.988804
1.985255
1.985277
2.006418
2.001874
2.003813
1.995989
1.975647
1.995218
