2.008511
2.017108
2.005949
1.996327
1.995533
2.002666
2.013852
2.008284
1.993855
1.987262
2.011261
2.008287
2.001577
1.999157
1.997066
1.992223
2.011167
2.021009
2.005698
2.016523
2.005921
2.005429
2.010536
2.027738
2.008817
2.006861
2.006393
1.997052
1.972620
1.979527
1.990196
2.007881
2.009509
2.023654
2.029251
2.019519
2.004190
2.021328
2.028557
1.988991
1.998151
2.016931
2.028849
2.017687
1.999771
1.999942
1.998562
1.971132
1.996897
1.982057
1.948998
1.979260
1.987634
1.981481
1.994243
2.024319
1.994451
2.004479
2.004808
2.016788
2.006825
2.013650
2.000284
1.984437
1.994070
1.990694
1.967381
1.985638
2.023420
2.030596
2.026036
2.026872
1.990953
1.987858
2.009093
2.008008
2.013318
2.018799
2.028062
2.044403
2.016471
2.017490
2.012465
2.006600
1.993534
1.992579
1.998199
1.972712
2.002982
2.007026
2.021218
2.009758
1.992115
1.992216
1.983089
1.986491
2.005532
2.012064
2.027419
2.016009
1.996156
1.988376
1.974311
1.957114
1.995248
2.000117
1.995565
2.014654
1.994588
1.972094
1.962836
1.956259
2.001524
2.003068
2.023075
2.022262
1.993939
1.992607
1.997084
1.975746
1.999010
2.000682
1.997813
2.005433
1.994753
1.994854
1.984637
1.988177
2.000152
1.996085
1.981957
1.947118
1.998564
1.989089
2.002009
1.987741
1.984595
1.986708
2.000383
2.012733
1.998947
1.995643
1.993552
1.988765
2.009178
2.006876
2.019084
2.030645
1.975156
1.974500
1.979168
1.969789
1.989792
1.984933
1.980415
1.993609
1.977505
1.976897
1.972852
1.982732
2.011106
1.998831
1.983585
2.011383
1.991729
1.994678
1.995629
1.981048
1.984989
1.977969
1.959742
1.981295
1.991473
1.999236
2.037743
2.048068
1.997508
1.993854
2.024690
2.003890
2.002432
1.995438
2.013161
2.020355
2.002040
2.000958
1.988384
2.003848
1.987599
1.981459
1.979789
1.961088
1.999620
1.993540
1.965128
1.981401
1.997057
1.991600
1.992162
1.992700
2.005546
2.015829
2.035103
1.994729
1.998837
1.992823
1.997617
1.953700
1.995988
2.002191
1.976078
1.983243
1.997226
1.984629
1.990861
1.996745
2.012706
2.009032
2.020114
2.017013
2.012843
2.014760
2.027677
1.981457
2.007906
2.005346
2.001410
2.009900
1.999545
1.995037
1.996845
1.985551
2.004752
1.994702
2.001674
2.002797
2.005410
1.996826
1.980194
1.985179
1.991050
1.981184
1.975435
2.002764
1.988457
1.999589
1.989149
1.992169
2.007185
2.000348
2.008614
2.012957
2.000449
2.004372
1.996254
2.020298
1.982783
1.993130
1.991855
2.002892
1.998571
2.000405
2.002977
2.004107
2.002893
2.002063
2.031654
2.010623
1.994066
1.971133
1.978242
1.996764
2.008836
1.999446
1.984097
2.004325
2.013244
2.014360
2.013150
1.994751
2.003085
2.004812
2.016814
2.008172
2.010780
2.002653
2.015954
1.993844
1.991432
1.992277
1.995237
2.005437
2.001008
2.012759
2.015509
2.016981
1.990126
2.006321
1.992530
2.016703
2.012692
2.015470
2.055101
2.051756
1.996607
2.002687
2.026906
2.025041
1.986148
1.990847
1.981636
1.992476
1.996012
1.992447
1.976617
1.986131
1.997630
2.002089
2.016414
2.009610
2.000874
2.011640
2.015417
2.017956
2.015025
2.010029
2.018777
2.007829
1.996382
2.011455
1.991301
1.993644
2.004064
2.013177
2.051806
2.021722
2.009863
2.015377
2.038355
2.031710
2.005447
1.997482
2.006696
2.012548
2.009032
2.002302
1.976523
1.990157
1.993626
1.991885
2.003566
1.981153
1.988738
1.983881
1.980549
1.962671
2.007881
1.995315
1.971233
1.948956
1.998142
1.986105
1.980626
2.007235
2.019970
2.015340
2.022722
1.977856
1.996121
2.009807
2.005101
1.991242
1.993070
1.989773
1.972716
2.005322
1.988429
1.997335
1.976118
1.980003
1.988111
1.987916
1.964532
1.976125
2.010294
1.999291
2.003354
2.000789
2.001164
2.006820
2.014443
2.000099
2.014321
2.024612
2.005201
2.017839
2.008381
2.000105
1.948265
1.954748
1.983451
1.976521
1.956294
1.975543
1.998705
2.011616
2.018209
2.032307
2.002294
1.999439
2.008838
1.996677
2.010465
2.011373
2.031442
2.033237
1.994717
2.001936
1.987034
1.993890
2.011394
1.999768
2.013128
2.022832
2.000765
1.992584
1.976692
1.991565
1.980224
1.988142
1.952561
1.958107
1.986802
1.988895
1.993900
1.989464
1.983526
1.982347
1.970265
1.983829
1.995109
2.013485
2.038105
2.023485
1.982578
1.980055
2.002896
2.011800
1.995872
2.009569
1.972888
1.993983
2.002089
2.008993
2.037508
2.039243
1.988677
1.985648
1.990706
1.985785
1.978914
1.980371
1.966020
1.963414
2.006561
2.013128
2.016459
2.038470
1.990160
1.987199
1.993526
2.013668
1.991826
1.998919
1.998760
1.989485
2.004009
1.996037
1.975106
1.993840
1.999267
2.011168
1.997732
1.990165
1.994929
2.003444
1.999756
1.987525
2.006051
1.998588
2.006987
1.990916
1.994780
1.992374
2.001213
1.983500
2.003771
1.992263
1.993789
1.975638
2.007393
2.003283
1.993783
2.015317
1.996397
1.994437
2.016996
1.971323
1.986663
1.996414
1.982825
1.987269
1.996972
2.006030
2.033788
2.029250
2.011649
2.023275
2.052643
2.039789
1.997537
2.007723
2.022444
2.008692
1.989863
1.986653
1.982722
1.972046
2.008197
2.010326
2.042794
2.008421
2.000616
1.994927
2.012413
1.996545
2.010462
2.012059
2.023420
2.006742
2.001920
2.014447
2.016908
2.013620
1.998209
1.986799
1.966906
1.969735
2.008745
2.015594
2.005179
2.038408
1.988615
1.993853
2.009527
2.027922
2.004959
2.016285
2.013543
2.028887
1.992671
1.994210
1.993382
1.969866
2.002267
1.989049
1.978145
1.989024
1.993062
1.991643
1.979541
1.979945
1.988605
1.994924
1.987856
1.999111
2.001452
1.996207
2.007061
2.024588
1.999408
2.004505
2.007492
2.016286
1.998436
2.016058
2.009587
1.987848
2.006001
2.009986
2.034664
2.033922
1.997560
1.993368
2.003259
1.992549
2.002375
2.018053
2.011493
2.037944
1.992899
1.998218
1.981112
1.999512
2.004386
2.009106
1.997163
1.988109
1.994914
1.995738
1.944959
1.984301
1.996590
2.008776
2.004370
2.003207
1.996832
2.002596
2.027422
2.013983
1.996746
1.999163
2.009393
2.027644
2.016456
2.012252
2.015003
2.015707
2.005497
2.017203
2.046154
2.031310
2.006359
2.013971
2.020244
1.968225
2.014659
2.010433
2.034180
2.029246
2.003007
2.008363
2.033340
2.025205
2.004591
1.995040
1.982872
1.986222
1.989146
1.987204
1.987968
1.995883
2.014785
2.026808
2.025762
1.994381
1.994589
1.990697
1.973350
1.976215
1.983447
1.990011
1.967856
1.964149
2.003233
2.011528
1.995272
2.020883
2.002082
1.999328
1.962551
1.973524
1.997014
1.993024
1.990612
2.006240
1.989197
1.995760
1.990653
2.005783
2.015953
2.018471
2.015704
1.992119
1.997580
1.997762
2.020415
2.030049
1.990999
1.998289
1.978930
1.993034
1.994990
1.995424
1.998609
1.970561
2.000707
1.998052
2.005073
1.987231
1.995605
1.985052
1.992560
1.997321
2.005761
2.011209
2.009969
2.018888
2.009469
2.025034
2.049734
2.065892
1.993092
1.984567
1.985319
2.033178
1.989086
1.994909
2.001328
2.012504
1.995001
1.975908
1.986347
2.002857
1.996876
1.972158
1.933497
1.949466
1.990944
2.001625
1.986862
1.995753
1.995328
1.985535
1.959329
1.991648
2.008666
2.010898
2.018714
2.041479
1.976907
1.983621
1.975701
1.987905
2.012274
2.016382
2.028695
2.044725
2.005935
2.009670
2.024276
2.013729
2.011643
2.029355
2.026343
2.041035
1.998561
1.992001
1.999901
2.016718
1.997621
1.981357
1.969243
1.974904
2.010067
2.012524
2.024125
2.022198
2.007640
2.023949
2.047853
2.011620
1.984113
1.975875
2.004147
2.028679
1.985693
1.996864
2.003983
2.019036
2.006099
2.017158
2.000637
2.024370
1.996114
1.989526
2.016520
1.995138
2.014520
2.023419
2.041253
2.035220
1.998842
2.002754
1.985071
1.996216
2.001901
2.002002
2.016492
2.024898
2.001693
2.002712
1.994366
1.991122
2.004694
2.001691
1.968125
1.970199
1.995577
1.981489
1.987324
1.993886
1.999256
2.019518
2.027468
2.029093
1.997526
1.989915
1.978531
1.990033
1.999813
2.001431
1.977927
1.973177
1.997430
1.995961
1.977425
1.960710
1.991542
1.990795
1.986513
2.000006
2.010957
2.012576
2.020308
1.973406
1.973385
1.973629
1.953646
1.973255
1.999205
2.002635
1.982329
1.972376
2.006595
1.999236
2.042911
2.028282
2.017644
2.027511
2.033690
2.005206
1.991331
2.001951
2.035070
2.032548
2.003958
2.010278
2.022745
1.991091
1.999462
1.991083
1.990689
2.000643
2.008668
2.014707
2.036195
2.035479
2.002438
1.999936
2.002474
1.988280
2.008770
1.994045
2.003728
2.012926
2.006238
2.029180
2.066596
2.031241
2.005066
1.992408
1.983011
1.992402
2.007476
2.016871
2.012952
1.986635
1.991991
1.990923
1.957482
1.980936
2.020288
2.021337
2.023824
2.011215
1.989130
2.010781
2.014252
2.025120
1.994977
2.003690
2.009971
2.025901
1.994842
1.989212
1.987779
1.959035
1.974262
1.973377
1.975512
1.996702
1.999421
2.004878
1.974981
1.988055
1.999159
1.999214
2.003129
1.995255
2.009509
2.012782
2.007408
2.032321
1.999204
2.000863
1.988310
1.990606
1.985374
1.990965
2.003961
2.019171
1.991829
2.002099
2.013533
2.001973
1.990005
1.990537
2.013659
2.019181
1.997736
1.998023
1.984677
1.996218
2.004937
2.005500
1.999790
1.997752
2.007416
2.002657
1.984911
1.974245
1.996157
1.996468
1.962992
1.969499
1.993609
1.996169
1.981089
1.955671
2.008195
2.004539
2.012660
2.018663
2.005067
2.007339
2.016433
1.997797
2.001665
1.990415
2.012168
2.001164
2.017952
2.014588
2.004910
2.014384
2.004912
1.989628
2.009470
1.995805
1.997686
1.984359
1.978603
2.011870
1.995335
2.000270
2.038755
2.038103
1.994203
1.981524
1.980351
1.977320
2.005096
2.012531
2.000510
1.985561
1.998747
2.004047
2.023133
1.997891
2.003887
2.001541
1.990752
1.974474
2.000033
1.999795
1.971114
1.977429
1.993379
1.988729
1.978536
1.993576
1.998141
1.992353
1.984823
1.975524
1.998663
2.004216
1.990216
1.998291
2.003831
2.004581
1.993903
1.995628
2.001088
2.007296
2.008200
2.019821
1.986770
1.991022
1.973481
1.965650
1.998497
1.997728
2.006611
2.009995
1.989938
1.982545
1.999206
2.023149
2.006789
2.009888
2.021701
1.993527
2.008035
2.029950
2.023446
2.013266
1.996673
1.998811
1.997328
1.983061
2.001250
1.998813
1.968497
2.003234
1.999063
2.000244
1.981223
1.972790
1.999795
1.999683
2.019551
2.012586
2.020827
2.021100
1.997297
1.982193
2.006059
2.007657
2.015757
2.013949
1.989273
1.990164
1.979104
2.004854
1.995969
1.993089
1.980709
1.988082
1.991299
1.991447
1.992781
2.008954
1.993130
1.986402
1.963596
2.014661
2.013297
2.016305
2.044055
2.050054
1.994509
2.002760
2.010669
1.996493
2.017625
2.024928
2.027650
2.040343
1.977321
1.993772
2.003364
1.980735
2.004432
2.002606
2.001610
1.984404
2.006027
2.008990
1.991163
1.993703
1.995283
1.998878
2.001057
1.990012
1.988332
1.976382
1.980027
1.974802
1.997205
1.989353
2.023080
2.011745
1.987428
1.988950
1.982482
1.980047
1.996912
2.019974
2.010630
1.994519
2.006347
2.009880
2.028207
1.984363
1.995704
2.008054
1.995938
1.993886
2.004903
2.012822
1.993468
2.001894
2.005401
2.007706
1.984538
2.000384
1.996259
2.001175
2.039019
2.044200
1.998646
1.986711
1.978953
1.973645
2.013134
2.016897
2.024123
2.021993
1.987783
1.986576
1.990544
1.977708
1.999795
1.986694
1.984396
1.993773
1.997882
1.995830
1.997134
1.991268
2.005966
2.000483
1.970318
1.950763
1.991423
1.999344
1.977014
1.998116
1.996804
1.996384
1.989284
1.952923
1.991199
1.982003
1.971656
1.983408
1.994168
2.006947
2.027262
2.018998
2.006212
1.997449
1.996371
2.011080
2.017357
2.014230
2.022258
2.026111
2.003190
1.995879
2.002376
1.989645
1.993785
1.992538
1.987711
1.969161
1.992918
1.997290
2.004312
1.976010
1.985925
1.984878
1.993523
2.001300
1.998271
2.004294
2.012979
1.999657
1.985257
1.993243
1.997372
1.973189
1.993248
1.996890
2.013357
2.045588
2.005445
1.993200
1.981297
1.984409
1.989421
1.993834
1.993518
1.965098
2.020950
2.020220
1.995232
2.008020
1.986975
1.992689
1.986127
2.012126
2.008870
2.010676
1.993161
2.010522
1.989971
1.988836
1.998191
1.993356
2.005671
1.999116
1.949333
1.989741
2.006773
2.003817
1.993436
1.977751
2.025987
2.021739
2.009332
1.999600
2.011536
2.009395
2.048449
2.013628
2.016502
2.016382
2.023644
2.036435
1.987154
1.998554
2.016973
2.002974
1.988536
1.989682
1.984307
1.979123
1.989820
1.995671
2.001937
1.972231
1.991975
1.999291
2.010108
1.998878
1.993367
1.994081
2.024108
2.017936
2.003319
2.001767
1.994153
1.970941
1.999714
2.014689
1.986781
1.954802
2.003971
1.995544
1.994365
1.981132
2.000405
1.986814
1.973022
1.997085
2.029194
2.023146
2.039031
2.009780
1.980242
1.983658
1.976330
1.982603
2.013883
2.018707
2.014542
2.026973
2.005677
2.005402
2.004180
2.005940
1.995888
1.982175
1.965693
1.962019
2.017872
2.012362
2.027882
2.001358
1.996714
1.992633
1.998936
2.002814
1.991808
1.985027
1.971841
1.966662
1.997218
2.002052
2.001956
1.986898
1.996764
2.001370
1.992840
2.010392
2.002949
2.000004
2.010249
2.009376
2.002866
2.008328
2.013476
2.021383
1.998032
1.996016
1.993302
1.962681
1.996036
2.000142
1.991572
1.977998
1.995281
1.997330
2.016711
2.003922
1.998449
1.985719
1.995952
1.976245
1.996941
2.007550
2.004645
2.030874
1.995434
1.994052
1.999539
2.016148
2.000146
2.002423
2.006737
1.950501
1.996340
1.991792
1.984958
1.945871
1.988347
1.997319
1.995286
1.982753
1.988257
1.996358
2.000587
2.022509
2.018181
2.020903
2.029508
2.034387
2.010881
2.002790
2.013564
1.975375
2.014284
2.010038
2.024967
1.996919
2.009454
2.003921
2.011420
2.012509
1.992963
1.993509
1.993984
1.971784
1.988924
1.984076
2.020620
2.015875
1.994450
2.009596
2.030962
1.978707
2.000622
2.010007
2.015880
1.990930
1.998701
1.979721
1.985315
1.992223
2.006957
2.014869
2.006668
1.986917
2.000279
1.997350
2.011273
1.989400
1.992052
1.975928
1.985748
1.983277
1.986118
1.996683
1.975211
1.987963
1.990175
1.999115
1.990372
1.983155
1.993279
1.983488
1.958525
1.984816
1.997426
2.007404
2.011785
2.008486
2.002341
2.012248
2.037386
2.019694
2.003988
2.005032
2.021529
2.011105
1.986684
1.987356
1.999646
2.009718
1.987654
1.992766
1.982301
1.994727
1.994297
2.002771
2.011235
2.002196
2.005527
1.994262
1.978642
1.976699
2.008091
2.002330
2.015265
2.029486
1.992281
1.984396
2.008940
2.008682
2.011555
2.016419
2.017374
1.994618
1.995352
1.991608
2.001014
1.977226
1.986281
1.979025
2.000916
2.015049
2.003811
2.012023
2.021467
1.994673
1.980284
1.985628
1.968006
1.986829
2.015405
2.016152
2.030486
2.039347
1.991359
1.996879
1.995449
2.007727
2.018509
2.010850
2.030365
1.984070
2.000264
2.003430
2.012638
2.015780
1.992714
2.001172
1.996268
1.998210
1.982771
1.991137
1.974971
1.978724
1.994670
1.997361
1.995426
1.951557
1.982154
1.979802
1.952638
1.950108
1.992486
1.998280
1.994490
2.027388
2.012116
2.019249
2.032667
2.023300
2.017211
2.023399
2.017610
2.022330
1.987765
1.992357
1.987642
2.006503
2.004035
2.005473
2.038918
2.007091
1.997490
1.992902
1.966941
1.987226
1.996324
2.010441
1.996981
1.998736
2.003074
2.013831
2.027984
1.990449
1.998338
2.002488
2.022099
2.005258
2.009062
2.010247
1.981846
1.982122
2.000278
1.990054
1.976676
1.980626
2.001100
2.001411
1.986674
1.983988
2.001748
1.999135
2.008882
1.990002
1.993651
1.984838
1.984766
1.993345
