2.013011
2.003666
2.019333
1.975842
2.016218
2.013958
1.985586
2.008805
1.983979
1.979509
1.997003
1.997096
2.001232
2.000634
1.970556
2.006185
2.003363
1.989167
1.982478
1.977150
2.007973
2.015073
2.013584
2.014508
2.006087
1.996934
1.990021
1.989734
2.004211
2.007607
2.026186
2.016087
1.990282
1.991046
1.979695
2.003104
1.999728
1.999904
2.021605
2.001826
1.982779
1.987930
1.992930
1.996895
1.997327
2.003499
1.987325
2.006066
1.991423
1.982076
1.957161
1.952677
1.995168
2.001832
2.007341
1.996747
1.992205
1.990625
1.983350
1.985902
1.997830
2.001002
1.969190
1.966215
2.001548
2.005579
1.976462
1.989765
1.991083
1.994809
2.010454
2.003848
1.994710
1.998011
2.003859
1.988570
2.000544
2.001671
1.995270
1.985751
2.004275
2.008324
1.992222
1.990434
1.991978
1.993478
2.008579
2.021010
2.009973
2.013486
2.038441
2.033908
2.007125
2.010503
2.026872
1.985928
1.986829
1.990885
2.016617
1.989708
1.982608
1.986441
1.976371
1.992550
1.999921
1.999876
2.035151
2.036380
1.985242
1.975374
2.000148
1.996494
1.997491
1.983697
1.972132
1.969528
2.005280
1.996983
1.970085
1.997352
1.990292
1.983472
1.995261
2.005577
2.008815
2.000817
1.994663
2.000635
1.986619
1.977725
1.987605
1.977951
2.006958
2.002735
1.973133
1.954097
2.003065
1.998871
2.007724
1.991276
1.998139
1.999155
2.015981
2.015513
1.991048
1.988523
1.996102
2.003800
2.009784
2.023420
2.014867
1.984274
2.007276
1.997810
1.994463
2.009632
1.995489
1.994535
1.975538
1.989001
1.995958
1.994602
2.003146
1.998520
2.004843
2.000880
1.993356
1.993657
2.005958
1.996866
2.005371
2.001498
1.987041
1.984649
1.993870
2.000052
2.014729
2.008926
2.034707
2.032698
1.998099
2.004755
2.028336
2.020812
1.993450
2.005762
2.026033
2.019773
1.998422
2.003493
1.992270
1.980634
1.990034
1.996003
1.993175
1.966452
1.998305
2.004486
2.015641
1.984169
1.998995
1.997159
2.003403
2.004662
1.994255
1.991100
1.980270
1.975857
2.002751
1.996615
1.989892
1.984507
2.004112
1.998442
1.948711
1.991407
1.998248
1.998074
1.992516
1.977489
2.001718
2.008433
1.999542
2.005766
2.009900
2.021624
2.045191
2.040381
1.996521
1.989922
1.994932
2.013833
1.988700
1.999858
2.020421
2.004969
1.989681
2.000751
2.023524
1.996171
2.003255
1.999937
2.009801
1.996266
1.992588
1.993272
1.986656
1.974012
2.001171
2.018260
2.021010
2.021027
2.004223
2.000785
1.994802
1.969630
1.996599
1.999957
2.008228
2.019165
1.990090
1.978310
1.971257
1.972632
2.003795
2.018996
2.009358
1.997745
1.989089
1.992252
1.990001
2.000050
1.979072
1.983885
1.972756
1.978307
1.999542
2.010433
2.018541
1.999036
2.000325
1.993510
1.995286
2.025655
1.999288
2.005157
2.031967
2.005765
2.000761
1.998590
2.004960
2.012628
1.998314
1.995187
2.000516
2.005622
1.999380
2.006790
2.022909
2.008100
2.000744
2.006098
2.012982
2.003770
2.002660
1.991595
1.951719
1.958263
1.992572
2.001232
2.002501
2.018696
2.002790
2.008943
2.017146
2.020909
2.002237
2.013233
2.014514
2.017090
2.007493
2.007721
2.003850
1.973027
2.010695
2.007730
2.003278
2.031404
1.996348
1.996890
2.001700
2.000314
1.996199
2.006672
2.005014
2.027307
1.998508
2.011234
2.000676
2.005812
2.014933
2.007185
1.981869
1.974277
2.003029
2.016482
2.003363
2.006954
1.995995
1.987527
1.990362
2.017428
1.984997
1.992588
1.999121
2.021119
2.005340
1.988330
1.965464
1.973682
1.996134
2.000383
1.993434
2.017875
1.989877
1.986705
1.967285
1.967834
2.009794
2.008226
2.013441
1.989393
1.991388
1.992528
1.990592
1.971619
2.008560
2.012939
1.991466
2.004783
2.010976
1.997144
1.990605
2.021272
2.009379
2.002513
1.995422
2.010806
1.984267
1.974218
1.978168
1.979012
2.005396
2.013440
2.005625
1.989034
2.015433
2.018185
2.049300
2.019798
2.000043
2.006506
2.034648
2.014175
1.995843
1.994626
1.969692
1.970448
2.013464
2.015561
2.047175
2.040996
1.993665
1.985115
1.964585
1.987784
1.996813
2.002211
2.010029
2.003158
2.012489
2.005451
1.995573
1.987900
1.992400
2.001541
2.015688
1.997974
1.999356
2.008477
2.030533
2.039630
1.988274
1.992612
1.980524
1.996122
2.002117
2.006139
2.027265
2.005880
2.014759
2.016049
2.038911
2.023344
1.989225
1.983157
1.978325
1.980728
2.008015
2.002887
2.019164
2.026365
2.013374
2.016186
2.013203
1.992201
2.009995
2.016669
2.011967
1.983561
2.015571
2.002606
1.994891
1.978921
2.002334
1.990706
1.957861
1.984830
1.996351
1.998743
2.021201
2.014588
2.015105
2.017633
2.030956
2.039189
1.994704
2.000867
1.995509
1.989854
2.007041
1.997157
2.009604
2.025794
2.007873
2.004419
2.000294
2.011868
2.003084
2.000453
2.003621
1.989348
1.984770
1.991067
1.976144
1.981459
1.997821
1.986174
1.994003
2.012886
2.008672
2.014842
1.976347
1.985823
1.995513
1.997073
2.026718
1.997991
1.993056
2.007003
1.985666
1.964844
2.017171
2.024506
2.018963
2.024097
1.998270
1.993625
1.982633
1.991473
1.998585
1.992708
1.957118
1.981177
2.007660
2.016462
2.027903
2.009424
2.005170
1.994909
1.988337
2.009333
2.000502
2.012459
2.024479
1.992358
1.986594
1.995499
1.997890
2.013241
2.001543
2.004025
2.008531
1.990694
1.996552
1.998874
1.996230
2.001633
2.003335
2.014129
2.000509
1.957569
2.001787
2.000051
2.010545
1.993453
1.992457
1.984198
1.983466
1.965974
1.990276
1.994073
2.001738
1.984474
1.989444
1.986044
2.016058
2.017253
1.989959
1.993290
1.992413
1.983518
1.995491
2.004814
1.990200
2.017408
1.984806
1.988848
1.973071
2.007051
1.990554
1.993229
1.983078
1.954515
1.983321
1.980442
1.984414
2.003902
2.008354
2.011713
2.037511
2.022886
2.007165
2.011175
2.003800
2.005739
2.002269
1.993963
2.018506
2.009922
2.024742
2.035168
2.033836
2.025671
1.991306
1.985300
1.985342
1.990626
1.993016
1.996187
2.008709
2.001458
1.975384
1.990752
1.956836
1.969137
1.997505
1.986109
2.002044
2.005583
2.006407
2.010065
2.009208
2.008165
2.005477
2.019681
2.028055
2.003277
1.985155
1.992099
1.996852
2.020000
1.998287
1.986552
1.982864
2.001435
1.999291
1.999771
2.012924
2.000983
2.009939
2.008326
1.971196
1.953159
2.006179
2.006324
2.014058
2.021122
1.991516
2.004978
2.019234
2.003737
2.005399
2.010445
2.007516
1.996736
2.001520
1.995196
2.027433
2.024970
1.998273
1.996099
1.955122
1.966671
1.998079
1.999481
1.974449
1.980832
2.001184
1.988831
1.995157
2.015088
1.996173
1.996482
2.002851
2.010903
1.983726
1.994853
2.004232
2.012414
2.012618
2.013346
2.043023
2.054805
1.994800
2.000378
1.974582
1.970716
1.991609
1.983764
1.950268
1.967507
1.998841
1.987905
1.975012
2.000690
2.009580
2.007200
2.014307
2.017341
2.000421
1.984368
1.991353
2.016695
2.016285
2.021489
1.996627
1.989963
2.004923
1.995123
1.995342
1.984343
1.995472
2.005995
2.000560
2.004522
1.993858
1.995309
1.966300
1.985674
1.993792
1.990953
2.003934
1.991222
1.989245
1.977894
1.983556
1.976490
1.993059
1.978359
1.985968
1.987399
2.010769
2.007711
2.037429
2.029641
1.998816
2.001475
2.025161
2.015840
1.999829
1.982835
1.979686
1.990844
2.019509
2.010350
1.998590
2.001046
2.002995
2.008217
2.020635
2.016240
2.008072
2.013329
1.996004
1.993646
1.999732
1.987993
1.981763
1.993602
1.993237
1.986064
2.014406
2.002475
1.989277
1.978774
1.991288
1.982483
2.001214
2.009298
2.034470
2.024887
2.008617
2.021381
2.035474
2.046777
1.978032
1.965722
1.953537
1.976376
2.012461
2.005162
1.988397
1.989306
1.990345
1.997229
1.977465
1.990980
1.996009
2.001558
2.027359
2.006544
1.998081
2.002987
1.989891
2.004558
2.003733
2.006185
1.987531
2.002959
2.009496
2.017647
2.009603
1.998274
2.020035
2.027514
2.031401
2.031730
2.002991
1.996790
1.994198
1.974721
2.001997
1.985521
1.968408
1.973913
1.992736
1.983632
1.989372
1.986983
1.999537
2.002925
2.006902
2.009818
1.993092
1.982491
1.959116
1.995438
1.994204
1.997439
1.990126
1.980166
2.002780
2.008148
1.975684
1.967749
2.030898
2.035173
2.023819
2.000721
1.997006
2.016023
2.024453
2.020065
2.004858
2.017721
2.004989
2.020704
1.988975
1.979998
1.964719
1.990611
1.996781
2.003900
1.956255
1.967716
1.991757
1.993299
2.023871
1.996412
2.010435
2.016528
2.017554
1.997205
2.000579
2.004318
2.020289
1.995917
2.003862
2.023186
2.027346
2.035229
1.991554
2.006883
1.997775
2.018164
1.993614
2.001319
1.999880
1.982508
2.012040
2.008352
2.007161
2.004832
1.980331
1.973594
1.969228
1.997894
1.992707
1.980630
1.985988
2.012505
2.003835
2.012390
2.032258
2.000965
2.010470
2.010279
2.011107
1.994813
1.994879
1.986439
1.967418
1.957725
2.000327
2.012188
2.014468
2.010491
1.991012
2.002174
1.984326
1.973841
2.009421
2.013194
2.016882
2.029926
2.002095
2.010058
2.015267
1.987071
2.000572
1.998519
1.996463
2.011763
2.002520
2.000404
2.024915
2.012925
2.006674
1.996880
2.019992
1.988631
2.004500
2.007642
2.015054
1.993401
2.000546
2.003642
2.001736
2.012382
1.998597
1.992943
1.989556
1.981999
2.005189
2.012561
2.027545
2.007750
1.997130
1.994918
2.026605
2.041837
1.979893
1.992286
1.986513
2.001017
1.978147
1.969359
1.972460
1.973613
2.010395
2.000414
1.990231
2.017557
1.983219
1.973550
2.003298
1.998158
2.018444
2.017852
2.024963
2.018591
2.002976
2.012739
2.026736
2.043036
2.011964
2.025269
2.046549
2.023562
2.005758
1.994894
2.007575
2.016452
1.985748
1.976262
1.977494
1.984933
2.005189
2.005458
2.000765
1.967152
1.988775
1.977266
1.977901
2.013184
2.008993
1.997073
1.992878
2.005351
2.008010
2.015909
2.042107
1.998010
1.994458
1.991722
2.020249
2.022975
2.008500
1.997587
1.986620
2.000149
2.009238
2.012285
2.013364
2.009571
2.003007
2.020681
2.021049
2.008460
2.016247
2.017581
2.029275
1.988832
1.996981
1.997452
1.973802
1.990874
1.995042
2.000891
2.009670
2.007723
1.984792
1.979443
1.947371
1.950422
1.990327
2.005953
2.017360
2.012810
1.992520
1.981078
1.975580
1.988781
2.020150
2.013831
2.028065
2.025893
1.987384
1.972661
1.973501
1.997870
2.006962
2.016620
2.003156
2.005897
1.998393
1.990840
1.990332
1.992475
2.001626
2.006944
2.010126
2.011218
1.997854
1.995726
2.020534
2.005372
2.010511
2.027547
2.041249
2.023202
2.004994
2.005881
2.029657
2.012990
1.998038
2.001260
1.993690
1.983293
1.995149
1.997634
2.017975
1.997424
2.016955
2.017641
2.027287
1.991790
1.993591
1.985619
1.960250
1.976052
2.005303
2.007212
2.020469
2.005476
1.995823
2.008419
1.978076
1.975330
2.011655
2.014369
2.059813
2.046991
1.979776
1.977370
1.988509
1.993349
2.007291
2.002208
2.020276
1.993223
2.004570
2.012943
2.020432
2.024896
1.993698
1.991778
1.966093
1.961971
2.000495
2.012140
2.005996
2.008817
1.985546
1.992577
2.003283
2.004454
2.006932
2.011866
2.025032
2.050475
2.000673
1.989527
1.973577
1.990964
2.010325
2.013229
2.008908
2.058427
2.002760
1.991237
1.992107
2.000496
1.997058
1.992212
2.031033
2.021731
2.014153
2.008331
2.018708
2.018207
1.994315
1.988536
1.988558
1.973362
2.013363
2.016014
2.029568
2.058031
1.998062
1.985233
1.966843
1.994053
1.993949
1.997726
1.970754
1.965047
2.000777
2.002573
2.022187
2.000144
2.020845
2.016168
2.022749
2.032974
1.992642
1.992048
1.977521
2.004023
1.983162
1.980555
1.955253
1.967806
2.001191
1.998133
1.981084
1.979497
2.003294
2.013841
1.998345
2.009171
1.987072
1.990428
2.012016
2.012494
1.987076
1.979641
1.957495
1.987389
1.981323
1.976791
1.956153
1.966655
2.007359
2.009198
2.018545
2.025925
2.019038
2.021989
2.041553
2.018475
1.993123
1.990547
2.002357
2.011670
2.005736
1.996195
2.000586
1.996391
2.011268
2.002918
2.016177
2.024061
1.996720
1.997064
1.997305
2.006630
1.993610
2.002912
1.969224
1.966081
2.005145
1.996232
2.020959
2.048608
2.005494
2.011514
2.039742
2.033004
1.996721
2.014799
2.039696
2.025743
2.012877
2.001362
1.976076
1.972793
2.013190
2.015323
2.017100
2.016519
2.002262
1.997936
2.006894
1.981468
1.990682
1.999827
1.976549
1.974986
1.977225
1.974746
1.955956
1.964221
1.996466
1.992867
1.997316
1.998764
2.008894
2.022332
2.017088
1.996897
2.001978
1.991063
1.967884
1.982315
2.001969
1.994062
1.979471
2.007661
1.997163
2.010497
2.005725
2.003035
2.002465
2.020381
2.048534
2.026526
1.999400
2.005539
2.010612
2.013977
2.000886
2.005797
1.991174
2.012655
2.013427
2.009908
2.012463
2.031395
1.998714
1.995002
1.990809
2.014373
2.002814
2.017532
2.013456
2.001531
2.012273
2.013499
2.020052
2.010359
1.993262
1.994466
1.983774
2.001203
2.003495
2.001136
1.990637
1.973027
2.003271
2.013315
2.030092
2.010842
2.003754
1.996731
1.969715
1.971707
1.998457
2.005159
1.993778
1.972488
2.001068
2.005809
1.993271
2.011700
2.004508
1.998540
1.993014
1.982346
2.001927
2.021374
2.029817
2.023157
2.020333
2.024222
2.023691
2.011747
1.996741
1.996280
2.014026
2.028169
1.984012
1.982402
1.997385
1.942969
1.999349
1.997630
2.006629
1.999206
1.992371
1.994469
1.998163
1.968680
2.002227
2.009753
2.006223
2.013294
2.003312
2.000623
1.978213
1.964551
2.007998
1.999760
1.984212
1.995894
2.003186
2.006904
2.000453
1.998012
2.008305
2.012890
2.017483
2.021179
1.988125
1.969294
1.968704
1.959905
2.005349
2.010788
1.990044
2.008142
1.999704
1.997303
2.017662
2.005975
1.989780
1.988970
1.977162
2.000999
1.991950
1.993986
1.988216
2.009965
1.982441
1.997600
2.008806
2.011134
1.992849
1.996303
1.992727
1.965705
1.988150
1.993253
1.959541
1.998356
1.993991
1.985983
2.012289
1.986604
1.998611
2.006626
2.022380
2.011792
1.990081
1.983455
1.926501
1.955574
2.001337
1.991083
2.009830
1.990704
1.988156
1.994293
2.003516
2.020225
1.993183
1.989350
1.989506
1.984175
2.006867
2.010397
2.038400
2.037163
1.991991
2.003676
2.003147
2.004032
1.996101
1.991676
2.030396
2.014349
1.994621
2.012827
2.021836
1.992461
2.007887
2.008456
1.976471
1.971464
1.984241
1.992485
1.974914
1.972102
1.995523
1.988108
1.958556
1.963461
2.019949
2.016171
2.006685
1.980067
1.999974
1.996248
1.995982
1.986033
2.005725
2.001869
2.014020
2.015205
2.014482
2.014284
2.016619
1.992693
1.984158
1.979919
1.970440
1.991516
1.993205
1.990238
1.992961
1.968501
1.991237
1.978139
1.980259
1.962586
1.996340
1.999399
1.969987
1.975658
2.001882
1.993920
2.013705
2.000555
2.011481
2.005357
2.015633
2.016678
1.991097
1.998569
2.002905
2.001089
2.000123
2.018253
2.004107
1.991285
2.010342
2.022865
1.984087
2.024450
1.992057
1.974757
1.981145
2.003727
2.001007
2.006667
2.034096
2.038062
2.008073
2.014664
2.015429
2.027546
2.002532
2.022921
2.009821
2.026037
2.001184
2.006630
2.002733
2.016776
1.975333
1.982765
1.967792
1.992881
1.994550
2.002769
1.977708
2.006031
1.996033
1.999146
1.968782
2.008423
2.000297
2.000838
1.983677
2.016948
1.994895
1.991707
1.984546
1.996540
1.998185
1.982503
1.978354
1.979711
1.995820
2.005802
2.030271
2.036472
2.004452
2.011327
2.003503
1.988225
1.982179
1.981168
1.999464
1.997569
1.978628
1.977832
1.964711
1.975747
2.008535
2.017884
2.005645
2.028687
1.997734
1.992324
2.011558
1.995071
1.984006
1.995674
1.984297
2.014908
2.004186
2.009079
2.013060
2.005711
2.000015
1.997834
1.980139
1.983480
