2.010175
2.010455
2.022084
2.013138
2.017983
2.011804
2.001845
2.006724
2.015135
2.000764
2.001074
2.017870
2.009899
2.010311
2.020026
2.013581
2.018507
2.013359
2.002099
2.007330
2.015725
1.999875
2.000877
2.016546
1.988487
1.986442
1.961680
1.961994
1.971742
1.985945
1.996509
2.002117
1.985042
1.966246
1.966736
1.967539
1.988590
1.986503
1.966460
1.970040
1.978300
1.986690
1.996262
2.001928
1.985297
1.966472
1.966907
1.967069
2.009291
2.009816
1.998474
1.999966
2.004135
1.992156
2.000463
2.002562
2.027841
2.003068
1.998304
2.001715
2.008768
2.009156
1.995471
1.998425
2.003309
1.993351
2.000461
2.002265
2.028011
2.003155
1.999150
2.000487
2.007780
2.011377
2.013226
2.003865
2.013269
2.018521
1.999703
2.013925
2.012013
2.004302
1.999965
1.978744
2.007994
2.011938
2.014935
2.005453
2.011712
2.016488
2.000280
2.014739
2.012347
2.005293
2.000482
1.979586
2.007204
2.005008
2.022836
2.019139
2.027264
2.012971
2.005305
2.022604
2.030952
2.023618
2.013807
2.014594
2.008016
2.005887
2.023369
2.019589
2.028699
2.014857
2.006148
2.023825
2.032081
2.022754
2.013310
2.014003
2.005639
2.011762
2.023169
2.016875
2.022768
2.037526
2.008759
2.016943
2.006290
1.984114
1.985840
1.957136
2.005434
2.011850
2.022133
2.013216
2.020422
2.036855
2.007329
2.015129
2.004758
1.982033
1.984373
1.955410
2.007120
2.013825
2.018245
2.011131
2.018190
1.996467
2.006115
2.016342
1.993292
1.989605
1.986513
2.000227
2.006362
2.013630
2.018143
2.012774
2.018726
1.996077
2.006692
2.016766
1.993950
1.990366
1.987130
2.001125
2.006602
2.011457
2.018461
2.010514
2.009845
2.010659
2.005801
2.012352
2.012527
2.002006
2.008261
1.998451
2.006602
2.011457
2.018739
2.010116
2.009421
2.010047
2.005333
2.011276
2.008798
1.999750
2.006877
1.998797
2.020726
2.034744
2.042062
2.022715
2.022654
2.016610
2.005750
2.004333
1.995517
1.997003
1.993890
2.003141
2.020680
2.034560
2.041970
2.022388
2.022805
2.016726
2.005750
2.004164
1.995517
1.996029
1.992797
1.997307
2.009977
2.013294
2.026922
2.022556
2.034844
2.027373
1.999661
2.002276
1.997265
1.991124
1.992968
2.004109
2.010241
2.012699
2.025595
2.023678
2.034698
2.025258
2.000279
2.002570
1.996878
1.992754
1.993834
2.006745
1.991549
2.001574
2.003403
1.993107
1.978033
1.996900
1.991921
1.999858
1.996563
1.996790
1.980718
1.971257
1.990697
2.000143
2.000167
1.987731
1.974092
1.994119
1.992122
1.999895
1.996944
1.997275
1.982311
1.973735
2.012728
2.011963
2.004008
2.031334
2.026977
2.005417
2.009325
2.006175
2.010569
1.996265
1.993748
1.996699
2.012839
2.011308
2.002595
2.029793
2.026686
2.006332
2.009424
2.006184
2.011542
1.996434
1.992374
1.996025
2.006841
2.017790
2.034168
2.021263
2.015898
2.001356
1.990159
1.989884
1.965297
1.949902
1.948165
1.949915
2.006967
2.017854
2.034719
2.022693
2.017731
2.003428
1.990159
1.990109
1.965921
1.949914
1.948211
1.947999
2.003222
2.012844
2.000521
1.973444
1.984954
2.010691
1.998273
1.997498
1.980128
1.993349
2.002246
1.989689
2.003453
2.013194
2.000184
1.972156
1.982395
2.006809
1.998765
1.997872
1.981144
1.995271
2.003401
1.989232
2.000053
1.997212
1.974921
1.988050
1.983711
2.001516
2.005566
2.010480
2.052748
2.028313
2.038193
2.022348
1.999302
1.996610
1.974031
1.984898
1.981697
1.998878
2.005377
2.010821
2.053129
2.029140
2.038681
2.022644
2.013218
2.009998
2.007693
2.000574
2.002954
2.020759
2.005074
2.014342
2.010498
2.016391
2.009942
2.021749
2.013652
2.009966
2.007356
2.001411
2.002090
2.019103
2.004997
2.014132
2.010477
2.016192
2.009444
2.021026
2.002182
1.993533
1.985069
2.018818
2.028765
2.021174
1.993323
1.984068
1.972025
1.990823
1.982392
1.977945
2.003683
1.996226
1.989923
2.021827
2.031240
2.023317
1.993323
1.984068
1.972005
1.991400
1.983226
1.977694
1.993240
2.009074
2.001308
1.998772
2.004223
2.000737
1.998725
2.008389
2.013486
2.003916
2.003159
1.990023
1.996342
2.014739
2.017753
2.014506
2.017631
2.004386
1.999437
2.009860
2.016343
2.006399
2.003443
1.989896
1.997231
1.998739
2.011186
2.002686
2.006508
2.035155
2.002548
2.004839
2.022276
2.029000
2.020034
2.003434
1.995964
1.997429
2.010582
2.004732
2.009598
2.037389
2.002548
2.004839
2.022131
2.029010
2.020538
2.002811
2.006025
2.007053
2.003315
1.991962
1.990033
1.987925
2.009881
2.019558
2.016648
2.038434
2.030644
2.040992
2.005362
2.006332
2.002086
1.990548
1.989307
1.985231
2.009888
2.019685
2.016728
2.038030
2.030285
2.041175
2.003467
1.994079
1.993628
2.005104
1.995046
1.984242
2.008946
2.016929
2.060421
2.063899
2.058894
2.055687
2.003984
1.994538
1.992983
2.004106
1.992839
1.983874
2.008697
2.016380
2.053834
2.060306
2.054932
2.052975
1.987868
2.003095
2.008901
1.991548
2.001013
2.012246
2.001976
1.998055
1.990057
1.992522
1.995260
1.992377
1.988275
2.003787
2.008738
1.991196
2.000280
2.012666
2.001771
1.997773
1.989837
1.991547
1.994608
1.991183
2.011388
2.016505
2.016584
1.979647
1.969709
1.965941
1.990747
1.994246
1.995805
1.989171
1.980088
1.977608
2.011637
2.016669
2.015545
1.980526
1.971243
1.966127
1.991383
1.995620
1.997126
1.988928
1.979202
1.976679
1.996969
1.995607
1.976983
1.976368
1.971807
1.971657
1.991141
1.995852
1.978070
1.988021
1.990859
1.984270
1.998010
1.996991
1.980053
1.981950
1.975803
1.973257
1.991720
1.996591
1.979472
1.988631
1.992136
1.987017
1.996514
1.996006
1.989800
2.008778
2.025197
2.020316
2.018151
2.035992
2.028404
2.027249
2.015817
2.004697
1.996627
1.995689
1.991106
2.010510
2.026504
2.022208
2.018402
2.036234
2.027262
2.026727
2.015879
2.003885
1.999277
1.997964
2.012053
2.001243
1.983188
1.994949
1.993427
1.990040
1.995406
1.982599
1.997308
2.014351
1.999459
1.997866
2.012406
2.000220
1.981568
1.994762
1.993752
1.990468
1.997400
1.983508
1.997370
2.014063
1.984291
1.990273
1.966527
1.998910
1.994833
2.029091
1.996758
1.993801
1.994105
1.997517
1.998372
1.991680
1.984291
1.990290
1.966741
1.998132
1.994302
2.029696
1.997186
1.994318
1.994872
1.999134
2.000030
1.994220
1.998398
1.992789
1.983429
1.977703
1.982139
1.997023
1.999566
1.995489
1.989609
2.023008
2.014184
2.001540
1.998495
1.992679
1.981940
1.973391
1.980255
1.997541
1.999162
1.994866
1.987595
2.021403
2.013013
1.996124
2.004576
2.013489
2.037463
2.046528
2.037696
2.011413
2.003520
2.005160
1.963976
1.957956
1.961806
1.975601
2.004846
2.012941
2.038007
2.045979
2.037832
2.013886
2.003665
2.005645
1.964340
1.958141
1.961716
1.975378
1.991572
1.982898
2.018443
1.994784
1.978936
2.004248
1.988396
1.994500
1.994397
1.974109
1.974310
1.974919
1.991441
1.982642
2.018138
1.994565
1.977816
2.004299
1.987063
1.992326
1.987833
1.968511
1.969670
1.973081
1.991552
1.985845
1.972467
1.976652
1.984415
1.991176
2.005856
1.994571
1.967204
1.967622
1.984055
2.026008
1.991944
1.986274
1.973310
1.976926
1.984449
1.988396
2.005881
1.994765
1.967249
1.966581
1.983703
2.026303
1.996510
1.998551
1.997690
1.984442
1.995788
1.985362
1.996432
1.991587
1.977707
1.978226
1.987688
2.001499
1.995921
1.998575
1.997729
1.984227
1.995746
1.985108
1.996830
1.991489
1.977352
1.980751
1.990108
2.002337
1.995641
1.992291
1.984652
2.012104
2.012863
2.021957
2.003307
2.004281
2.000746
1.992147
2.004275
1.999319
1.995473
1.992127
1.983381
2.011161
2.011542
2.021436
2.004425
2.003994
1.996846
1.989889
2.003786
1.998264
2.007873
2.017873
2.017067
2.016954
2.018332
1.985178
1.996608
2.001799
2.013418
2.018056
2.020895
2.012606
2.007485
2.016863
2.015865
2.016729
2.018089
1.984890
1.996354
2.001528
2.012346
2.018790
2.021554
2.013906
2.009392
2.014393
1.975837
2.012318
2.001771
1.981818
1.985318
1.977735
1.964994
1.964598
1.961940
1.972592
2.011550
2.016121
1.976348
2.012665
2.001721
1.980982
1.985007
1.977476
1.964940
1.963595
1.961190
1.972335
2.009374
2.008764
2.006066
2.000813
2.009245
2.005917
2.018634
2.022927
2.009579
2.007430
2.010756
2.018264
2.009347
2.008550
2.006850
2.000003
2.008198
2.004289
2.018875
2.023052
2.008916
2.004791
2.009517
2.015893
2.018143
2.019357
2.033614
2.012254
2.010104
2.017371
2.003659
1.997747
1.977940
1.988728
1.993172
1.996663
2.018247
2.018936
2.032165
2.011434
2.009633
2.017632
2.003801
1.997993
1.979182
1.989431
1.993563
1.996840
1.998947
1.995570
1.996785
1.995965
2.005367
2.018057
2.002242
1.996117
1.983737
1.987794
1.970414
1.993702
1.998881
1.995535
1.998330
1.994836
2.005198
2.017531
2.002227
1.996176
1.984260
1.986283
1.969296
1.992814
2.003265
2.013158
2.008447
1.992265
1.997337
2.031713
1.998957
2.000067
2.009303
2.018690
2.014320
2.010095
2.002443
2.011952
2.007791
1.992161
1.997090
2.031911
1.998082
1.999749
2.007765
2.016937
2.011787
2.010435
2.010953
2.011349
2.061687
2.047968
2.031504
2.000082
2.013786
2.009267
2.004537
2.003892
1.997310
1.972480
2.011052
2.011053
2.061776
2.043730
2.027914
1.996724
2.012680
2.008083
2.003471
2.003832
1.996923
1.971088
