1.995011
1.992522
2.005072
1.992502
2.021156
2.016846
2.028237
2.022818
1.990900
2.003790
2.017765
2.056433
2.003586
2.013150
2.058250
2.046050
1.989446
1.985668
1.987650
1.996298
1.998238
2.005097
2.028100
2.020376
1.996290
1.993831
2.016832
2.003734
2.006445
2.015183
2.024329
2.012163
1.987812
1.979918
1.990198
1.951471
2.000391
2.006745
1.983741
1.999952
1.997128
1.998641
2.005001
2.000640
2.016719
2.018452
2.029736
1.999084
2.001603
2.001283
1.998476
1.989419
2.007992
1.998153
2.014890
1.994484
2.009685
2.010304
2.025409
2.012638
2.003352
2.010919
2.002904
2.008044
1.982047
1.979877
1.988723
1.999225
1.995247
1.996667
1.977277
1.982857
1.980272
1.982770
1.988965
1.973681
1.983911
1.967453
1.970161
1.967251
2.004850
2.003089
2.013445
1.992556
1.984117
1.990564
2.000601
2.004288
2.010321
2.014934
2.004665
1.984621
1.992431
1.995667
1.989065
1.994327
2.024485
2.033821
2.043426
2.022342
1.990269
1.979824
1.974680
1.970360
1.996171
1.991911
2.029734
2.017058
2.010121
2.006320
1.979641
2.009465
1.991849
1.998391
2.001285
1.988124
1.996838
1.993501
1.968292
1.963849
1.999194
1.991007
1.993424
2.027705
1.992643
1.994949
1.970947
1.965461
1.992919
1.998136
1.984588
1.960587
2.013432
2.020418
2.024331
1.987117
2.019049
2.024628
2.015704
2.015357
1.999188
2.003100
2.007109
1.999394
2.000239
1.998205
1.980410
1.974901
2.004246
2.012420
1.990234
2.026458
2.015946
2.014634
2.013991
2.021598
2.002983
2.009551
2.035895
2.022989
2.008437
2.009958
2.008269
1.981963
2.006319
2.006731
2.014331
2.022709
1.995360
1.997677
1.996833
2.002317
2.007006
2.015224
2.008946
1.995762
2.008100
1.999413
2.024828
2.037630
2.015299
2.007657
1.980633
1.974796
1.995864
1.998207
1.997210
2.004061
2.001715
2.013317
2.012488
2.012044
2.002325
1.997789
2.017142
1.992990
1.993777
1.992870
1.950147
1.969604
1.996223
2.000863
1.996989
2.017262
2.013363
2.003247
1.974106
1.974694
2.002157
2.005268
2.010701
2.006180
2.002958
1.999844
2.001624
1.997075
1.998220
1.985111
1.965179
1.973483
2.012452
2.001064
1.993855
2.026599
1.995614
1.993548
1.996036
1.998652
2.013910
2.010760
2.013161
2.016862
2.011971
2.016186
2.016140
2.008961
1.999377
2.010611
2.022740
2.017285
2.000727
2.007961
2.037686
2.013973
2.001272
2.018810
2.046065
2.024561
2.023783
2.029359
2.024591
2.027653
2.003919
2.006989
2.001215
2.008460
2.006440
2.017309
2.042051
2.019162
2.013487
2.006014
1.992226
1.986599
2.002971
2.015908
2.010225
2.002468
2.012076
2.019136
2.021745
2.020626
1.996898
1.997015
1.976701
1.952279
1.996324
2.006032
2.018899
2.005989
2.014873
2.017421
2.039436
2.026757
2.004195
1.995831
1.960885
1.963234
2.006159
2.016763
2.023949
1.996251
1.986872
1.984154
1.993846
1.994270
1.992947
1.989335
1.985034
2.002843
2.016172
2.002723
1.991868
1.979168
2.020067
2.022649
2.025260
2.015555
1.988603
2.000926
1.991200
1.979002
1.985432
1.985005
2.008169
2.002035
1.995318
2.002797
1.985646
2.002529
2.006486
1.999660
2.009783
2.024850
2.003492
2.010873
2.005839
2.014009
2.011293
2.021818
2.029165
1.985309
2.002539
1.997963
1.992346
1.986545
1.999736
1.988147
1.989444
1.988626
2.010739
2.015665
1.980034
1.988533
1.987335
1.969421
1.968984
1.962867
2.007830
2.007065
2.006298
1.964663
2.009117
2.023407
2.030101
2.021325
1.995338
2.004349
1.989385
2.033836
2.002221
1.995937
1.965300
1.989186
1.980642
1.997294
2.002400
2.008378
1.995568
1.995629
2.004504
1.999370
1.987234
1.980693
1.993714
2.022591
1.977812
1.982098
1.969990
1.973110
2.002205
2.005748
2.010870
1.993050
1.993244
1.988720
1.936782
1.965746
2.000065
2.007064
1.987999
2.011833
1.989030
1.985173
2.005359
2.006655
1.996440
1.999133
1.999051
2.000486
1.990718
1.996267
2.001373
1.986075
1.993283
2.004005
2.004002
2.005715
2.007309
2.012133
2.051138
2.026748
1.992737
1.992432
1.983771
1.985325
2.013436
2.009068
2.011642
1.998089
1.991051
1.992608
1.990419
1.963063
1.995947
1.987924
1.957890
1.961435
1.993252
1.991967
1.957047
1.951421
1.999611
1.998278
2.014051
2.020369
2.009592
2.014753
2.038238
2.025835
2.021591
2.031699
2.024375
2.019590
1.984553
1.981445
1.973900
1.993471
2.003020
1.986459
1.990260
2.006780
1.997259
1.988136
2.000926
1.982523
1.989367
1.997752
2.022867
2.036525
2.002122
2.003335
2.005514
2.003421
2.011955
2.005291
2.016339
2.017786
1.977258
1.963349
1.962921
2.003972
1.990764
1.984723
1.979606
1.991574
1.984622
1.987522
1.984962
1.998851
2.012638
2.011954
1.974817
1.956609
2.002050
2.007600
2.037417
2.038888
1.994798
1.983705
2.003853
1.989383
1.992119
2.002342
2.044942
2.052723
1.983644
1.996374
1.995746
2.025290
1.996817
1.994595
1.956906
1.975573
1.993094
2.000841
1.973916
2.003895
1.996011
2.000701
2.025276
2.028684
2.002762
1.997153
1.970368
1.984273
2.007872
2.006390
1.999151
2.011854
2.016242
2.015267
2.042419
2.054967
1.995087
2.005637
2.033817
2.037185
2.005407
2.016063
2.006518
2.002468
1.996635
1.985353
1.994074
1.997496
1.995063
1.989329
1.995024
2.020836
2.001814
1.986505
2.000191
2.021543
1.997687
1.990789
2.013630
1.997364
1.998316
2.006124
2.001378
1.983959
2.002045
1.990803
2.000527
2.001627
2.002358
2.005765
2.006144
1.991541
1.990835
1.986368
1.990766
1.984735
2.002214
2.008961
1.978070
2.013317
2.008654
1.996550
2.013489
2.004641
2.000896
2.003789
1.997492
2.019416
2.003039
2.021777
2.031787
2.003293
2.002846
1.987368
1.981353
1.992425
2.008089
2.012354
2.025087
2.026023
2.000103
2.001138
1.990961
2.003635
2.008896
1.998023
1.981386
2.005643
1.981487
1.991966
2.000610
2.005558
1.991859
1.985960
2.012999
2.004081
2.003172
1.993056
1.970799
1.993643
1.993392
2.000673
1.991339
2.003132
2.000596
2.013732
2.015871
2.015818
1.989076
1.997811
1.992845
1.969586
2.013254
2.007743
1.991249
1.991225
2.013746
2.029835
2.037690
2.015695
1.995394
1.990509
1.997149
1.997341
1.994871
1.989146
1.971472
1.979735
1.973715
1.976393
1.965607
1.964515
2.010090
2.017736
2.010479
1.997497
1.994319
1.994871
1.989496
1.999726
1.997802
1.997199
2.018869
2.014646
2.003521
2.013754
2.052117
2.028102
1.984913
1.980792
1.958072
1.976376
2.002480
2.009095
2.014187
2.017646
1.995543
1.992799
1.996979
1.986767
2.001812
1.999110
1.996072
2.022641
1.988856
1.984226
1.980199
1.959811
1.994744
1.994139
2.001784
1.984551
2.000157
2.019133
2.034579
2.024357
2.002552
2.009237
2.005923
1.986297
2.001797
2.005383
1.996075
2.001476
1.992969
1.989110
1.975348
2.007488
1.989802
1.999328
1.964792
1.992051
2.010433
2.017985
2.017751
1.994797
1.991989
1.993325
2.019290
1.999672
2.012530
2.010435
2.047335
2.021001
2.013673
2.023072
2.000135
2.010460
2.002322
1.996919
1.961380
1.976894
2.014769
2.011917
2.010514
2.008455
1.994874
2.013244
2.021346
2.016341
1.996625
1.984053
1.981487
2.014965
2.012460
2.015354
2.038417
2.033697
1.991484
1.993857
1.992197
1.962122
1.994201
1.987121
1.973902
1.962641
1.986656
1.991830
1.948554
1.972070
1.987207
1.993432
1.984781
1.988951
1.987429
1.990510
1.995938
1.993549
2.011866
2.012943
2.018106
2.001395
2.000930
2.001041
2.004209
2.021319
1.997971
1.998017
2.012705
2.034864
2.004788
2.012801
2.013242
2.014349
1.999892
2.004545
2.031370
2.039592
1.991340
1.986114
2.000761
2.022519
1.998808
1.995414
1.992506
1.985321
2.006849
2.018946
1.998126
2.012696
2.013844
2.005702
2.021426
2.018150
1.989996
1.996517
2.000483
1.987051
1.986836
1.994300
2.019703
2.003612
2.008237
2.003160
1.989125
2.013595
1.980324
1.998397
2.003495
1.978520
1.994700
2.000143
1.987712
2.014781
1.994747
1.988795
1.990325
1.974313
1.999054
2.001133
1.988629
2.015076
2.005928
1.995607
2.008039
2.019661
1.985845
1.976539
1.988107
2.027637
2.009331
2.015791
2.015262
1.982910
1.998431
2.007539
2.034486
2.027753
1.998568
1.974673
1.963039
1.975165
2.007740
2.016656
2.045250
2.001824
2.008353
2.003492
1.981745
1.984870
2.007347
2.005436
1.995340
1.964779
1.996797
1.990183
2.002612
1.988436
1.999943
2.003128
2.046908
2.036742
2.015145
2.017841
2.036681
1.996298
1.988172
1.994521
1.957148
1.981288
1.989346
1.999320
2.001477
1.987574
1.990052
1.996759
2.011157
2.029743
1.998484
1.991049
1.998714
2.003994
1.993978
1.983231
1.978065
1.994280
1.991357
1.984182
1.989509
1.989632
2.000834
1.979020
1.943381
1.951989
1.987519
1.993092
1.978047
1.992759
1.990381
1.988690
1.962160
1.974853
1.999197
2.003760
2.005499
2.008699
1.990089
1.994539
1.992286
1.990589
1.998393
2.018734
2.010233
1.980585
1.996880
1.993654
2.004531
1.986645
1.988728
2.001898
2.025592
2.009566
1.992269
1.994156
2.008339
1.992098
1.994829
2.003531
2.004668
1.980505
2.007043
2.020823
2.015489
2.033877
1.997622
2.010640
2.006237
2.003722
1.990668
1.985142
1.965645
1.982927
2.013876
2.013981
2.058410
2.041149
2.012224
2.014891
2.016437
2.012879
1.995870
2.018694
2.023559
2.002310
2.005539
2.013716
2.016874
1.964467
2.001013
2.000247
1.977641
1.974464
1.997256
2.006103
1.993494
2.000755
2.004906
2.004737
2.009194
1.995354
2.007034
2.001291
2.001748
1.992402
2.013964
2.025111
2.024638
1.990590
2.013956
2.029050
2.062885
2.056343
2.002580
1.991707
1.989906
2.004686
2.014457
2.022798
2.014497
2.008325
2.000904
2.013216
2.051668
2.032675
1.996845
1.994555
1.991481
2.006500
1.997497
2.000746
1.992491
2.003669
1.995724
1.981342
1.967208
2.000583
1.986122
1.981145
1.966544
1.981185
1.986773
1.986568
1.989134
2.003562
1.992292
1.992615
1.996768
1.970695
1.986907
1.983690
1.953025
1.969918
1.983643
1.977507
1.953619
1.969872
2.014795
2.018067
2.019435
1.999750
1.990892
1.987642
1.985598
1.998517
1.992317
1.982884
1.979084
2.031666
1.995968
2.017763
2.036487
2.020912
1.980299
1.979510
1.961665
1.967704
1.994836
1.988747
1.939578
1.960181
1.993763
1.987902
1.992564
1.992294
1.996932
1.986399
1.961555
1.993478
2.001777
2.010286
2.001142
1.966968
2.011955
2.000890
2.016962
2.024766
2.012561
2.007990
2.011707
2.005336
2.011897
1.998310
2.001403
2.017525
2.011969
2.029498
2.028344
2.041672
2.003501
2.010318
2.014067
2.027433
1.994699
2.013856
2.035647
2.023997
1.999844
1.994876
1.995570
1.982648
1.997563
2.012633
2.001033
2.011272
1.982822
1.974939
2.000890
2.022487
1.992423
1.978317
1.990777
2.011639
1.980652
1.975726
1.957123
1.967747
2.011688
2.021155
2.039560
2.019108
1.986451
1.978736
1.992228
2.001385
1.999770
2.002470
1.983285
1.995199
2.001497
1.993422
1.998797
1.997294
1.999108
2.013506
2.008030
2.002411
1.991546
2.000157
2.014369
1.996093
2.017882
2.022039
2.059534
2.030274
1.998938
2.016017
2.027746
2.035900
1.982724
1.993456
1.986715
2.006165
1.999895
1.996190
1.994230
2.016610
2.012429
2.012502
2.025954
2.026971
1.986138
1.991068
2.006767
2.009765
2.012955
2.014478
2.022618
1.971456
1.994758
1.994748
2.011213
2.055174
2.001059
2.011224
2.027340
2.010443
1.984211
1.979619
1.983746
2.009272
1.999192
2.010021
2.041252
2.012772
1.990760
2.000086
2.032649
2.030452
1.987471
1.984927
1.998517
2.001078
2.000393
2.020087
2.027646
2.019106
2.002308
1.999336
1.963459
1.998599
2.006513
2.003313
2.005239
1.991764
2.009017
1.994905
2.003262
2.011249
2.000459
1.997226
1.949924
1.978837
1.992896
1.997171
1.998661
1.973266
1.995221
1.989359
2.009924
1.996826
2.006830
2.004282
2.028036
2.022851
2.020348
2.020379
2.024062
2.010581
1.986423
1.991501
1.989282
2.003357
2.005283
2.009747
2.008384
2.013804
1.994522
1.988962
1.976486
1.997219
2.001129
2.014414
2.036424
2.028871
1.997843
2.003856
1.972949
1.987941
1.987913
1.988979
1.996946
1.993299
1.991282
1.995744
1.988022
2.008467
1.994715
1.980305
1.988246
2.001114
2.013178
2.009663
2.014217
2.002019
1.991494
2.002696
2.013360
2.001781
1.991756
1.987837
1.959171
1.986443
1.999627
2.009347
2.028358
2.014645
2.007604
1.997862
2.013437
2.026871
1.998092
2.001529
1.998888
2.011660
1.997567
1.995978
1.960658
1.964090
1.999249
2.000197
2.012235
2.015456
2.002040
2.004463
2.024594
2.027078
2.014284
2.017827
2.010462
1.996499
1.995290
1.999739
2.007544
1.987646
2.018343
2.014024
2.004951
2.016167
1.993720
2.006959
2.027936
2.019876
1.983269
1.988439
1.974527
1.969321
1.977886
1.985249
2.007590
2.022613
1.999191
2.007466
2.002786
1.996295
2.003512
2.012617
2.002626
1.986020
2.013949
2.001132
2.011099
2.018728
2.013921
2.014308
2.016747
1.993465
1.994456
2.002332
2.001743
2.001985
1.990876
1.999941
1.997657
1.974399
1.999166
1.992117
1.986668
1.976468
2.014431
2.015247
2.005934
1.986995
2.001119
1.992205
2.008572
1.996910
2.004133
2.004485
2.042074
2.009122
1.989925
1.977242
1.982210
1.978267
2.002362
1.999935
2.008516
2.009043
1.973123
1.979134
1.967854
1.999905
1.999068
1.983699
1.993596
2.013733
1.988783
1.979691
1.971704
1.950777
2.003051
2.010555
2.054582
2.015597
2.001023
2.000491
1.968318
2.004021
1.992539
1.983157
1.953076
1.984003
1.976172
1.981361
1.968928
1.994565
2.000442
1.998487
2.015326
2.021315
1.989698
1.987312
2.014682
1.999887
1.990013
1.990379
1.978093
1.999527
1.994958
1.992181
1.994047
1.980882
1.999467
1.985553
1.983861
1.980937
1.981557
1.982028
1.984675
2.020314
1.995090
2.002773
2.022148
2.020879
1.994703
2.001765
2.007695
1.996144
2.003713
2.026529
2.008810
2.001733
2.008634
2.018570
2.002062
2.018062
1.998748
2.011115
2.020956
2.025581
2.012459
2.012222
2.024626
1.986937
1.996306
2.000535
2.007565
1.994203
2.000233
1.993370
2.003508
2.002504
2.000563
1.996333
1.990585
1.981402
2.017835
2.023249
2.005414
1.974277
1.982798
1.984942
1.979678
2.006828
2.006174
2.009889
2.029029
1.985441
2.001533
1.999272
1.992489
1.989457
2.000690
2.002499
1.991369
1.987707
1.999718
2.009971
2.029323
2.014813
1.972726
1.961238
1.948746
1.976403
1.996940
1.983978
1.970517
1.968208
1.991029
1.987087
1.984180
1.985196
2.000853
2.002997
1.993176
1.984660
2.004417
1.998682
1.994047
2.005551
2.002687
2.001369
2.009554
2.005535
2.007963
2.003167
1.974425
1.955498
2.003711
1.998381
1.985428
1.976370
1.992942
1.979404
1.975101
1.980284
2.001817
1.992770
1.996974
2.005656
1.996436
1.992221
1.983821
2.004596
2.007913
1.999158
1.997168
2.010832
2.000246
1.994436
2.006327
2.003504
2.012351
2.003730
1.993226
1.994202
1.996645
1.984240
2.008958
1.993329
2.017327
2.019654
2.032242
2.011151
1.985177
1.982519
1.993864
1.999803
2.002904
1.999655
2.006114
2.005006
1.992223
1.996995
1.991179
2.003615
1.983459
1.971025
1.955872
1.968472
1.991840
1.995383
2.034480
2.002940
1.989285
1.994678
1.993390
1.965712
1.999370
1.997912
1.981218
1.995592
2.007474
2.010708
2.008860
2.028618
1.983055
1.996425
1.997161
2.001708
1.990121
1.995183
2.019955
2.012807
2.004752
1.997824
1.948060
1.988880
2.005278
2.006262
2.013992
2.009309
1.995585
2.001327
1.992702
2.005154
2.006569
2.001035
2.005532
2.004685
1.992498
1.996492
1.992489
2.003068
1.988397
2.002073
2.025214
2.006146
2.000704
1.998627
1.968193
1.978214
