19.961759
20.000180
20.051085
19.726495
19.797136
19.920508
19.898600
19.829401
19.611698
19.523920
19.568611
19.686358
19.840219
19.795234
19.850054
19.652427
19.704869
19.790808
19.898490
19.829748
19.607818
19.517012
19.566972
19.684575
20.130777
19.953394
19.739575
19.725998
19.873103
19.891263
19.794336
19.686745
19.738424
19.901890
19.922700
19.687778
19.973156
19.697642
19.737369
19.785057
19.993515
20.113025
19.946530
19.899357
20.230856
20.014493
19.941349
19.946590
19.978945
19.706222
19.752543
19.782700
19.989532
20.098217
20.068234
20.130665
20.319629
19.957216
19.833160
19.858206
20.075474
19.935344
19.883451
19.951133
20.018085
20.080620
19.932008
19.828033
19.609158
19.405978
19.547974
19.714472
20.134840
19.952256
19.712924
19.718598
19.868290
19.867542
19.936982
19.831514
19.612056
19.399901
19.539299
19.745170
19.916311
19.847818
19.689408
19.686623
19.620230
19.783380
19.941628
19.896893
19.873221
19.928880
19.889239
19.781349
20.152409
20.180476
20.137895
20.163562
20.115027
20.064458
20.077102
20.140361
20.324445
19.965236
19.846775
19.873955
20.153472
20.184381
20.139438
20.162715
20.117897
20.064055
19.936818
19.939201
19.768011
19.935141
19.890956
19.985294
20.098198
20.078896
19.867745
19.733008
19.848062
19.895471
20.108047
20.126624
19.898902
19.760860
19.783874
19.887713
19.924934
19.855009
19.705013
19.697592
19.613709
19.779127
20.108647
20.127909
19.900521
19.758478
19.784524
19.897670
19.938412
19.892356
19.937539
19.840209
19.640275
19.531787
20.054094
20.081167
20.027809
20.067971
19.987054
19.904783
20.020919
19.949674
19.913673
19.926393
19.979379
19.944888
19.936165
19.940292
19.766719
19.937044
19.896944
19.988707
20.019229
19.951401
19.902066
19.935353
19.994137
19.965096
20.018316
19.944905
19.989744
19.791341
19.751602
19.792558
19.883193
19.965362
19.671256
19.637706
19.743949
20.063469
20.031099
19.966968
19.894465
19.867189
19.972024
19.940287
19.939764
19.899502
19.952178
19.825865
19.629178
19.512014
20.055480
19.994288
19.909577
19.936660
20.024384
19.976459
19.850719
19.810247
19.862771
19.642312
19.696522
19.794842
20.032130
19.897193
19.653683
19.910959
19.922072
20.181498
19.914779
19.785524
19.965539
19.990510
19.829304
19.651560
20.029842
19.968589
20.013587
19.805154
19.760273
19.829820
19.918842
19.788148
19.975445
19.998709
19.839688
19.652655
19.961896
19.918720
20.252163
20.022394
19.944662
19.965366
19.971745
20.000409
20.022158
19.676463
19.768834
19.905688
19.909076
19.846268
19.635205
19.566978
19.603995
19.694732
19.844233
19.792350
19.851180
19.633421
19.696517
19.791573
19.907313
19.843484
19.629682
19.561141
19.598974
19.699836
20.139914
19.965939
19.775580
19.749169
19.867792
19.805420
19.796489
19.675878
19.724260
19.939136
19.939938
19.689877
19.953343
19.675679
19.716124
19.798645
20.003819
20.109113
19.968145
19.925158
20.250209
20.023649
19.941114
19.969940
19.951347
19.672910
19.717314
19.801567
20.006988
20.120308
20.098917
20.170415
20.316651
19.977780
19.871482
19.911933
20.062089
19.925588
19.844747
19.954864
20.017943
20.090684
19.960396
19.863625
19.647176
19.418589
19.558112
19.752915
20.132909
19.962513
19.784864
19.761664
19.881027
19.821212
19.958474
19.865191
19.652533
19.429510
19.569918
19.765532
19.912498
19.843418
19.705680
19.701684
19.623251
19.785599
19.956272
19.915339
19.894836
19.925655
19.889992
19.772577
20.151001
20.166292
20.132633
20.161812
20.115104
20.049155
20.098164
20.171259
20.320765
19.983645
19.879803
19.900694
20.149174
20.163280
20.109593
20.122708
20.078802
20.034345
19.955582
19.963935
19.778445
19.935774
19.894239
19.975321
20.112015
20.084368
19.878582
19.747096
19.868715
19.916372
20.106049
20.114513
19.875881
19.741950
19.774429
19.879974
19.907870
19.838939
19.697554
19.688405
19.616302
19.786015
20.116594
20.130015
19.895169
19.720026
19.776524
19.891713
19.938426
19.891810
19.915846
19.834745
19.651821
19.537685
20.055931
20.080830
20.039239
20.049845
19.972608
19.873807
20.009854
19.942410
19.863374
19.915815
19.980146
19.966659
19.951921
19.962634
19.785495
19.951167
19.903156
19.985540
20.017057
19.950220
19.883499
19.917657
19.982148
19.959351
20.029785
19.975917
20.057954
19.807381
19.767392
19.817209
19.873345
19.947381
19.652092
19.654024
19.752107
20.076945
20.039379
19.983809
19.886912
19.894388
19.985806
19.943739
19.951711
19.910421
19.928393
19.866487
19.675263
19.579209
20.044969
19.980822
19.905644
19.910117
19.997613
19.952475
19.862983
19.820007
19.909352
19.680305
19.734381
19.823560
20.046431
19.920181
19.669010
19.909622
19.919768
20.177422
19.930111
19.793626
20.035633
20.037708
19.836473
19.642474
20.031189
19.975008
20.053541
19.821606
19.775432
19.830439
19.909276
19.775009
19.974742
19.997534
19.817975
19.664972
19.956813
19.920582
20.248605
20.010243
19.927102
19.967473
19.938637
19.968608
19.952075
19.590759
19.705308
19.853487
19.909164
19.847185
19.641041
19.576458
19.592080
19.683616
19.867345
19.818874
19.912795
19.693382
19.738623
19.878142
19.906812
19.847616
19.635415
19.571581
19.578077
19.663801
20.125911
19.956148
19.769150
19.721298
19.849922
19.814250
19.798125
19.687166
19.726326
19.993063
19.992023
19.740743
19.953266
19.665950
19.721512
19.786712
19.999591
20.106721
19.947564
19.898178
20.251481
20.005235
19.908704
19.958685
19.944298
19.662571
19.706518
19.763727
19.987191
20.095086
20.105908
20.171300
20.367281
19.992536
19.869168
19.893743
20.042909
19.916747
19.839833
19.933477
19.995236
20.032506
19.980373
19.865171
19.660355
19.471693
19.579225
19.798928
20.123005
19.955681
19.782156
19.730207
19.853630
19.809254
20.002372
19.893280
19.708010
19.479952
19.591002
19.844192
19.890042
19.815282
19.657955
19.655906
19.589982
19.766572
19.950505
19.906627
19.889966
19.943721
19.896575
19.772840
20.109194
20.122638
20.066582
20.098093
20.051990
20.007488
20.102242
20.162567
20.367450
19.981945
19.856529
19.872396
20.106235
20.118569
20.062867
20.089982
20.053635
20.016358
19.934724
19.939749
19.755526
19.927651
19.886708
19.974946
20.110657
20.079996
19.860776
19.759126
19.864156
19.898506
20.126953
20.139130
19.911180
19.728402
19.793527
19.917080
19.887536
19.813644
19.644227
19.648385
19.591264
19.771135
20.109893
20.106123
19.857850
19.698784
19.763940
19.895735
19.953047
19.913859
19.918316
19.857755
19.667584
19.585099
20.045868
20.085682
20.041013
20.052912
19.973451
19.856623
20.032443
19.981278
19.905145
19.902655
19.967503
19.942790
19.924481
19.924023
19.720726
19.900712
19.881191
20.000736
20.032787
19.984141
19.904913
19.916286
19.972005
19.942068
20.033870
19.979888
20.061532
19.817992
19.764934
19.808254
19.890254
19.961215
19.625290
19.628102
19.715366
20.048393
20.036627
19.988027
19.913380
19.906194
20.003108
19.965773
19.951776
19.910145
19.919747
19.859072
19.656479
19.563782
20.037063
19.981068
19.903804
19.910706
20.006134
19.970110
19.849920
19.804120
19.887231
19.679202
19.711907
19.825781
20.043398
19.917063
19.662943
19.946760
19.924835
20.194708
19.922186
19.783893
20.013413
20.060788
19.851328
19.674454
20.028996
19.972296
20.049988
19.812654
19.764026
19.815700
19.926808
19.790513
20.017938
20.057674
19.849629
19.675803
19.949179
19.904045
20.257260
19.991412
19.897113
19.963582
19.928460
19.955889
19.934223
19.605979
19.723733
19.864477
19.907460
19.864512
19.681030
19.610809
19.609091
19.680081
19.853407
19.806253
19.893804
19.660076
19.708767
19.817141
19.907177
19.865246
19.679768
19.609901
19.610679
19.671430
20.127242
19.952969
19.798175
19.726595
19.845640
19.813237
19.800245
19.681533
19.707226
19.960621
19.975456
19.712780
19.943812
19.663030
19.712681
19.742865
19.986829
20.076574
19.941067
19.882767
20.265003
19.981744
19.896277
19.977158
19.938208
19.658662
19.703439
19.740573
19.986839
20.092938
20.099696
20.163241
20.353522
19.980757
19.850722
19.883161
20.055203
19.926300
19.810288
19.900211
19.958978
20.081717
19.979438
19.882189
19.700943
19.492727
19.585594
19.836325
20.131220
19.955110
19.801794
19.738989
19.857693
19.826959
19.981158
19.884223
19.704691
19.477378
19.579070
19.833943
19.883128
19.821285
19.639680
19.642856
19.591250
19.794477
19.946691
19.899635
19.879006
19.915929
19.870445
19.723765
20.113981
20.136596
20.123682
20.116908
20.077569
20.007739
20.095025
20.158170
20.365758
19.995886
19.872405
19.899533
20.114573
20.135545
20.123185
20.106052
20.070470
20.011631
19.921295
19.913651
19.729598
19.885237
19.871067
19.967762
20.112905
20.082889
19.856481
19.738718
19.856409
19.866377
20.121262
20.146105
19.930608
19.723494
19.766946
19.906938
19.892217
19.823287
19.629588
19.645324
19.591781
19.790443
20.120781
20.145886
19.931236
19.721766
19.766843
19.912534
19.963161
19.911907
19.947851
19.894549
19.682684
19.611686
20.057398
20.101048
20.034867
20.060653
19.980094
19.886252
20.012877
19.960841
19.890725
19.896065
19.961022
19.937074
19.924352
19.920548
19.743467
19.881289
19.866509
19.979018
20.015273
19.966639
19.889679
19.890650
19.958251
19.938570
20.026084
19.970011
20.045592
19.814909
19.773117
19.815502
19.897849
19.975881
19.684570
19.663901
19.744113
20.063393
20.041485
19.979875
19.914748
19.902478
19.994710
19.945041
19.969925
19.909185
19.929417
19.898878
19.686563
19.642063
20.043384
19.983246
19.918287
19.909642
20.004948
19.960455
19.844529
19.806546
19.874964
19.634048
19.682900
19.813829
20.045651
19.913283
19.623859
19.939280
19.915403
20.194784
19.925578
19.791402
20.014204
20.006585
19.819113
19.646338
20.026723
19.972633
20.052957
19.807015
19.767952
19.807145
19.926549
19.792628
20.019748
20.013174
19.829650
19.656738
19.938752
19.890001
20.258959
19.989323
19.915916
19.988164
19.932434
19.948937
19.903980
19.626951
19.738657
19.867162
19.908733
19.869531
19.663407
19.618800
19.626351
19.694677
19.846837
19.806966
19.877980
19.639242
19.700124
19.817310
19.909682
19.874597
19.664071
19.609557
19.618536
19.688609
20.142510
19.975824
19.821951
19.758113
19.857665
19.808496
19.801721
19.663276
19.688115
19.965935
19.978915
19.705809
19.955337
19.673008
19.705223
19.720075
19.956705
20.068726
19.939833
19.889324
20.249944
19.980288
19.896716
19.970319
19.953800
19.671057
19.705480
19.711905
19.939774
20.073950
20.097168
20.144348
20.356038
20.004862
19.853601
19.888728
20.049697
19.926112
19.808492
19.881963
19.950039
20.032361
19.976157
19.883951
19.699668
19.512122
19.615023
19.825718
20.142115
19.970580
19.821219
19.758336
19.858960
19.803725
19.974394
19.879424
19.691278
19.505464
19.605677
19.856267
19.885388
19.810878
19.660615
19.659581
19.617061
19.784346
19.948637
19.899159
19.887460
19.900300
19.870202
19.717444
20.105405
20.125914
20.107476
20.113678
20.076080
20.039268
20.089809
20.138371
20.336026
19.995266
19.858527
19.871978
20.112818
20.130651
20.116227
20.135357
20.078773
20.060024
19.924451
19.913995
19.705421
19.876277
19.874480
20.002103
20.099480
20.067102
19.844371
19.726465
19.836317
19.874748
20.141855
20.171833
19.979757
19.780533
19.820954
19.920995
19.882389
19.808953
19.658575
19.671182
19.627216
19.778823
20.114519
20.142756
19.926374
19.722726
19.779329
19.911438
19.978185
19.926825
19.949981
19.905950
19.682958
19.619914
20.065762
20.114384
20.048272
20.074013
19.988117
19.873473
20.010111
19.958068
19.885890
19.883063
19.965174
19.951667
19.946163
19.939400
19.740818
19.901571
19.899975
20.033750
20.024994
19.972076
19.960852
19.962375
20.012864
19.950061
20.031396
19.987782
20.068693
19.884900
19.813897
19.800094
19.906127
19.981873
19.704518
19.702588
19.759790
20.055010
20.039495
19.966304
19.857684
19.923321
20.011343
19.948284
19.972272
19.924555
19.935749
19.900980
19.683657
19.638804
20.038338
19.963592
19.854359
19.930786
20.019016
19.959039
19.839110
19.799305
19.880250
19.637965
19.690742
19.824797
20.042607
19.907556
19.677806
19.982645
19.959499
20.223611
19.928174
19.788128
20.024905
20.001196
19.819215
19.661640
20.032037
19.985866
20.062677
19.879323
19.797401
19.785357
19.927858
19.787360
20.020969
20.002377
19.818953
19.668017
19.933250
19.885583
20.247086
20.012606
19.905482
20.052538
