2.010761
2.003943
1.997453
1.997026
1.998409
2.007333
2.003704
1.985526
1.999180
2.006343
2.042586
2.011756
2.004017
2.007301
2.000870
2.007800
1.988499
1.992004
2.002382
2.001647
1.992448
1.996820
1.994384
2.007742
2.011921
2.010954
2.005007
2.006761
2.008633
2.010870
2.035854
2.041248
1.997309
1.997371
1.977481
1.953960
1.995144
1.990962
2.006427
1.985359
2.007779
2.008711
2.006012
2.028254
1.994345
1.997947
1.965297
1.958975
1.995472
2.003366
2.009174
1.991545
1.986218
1.982699
1.994246
1.992527
1.990475
2.006026
1.977683
1.995621
1.996995
2.001621
1.992654
2.003414
2.003296
2.001454
2.020550
2.041349
2.005771
2.011207
1.999744
1.998922
1.984455
1.983906
2.006163
2.001232
1.995548
2.005553
2.007549
1.976572
1.999049
1.997705
2.001961
2.008071
2.011864
2.008201
2.014367
1.984378
2.007548
1.997964
2.007342
1.982384
2.000662
1.998860
1.992116
1.984511
1.993997
1.999617
2.029495
2.023456
1.998998
1.988384
2.008739
2.025212
2.012144
2.007648
2.001073
1.984806
1.992288
1.984648
1.979336
1.985211
2.009711
2.024016
2.029859
2.025822
1.993684
2.003543
1.980311
1.998870
2.001433
2.001667
1.986809
1.972554
2.001779
2.005222
2.014100
2.017995
1.989409
1.986702
1.990897
1.985575
1.986640
1.980426
1.993809
2.022318
2.012905
2.004943
1.987966
2.015516
2.004310
2.008697
2.006583
1.997548
1.989906
1.996202
1.992428
1.996370
2.014597
2.024070
2.023136
2.020743
1.989102
1.985046
2.005717
2.005971
2.003172
2.006985
2.012213
2.016898
2.005677
2.006306
2.010550
1.997943
1.991823
2.000800
2.000048
1.993029
1.995728
1.997162
1.994702
1.981698
1.991961
1.992389
1.982358
1.985935
1.991426
2.002951
2.004270
2.011595
1.995999
1.989279
2.004776
2.012839
2.006570
2.002760
1.999658
1.999032
2.007847
2.012945
1.987039
1.972151
1.999621
1.998816
2.013352
2.019364
2.002005
2.012578
2.009742
1.991068
1.994385
2.000730
2.004080
2.016100
2.005766
2.006634
2.040697
2.034678
1.998573
2.003934
2.006330
2.005248
1.995800
1.985759
1.998688
1.979266
2.008959
2.017997
2.018387
2.007811
1.982170
1.992839
2.000100
1.983473
1.992049
1.984056
2.000106
2.029831
1.996672
1.998318
2.021480
1.998654
1.990765
1.986053
1.981062
1.991451
2.011422
2.006293
1.979791
1.979420
1.996515
1.985461
2.015137
2.009788
2.004224
1.997680
1.998141
1.997751
2.022727
2.025304
2.039196
2.024891
1.991656
2.000355
2.039091
2.045113
1.989260
1.984943
1.988443
1.977767
2.006572
2.009659
1.990578
1.997659
1.987236
1.980178
1.969315
1.969351
2.004649
2.009492
2.045889
2.058029
2.004396
1.998418
1.971328
1.987599
2.000467
1.983309
1.978941
2.004802
1.986729
1.986544
1.992745
1.974488
2.017240
2.016976
2.008480
2.025050
1.992920
1.989979
1.971902
1.959111
1.996479
1.985424
1.993327
1.998907
2.000779
1.994405
1.994256
2.023682
1.999593
1.998910
2.002365
1.969775
1.998625
1.993569
1.962884
1.972221
2.015599
2.021777
2.019267
1.981554
2.001610
1.991465
1.999960
2.002481
2.002905
2.012107
2.018825
2.010310
1.998254
1.990412
1.993461
1.976152
2.002080
1.995431
1.987680
1.972832
1.996113
1.998473
2.011462
2.017264
2.000566
2.003489
1.996712
2.018568
1.992155
1.998794
2.008877
2.005989
1.984241
1.994217
1.991782
1.967571
2.010937
2.008330
2.008322
1.980690
1.989681
1.977894
1.958213
1.968372
2.008301
1.996650
1.980143
2.003305
2.017808
2.021010
2.022108
1.994325
1.990356
1.993201
1.993551
2.015931
2.006408
2.005104
2.004644
1.997106
1.990040
1.983102
1.990154
2.018023
2.000468
2.013113
2.015974
2.016035
2.003641
2.007935
2.019122
1.993274
2.023726
2.017947
1.996068
1.983876
1.997337
1.986481
2.003383
1.983722
1.996150
1.999324
1.995604
1.978342
1.994416
1.988956
1.970437
1.978083
2.000914
2.013425
2.003678
1.983790
1.996501
2.001519
2.015740
1.977765
2.014952
2.011354
1.979739
2.005078
1.992334
1.997938
2.000258
1.987668
2.002702
2.013648
2.051031
2.027875
1.993910
1.989562
1.986146
1.976541
2.005323
2.003228
2.001498
1.980658
2.005007
1.997192
1.993884
1.994628
1.978531
1.975120
1.992039
2.002046
1.987571
1.983257
1.978071
1.958625
1.989069
1.982511
1.984521
2.003786
2.009706
2.015138
2.013243
2.007112
1.996958
2.003889
1.988240
2.007539
1.991666
1.986825
1.985995
1.984828
1.993421
1.989465
1.974427
2.006415
1.981777
1.972398
1.966201
1.957288
1.998497
2.005650
2.005039
1.981608
2.002870
2.007154
1.977087
1.989592
1.995350
1.997840
2.022384
2.015562
2.014398
2.024077
2.000670
2.014215
1.984053
1.995251
1.995493
1.988778
1.994692
2.000072
1.989842
1.982737
1.993097
1.994536
2.008774
2.025301
1.997841
1.995216
2.005402
1.988649
2.013210
2.014688
2.038225
2.034372
2.005817
1.998882
2.010250
1.995223
1.991474
1.993888
1.991662
1.948905
1.998948
1.999751
2.033550
2.036858
2.010310
2.008707
2.013170
2.015302
1.987730
1.990614
1.996605
1.993661
1.995049
1.999421
1.999891
2.009665
2.012952
2.006252
2.015672
1.968569
2.009558
2.001210
1.993194
2.001048
1.997590
1.983457
2.019418
2.017220
2.001853
2.007678
2.037549
2.043423
2.003826
2.002969
2.026037
2.012858
1.999512
2.015929
2.036620
1.988876
1.992760
1.990968
1.998293
2.005899
1.995100
1.987232
1.952881
1.955056
1.989540
1.995994
1.999627
1.986672
2.011430
2.002308
2.012343
2.016571
1.994539
1.979827
1.986414
1.980231
2.004671
1.999831
1.992960
1.994485
1.989713
1.999047
1.981970
1.987622
1.994954
1.989581
1.990942
1.975140
2.011660
2.006021
2.010232
2.004049
1.998707
2.005984
2.026478
2.022519
1.992977
2.006720
2.025527
2.018793
2.003108
2.011537
2.024581
1.999288
1.998386
2.007645
2.036166
2.028618
1.990869
1.990796
1.953562
1.980716
2.003556
1.996640
1.990854
1.977464
1.993683
1.988967
1.979830
1.976653
2.003426
2.013731
1.969408
1.972236
1.998051
1.990445
2.002617
1.987795
1.988505
1.998104
2.020599
2.013114
1.990784
1.981136
2.003433
2.012022
2.011331
2.023912
2.046456
2.040606
2.004447
2.004940
2.011344
2.024058
1.990183
1.997578
2.013293
2.031268
1.988425
1.988916
1.981384
1.998727
2.020898
2.018586
2.044981
1.997626
1.991659
1.992823
1.986494
1.974986
1.992172
2.000803
2.012537
2.021870
1.988162
1.993867
1.979408
1.992617
2.010039
2.015363
2.029198
2.011756
1.985957
1.984028
1.954799
1.951210
2.004454
2.018955
2.009602
2.000013
2.004683
1.998783
2.009341
1.997876
1.997019
1.993999
2.003448
1.987643
2.016759
2.018353
2.007543
2.029591
2.003320
2.009924
2.035439
2.005744
1.999438
2.004435
2.031123
2.004468
2.001396
1.997628
1.983584
1.993066
1.996461
2.009468
2.004997
2.003135
2.000464
2.000533
1.993050
2.016991
2.009510
2.013945
1.984613
1.976580
2.003485
1.992614
1.951710
1.957424
2.000512
1.998997
2.012966
2.019494
2.004884
2.012250
2.014373
1.962847
1.999726
1.999773
2.012157
2.016733
1.999780
1.997209
1.971538
1.975649
2.008930
2.004120
2.001661
2.031033
1.987351
1.969078
1.945313
1.961245
2.014752
2.025919
2.025361
1.992070
2.003157
1.990709
2.000768
1.961263
2.009397
1.985641
1.961115
1.985177
2.003260
2.015063
1.998796
2.004668
2.010153
2.029347
2.030824
2.023563
1.996889
1.993145
1.988873
2.005366
1.999371
2.003423
2.012512
1.964853
1.982226
1.991266
2.020195
2.006626
1.992153
1.989428
1.970179
1.971432
2.006844
2.017691
2.034112
2.009581
1.992582
1.993685
1.997907
1.971184
1.992819
1.998286
2.017556
2.013914
1.990928
1.996015
2.002242
2.014313
2.008220
2.000845
1.988555
2.008130
1.998175
1.992774
1.982336
1.987237
1.991723
1.981744
1.980249
2.026182
2.006619
1.995304
2.025784
2.024174
2.013124
2.003056
2.020492
1.973374
1.997824
1.995269
1.973173
1.974029
1.995129
1.994215
2.003527
2.013942
1.996916
1.986537
1.959833
1.992886
1.995078
1.994863
2.007769
2.025184
2.009690
2.017353
2.012311
2.012757
1.991051
1.999786
2.015313
1.997752
1.991544
2.011880
2.032192
1.988496
2.011895
2.028765
2.025913
2.040792
2.018942
2.015717
2.021765
2.024047
1.985169
1.990854
1.991983
1.996074
1.988132
1.982344
1.978344
1.982510
1.992163
1.992152
2.035980
1.965639
1.982293
1.975063
2.005235
2.025786
1.985122
1.977429
1.967708
1.954575
1.999193
2.001209
1.969452
1.968725
2.001894
1.990647
1.959536
1.985252
2.000968
2.011926
2.003444
1.996473
1.999784
2.002241
1.983456
1.995537
1.995276
2.006350
1.994482
2.004186
2.006450
2.009834
1.990751
1.987116
2.005602
1.999256
1.989083
1.998665
2.004750
2.006310
2.006289
2.009245
1.999396
2.016648
2.028890
2.036815
2.013284
2.007171
2.005344
2.006224
1.980657
1.983831
1.975503
1.994282
1.996841
1.998089
2.027856
2.001077
1.999983
1.995546
1.960751
1.956025
2.012718
2.015514
2.024034
1.972962
1.988215
1.993029
1.995269
1.997561
1.991371
1.984924
1.997510
2.007217
2.007991
2.017041
2.025662
2.006828
2.000996
1.986323
1.985399
1.973858
1.992669
2.002997
2.035176
2.032420
1.990821
1.994778
2.008535
2.002999
1.995697
1.999139
2.017438
2.016630
1.996258
1.997247
1.992805
1.999581
1.983453
1.971485
1.936962
1.952429
2.008437
1.993230
1.999016
2.011233
2.011302
2.011566
2.005630
1.999827
1.994905
1.993259
2.003646
1.992920
1.988518
1.985774
2.015321
2.014907
1.999396
2.006677
1.996668
1.987612
2.021140
2.021203
2.026109
2.012487
1.984864
1.998534
1.993513
2.036247
1.996862
2.005591
2.029745
2.023314
1.985793
1.981881
1.985678
2.001149
1.997664
1.986145
1.969440
1.959723
1.997338
2.003179
1.973200
1.987734
1.998421
1.976673
1.965165
1.974704
1.998787
1.997740
2.007025
2.000663
1.991355
1.985200
1.981573
1.987569
1.989569
1.991520
2.014172
2.015235
1.992028
2.002810
2.013526
2.002504
1.993626
1.990688
1.975969
1.981408
2.003560
2.011458
2.002707
2.006321
2.005741
2.019856
2.030000
2.007784
2.003876
2.005373
2.015382
2.010773
1.997580
1.995202
1.960635
1.964228
2.011167
2.012044
2.016506
2.014637
2.004518
2.003760
2.013268
1.998735
2.006616
2.007083
2.015417
2.020460
1.973473
1.965335
1.961508
1.953272
2.018474
2.014040
2.004122
2.016303
2.001275
2.002278
2.003733
1.981940
1.990042
1.978256
1.969540
1.968097
1.996233
1.998644
1.973333
1.979608
1.994452
2.001816
2.008378
2.019388
2.003655
2.013060
2.003145
1.986176
2.012351
2.015156
2.011484
2.020602
1.998053
1.992290
1.991845
2.025472
1.993784
1.998599
1.970240
1.967936
2.000110
1.995504
1.975514
1.965312
1.998442
1.991317
1.984960
1.975534
2.008506
2.002272
2.050931
2.036845
2.001223
2.005777
2.011517
2.001600
2.015143
2.019170
1.995351
1.991249
1.997215
2.004287
2.008088
1.997802
2.001904
2.000134
2.010080
2.009291
2.004370
2.008814
1.999512
2.020452
2.009131
2.009234
2.005806
1.979843
1.988991
1.977348
1.980414
1.976707
1.997618
1.995187
2.019070
2.029261
2.001236
2.000722
1.970886
2.006275
1.999176
1.996120
1.995725
1.971593
2.014760
2.006695
1.981383
1.973690
2.019185
2.010245
2.001164
2.000016
2.010332
2.008694
2.022316
1.991843
1.990479
1.990196
1.978612
2.001748
1.982402
1.964570
1.950187
1.958918
1.995262
1.999553
1.995040
2.017050
1.989891
1.979218
1.992019
1.986981
1.992099
1.989390
1.957105
1.989375
1.994888
2.001612
2.007990
1.996873
2.004220
2.000010
2.012512
2.010328
2.010650
1.998989
1.993675
2.023662
1.989156
1.995199
1.975191
1.991321
1.997914
2.010040
2.015675
2.016329
1.996355
2.000140
2.006672
1.994281
1.983416
1.982054
1.983429
2.005795
1.999625
2.007679
2.038426
2.015844
2.021511
2.028552
2.031209
2.031239
1.993009
1.988413
1.955887
1.950632
2.006639
2.010279
2.029035
1.985143
1.990231
1.995609
1.996508
1.954231
2.013264
2.007801
1.998496
1.988214
1.992961
1.982692
1.961036
1.995025
2.012499
2.024993
2.027535
2.029919
1.996903
1.984227
1.970950
1.969500
2.000857
1.996131
2.013436
1.995806
2.014055
2.015365
2.040124
2.026102
2.005236
2.018742
2.004705
2.019262
1.987630
1.981801
1.945370
1.967263
2.007909
2.002945
1.974407
1.954661
2.003883
2.005939
2.032188
2.020408
2.016513
2.003456
1.994085
1.981541
2.000359
2.002859
2.019625
1.989047
2.002337
2.015428
2.021500
2.035106
2.007532
1.999271
1.995843
2.013285
1.998506
1.997580
2.009370
1.959501
2.007056
1.999741
2.011847
2.027124
1.980298
1.973497
1.967232
1.996068
1.998651
1.987078
2.002032
2.003137
1.986061
1.983507
1.991721
1.998884
2.013922
2.002279
2.010853
2.020436
2.008423
2.012967
1.975981
1.988028
1.998177
2.009192
2.011696
2.007892
2.001688
1.998644
2.014937
2.004031
1.989241
1.995306
1.993380
1.967167
2.006987
2.016850
2.044197
1.995738
2.002730
1.997465
1.961548
1.982493
2.001925
1.998961
2.023792
2.015330
2.005580
2.020225
1.992769
1.991245
2.004189
1.998263
1.948342
1.989516
1.998852
2.004427
2.016590
2.007826
2.000566
2.003388
2.007766
1.990606
2.004672
2.012841
2.025775
2.005586
2.004611
1.995474
1.988187
1.985830
1.988333
1.999169
2.019927
2.002762
1.997222
1.989839
1.981471
1.982652
1.989124
1.993102
2.000214
1.986227
1.983098
1.976004
2.005899
2.002986
1.993280
2.002489
1.998645
2.016059
2.005873
2.002302
2.000496
1.971344
1.995573
2.004259
2.018912
2.016259
1.990792
1.993829
1.986899
1.960860
1.986387
1.977466
1.980187
1.989659
2.008517
2.009006
2.005145
1.993312
1.980308
1.986234
1.976950
1.982363
1.993104
2.004178
2.002954
1.993428
2.023219
2.035089
2.037324
2.027426
1.993851
1.990117
2.018598
2.024638
2.013940
2.016870
2.026574
2.015678
1.999035
1.996390
2.000746
2.004148
1.996941
2.005360
1.998345
1.993964
2.005755
2.009014
2.008136
2.003509
1.995854
1.997672
1.974560
1.990861
1.993636
2.005803
2.007366
1.996813
2.002727
2.008982
2.017378
2.020348
2.001036
1.996590
2.004136
2.006711
2.011458
2.009329
1.972123
1.956535
2.020383
2.014406
2.026735
2.024702
1.984607
2.005766
2.031218
2.003151
1.996522
2.007206
2.005201
2.028924
1.995339
1.986272
1.985926
1.994466
1.996707
1.992303
1.953978
1.968434
1.996561
1.993650
2.016699
2.004185
2.002788
2.008528
2.004499
2.013325
1.987441
1.996283
2.006062
2.025476
1.996267
1.998403
1.994770
1.990783
2.012693
2.013120
2.042139
2.053494
2.018003
2.018424
2.026958
1.994491
2.006604
1.996727
1.996625
2.013891
1.992181
1.993086
1.989566
1.971115
1.983881
1.985256
1.971316
1.979826
1.999828
1.983979
1.990232
2.017432
1.981088
1.978870
1.991566
1.994249
2.000243
2.007917
2.028540
2.007099
2.005050
2.013279
2.005595
1.989662
2.004879
1.989756
2.023944
2.009598
1.993641
1.990088
1.997870
1.987333
1.983844
1.990820
2.000765
2.002249
2.000871
2.006823
2.045368
2.027824
1.993949
1.985622
1.963938
1.987770
1.983855
2.002006
2.000429
2.023318
2.002682
1.986684
1.981464
1.992568
1.996289
1.991781
2.033028
2.022802
2.000989
1.997516
2.007440
2.007219
1.987669
1.992593
1.983534
1.997971
2.006105
2.007934
2.019372
2.035567
1.993120
1.987001
2.015569
2.003568
1.992814
1.996066
1.971175
1.964275
1.992646
1.985967
2.003062
1.999233
2.012439
2.014453
2.012541
1.991908
1.979844
1.983923
1.980250
2.001637
2.010865
2.003761
1.984248
1.989295
2.000058
1.999001
1.980964
1.975565
2.000251
2.002493
1.999353
2.003378
2.013537
2.015451
2.028902
2.037586
2.006045
2.001408
1.998023
2.003967
