1.990733
1.981057
1.974946
2.004642
2.007037
2.004906
2.005965
2.014164
2.013393
2.013003
1.997375
2.002666
2.003134
2.001365
1.994894
1.970650
1.983334
1.995008
1.988739
2.006087
1.998053
1.999528
2.000446
2.001617
1.993573
1.996321
2.029068
2.001079
1.993906
1.989524
1.975760
1.992471
1.980365
1.983598
1.976617
1.982569
1.994669
1.997026
2.012483
2.051985
2.001509
2.004338
2.018467
2.007669
2.006946
2.013727
2.025116
2.015142
1.992617
1.993999
1.981564
1.971558
1.996977
1.992710
1.998578
2.003098
1.986915
1.983925
1.997256
2.001920
2.012780
2.013836
2.054252
2.051552
1.995542
1.999422
1.993087
2.002871
1.995186
1.991205
2.016782
1.988816
2.003739
2.009993
2.016619
2.021363
2.001264
1.999036
1.950116
1.975999
2.001898
2.010352
2.011822
2.019129
1.992533
1.988481
2.021907
2.022652
2.000760
1.998836
1.998779
1.963752
1.996472
2.006822
2.003722
2.030787
1.986313
1.991775
1.986953
2.001040
2.006813
1.999001
2.009664
2.014187
1.985812
1.983958
1.988866
2.010729
2.003046
2.002286
1.999305
1.990646
1.987463
1.996155
2.003211
2.020363
1.986959
1.987504
1.993898
1.994250
1.999824
1.987841
1.978861
2.008139
1.993303
1.988767
1.995183
1.995052
2.007636
2.012276
2.027821
2.022029
1.992306
1.992770
1.994939
1.974115
1.992462
1.988071
1.959191
1.987574
1.988377
1.988193
1.964760
1.974518
2.003760
2.017567
2.030621
1.999318
1.988260
1.983598
1.982845
1.995039
2.006679
2.013900
2.006235
1.987292
1.999597
1.999848
2.016000
2.014167
1.982939
1.975861
1.959251
1.979535
2.006596
2.007382
2.005419
2.010214
1.986905
1.992126
2.002460
2.032861
1.994477
1.984645
1.959661
1.984181
1.993368
2.006478
2.026858
2.019514
2.013529
2.000746
2.018537
2.026153
1.991655
1.991228
1.951752
1.961789
2.007074
2.006146
2.019346
2.015031
1.987043
1.992219
1.984757
1.995550
2.013573
2.000597
2.011178
2.019646
1.993920
2.011124
2.035146
2.023212
1.993951
2.001428
1.973457
1.960266
2.010038
2.005692
1.985226
1.986812
2.010923
2.015189
2.016199
1.994196
2.013788
2.014891
2.003968
1.985760
1.979536
1.978605
1.965211
1.961481
2.011853
2.015864
1.997390
1.995439
1.993772
2.000412
2.017540
2.013959
2.015255
2.016844
2.030187
2.037770
1.972607
1.979129
1.969062
2.001308
1.999399
2.011186
1.998921
1.987805
1.986893
1.971466
1.976686
1.958998
1.999093
1.991583
1.977446
1.970024
1.983576
1.990711
1.973432
1.977088
1.992600
1.982068
1.950588
1.981029
2.007153
2.001215
1.994690
2.009251
2.018947
2.012523
1.998619
2.000411
2.012537
2.000871
1.992565
1.991130
2.017784
2.024264
2.017453
2.023719
1.993508
1.990233
1.990455
1.978242
1.997275
2.008112
2.021497
2.008414
1.989573
1.978846
1.987399
1.980772
1.967441
1.953591
1.950692
1.969416
2.003717
2.013576
2.030360
1.994402
2.003407
2.025620
2.008166
2.003523
2.001449
2.013231
2.013769
2.013002
1.988836
1.993062
1.977121
1.995988
1.999030
2.008773
1.999759
1.992662
2.001433
1.998866
2.008816
1.989584
2.002325
1.994923
2.004395
2.000604
1.992692
1.993792
1.994480
1.972492
2.020923
2.027400
2.034608
2.038898
1.995946
1.998340
1.967829
1.958248
1.995480
2.003642
1.989141
2.016508
2.002560
2.001245
1.995296
1.990942
2.003253
2.007495
2.010984
2.018735
1.992020
1.982120
1.959027
1.990171
1.999569
1.981964
1.982787
2.015300
2.006479
2.011038
2.001967
2.005881
1.991193
1.987494
1.984177
1.979290
1.993030
1.997235
1.979112
1.999969
2.005413
2.014211
1.995373
2.013118
1.997057
1.989233
1.979286
1.989604
1.975374
1.990123
1.955907
1.963306
2.004625
2.000032
1.989495
1.979014
1.998769
2.001810
2.012022
2.029585
2.002746
2.005557
2.022342
1.996751
2.015205
2.018823
1.991646
1.990800
1.998710
1.986350
1.980048
2.001733
1.999750
1.995935
2.007927
2.005329
2.003906
2.009419
2.034043
2.026877
1.975229
1.966042
1.960877
1.994306
1.991255
1.995958
2.006581
2.003678
2.004376
2.012407
2.006687
1.996158
2.003560
2.000684
2.007972
2.006858
1.984566
1.992457
1.970935
1.966481
2.000165
2.011931
2.016750
2.016983
1.995358
1.993573
1.984221
1.990738
1.996471
1.997238
2.002726
2.009935
1.999642
1.999460
1.982572
1.995137
2.016366
2.018413
2.015355
1.995191
2.004879
2.003159
2.028098
2.015881
1.981578
1.994153
2.017172
2.028455
1.998327
1.986499
1.975013
1.997520
2.005521
2.007181
2.015124
2.012388
1.997099
1.986827
1.998068
2.003621
2.004568
2.011858
2.025020
2.006341
2.010102
2.008531
2.025126
1.994127
1.998058
2.010163
2.006949
2.010835
2.000806
1.998793
1.972054
1.981958
1.998223
1.981733
1.997493
2.004982
1.983896
1.976518
2.008197
2.001279
1.986678
1.992103
1.979896
1.964267
2.012504
2.010645
2.039568
2.031160
1.984848
1.981263
1.982118
1.960418
1.976665
1.982212
1.975071
1.987324
1.989620
1.980417
1.988435
1.994375
2.007851
2.014997
2.004922
1.966064
2.008679
2.014588
1.996067
1.991501
2.005796
2.006693
2.001580
2.002292
1.995833
1.980933
1.969353
1.973485
1.991682
1.992137
2.018360
2.019339
2.015194
2.027203
2.033184
2.039157
2.008607
2.021720
2.036470
2.047636
1.997672
1.990813
1.992331
2.010291
2.004068
2.014949
2.001836
2.025506
1.999445
1.997932
1.966384
1.992700
2.002138
2.008201
2.012809
2.002012
1.997827
2.002368
1.991843
2.000636
2.000814
2.001860
2.015292
2.019887
2.002009
2.002342
1.989122
1.987446
2.022077
2.014556
2.034134
2.032804
2.014597
2.012035
2.028341
2.022181
2.004319
1.988716
1.968037
1.975260
1.999263
1.992196
2.002054
2.007025
1.998682
2.001311
1.979848
1.972766
1.998672
1.995814
2.013906
2.006270
2.002391
1.992265
1.988471
1.984460
2.002426
2.008610
1.974121
1.966590
1.997506
2.017941
2.025394
2.037196
2.000902
2.002626
1.984576
1.976071
2.014671
2.018773
2.024768
1.997355
1.997291
2.000168
1.988087
2.002037
1.996501
2.001571
1.955778
1.969027
1.993002
1.999969
1.972150
1.966463
2.001395
1.993770
1.991678
1.999754
1.984456
1.980651
1.992140
1.989495
2.006272
2.012189
2.022974
2.022170
1.991180
2.005818
1.997415
2.012578
2.002053
1.992313
1.988077
1.990066
2.004172
1.991036
1.980039
1.989256
1.984607
1.991881
2.011165
2.011642
1.995444
2.008700
2.039221
2.026937
2.005164
2.013244
2.038005
2.004029
1.996880
2.010626
2.037950
2.021363
1.994831
2.003537
2.006532
2.023225
1.997185
1.992725
2.034767
2.023751
1.999136
2.012852
2.029896
2.007026
2.011594
2.016730
2.016462
2.027118
1.992498
1.995129
1.981618
1.979400
2.008382
2.012029
2.007083
2.031452
1.993228
1.996007
1.973106
1.965421
1.996500
1.996455
1.943126
1.979326
2.004351
2.007745
2.016677
1.994516
1.998004
1.996193
1.983532
1.975041
1.997028
1.997134
1.981267
1.990258
2.004539
2.004615
1.985075
1.980583
2.016073
2.018922
2.035087
2.009939
1.979256
1.990837
1.979679
1.997605
2.000435
1.993704
1.993372
2.002396
2.008279
2.004452
2.010583
2.019974
2.007332
2.003567
2.017926
2.025140
2.003961
2.004803
2.005513
2.003977
2.003667
2.011853
2.028606
2.047623
2.005388
2.003302
2.014622
1.998383
1.997221
1.983868
1.978690
2.013316
1.996496
1.993938
1.984950
1.992632
2.006916
2.013501
2.017034
2.025900
1.990084
1.977027
1.977412
2.011019
2.003305
2.013411
2.026076
1.999120
2.002620
2.002005
1.986735
1.972432
2.015289
2.006417
1.982164
1.969993
2.002956
1.998199
1.961973
1.947437
2.010611
2.014486
2.016888
2.008977
1.999601
2.002908
1.980514
2.005774
2.003436
2.004406
1.998442
2.004144
1.998472
1.996321
2.002823
2.001498
2.020227
2.009899
2.016029
2.006240
1.984225
1.980789
1.949919
1.953787
2.001368
2.005611
1.987018
1.998911
2.004635
2.009198
2.019663
1.992530
2.006147
2.023138
2.050350
2.022737
1.996019
1.994435
1.972887
1.985011
2.007358
2.015711
1.997138
2.000694
1.996403
2.006872
2.023955
1.995113
2.000145
2.001437
2.019642
2.013360
2.000974
2.014953
2.008302
1.991807
2.006380
2.013461
2.037430
2.067142
2.003540
2.004389
2.026834
2.010654
2.006097
2.000794
2.020640
2.005051
1.992568
1.994379
1.995042
2.013615
2.002135
1.990348
1.960804
1.967206
2.006704
2.002874
1.973043
1.983936
2.005630
2.008540
2.021713
2.005580
1.995634
2.003311
1.990220
1.971361
1.977293
1.994206
2.001207
1.978071
2.022024
2.025007
2.028234
2.017475
1.993980
1.991893
1.972312
2.002083
2.004063
2.013255
2.019725
2.025045
1.998642
1.997924
2.007632
2.023951
1.996159
1.988652
2.023896
2.012915
2.001836
2.010170
2.003840
2.007634
2.013472
2.014724
2.010021
2.028736
2.001547
1.990014
1.974922
1.994184
2.014283
2.025942
2.039993
2.028608
2.003956
2.011165
1.989591
1.997663
1.989409
1.973351
1.963576
1.956937
1.982287
1.988210
1.969841
1.987002
1.993464
1.988383
1.989862
1.976044
2.007973
2.014149
2.042506
2.027458
1.987131
1.987384
1.993385
1.983379
1.982103
2.001567
2.022753
2.017035
1.992116
1.977122
1.952900
1.964838
2.020134
2.015341
2.022726
2.033349
1.997200
2.009367
1.990590
2.017296
1.995983
1.995036
1.986651
1.954441
1.986760
1.981327
1.924342
1.950728
1.999237
2.008042
2.025171
1.999687
1.985652
1.989796
2.012873
2.015872
2.004953
1.981494
1.963893
1.980426
2.004227
1.998091
2.003346
1.990968
1.990933
1.998756
1.999711
2.000162
2.003966
1.999993
2.002913
2.003978
1.992084
1.990420
2.001648
2.012164
2.003990
2.006937
1.971022
1.995149
1.984013
1.991780
1.995287
1.975102
1.993637
1.987446
1.952329
1.959912
2.001968
2.007592
2.042522
2.010841
2.005806
1.998324
2.022530
2.051319
1.985153
1.996917
2.024104
2.023743
1.986502
1.991656
1.983371
2.014206
1.983310
1.980354
1.969166
1.990345
1.997511
1.994688
1.970128
1.984632
2.001212
1.996534
2.005759
1.978856
1.989850
1.992223
2.001248
2.014079
2.024409
2.020832
2.009646
2.001102
2.012204
2.004600
2.016608
2.010162
1.993408
1.997338
2.003581
2.027998
2.000945
1.989025
1.964565
1.980979
2.007392
2.006767
2.004750
2.006422
1.987704
1.994056
2.000904
1.969558
1.995649
2.001153
2.018010
2.023015
1.983034
1.981768
1.997095
2.000931
2.002487
2.006151
1.995040
2.016468
2.000693
1.994042
1.967232
1.984778
2.002131
1.993420
1.993758
1.981054
1.994910
2.001022
1.978616
2.009333
2.006487
2.008969
2.027496
2.013156
1.993057
1.993920
1.983673
2.004036
2.005591
2.012880
1.992869
1.987845
2.005573
2.006859
2.007233
2.006441
1.995177
2.003520
2.024198
2.026304
1.993895
1.987121
1.963017
1.955597
2.000616
2.007472
1.993157
2.013240
2.000258
2.000617
2.004477
2.009354
1.996139
2.001284
2.003067
1.987391
1.994927
1.986774
2.006071
1.997065
1.988842
1.994545
2.006547
2.008106
1.985419
1.984213
2.001027
1.948088
1.997346
2.003403
2.032867
2.024427
1.995587
1.998250
1.989844
1.973130
2.009477
2.016837
1.985599
2.018585
2.009756
2.014097
2.036222
2.032923
2.006559
1.998605
1.985010
1.994663
1.997914
2.014228
2.052300
2.023176
2.001760
2.004024
2.008088
1.950099
2.010339
2.017740
2.037376
2.034106
1.984870
1.975029
1.996690
1.994206
1.997305
1.995231
2.014673
2.003713
2.008409
1.998919
1.985491
2.006855
2.010215
2.002181
2.012128
1.973141
2.006766
1.998554
1.983833
2.000663
1.985562
1.977440
1.990673
1.978016
1.988474
1.992351
1.959706
1.996041
2.002105
2.016675
2.033773
2.022201
1.994072
2.008731
2.027903
1.976015
2.016575
2.031578
2.043024
2.028522
2.011521
2.025013
2.016418
1.984441
1.991690
1.999051
2.017791
2.026164
2.000192
2.002992
1.997989
1.997846
1.991747
1.977140
1.987384
1.983130
1.996672
2.000823
1.989262
1.994462
2.004134
1.992920
2.003334
1.996440
1.994677
2.012508
2.024674
1.992811
2.007197
2.004203
1.990706
1.997235
2.002202
2.012036
2.036761
2.018316
1.994319
1.991324
2.000018
1.980376
1.996830
2.005817
1.997454
1.984517
1.999968
1.995316
2.000569
1.985819
1.996616
1.994602
1.956359
1.950073
2.007190
1.996619
1.985824
1.979377
2.006444
2.011160
2.009692
1.988065
2.004450
1.998816
1.993773
1.992473
1.988797
1.975640
1.975632
1.963399
1.999082
2.015893
2.012501
2.022573
1.986446
1.980520
1.999884
2.016370
1.992255
1.994360
2.012340
1.989678
1.997127
1.991378
1.994852
2.005213
1.999430
2.019065
2.005794
1.997508
2.003220
1.995715
2.003957
2.020709
2.017932
2.009609
2.025930
1.980283
1.993239
2.007062
2.019218
2.013261
1.995763
2.013370
2.014867
2.019453
2.001105
2.022478
2.010448
2.024685
2.001322
2.011897
1.991886
1.984890
1.981515
1.978415
1.950178
1.947106
1.988714
1.999334
1.961049
1.981664
1.988561
1.990983
1.989935
1.999580
2.000058
2.000066
1.977986
2.011974
2.002925
2.002590
2.030361
2.031183
2.006104
2.007376
2.040133
2.012679
2.002798
2.004988
2.019180
2.038952
2.003455
2.000380
2.006573
2.013132
1.978350
1.976754
1.997142
1.999988
1.980995
1.959042
1.924039
1.947383
2.007610
2.007711
1.978267
1.980775
2.003942
2.011985
1.991240
2.001357
1.991456
1.997984
1.997917
2.016404
2.005736
2.010939
2.015798
2.004946
1.982549
1.978031
1.960846
1.986004
1.999021
1.997935
1.994647
1.986363
1.979231
1.996447
1.999051
1.968990
1.992482
1.990758
1.991817
1.994155
1.986235
1.995348
1.999719
2.017144
1.993465
1.999973
1.998437
1.966608
2.005754
1.985282
1.970061
1.985407
1.991171
1.987917
2.003515
2.029948
1.997100
1.986720
1.983275
2.013496
2.009632
2.007986
1.999516
1.990041
2.012479
2.022227
2.003499
2.016207
1.989203
1.995888
2.032958
2.020069
2.006189
2.000342
1.981582
1.988728
2.008895
2.006790
2.018575
1.989183
2.002525
2.015825
2.016757
2.037345
1.992434
1.992704
1.997392
1.986935
1.997817
2.005013
2.008169
2.020297
1.992823
1.997872
1.967574
1.982775
1.982058
1.975856
1.976785
1.985485
2.016190
2.027161
2.019377
1.997710
1.997224
1.988878
1.993716
1.988166
2.010580
2.003537
2.016313
1.974048
1.987865
1.979972
1.984606
1.981396
2.016082
2.015372
2.042978
2.041792
1.990128
2.006416
1.986364
2.016075
1.981869
1.980258
1.966601
1.980670
2.006871
2.016806
2.015975
2.018423
1.989612
1.995864
1.989441
1.985349
1.998625
2.005430
2.023893
2.034883
2.012021
2.018482
2.018298
1.999322
2.012494
1.999594
2.016638
2.015816
1.988766
1.994739
1.998859
2.007951
1.998927
2.010798
2.022667
1.995127
2.005823
2.001676
2.013547
2.021770
2.011491
2.014221
1.992333
1.971438
2.011939
2.000896
2.025750
2.010378
1.999485
2.003652
1.981811
1.977739
2.012406
2.018497
2.008413
2.007471
1.996400
1.999570
2.013792
2.009931
1.977337
1.979696
1.980547
2.010012
1.993264
1.997142
1.984296
2.004619
2.000771
2.007250
1.988131
1.990727
2.004687
2.004739
2.003665
1.990582
2.002185
2.001201
2.006925
1.992236
1.991780
1.990667
2.000672
2.030181
2.008081
2.003732
1.991875
2.001972
1.983814
1.981566
1.981142
1.986007
2.009166
2.019608
2.008746
2.006788
1.992232
2.006645
1.981133
1.963767
2.016831
2.005885
2.033738
2.010969
1.997438
2.012897
2.004916
2.011241
1.988032
1.983783
1.995586
2.003171
1.985482
1.978175
1.957520
1.975962
2.004129
1.993327
1.986750
2.011334
2.010904
1.999581
1.986997
1.996384
2.007776
2.001837
1.993473
2.014107
1.997491
1.997568
2.005776
2.001126
2.013385
2.016243
2.018626
2.000106
2.000258
2.007736
1.993136
1.953373
1.997206
2.008022
1.987019
2.000640
2.001663
1.999960
1.987648
2.002267
