1.994218
2.003918
1.994723
2.005987
1.995202
2.005297
1.993620
2.001096
1.999244
2.003071
1.968937
1.965751
2.005552
2.011698
2.014408
2.001521
2.012693
2.009424
1.973086
1.959697
2.000128
2.017701
2.043466
2.027470
2.011230
2.006207
2.021431
2.031621
2.000774
2.007747
1.999621
1.998073
1.994429
1.989824
1.998018
1.982887
1.987276
1.993238
1.997735
1.996213
2.000146
1.978469
1.942464
1.947578
1.992252
1.996369
2.002997
2.018484
1.999988
2.005354
1.995361
1.986986
2.014649
2.018247
2.011168
1.996402
2.003630
2.002963
1.976923
1.965613
2.017044
2.005134
1.995406
1.975305
2.011862
1.998936
1.988488
1.991452
2.011527
2.004401
1.998724
2.034561
1.988632
1.999892
1.981136
1.982526
1.989351
1.981320
1.980301
1.997352
1.984400
1.983562
1.960915
1.965128
2.018060
2.013043
2.026243
2.008311
1.991856
1.997852
2.007533
2.003377
1.992870
1.986661
1.995011
2.005063
1.992106
1.989635
1.999645
1.988831
2.001749
2.009707
2.005466
2.010006
2.013422
2.009704
2.021312
2.042227
2.015592
2.011475
2.011429
1.992848
2.006203
2.003528
2.016430
1.999859
2.003408
2.011474
2.031336
2.004712
2.007263
2.002614
2.003260
1.992163
2.006779
2.011466
1.976306
1.998212
1.995125
1.982604
1.989908
1.982335
1.987946
1.977564
1.971021
1.950449
1.994769
1.988698
2.031951
2.016470
2.003898
2.001658
2.002032
2.012861
1.999184
1.996788
2.005315
2.007874
1.998854
1.995426
1.977861
1.980454
1.992852
1.998402
2.007749
2.014313
1.999959
1.998461
2.021603
2.011831
1.997275
2.012402
2.007373
2.004100
1.994550
2.009448
2.018332
2.031024
1.988906
1.995637
1.986988
1.969997
1.994814
1.995129
1.990107
2.008306
2.008879
2.017661
2.001665
1.992049
1.990262
2.000175
1.996940
2.001509
1.993920
1.988958
1.990844
1.963287
2.000006
1.996682
1.985168
1.970708
2.009567
2.013577
2.014542
1.984545
1.985643
1.992989
1.976659
1.989923
1.995412
1.989691
1.994988
1.995208
2.002059
1.995748
2.015387
1.992911
2.024596
2.022065
2.048131
2.002348
2.016773
2.019312
2.003499
1.978515
2.008639
2.014557
2.020071
2.028778
2.002805
1.996446
2.010218
1.990614
2.007820
2.009539
2.023929
2.001606
2.008518
2.003019
1.994048
2.003681
1.988372
1.971705
1.948530
1.963217
2.005688
2.012531
2.004142
1.985097
1.997941
1.998169
1.998029
1.972402
1.995912
2.004965
2.001516
1.991628
2.015632
2.011373
2.029081
2.020699
1.980314
1.985386
1.991980
1.989979
2.014028
2.013716
2.011306
2.002387
2.002696
2.009341
2.035333
2.040656
2.009357
2.022167
2.038308
2.031841
1.982546
1.977548
1.969563
1.956470
2.001295
2.007949
2.035896
2.013942
1.998196
1.997528
2.009082
2.016966
2.017022
2.020380
2.053770
2.029903
2.023020
2.017680
2.038938
2.001960
2.000860
1.998404
1.971772
1.973684
1.996738
1.986816
2.006597
1.994335
2.006036
1.992073
1.993605
2.014823
1.987150
1.991693
2.005866
2.000382
1.997757
1.984664
2.013698
2.009830
1.986000
1.984136
2.018531
2.015204
1.995568
1.992479
1.998747
2.008587
2.008456
2.012742
2.040494
2.001764
2.005059
2.008394
2.028992
2.037982
1.999542
1.990395
1.990629
1.999443
1.994879
2.007292
2.032942
2.025952
1.995626
1.981395
1.924782
1.971145
2.005174
2.001362
1.987614
2.011217
2.000141
2.006063
1.973407
2.008563
2.001630
2.013411
2.052669
2.041356
2.002631
1.995983
1.999546
1.988690
2.005750
2.003097
2.011365
2.025206
1.998936
2.006196
2.006762
1.990259
2.006426
2.003402
2.028857
2.025428
2.000848
1.998217
2.003706
1.997752
2.013556
2.005047
2.030354
1.969064
2.004696
2.010973
1.980041
1.969599
1.990851
1.981614
2.003863
2.001982
2.005576
1.999952
2.009945
2.017196
1.998377
1.991023
1.989623
1.967787
2.009665
2.009838
2.016813
2.020299
2.002031
2.005136
2.008450
2.010242
1.992240
1.985692
2.009840
2.011789
1.990631
1.973287
1.981987
1.995520
2.011854
2.000394
1.987405
1.983433
1.999112
1.995632
1.995443
1.999070
2.013201
2.006778
2.021550
2.018321
1.994249
1.982548
1.973238
1.987273
1.995756
1.995650
1.985139
1.997117
2.016591
2.013402
2.004107
2.013368
2.009092
2.001206
2.008669
2.021213
1.992876
1.998361
2.005571
1.997018
2.010897
2.005489
2.009509
1.978881
1.996809
2.002361
2.010437
1.988527
1.992384
1.999380
1.995636
1.981173
2.005486
2.009079
1.996244
1.983954
1.996647
1.986447
1.992082
1.995375
2.003903
2.009280
2.021273
2.009252
1.992478
2.008975
1.980219
1.966545
1.998653
2.002880
2.014048
1.972281
1.992275
1.980977
1.992185
1.980591
1.998203
2.003532
1.993458
1.983654
1.993435
1.987443
1.986120
1.993753
2.000026
1.998859
1.985704
1.969884
1.994706
1.971898
1.938440
1.949245
1.996886
1.992975
1.966024
1.980012
1.991981
1.995854
2.007290
1.985856
1.993994
2.003732
1.994731
2.006049
1.997378
2.016064
2.019620
2.013200
2.009826
2.022274
1.992930
2.007116
2.006401
2.016915
2.030984
2.025608
2.011798
2.008411
1.974399
1.961853
1.992825
2.001443
1.998820
1.992710
2.005539
2.014928
2.060694
2.020235
1.980606
1.970070
1.989006
2.009757
1.994180
1.989460
1.998598
1.986044
2.001551
2.000649
1.990201
1.990840
1.984604
1.979734
1.956671
1.972795
2.008215
2.009333
2.024398
2.034954
1.999620
2.004623
1.996688
1.987338
2.020596
2.029794
2.033596
2.033844
1.974115
1.965557
1.964813
1.956235
2.001167
2.008412
2.028538
2.040374
2.010976
1.998050
1.988572
1.991807
2.002612
1.997854
1.958022
1.981394
2.016105
2.012126
2.003820
2.026067
1.998662
2.002553
1.987507
1.993084
1.984941
1.984247
1.961980
1.965474
1.979217
1.995511
2.001295
1.984595
1.990158
1.993441
1.994609
2.010015
1.993554
1.997920
1.982953
2.012968
1.992075
1.989638
1.999778
1.989330
2.004742
1.998459
1.998742
1.996435
1.982226
1.983615
1.977673
2.006489
2.004578
2.016716
2.030731
2.012987
2.006928
2.004126
2.016901
1.999345
2.006249
2.003142
1.966020
1.984114
2.005952
1.995742
1.999270
2.008853
1.981180
1.983992
1.992644
1.975184
1.996851
1.986029
1.994211
1.984439
1.983649
1.976078
1.977754
2.006785
1.994745
1.988609
2.005638
2.019345
2.001896
2.002047
1.994731
2.018085
1.999793
1.997300
2.005084
2.006522
2.008223
2.020624
2.011930
1.985386
2.004523
2.000493
2.005228
2.003622
1.991799
1.995654
2.021665
2.014614
1.996808
2.012322
2.007600
2.004628
1.989873
1.984620
1.994111
1.994457
1.998422
1.998102
1.983221
1.996704
1.991502
1.989752
1.999612
2.014214
2.009285
2.017992
2.002483
1.993453
1.999981
1.992370
1.985049
1.972135
2.016385
2.018058
2.033686
2.016190
2.004734
2.021391
2.029322
2.014471
2.009630
2.013636
2.015333
1.984424
2.012949
2.011194
2.029899
2.004222
1.999690
2.013323
1.995475
1.992280
2.004872
2.009465
2.009239
1.995209
2.025329
2.022355
2.048407
2.002421
1.980417
1.973094
1.999319
1.995694
1.995052
1.988901
1.956198
1.952374
2.015370
2.014294
1.981081
1.963591
2.007501
2.009269
2.023643
2.001510
1.998696
1.998877
1.999204
1.990207
1.985834
1.979627
1.997345
1.996123
2.014336
2.031790
2.034773
2.041302
1.997734
1.998441
1.998815
1.973313
2.001165
1.999617
2.007852
1.996529
2.005700
2.004557
2.003016
2.030555
2.000479
2.008003
2.021218
2.025204
2.014642
2.013845
2.013793
2.005724
2.013762
2.010587
1.978064
1.999701
1.991506
1.986440
1.991431
1.982586
2.003070
2.004200
2.000023
2.010036
2.000697
2.007712
2.035530
2.014319
1.992526
2.002087
2.016664
2.014448
2.005739
2.000833
2.007041
1.995470
1.984568
1.988439
1.986319
2.001186
2.001210
1.998415
1.971275
1.973091
2.020760
2.018187
2.029124
2.022823
1.998643
1.986455
1.999490
2.001192
2.001236
1.997107
1.977054
1.986273
1.997641
1.984619
2.014079
2.010249
2.004767
2.019068
2.011855
1.998666
2.010852
2.013346
2.038907
2.035717
2.001500
1.992220
1.997293
2.010941
2.005189
2.008457
2.028374
2.035532
1.992828
1.987994
1.939289
1.960191
1.989746
1.991689
1.973405
1.997863
1.990386
2.004609
2.001642
2.030071
2.005088
2.001308
1.987691
2.010736
1.995492
1.998661
2.017662
2.025489
2.000166
1.985013
1.961619
1.997738
2.011724
2.021993
2.030740
2.010961
2.005527
2.002545
2.010825
2.024839
1.995404
1.991060
1.992736
1.970192
2.003884
1.996461
2.006031
1.992407
1.996508
1.999373
2.009280
2.010528
2.013002
2.004411
2.028431
1.968023
1.986291
1.994460
2.008935
2.007299
1.993135
2.003019
1.994972
2.014257
1.992319
1.991364
1.956188
1.994857
1.998664
1.991381
1.990391
1.968709
1.987766
1.985747
1.978010
1.985128
2.005485
1.995738
2.008006
2.001514
2.003765
2.014112
2.056935
2.044251
1.990823
1.973856
1.984433
2.001135
1.991187
1.999259
2.010604
1.992667
2.002832
2.004070
2.005226
1.986459
1.998927
1.999760
1.974559
1.989519
1.994501
1.983279
1.973724
1.987498
2.002806
1.996940
1.989942
1.988243
2.007444
2.004074
2.004707
2.002131
1.996015
2.004005
2.009330
1.995490
1.993018
1.998484
2.006458
1.997044
1.991775
1.996134
1.999821
1.983484
1.994658
1.995273
1.980936
1.978169
1.998911
2.007041
2.016851
2.002507
2.006079
2.010255
1.997950
1.986439
2.005034
2.007707
2.016377
2.022251
1.987132
2.007052
2.029940
2.004283
1.997463
1.995023
1.975001
1.988028
