1.999563
1.991727
2.024287
2.010941
2.003077
2.022540
2.050308
2.026704
2.019201
2.017835
2.025460
2.017422
2.001543
1.984252
1.967597
1.973151
1.999142
2.002384
2.025438
2.015090
2.003212
2.005503
1.991338
2.002499
2.005664
2.019124
2.014761
2.002809
2.004134
2.004287
1.997247
1.964040
2.002611
2.008436
1.975970
1.968072
1.998832
1.986812
1.980471
1.993456
1.989354
1.986169
1.988746
1.979152
2.002664
1.995468
1.968519
1.971222
2.007765
1.995315
1.978523
1.991474
1.996691
2.003624
1.956321
1.967548
1.976880
1.964162
1.951703
1.977907
1.996974
1.995725
1.990986
1.962445
2.020592
2.024746
2.027924
2.015970
1.994916
2.002246
2.009869
2.007319
1.991549
2.006355
1.997207
2.017443
2.003561
2.005990
1.986690
2.002457
2.000624
1.991529
1.988620
1.976784
2.002266
2.010348
2.004987
2.013022
1.988453
1.974493
1.977231
1.999053
2.002648
2.010723
2.031971
1.998828
1.992908
1.983778
1.988612
1.986191
1.984423
1.995049
1.998465
1.977005
1.989981
1.971267
1.968597
1.959949
2.009754
2.025830
2.041257
2.022750
2.009748
2.012924
2.016212
2.026567
2.032470
2.037364
2.027086
2.003162
1.989576
1.993021
1.987724
2.008427
1.982224
1.997516
2.010874
2.013122
1.993472
1.985238
1.959978
1.975893
2.005253
2.010245
2.015504
1.992630
1.991805
1.993029
2.023806
1.996293
2.024194
2.020099
2.001676
1.992739
1.990551
1.984503
1.929150
1.958272
2.007421
2.001796
2.018553
1.991365
1.979496
1.991750
1.982869
1.997313
1.994218
2.001290
1.998423
1.981510
1.998296
2.002006
2.010985
1.979358
1.988724
1.998757
1.999596
1.998888
2.006973
2.011259
2.024744
2.048333
2.002404
2.011568
2.025487
2.044412
2.010204
2.010299
2.011066
1.995580
2.006929
2.003117
1.999476
1.985927
1.995370
1.988673
1.955831
1.961436
2.011713
2.005317
2.013974
2.017432
1.989286
1.978371
1.977941
2.012084
2.002098
2.011129
2.015234
1.989363
2.010210
2.014824
2.018498
2.013342
1.982360
1.980160
1.968595
1.993217
2.000228
2.002170
2.022531
2.000317
2.008607
2.011055
2.012860
2.008664
2.002180
2.005651
2.005392
2.015058
2.000794
2.006211
2.009157
1.987919
2.013770
2.006608
2.015894
2.012483
2.002259
2.011143
1.995518
2.005834
1.984060
1.979681
1.953496
1.958891
1.978302
1.969975
1.973368
1.974726
1.993649
1.999307
1.987655
1.980705
1.999127
2.005339
2.028836
2.032618
2.018837
2.022580
2.042104
2.018595
2.006649
2.015553
2.001117
2.004563
2.011639
2.024154
2.042340
2.019372
1.992552
1.993777
1.991702
1.947730
1.993883
2.001513
1.976592
2.005760
1.993275
2.003618
1.972708
1.968413
2.004612
2.006522
2.028519
2.014005
2.009330
1.997437
1.994016
2.006287
2.014570
2.007301
2.022252
1.978122
1.995944
2.003815
2.026797
2.031924
2.012483
2.015188
2.018548
2.016245
2.004959
2.006537
2.020687
2.004238
2.002992
2.020459
2.022158
2.009857
2.000096
2.016050
2.042838
1.987153
1.997678
1.990653
2.010541
2.001469
2.008771
2.022974
2.017712
1.996911
2.004277
2.013383
2.020757
2.028580
1.989342
2.004912
2.017334
2.010203
1.994099
1.980664
1.988973
1.989723
2.004833
2.012878
1.981228
2.016317
1.999166
2.005134
2.011850
2.012629
2.001109
1.990258
1.974559
1.993144
1.998496
1.990760
1.993353
1.993321
1.999850
2.011156
2.028671
2.019588
2.011016
2.016765
2.027541
2.027444
2.012320
2.013128
2.021128
2.010039
1.994227
1.989382
1.988117
1.973660
1.997667
2.000214
1.992407
1.981027
2.002636
1.992842
1.980693
1.977001
2.004930
1.996609
1.974029
1.995282
1.996951
2.003517
1.987753
1.970201
2.020931
2.016715
2.022114
2.032104
1.994457
2.007290
1.976684
1.973304
1.988423
1.980816
2.008062
2.016042
2.013017
2.028255
2.035120
2.023509
1.999189
1.999992
2.011266
2.031803
1.987342
1.990503
2.011972
2.013617
1.991410
1.991450
1.968300
1.961405
2.018229
2.016233
2.033801
1.987223
1.998205
2.000527
1.994857
2.000049
2.002283
1.998830
1.976631
1.962184
1.993001
1.991061
2.003982
2.012767
2.008369
2.011014
2.006104
2.061760
1.985075
1.980472
1.950900
1.948601
1.996520
1.995277
1.995838
1.986134
2.005748
2.010128
1.988996
2.009037
2.005376
1.995679
2.019749
2.051813
2.013163
2.015516
2.028944
2.057527
2.003518
2.007133
2.031816
1.998808
2.007181
2.013649
2.011145
1.990684
1.992560
1.994899
1.989343
1.966292
1.997523
1.993583
1.997359
1.973394
1.993810
1.993828
1.979392
2.005642
2.009312
2.009619
1.981949
1.980464
1.994537
1.995752
2.020876
1.999692
2.000220
1.990239
2.008966
1.988994
2.002483
1.991053
1.967976
1.982598
1.986949
1.979070
1.957018
1.985475
2.002776
2.001712
1.987466
1.978735
1.993740
2.009560
2.021920
2.019519
1.998067
1.993064
2.030722
2.010897
2.002568
2.008345
1.994280
2.015079
2.005718
1.995929
1.999380
1.998138
2.012390
1.990003
1.968467
1.989047
1.989593
1.996167
1.955663
1.980931
2.019150
2.016117
2.007476
1.976834
1.993629
1.994176
1.984954
2.004521
2.005992
2.011693
2.039779
2.035579
1.984829
1.994574
2.026313
2.007700
1.998617
1.999934
2.017352
2.038329
1.993111
1.989944
1.990624
1.965977
2.001137
2.006266
1.994001
2.014946
1.989663
1.998892
1.976922
1.975745
1.990941
1.999182
2.009216
2.021802
2.004085
2.012606
1.989308
2.002853
1.990251
1.998657
2.003218
1.997904
1.984001
1.981401
1.997238
1.941933
2.001629
1.992799
1.979322
2.008953
2.010869
2.002754
2.018337
1.973701
1.982598
2.000155
2.004827
1.974718
2.008789
2.014969
2.016851
2.027323
2.006090
1.998405
1.985298
1.995250
2.013771
2.010409
2.015251
2.033734
2.008275
2.015903
2.009953
2.012452
1.990202
1.983450
1.996732
2.033277
1.995926
1.997700
1.968287
2.007074
1.999310
1.997118
2.017455
2.005744
2.004103
2.000520
1.987526
1.969493
1.982035
1.985159
1.992409
2.002776
2.010177
2.006323
1.981160
1.985619
2.004260
2.010747
2.002399
1.987356
1.988274
1.993779
1.960816
1.998196
2.004323
1.998623
1.992688
1.981383
1.999994
2.002905
1.972434
1.966745
1.988490
1.993798
1.958572
1.979884
1.984587
1.996450
1.984935
2.016148
1.991800
1.997662
2.013513
2.024517
1.999433
1.998110
2.006684
1.998501
2.000245
2.004496
1.988258
1.986318
1.987782
1.980518
1.984858
1.982603
2.005727
1.993887
1.997679
2.018737
1.995036
2.013827
2.025279
1.992490
2.003862
2.008263
2.005480
1.998467
1.982733
1.986058
1.975225
1.985944
1.990267
1.995735
1.988322
1.987340
2.003732
2.004032
1.997002
2.010998
2.000076
1.995682
1.996269
1.985125
1.990239
1.989778
1.977821
2.000405
1.989229
1.981832
1.997555
2.006810
1.997901
2.008782
2.016173
1.989485
2.000144
2.010491
2.038630
2.029174
1.989800
1.976803
1.980571
1.968459
1.993757
1.986311
2.012502
1.986756
1.997844
2.000369
2.013736
2.015475
2.011151
2.016687
2.016234
2.010932
1.983103
1.986368
1.999075
1.988022
2.001475
2.020260
2.005852
1.993552
1.993950
1.989935
1.993959
1.985310
1.996190
1.997557
2.006168
2.001463
2.005321
2.006212
2.007440
1.992484
1.991349
1.984887
2.010776
2.008872
2.001999
2.023635
2.011688
2.025368
2.007715
2.008652
1.977651
1.972884
1.997390
2.004508
2.027519
2.021380
2.012134
2.019627
2.009370
2.002894
1.974458
1.981544
1.993774
2.006942
2.000653
2.000827
1.982576
2.015657
2.006110
2.001575
2.014325
2.018087
1.997527
1.998889
2.005422
2.000227
1.984983
1.980222
1.963788
1.978529
2.000912
1.984861
1.950463
1.982994
1.981294
1.980162
1.998585
1.997224
1.996714
1.999751
1.971174
1.975655
2.003398
2.011201
2.000645
2.010073
2.012268
2.015791
2.019165
1.999973
2.022405
2.030177
2.024564
2.021352
2.005007
2.010984
2.014323
2.006467
2.011524
2.024277
1.987140
2.026263
2.003803
1.999935
2.011800
1.998156
1.994922
1.990798
1.942915
1.961034
2.002213
2.005526
2.018422
2.010137
1.985258
1.992780
1.994826
2.008399
2.001116
2.006876
2.002910
2.017081
1.988527
1.976862
1.973881
1.974117
2.014848
2.009994
2.013129
2.007249
1.995593
1.975246
1.965903
1.956308
2.009865
2.008655
2.001323
1.987560
1.994127
1.991051
1.986722
1.998542
1.999911
1.994174
1.998369
2.025434
2.003271
1.999602
2.006378
1.987822
2.003148
2.001275
1.985030
1.949285
2.000110
2.012382
2.012837
2.032816
1.979049
1.978424
1.964689
1.976295
2.001203
2.004571
2.009558
1.999206
2.013218
2.020921
2.038522
2.017403
1.975485
1.975560
1.986005
1.974906
2.015261
2.029186
2.020922
1.995724
1.999755
1.997088
1.979693
1.982232
2.006628
2.006075
2.004985
1.974589
1.995263
2.005986
2.026567
2.002553
1.983799
1.977073
1.955973
1.974667
1.990703
2.005557
1.981477
2.013621
2.017173
2.019719
2.031205
2.014565
2.014291
2.008189
1.987884
1.978989
2.013182
2.013759
2.026900
2.028818
1.986887
1.978768
1.976668
1.958964
2.013462
2.019669
2.022915
2.002175
1.980945
1.980462
1.983034
1.966964
1.994251
1.999142
1.994739
2.018484
1.984349
1.977842
1.978643
2.010159
1.995203
2.000414
1.976923
1.984190
2.011998
2.015509
1.992385
1.972414
1.985651
1.984062
2.003717
1.988331
2.010985
1.996980
1.992771
2.019892
2.004834
2.000158
1.966705
1.997451
1.998301
1.993369
1.989619
1.982250
1.977858
1.982282
1.981889
2.009129
1.996233
1.999567
1.986966
1.988466
1.997869
2.004692
2.034309
2.013405
1.993314
1.989789
2.015270
2.002101
2.005140
1.995499
2.000978
2.008150
1.991842
1.991505
2.002370
2.031124
1.977251
1.979965
1.972220
1.983686
2.011675
2.004444
1.993467
1.987912
1.992352
1.985940
1.971434
1.988198
1.995120
1.972061
1.976936
1.997392
2.015748
2.006414
2.034488
2.011414
1.989830
1.998851
2.020698
1.975184
2.012855
2.013581
2.037015
2.020629
1.995605
1.982441
1.993291
2.003660
1.991480
1.991808
1.996086
2.002245
2.009647
1.999311
1.988305
1.994333
2.006133
2.009307
1.998630
2.008855
2.017677
2.006792
1.991544
1.973533
2.006977
1.999911
2.017846
2.031099
1.984291
1.989043
1.975465
1.982617
1.997664
2.007848
1.985938
1.998420
2.002551
1.998738
2.013954
2.028099
2.009785
2.001271
2.012051
2.030158
2.012404
2.013969
2.008316
1.996197
1.998205
2.013205
1.993871
1.991954
2.006128
2.013885
2.016718
2.004881
1.993159
1.993839
1.945647
1.963856
2.008488
2.014288
1.974226
1.979659
1.980215
1.989075
2.013531
2.023129
1.993781
1.990439
1.999373
1.978904
2.001625
2.008477
2.012454
1.987117
1.990656
1.996666
2.027041
2.019933
1.999680
1.992698
1.957430
1.979416
1.993236
1.999124
1.999377
1.999643
1.997799
2.010221
2.004333
1.993337
2.000403
2.005970
2.009964
2.020964
1.990639
1.997378
1.991753
2.028592
1.998201
1.998698
1.996650
1.983868
2.004314
2.004357
2.039571
2.005528
1.999500
2.007378
2.013483
1.997053
1.998657
1.980131
1.963774
1.981377
1.999589
2.000528
2.010308
2.016834
1.991940
1.995452
2.004745
1.985863
1.986791
1.977685
1.963753
1.947629
2.006733
2.003298
2.014289
2.001927
1.991971
1.985193
1.994838
2.005789
2.006021
2.016247
2.054044
2.034434
1.991226
1.994205
1.984647
1.957694
1.999669
1.999231
2.014002
2.022785
1.982690
1.992524
1.956877
1.962357
1.981442
1.988921
1.990487
1.982599
1.988881
1.987518
1.991731
1.996926
2.023812
2.034494
2.034618
2.021768
1.981990
1.979788
1.976626
2.011718
1.994039
2.004907
1.965468
1.986933
1.999544
2.002160
1.999212
1.987016
1.994801
2.004187
2.006266
1.987594
2.003434
2.004992
1.997446
1.998663
2.000936
2.011256
2.024596
2.029560
1.989015
1.985675
1.992308
2.014124
2.012673
2.014828
2.020807
1.999423
1.997383
2.002774
1.997155
1.975182
2.008981
2.005877
1.966641
1.949657
2.020851
2.029452
2.009679
1.975518
2.007049
1.999815
2.008858
1.994100
1.994045
1.993759
1.986701
2.004182
1.999580
2.006069
2.011132
2.004891
1.999075
2.000751
1.964759
1.974197
2.000883
2.008900
2.028976
2.015627
1.984306
1.994113
1.977833
1.984671
1.986144
2.004369
1.988211
2.021058
2.004471
2.010187
1.993748
1.999752
2.012080
2.011996
2.042956
2.055217
2.004725
1.997788
1.994193
2.010056
2.007753
2.009784
2.046923
2.014007
2.000324
1.996178
2.013686
1.989579
2.002647
1.987428
1.979645
1.976743
1.998440
1.985752
1.995487
2.021476
2.000627
1.994475
1.997046
2.004860
2.007581
2.011762
1.996872
2.036827
1.992759
1.986360
1.977603
1.995226
1.998777
1.995142
2.003753
1.997514
1.992566
1.989128
1.999899
1.990996
1.996537
1.986829
2.009574
1.989255
1.995502
1.994716
1.983095
1.980565
1.978495
1.984321
1.997523
1.996608
1.989340
1.982755
2.005861
1.995869
2.002077
1.986165
1.987443
1.992661
1.983577
1.972426
1.958287
1.976341
2.006969
2.012389
2.032478
2.033144
1.982414
1.980302
1.956665
1.990441
1.990726
1.994601
1.998467
2.005550
1.992301
1.985115
2.007785
1.992607
1.984661
1.995525
1.997181
1.999547
1.996191
1.997105
1.952361
1.990659
2.005520
2.004760
1.988285
1.990457
2.010693
2.007418
1.991995
1.975313
2.014515
2.004936
1.991114
1.992165
2.008777
2.002809
2.007660
2.004757
2.002549
2.013907
2.044804
2.031418
2.005865
2.001577
1.993317
1.997316
2.005155
1.997636
2.001105
2.008211
2.006041
2.014599
2.005508
1.996671
2.006464
2.015179
1.988082
1.977373
1.989757
1.987952
1.992424
1.997106
1.997178
1.984875
1.928088
1.972355
1.983688
1.998391
2.001838
2.004060
2.001349
2.003165
2.004451
2.014765
2.005575
2.002876
1.980009
1.988065
2.002533
1.998954
1.962963
1.975568
1.984515
1.993131
1.982359
2.002666
1.997550
2.006536
2.008864
2.002947
2.000162
2.020356
2.028963
2.024663
2.005976
2.005309
1.994321
1.986022
1.992374
1.999593
1.978812
1.993737
1.994343
1.991625
1.991920
1.964953
1.991201
1.985021
2.000914
2.018362
2.006352
2.014274
2.012228
2.000800
1.988674
1.984095
1.985400
1.974153
2.010592
2.025420
2.052543
2.062252
2.004692
2.010814
2.018827
1.980634
1.980854
1.983667
1.990995
1.993475
2.014206
2.012494
2.009591
2.004345
1.997595
1.983660
1.987448
1.999303
1.990505
1.999957
1.986840
1.991453
2.009498
2.002521
2.018487
2.014054
1.993734
1.999148
2.007849
1.959637
1.994640
1.987433
1.966417
1.960119
2.008356
1.996944
2.001576
1.985684
2.005634
2.008939
2.023208
2.014182
1.988273
2.002350
1.995969
1.997153
1.985000
1.985509
1.973554
1.973998
2.000921
2.000706
1.998941
2.012647
2.024419
2.016384
1.999543
2.010870
2.008098
2.023851
2.044524
2.009631
1.987111
1.989044
1.983335
1.973759
1.990872
1.980777
2.017464
2.023067
1.998011
1.993932
1.992917
1.984612
2.006600
1.989670
1.964589
1.976705
2.016495
2.028398
2.051463
2.043186
2.001784
2.008844
1.990524
1.997851
2.003364
1.994446
2.014262
2.020911
2.010178
2.000132
1.989887
2.016024
2.002622
2.003596
1.989936
1.994900
1.993942
1.979120
1.989821
1.993270
1.993500
1.997316
2.006385
1.985270
1.994166
2.009144
2.001880
2.000825
2.003237
1.993730
2.007240
2.018353
1.993497
2.000072
1.991611
1.960648
1.993051
1.990522
1.985143
1.998303
2.016912
2.019099
2.030291
2.019276
1.993867
1.990169
1.992198
1.988506
2.006420
2.016988
2.047426
1.998189
1.999708
2.001860
1.999026
2.015998
2.016536
2.026000
2.036468
2.012646
2.017372
2.017385
2.014639
2.036309
2.004097
2.006710
2.005802
2.009093
2.016530
2.018540
2.027791
1.990326
2.003942
1.999541
1.992482
1.979618
2.000724
1.997963
2.001664
1.987024
1.997659
2.000266
1.979223
2.001128
1.987374
1.993565
2.004682
2.001999
