1.992424
1.980787
1.975533
1.991731
2.008462
1.998982
1.986574
1.984996
2.017532
2.015529
2.007546
2.017021
1.991209
1.991020
2.002230
2.029282
1.984163
1.987077
2.007906
2.021213
1.999600
2.005242
2.009779
2.008493
1.999756
2.006179
1.993816
2.016697
2.008410
2.012315
1.991336
1.979402
2.016288
2.006696
2.034626
2.012678
2.008118
2.008599
2.015361
2.008491
1.993601
1.996586
2.014289
1.994883
1.997461
1.999225
2.022391
2.031043
1.987235
1.995500
1.994481
2.015998
2.009868
1.998638
1.986008
1.992805
2.008553
2.006346
1.998955
1.978195
2.011838
2.014867
2.060187
2.046365
2.007780
2.009579
2.013699
2.024974
1.997463
2.001188
2.030432
2.032678
1.997699
2.009199
1.987868
2.000269
2.006625
2.010101
2.006997
2.020394
1.999524
2.012456
2.006422
2.009813
1.998813
1.976313
1.954847
1.964104
2.007766
2.021764
1.993708
2.014291
2.005598
2.012200
2.014369
2.003797
2.004820
2.000905
2.009259
1.993649
2.003983
1.990604
1.989730
2.000529
2.006609
2.008408
2.016014
2.036242
1.997936
1.995666
1.992325
1.993753
2.001152
2.008107
2.011651
1.986632
2.002504
1.983458
1.971074
1.983376
1.997264
1.984142
1.965667
1.991483
2.007155
2.010084
2.021925
2.022535
1.987862
1.970181
1.968417
2.007912
2.000773
2.005380
2.009558
2.020151
2.002201
2.005328
2.000503
2.027964
1.983473
1.980212
1.955395
1.968749
1.993010
1.989467
2.021359
1.994960
2.005512
2.011115
1.994565
2.007198
1.999702
1.980773
1.964006
1.981469
2.005874
2.007845
2.026328
2.021709
1.981057
1.976869
1.958133
1.970043
2.003079
1.996304
1.956654
1.975273
1.990744
1.993193
1.993912
2.008399
1.992228
1.986047
1.994649
2.003541
2.002346
1.994634
2.026219
2.003860
2.011529
2.000837
2.016110
2.024891
2.000457
1.998933
1.980112
1.961701
2.000833
1.996997
2.003513
1.991135
1.982694
1.990163
1.992007
1.985365
2.015031
2.016729
2.024396
2.017942
1.997371
2.015514
2.039124
2.025939
2.006568
1.996568
2.038495
2.024137
2.012836
2.000981
2.005188
2.004449
1.999467
2.002391
1.998953
1.986596
1.999316
1.998433
2.017124
2.056426
1.978664
1.976467
1.959146
1.968275
2.008052
2.013885
2.035310
2.033463
2.007691
2.020631
2.014055
1.995968
2.011106
2.014010
2.020266
1.999354
1.998318
1.998006
1.987611
2.000883
1.996854
2.010088
2.005746
2.002275
2.006511
2.017808
2.008324
1.985893
1.995596
1.995307
1.982552
1.991947
1.993832
1.994188
1.988754
2.005609
2.008461
2.008579
2.016606
1.992757
1.999236
1.995071
1.992504
2.016783
1.993159
1.989240
1.981865
1.958571
2.000054
2.001570
2.030172
2.022797
1.986445
2.004223
1.987692
2.019653
2.004750
1.997829
1.996775
2.000299
2.002936
2.013592
2.027407
2.007555
2.001772
2.004074
1.986660
1.997133
2.004839
2.000752
1.996213
1.998733
1.999429
1.994654
2.011165
1.988617
1.989923
1.980288
2.006884
2.008316
1.999850
2.019117
2.027174
2.021590
2.000876
2.000382
1.985318
1.980235
1.994727
1.980268
1.963880
1.961980
1.992251
1.985902
1.976082
1.996394
1.999745
1.990243
2.013193
2.006789
1.992690
1.995314
1.999865
1.970869
2.002472
2.003288
2.005121
1.990306
2.005894
2.006562
2.006073
2.034950
1.979126
1.985024
1.996185
1.996493
1.996353
1.999280
1.994063
1.993982
2.008806
2.012431
2.015060
2.020050
1.994653
1.996974
2.038790
2.037972
1.988977
1.972148
2.003716
2.013493
1.983319
1.980460
1.959768
1.991417
2.003913
2.006168
2.005132
1.984430
1.992370
1.994453
1.987594
2.011063
2.000014
1.999546
1.969063
1.979293
2.003155
2.003088
1.997619
2.009782
2.004458
2.002594
1.985043
1.987220
2.000836
1.988405
1.983168
1.980607
1.999869
2.008142
2.023122
2.012765
1.997168
2.001520
2.004595
2.018190
1.986672
1.995655
1.971827
1.989091
2.007684
2.002525
1.995749
1.998510
2.005231
1.997114
2.010437
1.995378
2.005447
2.008496
2.030315
2.033512
2.006501
2.024864
2.022693
2.012669
1.992151
1.993268
1.976983
1.998352
1.996122
1.982983
1.925434
1.972130
2.000028
2.010326
1.996617
1.991190
1.983365
1.991571
1.974299
1.971245
2.023701
2.023287
1.999067
1.978386
2.012089
2.004449
1.993021
2.000603
1.983617
1.992636
1.982596
2.003148
2.003510
1.997902
1.997141
1.984969
2.015465
2.015709
2.018722
1.994538
1.995831
1.988880
1.966344
2.012380
1.999563
1.994114
1.961590
1.992536
1.995079
1.992994
1.994084
1.965272
2.004466
1.994006
2.000438
2.000845
2.001688
1.993568
2.014698
2.001431
2.010329
2.007168
2.004126
1.984086
1.994254
2.004497
2.012237
2.011388
2.004866
2.010037
2.017702
1.979255
2.004576
2.020589
2.037717
2.023878
1.994107
1.977489
1.985510
2.006227
1.984890
1.982354
1.975222
1.982122
2.005937
2.007772
2.006348
1.985152
2.010916
2.004576
2.020017
2.015446
1.994401
1.992898
1.990971
2.015174
1.976906
1.982396
1.968131
1.994045
2.007697
2.013821
1.989719
2.003438
1.993475
1.983889
1.989944
1.993819
1.989023
2.002944
1.998153
1.996573
1.997356
1.992265
1.999257
2.019475
1.999054
1.983204
1.978553
1.979429
2.002720
1.989672
1.992696
1.998306
2.002993
1.992223
1.979783
1.980133
1.987866
1.988929
1.983146
1.972977
1.998007
1.993443
1.980211
1.974812
2.008231
2.017245
2.000354
2.022318
1.989429
1.981888
1.969500
1.984354
2.000529
2.003529
2.007792
2.000265
2.001998
2.009200
1.988906
1.995155
2.006282
2.024288
2.049858
2.017809
2.001234
1.998161
1.994341
1.982501
1.994067
1.992243
1.984522
1.968120
1.990102
2.002416
2.002335
1.985896
1.993370
1.997576
2.009880
1.988908
1.998399
1.994505
2.009791
1.980461
1.998709
2.001131
1.989329
1.983086
1.988673
1.990485
2.008572
2.035067
2.004254
1.993416
2.005399
2.004642
2.017926
2.020794
2.033340
2.021150
1.987283
1.983275
1.961865
1.962435
1.999549
2.004124
1.993209
1.984646
2.009407
2.009785
1.987374
2.008241
2.001771
2.002605
2.001061
1.990833
2.016800
2.016810
2.011942
2.035423
2.002521
2.018301
2.023178
2.012373
1.994294
1.980339
1.978689
1.984918
2.011355
2.009304
2.054622
2.020328
2.007570
2.009149
2.033500
2.008082
1.997950
2.000570
1.978882
2.000196
1.991909
1.992167
2.017451
2.011384
2.011131
2.004776
1.999047
2.001205
1.987467
1.995447
1.998586
1.991585
2.008847
2.009699
2.017865
2.008340
1.999484
2.004929
1.994683
2.003110
2.005452
2.009895
2.000217
1.989262
1.992002
1.996374
1.990998
2.006395
2.001169
1.989585
1.979564
1.996057
2.015646
2.027328
2.037458
2.045307
1.995637
1.995885
2.003020
2.004578
1.986260
1.964167
1.963157
1.991518
2.007968
2.010116
2.009394
2.031442
1.998485
1.980969
1.956568
1.957194
2.013941
2.007233
2.037106
1.997604
1.997702
2.000109
2.001107
2.004365
1.990605
1.981090
2.030781
2.025614
1.997172
2.003293
1.992521
2.004044
1.997820
2.002663
2.003134
2.013788
2.005669
2.010283
1.998969
1.954452
2.011765
2.011315
2.018075
2.036603
1.989843
1.995176
2.010334
2.037289
1.999399
1.997136
2.003583
2.008533
1.999017
2.007540
2.031053
2.005599
2.002480
1.995530
2.005830
2.000943
1.989630
1.993256
2.020526
2.015644
1.992505
1.989770
2.001737
1.985078
1.998026
1.986730
2.005258
2.028667
1.998088
1.993177
1.987675
1.955587
1.989900
1.987885
1.972544
1.973073
2.008132
2.019072
2.010184
2.009914
2.005161
1.988122
1.973859
1.985866
2.002370
2.001811
1.986737
1.974441
2.012447
2.005779
2.023662
2.004234
1.994599
1.981356
1.963713
2.003676
1.990416
1.992675
1.990471
1.999422
1.984906
1.988669
1.979611
1.961553
2.005455
2.009237
2.008054
2.001959
2.001183
2.009152
2.015947
1.988047
1.988723
2.003017
2.011246
2.014388
1.993992
1.999578
2.002254
1.997287
1.997436
1.983914
1.991091
2.004625
2.005695
2.005207
2.009508
1.994460
1.986779
1.996656
1.977540
1.986161
1.982739
1.977492
1.949301
1.958448
2.011352
2.027439
2.029744
2.042650
1.993679
2.009238
2.023270
2.004867
1.999395
1.993793
2.009348
2.009463
2.003256
2.002997
2.018849
2.005068
1.995148
2.003790
2.024658
2.021428
2.005236
2.006859
1.975389
2.019163
2.003925
1.994119
1.987808
1.998320
1.994391
2.000575
2.003640
2.017989
2.010069
2.003833
2.015653
2.024773
1.981409
1.972822
1.956007
1.957325
1.996154
1.992040
2.007920
2.030941
1.995189
1.992526
1.955619
1.943117
1.984147
1.995578
2.006480
1.983518
2.004711
2.010687
2.022237
1.989880
2.011565
2.015572
2.027781
2.035208
1.996650
2.002917
2.028505
2.021747
1.995819
1.988608
1.968682
1.992157
1.997369
1.988456
2.020668
2.010684
1.997311
1.997533
2.007886
2.012930
1.994981
1.990613
1.987767
1.991409
2.001351
1.992717
1.996585
2.011395
1.997169
1.986347
1.976541
1.980993
2.005405
2.007972
1.987291
1.997799
1.994738
2.000237
2.003564
2.036869
1.996608
2.007663
2.019856
1.994447
2.014899
2.017608
2.023606
2.022789
2.005673
2.005939
2.005274
2.003452
1.987686
1.986086
1.990160
1.973967
1.997326
1.996235
1.960286
1.983746
1.986692
1.985506
1.970621
1.973567
1.994190
2.001153
2.003214
2.006465
2.000186
1.998234
2.001517
1.975267
1.996860
1.994992
1.995142
1.963356
1.999583
1.989182
1.982330
1.989780
1.991610
1.987752
1.988508
1.990911
2.006462
2.006579
2.000313
1.996066
1.997881
2.002333
2.002537
2.019794
1.999859
1.989955
1.992348
1.976288
1.998394
2.006595
2.003933
1.983889
1.995193
2.007330
2.026029
2.040084
2.003885
2.013820
2.059093
2.046585
1.997790
2.000533
2.007061
1.992977
1.984951
1.995339
1.993820
1.971237
2.010917
2.009181
2.004288
2.007344
1.996483
1.995128
2.009331
2.008659
1.990491
1.983409
1.992568
1.951293
1.986300
1.983574
1.979288
1.988954
1.989145
1.991454
1.990695
2.014075
1.993630
1.999326
1.965899
1.961339
2.009115
2.013094
2.007291
1.998166
2.008049
1.998551
2.015973
1.994725
2.000538
2.010420
2.015270
1.995011
2.023242
2.017280
1.994695
1.981445
2.004092
2.002361
2.023138
2.042921
1.988649
1.977416
1.951381
1.953798
1.979763
1.982066
1.988910
1.972157
2.002656
1.998560
1.989147
2.006143
1.996468
2.001069
2.015817
1.980155
2.012193
2.008039
2.010063
1.982776
2.000281
2.003909
2.009373
2.011603
1.992156
1.994474
1.986392
1.989574
2.001006
2.001257
1.996535
2.018059
2.005007
2.002000
1.996770
1.982356
2.010617
2.005642
2.001073
1.988577
2.019235
2.008197
2.022574
2.010839
1.990955
1.996401
1.999389
1.987570
2.008390
2.024668
2.043394
2.011395
2.008841
2.014583
2.013997
2.008420
2.003699
2.007808
2.017501
2.021093
1.994139
1.984651
1.988660
1.998342
2.014741
2.021986
2.026563
1.988752
2.007268
1.999669
2.029966
2.006281
2.001618
2.008512
2.008827
1.985383
1.990087
1.996569
1.992865
1.993393
1.996317
1.994290
2.001273
2.027880
2.016101
2.014732
2.015619
2.024787
1.991143
2.003501
1.986108
1.985153
1.994377
2.000842
1.988616
1.981308
1.992983
2.000518
1.998104
1.986423
1.998801
2.006080
2.044145
2.010529
2.007515
2.015681
2.008923
1.996424
2.011239
2.014444
2.039321
2.030913
1.989655
1.991257
1.988783
1.943319
2.005969
2.002741
1.998511
2.001673
2.007732
2.010313
2.035012
2.041119
2.002052
1.997172
2.018736
1.993687
1.985361
1.992663
2.011625
2.032294
2.013431
2.006811
2.016639
1.968723
2.006660
2.007285
2.038597
2.031877
1.995559
2.003713
2.011219
1.992216
2.002658
2.000278
2.002837
1.998017
1.989754
1.997363
1.998774
1.990080
2.000843
2.017044
2.039590
1.986828
1.991683
1.984396
1.998635
2.025928
2.006152
2.010861
1.999137
1.999554
2.011514
2.015870
2.015423
2.007887
2.003601
2.005943
2.010755
2.011130
1.994435
1.980770
1.991717
1.985202
2.002209
1.996277
1.995520
1.993874
2.007080
1.997059
2.006872
1.980764
2.003182
2.006600
2.002164
2.006133
2.001406
2.005935
2.011649
2.016099
2.000243
2.009090
2.029789
2.023070
1.987315
1.981836
1.972784
1.971130
1.992074
1.985140
1.979661
1.984786
1.997508
1.997877
1.977925
1.954538
2.008570
2.009315
2.000223
2.016448
2.003079
1.995470
1.989098
1.979778
2.017390
2.016922
2.007821
2.023483
1.989095
1.984645
1.985052
1.979872
1.986171
1.982885
1.994285
1.992035
1.986622
2.021078
2.021526
2.004219
1.989687
1.983111
2.008508
2.013984
1.997750
1.992769
1.960566
1.970734
2.014415
2.023442
2.021372
2.019931
1.983775
1.983384
2.006534
2.002011
2.006961
2.007257
2.001570
1.972676
2.020573
2.020232
2.045518
2.000240
2.001395
1.994346
1.984889
1.973382
1.995339
1.997599
1.995714
1.978527
2.000915
1.998925
1.992000
1.984128
2.001463
1.995493
2.036253
2.039898
1.985463
1.984148
1.958029
1.952505
2.010758
2.009476
2.010434
1.981822
2.008470
2.014067
1.989475
1.973889
2.009105
2.023051
2.027274
2.023773
2.006837
2.002035
2.037981
2.017592
2.003061
2.008004
2.032439
1.998049
2.005176
2.003907
2.005019
1.997274
1.998495
2.004033
2.007510
2.006471
1.987339
1.981050
1.993746
2.022713
1.998781
1.994080
1.980707
2.005266
2.009625
2.011534
1.981160
1.975355
1.997225
1.986442
2.001312
1.984042
1.996421
1.997884
2.022433
2.000377
1.989205
1.985445
2.006577
2.007349
2.006260
2.019642
2.041002
2.040891
2.000221
1.996112
1.973863
1.976782
2.015495
2.013793
1.985924
2.008576
2.022604
2.025283
2.039986
2.025092
1.991883
1.992348
1.981680
1.986236
2.001413
2.000176
1.979794
1.978483
2.011438
1.988267
1.964489
1.986223
2.005953
1.996463
1.990769
1.990283
2.005179
2.010467
2.046699
2.058650
1.997876
1.996191
2.011871
2.017096
1.996097
2.005937
2.012221
1.988214
1.984459
1.993792
2.020779
2.008287
1.996713
2.004091
1.987665
2.006415
1.992552
1.990022
1.971167
1.958748
1.995903
1.986275
2.000590
1.980559
2.004586
1.997456
1.960249
1.966996
1.990457
1.995901
2.002904
2.017033
2.001114
2.005766
1.976894
1.989465
2.013993
2.020270
2.017628
1.978935
1.989857
1.984821
1.979172
1.990552
1.998215
1.994014
2.007171
1.998356
2.013526
2.003180
2.019566
1.975168
1.993096
1.994324
2.008801
2.020957
1.993760
1.995836
2.008213
2.015728
1.991051
2.001531
2.042034
2.050557
2.011627
2.010063
2.011139
2.016793
2.007911
2.015373
2.013688
2.013642
1.999903
1.999551
2.035021
2.036952
1.988986
1.976751
1.958491
1.970022
2.003936
1.997564
1.971320
1.987601
2.005166
2.009879
1.993202
1.987975
1.983968
1.988811
1.991325
1.995863
2.009471
2.001304
1.995700
2.002129
1.990054
1.982507
1.993748
2.020056
1.996197
1.984480
1.992764
1.998475
1.997323
1.992654
1.994453
1.975376
1.997620
2.000504
1.969440
1.966158
1.991911
1.989082
1.996789
2.004235
1.997735
2.001241
1.996755
1.978205
2.001556
1.992283
2.001641
2.003704
2.013551
2.018144
2.039386
2.041588
2.004095
2.007646
1.990835
1.989267
2.004728
2.000438
1.993939
1.994670
1.992507
1.997756
2.000302
1.988128
2.001071
2.005072
1.996919
2.017915
2.001985
2.019478
2.014487
2.003383
1.981814
1.985216
1.976862
1.994552
1.992978
2.005789
2.026336
2.020613
1.979444
1.975222
1.990735
2.002991
2.008858
1.997969
1.982287
2.003907
1.991609
1.989937
1.985915
1.981773
1.989100
1.981186
1.994889
2.007455
1.994701
1.991098
1.980673
1.976295
1.991732
1.985436
1.987176
1.984343
2.000868
2.013164
2.014695
2.016281
1.998453
2.003026
1.994360
2.007057
1.997753
1.999336
2.016709
2.016154
2.010136
2.022527
2.046185
2.040078
1.995379
1.997227
2.020338
2.014513
1.994400
1.989689
1.973820
1.981534
1.990083
1.994632
1.997501
2.005896
