1.998683
2.004229
1.983864
1.985360
2.008082
2.009495
2.006762
2.010036
2.001396
2.000402
2.000039
1.998533
2.000197
2.003977
1.995469
2.019981
2.005029
2.007301
1.987508
1.986400
1.984796
1.985248
1.980907
1.988848
1.994522
1.994250
1.958187
1.972755
2.007545
2.014180
2.017771
2.024419
2.007771
1.998076
1.983658
2.005614
2.002069
1.993558
2.006260
2.020771
1.988393
1.982307
1.997320
2.004497
1.994846
1.999843
1.970200
1.964171
2.002350
1.994746
1.959419
1.943923
2.000194
2.012432
2.015588
2.016402
2.001095
1.992056
1.984357
2.006710
1.997782
1.999171
2.013741
2.007873
2.013063
2.017969
1.998680
1.996986
2.019989
2.009916
2.016826
2.006023
1.996466
1.992949
1.977594
1.985951
2.005185
2.017448
2.003279
1.992049
1.996907
2.000336
2.007630
1.996869
1.988250
1.974729
1.981006
1.971341
1.995918
1.995167
1.975091
1.987421
2.002982
2.012629
2.050399
2.023985
1.991899
1.994118
1.993665
2.009384
1.998539
2.006091
2.026397
2.019508
2.018802
2.011315
2.002590
2.002442
2.007568
2.014935
2.039574
2.069891
1.988317
1.983920
1.977555
1.958540
1.985381
1.983825
1.988694
1.997631
1.999075
2.000686
2.011282
2.006433
1.989542
1.979815
1.993583
1.987267
2.007708
2.003505
1.973723
1.982440
1.993926
1.990023
1.973501
2.007376
2.004102
2.011210
2.029953
2.002735
2.003089
2.012379
2.001869
2.009213
1.989544
1.994670
1.974789
1.992487
1.993436
1.992360
1.972815
2.002411
2.013390
2.022489
2.000543
2.013000
1.996564
2.007759
2.008846
2.020744
2.001966
1.995469
2.009234
1.995351
2.021618
2.029110
2.035679
2.041707
2.013281
2.014115
2.006912
2.026948
2.011695
2.012237
2.035442
2.034623
2.004208
2.008512
2.008953
1.970447
1.988065
1.976674
1.974839
1.977520
1.991421
1.980312
1.953352
1.988788
1.980410
1.985632
1.962055
1.982739
1.986654
1.988583
1.992647
1.989016
1.994105
1.990274
1.974935
1.998783
1.999753
1.997081
2.004826
2.026828
2.004938
2.015414
1.998612
2.014422
1.993487
1.977779
1.952689
1.964407
2.001669
2.008177
2.036789
2.041904
2.008218
2.005051
2.027901
2.028378
2.001795
2.006552
2.009706
1.995867
1.999740
2.003467
2.022691
1.999209
2.001092
2.009322
2.025228
2.000425
1.991510
1.998584
1.998720
1.990823
1.983400
1.980206
1.992259
2.001975
2.006229
2.000374
1.994140
1.975602
1.976087
1.969390
1.965258
1.997832
2.004810
2.001385
2.007545
2.008184
1.993706
1.991334
2.000075
1.980458
2.001747
2.012969
2.033631
2.029128
2.012291
2.009459
1.984150
1.978384
2.000616
2.012198
2.014674
2.017785
2.003086
2.007354
2.043795
2.012087
1.997744
2.007114
2.035758
2.029542
2.002964
1.996151
2.013224
2.010406
1.995245
1.999741
1.990136
2.018214
2.001700
2.000351
2.026843
2.009364
1.997291
1.995397
1.970090
1.985586
1.999890
1.993557
2.008985
1.995049
1.996538
1.994348
1.981841
1.979492
2.010796
1.994788
1.989340
2.018061
2.005991
2.013074
2.028597
2.008267
1.992215
1.996561
2.003389
2.028126
1.990005
1.995683
2.011819
2.031273
1.993497
2.000855
1.978076
1.996051
1.996268
2.003098
2.030656
2.016177
1.985694
1.977529
2.008269
2.001202
1.983798
1.982919
1.996778
1.999068
1.988369
1.994099
1.986606
1.998634
2.007815
2.013876
2.012391
1.986648
2.007594
2.002259
1.986996
1.985171
1.989667
1.979677
1.984800
1.990480
2.003882
2.006158
2.023966
2.009876
1.995787
1.992042
2.002133
1.987813
1.989009
1.982729
1.979625
1.985745
2.009782
2.012601
2.029333
2.016324
1.991196
1.990728
2.020015
2.020559
1.993130
1.986030
1.959357
1.955738
1.996639
2.009407
2.005118
2.003605
1.994647
1.992018
2.005477
1.987108
2.018095
2.009101
1.993311
1.969948
1.996949
1.997213
1.969439
1.990504
1.988189
1.992828
2.007148
2.006274
2.005503
2.013847
2.018194
1.966656
2.012634
1.997942
1.989018
1.968462
2.009086
2.001002
2.007621
2.026770
2.020880
2.013109
2.025765
2.027259
2.007498
2.011836
2.034191
2.031062
2.014874
2.026852
2.023869
1.991647
2.002730
2.011462
2.031110
2.034947
2.007912
2.012555
1.976297
1.982201
1.997822
1.994676
2.017658
2.005946
1.984519
1.975278
1.998409
1.996315
1.996742
1.992948
1.989358
2.005901
1.993752
1.994252
1.983536
1.990286
2.002163
1.995663
1.958884
1.975670
2.013729
2.016373
2.022102
1.993233
1.986125
1.977867
1.989930
1.976898
1.994793
1.995788
1.999850
1.972627
1.995331
2.006804
2.001109
1.999885
1.996333
1.996282
1.997502
1.981664
1.983802
1.983477
1.993940
1.993106
2.010774
2.023652
2.016473
1.986391
1.993251
1.983918
1.983080
2.031142
2.008315
2.013443
2.012517
1.995704
1.995561
1.999816
2.008861
1.996989
1.985220
1.992394
2.007155
2.013877
2.005193
1.994380
2.002617
1.995562
1.995947
1.984675
1.957524
1.990453
2.013931
2.018164
2.034059
2.007024
1.989600
1.991866
1.989070
1.960190
1.996628
1.992887
2.034662
2.023843
1.997087
2.005105
1.996299
1.984965
2.010705
2.027978
2.024075
2.030721
1.996226
2.004636
1.998450
1.998512
2.020821
2.031557
2.036339
2.023162
1.993821
1.996897
1.972434
1.965184
2.004339
1.998494
1.991473
1.989168
1.983348
1.975925
2.005583
2.028850
2.013099
2.014672
2.025234
2.020001
2.004957
2.008165
2.010337
2.011499
2.005355
2.006220
1.988181
1.980091
1.998094
1.990095
1.991519
2.006579
1.999603
2.002718
1.984749
1.996716
2.003550
2.005080
1.977145
1.965374
2.012788
2.012884
1.973322
1.951396
2.006691
2.005757
2.017357
2.027235
1.997056
2.015111
2.014243
2.015900
1.998696
2.018721
2.030598
2.038741
2.004780
2.002668
2.006609
1.994548
1.998518
1.999670
1.953852
1.972575
1.994073
1.992980
1.989339
1.998701
1.989005
1.991149
1.990018
1.998999
2.011247
2.013828
2.020848
1.972468
2.014065
2.012692
1.997617
1.994969
2.009462
2.009755
2.042222
2.059908
2.014023
2.003363
1.980144
1.974417
2.002130
1.998782
2.006639
2.013021
1.991405
2.001350
2.033836
2.031449
2.004561
2.002198
1.977634
1.983412
2.003444
1.992062
2.006073
2.026391
1.999359
1.997458
2.004349
2.003036
1.992834
1.999393
2.002420
2.018530
2.009325
1.994534
2.001532
2.012394
1.976085
1.973432
1.977281
1.980245
1.991716
1.990282
1.997850
1.989652
2.003436
2.024169
2.051294
2.026309
1.994194
1.992922
1.992903
1.994581
2.021061
2.022241
2.025434
2.011566
2.018363
2.012768
2.021412
2.011225
1.999700
1.982645
1.978222
1.993120
2.004233
2.018529
2.012561
1.997294
1.997130
1.987346
1.985522
2.015375
1.998531
2.004889
1.974966
1.988645
2.001903
2.001272
2.023234
2.027526
1.995697
1.989515
2.009854
1.995893
2.002894
1.994336
1.965954
1.970923
2.008747
2.007008
2.014728
1.986583
1.991150
2.002293
2.013719
2.001643
1.988719
1.992555
2.000477
2.011000
2.013753
2.005167
1.988250
1.986197
2.022109
2.024749
2.026737
2.017418
1.981225
1.972545
1.976223
1.980555
1.996219
1.995679
1.961991
1.966337
2.000617
1.999456
2.018919
2.010875
2.006417
2.013323
2.006543
1.997601
1.999167
2.008410
2.005314
2.017701
2.013505
2.015965
2.045965
2.040380
2.017488
2.014387
2.002685
2.014238
1.986673
1.993276
2.005120
2.021346
2.003950
2.004008
2.002632
2.021126
1.989373
1.973159
1.964851
1.955888
1.998573
2.005585
2.023130
2.033739
2.003938
2.012624
2.002379
1.985813
1.999798
1.996055
1.991518
1.999953
1.998477
2.018076
2.029250
2.023549
1.981180
1.998452
2.014213
2.012067
2.005622
2.000319
2.013574
2.023701
1.998577
1.992125
1.986596
1.976846
2.002471
1.991684
1.979468
1.977923
2.005670
2.013625
2.011276
1.991984
1.989528
1.985091
1.931460
1.957086
1.996252
1.999589
2.014675
2.008148
1.999796
1.998505
2.005731
2.007768
2.000361
1.998739
2.001223
2.010875
2.016141
2.015354
2.012025
2.007768
1.989771
1.999124
2.004427
2.001369
2.000793
2.000264
2.004020
1.988519
2.001617
2.000536
1.969101
2.003922
2.009600
2.003429
2.029086
2.033149
1.994793
1.988241
1.968845
1.963023
1.993910
1.987438
1.950210
1.958114
1.990216
2.003054
1.981731
1.959797
1.989445
1.990592
1.980687
2.006163
1.985658
1.981265
1.979881
1.992038
1.998570
1.999965
1.997245
2.004594
1.982673
1.979298
1.966389
1.990046
2.003886
1.993018
1.985690
2.008814
1.994666
2.002896
2.011052
1.997869
1.989717
1.985075
1.970120
1.981981
2.000055
1.996885
1.995581
1.993823
2.010481
2.002494
2.012894
2.009922
2.000099
2.008393
1.992825
1.953060
1.995104
1.998837
2.002215
1.990014
1.988683
1.988899
2.006422
2.023688
2.009130
1.996515
1.984495
2.014962
1.997311
2.001823
2.023956
2.030426
1.987125
1.987322
1.988034
1.980898
2.007407
2.010050
2.028060
1.985071
2.006739
2.002694
2.021266
2.005903
2.003180
1.994902
2.010427
2.020285
1.995299
2.003953
1.976551
2.006851
2.006819
2.011441
2.035096
2.023979
1.999953
1.986151
1.975730
1.972562
2.005602
2.007805
2.015475
2.006941
2.006200
2.015970
2.037385
1.997592
1.993498
2.003207
2.025339
2.033155
1.990665
1.991920
2.000882
1.994298
2.006954
2.002055
1.972860
1.953244
2.001112
1.995007
1.987128
1.982619
2.013129
2.014586
2.023858
1.979008
1.998934
1.991668
2.013659
2.001021
1.986523
1.994222
2.000702
2.021358
2.006939
1.999487
1.999639
2.014638
2.000226
2.006482
1.998964
2.005261
1.990035
1.978981
1.972597
1.998734
2.008184
2.015536
1.982447
2.013810
1.990355
2.004261
2.015584
1.999046
1.985166
1.984007
1.992370
2.000302
2.000963
2.017505
1.995297
1.995064
1.998789
2.002059
2.007645
2.007730
2.010470
2.017957
2.030318
2.024120
2.002499
1.990154
1.997391
2.017785
1.990505
1.994481
1.993072
1.965231
2.004520
2.020882
2.027745
1.994036
1.999725
2.002551
2.019243
2.008090
2.006303
1.998427
1.977428
1.996410
1.991174
1.983104
1.945246
1.964160
2.005543
1.998843
1.950123
1.993376
2.014364
2.013334
2.027979
2.029822
2.010861
2.013015
2.056411
2.045680
2.014655
2.029103
2.037501
2.024116
2.004287
1.996135
1.992102
1.983937
1.987987
1.999618
2.020879
2.004464
1.992175
1.982418
1.978618
2.002012
2.000447
2.010940
2.010799
2.009401
1.999465
2.001735
1.991010
1.998531
1.992153
1.977011
1.980886
1.986075
2.002624
2.001283
1.996412
1.972365
2.003456
1.989647
1.981762
1.976429
2.003509
1.994470
2.001342
2.011098
1.997170
1.994351
1.997151
1.982521
2.004714
2.008235
2.023277
2.023487
1.980882
1.985782
1.974894
1.978214
1.999507
2.000342
2.020376
2.002736
2.001475
1.990637
1.980960
2.004542
2.009526
2.016847
2.015161
1.994801
2.000747
2.008570
2.033639
2.020749
1.997582
1.995154
1.999182
2.002847
1.993493
1.993005
1.990172
1.990005
1.985635
1.986082
1.964928
1.971629
1.991880
1.994874
2.015820
1.992647
2.000236
2.005357
2.027866
2.004900
2.003963
2.009192
2.014452
2.021760
2.002381
2.003710
1.995671
1.986592
1.985738
1.978995
1.955407
1.974550
1.995378
2.012705
2.022672
2.015261
2.001552
1.993794
1.988666
1.972889
1.996071
2.006676
2.002963
2.031696
1.987311
1.991135
2.017222
1.990231
2.011603
2.001334
2.016162
2.028375
1.987315
1.995040
1.951983
1.977634
1.995580
1.999362
1.990521
1.979302
1.985779
1.994340
2.002797
2.023777
2.005359
1.996676
1.969359
1.996831
1.995533
2.014116
2.037978
2.022572
2.001870
2.003400
2.018815
2.039936
1.988376
1.978935
1.961862
1.983165
1.992205
1.993405
1.992843
1.973326
2.002237
1.997732
2.009459
1.991696
1.978327
1.980345
1.962265
1.959992
2.003047
2.010960
1.991234
2.004182
2.003023
2.020929
2.028612
2.035503
2.006518
2.013128
2.006315
1.987234
1.996427
1.994805
1.975512
1.987533
1.999727
2.012473
2.001897
1.990839
1.980519
1.997406
2.002630
1.972090
1.994978
1.984270
1.988775
2.009291
1.994334
1.984898
1.959729
1.985510
2.015134
2.008656
2.033333
2.030440
2.005100
2.003128
1.995303
2.014300
1.991833
1.987096
2.001275
2.030378
1.992484
2.004262
1.984952
1.968734
1.987720
1.992903
1.983215
1.996167
1.997195
2.003431
2.017387
1.985744
1.999313
2.010406
2.024115
2.009452
2.008262
2.002561
1.976453
1.982511
2.007005
1.997152
2.017654
1.989565
2.011904
2.015220
2.014394
1.992854
1.997507
1.997247
1.987806
1.975089
2.000417
2.014793
2.016920
2.015706
1.987917
1.992448
1.956263
1.974620
1.996131
1.995289
2.026507
2.035079
2.014188
2.016967
2.029782
2.038609
1.989978
2.002409
2.027141
1.997599
1.993111
1.995620
1.992259
1.970172
1.987921
1.980982
1.986377
1.981528
2.018760
2.016338
2.023938
2.015708
1.982942
1.991179
1.975508
1.980483
1.997665
2.000527
2.009021
2.017624
2.001501
2.005428
2.007949
2.017042
1.989509
1.994422
1.988231
1.988885
2.004080
2.004450
2.001980
1.968398
2.018161
2.024181
2.020353
2.025453
1.999920
2.009140
2.016587
1.999292
1.993733
1.997103
1.982532
1.999636
1.997495
2.009359
2.018362
1.987984
2.007719
1.995839
1.981927
1.994766
2.001627
2.012794
2.023944
1.990986
1.999353
2.006578
2.023298
2.009758
1.995626
2.001837
2.014614
2.030896
2.012183
2.018870
2.012916
2.009582
1.995857
2.002775
2.011387
2.012438
2.001834
1.999596
2.009867
1.989717
2.003601
2.015034
2.014592
2.016822
2.002894
2.009011
2.033482
2.026719
2.004851
2.004872
2.001295
1.986733
1.987070
1.972724
1.975523
1.997190
1.996320
2.004294
1.990868
2.016859
1.999833
2.013006
2.001736
2.005228
1.983810
1.990557
1.971307
1.964422
2.010256
2.019021
2.008879
2.002584
2.009930
2.025834
2.039764
2.020758
2.006648
2.010760
2.002535
2.005342
2.006588
1.990160
1.967383
1.976013
2.015077
2.015914
2.012446
1.995925
1.984103
1.977478
1.960346
1.976277
1.993179
1.985370
1.959926
1.974931
1.975571
1.991832
1.957389
1.965477
2.007067
2.010332
1.987599
2.007237
1.998310
1.989790
2.007607
2.002969
2.012696
2.015041
2.017941
1.997541
2.008449
2.005089
2.022910
1.994101
1.998029
1.986112
1.981178
2.000615
2.017078
2.019648
2.051220
2.021993
1.994845
1.977523
1.987125
2.007056
1.996553
1.992011
1.947896
1.963050
2.007258
2.012012
2.023411
2.046553
2.006676
2.012701
2.014090
2.000569
1.997427
2.002589
2.009801
2.001172
1.977927
1.983931
1.976249
1.994468
2.016052
2.010195
2.011315
2.006099
2.015400
2.009197
2.019409
2.021716
1.995775
1.996579
2.002208
2.010514
2.002802
2.006850
2.027388
2.010091
1.996106
1.981222
1.976205
1.977532
2.003252
1.999830
2.013908
1.994745
2.001724
2.004656
2.022010
2.000739
1.999427
1.987968
1.976118
1.999890
2.010150
2.015572
2.011521
1.983187
2.004960
2.017983
1.999774
2.022856
2.014643
2.021864
2.039961
2.015970
2.000767
2.007913
1.991407
2.000492
1.997663
2.009199
2.003975
2.006931
1.995198
2.001616
1.997224
1.990472
1.999774
1.998510
1.989962
1.981647
1.993614
2.004210
2.027817
2.007026
2.018438
2.021264
2.040266
2.021119
2.012943
2.010315
2.038576
2.029409
1.999441
1.985959
1.990044
2.012216
1.997987
2.001654
1.980709
1.984078
2.014777
2.016387
2.028374
2.028532
1.993661
2.004206
1.980884
1.970642
2.008849
2.014451
1.997471
1.993888
1.998280
1.993925
1.986127
1.993831
1.998953
2.003468
1.990538
1.978599
1.983383
1.978654
1.982475
2.014962
2.015058
2.016196
2.020495
2.019846
2.009884
2.023296
2.035421
2.047252
1.987916
1.996942
2.001270
2.014763
1.999514
1.988974
1.987118
1.994362
2.007950
2.004362
1.975060
2.007345
2.009616
2.023723
2.017762
2.000897
1.997721
2.001608
1.989220
2.001430
1.992539
1.983889
1.982495
1.966295
