1.999706
1.997758
2.004914
2.008954
1.982116
2.000210
2.004023
1.975550
2.007684
2.011943
2.051538
2.026446
2.003961
2.012410
2.031751
1.996211
1.985089
1.985209
1.984572
1.991233
1.997481
1.985851
2.004613
2.028630
1.988158
1.980181
1.996280
2.032412
1.993966
1.992474
1.955028
1.949948
2.009499
2.012660
2.016823
2.029304
2.007194
2.007879
2.024650
2.004519
1.998470
1.994723
1.975654
1.967585
2.008261
2.003203
1.978560
1.982955
2.003035
1.987144
1.989495
2.007315
2.004678
2.007973
2.015639
1.992996
1.999127
2.010664
2.024606
2.010363
2.004696
2.008584
2.007687
2.001762
1.988557
1.994837
1.957958
1.985318
1.977002
1.962317
1.964848
2.004726
1.980739
1.992016
1.982301
1.994602
1.997739
1.993748
2.007603
1.991536
2.005729
2.004966
2.009588
1.995127
1.988783
1.981070
1.984151
1.986148
1.995109
1.983687
2.002046
1.989296
2.002362
2.012703
2.025745
2.042840
2.011822
2.005208
2.017566
2.027192
1.999198
1.992816
2.009260
2.010407
1.990625
1.994210
1.989415
1.986555
1.995558
2.000574
2.026311
2.030357
1.988066
1.977094
1.976485
2.012039
2.025435
2.029543
2.032760
2.009747
1.994628
2.000143
2.003385
2.017338
1.994928
2.004330
2.007614
1.982032
2.007543
2.017366
2.007804
2.004426
2.009420
2.012968
2.012625
2.009010
2.014452
2.011448
2.015123
2.018808
1.985080
1.997365
2.005650
1.984444
2.011122
2.017227
2.016099
2.012185
1.997736
2.004654
2.001880
1.984529
1.984725
1.979730
1.950970
1.951070
2.000230
1.996349
2.016864
2.022796
1.996985
1.987830
2.020287
2.009486
2.005016
2.005366
2.010423
1.996683
2.007759
1.997016
2.014850
2.003280
2.007110
2.016860
2.003278
2.006998
2.004693
1.997655
2.015424
2.011805
2.005242
2.007586
1.986388
1.996815
2.013653
2.020116
2.010005
2.005622
1.999982
2.000393
1.987785
2.002038
2.004671
2.005755
2.028785
2.012444
2.001937
2.005487
2.019421
1.993518
1.988205
1.987090
1.992024
1.976144
1.982844
1.977635
1.956136
1.973687
1.992050
1.998639
1.988954
2.000948
2.005041
2.006920
2.022523
2.005965
2.002309
2.008004
2.015472
2.003641
1.996695
1.994972
1.994355
1.967516
2.015321
2.018490
2.018368
2.000913
1.996257
1.992262
1.999360
1.998282
2.004420
2.013354
2.019637
2.026178
2.007302
2.020497
2.020409
2.051999
1.999899
1.990249
1.991628
1.974498
1.995404
1.989862
1.939453
1.960072
1.997056
1.997159
2.019773
2.013970
2.000116
1.988827
1.971898
1.990351
2.000774
2.002911
2.024020
2.030784
1.985125
1.995835
1.992495
1.969542
2.014107
2.008969
2.011894
2.009908
1.999554
1.997493
1.995654
2.023106
1.994077
1.988432
1.988333
1.973738
1.983635
1.984356
1.975964
1.966935
1.988373
1.990841
1.990635
2.014694
2.004126
2.000985
2.004326
1.986279
2.001875
2.004402
1.997021
2.002931
2.020905
2.016180
2.023078
2.033403
1.997613
2.001596
1.995835
1.999839
2.023346
2.017621
1.994659
1.982504
2.012912
2.022683
2.041322
2.021570
2.012951
2.010968
2.050167
2.023408
1.987339
1.990388
2.011663
2.012338
2.008735
2.006436
1.988766
2.011855
1.996032
2.000129
2.015394
1.980333
1.991575
2.001839
2.019867
2.000817
1.996855
1.984825
1.982754
2.013929
1.993119
1.991250
2.004357
2.010836
2.006938
2.012235
2.007265
1.968845
2.004956
2.001696
1.996962
1.981868
2.012541
2.012154
2.026561
2.029646
1.985676
1.990926
1.980031
1.983905
2.005621
1.996341
2.021365
2.048371
2.006112
2.005982
1.998860
2.029869
2.009341
2.015217
2.015994
2.009688
1.985844
1.980827
1.985335
2.015462
2.004766
2.012559
2.011536
2.013746
2.002037
1.997450
2.005562
1.981535
2.000212
1.992561
1.989095
2.000037
2.001513
2.009079
2.008134
1.985184
2.002709
1.998787
1.965363
1.997760
2.013138
2.004588
2.022058
2.020469
2.002055
1.991525
1.968316
1.981829
1.997484
1.989182
1.956433
1.961948
1.994212
2.000521
1.989230
1.980587
1.994733
1.990291
2.017413
2.001278
1.993651
1.998599
1.986986
2.013996
2.001119
2.006199
1.988675
2.009940
1.983684
1.972958
1.985832
1.939337
1.990069
1.991366
1.987979
1.943843
1.993166
1.986417
1.972749
1.993836
2.010366
2.017733
2.020599
1.989406
1.993179
1.994702
1.986085
2.002610
2.006644
1.985124
1.996952
1.962846
2.014148
2.007277
2.017489
1.969575
1.993638
1.979271
1.987877
2.001472
2.006357
2.003748
1.994030
1.961868
2.001170
2.006018
1.991978
2.014578
1.994199
1.982998
1.980013
2.003367
1.999827
2.015824
2.038823
1.988285
2.005799
1.996675
2.012643
2.026488
1.988843
1.998831
2.001470
1.988415
1.984070
1.982185
1.997374
1.943448
1.981507
1.987437
1.966746
1.993749
1.994842
1.980894
1.991509
1.984930
2.013391
2.015613
2.007297
1.997657
2.000523
1.979414
1.942176
1.950461
2.008143
1.999944
1.984382
1.995798
2.006850
2.008890
1.997400
1.998381
1.999673
2.008776
2.029637
2.024219
1.979400
1.988275
2.010873
2.021558
1.999100
2.018957
2.009006
1.980948
1.999677
1.997850
2.017021
2.004207
1.992626
1.984227
1.991311
1.972614
2.003577
1.995817
1.990403
1.981673
1.994177
2.001833
2.001105
2.000620
2.008061
2.021484
2.020627
2.036818
1.988110
1.992779
1.959200
1.998077
1.987045
1.995511
2.013876
2.010992
1.989776
1.982737
2.007031
2.013849
2.003323
2.004090
2.041502
2.011791
1.996366
2.018126
2.021534
2.001683
1.988680
1.994962
2.004845
2.020762
1.984999
1.994188
2.013024
2.017721
2.020365
2.020513
2.044990
1.999482
1.986408
1.978802
1.969463
1.949216
2.007172
2.001766
2.001988
1.993292
1.994841
2.013036
2.021629
1.992156
1.992762
1.992250
1.997861
1.999506
1.983951
1.982041
1.952171
1.947174
1.999467
1.998517
2.015150
2.021683
2.000541
2.012512
2.048554
2.030989
2.000112
1.996448
1.996412
1.986238
1.988669
1.986956
1.980069
1.951663
2.003472
2.008311
2.032573
1.998704
1.981631
1.979529
1.978551
2.013376
1.986476
1.986605
1.990233
2.004812
1.991229
1.978356
1.979989
1.962112
2.020639
2.008614
1.994868
1.987129
2.009604
2.011307
1.980604
1.974692
1.999559
2.010575
2.020487
2.024692
1.991828
1.988904
1.983807
1.995861
2.000090
2.018652
2.003217
1.992929
2.007928
2.012785
1.996102
1.985540
2.000044
1.995947
1.973768
1.977689
2.019428
2.027011
2.007198
1.973459
1.994389
1.988082
1.993467
1.992376
2.002499
2.022549
2.010109
2.026684
2.013610
2.007374
1.983408
1.995522
2.011201
1.987634
1.961974
1.984832
2.000160
2.009658
2.030480
2.019989
2.012163
1.999883
2.003567
2.017147
2.000113
2.000693
1.983609
2.016728
1.987740
1.993331
1.993092
2.018494
1.983547
1.993432
2.022556
2.009252
2.003206
1.997452
1.995659
2.008181
1.998311
2.013267
1.999986
2.006743
1.982199
1.981150
2.000137
1.998630
1.993566
1.990257
1.971365
1.972169
1.991079
1.996508
2.002690
2.016690
2.001168
1.993462
1.995588
2.004817
1.987619
1.980316
1.999404
2.004275
2.004054
2.008865
2.013154
2.005052
2.006666
2.000459
2.009369
2.004834
2.013512
2.003724
2.020411
1.975295
1.995764
1.986192
2.013798
1.991866
2.018056
2.021255
2.054813
2.033061
1.984980
1.992431
1.994775
2.008460
1.973824
1.983386
1.984987
1.992654
2.008605
2.014327
2.009855
2.009353
1.982835
1.970101
1.955083
1.970634
1.987199
1.992243
2.006855
2.008044
2.009259
2.008626
2.002450
1.991977
2.015977
2.017051
2.053796
2.014179
1.982937
1.987332
1.990722
1.994897
1.982680
1.995034
1.994161
2.000616
1.998360
2.008864
2.043578
2.014828
1.999123
2.010449
2.011537
2.031991
2.005376
2.005003
2.014036
2.010311
1.997532
2.000811
1.969072
1.966233
2.007862
2.002232
2.005082
2.003233
2.005936
2.003838
2.006444
1.990205
2.015039
2.029426
2.021104
1.998669
1.997598
2.010930
2.006247
2.007766
2.001047
2.004434
1.986694
1.987792
2.005577
2.013704
1.987395
1.977148
2.005914
2.003818
2.027908
2.023545
1.990929
2.005699
1.981151
2.013394
1.989314
1.979817
1.984401
1.962113
1.980825
1.984825
1.977140
1.991470
2.004144
2.001660
1.980108
1.986909
1.998672
2.012244
2.038069
2.029426
2.013449
2.019788
2.021479
2.000479
2.008645
1.994767
2.006383
2.020115
1.989341
1.981719
1.994950
2.005913
2.003960
2.003407
1.991842
1.985763
2.013470
2.011165
2.011708
2.000365
2.011932
2.014327
1.992560
1.971013
1.992726
2.005156
1.997820
1.996467
1.997821
1.999166
2.017200
2.016567
1.987306
1.982330
1.983710
1.975354
1.999928
2.003359
2.001367
2.011573
1.978353
1.983802
1.983080
2.004647
1.988049
1.989156
2.004431
1.996177
1.997012
1.996412
2.007338
2.000271
1.998621
1.986151
1.991504
1.999010
1.995819
2.002680
2.011114
1.989114
1.990946
1.990808
2.002463
2.030014
2.003298
2.004773
2.000130
1.989087
1.997884
2.005008
2.029016
2.021295
2.010723
2.000966
2.005703
1.984933
1.999098
2.005889
2.003370
1.996334
2.015738
2.006576
2.034676
2.012803
2.018610
2.011801
1.980588
1.962437
1.999284
1.997563
2.003925
2.002775
2.024951
2.017655
1.999464
2.010783
1.989410
1.997783
1.998407
1.980138
2.010940
1.999353
1.987133
1.995066
1.989967
1.996598
1.998953
1.988703
2.000892
2.007099
1.997354
2.007959
2.007653
1.989652
1.964505
1.975054
1.989571
1.977537
1.980236
1.974330
1.997317
2.008589
1.987448
2.000449
1.991713
1.984584
2.016988
2.000061
2.002706
1.998688
2.009500
1.995848
2.001022
2.001893
1.989153
1.993060
2.004441
2.012191
2.057067
2.016773
2.005320
2.012070
2.014128
2.003449
2.002708
2.014922
2.009468
2.002984
1.988994
1.977241
1.973107
1.972741
1.995719
2.003724
1.994807
1.956915
1.989182
1.987245
2.015435
1.999374
2.001362
2.008291
2.011837
1.986549
1.995454
1.997973
1.990710
1.968210
1.999948
1.993203
1.994822
2.026392
1.998835
2.002289
2.000456
2.017319
1.996029
2.005435
2.025130
2.022378
2.000831
2.005908
2.010448
2.021696
2.011403
2.007782
2.010069
2.032834
2.001308
2.006007
2.011404
2.003388
2.006404
2.002372
1.996278
1.980541
2.011594
2.011453
2.024639
1.988602
1.998441
1.979829
1.963416
1.980345
1.987300
1.988480
1.995651
1.995902
2.008252
2.009229
2.005836
1.975371
2.008404
2.007500
1.976642
1.985146
1.981707
1.983191
1.978824
2.005710
1.991952
1.985747
1.994993
2.005298
2.007878
2.006904
2.010216
2.003516
2.015516
2.007361
1.982462
1.974053
1.989469
1.984660
1.981937
1.979924
1.972971
1.962231
1.954321
1.978303
1.982927
1.989977
1.990445
1.983428
1.994309
2.006030
2.012169
2.004904
1.996047
2.000221
1.993712
2.018608
2.001191
1.998155
1.995563
1.986417
2.001963
2.001236
2.011136
2.005510
1.999543
2.002510
1.999022
1.985816
1.995738
2.006136
1.965693
1.995528
2.010570
1.997023
1.990787
2.022376
2.010879
2.007229
2.007005
2.018019
1.996583
1.993318
1.986409
2.006025
2.011313
2.013614
2.018065
1.998834
2.001847
2.006948
2.003676
2.019302
1.999965
2.006865
2.036362
2.013041
2.014283
2.010442
2.033450
2.007663
2.016201
2.018447
2.029935
2.011465
1.993964
1.994215
1.988487
2.005425
1.994154
1.991927
1.977378
1.964383
2.012201
2.005794
1.994286
1.982647
1.992989
2.002235
2.015125
2.032840
1.989237
1.992539
2.030833
2.005661
1.986087
2.003475
1.986287
2.019022
1.996500
1.999953
1.969797
1.956770
2.013608
2.015191
2.038378
2.023791
1.998430
2.004281
1.972965
1.999041
1.991180
1.995224
2.017427
2.012015
2.000227
1.995150
2.013241
1.991612
1.991380
1.986743
1.993066
1.996813
2.016395
2.003338
1.994387
1.978614
2.009680
2.000576
1.988085
1.990045
1.992439
1.996035
1.990495
2.005526
1.991576
1.985727
1.977373
1.997531
1.989070
1.998692
2.007687
1.995163
2.006783
1.996865
2.010204
2.026062
1.993769
2.000652
2.010450
2.007260
1.990736
1.986268
1.985866
1.982150
1.979218
1.983695
1.993375
1.992442
2.002946
2.007619
2.008894
2.003258
2.008523
2.014962
1.976339
1.985315
2.008584
2.007646
2.011338
1.998762
1.996983
1.997697
2.008797
1.993472
1.982929
1.980104
1.957762
1.991889
1.989141
1.985509
1.972387
1.988990
1.999727
1.993547
1.956578
1.979581
2.003171
2.004733
2.000756
1.977067
1.995723
1.982334
1.959265
1.993588
2.004925
2.003209
1.985827
1.988032
2.007675
2.007320
1.996251
1.997486
2.001575
2.004252
2.008550
1.991462
1.992455
1.990733
1.972762
1.992833
2.003245
2.010443
2.002355
2.016356
2.006840
2.001662
1.994754
1.998012
2.012236
2.008096
2.005264
2.032219
1.990380
1.994470
2.001935
1.983988
1.994160
1.993475
1.999271
1.972700
2.002163
1.987159
1.966273
1.999583
1.996581
1.983925
1.925354
1.971537
1.991812
1.996074
1.973068
1.987892
1.990630
1.993551
1.985698
1.956378
1.997727
2.003434
2.001408
2.032079
2.002315
2.016654
2.002779
2.008309
1.984697
1.993958
1.985292
2.004563
1.996225
2.005629
2.008420
2.025070
2.025032
2.035410
2.035354
2.026283
1.993762
1.993886
1.987531
1.991514
2.002499
1.989745
1.986535
1.993792
1.994845
1.992791
1.993972
1.965162
1.982084
1.976446
1.980762
1.979212
2.005032
2.008789
2.009549
2.006608
2.006278
2.005794
2.010965
2.022922
2.017477
2.025479
2.037621
2.013626
2.004729
2.010441
2.017232
1.979593
2.008659
2.021966
2.035058
2.029874
2.010264
2.008426
1.970285
1.953470
1.994671
1.999911
2.003871
1.984810
2.009355
2.006592
2.004072
1.999015
2.011364
2.004730
2.019542
2.015441
2.008639
2.019607
2.021153
2.029400
1.997964
1.995645
1.955940
1.967041
2.001662
2.002525
1.991575
2.008155
1.999259
1.990455
2.006938
2.007928
1.989998
2.003720
1.999004
1.997944
2.004272
1.996104
1.973329
2.002673
2.012390
2.013297
2.042949
2.054443
1.998386
1.989788
1.990078
1.951681
1.990852
1.983252
1.982392
2.010897
1.987616
1.989292
1.982805
1.971249
1.983357
1.963222
1.949001
1.997680
1.999744
1.984097
1.990406
2.017571
2.003561
2.000856
1.992103
2.006327
1.998254
2.000871
2.000575
1.991361
2.003415
2.009900
1.989788
1.997792
1.998226
2.002385
1.987321
1.995514
1.993995
1.990791
2.003546
1.990969
1.990989
2.002124
1.990857
2.002669
2.002961
2.018546
2.030682
2.022098
1.993336
1.997639
2.010022
1.987789
2.008331
2.025274
2.036627
2.020231
2.000176
1.983384
1.981671
1.993328
2.005498
2.004114
2.035851
2.017694
1.993370
1.987424
1.994125
2.001405
2.017311
2.018964
2.030184
2.020677
2.015160
2.011813
2.014437
2.027733
1.992815
1.986231
2.014123
2.002274
2.010339
2.002834
2.023541
1.997158
1.990472
1.966478
1.944503
1.961792
2.018041
2.017921
2.014810
2.039028
1.995917
1.992997
2.009795
2.001891
2.012482
2.005279
1.988203
1.989203
1.996710
2.000341
2.025565
2.021893
1.996489
2.002217
1.991817
1.989631
1.997177
1.999698
1.976895
1.998776
1.998831
1.994797
1.985942
1.969433
2.009355
2.017814
2.011346
1.997565
2.019983
2.015416
2.026808
2.006408
2.008397
2.011470
2.007839
1.987380
1.999779
2.005008
1.994587
2.003250
1.997963
2.013478
2.021042
2.008963
1.999689
2.003173
2.006307
2.009112
2.011190
2.003189
1.977244
1.991159
2.005651
2.006723
2.021077
1.996039
1.995923
1.996673
2.004762
2.006016
1.994781
1.986830
1.963693
1.960025
1.996618
2.016286
2.023910
2.019189
2.016425
2.012641
2.023741
1.983824
1.993873
1.993919
2.010939
2.009793
1.997960
2.000505
2.001182
2.004948
2.016789
2.009755
2.018401
2.029585
2.009671
2.016006
2.017801
1.999242
2.007285
1.995516
1.998486
1.995520
2.009698
1.990857
2.006945
2.008185
2.011846
2.011533
2.018726
2.036845
1.993940
1.994444
1.954585
1.969837
