2.009681
2.000543
2.011873
1.972159
2.005164
2.013692
1.988691
1.983373
1.991143
2.006685
2.024594
2.060594
1.992547
1.987716
1.997574
2.006856
1.986512
2.002930
2.002645
2.005563
2.007801
2.017951
2.017882
2.019856
2.006508
2.003293
1.978942
1.981119
2.005252
2.012653
2.022463
2.013636
1.981242
1.987600
1.990341
1.979935
2.000571
2.018366
1.998908
2.001739
1.991247
1.997371
2.002857
2.008809
2.007643
2.010415
1.997296
1.993651
1.999859
1.997977
1.987778
1.983573
2.001455
2.004308
2.001471
1.989404
1.998740
2.006658
1.997877
1.974009
1.998993
2.004312
1.980270
1.977749
1.991461
1.985732
1.983975
1.973017
1.993889
1.998198
1.985897
1.991258
2.011750
2.014258
2.021351
1.998523
1.990501
1.998714
2.008669
1.999413
1.999587
2.004991
1.983995
1.987884
1.994620
1.980732
1.980401
1.997828
2.008150
2.012171
2.002965
1.984597
1.994512
1.993715
1.983931
2.003742
2.011902
2.004907
2.004632
2.011846
1.984755
1.984539
1.980836
1.986378
2.009166
2.000172
1.997331
1.977804
2.010210
2.006971
1.978728
2.009806
1.987273
2.004331
1.989807
2.023550
1.996838
1.996207
2.026850
2.024730
1.987111
1.980538
1.999332
2.007250
2.026570
2.020394
1.996439
2.008996
1.995865
2.001000
1.988457
1.958674
2.000847
1.996195
2.011959
1.986357
1.993035
2.009141
2.004558
2.002784
1.997673
1.999088
2.012694
2.002314
2.009656
1.995853
1.970707
1.978392
2.002250
2.010048
1.990629
2.026095
1.992515
1.986252
1.979397
1.994836
1.994943
1.992840
1.986838
1.964931
1.995573
2.000072
2.010326
2.002498
1.999129
2.000894
1.988171
1.995398
1.992535
1.991717
1.991030
1.994881
1.977778
1.983801
1.994660
1.994215
2.002333
1.999953
2.015011
2.016489
1.996837
2.003545
2.024359
2.018795
1.994794
2.003051
2.005413
1.973324
2.000957
2.010906
2.011771
2.008031
1.982244
1.978728
1.952549
1.987434
2.007627
2.006652
1.987055
1.978029
1.998388
2.001518
2.014485
2.007391
2.001366
2.003451
1.997189
2.016855
2.004971
2.009993
2.018298
2.007444
2.006760
2.005487
1.988683
1.992497
2.004505
2.005034
1.994185
1.993701
2.002532
2.012033
2.002079
2.009115
2.005714
1.999470
1.987206
1.974862
2.011500
2.004528
2.008654
2.011652
2.006715
2.001631
1.992419
1.996557
2.008201
2.015129
2.008919
2.030729
2.001810
1.995712
2.006692
1.998411
2.006324
2.005012
1.987853
1.987571
2.024294
2.032671
2.027190
2.031714
1.996190
1.983826
1.930474
1.970458
1.978630
1.984183
1.997107
2.023926
1.987528
1.975472
1.977349
1.980370
1.990197
1.982006
1.980091
1.972492
2.013815
2.021220
2.019708
2.015661
1.984538
1.994092
1.985065
2.005932
2.005044
2.003474
2.012014
2.007171
1.998592
1.996477
2.006040
2.026240
2.001138
1.997430
1.994076
1.988391
2.004071
2.015943
2.021245
1.998491
1.995750
1.990983
1.995699
1.968037
2.013619
2.020400
2.009919
1.996004
2.000561
2.004758
2.006009
1.991722
2.013759
2.009969
2.010774
2.018983
1.986314
2.000015
1.989430
1.980463
2.004421
2.009900
2.017469
1.980288
1.998103
2.010440
2.003714
2.014928
2.004179
1.998105
1.992119
1.969664
2.011693
2.007357
2.032631
2.002677
2.010206
2.020045
2.030950
1.988770
2.009219
2.004014
2.021383
2.014521
2.010174
2.017693
2.035047
2.029839
2.012121
2.012065
1.988452
1.978245
1.994918
2.002281
2.007103
2.031228
2.009206
2.010583
2.011925
1.968096
1.988177
2.001115
1.989364
1.990875
1.989644
1.984631
1.999008
1.971810
1.994519
1.997736
1.988199
2.015717
1.997875
2.008651
1.975726
1.998456
1.996267
1.995215
2.008225
1.998249
1.988438
1.990507
1.985092
1.972908
2.000991
2.004301
2.005764
1.962006
2.011891
1.996523
1.986869
2.014290
2.010306
2.002568
1.987200
1.992314
1.997736
2.004003
1.983965
2.009678
2.001129
2.009139
1.991251
2.000396
1.994827
2.000738
1.996247
2.004009
1.997334
2.004237
2.030019
2.014431
1.995554
2.003664
2.014207
2.007271
2.004920
2.008854
2.048525
2.027752
1.994781
1.998401
2.008624
1.988708
2.003331
2.003300
2.028387
2.016262
2.008627
2.002024
1.987676
1.987135
2.009643
2.007343
2.007546
1.996018
1.996329
1.994457
1.960966
1.963371
2.016936
2.019506
2.032903
2.021507
1.988629
1.981465
1.983488
1.967527
2.010230
2.014219
2.031879
2.011144
2.000458
2.001441
1.999336
1.970840
2.002905
1.989516
1.990378
2.003604
2.016953
2.017161
2.015401
2.036329
2.000619
2.000728
1.993211
2.000598
2.018077
2.009296
1.997279
1.973050
1.994363
1.989843
1.967824
1.985640
1.979339
1.964145
1.965849
2.001572
1.994475
1.998613
1.978190
1.997034
2.002497
2.000130
1.985534
1.979804
2.007356
1.999888
2.008330
2.022872
1.993399
1.991176
1.994264
1.972892
1.994270
1.982846
2.001892
1.983442
1.998675
2.003509
1.991796
1.998884
2.000921
1.994476
1.970792
1.973375
2.009984
2.013683
1.976999
1.982586
1.994951
2.000732
1.993870
2.014587
1.997413
2.004301
2.029692
2.035011
1.996771
1.997471
2.005349
2.001574
2.004838
2.014719
2.004406
2.006486
2.003284
1.993898
1.959572
1.972981
1.993352
1.994036
1.983837
1.988018
2.006406
2.014143
2.003528
2.000631
1.997887
2.002882
2.001810
2.002182
1.999594
1.990080
2.004601
1.995038
1.996791
1.997010
1.997069
1.979144
2.006953
2.004602
2.012561
2.029810
1.997880
2.004729
2.001940
1.983748
2.012244
2.013382
2.021000
2.039054
1.993726
2.007248
1.968786
1.982107
1.996682
2.000397
2.011316
1.995895
1.992175
1.995287
1.996676
1.983988
2.007230
1.998009
2.017047
2.006821
1.989639
1.993797
2.020808
2.012042
1.985177
1.988157
1.996213
2.008990
1.988587
1.990649
1.988711
1.960854
2.001632
2.001467
1.991321
2.005868
1.999352
2.001180
1.992147
2.006695
2.008696
2.019174
2.010327
2.010780
2.007446
2.014432
2.004162
1.982837
2.020530
2.032459
2.040201
2.029807
1.999088
1.993599
1.998183
1.955393
1.991905
2.000768
1.989525
2.005183
1.990100
1.993061
1.990044
1.995694
1.986845
1.992306
1.994637
1.987169
2.005822
2.009117
2.009590
2.007762
2.007192
2.005368
2.000625
2.010071
1.996822
1.991678
1.990813
1.993500
1.994210
1.999428
2.003773
2.003752
1.984840
1.984618
1.966666
1.935057
2.014432
2.013935
1.974268
1.951017
1.988695
2.000814
1.991399
1.996040
1.996754
1.996389
2.021026
2.014311
2.011084
2.027902
2.028240
2.041301
2.006156
2.007528
1.987746
2.001048
1.999752
2.002482
1.958256
1.974205
2.001507
2.000128
2.029462
2.011391
2.000301
1.996703
1.991716
2.020550
2.004144
2.004229
1.973291
2.017856
2.003616
2.002303
1.977202
1.999576
2.009437
2.010077
2.042346
2.054813
2.010615
2.003402
2.016121
1.992567
2.001480
2.004755
1.998763
2.006544
1.995268
1.993421
2.008254
2.030733
2.004306
2.002430
2.010585
1.997589
2.001975
1.992298
2.007036
2.027122
1.995963
2.000600
2.025200
2.025516
2.012698
2.010776
2.053322
2.022633
1.995912
2.003085
2.028000
2.021411
2.011904
2.008987
2.064622
2.037508
1.990664
1.988896
1.994249
1.985191
2.015589
2.010326
2.020157
2.005534
1.996809
1.985341
1.980761
2.011114
2.002891
1.991859
1.994695
2.009836
2.014116
2.005785
1.975419
1.956914
2.002073
1.984513
1.984512
1.996878
2.009831
2.001990
1.977058
1.991217
1.985107
1.990415
1.978757
1.982757
2.015442
2.017947
2.022488
2.019800
2.009696
2.002100
2.007019
2.032685
1.998008
1.992620
2.014200
1.995616
2.020136
2.014266
2.020000
1.976222
2.005490
2.012606
2.014785
2.013213
1.994560
2.000223
1.998254
2.004544
1.999640
1.997482
1.975453
1.943818
2.011792
2.002117
1.986103
1.985007
2.009670
1.997555
2.002153
1.998907
2.014296
2.006363
2.026972
2.025813
2.006168
2.006953
2.001353
1.996090
1.998738
2.009360
2.020462
2.031640
2.008063
2.015234
2.004215
1.993698
1.998544
2.010441
2.018419
2.032985
1.995690
2.001100
1.989474
2.014989
2.003548
2.012628
2.057071
2.044871
1.982643
1.978069
1.985459
2.026587
2.005717
2.005535
2.006172
2.021699
2.001471
1.993137
1.977997
1.995450
2.009807
2.016199
2.016010
1.985350
1.990968
1.985471
1.994295
1.954509
1.991831
2.009085
2.023645
2.014444
1.997777
2.017636
2.028024
2.019320
1.980792
1.976715
1.996319
2.006890
2.006651
2.002289
1.985107
1.958827
2.007417
1.998223
2.014928
1.993586
1.994191
1.995295
2.009752
2.020094
2.006263
2.012371
2.004296
1.988676
2.006156
2.012286
2.013469
2.032604
1.990326
1.998731
2.004357
1.988409
1.979722
1.981436
1.990067
1.970509
2.012112
2.020183
2.048602
2.038629
2.017411
2.018197
2.014174
2.006947
1.994560
2.002286
1.999031
1.987433
2.000526
1.979057
1.944784
1.953942
1.990308
1.990346
1.977762
1.981607
1.993538
1.996337
1.975823
1.934618
1.995428
1.987852
1.967876
1.956696
1.996539
1.994621
2.017559
1.972876
1.999363
2.019763
2.012753
1.983459
1.989097
1.994790
1.999655
1.987866
1.996772
1.986139
1.982143
1.997390
1.997320
1.998967
1.995806
2.003801
1.989107
1.985333
1.979745
1.971874
2.007647
2.021663
2.020045
2.035147
2.015686
2.022398
2.026041
1.987381
1.996158
2.000242
2.010272
2.011406
1.998128
1.994290
1.991451
1.991520
1.996740
1.985095
1.965707
1.971374
1.997771
2.020369
2.024512
1.999226
2.016993
2.016076
2.014807
2.026272
1.990824
2.000469
1.992809
1.974044
2.010573
1.999458
1.986876
2.012371
2.003694
1.990768
1.981830
1.992040
2.005864
1.998411
2.000003
1.992480
2.005614
2.013778
2.008715
1.994255
1.991550
1.982169
1.948609
1.973760
2.002743
1.995356
2.011695
2.020794
1.998395
2.016106
2.008616
1.987129
2.003009
2.013610
2.052084
2.032584
2.002823
1.996942
2.016010
1.993057
1.993419
2.004770
2.022924
2.023739
2.006945
2.016208
2.036220
1.996412
2.002702
2.007779
1.994115
1.986948
1.983399
1.985031
1.990378
2.006483
2.003177
2.000508
2.002519
1.996953
1.991729
1.998164
2.001059
1.977654
2.013601
2.015051
2.028541
1.982697
2.018673
2.014301
2.019392
2.019802
1.991321
1.988048
1.981266
1.995848
2.010988
2.015648
2.012126
2.006908
1.991278
2.004059
2.005290
2.008348
1.990215
1.979515
1.972157
1.999537
2.005947
1.995251
1.984702
1.985209
1.997479
1.992403
1.996822
1.991127
2.003485
2.005716
1.995309
2.003354
1.990450
1.994405
1.956871
1.990102
1.998038
2.001680
2.005617
2.006423
2.001251
2.009867
1.993722
2.017383
2.010698
2.000524
2.004468
2.020856
1.998527
1.999514
1.979749
1.951821
1.993149
1.988890
1.987823
1.995642
1.999272
2.001720
2.015769
2.007434
1.998603
1.998059
2.019697
2.028170
1.996412
2.011720
2.000226
2.011173
1.988221
1.985519
1.994227
1.991576
1.997739
1.994760
2.004220
2.003350
2.011265
2.013346
2.055720
2.048117
2.004907
2.010496
2.011133
2.017953
1.988177
1.981494
1.996202
2.005234
1.984629
1.983953
2.005680
2.000783
1.979343
1.983267
1.994418
1.987631
1.999401
2.010749
2.012668
2.009128
1.997294
1.973778
1.939438
1.950113
2.016398
2.018984
2.055633
2.029088
2.001420
1.998767
1.996804
1.991395
2.004940
2.015767
2.021304
2.020570
2.004164
1.997546
2.006885
2.015637
2.011099
2.014976
2.029284
2.047039
1.986329
1.991531
2.008654
2.011777
2.009214
2.023838
2.030013
2.020357
2.011917
2.005466
2.019998
2.018542
1.999881
1.989700
1.981145
2.005534
2.009003
2.010900
2.019027
2.018430
1.998297
2.007260
2.042668
2.015856
1.987499
1.981418
1.993439
2.023369
2.009290
1.994877
1.974803
1.981454
1.987609
1.986907
1.965973
1.973565
1.994831
1.988329
2.018283
1.994100
2.004689
2.002753
2.008114
1.992552
1.990363
1.986446
2.006868
2.007296
2.001460
2.004947
2.001028
2.003335
1.983766
1.975503
1.953216
1.973432
2.004057
1.998306
1.962110
1.971714
2.002009
1.997824
2.023548
2.021351
1.990481
1.990313
1.980463
1.985648
1.989293
1.985922
1.988150
1.994905
2.010926
2.000371
2.013833
2.027321
1.997598
1.995700
1.980461
1.963199
2.002577
2.016367
2.039155
2.027316
2.001819
2.002976
2.022734
2.022741
2.001026
2.008807
1.988125
1.999176
1.994605
2.012563
2.037767
2.023416
2.006996
1.998553
2.043110
2.027034
2.013047
2.011122
2.012569
1.997358
1.997297
1.987752
1.999978
1.983300
2.009008
2.008945
2.021390
2.010437
1.979491
1.981257
1.963191
1.962176
2.007680
2.013504
2.034895
2.035917
1.998598
2.001763
1.998626
2.007552
1.990649
1.984776
1.980298
1.994533
1.982407
1.966963
1.971986
1.968297
2.000863
2.013431
2.002139
1.991207
2.007835
2.016964
2.013268
1.983603
1.996532
2.004826
2.009553
1.989781
1.991927
1.999127
2.037471
2.047620
2.024765
2.032360
2.043080
2.024617
2.006428
2.003190
1.993512
2.014189
1.994580
1.988232
1.984268
1.954611
1.997970
2.005008
1.996820
1.992214
2.002825
1.996379
1.972316
1.987289
1.997369
1.994630
1.968092
1.965205
1.999481
2.009365
2.021334
2.008222
1.998821
1.998789
1.981423
1.989257
1.991707
2.000695
1.992971
1.975051
1.998274
1.986364
1.993662
2.000134
2.018106
2.024501
2.016640
2.016163
2.000859
2.014171
2.015271
2.014625
2.002372
2.002483
1.991847
1.988489
1.987887
1.976614
1.981447
1.977472
2.004785
1.995245
2.002158
2.003504
2.001651
2.008592
2.032669
2.017577
1.991696
1.993816
1.990706
1.965436
2.002305
2.005071
2.014961
1.994183
2.006916
2.015499
2.059588
2.016543
2.000225
2.004189
1.995389
2.020071
2.006568
1.997613
2.021927
2.034532
2.000395
2.004031
2.006123
2.012068
1.995302
1.999678
2.035403
2.034390
1.986463
1.983159
2.009816
1.994944
2.008222
1.998458
1.983533
2.006032
1.994872
1.991965
1.955698
1.974884
1.993181
1.996757
1.983007
2.002846
1.998690
1.997593
1.970711
1.977476
1.995420
2.004393
2.027231
2.021257
2.000470
2.011829
2.012406
2.015060
1.999958
1.985368
1.965099
1.974184
1.996555
1.999949
2.012073
2.029741
1.999965
2.005718
2.006620
2.020024
2.013690
2.013224
2.022651
1.989440
1.996158
1.992670
1.978275
1.987128
1.998948
2.010584
2.024440
2.019105
2.002837
2.007685
2.031499
2.023398
2.006696
2.028717
2.025153
2.013274
1.979497
1.981918
1.976631
2.001428
2.003683
2.013015
2.051029
2.024397
2.006633
2.019153
2.041450
2.016307
1.984002
1.989504
1.964348
1.963397
2.021134
2.021021
1.997436
1.979177
1.976020
1.966531
1.956818
1.983484
1.989329
1.984355
1.979853
1.963302
1.999195
2.010369
2.022617
2.008172
2.015284
2.015901
2.012555
1.992461
1.993338
1.987308
1.962471
2.015674
2.002646
1.999640
2.008626
2.005192
1.993525
1.989883
1.972055
2.005087
1.992984
1.988459
1.983343
1.998933
1.996827
1.985683
1.998916
1.998057
2.004026
2.001331
1.999773
1.980093
1.995527
1.992641
1.984893
2.001908
2.013553
2.023720
2.000785
2.012983
1.996636
2.002791
1.984595
2.002107
1.995486
1.977457
1.987405
2.005297
1.988406
1.989635
1.984718
1.981434
2.015744
2.017240
2.027871
2.013577
2.011772
2.012056
2.032390
2.033629
1.999469
1.990193
1.995739
1.992756
1.979435
1.985613
1.978465
1.991106
2.007217
2.009979
1.986472
2.001108
1.987915
1.990448
2.027745
2.000044
1.985810
1.987917
1.992252
1.989194
1.996531
2.005743
1.990839
2.034180
1.996079
1.979589
1.971686
1.973987
2.001551
1.988642
1.988048
1.996903
1.992011
1.995221
2.015415
2.012746
2.001729
2.008287
2.037181
2.040287
1.977473
1.979746
1.968460
1.970409
2.005485
2.016645
1.997619
2.020235
1.988533
1.979369
1.968575
1.981044
1.991494
1.994182
1.987080
2.000694
1.991619
1.999262
1.999021
1.989307
1.995850
2.000860
2.001656
2.002315
