1.988496
1.980211
1.983979
1.990175
1.991604
1.985740
2.000758
1.998411
2.012636
2.003460
2.002743
2.002825
1.987640
1.977286
1.981637
1.986984
1.988792
1.981887
2.001321
1.998794
2.015198
2.004774
2.002776
2.002718
2.011853
2.017655
2.034263
2.023540
2.019108
2.043948
1.989965
2.000180
1.987053
1.961186
1.970693
1.982115
2.011951
2.017017
2.032517
2.023352
2.019981
2.045263
1.990032
2.000441
1.987203
1.961418
1.972374
1.982678
2.004018
2.003973
1.992527
1.999976
2.005255
1.992927
2.006801
2.004254
2.003915
2.001929
2.005555
2.004914
2.003989
2.003609
1.992889
1.999772
2.003831
1.992736
2.005718
2.001970
2.002319
2.000884
2.004642
2.006044
2.006404
2.003431
2.004318
2.005744
1.998439
2.014547
1.983457
1.998335
2.031296
2.038648
2.031851
2.031171
2.006734
2.003621
2.005409
2.005534
1.999585
2.016438
1.983252
1.998209
2.031296
2.038648
2.031851
2.031304
2.009642
2.006971
1.975479
2.011802
2.010255
2.017482
1.993847
1.997337
1.979745
1.977402
1.977922
1.993939
2.009970
2.007339
1.974215
2.010261
2.008654
2.017273
1.994117
1.997778
1.982794
1.980590
1.982292
1.998457
1.983560
1.986452
1.973602
1.981429
1.987243
2.003111
2.002232
1.997075
1.987492
1.992228
1.983587
1.968191
1.983390
1.986077
1.973260
1.981617
1.987158
2.003508
2.002232
1.997134
1.987421
1.992180
1.983353
1.969004
1.990789
1.981952
1.966578
1.967007
1.966695
1.971224
2.009854
2.023549
2.005548
2.009722
1.991693
1.977510
1.990256
1.979552
1.961365
1.964883
1.964711
1.971628
2.009249
2.022652
2.004107
2.008730
1.990077
1.978161
2.010526
2.023949
2.010709
1.984646
1.996388
1.998716
2.000556
2.013525
2.015819
1.997466
2.009406
2.021964
2.007697
2.020813
2.006247
1.981831
1.992854
1.994370
2.000556
2.013609
2.014026
1.994151
2.007290
2.020699
1.992655
1.985414
1.971410
1.947613
1.957126
1.967823
1.992202
1.986244
1.976349
1.983087
1.991105
1.987370
1.992734
1.985519
1.971410
1.947295
1.957458
1.968779
1.991823
1.985558
1.976928
1.983516
1.992299
1.989386
1.999868
2.009594
1.977843
1.959774
1.977223
2.005059
2.013323
2.024464
2.030897
2.004364
1.999076
1.989167
2.000110
2.009362
1.977072
1.961000
1.978460
2.007524
2.011979
2.022482
2.029038
2.004902
2.000285
1.988567
2.000509
2.005153
1.984738
1.964360
1.965828
1.975713
2.007178
2.010952
1.983654
1.978429
1.982202
2.005698
2.000509
2.005153
1.985533
1.961912
1.963421
1.973074
2.006962
2.010941
1.984978
1.980330
1.984741
2.006878
2.004822
2.018746
2.013469
2.038218
2.014702
1.981776
2.000723
2.004866
1.994881
1.998067
2.008846
2.013619
2.004580
2.018153
2.013948
2.036778
2.013480
1.982937
2.000723
2.004866
1.994837
1.997842
2.008489
2.012350
2.001548
2.015075
2.001926
2.017949
2.012276
2.022454
2.020968
2.011747
2.039673
2.037085
2.037506
2.041699
2.002298
2.016106
2.001864
2.017188
2.012763
2.022504
2.020843
2.011422
2.038533
2.035519
2.035812
2.037773
1.997914
1.989253
1.959768
1.988298
2.003768
2.020192
2.010576
2.009328
1.977686
2.034873
2.031415
2.040486
1.998196
1.989230
1.962155
1.989562
2.005875
2.018171
2.010720
2.009684
1.978386
2.035670
2.032092
2.039598
2.002819
1.999282
1.978566
1.966682
1.980522
2.003979
1.997968
2.001731
1.999278
2.009387
2.012412
2.036596
2.002908
2.000780
1.983329
1.968656
1.980053
2.001953
1.999430
2.001972
1.997130
2.008056
2.012188
2.036390
2.018500
2.025618
2.061118
2.016783
1.995051
1.965632
2.001903
2.001458
2.020057
2.025282
2.022216
2.002665
2.018287
2.025873
2.061786
2.020351
2.002720
1.987301
2.000448
1.998765
2.015395
2.022038
2.018518
2.003018
2.002561
1.997931
1.968397
1.968206
1.956949
1.978085
2.013204
2.019494
2.040511
2.061821
2.054541
2.048167
2.003109
1.998948
1.968984
1.968796
1.959347
1.988067
2.012780
2.019111
2.040798
2.061782
2.054875
2.048656
1.999710
2.010449
2.030640
2.023577
2.014620
2.010726
2.012309
2.023875
2.058469
2.037492
2.037699
2.052155
1.999981
2.010442
2.030391
2.021135
2.014713
2.011750
2.012667
2.024440
2.060003
2.035964
2.036445
2.050954
2.008491
2.006591
2.026385
2.027785
2.010540
1.996254
1.999432
2.012117
2.007748
1.989103
1.997996
1.994571
2.008491
2.006591
2.026068
2.028289
2.010676
1.999089
1.997838
2.009907
2.004158
1.987814
1.997265
1.994704
1.999260
1.993196
2.021954
2.015797
2.015401
2.010065
2.009823
2.012992
2.014394
1.998145
1.986044
1.978897
1.999387
1.993698
2.022317
2.014876
2.014730
2.009259
2.009823
2.012992
2.014394
1.998393
1.986138
1.978654
1.996509
2.010133
2.004120
2.029835
2.029551
2.008450
1.983226
1.991475
1.990335
2.008030
2.008351
1.999855
1.997262
2.010686
2.006067
2.031632
2.032094
2.009337
1.983226
1.991360
1.989876
2.008054
2.007754
1.997944
1.995116
1.992443
2.004560
2.017175
2.021478
2.003281
2.001052
2.005046
1.969801
1.977595
1.993277
1.994705
1.995725
1.992786
2.004821
2.017291
2.021898
2.002426
2.001052
2.005046
1.969801
1.977320
1.993326
1.994616
2.012778
2.028788
2.043010
2.007149
1.997323
1.990633
2.010225
2.009446
2.016489
2.004531
2.008192
2.014497
2.012713
2.028412
2.042113
2.006475
1.995681
1.987988
2.009834
2.009117
2.016774
2.004408
2.008091
2.014517
2.002382
1.998527
2.016114
2.021695
2.025212
2.010803
1.978460
1.976537
1.988831
1.964004
1.974601
1.980687
2.001928
1.998588
2.016327
2.021794
2.025905
2.010944
1.978107
1.976124
1.988873
1.964009
1.975044
1.981592
2.000315
1.988261
1.972276
1.989711
1.986962
1.975153
2.011187
2.017061
2.039433
2.027160
2.006129
1.992757
2.000021
1.988373
1.970821
1.987864
1.984871
1.973491
2.011410
2.017431
2.039433
2.027091
2.005498
1.991608
1.991794
1.980024
1.963779
1.995305
1.992655
1.989113
1.987607
1.998203
2.003012
2.012851
2.003495
1.991743
1.991225
1.979746
1.962507
1.987995
1.988002
1.985373
1.988346
1.999009
2.004576
2.013242
2.002945
1.991858
1.994059
1.985993
1.992266
2.010219
2.015106
2.024196
1.999586
2.013346
2.041010
2.025778
2.008765
1.985648
1.993064
1.985167
1.990743
2.009109
2.013676
2.025144
1.999716
2.013981
2.040543
2.025681
2.008072
1.984570
2.011163
2.005460
1.994551
1.967554
1.978892
1.983982
2.001604
2.018878
2.034120
1.994680
1.982498
1.965666
2.010831
2.005709
1.992934
1.965795
1.975529
1.983025
2.001604
2.019033
2.034190
1.993960
1.982273
1.966256
2.002837
1.999423
2.006551
2.015097
1.995801
2.000005
2.008106
2.004489
2.014330
2.030375
2.024622
2.046768
2.002373
1.998838
2.003817
2.012448
1.994782
1.999162
2.008157
2.004834
2.014316
2.029603
2.024513
2.046769
2.003253
1.990915
1.938458
1.973602
1.980642
1.997791
1.994391
1.991894
2.011867
2.013263
2.008012
1.998719
2.002770
1.990453
1.938106
1.973687
1.980640
1.997299
1.994529
1.992147
2.012944
2.014768
2.010269
1.999652
1.998928
2.011443
2.023851
2.020292
2.015732
2.007525
1.990995
2.002784
2.025081
2.007224
2.005996
2.017489
1.999321
2.010623
2.023902
2.021486
2.015594
2.007029
1.991643
2.003149
2.025087
2.007975
2.006571
2.016406
2.008229
2.014434
2.027177
2.026155
2.002748
1.987590
2.005441
2.014522
2.025050
1.983269
1.986526
1.988834
2.007500
2.013891
2.024160
2.028298
2.003781
1.986212
2.005990
2.015326
2.029084
1.986713
1.988824
1.987819
2.004188
2.002086
2.019145
2.021119
2.014524
2.011731
1.996396
2.005488
1.992786
2.004991
2.006480
2.006324
2.003751
2.000978
2.019070
2.021940
2.014877
2.012766
1.996396
2.005488
1.993082
2.005439
2.006382
2.006543
2.012644
2.018606
2.012228
2.004915
2.013388
2.026682
2.004892
2.014883
2.004144
2.010772
2.009471
2.007852
2.012801
2.018638
2.012133
2.005022
2.013897
2.027339
2.005214
2.014857
2.004214
2.010719
2.009485
2.008271
2.023809
2.030344
2.012249
2.016975
2.008074
2.007493
1.996562
2.005179
1.997407
1.996799
1.994008
1.995419
2.024668
2.029770
2.012261
2.015296
2.007450
2.008598
1.996562
2.005091
1.998356
1.996990
1.994546
1.995306
1.997580
2.004265
1.970262
1.971835
1.976971
2.020356
1.986117
1.991207
1.976979
1.997828
1.995378
1.978861
1.998272
2.005776
1.976735
1.980347
1.984919
2.026337
1.986117
1.991251
1.976979
1.997782
1.995080
1.978784
2.004285
2.010148
2.008274
2.011437
2.001092
1.995799
2.023854
2.018721
2.024832
2.021279
2.013835
2.004568
2.003720
2.009142
2.007821
2.011243
1.999364
1.995495
2.024903
2.020853
2.028824
2.022660
2.014612
2.003547
2.016533
2.032160
2.050718
2.039375
2.042461
2.021654
2.000674
2.003204
2.019281
1.996802
1.997695
1.995387
2.015638
2.031274
2.045793
2.036226
2.042023
2.023110
2.000243
2.002808
2.019167
1.996661
1.997842
1.997168
1.994104
2.001800
1.997807
2.001707
2.012868
2.011850
1.993228
1.983971
2.005973
2.013367
2.010816
2.028695
1.994571
2.002018
1.998487
2.002956
2.014404
2.012205
1.993228
1.984010
2.006033
2.014189
2.011731
2.030408
2.004960
2.004087
2.019441
2.013244
2.009807
1.986820
2.005038
2.013478
2.029226
2.063583
2.039894
2.016043
2.004960
2.004087
2.019083
2.014276
2.010449
1.986128
2.004848
2.013729
2.031938
2.064297
2.038595
2.010973
