2.004441
2.003807
2.013780
1.997624
1.991392
2.003553
1.991640
2.004579
1.993239
1.988877
2.005101
2.009319
2.004928
2.012017
2.009751
1.998562
2.021847
2.013716
2.014034
2.014369
1.989649
1.978292
1.969390
1.969760
2.004372
2.002709
2.035142
2.014717
1.992792
1.993729
1.993642
1.947808
1.995787
1.997097
2.003456
2.012966
2.001695
1.989959
1.980226
1.980837
1.997453
1.990822
1.990267
2.025923
2.009978
2.001965
2.023616
1.997863
2.006891
2.000251
1.980315
2.014721
1.999600
1.988641
1.976576
1.999154
1.970152
1.975888
1.929918
1.944573
2.000921
2.004976
2.011672
2.002366
1.995897
1.999586
2.024633
2.020709
1.997231
1.995624
1.990360
2.000947
1.996142
2.006961
2.001459
2.004513
2.003091
1.990848
1.993433
1.990075
2.008875
2.009810
2.004682
1.980774
2.018516
2.013518
2.026783
2.005216
1.991505
1.986974
1.993223
2.018017
2.011839
2.008966
2.039213
2.031204
2.001347
1.992069
1.991699
2.009227
2.013722
2.005774
1.979446
1.970230
2.011801
2.003157
1.975028
1.990578
2.005828
2.019996
2.041369
2.026754
2.009107
2.014067
1.996389
1.993053
2.009396
2.010838
1.990857
1.986098
1.994617
1.999485
1.993995
2.016114
2.014296
2.010661
2.023646
1.983340
2.000272
1.998207
2.002907
1.985280
2.008106
2.020759
2.036028
2.047112
2.000751
2.004846
2.027569
1.993018
2.011442
2.000460
1.996152
2.025624
2.007978
1.995149
2.000772
1.996576
2.005050
2.016702
2.033130
2.033392
1.997988
2.002147
1.988842
1.999804
2.003323
2.011238
1.998557
1.989756
1.997936
2.006112
2.037421
2.014024
1.999279
2.011272
2.020996
2.028785
2.005825
1.998630
1.991292
1.986695
2.000649
1.984031
1.966797
1.972755
2.008908
2.019180
2.009617
1.997207
2.012420
2.005801
1.992239
1.985923
2.003799
1.996778
1.987825
1.999336
2.005784
2.009501
2.012223
2.017008
2.002480
2.008370
1.974637
1.967066
2.003479
2.013552
2.015643
2.007216
2.014791
2.015747
2.036847
2.025207
1.980097
1.979709
2.002009
2.015839
1.994151
1.985731
1.997127
2.009440
1.995541
2.002259
1.956474
1.968975
2.002657
2.004496
1.993220
1.967174
2.017646
2.004787
1.995234
1.983265
2.005269
2.008150
2.011162
2.032413
1.996316
1.986525
1.949843
1.982592
1.991307
2.006559
1.999048
2.021782
2.009241
1.990186
1.967232
2.000651
2.006978
2.000258
2.011659
2.027748
1.998977
2.008411
2.002774
1.991677
1.998841
2.003662
2.032679
1.992403
2.003499
2.011486
2.029987
1.994355
1.997580
2.020782
1.993393
1.989593
2.006037
2.009507
1.969181
1.982178
1.994529
1.991177
2.018810
1.977668
2.017200
2.019112
2.033792
2.025434
2.009237
2.012630
2.017434
2.027887
1.990908
1.982513
1.979921
1.976427
2.003513
1.998626
1.964277
1.983832
1.991019
1.985161
1.982357
1.970560
1.993480
1.996168
2.008148
2.028284
2.004571
2.008833
2.015825
1.993994
1.972548
1.969592
1.977776
1.993060
2.000514
2.003828
2.008533
1.991883
2.000858
1.991158
1.976725
1.977059
1.999017
1.984981
1.990706
2.009248
1.979187
1.991943
1.987368
2.001084
1.995401
2.001158
2.016236
1.956591
1.989397
1.994441
2.001516
1.986503
2.001853
1.990658
1.982855
1.990153
1.997720
1.995374
2.023580
2.012438
2.002639
2.012448
2.026063
2.043898
1.967268
1.965407
1.964384
1.963673
1.990966
1.994052
1.985487
1.960704
2.000467
2.019636
2.013361
1.990851
2.007137
2.008725
2.023555
2.026170
1.988690
1.977419
1.977236
2.013679
2.006986
1.999834
2.025428
2.049545
2.022342
2.032268
2.028502
2.022937
1.999601
2.006906
1.994169
1.987203
2.002242
2.004972
1.988597
2.013078
2.009265
2.013763
2.013601
2.009781
2.005882
1.996678
1.971028
1.965263
2.005126
2.007909
2.008959
2.003439
2.015565
2.010016
2.009999
2.016673
1.997272
1.995502
2.025809
2.014380
1.985032
1.980167
1.951369
1.951719
2.007610
2.002349
2.022901
2.014548
2.011313
2.009549
1.970686
1.952325
2.009330
1.998875
1.983708
1.983734
1.985657
1.981040
1.987042
2.012381
2.006612
2.016653
2.004011
2.006768
1.995597
2.008813
1.979422
1.994273
1.996823
1.994277
1.955217
1.969126
2.000762
2.008493
1.999248
2.018292
2.007399
2.010313
2.003872
2.025279
2.005110
2.006436
2.031034
2.011514
2.005746
2.009112
2.010757
1.990792
2.013152
2.013522
2.044484
2.055048
1.997711
1.999287
2.023204
2.030699
2.005660
2.005668
2.019667
2.006100
2.004249
2.005103
2.022301
2.004001
2.020076
2.029460
2.015097
1.996292
2.000927
1.984908
1.993389
2.018629
2.008195
2.010387
2.013504
2.024538
1.987765
1.975437
1.994819
1.992490
2.003868
2.012342
2.018429
2.022955
1.985886
1.995011
1.998074
1.981026
1.993890
1.989462
1.995991
1.983051
1.998447
1.976318
1.951830
1.959834
2.012737
2.014034
2.002239
2.006491
2.000449
1.989314
1.972216
1.992035
2.004428
2.008724
2.033502
2.031923
2.002434
1.987427
1.982564
1.993181
2.007705
2.009374
2.019019
2.038826
1.992802
1.990570
1.984740
1.994766
1.994196
1.988478
1.988630
1.974273
1.995173
1.991307
1.993347
2.018855
1.992029
1.985646
2.013236
2.001739
2.007180
2.010243
2.022040
2.022011
1.993045
1.995633
1.984350
1.968485
2.021082
2.017007
2.023365
2.033781
2.010643
2.019056
2.028649
2.025887
2.011987
2.005015
1.988896
1.992771
1.993096
1.989508
2.017367
1.994786
1.996283
1.994635
2.016671
1.982570
1.986520
1.989550
2.011385
2.011900
2.006827
2.011569
2.030812
2.002820
2.010435
2.018508
2.011556
1.999414
2.003225
1.997470
1.957535
1.974249
1.998208
1.997519
1.993584
1.958358
1.993183
1.990435
2.002432
2.010894
1.995042
1.992180
1.985574
2.009743
2.000426
2.006873
2.011314
2.014569
1.997331
1.995064
1.979521
1.961530
2.000645
1.999395
2.005401
1.994573
2.006000
1.997302
2.021591
2.049079
1.998372
1.996146
2.028900
2.032655
1.997430
2.015770
2.027250
2.020789
2.006473
1.996236
2.034244
2.023668
2.009093
2.013804
2.026635
2.021817
2.002453
1.996948
2.005907
1.982991
1.999754
2.006298
1.995971
1.977843
2.010163
2.017443
2.017407
1.994904
2.008107
2.013401
2.036246
2.032340
1.989022
1.982160
1.986663
1.998368
2.001999
1.990829
1.966773
1.980701
2.008374
2.011782
2.034920
2.009799
2.014910
2.011052
2.010194
2.008654
2.006963
2.018573
2.008019
1.985802
1.985367
1.990507
1.999157
2.029686
2.002065
2.008162
1.994418
2.013894
2.004779
1.994183
1.993441
2.010114
1.996316
1.989731
1.976026
1.962572
1.994547
1.990788
1.984290
1.959815
2.006392
2.006522
2.016461
2.018007
1.992729
1.994355
1.986489
2.004911
1.985669
1.982018
1.990144
2.001452
2.000484
2.000020
2.000628
2.016363
2.001538
2.004447
1.984981
1.994637
2.007827
2.003799
1.986177
1.988072
2.001395
2.006244
1.993578
2.011225
1.989807
1.987794
2.009115
1.996600
1.998294
1.994550
1.996107
1.985433
2.002298
2.001039
1.986159
1.982259
1.991537
1.997865
2.010034
2.011204
1.983937
1.981714
1.995657
1.942380
2.006751
1.999024
2.002296
1.995403
2.008404
2.002424
1.991574
2.015384
2.001072
2.000500
2.001474
1.990374
1.998996
1.991959
1.978322
1.970101
2.008611
2.000628
1.984512
1.995265
2.016395
2.016194
2.009565
1.995288
2.005262
1.995030
2.009584
2.019246
1.995209
1.998794
2.041164
2.040863
2.012910
2.002052
1.995322
1.991931
1.999494
1.998390
2.016350
2.005054
2.003874
1.999942
2.006590
1.987753
2.008480
2.017562
2.045190
2.002835
2.000330
1.999037
1.967809
1.976651
1.965670
1.952002
1.948792
1.972226
1.987769
1.992808
1.960080
1.998288
2.001013
1.998957
1.975396
1.972802
2.016354
2.018221
2.036158
1.993124
1.997090
1.999848
2.003825
2.018038
2.000525
2.010171
2.000387
1.993641
1.988813
1.994788
2.004971
2.020048
1.992966
1.986971
1.976013
1.950143
1.994433
1.983959
1.978330
1.993836
2.006121
2.024287
2.020106
2.010597
1.998448
2.002586
1.972278
1.963990
1.994835
2.013631
2.020433
1.991009
2.001539
1.998631
2.014657
1.994162
1.997560
2.002031
2.006736
2.009626
2.023514
2.022107
1.994831
1.973938
1.996239
1.978325
1.982721
2.011414
1.999077
1.994637
1.994089
1.985821
1.996690
2.002597
2.000516
2.015799
1.992958
1.996297
2.013518
1.996009
1.995694
1.987039
1.964411
2.009534
1.995833
1.986919
1.972986
1.986574
1.991796
1.978283
1.977889
1.962443
2.003100
2.000585
1.979908
1.950162
2.012699
2.013717
2.057918
2.037498
2.010269
2.007454
2.003877
1.984802
2.014712
2.019464
1.988781
1.993293
2.000750
2.020869
2.008029
1.997739
2.022321
2.028922
2.021109
2.014283
1.998851
2.010062
2.002928
2.008345
1.985521
1.981882
1.971922
1.979698
1.991031
1.996854
2.004633
2.000296
2.002346
2.022489
2.009561
2.026323
2.002291
2.002767
2.015225
2.018595
2.002530
1.990472
1.989997
2.004025
2.008466
2.013870
1.987482
2.003525
1.997824
1.997162
1.989670
1.990019
1.999631
2.000310
1.984407
2.017928
2.003218
1.992304
1.993312
2.014174
1.996644
1.982562
1.966514
1.999163
2.004068
1.992078
1.993919
1.998315
1.979585
1.993443
2.013320
2.025438
1.982163
1.981346
2.001145
2.000029
1.990404
1.987325
1.985484
1.999801
1.983204
1.978856
1.956533
1.972298
1.991232
1.982691
1.969513
1.984326
2.008819
2.008383
2.026703
1.999546
2.004121
2.009380
2.012736
2.007370
1.988780
1.981262
1.998439
2.031685
1.980637
1.979175
1.962130
1.968973
1.994045
1.992345
1.982725
1.967881
1.988096
1.995058
1.982025
1.966502
1.985367
1.992395
1.994763
2.007335
2.010855
2.020415
2.020535
2.024982
2.011598
2.001891
2.017528
2.027104
1.989225
1.991145
2.009871
2.035253
2.009298
2.016228
2.005785
1.969506
2.009619
2.008551
2.002901
1.992412
2.001345
2.013858
2.038137
2.025204
1.997018
2.015146
2.036585
2.024589
2.010012
2.011215
1.987946
2.006885
2.013164
2.022904
2.027963
2.031823
2.000059
2.011818
2.011972
2.032293
1.998794
2.004427
2.011607
1.973161
1.978678
1.975106
1.956144
1.964588
2.011726
2.010151
2.055800
2.022573
2.002545
2.008560
2.006899
1.995825
2.014270
2.028566
2.019948
1.998157
2.002750
2.008421
2.008329
2.003545
1.997391
2.010084
2.008401
2.001653
1.987299
1.995280
1.999488
1.989866
2.014006
2.008832
2.022920
2.016546
1.990079
2.001976
1.974545
2.008671
1.998999
1.999357
2.006769
2.023368
1.996218
1.993485
1.989105
2.013447
2.001487
1.990172
1.981039
1.996378
2.001030
1.990273
1.987592
1.985102
2.014006
2.020092
2.021191
2.001068
1.977351
1.976180
1.962361
1.949825
2.002395
2.012479
2.028289
2.009786
1.996869
1.981355
1.952619
1.948752
1.994371
1.996418
1.980490
1.997878
2.012776
2.016712
1.993461
1.972226
2.000844
2.001172
2.037732
2.048992
2.000465
2.019291
2.025455
2.021841
1.999743
2.005321
2.005344
2.011358
2.002101
2.004588
2.013405
2.012074
1.979698
1.986381
1.984844
2.011612
1.988800
1.988939
1.969985
1.954928
1.992926
1.995163
1.995921
1.968233
2.000038
2.008954
2.030330
2.007124
1.995706
2.007935
2.033523
2.027832
1.991171
1.991581
2.002926
2.029372
1.995642
1.991639
1.999764
1.981991
2.007277
2.011775
2.010899
2.016484
1.996632
1.992056
1.985866
1.954532
2.002029
2.016459
2.033088
2.008266
2.016325
2.007091
2.034863
2.012929
1.995310
1.996087
1.975081
1.994798
1.991070
1.994315
1.987482
2.008616
2.011324
2.005357
2.022125
2.003378
1.997892
1.998290
1.943432
1.978078
2.010984
1.999293
1.987236
1.994588
2.019799
2.007322
2.021930
2.021824
2.000629
2.009975
2.025669
2.013634
1.999739
2.008281
2.019637
1.992820
2.019385
2.021903
2.040566
2.010631
1.996972
2.008216
1.988658
2.000264
2.005697
2.017758
2.044452
2.010211
2.002703
2.005169
2.028019
2.030309
1.987651
1.997829
1.976791
1.988454
2.001257
2.000074
2.000871
2.000337
2.005737
2.012470
2.015414
2.004711
2.003705
2.008547
2.024760
2.003956
1.985428
1.992985
1.975577
1.973450
2.003690
2.002771
2.016953
2.005386
2.009282
2.016474
2.018149
2.019770
2.001763
2.007773
2.009159
1.985089
2.001471
1.998857
2.007672
1.995758
2.014943
2.013427
2.017823
1.993353
2.009636
2.004956
2.016694
2.022879
2.000100
1.996879
1.958083
1.942327
2.000170
2.004857
2.008229
2.019488
2.003715
2.013495
2.006216
2.023357
2.002277
1.993348
2.012679
2.000903
2.004708
2.011326
2.024244
1.992063
2.017256
2.007281
2.015948
2.007814
1.997621
1.979271
1.962670
1.979039
2.000971
2.000941
1.976630
2.008987
1.996813
1.980530
1.990429
2.010104
1.995818
1.994953
2.003140
2.007410
1.996592
1.993001
1.965355
1.980521
1.992239
1.986328
1.994536
2.003864
1.993353
1.989014
1.991645
1.977385
1.976551
1.981874
1.968161
1.995231
1.992592
1.998156
1.998882
2.035711
2.010431
2.018658
2.046197
2.071602
1.983465
1.990396
1.991620
1.984775
1.994323
1.992771
2.022771
2.032218
1.998652
1.982845
1.979004
1.977461
1.998060
1.997677
1.962336
1.986417
2.004536
2.000397
1.970569
1.982796
1.999159
2.002177
1.998114
1.985852
1.986768
1.981644
1.987171
2.001137
2.008113
2.017741
2.001295
2.020169
1.999683
1.989351
1.981504
1.989983
1.992702
1.992494
1.973217
2.000732
2.012555
2.015285
2.020871
1.999176
1.987988
1.996104
2.019278
2.026019
2.002267
1.999243
1.994126
1.983672
1.999252
2.008116
2.003184
1.985334
2.014803
2.012625
2.008184
2.026413
1.994544
1.995067
1.989509
2.006643
1.995590
1.986028
1.975712
1.956284
2.001393
2.003314
1.992718
1.986433
2.011029
2.009535
2.003676
2.010504
1.982224
1.986861
1.967235
1.979606
1.986633
2.004713
1.987166
2.020223
1.998106
1.972756
1.973480
1.969626
1.998832
2.002011
1.987118
1.981738
1.993614
1.996630
1.965876
1.959661
1.993059
1.977573
1.955842
1.962637
1.999853
1.995736
2.014938
1.994398
2.000795
2.006486
1.998401
2.005649
1.993933
1.981340
1.979277
1.984987
2.003634
2.001500
2.020957
2.042203
2.001251
2.007709
2.019752
1.996167
1.992746
1.985742
1.976876
1.999073
1.997205
1.996378
2.009470
1.987316
2.010934
2.003915
1.998114
1.997565
2.011992
2.007953
2.014687
1.985845
2.004137
2.000720
2.008878
2.007963
1.979195
1.984194
1.995763
1.993761
2.010492
2.015257
2.026190
2.023853
1.992564
1.996664
1.992439
2.005679
2.011832
2.007787
2.001198
1.985778
2.004538
2.008374
2.042139
2.010900
1.983728
1.980656
1.958443
1.991375
1.998133
1.990496
2.010894
1.996670
2.007379
2.009060
2.003713
2.027100
2.000677
2.003324
2.010684
2.012648
1.996624
1.993695
1.969999
1.988855
2.005414
2.003285
1.985576
1.987888
2.017955
2.012062
2.009735
2.024218
1.996937
2.001480
1.993041
2.003578
1.990135
1.996259
1.992446
1.994422
1.994526
1.997825
2.004881
2.030180
2.007595
2.002320
1.994821
1.997064
2.015773
2.007874
2.014072
1.998147
2.000575
1.999694
2.004412
2.009859
1.991777
2.001030
2.000388
1.993568
1.984595
1.979354
1.996632
1.997274
1.996078
1.982294
1.925777
1.971823
1.989414
1.989576
1.972088
1.985957
1.998493
1.989459
2.009649
2.024886
2.006551
2.002496
2.000416
2.000439
2.003898
2.007545
2.026454
2.016612
1.984285
1.993141
1.984419
2.004497
1.991702
1.990208
1.989096
1.988593
2.003873
2.003827
1.993472
1.977878
2.005631
2.006839
2.040491
2.035534
1.990864
1.982582
1.958968
1.953448
1.995006
1.993497
1.995144
1.965257
2.017026
2.005218
2.000901
1.999574
2.004716
2.007890
2.005643
1.998685
1.992492
1.985012
2.000736
2.029614
1.991049
1.994578
2.009131
2.003146
2.005031
2.010931
2.015251
1.978515
1.996076
2.003422
2.013800
1.982890
