2.005136
2.008531
1.996375
1.985063
1.998752
2.006024
2.006712
1.991582
1.996731
1.994669
2.002323
2.014434
2.004750
2.006682
2.020705
1.983007
1.999151
1.993666
1.989057
1.980016
1.979883
1.983560
1.974345
1.992623
2.011758
2.011135
2.007305
2.020109
1.993907
2.013053
2.032039
1.984860
1.997581
1.986448
1.972718
1.971475
1.996561
1.994813
1.992971
2.019427
1.992483
1.985173
1.992138
2.003656
1.989846
1.992695
1.959923
1.957880
1.991538
1.992342
2.037174
1.965185
2.008137
2.003045
1.973889
1.953054
2.002781
1.998053
1.985867
1.970403
1.997062
1.999878
2.021758
2.019668
2.001771
1.998434
2.017331
2.039140
2.000195
2.011931
2.003379
1.997572
2.009228
2.000615
1.999942
2.012480
1.981693
1.972537
1.986331
1.983357
1.992921
1.987737
1.994614
1.979493
2.011479
2.005650
2.013083
1.980853
2.002488
2.004818
2.007870
2.012148
1.983886
1.982101
1.994790
2.000876
2.013815
2.014481
2.010289
1.978902
1.999255
2.009008
2.033285
2.026592
2.011305
2.005437
1.994685
1.984790
1.999778
1.995844
1.965158
1.958328
1.990251
1.995274
1.994316
1.967557
2.004936
2.003131
1.999739
1.998727
1.997076
1.996833
2.003491
1.996883
2.002690
2.007665
2.014574
2.013831
2.002947
1.990711
1.992457
1.979367
2.004324
1.996804
1.948468
1.990413
2.007528
2.013607
2.038434
2.038702
2.000649
2.007242
2.000508
2.001199
1.991712
1.997074
1.992627
1.997422
1.981872
1.968701
1.931327
1.947034
1.989004
2.002588
2.023829
2.004118
2.012687
2.010805
2.016002
2.030150
2.004948
2.001377
2.013640
1.997232
1.992324
2.000777
1.997176
1.992762
1.998513
2.004407
1.993192
1.981646
2.005972
2.002612
1.999306
1.976287
2.004074
2.005806
2.011945
2.014575
1.993861
1.986256
1.983228
1.975291
2.006901
2.003035
1.997352
1.992178
1.996325
1.985123
1.968121
1.959270
1.981216
1.988163
1.981517
1.983877
1.991874
1.989292
1.994524
2.010663
1.999897
1.991178
1.992117
2.026371
2.006037
2.007241
2.041900
2.037397
1.989712
1.991222
2.013260
2.016939
1.999905
1.996261
1.999878
2.004779
1.997232
1.998925
1.967475
1.997546
1.999779
2.004682
2.003758
1.994378
1.993922
1.984929
1.998397
2.024464
2.003757
2.006942
2.011340
2.006403
2.002990
2.008685
2.015738
2.019207
2.001267
1.995040
1.980299
2.019850
2.009273
2.012806
2.012415
1.984281
2.004210
1.997912
1.997113
1.997354
1.974362
1.965521
1.965547
1.956610
1.995730
2.006014
2.004651
2.030920
1.991622
1.996834
2.019529
2.017858
2.014690
2.007100
1.986874
1.985052
1.990569
1.985018
1.974088
1.967773
1.994091
2.000235
2.009094
2.019497
1.986015
1.994161
2.000480
2.020364
2.002828
1.997445
1.969582
1.972657
1.997778
2.002225
1.994555
2.015804
2.017129
2.018959
2.006324
2.027808
2.001088
1.996360
1.976392
1.964441
1.992834
1.992682
1.988186
1.972749
1.997608
2.010715
2.021547
2.000700
2.007352
1.998327
1.997758
2.026230
1.995174
1.992774
1.966502
1.973072
1.998402
2.004293
2.007410
1.997443
2.005812
2.011814
2.004921
1.989419
2.009005
2.003504
1.973052
1.964495
2.000627
2.007497
2.033965
2.011521
1.999860
1.991806
1.984918
1.971873
1.998689
1.992650
2.013237
2.023549
1.995542
1.987073
1.971524
1.992148
2.007118
2.014184
2.025135
2.035311
2.012822
2.005836
1.995043
1.988104
2.010396
2.010892
2.011340
1.984948
2.012045
2.008792
2.025188
1.994046
1.989021
1.994492
1.984594
1.997873
1.999012
2.000757
2.006644
1.998452
2.012083
2.015744
2.032967
2.014864
2.005060
2.006586
2.001088
1.989253
1.991500
1.986951
1.951692
1.984828
2.011796
2.014018
2.010436
1.990067
1.997115
2.005618
2.033368
1.993599
2.014782
2.002275
1.991951
1.978947
1.995267
1.983133
1.996099
1.981894
1.999719
2.011384
2.020556
2.015351
2.014165
2.015632
2.029995
2.035186
1.999083
2.019858
2.015117
2.002030
2.005129
2.000978
2.007418
2.023151
2.012943
2.009625
1.978510
1.998793
1.992866
1.986495
1.953999
1.948461
1.984333
1.989551
1.970592
1.977368
2.017220
2.013671
2.043459
2.032119
2.011015
2.017908
1.979733
1.989055
2.003032
1.993156
1.992108
1.987538
2.012680
2.023983
2.030494
2.032432
2.017711
2.025164
2.018762
2.020075
1.993393
1.994455
2.016142
2.024020
2.002360
1.993943
1.963470
1.992644
1.997197
2.003205
1.992469
2.008453
1.988634
1.983059
1.947937
1.969145
1.999964
2.011205
2.023551
1.989452
2.004764
2.015229
2.011823
2.032410
2.003854
2.002329
2.012273
1.998752
2.002873
2.004354
1.969647
1.985576
2.001899
2.012949
2.021000
2.031440
2.003533
2.001058
2.011228
1.989207
2.016169
2.014300
2.048335
2.059106
1.991183
1.996603
2.004286
1.993487
1.995631
1.998475
2.016691
2.025782
1.999040
1.987035
1.999768
2.000589
1.995920
2.004982
1.989945
2.017281
2.010290
2.005095
2.010899
2.005187
1.990241
1.992393
1.994905
1.972681
2.001336
2.003256
2.034905
2.036887
2.001309
1.997598
2.014573
2.006544
2.005477
2.010219
2.002052
2.003255
1.992060
2.000725
2.012004
2.017855
2.018839
2.028305
2.022786
2.012371
2.009132
2.002249
1.999973
2.008722
2.005110
2.021425
1.997868
1.993842
1.976773
1.992147
1.956396
1.973028
1.993248
1.989577
2.025481
2.027073
2.002380
2.002836
2.008868
2.011324
1.990569
1.988292
1.995684
2.002074
2.004595
1.996641
1.987931
1.984665
1.997497
1.986196
1.984859
2.003690
1.997931
1.980236
2.013134
2.013497
2.011164
2.008117
1.973558
1.963505
2.003090
1.997489
1.990680
1.988985
1.992610
2.002619
1.993715
2.013126
2.004520
2.010752
2.008393
1.998634
1.983529
1.982754
1.980234
1.987657
1.995827
1.992635
1.953078
1.972969
1.990427
2.007670
2.030722
2.021054
2.008350
2.008191
2.004936
1.995279
1.996123
1.998881
2.003993
2.013994
2.006162
2.005919
2.020171
2.002652
2.013389
2.010250
2.026849
2.040200
1.998720
1.990569
1.978759
1.973914
2.012649
2.016462
2.025608
2.017225
1.999640
1.988246
1.974235
1.999432
1.998791
2.011149
2.023770
2.008552
1.996641
1.982301
1.997623
2.022609
2.010828
2.023715
2.047470
2.039055
1.993391
2.005470
2.004198
1.995842
1.996506
2.006130
2.000590
2.006334
1.997217
1.994014
2.008788
1.990657
1.991135
1.987861
1.997673
1.988260
1.991546
1.995363
1.992571
1.977542
1.986687
2.006561
2.030401
2.005061
2.010889
2.007121
2.035620
2.029806
2.011743
2.005644
2.017733
2.027531
2.006119
1.993941
1.981594
1.988260
2.004310
2.018336
2.009060
1.999824
2.001428
2.005371
1.998666
2.011740
2.009469
2.015394
1.996616
1.992330
2.025490
2.031016
2.033024
2.008985
1.992109
1.987762
2.018014
2.003589
2.000129
2.005102
2.028835
2.005725
2.007730
1.996362
1.995943
2.012726
2.007771
2.021824
2.036166
2.045013
2.015545
2.012141
2.016598
2.020568
2.016267
2.010979
1.996038
1.993929
2.002210
1.988166
1.942292
1.951775
1.999059
2.002838
2.017838
1.998147
1.996897
2.000046
1.985724
2.004367
2.001133
1.997371
2.015979
2.021676
2.008762
2.017291
2.000715
1.992462
2.011197
2.003806
1.997851
2.032778
1.999364
2.006618
2.044486
2.025516
2.000588
1.983532
1.968577
1.973449
2.005815
1.997956
2.014014
2.006151
2.002498
2.004916
2.011591
2.021628
2.000940
2.013341
1.999594
2.005336
1.999862
1.996037
2.008861
2.008819
2.003142
2.008537
1.974844
1.966350
2.002121
2.006085
2.019631
1.993747
1.998997
2.016661
2.027254
2.014996
1.994944
1.993805
1.975790
1.970608
1.992922
1.987517
2.001674
1.998120
1.996388
2.003133
1.957794
1.970055
2.002106
2.006836
2.014905
2.000202
2.011029
2.016448
2.014830
1.995072
2.014834
2.007388
1.999310
2.019913
2.000558
2.003742
2.002491
2.001565
1.991398
2.006089
1.998811
2.021161
2.006664
2.019375
2.018560
2.053724
2.013940
2.014261
2.014351
2.006602
1.999501
1.995567
1.978604
1.978200
2.010663
2.005829
2.008026
2.012812
2.003878
2.010943
2.030041
1.994483
2.000580
2.001802
2.022490
2.027092
1.998071
1.993694
1.982357
1.963126
1.992509
1.999435
2.012552
1.996350
2.004510
2.014712
2.003114
1.993936
2.007746
2.011309
2.013891
2.025887
1.986149
1.987797
1.978887
1.967317
2.001976
2.003209
2.007939
2.024619
1.987021
1.980607
1.981699
1.986783
1.990550
1.988885
1.993937
1.993174
2.006141
2.010278
2.017603
1.995505
1.998279
2.002202
1.995972
1.999240
1.998762
1.995637
1.987283
1.984671
1.998800
1.989301
1.959832
1.982903
1.991482
1.990992
1.998031
2.005136
1.977366
1.989023
1.987220
1.998721
2.008964
2.005492
1.988519
2.012208
2.005568
2.001428
1.984455
2.002453
2.008099
2.002051
1.995374
2.002246
1.991583
2.005593
2.019835
2.056650
2.002500
2.012975
2.025772
2.044364
2.006889
2.012195
2.008622
1.969925
2.008027
1.996426
2.005950
2.016867
1.999939
1.999892
2.026458
1.999625
2.004878
2.013467
2.022569
2.009219
1.986749
1.975097
1.975216
2.012803
2.006318
2.007504
2.001525
2.030719
2.009803
2.016499
2.056638
2.003989
2.008391
2.017498
2.027539
2.010114
2.001954
2.002351
2.004730
1.994129
2.009436
2.014482
2.013258
2.008231
2.001063
1.993842
1.986183
1.996038
2.015164
2.016106
2.036313
2.008930
1.993218
1.995020
1.988369
1.995062
1.995196
1.996398
1.974069
1.984554
1.985084
1.981334
1.955410
1.952967
1.996774
1.988492
1.954440
1.960562
1.994513
1.983628
1.973269
1.987324
1.986842
1.984695
2.020671
2.016976
2.011020
2.015214
2.005871
1.987265
2.005970
2.015513
2.002906
2.004827
1.984609
1.974494
1.989040
1.941692
1.999280
2.002380
1.996977
2.001417
1.984749
1.981437
1.986053
2.001358
2.010856
2.008508
1.980165
2.007245
2.005218
2.007861
2.033859
2.016228
2.005826
1.983030
1.995588
1.962300
1.990814
1.993813
2.006290
1.989388
1.994169
1.987967
1.983398
1.995014
1.991729
1.993221
1.973031
1.953324
2.004964
2.005746
2.022626
2.005628
1.994481
1.982911
1.979769
2.003704
2.011993
2.015113
2.055955
2.037070
2.008259
2.023865
2.030431
2.009890
2.001956
2.011354
1.990713
2.025346
2.003334
2.011395
2.019678
2.023921
1.982114
1.987820
1.967255
1.992567
1.994447
2.004707
1.994756
2.005206
2.009079
2.010072
2.017455
2.019552
1.994748
1.996684
1.996299
1.997809
2.001591
1.990451
1.973391
1.999159
2.005489
2.008571
1.998063
1.999715
2.006735
1.995899
1.994968
2.012640
1.997256
1.999734
1.973288
1.975118
2.001531
2.012920
2.011854
2.009926
1.994759
1.988492
1.986861
1.972320
1.993395
1.984599
1.994496
1.980591
1.994516
1.979209
1.960482
1.995060
1.994519
2.000650
1.975864
1.974075
2.000837
2.003013
2.004211
2.002580
2.021900
2.019548
2.027048
2.035484
1.987287
1.995645
2.014953
2.011197
1.981212
1.975124
1.955355
1.968623
2.017900
2.022395
1.992605
1.987792
2.013821
2.010428
2.010622
2.014535
1.985533
1.988592
2.010563
2.012464
1.985275
1.993439
2.009371
2.014937
1.984194
1.982953
1.961054
1.962292
1.991630
1.978972
1.988676
1.980411
2.024756
2.031715
2.025157
2.026299
1.993478
1.990460
2.003914
2.012576
1.993203
1.991952
1.997140
2.000241
2.009633
1.999673
2.011527
2.017394
2.022780
2.014783
2.007902
2.002235
2.010309
2.017258
2.020832
2.019527
2.006276
1.996578
2.021469
2.048442
1.989133
1.986598
1.981461
1.951936
1.995152
2.015700
2.034748
2.019596
1.989938
1.978133
1.989185
1.982769
2.005787
2.016025
2.024771
1.997256
2.003353
1.998849
2.006201
1.983184
2.020638
2.007199
1.989294
1.983465
1.980934
1.974247
1.951855
1.974586
1.992359
2.000598
1.981232
1.997120
1.989307
2.000857
1.990043
1.980700
2.001403
1.990106
1.962549
1.977652
2.007930
2.014474
1.996212
1.986509
1.996707
2.012358
2.007263
2.005438
2.019938
2.029127
2.033449
2.033066
2.011258
2.021981
2.026279
1.983102
2.001096
2.007719
1.993679
2.010823
2.013694
2.007898
1.984242
1.997293
2.003843
2.002440
2.005080
2.020030
1.991976
1.981453
1.953691
1.984588
2.008831
2.009551
2.009560
1.963167
1.992994
1.995266
1.988079
2.007952
1.986732
1.992206
1.984257
2.012912
2.001026
2.012276
2.023808
2.007486
2.006559
2.020178
2.013437
2.023348
1.995243
1.993774
2.001613
1.997276
2.000571
2.004327
1.991112
2.009865
1.994638
1.991413
1.972410
1.973545
1.997891
2.016476
2.022585
2.019448
2.001629
2.005258
2.026830
1.997461
1.999701
2.003753
1.985089
2.007871
1.985571
1.983056
1.996555
1.944079
2.005348
2.000612
2.007177
2.003216
1.998167
1.998964
1.999976
1.975518
1.984238
1.976214
1.978197
2.008463
2.007187
2.011886
2.049419
2.025169
2.008675
1.999999
1.981686
1.994002
1.974757
1.984194
1.986034
1.992139
2.007422
2.010473
2.011246
2.010874
1.998786
2.008536
2.008507
2.006996
1.993515
1.992467
1.960867
1.956023
1.997785
1.996523
2.014192
2.002764
2.017461
2.018529
2.054584
2.014057
1.993435
1.994885
1.988128
2.006668
2.004378
2.001138
2.022724
2.013898
2.003869
1.988915
1.993758
2.007662
1.990335
1.996152
1.963481
2.001711
2.006039
2.005793
2.014015
2.007729
1.998213
2.007842
2.024734
2.011405
2.007396
2.014911
2.028947
2.010649
1.977938
1.964503
1.964542
2.005124
1.987965
1.994420
2.009306
2.019444
1.997040
2.010411
2.008170
2.009196
2.004510
2.007390
2.027947
2.036089
1.980823
1.973159
2.003313
1.994050
1.993828
1.982352
2.001794
1.987182
1.994371
2.012001
2.018473
1.992408
1.989883
1.980025
1.984187
1.963530
1.985829
1.994926
1.982219
1.972310
1.986657
1.975896
1.978013
1.989741
1.995668
2.000383
2.024486
2.026701
1.999694
1.994731
1.987974
1.980177
2.008586
1.996344
2.007481
2.020225
2.014458
2.013744
2.012945
1.988122
1.993539
1.991267
2.018408
2.026420
2.008147
2.017515
2.006511
2.000814
1.992059
1.979399
1.978935
1.964414
1.994408
2.006199
2.000508
1.998497
2.000023
1.993027
2.011091
1.999733
1.994528
1.994186
1.975836
1.992560
1.997328
2.003356
1.998934
1.984907
2.000975
2.020067
2.007460
1.998904
1.988362
1.988058
2.004053
1.995680
1.990706
1.974097
1.983720
2.001507
2.020310
2.017301
2.027383
2.021640
2.009947
1.998814
2.015389
2.007378
2.002223
2.022425
2.010259
2.027302
2.003858
2.005112
2.003148
1.989845
1.981816
1.988486
1.980647
2.006799
1.995742
1.992292
2.018054
2.005445
1.997979
1.999154
1.991462
2.006310
2.000089
1.999967
1.983331
2.016193
2.018165
2.011521
1.981617
1.961088
1.997803
1.985644
1.977839
1.978735
2.014466
2.013927
2.024796
1.996089
1.993435
2.001024
1.993292
2.006545
1.980021
1.977256
1.991135
1.994926
1.990034
1.997034
1.999616
1.987351
2.010573
2.021092
2.008096
2.024110
1.978145
1.973814
1.981609
1.996226
1.993989
1.989264
1.996131
1.998080
2.004614
2.009069
2.013061
2.008581
1.991117
1.984079
2.013794
1.999703
2.000758
1.999331
1.985481
1.970714
1.985730
1.993825
2.005355
2.004674
1.998480
1.998587
2.018870
2.014101
1.985160
1.991711
1.993885
2.010142
2.003818
2.015339
2.009787
2.004242
1.998095
1.999500
1.980727
1.988045
1.995072
1.990358
2.034946
2.024390
2.003034
2.000396
1.996148
2.019442
2.009893
2.009461
2.005602
1.991762
1.994244
1.995530
1.985772
1.965385
1.998245
1.999819
1.990367
1.981658
1.994764
1.994266
1.976474
1.973466
2.004206
2.006168
2.002049
2.005917
2.001002
2.012596
2.013729
2.032920
2.010982
2.006385
2.009472
2.031232
1.991110
1.977585
1.971580
1.976202
1.998017
1.995966
1.984159
1.979547
2.014387
2.011666
2.050624
2.022891
2.015358
2.029813
2.020395
2.001663
1.987064
1.988281
1.993921
1.996108
