1.996509
2.000352
2.010242
2.000955
2.006122
1.995479
1.980640
1.976834
1.993404
1.995445
2.020732
2.012415
1.996243
2.004496
1.990684
2.017730
1.994446
1.991390
1.974276
1.993882
1.999522
2.009192
2.033542
2.025140
1.999501
2.006920
1.996423
2.020987
2.031700
2.025937
2.043554
2.011818
2.006625
2.010187
2.001598
2.009573
1.986989
1.981798
1.948105
1.969598
2.000686
2.002920
2.014722
2.012547
1.997758
1.998594
2.017634
2.025867
2.014688
2.007779
2.021182
1.997906
1.975432
1.991579
1.956999
1.966303
2.004192
2.009115
1.993346
1.973310
2.005394
2.015189
2.002587
2.006334
2.005159
2.009331
2.014112
2.021431
2.002609
1.998814
2.012875
2.009612
1.998253
1.986189
1.981997
2.002579
2.004057
2.003318
1.975151
2.017994
2.002227
1.993814
2.003614
1.995233
1.996986
1.973740
1.947237
1.957654
1.997482
1.984147
1.990361
1.975869
2.004784
2.009962
2.005272
1.995761
2.007839
2.019534
2.019118
1.996203
1.987069
1.975880
1.976416
1.976066
2.010976
2.015785
2.031182
2.045479
1.987616
1.997606
1.994983
1.983965
1.995060
1.994954
1.999786
2.009605
2.002120
2.006644
1.991301
1.991304
1.999436
1.995801
2.000416
2.023803
2.004928
2.007731
2.017066
2.019667
2.011571
2.005313
2.011654
2.013217
2.000081
1.989023
1.977673
2.001708
2.005746
2.009329
2.021951
2.039808
2.000475
2.006235
2.009789
1.996724
1.995020
1.989194
2.021242
1.997722
2.000744
1.982562
1.990822
1.995377
1.997249
2.007795
2.003053
2.006446
1.990458
1.991932
2.010010
2.006220
2.004050
1.998552
1.988309
1.970769
2.004444
1.997463
1.958189
1.970751
1.988195
1.998457
1.991791
1.982400
2.012627
2.009865
2.038935
2.030670
2.004621
2.011948
2.020133
2.017511
2.014343
2.010946
1.987964
1.978225
1.999021
1.997691
1.980563
1.964010
1.988626
1.987493
1.997892
2.003155
2.008630
2.014149
1.996660
1.992475
1.974699
1.980288
1.963526
1.983396
1.995705
1.999541
1.992311
2.017622
2.006252
1.995733
2.040719
2.024640
1.991958
1.984165
2.007570
2.007607
2.008833
2.021265
2.035073
2.045183
2.011213
2.013002
2.005463
2.016892
2.011670
1.996381
1.995395
2.018574
2.008422
2.014399
2.037059
2.037496
1.979054
1.984365
1.964696
1.982677
1.997576
2.001062
1.987253
2.001859
2.005570
1.997301
2.007611
2.016679
1.998029
2.004886
2.034045
2.017661
2.006571
2.015497
2.008237
1.981664
1.991764
2.000132
1.995569
1.995923
2.002277
1.985101
1.966868
1.972207
1.998619
2.005921
2.014670
2.008335
2.009559
2.005434
1.993311
1.985946
1.992599
1.988995
1.982912
1.957537
2.010609
2.017540
2.027961
2.019587
2.002821
2.008884
1.974603
1.967097
2.001470
2.015573
1.992229
1.977191
2.009716
2.010338
2.028955
2.016992
2.000821
2.001377
1.985872
1.993793
1.994775
2.009514
1.994248
1.998965
1.996467
2.003320
1.957860
1.969426
1.976821
1.961269
1.968731
1.986412
2.019458
2.009594
1.993840
1.971903
2.002071
2.001965
1.989834
1.986193
1.999392
1.998987
1.986949
1.982872
1.991806
2.004806
1.993284
2.012732
2.002461
1.991324
1.981366
1.991741
2.008785
1.999000
2.005362
2.026735
2.003573
2.006086
2.011987
1.992738
2.003016
2.003087
2.028415
2.005603
2.003903
2.012532
2.034525
2.001052
2.004885
1.994981
1.971219
1.988973
2.005626
2.011544
1.974523
1.977915
1.994726
1.998621
2.034185
2.032291
2.007990
2.019157
2.005518
1.996860
2.010534
2.014288
2.016023
2.026554
2.002499
2.010452
2.028586
1.982492
2.002328
1.997455
1.957401
1.973206
1.998643
1.997116
1.971221
1.978172
2.010057
2.010555
1.982793
1.999836
2.005290
2.009553
2.015042
1.992645
2.011465
2.015636
1.993538
1.991474
1.997277
1.997519
1.999405
1.980237
1.998188
2.001915
2.001682
2.016597
2.018786
2.016905
2.043794
2.036377
1.979653
1.991357
1.982083
1.998391
1.993882
2.013293
2.014911
2.011598
1.993376
1.998388
2.008440
1.993170
2.007651
2.028100
2.026483
2.013261
2.011972
2.006138
2.015619
2.028817
2.002620
2.011796
2.029495
2.046162
2.013489
2.012479
2.013995
1.990414
1.990025
1.992700
1.990162
1.963706
2.022583
2.022032
1.994593
1.979578
1.994234
1.994851
2.002322
2.011910
1.989503
1.977766
1.976912
2.010463
1.980115
1.985040
1.979097
1.951322
2.020643
2.028587
2.032695
2.019998
1.991736
1.985036
1.960473
2.014201
2.007728
2.004197
2.007571
2.000472
2.009802
2.013112
2.013958
2.008726
1.998253
1.996732
1.983769
1.989366
2.004750
2.008004
2.009105
2.006664
2.006676
2.004365
2.002634
1.983750
1.988425
1.998084
2.016996
1.994424
1.985991
1.980777
1.951416
1.947594
1.995529
1.998846
2.017832
1.987969
2.011490
2.011344
1.972656
1.951672
1.989015
1.988028
1.986757
1.984525
2.010815
2.011456
2.025118
2.051371
2.007401
2.015936
2.002609
2.005931
1.987905
1.998172
2.014058
2.016283
1.997141
1.999402
1.954268
1.973864
2.008218
2.011833
1.986147
2.002979
1.991597
1.992075
1.995564
1.984548
2.004448
2.005688
2.028168
2.013939
1.991347
2.004307
2.004420
1.987475
2.008692
2.008191
2.040491
2.053281
2.002740
1.987968
1.989422
1.997586
1.993883
1.992915
2.000114
2.029556
2.005372
2.007105
2.020720
2.005052
1.997533
2.004379
2.008755
1.986795
2.001282
1.989175
1.997054
2.021117
1.986982
1.977985
1.964491
1.979135
2.013342
2.005302
1.969656
1.974796
2.003653
2.012960
2.019913
2.027942
2.000720
2.002068
2.010121
2.042455
1.991479
1.989616
2.000194
1.991340
1.993949
1.993621
1.988868
1.969155
1.993318
1.988664
1.993388
1.971984
2.001723
1.990529
1.973563
1.991693
1.986409
1.997026
2.010921
2.011953
2.000777
1.982713
1.981188
1.992299
1.992520
1.995034
2.011544
2.039837
2.001437
2.001337
2.008708
1.993162
1.995259
1.990404
1.992365
1.977238
1.992752
1.978636
1.974489
1.994991
1.993896
1.987290
2.006277
1.994824
2.007989
2.007230
1.989626
2.008802
2.002514
1.991813
1.984805
1.977502
2.020462
2.015640
2.019816
2.031926
2.007659
2.020716
2.044891
2.040473
2.013364
2.005023
1.985022
1.988500
2.011131
2.009202
2.052727
2.014446
2.007777
2.008439
1.993562
2.003680
1.986964
1.990239
2.012640
2.018138
1.992018
1.992409
1.993197
1.998711
2.007190
2.015399
2.006241
1.996866
1.990412
1.999648
2.012803
2.002090
2.009879
2.022729
2.040374
2.040513
1.993314
1.992466
2.007673
2.013777
2.004025
2.011248
2.008428
2.024665
2.003615
2.004203
2.004487
2.023415
2.001479
1.988228
1.976982
1.995668
2.019446
2.023455
2.028109
2.016637
2.006762
1.997702
2.021085
2.052038
2.008282
2.023869
2.005307
1.983402
1.998813
2.020492
2.027242
2.025649
1.997378
1.984131
1.967245
1.965479
1.996492
1.991952
2.004304
2.025636
2.001245
1.996763
2.004499
1.979200
1.994238
2.003704
2.023449
2.023986
2.007109
2.015728
2.009982
1.992209
1.997146
2.002099
1.999923
2.010539
2.008981
1.999580
1.993222
1.990210
2.001842
1.990806
1.967151
1.981811
1.989522
1.987014
1.999863
2.008739
2.015726
2.015143
2.011754
2.005462
1.998931
2.006042
2.029536
2.008846
2.000572
2.009973
2.046669
2.036091
2.001923
2.007219
1.995266
2.016036
2.000132
2.019096
2.019214
2.016768
1.992877
1.986206
1.972540
1.964321
1.997393
1.992210
1.982213
1.950575
1.990623
1.998545
1.990605
2.008438
1.993555
1.993311
1.982436
2.001291
1.995142
2.000414
2.008764
2.013576
2.000086
2.002648
2.005298
2.010952
2.014465
2.008417
2.026175
2.002912
1.997064
1.994052
2.005016
2.011822
2.001110
2.007341
1.994629
2.014064
1.985677
1.983488
1.987166
1.978587
1.998020
1.996005
1.994092
1.990089
1.999855
2.008984
2.015455
1.994159
2.009615
2.016717
2.005082
2.005592
1.984572
1.982917
1.998416
1.944755
2.002792
2.008580
2.017687
2.022740
2.009779
1.998552
1.986140
2.012938
1.986520
1.997021
1.977804
1.986562
2.018366
2.014469
2.004703
2.017602
2.006929
1.999213
1.985766
1.996055
1.986852
1.988072
2.002463
2.019440
2.002709
1.994517
2.010348
2.019772
2.002753
2.004239
2.018181
2.005371
2.005141
2.011403
1.994987
1.981679
1.999171
1.996738
2.017810
2.006830
1.992410
2.001219
2.007228
1.971278
2.005129
2.017055
2.040844
1.996323
2.010321
2.002776
2.015179
2.027785
1.985872
1.995107
1.993362
2.015633
1.988944
1.994277
1.962324
2.000368
2.000053
2.006823
2.017433
2.001509
2.015386
2.018028
2.029702
1.983295
2.004555
2.012152
2.023719
1.989681
1.996321
1.999077
2.029371
2.031241
1.991203
1.997596
2.014405
2.023066
2.000444
2.000591
2.020676
1.999480
1.988325
1.977321
1.968462
1.994028
1.998756
2.000656
2.007684
2.009469
2.006110
2.020600
1.991284
2.013297
1.994164
2.012617
2.022911
1.991898
1.991175
1.987747
2.022367
2.038121
1.998415
2.001975
2.009914
2.008839
1.993743
2.001347
1.996543
2.030632
1.997080
1.995338
1.990566
1.985855
1.998840
1.994040
1.994567
1.983000
1.992461
1.988666
1.983784
1.972531
1.997722
2.000070
2.020085
2.006129
1.996335
1.991749
1.960187
1.981097
1.989369
1.973445
1.966983
2.004267
1.990170
1.976759
1.978391
1.966710
2.000370
2.017961
2.011291
2.009666
2.011342
2.013640
2.061144
2.048724
2.000039
1.990236
1.979107
1.985796
2.003415
2.010182
1.993490
2.003541
2.001883
2.019808
2.005457
1.993746
2.008929
2.011283
1.994778
1.976453
2.002207
2.014752
2.011552
2.013594
1.999980
2.008026
2.003324
1.993191
1.989477
1.992229
1.994147
2.009818
2.002410
2.023717
2.011987
2.026112
2.000674
1.994853
2.013813
1.975833
2.003305
1.994853
2.002706
2.010579
2.010817
2.009256
1.999439
2.006491
1.999001
1.996027
2.003021
1.991073
2.000853
2.001169
1.979952
2.011438
1.993321
1.998030
1.989353
2.003153
2.003075
1.992999
1.983199
2.004629
1.994465
1.999368
1.963892
1.957363
2.012922
2.003399
2.003378
2.004099
1.979420
1.978101
1.996765
1.997931
1.997480
1.992588
1.999694
1.988956
1.988178
1.987870
1.969127
1.976382
2.002224
1.999511
2.020290
2.043381
2.007081
2.019289
2.010603
1.993512
2.004792
2.010056
2.015079
2.005666
1.984511
1.990021
1.982323
1.958196
1.984328
1.978490
1.955698
1.973433
2.009486
2.005312
2.006384
1.985197
1.998190
1.997908
1.985067
1.994230
1.985393
1.993855
1.998328
2.013504
2.002812
1.996425
1.979005
1.981631
2.011347
2.002100
2.018356
2.029783
2.010519
2.006223
2.000607
1.990522
1.999379
2.002504
2.035222
2.027054
2.009803
2.009121
2.000832
1.989258
1.997849
1.992842
1.999536
2.002898
1.996798
2.015719
2.039556
2.025245
2.004057
2.004803
2.013398
2.017229
2.006814
2.003481
1.998050
1.995836
2.001695
2.014407
2.015975
2.035389
2.006869
1.999442
2.019269
2.008604
1.977920
1.976141
1.954076
1.959297
1.991002
1.994829
1.986243
1.987421
1.994295
1.979604
1.966153
1.961646
2.015970
2.030112
2.021434
1.996532
2.017692
2.020422
2.038342
2.012488
1.999194
2.010989
2.001020
1.993484
1.988562
1.993216
1.992837
1.985708
2.007417
2.008415
2.007251
2.038100
1.990501
2.004915
1.982315
2.013050
2.005828
1.997283
2.006427
2.013507
2.003623
2.001856
1.993708
2.012941
2.005495
2.003637
2.000178
2.004562
1.989220
1.970782
2.002496
2.009335
2.012119
2.018585
2.022096
2.001761
1.998177
2.005133
1.980496
2.009866
1.999169
2.010050
2.027960
2.006744
2.006605
2.008823
2.037358
2.024790
2.001229
2.002689
1.995945
2.010907
2.011218
2.013972
1.994094
1.974993
1.999923
2.005372
2.012198
2.010862
1.999239
2.014055
2.011139
2.013292
1.992737
1.987628
2.001357
2.030423
1.986823
1.994238
1.970002
1.990584
1.978044
1.981987
1.980978
2.009459
2.007281
2.012631
2.021590
1.995288
1.993056
1.994962
1.992320
1.969283
2.001450
1.995567
1.995860
1.991964
1.992761
1.994040
1.980906
1.999048
1.992649
1.991399
2.001094
2.030366
1.987235
1.986701
1.971908
1.978318
2.005087
2.010283
2.012294
2.021472
1.987897
1.983161
1.979014
1.977038
2.012628
2.005643
1.989149
1.998132
2.016067
2.006690
2.034779
2.013587
1.973670
1.973649
1.986426
1.976496
1.993940
1.998899
1.987561
2.005972
2.017506
2.017299
2.006050
2.025753
1.998603
1.995390
1.966452
1.993345
2.010913
2.001263
1.988917
1.996645
2.007443
2.012341
1.994972
2.001951
2.000667
2.006500
2.020151
2.032891
2.001092
1.995096
1.957527
1.968221
1.995204
2.001576
2.012350
2.013866
1.998600
2.008811
1.986391
2.000381
2.005958
2.022652
2.036915
1.995460
2.004405
2.010004
2.038446
2.028632
2.002465
1.996339
1.987804
1.976247
2.003168
2.006311
2.002961
1.980635
2.006478
2.014829
2.017678
2.001873
2.006004
2.001588
1.979435
2.000818
1.982574
1.990639
1.969236
1.965553
2.008360
2.005455
2.005621
1.983964
1.995495
1.985948
1.991881
1.992834
2.001921
2.009223
2.013041
1.988248
1.978136
1.981902
2.005023
2.014527
2.015978
2.013629
2.010741
1.995429
2.006397
2.004660
2.005090
1.993056
2.003801
1.993143
1.983194
1.984842
2.000560
2.005689
2.011884
2.021349
2.000281
2.007178
1.994951
2.005998
1.999636
1.991926
2.012724
2.007967
1.998210
1.985457
2.000927
1.982424
1.999994
2.002183
2.003518
1.997247
1.999490
1.980911
1.961503
1.979706
2.002000
2.000820
2.002446
2.006809
1.996051
1.980086
1.989402
2.013992
2.017022
2.015341
1.991537
2.011203
1.990465
2.002534
2.002151
1.985290
1.991390
1.985921
1.994680
2.006226
1.990632
1.990775
2.022711
2.022933
1.976331
1.984312
1.976090
1.995251
2.004964
1.994763
1.988088
1.987380
2.002666
1.992782
2.006546
2.005206
1.981104
1.987743
1.989612
1.980909
2.001697
2.002079
2.021245
1.997090
1.994723
1.979833
1.975941
1.976330
1.998767
2.005785
1.989338
2.007842
2.000952
2.002217
2.001954
1.989655
1.998888
2.000499
1.996482
1.985788
2.006582
2.009844
2.010210
2.006521
2.006024
2.018911
2.003801
2.024445
2.000361
2.003776
1.971440
1.981589
2.005260
2.007427
2.030216
2.008382
2.012331
2.015715
2.023502
2.001034
2.000780
2.004494
2.011385
2.016380
2.002078
1.999672
1.993644
1.981779
1.991552
1.992210
2.010984
2.026590
2.009560
2.013207
2.022577
2.009300
1.994211
1.993595
1.983552
1.998467
2.007172
2.015356
2.016074
2.006486
1.999232
2.003348
1.983582
1.982618
2.003278
2.003592
2.032381
2.036452
2.016538
2.028130
2.042496
2.048238
1.987048
2.004149
1.987991
2.020957
1.979002
1.987573
1.986202
1.975054
2.000136
2.004800
1.994062
1.979087
2.008074
2.000447
1.998255
2.007718
2.015649
2.009568
2.039198
1.994025
1.999923
1.995343
2.011465
1.988677
2.007680
2.003775
1.968386
1.959283
2.000378
1.991956
1.989476
1.991696
1.995072
1.991970
1.998894
2.011870
2.003281
2.005100
1.991451
1.949817
1.992474
1.985734
1.976450
1.993520
2.003652
2.002235
2.012782
1.988051
2.005935
1.998784
1.995233
1.999952
2.004162
1.999653
1.990596
1.985903
2.004293
1.998417
2.009385
2.000862
1.979032
1.985424
1.997344
1.995792
2.002264
2.006892
1.988891
1.986854
1.994796
2.001382
2.003591
2.017092
1.995234
2.009106
2.024205
2.018140
1.990215
1.989249
1.966838
1.968412
1.982642
1.979176
1.951473
1.981184
2.006523
2.027958
2.053219
2.043899
2.009020
2.010450
2.009266
2.030626
1.995824
1.990859
1.978086
1.971535
1.995227
1.981849
1.964832
2.004378
2.006243
2.005773
1.987887
1.991654
1.996784
1.993744
2.009619
2.020644
1.996466
2.000495
1.987123
1.993906
2.009839
2.020788
2.043327
2.042149
1.988381
2.004193
2.011714
2.012617
2.006789
2.002646
1.993990
1.997207
1.999741
2.000794
2.038438
1.999063
