1.994442
1.983665
1.973610
1.985309
1.990996
1.993906
1.990422
1.974511
1.999449
1.988312
2.000743
2.001583
1.985658
1.991370
1.973537
1.979481
1.998534
1.998435
1.993529
2.008218
1.997311
2.001104
1.998680
2.003973
2.003124
2.018345
2.009617
1.999929
2.001329
1.997991
2.014153
2.006291
2.017595
2.025357
2.019956
2.022517
1.997142
2.001927
1.993983
1.981286
1.991828
1.994608
2.006440
1.989034
2.000430
2.004958
2.029695
2.005556
2.004659
2.020305
1.993675
1.992069
2.000264
2.011616
2.023163
1.988489
2.001553
2.012577
1.990010
2.008679
2.013153
2.015759
2.058472
2.037308
2.001271
1.986311
1.943303
1.954422
2.004426
1.997057
1.991023
1.986344
2.002929
2.001182
2.011606
1.992555
2.001129
2.013004
2.024333
2.019763
1.993952
2.003698
1.993126
1.999646
2.009777
2.002696
1.996738
2.032473
1.993023
2.002548
1.995359
2.013503
1.996530
2.005414
1.989660
2.015620
2.001711
2.012480
2.007273
1.989754
2.004531
1.993031
1.992469
2.010048
2.001484
2.014342
2.000678
2.004535
2.008811
2.008578
2.005816
1.994592
2.004976
2.010329
2.003802
2.006018
1.995432
1.982974
1.953465
1.991635
1.995066
1.979756
1.961448
1.994972
1.994093
1.993191
1.976121
1.974825
2.013840
2.017490
2.027757
2.018123
1.976660
1.991655
1.957482
1.970907
1.994759
1.994437
1.993888
1.954099
1.981525
1.977197
1.957049
1.970367
2.014002
2.006212
1.995869
2.015272
1.993123
2.004640
2.005243
1.997037
1.997863
1.985698
1.985218
2.003589
2.001955
2.012958
2.017935
2.005585
1.984609
1.982431
1.962788
1.967399
1.997978
1.994879
1.977190
1.975966
1.987203
2.008392
2.032186
2.005477
2.004658
2.010695
2.008348
2.000462
2.003972
1.987837
1.978198
1.971032
2.011638
2.001942
2.016060
2.022626
1.991459
1.997898
2.013564
1.996839
2.002245
2.005025
2.001213
2.013594
1.996771
1.999459
2.004101
2.014402
2.006430
1.998779
1.992429
1.999927
1.995528
2.016023
2.039577
2.026818
1.987863
1.980640
1.981046
1.986965
2.007564
1.996666
1.995912
2.011939
1.999439
1.987876
1.975160
2.000475
1.995295
1.991806
1.977924
1.996062
1.980632
1.975375
1.952365
1.977344
2.000185
1.990890
1.958664
1.983601
1.999331
2.003838
2.018687
2.000580
1.995644
2.005894
2.000259
2.005314
1.998060
2.004818
2.048680
2.002201
1.996963
2.011498
2.008638
2.007866
2.008346
2.001481
1.991462
1.999495
1.999448
2.006032
2.045299
2.027326
2.011392
2.007519
2.035759
2.030206
1.998851
2.003353
1.984279
2.009022
2.002134
1.999841
2.003619
2.018457
2.000211
2.000582
2.026290
1.999919
2.000808
1.997177
2.006872
2.005535
2.008946
2.014710
1.997839
1.992885
1.997892
2.000885
2.008915
2.017737
2.000901
2.011091
2.026605
2.010263
2.007862
2.017202
2.026281
2.009548
1.993060
1.987395
2.003651
1.998869
2.007759
2.021709
2.036184
2.045211
2.014909
2.026988
2.031583
2.009898
1.999534
2.018028
2.027962
2.021483
1.993759
1.994668
1.988140
1.995361
2.000439
2.003126
2.002173
2.004027
1.996966
2.000370
1.986840
2.005680
2.002210
2.002184
2.030125
2.026087
1.998008
1.999863
2.001864
1.977006
1.987042
1.984133
2.017511
2.015504
2.011420
2.006514
2.009039
2.012333
2.000840
1.983136
1.968416
1.973557
1.993985
1.996931
1.990906
1.985408
2.005940
2.009606
2.008834
2.008164
1.984831
1.981466
1.984534
2.000249
2.004555
2.014924
2.002739
1.992595
2.002941
2.008110
1.973725
1.963630
1.983025
1.972832
1.944915
1.969243
1.994256
1.995365
1.986820
2.005545
1.993344
1.986531
1.983685
1.993580
1.991455
1.990541
1.995968
1.994333
1.995948
2.002189
1.957363
1.968050
2.004184
1.994115
1.989681
1.998521
1.997766
2.006456
2.020539
2.007580
2.006868
2.022280
2.028525
2.009033
1.990083
1.988383
1.995250
2.004680
1.991223
2.006034
1.998936
2.021062
2.003202
1.996730
2.000357
2.006215
2.003379
2.004848
2.023108
2.030032
2.008432
2.009056
2.017344
2.019199
1.991764
2.004754
2.017966
2.055433
2.004225
2.012570
2.032266
1.994304
2.014637
2.004172
1.992739
2.035427
1.986440
1.995877
1.981945
1.971697
1.995386
1.998037
1.970978
1.977974
2.003818
2.012793
2.019814
2.008681
2.009171
2.013219
2.018895
2.026029
1.988148
1.979094
1.964897
1.967966
2.014427
2.015294
2.014801
1.991259
1.995950
2.002729
1.976894
1.975648
2.001400
2.002189
2.001701
1.990977
2.005123
2.009938
2.017732
1.995525
1.991569
1.996481
1.989838
1.985952
2.000442
1.992686
2.010527
1.998427
2.017688
2.022093
1.993445
1.989058
1.994937
1.997240
1.976351
1.985711
1.977604
1.989701
1.986545
1.999595
1.983748
1.976487
1.978166
1.979480
1.992691
1.976659
1.988167
2.005897
1.989113
1.976949
1.981142
1.974563
2.010256
2.014566
2.004639
1.984168
2.002909
2.013260
2.025788
2.043784
1.991515
1.992272
1.994941
2.006715
1.981415
1.986474
1.977050
2.001208
2.022930
2.015330
2.007721
2.000784
2.010364
2.007454
1.980099
2.006471
1.986856
1.975153
1.975829
2.013038
2.000002
2.001508
2.015551
2.042312
1.998160
1.983733
1.978627
1.977800
1.989866
1.978556
1.991607
1.983105
1.990419
1.993213
1.974237
1.955341
2.008777
2.013986
2.012263
2.008267
2.006801
2.016014
2.031816
2.018148
2.007948
2.019566
2.005056
2.022253
1.991734
1.999602
1.980414
1.998468
2.002886
2.011552
1.992077
2.028063
1.985543
1.980965
1.954129
1.952517
1.994697
1.979995
1.967854
1.997653
2.002268
1.998455
1.984494
1.972916
2.018325
2.027677
2.032559
2.031902
1.994352
1.996162
1.995468
1.998104
2.005947
2.015442
2.003391
2.005408
1.983317
1.984325
1.969526
1.966903
1.996787
1.997071
1.980000
1.987582
1.992540
1.980756
1.951068
1.987415
2.002474
2.013989
2.014508
2.012702
2.006244
2.007507
2.030019
2.014425
1.994773
1.983484
1.971625
1.969890
1.998068
2.000588
1.989748
1.981367
2.006555
2.019823
2.012976
2.022258
2.000133
2.001269
2.001781
2.000010
2.005323
2.006357
2.023272
2.004227
1.988351
1.987101
1.970606
1.976984
1.991242
1.979467
1.974547
1.977235
2.001528
2.004311
2.025410
1.997936
2.012714
2.009502
2.011592
2.016424
2.003433
2.011644
2.019644
2.024567
2.019409
2.026102
2.024280
2.019538
2.012335
2.001424
1.990461
1.993904
1.984453
1.977602
1.979855
2.008564
2.023187
2.029929
2.023958
2.025416
2.000902
1.989499
1.972609
1.996155
1.995393
1.982666
1.976725
1.990092
1.993186
1.997598
1.996511
2.007713
1.998246
2.008862
2.008901
2.007736
2.012964
2.020403
2.023894
2.022255
1.994642
1.987983
1.987298
1.973414
1.984117
1.981102
1.985752
1.998731
2.005192
2.008309
1.999431
2.024172
2.000992
1.995667
2.007814
2.005573
2.004707
2.015005
2.022504
1.995829
2.021728
2.018647
2.026331
2.035041
2.012944
2.019383
2.048223
2.041483
1.996282
2.000749
1.994806
2.013482
2.006801
2.015084
2.028808
2.007700
1.987916
1.999157
1.991468
1.980469
1.985397
1.988125
2.009928
2.010905
1.996242
2.000789
1.997592
1.982067
2.001203
1.999271
2.003683
2.005446
1.981140
1.973067
2.003929
1.999017
2.011770
2.021836
2.028296
1.983552
1.992903
1.990222
2.002996
2.011998
2.013428
2.008692
2.001223
2.000567
1.997715
1.985852
2.008259
2.027006
1.986318
1.976023
1.979382
1.992151
2.008045
2.008609
2.008917
1.963829
2.006565
1.996674
2.021003
2.047738
1.999428
2.013233
2.038271
2.018233
2.006726
2.007826
1.995882
1.980611
1.992696
1.990621
2.019111
2.027919
1.995506
1.994897
2.002787
1.997401
2.002580
1.997843
2.006040
1.981998
1.994108
1.984682
1.962451
1.960146
2.005478
2.007199
2.000024
1.994128
1.995202
1.995837
1.975249
1.992857
1.999877
2.004636
1.986139
2.007894
2.000820
1.989084
1.966115
1.980602
2.017346
2.016617
1.997718
2.004150
2.005475
2.006776
2.019074
2.000609
2.021201
2.018248
2.030405
2.022330
2.006304
2.011922
2.050035
2.024222
2.001551
2.008098
1.993569
2.012258
2.006087
2.001778
2.014759
2.022703
1.997519
1.989784
1.998461
2.012467
1.995416
1.992484
2.017920
2.007022
1.993204
1.991562
1.959334
1.953728
1.993523
1.994835
1.985797
2.004164
2.000996
2.007613
2.010725
1.994610
1.993991
1.998115
1.994122
2.014287
2.014420
2.015012
2.025361
1.995957
2.002987
1.987852
1.993524
2.009696
2.001492
2.005651
1.992713
2.011299
2.005286
1.994764
2.003724
2.021409
1.985501
1.996222
2.002736
1.984515
1.979381
1.976097
1.983819
1.994586
1.977956
1.964311
1.964644
2.007363
1.984328
1.982381
1.994730
1.942621
2.008292
2.019064
2.008706
1.995667
1.997676
1.985905
2.016956
2.010036
1.985685
1.993380
2.006271
2.004638
1.993344
1.981865
2.002060
1.987498
2.005457
1.996959
1.978090
1.986784
2.006194
2.005402
2.028207
2.027667
2.002637
2.005152
1.988997
1.996669
1.995328
1.990064
2.030873
2.021493
1.995911
2.001010
2.026173
2.027680
1.997153
1.996086
2.013982
2.001767
2.007320
2.029261
2.030968
2.024986
1.986272
1.985980
1.996131
1.986200
1.995367
1.995142
1.974074
1.971009
2.008306
2.017667
2.006257
2.000508
1.989301
1.993944
1.961230
1.998736
1.995988
2.000420
2.020112
2.007413
2.000582
1.999520
2.000753
1.956974
1.998780
1.996041
1.983711
1.979466
1.997580
2.003395
1.999170
1.984262
1.988185
1.994622
2.008849
2.019130
2.009736
2.009347
2.013171
2.025543
2.000528
1.993260
1.997198
1.972349
2.005162
2.006105
2.014658
2.021096
2.010174
1.998604
2.015033
2.005417
1.994793
2.012773
2.019617
1.991699
1.997454
1.992782
2.006647
2.006025
1.984073
1.994580
1.997100
1.974271
1.993591
1.994805
1.998941
2.007550
1.997525
1.999207
1.990875
2.005362
1.998539
1.993941
1.987881
1.981629
1.998191
2.003255
1.989495
1.990198
1.996568
1.998549
2.001399
2.017851
2.013706
2.003301
1.972021
1.971994
1.993698
2.000963
1.992093
2.004575
1.992122
1.979054
1.979516
1.964098
2.015573
2.016351
2.050966
2.028707
2.025028
2.020506
2.003414
1.993479
1.997867
1.995728
1.996015
1.997163
1.995802
1.991425
1.999822
2.000452
2.001015
2.020023
2.006411
1.997837
2.003845
1.992194
2.007059
1.994605
1.997760
2.004374
2.014335
1.974059
2.001588
2.019294
2.045172
2.027599
1.998576
1.997533
2.018333
2.014282
2.001602
2.021574
2.008032
2.027286
1.982923
1.994416
1.992686
1.982056
2.004702
2.002283
2.001420
1.971228
2.006618
2.020790
2.018777
2.007290
2.002468
2.000662
1.996253
2.020056
1.999270
1.999244
1.984248
2.017194
1.996572
2.003410
1.987455
1.970397
2.008998
2.013092
2.011352
2.010428
2.004043
1.997006
1.960835
1.966374
2.004239
2.006365
2.002013
2.005947
1.980314
1.977416
1.991376
1.994656
1.990756
1.986557
1.983530
1.969725
1.997254
2.008985
2.009585
1.983650
2.018277
2.019659
2.020605
2.011362
2.014758
2.012083
2.051191
2.022225
2.004081
2.008438
2.011759
2.007230
2.000097
2.004199
2.018650
2.018717
1.997817
2.003613
1.992536
1.985707
2.003427
2.010958
2.005262
2.013596
1.996111
1.984184
1.982945
2.018224
1.984704
1.992241
1.993410
2.009667
1.994716
1.996374
2.009708
2.002297
1.993339
1.995720
1.987369
1.950664
1.989970
1.971257
1.973406
1.971204
1.987758
1.992196
1.978545
1.985806
2.009894
2.009776
2.005617
1.995131
1.987724
1.997722
2.011319
1.994393
2.012074
2.003674
2.010972
1.972562
1.981110
1.998367
2.009015
2.018424
2.005027
2.014428
2.013825
2.013236
2.000315
2.011542
2.011020
2.031430
1.988326
1.991398
1.974029
1.968588
1.995342
2.010767
2.031804
1.982895
1.992531
1.987155
1.938127
1.966550
2.013614
2.006059
2.020154
2.019188
2.014700
2.029397
2.019867
2.001175
1.996091
1.985388
1.995377
1.996252
1.997031
1.986295
1.996510
1.980698
1.990940
2.001923
2.000746
2.003802
1.994323
1.999874
1.987673
2.014138
1.991079
2.004744
1.978860
2.012220
1.988793
1.991440
2.027825
2.001231
1.997062
2.006151
2.016384
2.022282
1.996309
1.989185
1.955669
1.959807
2.009434
2.016005
2.021426
1.991610
2.014914
2.021555
2.021529
2.001716
2.001517
2.017180
2.025874
2.000901
2.004826
1.997945
1.987953
1.978701
1.985205
1.981552
1.970183
1.989345
2.007239
2.005402
1.996657
1.964222
2.013139
2.017552
1.994656
1.973329
2.019209
2.016975
2.042868
2.032355
1.990540
1.983632
2.003834
2.007265
2.009966
2.004231
2.015383
2.018409
1.987929
1.997225
2.001822
1.987244
1.978935
1.983768
1.983700
2.011034
2.010495
2.013261
2.030946
2.024606
2.021949
2.018097
2.039003
1.996731
2.003045
2.010443
2.038735
2.039093
2.001005
1.979570
1.944361
1.950146
1.991095
1.991647
2.002643
2.032373
2.002960
1.993871
1.981930
1.969288
1.984800
1.977872
1.951598
1.950595
1.991992
1.999941
1.976588
2.003031
1.995562
2.015459
2.005508
1.976730
2.016601
2.007228
2.036555
2.015765
1.986439
1.996787
1.975133
1.990960
2.003997
2.011529
2.040301
2.014892
1.994943
2.005060
2.030007
2.035140
2.007462
2.021224
2.015694
2.036020
2.010196
1.997699
1.983972
1.992736
1.995094
1.993236
1.989239
1.977647
2.010466
2.013723
1.989152
1.987676
1.997059
1.990353
2.012447
2.000728
1.995912
2.017885
2.023322
2.004425
1.998539
2.010541
1.989149
1.998851
1.988119
1.991443
1.999799
2.036591
2.001087
1.997906
1.972556
1.972915
2.001303
2.006853
1.973075
2.009026
2.007481
2.001772
2.000603
1.990140
2.005806
2.011458
2.015641
2.002739
1.993608
1.989434
1.973808
1.985122
2.011156
1.986262
1.964707
1.988671
2.009005
2.013381
2.027091
2.025875
2.001686
2.014402
2.051006
2.033105
2.001470
2.007593
2.012757
1.988660
1.998266
2.014099
2.000326
1.989126
1.985742
1.990325
2.011645
2.003281
2.000306
1.989173
1.965947
1.987161
1.986265
1.986311
1.989569
2.007685
2.000289
2.004774
2.007447
2.020118
2.002470
2.003713
2.001115
2.010887
1.991095
1.999625
2.003958
2.016967
2.014155
2.031499
2.038730
2.018659
1.990767
1.987640
1.990244
1.999020
1.997126
1.977711
1.961842
1.979355
2.004407
2.013081
2.027774
2.041761
2.012842
2.004968
2.030183
1.974880
1.995035
1.994625
1.986125
1.998351
1.995497
1.989475
1.992676
1.993461
1.992959
1.986407
1.994063
2.003030
2.004237
2.013379
2.022024
2.001375
2.010856
2.018389
2.013618
2.015074
1.995259
1.993353
1.997159
1.989292
2.009870
1.997181
1.999749
2.016263
1.983244
1.990589
1.991569
1.985322
2.015526
2.008845
2.014780
2.008813
1.984498
1.989169
1.986426
1.992986
2.003948
2.009822
2.006286
1.985698
1.998076
2.011898
2.000562
2.011486
1.999832
2.001297
1.996592
1.983473
1.998911
2.004944
2.009820
2.022519
1.994414
1.995156
1.967407
1.965888
1.992677
1.994623
2.019947
2.002200
1.984341
1.977201
1.990883
1.999843
2.012264
2.015252
2.022048
2.000473
1.987230
1.988143
1.974743
1.988143
2.004367
2.007430
1.992921
1.981662
1.997398
2.014342
2.018517
2.014587
2.016927
2.019322
2.052563
2.028540
1.994539
1.994632
1.989301
2.008979
2.002121
1.991905
1.985174
2.009340
1.980906
1.984147
1.975553
1.998746
1.987329
1.993864
1.950667
1.971518
1.985229
1.990720
2.004648
2.007432
1.987223
2.005682
1.991089
2.019552
1.976787
1.967741
1.982240
1.989834
1.991085
1.982386
1.993888
2.005755
1.996763
1.995868
2.012367
2.033989
1.999234
2.009101
2.038037
2.011551
1.998070
1.994188
2.012469
1.993132
1.997029
1.993780
2.016364
2.054516
1.996142
2.001365
2.023995
2.019486
2.006575
2.019168
1.998067
2.010678
2.006717
2.002754
2.006429
1.992345
1.991234
1.984479
1.975951
1.999486
2.003754
2.016070
2.029869
1.997646
