2.005247
2.001122
1.987198
2.011001
1.992305
2.001149
2.011828
2.010970
2.005215
2.004320
2.003380
2.032045
2.012776
2.028785
2.030583
2.042318
2.005489
2.002345
2.010584
2.025716
2.020599
2.018170
2.029917
2.023477
1.991018
1.984968
1.987867
1.980012
1.999791
2.007316
2.023356
2.026014
2.013657
2.005176
2.029623
1.968410
2.005035
2.019253
2.012243
1.999641
2.006384
2.001616
2.007241
1.996012
2.003785
2.003969
2.000695
2.009744
1.998874
1.991019
1.990018
1.969709
1.993059
1.988816
1.940070
1.961812
1.998997
1.986934
1.999323
2.000231
1.984517
1.988400
1.986511
2.000843
1.990543
1.974826
1.985127
2.001920
1.995449
1.998431
2.016835
2.025081
2.010547
2.013589
2.038550
2.034574
2.000913
1.996457
1.976233
1.986091
1.994273
1.983079
1.973732
1.986713
1.994963
1.990692
1.991676
1.968968
1.989831
1.992758
1.974631
1.996529
2.001729
1.993407
1.999477
2.011710
1.991710
1.996920
2.004903
1.995007
1.985632
1.993514
2.005770
2.002737
1.999775
1.983798
1.961085
1.998222
1.990382
2.004408
1.999351
2.028714
2.005937
2.009389
1.996677
1.985168
1.987788
1.985628
1.978118
1.981792
2.003523
1.996210
2.006238
1.992278
2.011651
2.021753
2.030869
2.010718
1.997856
2.002126
2.012912
1.972857
1.990957
1.999080
2.010926
1.992822
1.991792
2.001685
1.994092
2.013371
1.995612
1.997526
2.007383
2.009378
2.001288
1.999593
1.985530
1.970818
2.003081
1.997499
1.990870
1.989917
2.005511
1.995628
2.008438
2.001453
1.993203
1.993555
1.963066
1.996366
1.993950
2.004762
1.995262
2.005162
1.992515
1.998399
2.000991
1.982039
2.004320
2.005616
2.007259
1.987338
2.003884
2.014325
2.056709
2.042804
2.011617
2.008728
1.974738
1.963541
2.006737
2.008403
2.015694
2.020175
2.007262
2.004375
2.004540
2.001537
1.999261
1.999949
1.974314
1.989486
1.993823
1.987981
1.995538
1.983285
1.992340
1.990697
1.979352
1.965189
1.995144
1.995105
1.980848
1.978441
1.996728
2.004870
2.011235
1.997062
1.999511
2.004615
1.994369
1.986141
1.994076
1.987515
2.004599
1.995439
1.986766
2.006663
2.030453
2.005064
1.998802
2.007200
2.017234
2.001959
2.011614
1.998383
1.988601
1.990680
1.992069
1.995750
1.992716
1.977175
2.001181
2.017011
2.020118
2.021082
1.997592
1.994933
1.975157
1.988309
1.985022
1.983698
1.963110
1.966922
1.993887
2.004160
1.990057
2.001742
1.987611
2.000501
2.000945
1.985478
1.990764
1.994108
1.986642
1.995500
1.991874
1.987983
1.998249
1.989357
2.000317
2.018300
2.044000
2.027531
2.003273
2.019383
2.031780
2.022647
2.014107
2.012185
2.003759
2.021746
2.005224
2.002527
2.012374
1.994424
1.987292
1.993262
1.997368
1.994004
1.990718
1.988409
1.991257
1.994593
2.025004
2.026335
2.063054
2.053005
1.996285
1.985603
1.993405
1.984338
2.014264
2.017813
2.010863
1.996211
1.999382
2.006799
2.044159
2.023936
1.993323
2.007500
1.986946
1.994480
1.999758
1.997264
2.003629
2.006470
2.007834
1.999335
1.988267
2.029156
1.996283
1.998036
1.998179
1.996347
1.981529
1.983963
1.986191
1.978999
1.997596
2.013593
2.008652
2.004793
2.018103
2.012349
2.026823
2.008015
2.007049
2.008850
2.019193
2.005710
2.007441
2.017904
2.009877
1.998111
2.008739
2.017591
2.000672
1.991908
2.002795
2.010190
2.003002
2.009999
2.011470
2.014076
2.009990
1.988803
1.998923
2.005489
1.995721
1.999372
2.009045
2.013013
2.013342
1.984598
1.999589
2.006629
2.021024
2.001143
1.991179
1.999879
1.983631
1.990669
2.015647
2.010335
2.029330
2.020230
2.024464
2.020376
2.044623
1.995466
1.987017
1.976881
1.969215
1.949949
2.010578
2.005531
2.007849
2.009897
1.998559
1.987789
1.996794
1.996201
2.005975
2.008555
2.023158
2.001031
1.998355
1.994847
1.975497
1.977279
2.012329
2.015275
2.045439
2.036281
1.998465
1.993468
1.994589
2.005126
1.998554
2.000673
2.004283
1.977876
1.994620
2.008942
2.018285
2.031676
2.002497
1.998949
2.008690
2.004188
2.005021
2.008194
2.001954
2.007314
2.014092
2.013884
2.012474
2.005734
1.990097
2.000042
1.995949
2.000997
2.008670
2.013375
1.985708
2.003928
2.006819
2.004290
2.012124
1.984842
2.001866
2.009231
2.035748
2.014328
1.986070
1.993052
1.977216
1.990073
1.992270
1.979453
1.987707
1.993224
1.995815
1.982750
1.985597
1.984051
2.000719
1.997521
1.971405
1.973641
2.016441
2.019777
2.004871
1.979053
1.991964
2.005929
2.019826
2.055928
1.985241
1.990727
2.000183
1.984426
1.998011
1.984321
2.015200
2.010042
2.007903
2.002037
1.994477
2.003781
2.005207
2.004596
2.007937
1.989697
2.001092
1.995317
1.999882
1.989158
2.004385
2.007360
2.028350
2.037520
1.996543
2.005449
1.998760
1.991494
1.983748
1.976111
1.947751
1.951627
2.003341
1.998549
1.992825
1.985528
2.004461
2.000635
1.987146
2.011108
2.002917
2.009197
2.036022
2.040530
1.992778
1.987877
2.007432
2.009485
1.999388
2.015300
2.005820
2.004472
2.005474
2.002431
2.010576
2.025676
1.997941
1.997386
2.009102
2.015805
1.994580
1.991254
1.955102
1.984730
2.004444
2.015284
2.012340
2.015868
2.013436
2.005063
2.029772
1.968899
1.996706
1.986970
2.004568
1.994033
2.010626
2.014073
2.005049
1.986392
1.997820
1.999177
2.009736
2.031138
1.999117
1.991003
1.989879
1.969337
1.986530
1.985043
2.018634
2.014866
1.988929
1.991313
1.992675
1.982996
1.974684
1.984736
2.013370
2.008657
1.990975
1.975474
1.985616
2.002519
2.000102
1.991412
1.991828
1.999745
1.995618
1.992108
1.990817
1.997533
1.992680
1.992379
1.984719
1.985395
1.995058
1.983861
1.973259
1.986558
2.000603
2.006494
1.977007
2.011585
1.992665
1.987935
1.993498
2.015135
2.003514
1.992679
2.006732
2.013385
1.992210
1.997276
2.004947
1.996356
1.999320
2.006163
2.005979
1.991459
2.007215
1.991889
2.012837
2.001399
1.981796
1.981854
1.956187
1.953527
2.005702
2.009193
1.997653
1.985932
2.005993
2.011423
1.982166
1.969279
1.994506
1.996207
1.995342
1.997061
1.987913
1.981155
2.025506
2.020281
1.997972
2.002073
2.012066
1.971841
2.008691
2.009606
2.015526
2.019598
1.991498
2.004386
2.017206
2.000548
1.991988
1.996004
1.981972
1.980054
2.000652
1.998362
1.983558
1.968874
2.011874
2.000336
1.987486
1.982994
1.993101
2.006562
2.025967
2.037551
1.991171
2.002062
2.044735
2.053938
1.994071
2.004212
1.994858
2.005376
1.995977
1.995901
1.986123
1.997736
2.003987
1.996563
1.993247
1.986530
1.998668
2.001083
2.007118
2.009260
2.011057
2.008215
1.972616
1.963501
2.009996
2.004525
2.008407
1.978393
1.996627
1.998208
1.999219
1.983841
2.004988
1.990763
1.964971
1.983578
1.993590
1.987857
1.996022
1.983381
1.996461
1.986975
1.991137
1.995592
2.024468
2.031445
2.026215
2.027620
2.017621
2.017322
2.026263
2.029928
1.999425
2.004366
1.994155
1.985807
1.991683
1.979724
1.989964
1.980820
1.993675
1.980236
1.989851
1.987314
2.002142
1.985966
1.973394
1.967236
2.011736
1.998214
1.988707
1.990752
1.993874
1.971324
1.934592
1.947228
1.999145
2.003859
2.008071
2.014590
2.001296
2.003967
1.995503
2.019411
1.985149
1.983886
1.961973
1.965842
1.997514
2.015427
2.021310
2.018411
1.997997
2.003066
2.034234
1.994027
1.994729
1.990063
1.981213
2.001139
1.991471
1.987771
1.997645
1.989072
1.992305
2.000511
1.997174
1.992710
1.998882
2.018538
2.010869
1.994771
2.008568
2.010534
2.014332
2.002286
2.004526
2.001425
2.012995
1.996335
2.000074
1.998162
1.977891
1.984788
2.011553
2.023542
2.030124
1.987054
1.988590
2.000761
1.997925
1.996220
1.996430
1.985697
1.993140
1.983873
2.020090
2.029373
2.033764
2.033258
2.003113
1.996499
1.993508
1.971283
2.003212
2.019397
2.018710
2.001790
2.000031
1.997478
2.003740
2.006228
2.002851
1.997089
1.957069
1.980574
1.998751
2.007989
2.048009
2.010725
2.004140
2.012820
2.052521
2.030852
1.996688
2.012400
2.008009
2.005128
1.978988
1.995028
2.000912
1.985256
1.997584
1.994822
2.020998
2.011003
2.001745
2.005574
2.022140
2.002074
2.009050
2.017817
2.000428
1.991751
2.004661
1.998619
1.998005
1.997239
1.992443
1.999685
2.004462
1.977194
1.994417
2.005313
1.992619
2.017028
2.009072
2.012866
2.013125
1.984318
2.006691
2.003138
1.965948
1.983535
2.006924
2.011302
2.049525
2.026116
1.993874
2.000000
2.006524
2.022165
2.025600
2.021928
2.046591
2.000545
1.983567
1.975525
1.977871
2.007331
1.991956
1.980088
1.988811
2.014689
1.998431
2.001129
2.021760
2.028304
2.006158
2.008519
2.023276
2.001239
2.008623
2.021310
2.014258
1.987686
2.007465
1.997953
2.002618
1.979817
2.013363
2.014304
2.038589
2.031761
1.998381
1.999486
2.000302
1.975651
1.989302
1.983461
1.991036
1.989408
1.987501
1.983959
1.993403
2.015387
2.018770
2.019607
1.991034
1.982221
2.014192
2.013710
2.012602
2.005922
1.999868
1.991749
1.984650
1.972572
1.994292
1.996327
2.024433
2.007525
1.995584
2.001332
2.001456
2.021542
2.000863
2.007489
2.032871
2.013034
2.013121
2.010799
2.027337
2.003915
1.993662
1.982528
2.002351
1.987034
2.002987
2.006215
2.018054
2.042198
2.000664
1.997769
1.971222
1.973580
1.981043
1.973933
2.003055
1.996260
2.017679
2.017090
2.022566
2.021473
1.990616
1.989194
2.000930
1.980504
