1.982981
1.983423
1.936230
1.967867
1.981916
1.994138
2.007786
2.005554
2.009371
2.025175
2.012907
2.022789
1.992393
2.004356
2.006917
1.981639
1.991429
2.018642
2.005853
2.011817
2.033127
2.022968
2.023007
2.017677
2.020967
2.021744
2.021112
2.022390
2.022625
2.019731
1.998316
1.994969
2.023954
1.997882
1.999391
1.997042
1.981357
1.980412
1.931380
1.959390
1.973578
1.987414
2.012168
2.011079
2.009946
2.018164
2.009527
2.015862
1.991746
2.003446
2.003530
1.986514
1.993206
2.022365
2.005214
2.011130
2.032697
2.023177
2.023852
2.016718
2.021129
2.021848
2.020225
2.020476
2.022917
2.019012
1.999525
1.995502
2.024793
1.999363
2.000986
1.997589
2.004250
2.015830
2.032542
2.031478
2.018403
2.004573
2.018048
2.018299
1.999194
1.998888
2.002995
1.992785
1.987918
1.994648
1.974142
1.979342
1.992856
1.999018
1.973129
1.976648
1.988084
1.998276
2.006620
2.016499
1.998452
1.998490
1.968893
1.985033
1.973652
1.974293
2.006436
2.000404
1.992902
1.966548
1.980853
1.996675
1.996985
2.005433
2.006692
2.015734
2.010003
1.997254
2.017031
2.014736
1.998219
1.995925
2.002150
1.991464
1.986345
1.992292
1.973704
1.967765
1.985029
1.991399
1.973165
1.976503
1.990195
1.996535
2.004421
2.012997
1.997724
1.995310
1.964784
1.985413
1.975150
1.980797
2.005794
2.000415
1.993139
1.966998
1.979657
1.992988
2.010979
2.016480
2.021043
2.003662
2.010055
2.013064
1.996552
2.004175
2.016804
1.968801
1.967195
1.993000
1.995635
2.002759
2.019350
1.997322
1.998843
2.013182
2.001335
2.000307
1.996210
1.987481
1.993234
1.986516
1.997836
1.997059
1.997808
1.996087
1.978625
2.005588
2.021821
2.036572
2.061599
2.055375
2.045392
2.050432
2.010630
2.017353
2.013775
2.000656
1.999340
2.000194
1.994392
2.004376
2.023844
1.971818
1.966006
1.993605
1.995605
2.001720
2.017238
1.994545
1.998449
2.013766
2.001485
2.000560
1.995713
1.983317
1.989928
1.985598
1.998620
1.998130
2.004959
2.001343
1.980343
2.004948
2.021809
2.035890
2.063283
2.055473
2.045485
2.047559
2.019899
1.996568
1.968438
1.975867
1.974915
1.975849
2.002789
1.996187
2.017339
2.026653
2.010206
2.001899
1.995320
1.993658
1.991342
1.965187
1.972778
1.974331
1.994433
1.996768
1.963894
1.993218
1.982798
1.993370
1.987571
1.974856
1.976247
1.991411
1.987268
2.001983
2.006520
2.001409
1.997903
1.997149
1.993969
1.991848
2.021151
2.003440
1.987491
1.993044
1.993585
1.987162
1.999796
1.993619
2.018814
2.023728
2.010287
1.997279
1.996231
1.997371
1.997336
1.982572
1.982025
1.986551
1.994373
1.996058
1.961786
1.995046
1.986151
1.999876
1.988246
1.975403
1.975951
1.989331
1.987175
2.001372
2.007309
2.001948
1.998476
1.994257
1.992086
1.989549
2.003702
1.997319
1.987639
2.005144
2.001573
1.995531
2.015244
2.011445
1.986965
1.991464
1.984162
1.997207
1.997529
2.007241
1.982566
1.986289
1.991950
1.983487
1.999768
2.007937
2.018284
2.014147
2.002143
1.989435
1.986570
1.983146
1.964057
1.996926
2.000080
1.992213
2.001513
1.994890
2.009764
2.030229
2.022082
2.032395
2.000289
1.995021
1.976399
2.010624
2.006593
2.000062
2.016765
2.013628
1.998652
2.005639
1.994412
1.999022
1.998575
2.008034
1.981747
1.991127
1.993925
1.980885
1.998549
2.008352
2.017988
2.016278
2.006520
1.995493
1.987477
1.984299
1.967006
2.000655
2.002106
1.993556
2.002220
1.995589
2.014872
2.038024
2.028018
2.038946
1.994511
1.991044
1.974099
1.978767
1.987646
2.005078
2.006187
2.007910
2.012403
2.014476
2.009601
2.015457
2.006260
2.023559
2.035094
2.007958
2.008454
2.012891
2.010798
2.006945
1.997906
2.016416
1.997098
2.009868
2.009621
2.004467
1.983632
1.988135
1.995909
2.000638
2.007679
2.019131
2.024940
2.002386
1.988198
1.978282
1.998236
1.998025
1.987840
1.985169
1.982767
1.992346
2.005468
2.005276
2.015755
2.011791
2.018500
2.032342
2.007063
2.024997
2.035968
2.004193
2.005064
2.007752
2.010129
2.005478
1.993749
2.013659
1.988537
2.000522
2.010644
2.006260
1.989532
1.990342
1.997519
1.996857
2.007919
2.019317
2.027771
2.007215
1.989626
1.978363
2.006267
2.006374
1.975342
1.967717
1.974463
1.964199
2.004061
2.003706
1.984495
1.973721
1.986700
1.993223
2.019125
2.041734
2.043993
2.041862
2.021238
2.007254
2.008140
2.005585
1.995358
2.018265
2.014437
2.012180
2.016329
2.013246
2.029402
2.043813
2.035362
2.002366
2.004400
2.009912
2.025656
2.016773
1.997386
1.989500
2.008219
2.012205
1.979671
1.983660
1.993766
1.992637
2.002690
2.000702
1.978464
1.966894
1.982028
1.990455
2.018793
2.040821
2.046879
2.044585
2.028305
2.015544
2.006180
2.005695
1.996039
2.015424
2.012473
2.008452
2.016270
2.012506
2.027596
2.043959
2.033972
1.996304
2.004583
2.009354
2.024691
2.016666
1.997355
1.989012
1.989018
1.993546
2.010037
2.013569
2.006336
2.013514
2.003141
2.003412
1.964121
1.960754
1.980839
2.013309
2.000680
2.005921
2.023038
2.041346
2.027348
2.022952
1.994043
2.008806
2.001181
1.996543
2.013903
2.006684
1.985357
1.975864
1.957601
1.986015
1.991820
1.985686
1.997875
1.986648
1.993756
2.004378
2.004607
2.011705
1.984279
1.988779
1.995529
1.997356
1.998557
2.013259
2.004301
2.008445
1.977295
1.974002
1.991446
2.027437
1.996044
1.998125
2.011819
2.030111
2.023972
2.025895
1.994187
2.008595
1.999150
1.992320
2.008734
2.007520
1.984835
1.975372
1.956843
1.985124
1.992008
1.986727
2.000017
1.988639
1.997510
2.013403
2.011750
2.018327
2.011674
2.010825
2.068880
2.059194
2.053095
2.031332
2.004478
2.004716
1.986064
2.007356
2.011520
2.015643
1.994510
2.003401
2.014720
1.971290
1.985465
1.980114
2.004912
2.009998
2.005275
1.976433
1.991392
1.979449
2.001992
2.016619
2.012900
2.006739
2.013916
1.981907
2.002050
1.998782
1.982392
1.975266
1.977941
1.980304
2.011036
2.008842
2.055737
2.053792
2.041480
2.026745
2.003084
2.000492
1.975246
1.992919
2.004935
2.013851
1.994479
2.002558
2.015016
1.972324
1.985426
1.983630
2.002720
2.007138
2.001708
1.980325
1.994280
1.982471
2.002864
2.018413
2.009819
1.996580
2.007605
1.985091
2.001861
1.998742
1.983205
1.976606
1.981529
1.984323
2.000246
2.007099
2.009140
1.978554
1.978622
1.993963
1.993324
1.997535
1.991150
1.991299
1.995180
1.976285
1.990624
1.997339
2.005457
2.004377
2.011008
2.000887
1.999573
1.985833
1.999388
1.999585
2.003440
1.996368
2.013467
2.026774
2.023600
2.027286
2.008660
1.994339
1.996748
2.006420
1.988856
2.009787
2.022674
2.024896
2.000821
2.006241
2.019148
1.985450
1.984455
2.005459
1.993894
1.996556
1.978818
1.977666
1.992367
1.978663
1.991927
2.000025
2.009688
2.001974
2.009698
1.997396
1.998926
1.985075
1.998609
2.001582
2.004620
1.998426
2.013582
2.027289
2.025686
2.031581
2.010683
1.995842
1.996236
2.006054
1.986953
2.008166
2.022958
2.023435
2.003036
2.020435
2.055286
2.026454
2.013078
2.020861
1.998005
2.004977
2.021388
2.002116
1.996329
2.007310
1.995499
1.982348
1.953124
1.957517
1.974538
1.977097
2.004010
1.998325
1.978974
2.016065
2.007380
2.003571
2.015691
2.018083
1.997501
1.994813
1.996473
2.003074
2.022600
2.014262
1.996799
1.988215
1.981412
1.992118
1.999448
2.011478
2.044581
2.014987
2.009272
2.021037
1.997682
2.005157
2.023968
2.007278
2.002719
2.007662
1.993696
1.984159
1.961593
1.964545
1.980523
1.974551
2.004130
1.998757
1.978318
2.016481
2.007697
2.006990
2.014727
2.017081
1.997048
1.994183
1.995479
1.996790
2.022333
2.014672
1.996808
1.987275
1.979989
1.990041
2.007997
1.996688
1.979256
2.013518
2.014171
2.007253
2.000509
2.003240
2.009646
1.977987
1.995594
2.000565
2.007151
2.004477
2.003138
1.994344
1.995725
2.016999
1.985291
1.979728
1.979955
1.992466
1.972903
2.003121
1.989151
1.996310
1.999140
2.000528
2.001305
2.004139
1.990173
1.988169
1.960387
1.961612
1.963419
1.982586
2.005281
1.994681
1.988783
2.014187
2.016857
2.015145
1.998563
2.000678
2.003093
1.969236
1.992205
2.000610
2.004899
2.001781
1.993095
1.981310
1.985455
2.009788
1.988358
1.985154
1.987710
1.998006
1.979298
2.003442
1.989151
1.996310
1.999198
1.999487
2.001310
2.004346
1.989821
1.987846
1.961487
1.965078
1.967180
1.986072
1.999810
2.006283
2.031271
2.018290
2.009808
2.015137
2.006713
1.995175
1.974366
1.994453
2.007343
2.021222
1.991783
1.999701
2.011008
1.998671
2.000052
1.992499
1.985237
1.994573
1.993807
1.972530
1.988585
1.997857
1.985292
1.990535
1.979647
2.009109
2.011517
2.018300
1.989568
1.985431
1.996579
2.007237
2.003168
2.010229
1.997224
2.005257
2.017238
2.000619
1.999414
2.027996
2.007871
1.997755
1.978449
1.996366
2.008768
2.028510
1.992343
2.001279
2.009830
1.991199
1.995833
1.994663
1.984268
1.992268
1.995122
1.979115
1.996357
2.008023
1.985373
1.991181
1.982892
2.011220
2.011111
2.010502
1.989305
1.985086
1.996052
2.008153
2.004355
2.010904
2.001116
2.004173
1.992191
2.002771
1.987851
1.969592
2.011242
2.018200
2.043907
2.049528
2.029574
2.016014
1.998211
2.005902
1.986187
1.999796
1.995623
1.993011
2.012595
2.008216
1.985846
2.001391
1.996630
1.991030
2.004637
1.995968
2.018764
2.021347
2.027113
2.038888
2.000475
2.014249
2.008686
2.015336
2.027845
2.018657
1.998185
1.999882
1.971118
1.975471
1.969971
1.972552
2.007897
2.013695
2.036700
2.048363
2.030410
2.021946
1.997076
2.004677
1.982366
1.995322
1.992758
1.989992
2.012059
2.007320
1.984393
1.997784
1.993940
1.996890
2.001373
1.991529
2.011197
2.017087
2.025565
2.040988
2.001008
2.016537
2.012773
2.019279
2.030330
2.018291
2.010587
2.014566
2.000414
2.001922
2.009163
2.017840
1.992985
1.994124
2.031883
2.021381
2.010969
2.003093
1.994208
1.993627
1.961918
1.964323
1.981168
2.003668
2.003009
2.009039
2.006062
2.013313
1.999756
1.992580
2.001061
2.015079
2.006326
2.006675
2.000320
2.012642
2.019639
2.012673
1.987727
1.977682
1.995945
1.996323
2.012811
2.014482
2.007506
2.002872
2.005330
2.021035
1.991462
1.993452
2.036819
2.031709
2.016500
2.009367
1.993651
1.991381
1.957958
1.964279
1.980665
2.009622
2.000783
2.007298
2.003686
2.005427
1.995679
1.990290
2.001290
2.015663
2.004130
2.006168
2.000724
2.012268
2.019639
2.012673
1.987727
1.977525
1.995014
1.995353
1.983301
1.982995
1.936222
1.966410
1.980208
1.993116
2.007810
2.004967
1.995549
1.991407
1.982792
1.983190
2.001287
2.011673
1.993202
1.982429
1.986891
1.972718
2.001086
2.005918
1.984627
1.990256
1.998229
2.003483
2.004223
2.009061
2.028807
2.011109
2.001432
1.985005
2.014583
2.016341
2.013449
2.033108
2.023249
2.015137
1.980850
1.979172
1.930451
1.958039
1.971966
1.986393
2.005471
2.003226
1.989007
1.988674
1.979159
1.981602
2.001866
2.012910
1.986297
1.984459
1.985166
1.971043
2.000193
2.005334
1.982634
1.979377
1.988004
2.002340
2.003049
2.005750
2.023988
2.009487
2.000091
1.984888
2.014157
2.015784
2.011717
2.031001
2.021799
2.011542
2.004361
2.015872
2.032651
2.031979
2.019307
2.003892
2.013302
2.026539
1.997563
1.997647
1.996452
2.003993
2.014047
2.003451
1.973295
1.961768
1.967624
1.986254
1.985761
1.986400
1.962195
1.952251
1.961482
1.984223
1.991174
1.990734
1.985940
1.986234
1.983946
1.974713
2.010464
2.010823
2.025358
1.992886
2.011270
2.025761
1.997096
2.005476
2.006801
2.016235
2.010907
1.996691
2.012420
2.025413
2.000660
1.997069
1.998836
2.009409
2.012664
2.002231
1.970936
1.957719
1.963775
1.975807
1.984694
1.985593
1.964856
1.955458
1.963714
1.988344
1.990832
1.989489
1.984844
1.985703
1.982664
1.974632
2.009370
2.009762
2.027937
1.996795
2.013298
2.025389
2.010592
2.018063
2.023445
2.005244
2.012865
2.014444
2.022250
2.022026
2.046568
2.030910
2.023325
2.041644
1.998953
2.010301
2.039474
2.040745
2.031617
2.028122
1.993821
2.002708
1.987828
1.948047
1.963024
1.972472
2.005605
2.008795
2.006019
2.005744
2.018423
2.036234
2.002286
1.990096
2.003462
2.017881
2.008367
2.030849
2.009943
2.018130
2.015860
2.000898
2.000281
2.000756
2.016949
2.015939
2.035808
2.015409
2.012591
2.034749
1.999850
2.011495
2.040288
2.036551
2.026430
2.025985
1.992475
2.000817
1.985242
1.944928
1.962537
1.976622
2.009366
2.013585
2.014312
2.019316
2.027989
2.042622
2.002385
1.990131
1.997272
2.012001
2.002564
2.026070
2.019774
1.998367
1.969979
1.975815
1.974196
1.968599
1.999639
2.010718
2.040158
2.013405
1.998046
1.996866
2.010048
2.009987
2.010148
2.004214
2.007366
2.009305
1.987130
1.983873
1.969228
1.979795
1.989098
2.005414
2.010935
2.017411
2.023971
1.997296
2.008517
1.997561
1.999715
1.994511
2.026528
2.036656
2.036313
2.028153
2.020844
2.004999
1.988621
1.992320
1.993023
1.980070
2.000301
2.013019
2.041983
2.025666
2.014135
2.005779
2.009300
2.009244
2.011389
2.002970
2.004594
2.008721
1.988433
1.986055
1.972254
1.975973
1.986038
2.005609
2.010000
2.016170
2.021570
1.996411
2.006901
1.999887
1.999232
1.993380
2.025003
2.036231
2.038593
2.033289
2.003890
1.998073
1.987640
2.007878
2.003576
1.994319
2.010664
2.004912
1.997611
2.013547
1.996434
1.979202
2.010098
2.021029
2.003548
1.972791
1.988791
1.995149
1.997505
2.002132
2.002976
1.984663
1.995549
2.004360
2.006589
1.999094
1.992964
1.978468
1.979174
1.987207
2.001732
1.992719
2.022435
2.002182
2.010009
2.008718
2.000477
1.995776
1.976427
2.013629
2.008824
1.999014
2.011248
2.006608
1.999615
2.006906
1.995083
1.969090
2.013226
2.024039
2.008925
1.989217
1.999201
1.999046
1.998326
2.002294
2.003968
1.985455
1.992700
2.003757
2.005864
1.998264
1.992085
1.978526
1.979049
1.987188
2.000728
1.992388
2.022033
2.004942
2.009676
2.002377
1.994245
1.991099
1.976634
1.980078
1.989551
2.006838
2.002321
1.988044
1.965117
1.990392
1.997296
1.998472
2.008293
2.006304
2.019417
2.029783
2.023743
2.014843
1.997940
2.016987
2.029920
2.010377
1.997679
2.005845
1.984966
1.993250
1.988006
1.991276
2.000000
2.004757
2.004215
2.005525
1.993102
1.983720
1.992892
1.977715
1.997883
1.997872
1.988335
1.985636
1.983544
1.996417
2.001679
1.988484
1.973974
1.991909
1.997959
1.995441
2.007386
2.004976
2.019589
2.037444
2.031157
2.019857
1.997197
2.016669
2.028676
2.017703
2.005534
2.009875
1.984772
1.992848
1.988159
1.993280
2.002693
2.006500
2.004088
2.005042
1.994004
1.982588
1.992546
1.977603
2.006970
2.006957
1.976089
1.967890
1.974409
1.962367
2.003362
2.013528
2.011967
1.998222
1.993516
1.986331
2.001455
1.994560
1.961355
1.998060
2.003853
2.036739
1.993840
1.996728
1.988068
1.974671
1.978342
1.966952
1.991289
2.000427
1.994385
2.008644
2.003018
1.994110
2.017256
2.015991
2.043325
2.022374
2.025388
2.028597
2.008583
2.012606
1.980418
1.983833
1.993713
1.990805
1.999697
2.007296
2.001172
2.003755
1.999452
1.993104
2.004076
2.000289
1.968393
2.005149
2.003836
2.025559
1.994430
1.995813
1.985830
1.976004
1.980073
1.966053
1.991870
2.001463
1.993275
2.003743
2.000988
1.993019
2.017121
2.016085
2.045708
2.026274
2.028103
2.030938
1.988568
1.993949
2.012595
2.013126
2.006164
2.013679
1.998171
1.999141
1.994526
2.007610
1.987743
2.004254
2.006860
2.008844
1.969675
2.004066
2.012791
2.009655
2.003707
1.998266
1.994331
1.999982
2.009401
2.017397
2.000878
2.007913
2.014514
2.005557
2.016349
2.013961
1.999460
1.997214
1.977802
1.994903
1.994929
1.999513
1.983829
1.989183
1.998088
1.996840
1.998386
2.013180
1.996438
1.995211
1.987006
2.003303
1.986928
2.001060
2.009734
2.008753
1.974215
2.007597
2.016074
2.010620
2.004134
1.997501
1.992682
2.002183
2.007518
2.012199
2.002189
2.008830
2.013341
2.004458
2.015470
2.012744
1.999710
1.997021
1.974896
1.992066
1.991218
1.998130
2.011288
2.011541
2.070776
2.059677
2.055249
2.034383
2.011761
2.024857
2.036460
1.970104
1.977707
1.984824
1.999586
1.999393
2.007418
1.971578
1.981485
1.999818
2.012796
2.019401
2.013035
2.027738
2.025220
2.029031
2.002548
1.993886
2.004741
2.011207
2.009315
2.020232
2.000771
2.001749
1.989346
1.983444
1.978270
1.997141
2.011508
2.010582
2.059254
2.055229
2.044067
2.028645
2.008054
2.016718
2.031290
1.974740
1.981456
2.002315
2.004954
2.004922
2.019617
1.990953
1.996599
2.009156
2.012277
2.016592
2.006059
2.021326
2.023303
2.028100
2.003106
1.994232
2.008068
2.017864
2.014139
2.022635
1.998261
1.998214
1.981292
1.978691
1.973639
1.994571
2.000154
2.006297
2.011717
1.981946
1.983331
1.993061
1.986515
1.984134
1.961096
1.954454
1.959267
1.981165
1.972935
1.970521
1.938707
1.945063
1.951979
1.989321
1.996874
2.002105
2.000504
2.023161
2.018236
2.040100
2.010401
2.014685
2.029634
2.010548
2.003709
1.993766
2.001731
1.998652
1.969684
1.957188
1.966632
1.968444
2.001516
2.007214
2.025134
1.991180
1.991573
2.007816
1.989234
1.988528
1.965052
1.957860
1.959709
1.974142
1.972170
1.969026
1.939028
1.947311
1.950632
1.987321
2.001379
2.008251
2.006725
2.026349
2.022391
2.038292
2.009403
2.013672
2.026237
2.008676
2.004157
1.990887
2.001136
1.997014
1.967011
1.955245
1.965012
1.966655
2.003162
2.020401
2.055392
2.026745
2.013675
2.021527
2.006046
2.016560
2.031134
2.040619
2.018807
2.020651
2.007295
2.017522
2.026825
1.982618
1.992053
1.987664
2.009568
2.001019
1.999004
2.051535
2.039744
2.001347
2.004449
2.002539
2.013903
1.972464
1.963336
1.981162
1.992833
1.996434
2.005460
2.006919
1.999115
2.000954
1.999574
2.011444
2.044686
2.015278
2.009869
2.021704
2.002126
2.009676
2.017087
2.039493
2.016697
2.018621
2.008016
2.016561
2.032677
2.007395
2.007306
1.988691
2.010168
2.002377
2.009291
2.057102
2.040530
1.997532
2.004894
2.002988
2.014867
1.973645
1.964454
1.980042
1.992833
1.995685
2.004858
2.005833
1.996484
1.994238
2.007993
1.996557
1.978133
2.011569
2.012155
2.005649
2.001800
2.003912
1.979718
1.998627
2.011130
1.999911
1.998152
2.001096
2.004780
1.995492
1.998186
2.008654
2.009499
1.999920
1.998005
1.975296
1.973382
1.988945
2.009570
2.005383
1.983722
1.979168
1.991197
1.998645
1.997734
2.007071
2.012097
2.032067
2.031019
2.016558
2.005122
1.994009
1.986689
2.011806
2.014348
2.012812
2.005234
2.010358
1.990331
2.005990
2.016664
2.008496
1.999060
2.000777
1.999329
1.989145
1.991684
2.002046
2.010731
2.004989
2.006310
1.985174
1.978631
1.991303
2.008563
2.004821
1.982985
1.980598
1.989703
1.999087
1.997734
2.006915
2.012327
2.031557
2.032242
2.018336
1.999167
2.006252
2.028474
2.016200
2.008513
2.016040
1.999827
2.013081
1.984523
2.006147
1.986359
1.986216
2.006381
2.006215
2.016937
2.015318
2.007801
2.030876
1.994804
2.000148
2.015263
1.984249
1.994982
2.016761
1.999659
1.997209
1.969241
1.978642
1.990156
2.004145
2.004345
2.023742
2.016500
2.017854
2.010203
2.023724
1.996581
2.005226
2.015401
1.997613
1.997395
2.028352
2.003476
2.018905
1.992872
2.013888
1.992003
1.995914
2.006042
2.006591
2.016884
2.020432
2.012431
2.031693
1.995364
1.999728
2.016514
1.984942
1.993112
2.013169
2.000851
1.998224
1.970728
1.980749
1.990746
2.006286
2.004112
2.022455
2.015226
2.010722
2.005399
2.021313
2.001490
2.004461
1.992521
2.003691
1.988206
1.968969
1.999242
2.012502
2.013575
1.998316
1.984020
1.962121
1.999347
2.005308
1.995705
1.981717
1.972906
1.983299
2.002127
2.004841
2.000132
2.019625
2.009718
2.012346
1.995592
1.997850
2.012557
2.025049
2.017614
2.028247
1.994106
1.984195
1.999015
1.989039
1.991496
2.017598
1.998558
2.000170
1.971448
1.976914
1.971305
1.973056
2.000175
2.012947
2.028507
2.009384
1.996030
1.976614
1.998738
2.005592
1.998545
1.985510
1.986512
2.006721
2.000637
2.004400
1.998396
2.017301
2.010493
2.012180
1.995489
1.997691
2.011630
2.022143
2.014388
2.026834
1.995274
1.986990
2.006019
1.995457
1.997087
2.017944
2.010476
2.014391
2.000078
2.002644
2.008717
2.016349
1.987082
1.997350
1.992755
1.989506
2.003813
2.019624
1.988483
1.999199
1.986727
1.990449
1.988565
1.975733
1.992285
2.006467
2.022259
1.970338
1.985872
1.996715
2.007183
2.022099
2.008306
2.000173
2.010385
2.032605
1.997257
2.001136
1.996470
1.982991
1.985073
1.987584
2.012700
2.014307
2.007076
2.003442
2.004718
2.019054
1.983963
1.994465
1.992671
1.987716
2.006028
2.024184
1.988619
1.997524
1.985784
1.995351
1.990044
1.976121
1.992071
2.006148
2.022261
1.967385
1.980856
1.990887
2.005657
2.019693
2.005041
1.997137
2.009774
2.033559
1.996487
2.000659
1.997469
1.982965
1.986640
1.986472
1.983129
1.983144
1.936367
1.966030
1.979932
1.993116
2.003967
2.015044
2.013164
2.020396
2.016176
2.041713
1.987812
1.984420
1.967941
1.992966
1.992561
1.980912
2.014585
2.021212
2.013016
2.003107
2.001044
1.999040
2.001595
2.015474
2.009045
2.027764
2.035630
1.990844
1.996643
2.008093
2.020127
2.028003
2.033977
2.025024
1.980677
1.979322
1.930596
1.957658
1.971690
1.986393
2.002695
2.015495
2.020986
2.012948
2.010564
2.035886
1.986696
1.984857
1.965603
1.987144
1.984383
1.976252
2.017478
2.023470
2.013341
2.006876
2.000721
2.000677
2.000731
2.014428
2.003328
2.028323
2.035396
1.995332
1.996906
2.008645
2.022533
2.028305
2.033932
2.024825
2.003759
2.015600
2.032905
2.031102
2.018524
2.005379
2.007707
2.004997
2.008178
2.025676
2.013322
2.023073
2.006939
2.005280
2.013236
2.008139
2.007516
2.002293
1.999564
1.987077
1.983365
2.009545
2.011561
2.032143
2.003502
2.018632
2.043816
2.040643
2.021580
2.014420
2.014643
2.015778
2.033761
2.002317
1.990662
1.976824
1.996494
2.005195
2.006851
2.015305
2.010219
1.998341
2.012089
2.010522
2.008753
2.018665
2.009942
2.016147
2.006906
2.006106
2.017420
2.015523
2.014442
2.014816
1.999509
1.986844
1.982938
2.005999
2.007407
2.026354
2.001866
2.017319
2.040856
2.042265
2.022299
2.015647
2.012952
2.014029
2.031566
2.001666
1.992464
1.983610
2.010625
2.018070
2.023052
2.005513
2.012971
2.015032
2.015328
2.015862
1.996169
1.997821
2.002086
1.994465
1.997395
1.999016
2.004265
1.974522
1.976491
1.947950
2.002060
2.019342
2.029717
2.019611
2.008233
2.016066
1.999104
2.010113
2.009615
2.022033
2.016385
2.032035
1.999423
2.003793
2.012788
2.031292
2.029580
1.999397
2.009976
2.018137
2.015467
2.001167
2.000300
2.001385
2.014310
2.012368
1.995194
1.994884
2.001156
1.993144
1.996844
1.999328
2.003291
1.981094
1.981711
1.954255
2.000564
2.018120
2.024401
2.018509
2.005490
2.010365
2.000320
2.012814
2.017473
2.023122
2.014946
2.031094
1.998828
2.003302
2.013637
2.030955
2.028864
2.000544
2.019815
1.998342
1.971877
1.978466
1.977275
1.975419
1.996231
2.003615
2.015702
1.968214
1.966785
1.991532
2.011626
2.014568
2.018829
1.985953
2.003008
1.968095
1.998324
1.994121
2.001742
1.984143
1.989707
2.002205
1.999291
1.998459
1.985717
2.004746
2.015560
2.008262
2.005903
2.004938
1.995828
2.000776
2.004987
2.007628
2.021067
2.005213
1.990923
1.995737
1.995917
1.986732
1.994071
2.003817
2.022742
1.971231
1.965596
1.992137
2.014993
2.019648
2.021554
1.990323
2.003004
1.963754
1.999302
1.996556
2.001745
1.982262
1.988372
1.997586
1.999207
1.998207
1.985762
2.007600
2.016123
2.007327
2.006775
2.005692
1.997788
2.003147
2.005539
2.010175
2.003196
1.996649
1.987882
2.000754
1.999160
1.995199
2.002955
1.996500
2.017966
2.027300
2.010698
2.003520
1.997053
1.986658
1.984286
1.983361
1.983427
1.966203
2.016662
2.030725
2.021842
2.013698
2.011744
2.002931
1.997340
2.015200
2.020453
2.010577
2.019329
2.020009
2.004265
2.005055
1.994334
2.016153
2.008779
1.998011
1.999782
1.994352
1.976642
2.006669
2.004440
1.999909
1.999962
1.993933
2.019442
2.024519
2.010699
1.998804
1.996173
1.985601
1.984061
1.989589
1.987024
1.964927
2.017381
2.031206
2.025652
2.013795
2.012720
2.002956
1.997744
2.014973
2.018807
2.012151
2.021109
2.020729
2.004357
2.005297
1.995616
2.018377
2.008944
1.997266
1.994887
1.991170
1.974414
1.980316
1.990578
2.007011
2.015668
2.012009
1.985370
1.988450
1.983183
1.997533
2.017534
2.010001
1.991964
2.002739
1.995682
2.004373
1.998231
2.008982
2.040258
2.045631
2.023934
2.010468
1.989441
1.982043
1.953239
1.961405
1.970172
1.977654
2.000897
2.014528
2.013174
1.982429
1.994510
1.996089
1.998526
1.997943
1.987422
1.986102
1.985879
1.997692
2.017189
2.014193
1.997057
2.002626
1.993432
1.998954
2.014384
2.004899
1.980600
1.994833
1.994148
2.004161
1.996073
2.005302
2.029999
2.037505
2.017847
2.009019
1.988530
1.981577
1.955197
1.961665
1.971121
1.975701
2.000931
2.015045
2.017495
1.991124
2.001051
2.000600
2.005867
2.006015
1.974116
1.966140
1.972273
1.964387
2.006330
2.007706
2.012627
2.015144
2.010425
2.017853
2.007824
2.011051
1.983354
1.977258
1.975281
1.965903
1.989657
1.976323
1.992366
2.005890
1.988949
1.992496
2.010620
2.018816
2.015254
2.016801
2.025433
2.008834
2.001715
1.994055
1.969231
2.012593
2.014690
2.019473
2.007480
2.011541
1.978085
1.982345
1.991999
1.993350
2.005610
2.005072
2.015979
2.012459
2.019323
2.034738
2.006942
2.008938
1.975507
1.968635
1.968414
1.966507
1.990774
1.977332
1.992063
2.005556
1.990667
1.995866
2.010834
2.016793
2.014643
2.014665
2.023994
2.011281
2.004072
1.998865
1.978672
2.024547
2.025061
2.024524
1.988854
1.993608
2.010599
2.013402
2.005469
2.012511
2.003903
2.002773
1.986210
1.973437
1.986834
1.994589
1.989627
1.985074
1.986670
1.978961
1.984529
2.007376
1.992724
1.999031
2.009337
2.041137
2.031046
2.007392
2.004883
1.998430
1.991175
1.999906
1.999448
2.001746
1.996678
2.001563
2.021650
2.028931
2.017489
1.985893
1.984115
1.988842
1.996092
1.997116
1.997690
2.012046
2.001157
1.998229
1.976661
1.964709
1.980450
1.989029
1.989080
1.985565
1.990892
1.987490
1.990768
2.003499
1.992741
1.999522
2.011053
2.045569
2.034845
2.005669
2.004456
1.997711
1.991252
2.003100
2.002517
2.004976
1.996561
2.001604
2.021937
2.029431
2.017695
1.989106
2.011913
2.011033
2.068365
2.059091
2.052364
2.030514
2.002582
2.003982
1.965998
1.963961
1.983124
2.016076
1.993135
1.999216
2.020969
1.980170
1.978672
1.984924
1.988565
1.986100
1.976710
1.998195
1.991816
2.011115
2.001919
2.000306
2.001332
2.001555
2.005278
2.024488
2.001776
1.997781
1.983369
2.007850
1.994638
1.998358
2.011275
2.009050
2.055222
2.054125
2.041135
2.025811
2.003742
2.009015
1.978902
1.977209
1.993633
2.030104
1.993861
1.999156
2.019956
1.982896
1.976779
1.982879
1.991281
1.988904
1.983884
2.005267
1.995440
2.020186
2.002799
2.000568
2.004133
2.003642
2.008664
2.024567
2.001364
1.996731
1.983490
2.007876
1.994004
1.998538
1.999926
2.006666
2.009037
1.977775
1.977971
1.992922
2.004632
2.004869
1.988250
2.008012
2.012206
2.015638
2.010429
1.998753
1.980269
2.007160
2.009968
2.014626
1.996378
2.014092
1.992582
2.005156
2.015348
1.991191
2.011266
2.006997
2.011298
1.990610
1.988514
1.981975
2.000928
2.005137
1.996198
2.021815
2.006094
2.008551
2.000253
2.005588
2.018855
1.984532
1.983826
2.004767
2.003238
2.000645
1.977432
1.993946
2.005829
2.013992
2.012517
2.002403
1.987813
2.016533
2.018240
2.022833
1.994346
2.010070
1.985102
1.995481
2.006589
1.990574
2.011544
2.006726
2.013286
1.992883
1.990508
1.984762
2.000928
2.004870
1.996198
2.021938
2.007060
2.010850
