1.982741
2.009769
1.983470
1.943384
2.000798
2.006332
2.029204
1.986121
1.982370
1.974015
2.026654
2.049439
1.994556
1.985194
2.006712
2.011873
1.984663
1.971652
2.018775
2.026743
2.008618
2.012904
2.025270
2.023083
1.988716
2.019788
2.010815
1.977793
1.999690
2.005955
2.026986
1.995821
1.979582
1.970886
2.016930
2.042173
1.995557
1.988564
2.009720
2.019497
1.985477
1.972187
2.019801
2.027320
2.008056
2.012024
2.026403
2.024134
1.982741
2.009769
1.983470
1.943384
2.000798
2.006332
2.029204
1.986121
1.982370
1.974015
2.026654
2.049439
1.994556
1.985194
2.006712
2.011873
1.984663
1.971652
2.018775
2.026743
2.008618
2.012904
2.025270
2.023083
1.988716
2.019788
2.010815
1.977793
1.999690
2.005955
2.026986
1.995821
1.979582
1.970886
2.016930
2.042173
1.995557
1.988564
2.009720
2.019497
1.985477
1.972187
2.019801
2.027320
2.008056
2.012024
2.026403
2.024134
1.982741
2.009769
1.983470
1.943384
2.000798
2.006332
2.029204
1.986121
1.982370
1.974015
2.026654
2.049439
1.994556
1.985194
2.006712
2.011873
1.984663
1.971652
2.018775
2.026743
2.008618
2.012904
2.025270
2.023083
1.988716
2.019788
2.010815
1.977793
1.999690
2.005955
2.026986
1.995821
1.979582
1.970886
2.016930
2.042173
1.995557
1.988564
2.009720
2.019497
1.985477
1.972187
2.019801
2.027320
2.008056
2.012024
2.026403
2.024134
1.982741
2.009769
1.983470
1.943384
2.000798
2.006332
2.029204
1.986121
1.982370
1.974015
2.026654
2.049439
1.994556
1.985194
2.006712
2.011873
1.984663
1.971652
2.018775
2.026743
2.008618
2.012904
2.025270
2.023083
1.988716
2.019788
2.010815
1.977793
1.999690
2.005955
2.026986
1.995821
1.979582
1.970886
2.016930
2.042173
1.995557
1.988564
2.009720
2.019497
1.985477
1.972187
2.019801
2.027320
2.008056
2.012024
2.026403
2.024134
1.982741
2.009769
1.983470
1.943384
2.000798
2.006332
2.029204
1.986121
1.982370
1.974015
2.026654
2.049439
1.994556
1.985194
2.006712
2.011873
1.984663
1.971652
2.018775
2.026743
2.008618
2.012904
2.025270
2.023083
1.988716
2.019788
2.010815
1.977793
1.999690
2.005955
2.026986
1.995821
1.979582
1.970886
2.016930
2.042173
1.995557
1.988564
2.009720
2.019497
1.985477
1.972187
2.019801
2.027320
2.008056
2.012024
2.026403
2.024134
1.982741
2.009769
1.983470
1.943384
2.000798
2.006332
2.029204
1.986121
1.982370
1.974015
2.026654
2.049439
1.994556
1.985194
2.006712
2.011873
1.984663
1.971652
2.018775
2.026743
2.008618
2.012904
2.025270
2.023083
1.988716
2.019788
2.010815
1.977793
1.999690
2.005955
2.026986
1.995821
1.979582
1.970886
2.016930
2.042173
1.995557
1.988564
2.009720
2.019497
1.985477
1.972187
2.019801
2.027320
2.008056
2.012024
2.026403
2.024134
1.982741
2.009769
1.983470
1.943384
2.000798
2.006332
2.029204
1.986121
1.982370
1.974015
2.026654
2.049439
1.994556
1.985194
2.006712
2.011873
1.984663
1.971652
2.018775
2.026743
2.008618
2.012904
2.025270
2.023083
1.988716
2.019788
2.010815
1.977793
1.999690
2.005955
2.026986
1.995821
1.979582
1.970886
2.016930
2.042173
1.995557
1.988564
2.009720
2.019497
1.985477
1.972187
2.019801
2.027320
2.008056
2.012024
2.026403
2.024134
1.982741
2.009769
1.983470
1.943384
2.000798
2.006332
2.029204
1.986121
1.982370
1.974015
2.026654
2.049439
1.994556
1.985194
2.006712
2.011873
1.984663
1.971652
2.018775
2.026743
2.008618
2.012904
2.025270
2.023083
1.988716
2.019788
2.010815
1.977793
1.999690
2.005955
2.026986
1.995821
1.979582
1.970886
2.016930
2.042173
1.995557
1.988564
2.009720
2.019497
1.985477
1.972187
2.019801
2.027320
2.008056
2.012024
2.026403
2.024134
1.982741
2.009769
1.983470
1.943384
2.000798
2.006332
2.029204
1.986121
1.982370
1.974015
2.026654
2.049439
1.994556
1.985194
2.006712
2.011873
1.984663
1.971652
2.018775
2.026743
2.008618
2.012904
2.025270
2.023083
1.988716
2.019788
2.010815
1.977793
1.999690
2.005955
2.026986
1.995821
1.979582
1.970886
2.016930
2.042173
1.995557
1.988564
2.009720
2.019497
1.985477
1.972187
2.019801
2.027320
2.008056
2.012024
2.026403
2.024134
1.982741
2.009769
1.983470
1.943384
2.000798
2.006332
2.029204
1.986121
1.982370
1.974015
2.026654
2.049439
1.994556
1.985194
2.006712
2.011873
1.984663
1.971652
2.018775
2.026743
2.008618
2.012904
2.025270
2.023083
1.988716
2.019788
2.010815
1.977793
1.999690
2.005955
2.026986
1.995821
1.979582
1.970886
2.016930
2.042173
1.995557
1.988564
2.009720
2.019497
1.985477
1.972187
2.019801
2.027320
2.008056
2.012024
2.026403
2.024134
1.982741
2.009769
1.983470
1.943384
2.000798
2.006332
2.029204
1.986121
1.982370
1.974015
2.026654
2.049439
1.994556
1.985194
2.006712
2.011873
1.984663
1.971652
2.018775
2.026743
2.008618
2.012904
2.025270
2.023083
1.988716
2.019788
2.010815
1.977793
1.999690
2.005955
2.026986
1.995821
1.979582
1.970886
2.016930
2.042173
1.995557
1.988564
2.009720
2.019497
1.985477
1.972187
2.019801
2.027320
2.008056
2.012024
2.026403
2.024134
1.982741
2.009769
1.983470
1.943384
2.000798
2.006332
2.029204
1.986121
1.982370
1.974015
2.026654
2.049439
1.994556
1.985194
2.006712
2.011873
1.984663
1.971652
2.018775
2.026743
2.008618
2.012904
2.025270
2.023083
1.988716
2.019788
2.010815
1.977793
1.999690
2.005955
2.026986
1.995821
1.979582
1.970886
2.016930
2.042173
1.995557
1.988564
2.009720
2.019497
1.985477
1.972187
2.019801
2.027320
2.008056
2.012024
2.026403
2.024134
1.982741
2.009769
1.983470
1.943384
2.000798
2.006332
2.029204
1.986121
1.982370
1.974015
2.026654
2.049439
1.994556
1.985194
2.006712
2.011873
1.984663
1.971652
2.018775
2.026743
2.008618
2.012904
2.025270
2.023083
1.988716
2.019788
2.010815
1.977793
1.999690
2.005955
2.026986
1.995821
1.979582
1.970886
2.016930
2.042173
1.995557
1.988564
2.009720
2.019497
1.985477
1.972187
2.019801
2.027320
2.008056
2.012024
2.026403
2.024134
1.982741
2.009769
1.983470
1.943384
2.000798
2.006332
2.029204
1.986121
1.982370
1.974015
2.026654
2.049439
1.994556
1.985194
2.006712
2.011873
1.984663
1.971652
2.018775
2.026743
2.008618
2.012904
2.025270
2.023083
1.988716
2.019788
2.010815
1.977793
1.999690
2.005955
2.026986
1.995821
1.979582
1.970886
2.016930
2.042173
1.995557
1.988564
2.009720
2.019497
1.985477
1.972187
2.019801
2.027320
2.008056
2.012024
2.026403
2.024134
1.982741
2.009769
1.983470
1.943384
2.000798
2.006332
2.029204
1.986121
1.982370
1.974015
2.026654
2.049439
1.994556
1.985194
2.006712
2.011873
1.984663
1.971652
2.018775
2.026743
2.008618
2.012904
2.025270
2.023083
1.988716
2.019788
2.010815
1.977793
1.999690
2.005955
2.026986
1.995821
1.979582
1.970886
2.016930
2.042173
1.995557
1.988564
2.009720
2.019497
1.985477
1.972187
2.019801
2.027320
2.008056
2.012024
2.026403
2.024134
1.982741
2.009769
1.983470
1.943384
2.000798
2.006332
2.029204
1.986121
1.982370
1.974015
2.026654
2.049439
1.994556
1.985194
2.006712
2.011873
1.984663
1.971652
2.018775
2.026743
2.008618
2.012904
2.025270
2.023083
1.988716
2.019788
2.010815
1.977793
1.999690
2.005955
2.026986
1.995821
1.979582
1.970886
2.016930
2.042173
1.995557
1.988564
2.009720
2.019497
1.985477
1.972187
2.019801
2.027320
2.008056
2.012024
2.026403
2.024134
1.982741
2.009769
1.983470
1.943384
2.000798
2.006332
2.029204
1.986121
1.982370
1.974015
2.026654
2.049439
1.994556
1.985194
2.006712
2.011873
1.984663
1.971652
2.018775
2.026743
2.008618
2.012904
2.025270
2.023083
1.988716
2.019788
2.010815
1.977793
1.999690
2.005955
2.026986
1.995821
1.979582
1.970886
2.016930
2.042173
1.995557
1.988564
2.009720
2.019497
1.985477
1.972187
2.019801
2.027320
2.008056
2.012024
2.026403
2.024134
1.982741
2.009769
1.983470
1.943384
2.000798
2.006332
2.029204
1.986121
1.982370
1.974015
2.026654
2.049439
1.994556
1.985194
2.006712
2.011873
1.984663
1.971652
2.018775
2.026743
2.008618
2.012904
2.025270
2.023083
1.988716
2.019788
2.010815
1.977793
1.999690
2.005955
2.026986
1.995821
1.979582
1.970886
2.016930
2.042173
1.995557
1.988564
2.009720
2.019497
1.985477
1.972187
2.019801
2.027320
2.008056
2.012024
2.026403
2.024134
1.982741
2.009769
1.983470
1.943384
2.000798
2.006332
2.029204
1.986121
1.982370
1.974015
2.026654
2.049439
1.994556
1.985194
2.006712
2.011873
1.984663
1.971652
2.018775
2.026743
2.008618
2.012904
2.025270
2.023083
1.988716
2.019788
2.010815
1.977793
1.999690
2.005955
2.026986
1.995821
1.979582
1.970886
2.016930
2.042173
1.995557
1.988564
2.009720
2.019497
1.985477
1.972187
2.019801
2.027320
2.008056
2.012024
2.026403
2.024134
1.982741
2.009769
1.983470
1.943384
2.000798
2.006332
2.029204
1.986121
1.982370
1.974015
2.026654
2.049439
1.994556
1.985194
2.006712
2.011873
1.984663
1.971652
2.018775
2.026743
2.008618
2.012904
2.025270
2.023083
1.988716
2.019788
2.010815
1.977793
1.999690
2.005955
2.026986
1.995821
1.979582
1.970886
2.016930
2.042173
1.995557
1.988564
2.009720
2.019497
1.985477
1.972187
2.019801
2.027320
2.008056
2.012024
2.026403
2.024134
1.982741
2.009769
1.983470
1.943384
2.000798
2.006332
2.029204
1.986121
1.982370
1.974015
2.026654
2.049439
1.994556
1.985194
2.006712
2.011873
1.984663
1.971652
2.018775
2.026743
2.008618
2.012904
2.025270
2.023083
1.988716
2.019788
2.010815
1.977793
1.999690
2.005955
2.026986
1.995821
1.979582
1.970886
2.016930
2.042173
1.995557
1.988564
2.009720
2.019497
1.985477
1.972187
2.019801
2.027320
2.008056
2.012024
2.026403
2.024134
1.982741
2.009769
1.983470
1.943384
2.000798
2.006332
2.029204
1.986121
1.982370
1.974015
2.026654
2.049439
1.994556
1.985194
2.006712
2.011873
1.984663
1.971652
2.018775
2.026743
2.008618
2.012904
2.025270
2.023083
1.988716
2.019788
2.010815
1.977793
1.999690
2.005955
2.026986
1.995821
1.979582
1.970886
2.016930
2.042173
1.995557
1.988564
2.009720
2.019497
1.985477
1.972187
2.019801
2.027320
2.008056
2.012024
2.026403
2.024134
1.982741
2.009769
1.983470
1.943384
2.000798
2.006332
2.029204
1.986121
1.982370
1.974015
2.026654
2.049439
1.994556
1.985194
2.006712
2.011873
1.984663
1.971652
2.018775
2.026743
2.008618
2.012904
2.025270
2.023083
1.988716
2.019788
2.010815
1.977793
1.999690
2.005955
2.026986
1.995821
1.979582
1.970886
2.016930
2.042173
1.995557
1.988564
2.009720
2.019497
1.985477
1.972187
2.019801
2.027320
2.008056
2.012024
2.026403
2.024134
1.982741
2.009769
1.983470
1.943384
2.000798
2.006332
2.029204
1.986121
1.982370
1.974015
2.026654
2.049439
1.994556
1.985194
2.006712
2.011873
1.984663
1.971652
2.018775
2.026743
2.008618
2.012904
2.025270
2.023083
1.988716
2.019788
2.010815
1.977793
1.999690
2.005955
2.026986
1.995821
1.979582
1.970886
2.016930
2.042173
1.995557
1.988564
2.009720
2.019497
1.985477
1.972187
2.019801
2.027320
2.008056
2.012024
2.026403
2.024134
1.982741
2.009769
1.983470
1.943384
2.000798
2.006332
2.029204
1.986121
1.982370
1.974015
2.026654
2.049439
1.994556
1.985194
2.006712
2.011873
1.984663
1.971652
2.018775
2.026743
2.008618
2.012904
2.025270
2.023083
1.988716
2.019788
2.010815
1.977793
1.999690
2.005955
2.026986
1.995821
1.979582
1.970886
2.016930
2.042173
1.995557
1.988564
2.009720
2.019497
1.985477
1.972187
2.019801
2.027320
2.008056
2.012024
2.026403
2.024134
1.982741
2.009769
1.983470
1.943384
2.000798
2.006332
2.029204
1.986121
1.982370
1.974015
2.026654
2.049439
1.994556
1.985194
2.006712
2.011873
1.984663
1.971652
2.018775
2.026743
2.008618
2.012904
2.025270
2.023083
1.988716
2.019788
2.010815
1.977793
1.999690
2.005955
2.026986
1.995821
1.979582
1.970886
2.016930
2.042173
1.995557
1.988564
2.009720
2.019497
1.985477
1.972187
2.019801
2.027320
2.008056
2.012024
2.026403
2.024134
1.982741
2.009769
1.983470
1.943384
2.000798
2.006332
2.029204
1.986121
1.982370
1.974015
2.026654
2.049439
1.994556
1.985194
2.006712
2.011873
1.984663
1.971652
2.018775
2.026743
2.008618
2.012904
2.025270
2.023083
1.988716
2.019788
2.010815
1.977793
1.999690
2.005955
2.026986
1.995821
1.979582
1.970886
2.016930
2.042173
1.995557
1.988564
2.009720
2.019497
1.985477
1.972187
2.019801
2.027320
2.008056
2.012024
2.026403
2.024134
1.982741
2.009769
1.983470
1.943384
2.000798
2.006332
2.029204
1.986121
1.982370
1.974015
2.026654
2.049439
1.994556
1.985194
2.006712
2.011873
1.984663
1.971652
2.018775
2.026743
2.008618
2.012904
2.025270
2.023083
1.988716
2.019788
2.010815
1.977793
1.999690
2.005955
2.026986
1.995821
1.979582
1.970886
2.016930
2.042173
1.995557
1.988564
2.009720
2.019497
1.985477
1.972187
2.019801
2.027320
2.008056
2.012024
2.026403
2.024134
1.982741
2.009769
1.983470
1.943384
2.000798
2.006332
2.029204
1.986121
1.982370
1.974015
2.026654
2.049439
1.994556
1.985194
2.006712
2.011873
1.984663
1.971652
2.018775
2.026743
2.008618
2.012904
2.025270
2.023083
1.988716
2.019788
2.010815
1.977793
1.999690
2.005955
2.026986
1.995821
1.979582
1.970886
2.016930
2.042173
1.995557
1.988564
2.009720
2.019497
1.985477
1.972187
2.019801
2.027320
2.008056
2.012024
2.026403
2.024134
1.982741
2.009769
1.983470
1.943384
2.000798
2.006332
2.029204
1.986121
1.982370
1.974015
2.026654
2.049439
1.994556
1.985194
2.006712
2.011873
1.984663
1.971652
2.018775
2.026743
2.008618
2.012904
2.025270
2.023083
1.988716
2.019788
2.010815
1.977793
1.999690
2.005955
2.026986
1.995821
1.979582
1.970886
2.016930
2.042173
1.995557
1.988564
2.009720
2.019497
1.985477
1.972187
2.019801
2.027320
2.008056
2.012024
2.026403
2.024134
1.982741
2.009769
1.983470
1.943384
2.000798
2.006332
2.029204
1.986121
1.982370
1.974015
2.026654
2.049439
1.994556
1.985194
2.006712
2.011873
1.984663
1.971652
2.018775
2.026743
2.008618
2.012904
2.025270
2.023083
1.988716
2.019788
2.010815
1.977793
1.999690
2.005955
2.026986
1.995821
1.979582
1.970886
2.016930
2.042173
1.995557
1.988564
2.009720
2.019497
1.985477
1.972187
2.019801
2.027320
2.008056
2.012024
2.026403
2.024134
1.982741
2.009769
1.983470
1.943384
2.000798
2.006332
2.029204
1.986121
1.982370
1.974015
2.026654
2.049439
1.994556
1.985194
2.006712
2.011873
1.984663
1.971652
2.018775
2.026743
2.008618
2.012904
2.025270
2.023083
1.988716
2.019788
2.010815
1.977793
1.999690
2.005955
2.026986
1.995821
1.979582
1.970886
2.016930
2.042173
1.995557
1.988564
2.009720
2.019497
1.985477
1.972187
2.019801
2.027320
2.008056
2.012024
2.026403
2.024134
1.982741
2.009769
1.983470
1.943384
2.000798
2.006332
2.029204
1.986121
1.982370
1.974015
2.026654
2.049439
1.994556
1.985194
2.006712
2.011873
1.984663
1.971652
2.018775
2.026743
2.008618
2.012904
2.025270
2.023083
1.988716
2.019788
2.010815
1.977793
1.999690
2.005955
2.026986
1.995821
1.979582
1.970886
2.016930
2.042173
1.995557
1.988564
2.009720
2.019497
1.985477
1.972187
2.019801
2.027320
2.008056
2.012024
2.026403
2.024134
1.982741
2.009769
1.983470
1.943384
2.000798
2.006332
2.029204
1.986121
1.982370
1.974015
2.026654
2.049439
1.994556
1.985194
2.006712
2.011873
1.984663
1.971652
2.018775
2.026743
2.008618
2.012904
2.025270
2.023083
1.988716
2.019788
2.010815
1.977793
1.999690
2.005955
2.026986
1.995821
1.979582
1.970886
2.016930
2.042173
1.995557
1.988564
2.009720
2.019497
1.985477
1.972187
2.019801
2.027320
2.008056
2.012024
2.026403
2.024134
1.982741
2.009769
1.983470
1.943384
2.000798
2.006332
2.029204
1.986121
1.982370
1.974015
2.026654
2.049439
1.994556
1.985194
2.006712
2.011873
1.984663
1.971652
2.018775
2.026743
2.008618
2.012904
2.025270
2.023083
1.988716
2.019788
2.010815
1.977793
1.999690
2.005955
2.026986
1.995821
1.979582
1.970886
2.016930
2.042173
1.995557
1.988564
2.009720
2.019497
1.985477
1.972187
2.019801
2.027320
2.008056
2.012024
2.026403
2.024134
1.982741
2.009769
1.983470
1.943384
2.000798
2.006332
2.029204
1.986121
1.982370
1.974015
2.026654
2.049439
1.994556
1.985194
2.006712
2.011873
1.984663
1.971652
2.018775
2.026743
2.008618
2.012904
2.025270
2.023083
1.988716
2.019788
2.010815
1.977793
1.999690
2.005955
2.026986
1.995821
1.979582
1.970886
2.016930
2.042173
1.995557
1.988564
2.009720
2.019497
1.985477
1.972187
2.019801
2.027320
2.008056
2.012024
2.026403
2.024134
1.982741
2.009769
1.983470
1.943384
2.000798
2.006332
2.029204
1.986121
1.982370
1.974015
2.026654
2.049439
1.994556
1.985194
2.006712
2.011873
1.984663
1.971652
2.018775
2.026743
2.008618
2.012904
2.025270
2.023083
1.988716
2.019788
2.010815
1.977793
1.999690
2.005955
2.026986
1.995821
1.979582
1.970886
2.016930
2.042173
1.995557
1.988564
2.009720
2.019497
1.985477
1.972187
2.019801
2.027320
2.008056
2.012024
2.026403
2.024134
1.982741
2.009769
1.983470
1.943384
2.000798
2.006332
2.029204
1.986121
1.982370
1.974015
2.026654
2.049439
1.994556
1.985194
2.006712
2.011873
1.984663
1.971652
2.018775
2.026743
2.008618
2.012904
2.025270
2.023083
1.988716
2.019788
2.010815
1.977793
1.999690
2.005955
2.026986
1.995821
1.979582
1.970886
2.016930
2.042173
1.995557
1.988564
2.009720
2.019497
1.985477
1.972187
2.019801
2.027320
2.008056
2.012024
2.026403
2.024134
1.982741
2.009769
1.983470
1.943384
2.000798
2.006332
2.029204
1.986121
1.982370
1.974015
2.026654
2.049439
1.994556
1.985194
2.006712
2.011873
1.984663
1.971652
2.018775
2.026743
2.008618
2.012904
2.025270
2.023083
1.988716
2.019788
2.010815
1.977793
1.999690
2.005955
2.026986
1.995821
1.979582
1.970886
2.016930
2.042173
1.995557
1.988564
2.009720
2.019497
1.985477
1.972187
2.019801
2.027320
2.008056
2.012024
2.026403
2.024134
1.982741
2.009769
1.983470
1.943384
2.000798
2.006332
2.029204
1.986121
1.982370
1.974015
2.026654
2.049439
1.994556
1.985194
2.006712
2.011873
1.984663
1.971652
2.018775
2.026743
2.008618
2.012904
2.025270
2.023083
1.988716
2.019788
2.010815
1.977793
1.999690
2.005955
2.026986
1.995821
1.979582
1.970886
2.016930
2.042173
1.995557
1.988564
2.009720
2.019497
1.985477
1.972187
2.019801
2.027320
2.008056
2.012024
2.026403
2.024134
