2.011919
2.020931
2.017521
2.035133
2.024651
2.047756
1.996953
1.991135
2.006591
2.036665
2.018730
2.009076
2.000994
2.008451
1.990549
1.974135
1.989335
1.994650
1.973578
1.975534
1.983080
1.998473
2.009166
2.014748
2.002093
2.000425
2.014659
2.027028
2.019147
2.016808
1.978311
1.984656
1.956265
1.945610
1.960137
1.979700
2.006830
2.012717
2.004733
2.018582
2.010755
2.043607
1.993085
1.987275
2.004708
2.034319
2.017359
2.005805
2.003192
2.009483
1.993922
1.983522
1.993534
1.994878
1.975483
1.977159
1.987073
2.000344
2.010081
2.014747
2.001244
1.998936
2.013313
2.023842
2.014950
2.016511
1.975218
1.979382
1.950323
1.944927
1.960394
1.976051
2.003916
2.005676
1.978005
2.011166
1.998009
1.996130
2.018972
2.028380
2.037347
2.025662
2.014446
2.012619
2.000755
2.004382
2.010621
2.010823
2.007448
2.002670
2.005042
1.998761
1.977908
1.979613
1.989895
1.980928
2.004064
2.004873
2.030293
2.005052
2.009796
2.019490
1.989084
1.978396
1.947675
1.969722
1.976813
1.979062
1.998691
1.998713
1.974082
2.003150
1.989189
2.002241
2.021066
2.031122
2.038873
2.029270
2.015385
2.004172
1.997728
2.000569
2.008629
2.016731
2.011913
2.001581
2.004754
1.998544
1.976086
1.970571
1.983539
1.977634
2.004665
2.005026
2.025245
2.005140
2.008116
2.016746
1.989041
1.978333
1.948000
1.969205
1.977980
1.981086
1.986888
1.997371
2.014870
1.975856
1.979406
2.003326
2.010159
2.017995
2.016994
2.023699
2.020218
2.022241
2.000840
1.995890
1.968226
1.996533
1.999121
2.029008
1.999445
2.004098
1.987914
2.001445
1.995812
2.001605
2.010621
2.008460
2.026166
2.023679
2.020001
2.001719
2.015306
2.016648
2.022984
2.001934
2.005615
2.010620
1.983685
1.995356
2.005836
1.975996
1.976039
2.002023
2.009304
2.013971
2.016254
2.025208
2.034409
2.038366
2.004069
2.001843
1.977119
2.007247
2.002163
2.021499
1.999970
2.004448
1.988162
2.004509
1.999536
2.007528
2.010807
2.008116
2.023238
2.022777
2.019721
2.009506
2.016227
2.017602
2.024260
2.003715
2.008280
2.010345
1.990009
1.991944
1.987776
2.001899
1.986733
1.996478
2.006299
2.002187
2.000402
1.993102
2.005231
2.002539
2.005064
2.009187
1.971462
2.008092
2.010263
2.011253
2.003194
2.013887
2.023935
2.017160
2.007205
1.995300
2.001478
2.005336
2.018703
1.995185
1.982451
1.989050
1.996813
2.003033
2.004060
2.006799
2.007598
1.986891
1.990633
1.993177
1.995852
2.008789
1.991917
2.004806
2.004026
2.001100
1.996689
1.990824
2.002342
2.001544
2.006227
2.008290
1.971693
2.006972
2.012131
2.012234
2.002609
2.014554
2.023944
2.019543
2.012026
2.001071
2.001146
2.004714
2.015452
1.993483
1.983392
1.993379
1.995818
2.001707
2.001695
1.998298
2.003803
1.984424
2.017913
2.014232
2.016443
1.993211
2.002276
2.028678
1.990970
1.990550
1.957957
1.974203
1.981032
2.003045
2.002561
2.005496
2.008174
1.979707
1.987479
1.997631
2.014363
2.014804
2.006466
2.023677
2.005935
2.017490
1.997160
2.017263
2.005729
1.978548
1.984597
2.006627
1.996903
2.014511
2.027334
2.018704
2.013266
1.995251
2.012130
2.007353
2.007427
1.988707
2.000027
2.023019
1.992996
1.991644
1.962048
1.983899
1.984844
2.006091
2.007530
2.009580
2.017628
1.994712
1.998031
2.008811
2.013496
2.013309
2.002204
2.023559
2.001118
2.008198
1.996627
2.018631
2.012802
1.980007
1.988157
2.014945
1.996903
2.014511
2.027174
2.018244
2.014098
1.996390
2.001310
2.015951
2.015249
2.005254
1.995198
2.023433
2.003261
2.014587
2.009302
2.011307
2.019321
2.032260
1.989553
1.994887
1.975676
1.988550
1.985837
2.002859
2.011503
2.005927
1.994424
2.017557
2.011439
2.007827
1.994208
1.984882
2.018868
2.018912
2.008537
1.986842
2.008507
2.014721
2.015343
2.003677
2.005370
2.005080
2.001670
2.015057
2.017997
2.003669
1.997829
2.016995
2.002081
2.011198
1.997202
1.995729
2.006620
2.028266
1.989029
1.994555
1.976526
1.989354
1.984389
2.006553
2.009543
2.005896
1.994395
2.016483
2.011803
2.007658
1.993991
1.984178
2.019360
2.020538
2.009078
1.986337
2.009095
2.016302
2.014878
2.005718
2.009000
2.008346
1.999702
2.014555
2.025311
2.014287
2.019123
2.008188
2.001400
2.010482
1.994416
2.009128
2.007535
1.983298
2.007074
2.005943
2.010378
1.981757
1.986555
1.990152
1.988076
2.001729
2.002439
2.002000
2.020966
2.019543
2.007760
1.996102
1.970243
1.984166
1.976980
1.992554
2.009802
2.017628
2.005224
2.032253
2.028891
2.009031
1.994076
2.003032
2.010925
2.009380
2.014531
2.009475
2.000105
2.004809
1.979905
1.986080
1.996003
1.978342
2.007574
2.004715
2.013537
1.996457
1.995988
1.991231
1.988219
2.001753
2.001054
1.998621
2.016721
2.021090
2.008386
1.995111
1.972040
1.985757
1.977843
1.991986
2.009710
2.018119
2.005743
2.031047
2.026834
2.006869
1.993620
2.001645
1.999908
1.987682
1.998901
2.012158
1.987191
1.998939
1.997073
2.005697
2.009824
2.036038
2.005469
2.012871
2.004304
2.000291
2.001938
2.005001
2.012293
2.013967
2.026466
1.987338
2.000846
1.989515
1.994411
1.989234
1.973066
1.964343
1.982576
2.011832
2.004095
1.998207
1.976059
1.997251
1.997135
1.994924
1.991727
2.003095
1.988890
1.982335
1.994076
2.012278
1.989854
2.003421
2.008664
2.018417
2.020536
2.041647
2.004030
2.010733
1.997002
1.993585
1.995107
1.995349
2.010376
2.011582
2.023866
1.990153
2.002277
1.992159
1.993422
1.989259
1.973733
1.963383
1.980834
2.011904
2.003555
1.997564
1.976873
1.997238
1.995972
1.994442
1.997019
2.003429
2.000715
2.007623
1.998989
1.994561
1.994284
1.993853
2.014729
1.989773
1.997251
1.985358
2.003063
2.004845
2.001157
2.013545
1.998498
2.022487
2.012428
1.999804
2.022584
2.015304
2.014340
2.010761
1.994113
1.994498
2.000892
2.014311
2.004526
1.985546
1.989609
1.982233
1.954168
1.968997
1.971297
1.978576
2.001089
2.008963
2.010898
2.014454
2.007492
2.002587
1.991410
1.990137
2.004537
1.977997
1.990070
1.987004
2.003366
2.006660
2.003051
2.017278
2.003146
2.028495
2.011780
1.999353
2.021411
2.017770
2.015740
2.012549
1.993618
1.995523
2.001218
2.009087
1.999059
1.978515
1.989282
1.981785
1.953664
1.969328
1.971722
1.977550
1.997131
2.005042
2.015587
2.013784
2.009734
2.004124
2.010540
1.997282
2.009474
2.003549
2.004698
2.007572
2.006283
2.011323
2.003935
1.985410
1.985699
1.982228
1.999562
1.990684
1.975020
2.002394
2.001407
1.983315
2.009029
2.021745
2.033175
2.020052
2.016690
2.040647
2.013800
2.023952
2.034358
2.008375
2.007760
2.010343
1.997116
2.007583
2.015888
2.021141
2.011023
2.005424
2.007930
1.994269
2.005914
2.000953
2.004274
2.018912
2.006627
2.012753
2.005185
1.988849
1.992485
1.988406
1.999493
1.990920
1.974055
2.002037
2.001337
1.987228
2.008289
2.019226
2.030281
2.018315
2.015191
2.038529
2.013585
2.023173
2.034079
2.008527
2.007316
2.012832
2.006613
2.000100
2.008276
2.007439
2.002756
1.983457
2.005081
2.002289
2.024463
2.050986
2.033838
2.004004
1.985068
1.992487
1.966811
1.991141
1.980698
1.966650
1.990513
1.983687
1.979157
1.991555
1.967990
1.995511
2.008160
2.020564
2.039650
2.051357
2.029650
2.001615
2.013606
2.012309
1.994278
1.954965
1.961765
1.970908
2.007500
1.999209
1.999158
2.005264
1.995749
1.970417
2.005345
2.000440
2.011818
2.042937
2.028558
2.007304
1.985852
1.993992
1.968201
1.994559
1.984797
1.968923
1.993776
1.989626
1.988247
2.000430
1.975074
1.995036
2.007625
2.020434
2.038531
2.048899
2.027452
2.002122
2.014140
2.014894
1.996459
1.955956
1.963060
1.971899
1.997575
2.001436
1.979226
1.991738
1.998449
1.978065
1.994578
1.988063
1.990651
1.988871
1.986642
1.978351
1.986587
1.981984
1.968514
2.007186
2.003202
1.997202
1.977041
1.988247
1.989091
1.975414
1.983267
2.001852
1.999740
1.991140
1.985936
1.994542
2.000476
1.998622
1.999893
2.004635
2.011815
1.996762
1.978358
1.998280
1.997153
2.001348
1.972158
1.991957
1.994687
1.973144
1.992942
1.986836
1.997008
1.999346
1.991839
1.983370
1.986167
1.983480
1.968473
2.003671
1.997740
1.995428
1.976485
1.986670
1.990682
1.982546
1.991690
2.011701
1.998743
1.989516
1.982580
1.990015
1.997690
1.998673
2.000270
2.006528
2.014444
1.997854
1.980135
2.001003
1.996496
2.000364
1.989914
1.992259
2.003457
2.010433
2.006588
2.002668
2.001772
1.993427
1.989346
1.983719
1.997262
1.995585
2.001783
1.995008
1.998489
1.993931
2.012902
2.009036
1.980593
2.001584
1.996364
1.986314
2.018028
2.014868
1.992318
2.007153
2.016252
1.983138
2.020292
2.031411
2.029645
2.039755
2.030526
2.008715
1.992879
1.996799
1.988390
1.983989
1.997076
1.999959
2.002968
1.999037
1.993407
1.987530
1.981638
1.973411
1.999125
1.999441
2.010491
2.005425
2.005200
2.001456
2.012071
2.007400
1.979352
1.998112
1.992775
1.991248
2.018877
2.016079
1.994232
2.014111
2.021671
1.990295
2.018806
2.029855
2.027674
2.038072
2.028678
2.005992
1.989424
1.992470
2.007186
2.021292
2.022045
2.008341
2.006834
2.012545
2.013582
2.020507
2.015912
2.003997
2.000398
2.005517
2.026646
1.988932
1.989706
1.960973
2.001709
2.010747
2.019791
2.027502
2.011828
2.003114
1.997699
2.005243
2.000513
2.024664
2.019295
1.998050
1.991201
1.995301
1.966991
2.002947
1.998081
1.984319
1.989560
1.992284
2.015899
2.019375
2.011824
2.011810
2.002925
2.008753
2.016581
2.035124
2.028322
2.021336
2.000980
2.007281
2.025081
1.994103
1.992760
1.965218
2.000547
2.008496
2.015995
2.018035
2.005965
1.996361
1.996615
2.004459
1.997946
2.017807
2.013026
1.994249
1.991685
1.995617
1.963417
1.997199
1.992788
1.983529
2.005032
2.010937
2.027222
2.022039
2.020739
1.978948
2.005542
2.011001
2.023704
2.008264
2.009445
2.043777
2.006579
2.003536
2.010747
1.974570
1.987309
1.967544
2.002381
2.004880
1.997947
1.995571
1.998728
2.007425
2.016608
2.016419
1.999851
2.014649
2.015429
2.006941
1.994771
2.007194
2.027690
2.030140
2.006972
2.009171
2.001926
2.008256
2.030891
2.034492
2.023884
1.976361
2.001600
2.009391
2.018035
1.999542
2.002942
2.040154
2.008345
2.005552
2.006201
1.970826
1.980208
1.960426
2.000585
2.003556
1.992849
1.982618
1.986692
2.000677
2.016365
2.016470
1.996564
2.012195
2.014025
2.007814
1.995375
2.007972
2.030341
2.031086
2.008494
2.011467
2.012276
2.021088
2.017310
2.035278
2.024467
2.047218
2.002534
2.001596
2.009487
1.982554
1.976874
1.994378
1.988678
1.979708
1.975505
1.983672
1.982304
1.963489
1.982647
1.985410
1.959343
1.958779
1.974651
1.975616
1.992192
1.998256
1.983936
1.968002
1.970625
2.001492
1.998096
2.006576
2.046184
2.040047
2.034412
2.015378
2.007187
2.013248
2.004767
2.018952
2.010572
2.043070
2.003044
2.002861
2.012568
1.995182
1.992426
2.007747
1.988775
1.978730
1.974143
1.987676
1.984621
1.963912
1.981474
1.983932
1.961032
1.964021
1.976853
1.979974
1.993932
1.999218
1.988532
1.973369
1.974164
2.004733
1.997416
2.004742
2.039539
2.035735
2.031569
2.019227
2.004851
2.006749
1.975879
2.011825
2.000065
1.999042
2.016444
2.000066
2.006773
2.015384
1.994458
1.978756
2.014280
2.006091
1.989210
1.996117
1.989578
1.999702
1.996464
2.003747
1.992979
1.956643
1.968821
1.965888
2.001232
2.001675
2.018734
1.987997
1.985819
1.987402
2.012304
2.006318
2.003654
1.972491
1.987612
1.996140
2.000018
2.000983
1.976691
2.007517
1.994702
2.006094
2.016360
2.001058
2.006375
2.008122
1.993595
1.976787
2.012705
2.001681
1.980383
1.992511
1.990919
1.997587
1.995521
2.002857
1.992632
1.953938
1.966823
1.968513
1.999127
1.998942
2.015899
1.985374
1.984031
1.984689
2.012843
2.006589
2.004238
1.975091
1.990167
1.997404
1.986880
1.997945
2.017231
1.977960
1.980189
2.004925
2.018762
2.008508
1.980895
1.987482
1.990923
1.990516
1.996782
1.994920
1.951773
1.959358
1.968238
1.964536
1.982123
1.980171
1.960275
1.979856
1.996081
2.005341
2.008571
2.017359
2.045979
2.047817
2.021809
2.021167
2.014602
2.027199
2.015461
2.029490
2.024052
2.025286
1.983677
1.995929
2.008197
1.978100
1.976821
2.003622
2.020275
2.010827
1.982927
1.987432
1.990350
1.984825
1.994083
1.990036
1.943337
1.952934
1.966031
1.971044
1.983136
1.981411
1.961622
1.978479
1.994720
2.007053
2.008168
2.016113
2.047896
2.054249
2.026935
2.022226
2.013870
2.026799
2.017108
2.030100
2.025002
2.022679
1.990139
1.992793
1.988644
2.003012
1.987971
1.996751
2.012604
2.024058
2.034077
2.034272
2.017490
2.024064
1.996785
1.990326
1.990829
1.972356
1.978394
2.000475
2.005404
2.006935
2.002863
1.975753
1.987236
1.995647
1.995622
1.996289
2.013810
1.993597
1.992890
2.017287
2.011743
2.029788
2.036226
1.984185
1.984523
1.972592
1.990764
1.994027
1.996720
2.009901
1.993667
2.005639
2.008920
2.018627
2.024580
2.030703
2.017221
2.025371
1.998208
1.993310
1.994828
1.979377
1.982639
1.999481
2.006277
2.007050
2.004067
1.977752
1.987139
1.996707
1.994755
1.995443
2.014940
1.998582
1.997220
2.015821
2.012169
2.031811
2.036392
1.984222
1.984306
1.971106
2.017838
2.013487
2.013482
1.990231
2.000487
2.028261
1.996957
1.999454
1.996098
2.023454
2.017559
2.045775
1.997097
2.004050
2.016691
1.974442
1.975954
1.981001
1.994244
2.013102
2.018497
1.998089
1.988388
2.000087
2.002399
1.994278
1.971018
2.002415
1.994672
1.980757
2.003494
2.004219
1.977191
1.991499
1.995039
2.009053
2.011902
2.006251
2.003972
1.984273
1.995984
2.021867
1.995976
1.997207
1.991908
2.017870
2.011002
2.035723
1.998443
2.005375
2.020304
1.984869
1.982878
1.983952
1.993272
2.012485
2.017054
2.004853
1.995956
2.003304
2.002521
1.996437
1.973149
2.006901
1.998683
1.985357
2.003962
2.004264
1.976088
1.989442
1.993592
2.007868
2.001378
2.016130
2.014400
2.004547
1.994717
2.021811
2.010572
2.012640
2.017210
1.966044
1.983326
2.001243
2.010439
2.001409
1.972313
2.011293
2.012585
2.016223
1.995464
1.995434
1.987855
1.992766
1.991696
1.984553
2.013364
2.021751
2.054620
2.019502
2.011434
1.994515
1.996058
1.998116
2.003103
2.009868
2.022069
2.020493
2.001738
2.015237
2.017148
2.002962
1.997349
2.015373
2.007629
2.009056
2.014985
1.980953
1.993879
2.021516
2.011161
2.003684
1.979094
2.017310
2.019577
2.022683
1.996197
1.994146
1.984414
1.992848
1.993196
1.983557
2.013670
2.022686
2.056710
2.020303
2.011568
1.993375
1.997017
1.998856
2.001927
2.009517
2.022245
2.017214
2.000397
2.014888
2.026220
2.013334
2.017346
2.008038
2.004525
2.000406
1.982887
1.975198
1.990821
2.005472
1.985100
1.989970
2.001300
2.001987
1.993340
1.991858
2.011479
2.005540
2.012717
2.001258
2.014095
2.025870
1.996299
1.996143
1.998235
2.013822
2.019967
1.982996
1.998115
2.002636
1.993845
2.016683
2.009677
2.005635
1.994644
2.003202
2.011308
2.009509
2.013810
2.008077
2.005727
2.003872
1.989278
1.985213
1.995027
2.001510
1.983727
1.987861
1.997956
1.999518
1.994487
1.990625
2.011906
2.004776
2.010310
2.003723
2.011385
2.019167
1.996534
1.996751
1.995643
2.009601
2.015309
1.978209
1.998543
2.002973
1.994664
2.013243
2.008208
2.000446
1.993893
2.001886
2.000334
1.987062
1.998450
2.013075
2.003754
2.014778
2.007545
1.997578
1.995678
1.995746
2.015865
2.016627
1.989489
1.980461
1.978775
1.966042
2.014429
2.023407
2.025561
2.036206
2.031859
2.023842
2.007244
2.010091
2.025674
1.995205
1.997864
1.992245
1.992027
1.995032
1.974443
1.983575
1.983278
1.984973
1.991999
2.003336
1.989401
1.981713
1.993646
2.012846
1.999188
2.006956
1.999386
2.005995
1.999353
1.999887
2.016464
2.014548
1.990822
1.980424
1.981887
1.970636
2.014886
2.022774
2.024584
2.035543
2.032194
2.022346
2.006531
2.009377
2.023961
1.985849
1.993063
1.988064
1.991318
1.994442
1.973640
1.981366
1.980904
1.984306
1.997383
2.003960
2.000412
2.008495
2.000078
1.994786
1.996346
1.991522
1.961031
1.990065
1.999801
1.996167
1.998328
2.001476
1.974019
1.988940
2.001731
2.010335
1.993701
1.999582
1.990021
2.013489
2.008868
2.040619
1.998563
2.006605
2.001928
1.992640
1.998218
2.000307
1.991665
1.992855
2.019268
2.007329
2.005556
2.007150
2.001452
2.009587
2.010125
2.014030
2.007397
2.002186
1.998728
1.998100
1.970485
1.994405
2.000234
1.998795
1.999256
2.001752
1.971637
1.988522
1.999887
2.005320
1.998395
2.005503
1.996234
2.018401
2.015157
2.041896
1.998442
2.006133
2.000319
1.988299
1.996482
2.002254
1.991051
1.992264
2.018392
2.009186
2.006283
2.006491
1.997562
2.005504
2.016346
2.014732
2.011107
2.005908
2.002284
2.012011
1.996684
1.998977
1.982368
1.955761
2.002855
2.003134
2.024286
2.005060
2.009066
2.005184
2.011641
2.003889
1.991352
2.036275
2.023012
1.992777
2.009131
2.009609
2.016580
2.039716
2.038229
1.996955
2.006849
2.009032
1.971809
1.971453
1.977248
1.988994
1.997752
2.008045
2.016647
2.022113
2.012606
2.006902
2.004859
2.016533
2.006585
2.011486
1.987424
1.963014
2.003854
2.006346
2.032700
2.015838
2.018258
2.014710
2.012469
2.005769
2.003414
2.042824
2.024895
1.991148
2.010963
2.011263
2.017829
2.045254
2.039193
2.002749
2.006494
2.008360
1.970895
1.970970
1.974775
1.989587
2.006790
2.000400
2.007534
2.005645
2.000682
1.981678
1.996574
2.001949
2.012439
1.996761
1.988989
1.976914
1.991484
1.993316
1.988028
1.985654
1.979355
1.964467
2.007433
1.996082
1.986190
1.962232
1.964157
1.982114
2.000657
2.016329
2.007328
1.991215
1.993412
1.997638
1.995430
1.996094
1.994999
1.960328
1.959945
1.989666
2.007678
1.999508
1.998416
2.004541
1.994595
1.969121
1.997704
2.002649
2.020019
2.002706
1.993516
1.993469
1.991092
1.994878
1.988259
1.994616
1.987782
1.976210
2.007521
1.997988
1.989191
1.967596
1.967662
1.984166
2.004354
2.020047
2.016627
2.002036
2.002540
2.008023
1.996098
1.998177
1.997340
1.960343
1.961299
1.989492
1.997485
2.001088
1.979506
1.990333
1.997308
1.978622
2.001786
2.009737
2.010661
2.007022
2.016337
2.011291
2.007679
2.009862
2.018078
2.008116
2.013124
2.010945
2.000899
2.003458
2.019653
1.987229
1.992898
2.013583
2.012825
2.022964
2.012757
2.020378
1.992020
1.999522
2.006828
2.024050
1.998005
1.985500
1.997849
2.019784
1.997803
2.001612
1.972787
1.990432
1.993491
1.973674
1.999782
2.008272
2.010131
2.002997
2.013675
2.013475
2.006032
2.006828
2.012086
2.002466
2.013118
2.020062
2.001458
2.003038
2.020711
1.987452
1.990936
2.011448
2.011785
2.021679
2.010892
2.018344
1.988395
2.000018
2.006528
2.024158
1.998429
1.982499
1.994740
2.016521
1.996281
1.999651
1.989334
1.991385
2.003272
2.010851
2.013108
2.014968
2.018187
2.023655
2.012949
2.017566
2.015473
2.022537
2.012445
2.014121
2.013558
2.013284
2.000521
2.006228
1.997212
2.013931
2.010119
2.011166
2.005900
2.026733
2.022893
2.007258
2.010557
2.010544
1.999094
1.991695
1.970971
1.973962
1.970533
1.984149
1.992865
1.996955
1.989510
1.985335
1.998944
2.000612
2.011076
2.013035
2.019898
2.019300
2.012572
2.020888
2.013891
2.020505
2.009059
2.013219
2.014259
2.018036
1.999596
2.005825
1.996361
2.012650
2.009880
2.012010
2.005071
2.025484
2.021305
2.004703
2.010137
2.008068
1.998441
1.990545
1.968063
1.972480
1.969299
1.980664
1.990472
1.992345
2.009268
2.023034
2.023577
2.006681
1.994915
1.992762
1.983656
2.012231
2.000575
1.998218
1.997761
1.994007
2.001939
1.985581
2.001908
2.005928
1.990731
2.003075
2.016450
1.969015
1.982817
1.999084
1.998351
2.008555
1.999764
2.011666
2.022582
1.997137
1.985570
1.995497
1.992043
2.003266
1.986068
1.979519
1.990607
1.992158
2.017980
2.020990
2.013322
2.010334
1.997827
1.996055
1.982002
2.005433
2.000319
1.998375
1.996914
1.991710
1.996789
1.987093
2.000066
1.992773
1.990516
2.002860
2.016497
1.966025
1.977794
1.992981
1.997920
2.005620
1.991716
2.000773
2.017184
1.992960
1.985459
1.994014
1.988392
1.999118
1.984421
1.978859
2.005420
2.010958
2.029340
2.023230
2.022220
1.978353
2.021322
2.017839
2.004646
2.007139
2.008683
1.988209
2.006036
2.007240
1.990276
1.963418
1.954175
1.959726
2.015387
2.016348
2.014170
2.013638
2.006989
2.001045
1.985212
2.000678
2.005056
2.019082
2.010428
1.998777
2.013150
2.014497
2.046334
2.020036
2.019903
2.017321
2.002932
2.008795
2.032837
2.035978
2.025388
1.976211
2.021883
2.015610
2.004827
2.007927
2.012058
1.987104
2.007024
2.007150
1.995440
1.970730
1.960386
1.967242
2.018279
2.018606
2.014516
2.014591
2.005945
2.005687
1.984258
1.998842
2.006378
2.022675
2.009955
1.996495
2.013006
2.014291
2.044771
2.018933
2.018910
2.015978
2.012726
2.021415
2.017131
2.035465
2.024690
2.047683
1.995331
2.001823
2.017467
1.983237
1.983244
2.003849
1.999996
2.002605
2.005209
2.000514
2.006284
2.003398
2.003104
1.988292
1.974145
1.999135
2.003200
2.043134
1.990697
1.978410
1.972025
1.969164
1.971436
2.004849
2.016015
2.017004
2.006440
2.011208
2.012686
2.010674
2.007637
2.013201
2.004344
2.018914
2.010795
2.043534
1.990235
1.996984
2.007008
1.972191
1.973541
1.994562
2.001294
2.005439
2.019077
2.012554
2.015141
2.012312
2.003361
1.988166
1.973898
1.999699
2.002108
2.041948
1.989651
1.977041
1.968641
1.963151
1.966921
2.001022
2.016216
2.017023
2.008816
2.015460
2.015869
2.012267
2.004939
2.006808
1.976203
2.012505
2.000769
1.999659
1.997029
1.990573
2.007318
2.037140
2.020066
2.010185
2.015880
2.029710
2.015940
2.012153
2.007434
2.017756
1.992406
2.010512
2.009302
2.002834
1.996021
2.003408
1.995712
1.988492
1.996326
2.014316
2.003962
2.014112
1.995659
1.992453
1.966381
1.977314
1.971920
1.988703
2.000106
2.001116
1.977163
2.008017
1.995568
2.006753
1.993162
1.986714
2.005436
2.034794
2.018695
2.006913
2.017604
2.032543
2.022508
2.012453
2.011333
2.019932
1.990910
2.009146
2.003286
2.002464
1.993834
1.997074
1.995076
1.988954
1.997147
2.017466
2.007144
2.015570
1.996256
1.993033
1.969390
1.980549
1.973228
1.985008
1.987360
1.997914
2.018181
1.979670
1.981522
2.004168
2.016788
2.025687
2.034802
2.022360
2.011613
2.013019
1.995473
2.000823
1.978734
1.971869
1.995984
2.001566
1.992905
1.991248
1.992935
1.975206
1.981146
1.996542
2.006483
2.008061
2.034562
2.040049
2.031078
2.025541
2.006994
1.997390
2.031070
2.003815
1.993935
1.998855
1.984157
1.995898
2.009147
1.979835
1.978155
2.003019
2.018882
2.028097
2.032811
2.023409
2.011393
2.004126
1.994431
2.000010
1.973381
1.954387
1.984224
1.992744
1.993740
1.993207
1.993231
1.972995
1.980486
1.992410
2.007189
2.008253
2.035724
2.041413
2.029723
2.022761
2.006994
1.997390
2.031070
2.003083
1.993459
1.998552
1.990062
1.992539
1.988563
2.002929
1.987698
1.996981
2.010219
2.018024
2.016720
2.023624
2.020214
2.023009
2.008786
2.017966
2.030986
2.027892
2.015403
2.017980
2.015579
2.024718
2.014764
2.012015
2.002203
1.993013
2.009139
2.012546
2.004889
2.007141
2.000556
1.999207
1.989830
1.992529
1.980487
1.993941
2.007282
1.998019
1.990686
1.993772
1.996639
2.009818
1.993008
2.005569
2.009364
2.013999
2.015980
2.025134
2.034314
2.038819
2.009536
2.018749
2.031749
2.032035
2.019226
2.023304
2.016298
2.025199
2.017875
2.012019
2.003147
1.993360
2.009004
2.013016
2.002928
2.002651
1.999092
1.998635
1.989921
1.993194
1.983541
1.996554
2.009307
1.996374
2.017928
2.014790
2.016181
1.991232
2.001263
2.029848
2.006467
2.002163
2.000513
1.993021
2.005576
2.002855
2.011848
2.027221
2.040598
2.019970
2.006312
1.985869
2.001662
2.012639
2.034530
2.023940
2.012361
2.012723
1.988155
1.986262
1.972468
1.981643
1.969160
1.975645
2.017289
2.013905
2.039564
2.022656
2.009159
1.989821
2.011799
2.006850
2.006364
1.986858
1.996327
2.023362
2.004194
2.001076
1.996800
1.990744
2.002687
2.001860
2.015732
2.032904
2.053566
2.033540
2.018693
1.995731
1.999352
2.010084
2.025623
2.014717
2.004917
2.010543
1.989064
1.988366
1.977824
1.984638
1.971174
1.978340
2.016544
2.012555
2.037326
2.022011
2.006588
1.991782
2.001514
2.016253
2.015877
2.005327
1.995334
2.023192
1.990968
1.990506
1.957742
1.974514
1.981739
2.003568
1.998024
1.999931
2.015044
2.004372
1.995868
2.010922
1.992557
1.978425
1.992614
1.995151
1.980325
1.975400
2.002688
2.000852
1.997901
1.990444
1.996814
2.011165
2.020397
2.012403
2.012489
1.987004
1.975183
1.983601
2.001874
2.015360
2.018625
2.003742
1.997966
2.016755
1.992994
1.991600
1.961833
1.984211
1.985551
2.006613
1.998458
1.999948
2.010345
2.005817
1.990743
2.005212
1.993673
1.979434
1.993245
1.994329
1.982851
1.979863
2.001636
1.997673
1.994008
1.993326
2.002319
2.018302
2.020250
2.011783
2.009802
1.983769
1.974055
1.985491
1.999999
2.015196
2.024734
2.013843
2.018303
2.007782
2.003646
2.015562
2.010497
2.012010
2.019685
2.031635
2.003290
1.988947
2.009371
1.989645
1.988731
1.979650
1.988398
1.993429
2.000767
2.032756
2.023723
2.003345
1.978969
1.964213
1.952087
1.950468
1.963193
1.975403
2.012687
2.019350
2.001681
2.017393
2.015515
2.001381
1.994373
2.003674
2.010348
2.009205
2.014036
2.008063
2.002466
2.012203
1.998397
1.996406
2.006715
2.027315
2.002684
1.989662
2.009783
1.991074
1.993621
1.982493
1.988576
1.993795
2.003725
2.039294
2.028135
2.003387
1.978953
1.964611
1.950907
1.947246
1.963295
1.974513
2.012762
2.019854
2.002227
2.018335
2.018453
2.003167
1.994138
2.001868
2.001720
1.988367
1.998954
2.012815
2.001584
2.010476
1.994595
2.008798
2.006943
1.982738
2.014655
2.013905
2.019523
2.035135
2.036904
2.005762
1.990791
1.993492
1.988873
2.010786
1.995965
2.009029
1.995933
2.001874
1.974921
1.992755
2.009190
2.016045
2.001647
2.008597
1.994177
2.012958
1.992664
2.002680
1.992244
2.003440
1.990871
1.983018
1.994149
2.012587
2.000290
2.004803
1.980084
1.985749
1.995411
1.977782
2.011649
2.009225
2.019220
2.038280
2.039832
2.001787
1.991198
1.993950
1.989996
2.015387
1.997602
2.013838
1.995548
2.002186
1.976931
1.996066
2.011653
2.017132
2.002440
2.009041
1.995224
2.013146
1.991345
2.002074
1.996963
2.003617
1.999935
2.006442
1.998187
1.992173
1.986636
1.999440
1.999614
2.006002
2.008706
2.036309
1.997389
1.999850
2.003461
1.989121
1.992050
1.971683
1.995676
2.018817
2.002506
2.000218
2.006869
1.990567
1.998072
2.002488
2.001063
2.004446
1.998212
1.988870
1.995731
2.002263
2.002667
2.010942
1.993624
2.009273
2.001032
2.009244
2.010298
2.013552
2.006410
2.000385
1.990024
2.004764
2.012339
2.020080
2.020976
2.042633
1.999902
2.002401
2.005357
1.997571
2.000288
1.974587
1.993759
2.014866
1.995026
1.990843
1.998029
1.989934
1.996867
2.000753
1.997974
2.007021
2.001066
1.989276
1.995847
2.002215
2.002392
2.008848
1.992899
2.010740
1.996864
2.004742
2.015928
2.014366
2.010596
2.005046
1.995211
1.996644
2.018397
1.990976
1.999922
1.987598
1.999766
2.011493
2.014796
2.024147
2.022758
2.019055
1.998009
2.008590
2.010995
1.986186
1.983046
1.982995
2.010609
2.010444
1.979119
1.981455
1.977090
2.010207
2.013442
2.020054
2.015475
1.998881
2.013257
2.014449
1.997053
2.007283
2.016229
2.021723
2.012095
2.006078
1.993062
1.993177
2.009685
1.981134
1.993398
1.986290
1.997431
2.008483
2.015874
2.019856
2.022005
2.018163
1.996443
2.007699
2.010459
1.984924
1.984641
1.982728
2.010136
2.008866
1.980287
1.984329
1.978450
2.014125
2.013946
2.022115
2.018669
1.998617
2.013845
2.014757
