2.005582
2.004100
2.013294
1.999310
2.004614
2.020343
2.012424
2.002407
2.000775
1.998750
1.998867
2.000051
2.002339
2.001387
1.971728
2.006502
2.015326
2.008715
2.035522
2.032720
1.990633
1.980149
1.975389
1.971672
2.024517
2.024120
1.998081
1.978527
2.008209
2.014615
2.015153
2.020999
1.989851
1.989599
1.978519
2.002020
1.998607
2.004599
2.016787
1.983539
2.001152
1.992646
1.992824
2.028066
1.996048
1.985599
1.963658
2.007116
2.001859
1.997801
1.962196
1.945338
1.994772
2.002809
2.009106
1.999332
1.997762
1.997134
1.992478
1.976699
1.997746
2.001464
2.004941
1.997917
2.009530
2.008094
2.003489
1.983953
2.016467
2.006279
2.014638
2.006225
1.996806
2.000592
2.007026
1.995317
1.989092
1.999494
2.023212
1.997183
2.008665
2.009399
2.005453
1.979329
1.986223
1.983395
1.970547
1.978913
1.995168
1.991613
1.965144
1.978920
2.005660
2.009338
2.026384
1.984111
1.996395
1.999043
2.006961
2.019032
2.015182
2.005586
1.982812
1.981358
2.005850
2.011326
1.984109
2.000606
2.008682
2.017675
2.043163
2.072363
1.996595
1.984107
1.969919
1.968855
2.000278
2.011626
2.019286
1.998891
1.996376
2.001161
1.994107
2.016709
2.002761
1.988001
1.991205
1.998167
2.003251
1.998828
1.967548
1.981130
2.008484
2.003557
1.975599
1.956698
2.000183
2.008860
2.026398
2.012721
2.010650
2.000420
2.001151
2.032148
1.991038
1.982836
1.970586
1.985259
1.992995
1.993791
1.979115
2.006133
2.007830
1.999073
1.997693
2.010205
2.001707
2.013493
2.014923
2.017483
2.001168
2.007703
2.034791
2.011900
1.993015
1.991239
1.980128
1.967670
2.015180
2.012176
2.006074
2.027388
1.985462
1.982654
1.993151
1.998592
1.999510
2.013039
1.999703
2.004916
2.011931
2.003938
1.987260
1.977656
1.989580
1.991025
2.008407
2.033641
1.981973
1.986458
1.964382
1.976409
1.989390
1.994833
1.993836
1.965533
2.007502
1.990668
1.967814
1.973387
2.013290
2.016318
2.035260
2.020328
2.010162
2.010447
1.988534
2.007511
1.993514
1.977134
1.959984
1.963549
2.004863
1.997983
1.949402
1.991309
2.008934
2.012853
1.992986
2.010384
2.014631
2.001019
1.989306
1.976354
2.010155
2.008939
2.053663
2.023051
2.000856
2.007567
2.017100
1.994756
1.987418
2.000148
2.022875
2.003784
2.015721
2.019221
2.052324
2.020791
2.005820
1.998899
2.004949
2.023738
1.987198
1.994745
1.996203
1.989787
2.004860
2.000517
2.006857
2.005682
2.004480
2.000450
1.994702
1.971416
1.996472
2.001561
2.008441
2.002142
2.010388
2.016174
1.979804
1.988599
2.003093
1.992149
1.983710
1.995178
2.004610
2.009120
2.040313
2.010094
1.981161
1.987473
1.980343
1.983618
2.001195
2.003043
2.021511
2.006285
2.002285
1.996705
1.965985
1.989951
1.998199
1.981618
1.958905
1.958275
1.996165
1.994456
1.970900
1.988066
1.999681
1.996558
1.998956
2.004683
2.010138
2.017212
2.012560
1.982698
2.002839
2.004460
2.013744
1.994946
2.000102
2.004844
2.004252
2.010972
1.994037
1.998352
2.008986
2.031313
2.002632
2.008470
2.015808
2.019091
1.994216
2.000960
1.994975
1.991622
1.989354
1.996408
2.005267
1.990352
2.000083
2.008138
2.027412
2.004769
1.984883
1.979951
1.995050
1.994436
1.996249
2.006499
2.004718
2.029676
1.997007
1.985420
1.994158
2.012520
1.991453
1.993227
1.994916
1.971018
1.999202
1.994534
1.990818
1.958830
2.003644
2.007869
2.025974
2.016851
1.985255
1.992949
1.998342
2.018932
1.997966
1.993601
1.983572
1.990849
2.021859
2.030529
2.021364
2.016375
2.012317
2.006403
2.024586
2.001806
1.989968
1.980279
1.953250
1.949734
1.992548
1.993578
1.989302
1.973204
1.987878
1.996267
2.000547
2.013562
2.003780
2.003863
2.007583
2.007933
2.000885
2.009644
2.023700
1.994848
1.990283
1.994250
2.011149
2.004685
2.005069
2.012790
2.005812
1.990873
1.993156
1.985341
1.982964
1.966226
2.011315
2.009616
1.972338
1.956254
1.986581
1.994273
1.978192
1.990409
2.010927
2.013744
2.039514
2.036629
1.995043
1.985794
1.965943
1.987561
1.984826
1.989113
1.974887
2.008057
1.994655
1.991937
1.955054
1.973319
2.003573
2.004550
2.015569
2.005667
1.983017
1.972632
1.991035
1.987103
1.987762
1.992776
1.982389
1.997239
2.003488
1.994646
2.020992
2.011452
2.015066
2.013162
2.036477
2.049081
2.010648
2.005676
2.016069
2.025326
1.986053
1.975697
1.985905
1.976945
2.011954
2.014081
2.012022
1.990757
1.996798
1.985641
2.001907
2.005132
2.000501
1.983771
2.000632
2.024674
2.002836
2.010489
2.025884
1.992789
2.008206
2.022487
2.009758
1.980860
2.014075
2.015976
2.029309
2.037081
1.998942
2.000352
2.012576
1.998503
1.990849
1.987802
1.989980
1.984705
1.995734
1.995267
2.005347
2.008542
2.005079
1.996007
2.007604
2.002359
1.983515
1.989018
1.970801
1.976487
2.000714
1.995246
2.026617
2.024816
2.004230
1.991133
1.983029
1.992503
1.991256
1.992435
1.986589
2.027390
2.000680
2.005555
1.997169
1.986361
2.017992
2.025585
2.018340
2.020620
1.984078
1.996714
2.008189
2.013641
1.991014
1.984759
2.011177
1.998662
1.997607
2.000024
1.964542
1.984440
2.001360
1.993364
1.990780
1.983728
2.000300
2.011730
2.023283
1.989204
2.008444
2.005502
2.010805
2.015272
2.014315
2.008914
1.995115
1.990585
2.002065
1.990231
1.981089
1.991459
1.996779
1.991913
1.994343
2.010905
2.002170
2.001061
2.011652
1.991806
1.993549
1.995623
1.966151
1.985623
2.012968
2.022449
2.011595
2.000908
1.999592
2.008121
2.005927
1.988100
2.002095
2.019103
2.020638
2.022469
1.995583
2.003582
1.989329
2.015967
1.999172
2.002606
2.025639
2.015905
2.003246
2.005550
2.012943
2.019994
2.011320
2.007614
2.004089
2.015415
1.991751
1.996077
1.993504
1.999584
2.004716
2.009627
2.001117
2.004064
2.000143
1.987112
1.981155
1.995042
1.998709
2.017239
2.030970
2.019584
1.988495
1.990303
1.956598
1.955652
2.002685
1.998358
2.002142
2.011554
1.976285
1.991631
1.957145
1.971824
1.977832
1.965108
1.954087
1.977439
2.010330
2.018367
2.016317
1.995863
2.002750
1.999480
2.020025
2.041976
1.990679
1.998006
2.001205
2.019918
1.997585
1.985550
1.984261
2.003034
2.004434
2.006556
1.988409
2.003479
2.014530
2.013926
2.013944
2.010438
2.010127
2.004111
2.012248
1.980150
1.996653
1.997962
2.000537
1.999254
2.005092
2.010928
2.008766
2.000226
1.993958
1.983981
1.990702
1.988630
1.996736
1.989376
1.976726
1.961547
2.011429
2.005791
1.998104
1.984600
1.995178
1.986235
1.990129
2.014254
1.995626
1.997326
2.003244
2.012340
2.030555
2.034000
2.023689
2.001118
2.001089
2.000844
2.004768
2.021035
2.003190
2.009317
2.017059
2.015689
2.009626
2.005761
2.009685
1.986822
1.999781
1.987971
1.974831
2.000952
1.992890
1.994280
2.024799
1.995624
2.000051
1.997448
1.991233
1.984690
1.989366
1.996710
1.994083
1.998639
1.983913
1.973332
1.976999
1.977174
1.996035
2.006569
2.001108
2.005880
1.993853
2.000547
1.997655
1.982309
2.007739
2.003481
1.987694
2.011045
1.990441
1.999850
1.996381
1.987875
2.010900
2.014673
2.042358
2.037057
2.010974
2.008021
2.036600
2.030288
2.010726
2.010441
2.010606
1.994795
2.004829
1.993247
2.004757
2.016459
2.006485
2.002997
1.999781
1.997223
1.998316
2.007652
2.030321
2.040885
2.009199
2.014992
1.997253
1.994230
2.000116
2.008983
2.012292
1.989251
2.008288
2.017069
2.048463
2.002166
2.005843
2.006538
2.042606
2.039827
2.008338
2.003227
2.019612
2.026236
2.007899
2.021486
2.036808
2.045845
2.001419
2.004558
2.005409
2.015968
2.016616
2.016703
2.039754
2.001276
1.992248
1.984794
2.000796
2.026820
1.994772
1.995933
2.022990
2.015336
1.997707
2.001687
1.986918
1.999263
1.978022
1.968772
1.973547
1.975001
1.993434
1.982464
1.975585
1.988352
2.006598
1.999701
1.996665
1.992224
2.004638
2.003407
2.008760
1.991172
2.000189
1.982597
1.967596
1.972079
2.012152
2.024160
2.044133
2.022042
1.998313
2.003526
2.001752
2.007545
1.985856
1.979643
1.968778
1.967152
1.994228
2.006894
1.986323
1.967251
2.002822
2.008025
1.974108
1.965807
2.007828
1.995589
1.991326
2.004177
1.992965
1.996272
2.008691
1.992723
2.016335
2.018453
2.008504
2.026740
2.006246
1.997681
1.990987
2.009632
1.996222
2.002876
1.958219
1.970475
2.002692
2.020569
2.020798
2.009173
2.013163
2.015635
2.058947
2.041705
1.997291
1.994190
1.964602
1.972659
2.002335
2.014313
2.000031
1.954491
1.991336
2.006083
1.996612
2.019566
1.989564
2.006014
2.017810
2.013489
1.996227
2.005308
1.995390
2.003398
2.000031
1.991626
1.981226
1.968664
1.987532
1.990751
1.991291
1.980530
2.003864
2.011327
2.030985
1.995408
1.997556
1.989950
1.990734
1.993385
2.002448
1.991272
1.989673
2.006125
2.010573
2.010234
2.009299
1.976136
2.008434
2.010895
2.037901
2.023028
2.008741
2.013416
2.020591
2.029822
1.998004
2.000639
1.993168
1.982783
1.995470
1.981805
1.964746
1.996494
2.005728
2.005487
2.001756
1.993524
1.993311
1.996575
2.009023
2.003921
2.004226
2.008442
2.014165
1.993690
1.995415
2.008936
1.979008
1.976322
1.981425
1.977230
1.954450
1.964738
1.996700
1.985360
2.000402
1.981556
1.985316
1.993128
1.998297
2.020927
1.977712
1.989867
1.986446
2.000034
1.993838
1.993295
1.970733
1.962651
1.982482
1.981884
1.964224
1.969003
2.013306
2.010779
1.976891
2.000515
1.992533
2.005602
2.020487
2.003125
2.003161
2.013238
2.026928
2.044805
2.009975
2.012733
2.008518
2.059015
2.010528
2.000727
2.018297
2.023233
2.004619
1.994841
1.987574
1.989423
1.998850
1.987002
1.995582
2.015678
1.988473
1.977650
1.978115
2.015433
2.014690
2.017253
2.029178
2.056483
1.995391
2.016200
2.038308
2.023382
1.997195
2.003320
1.992579
2.012955
1.994381
1.985924
1.953278
1.969761
2.008340
2.013278
2.011605
2.007029
1.992496
1.991861
1.977933
2.004560
1.979163
1.975445
1.953618
1.970281
2.002752
2.007692
1.976563
1.990308
2.006455
1.997206
1.999301
1.986899
1.985439
1.980876
1.953062
1.952083
1.986569
1.978520
1.957778
1.986836
1.999207
2.015016
2.009603
2.003328
1.994934
1.996479
2.012994
2.026993
1.993579
1.979467
1.988049
1.987755
2.006261
2.016182
2.003937
2.006584
2.004985
1.994981
1.997950
1.994349
2.002035
1.999184
2.001734
2.021031
2.000129
2.000787
2.031067
2.035492
2.003517
2.008054
2.017670
2.015522
2.006762
2.008235
2.030389
2.014836
2.005280
2.011790
2.040368
2.036768
2.000636
2.011335
2.029973
2.010664
2.008337
2.000984
1.994786
2.002660
2.001046
2.009122
2.034810
2.024474
2.005099
2.006064
2.022741
2.002672
1.989888
1.999178
1.976703
1.974179
1.999448
2.018169
2.029146
2.021863
1.991313
1.990115
1.997853
2.003198
1.997248
2.003936
2.033175
2.009246
2.004111
2.012448
2.020553
2.028659
2.002005
1.994220
1.979319
2.008580
1.995891
1.999330
2.001569
1.975564
2.006680
2.002817
1.997863
1.995976
2.003170
1.997856
1.995465
1.972862
2.000517
1.989157
1.971185
1.994587
2.014605
2.011866
2.015791
2.032782
2.005132
2.008825
2.009790
2.015150
1.991618
2.007491
2.030289
2.022777
1.994777
1.999088
1.984863
1.981087
1.994295
1.988769
1.989266
1.974586
2.004112
2.000577
1.987959
1.973542
1.993087
1.996559
1.987289
2.004465
1.997739
1.990545
1.980090
1.974063
1.989167
1.980947
1.967222
1.991607
2.022890
2.018069
2.022408
2.031112
2.004644
1.998494
1.992190
1.981318
1.999138
2.009864
2.028513
2.013222
2.011111
2.022613
2.047138
2.040580
2.003745
2.022985
2.026960
2.032854
1.985496
1.987835
2.010073
2.010811
1.999873
1.998307
2.007057
2.000139
2.002102
2.005165
2.027047
2.031017
1.991061
1.992846
1.988983
1.974524
1.992768
1.980374
1.987182
2.011586
1.992259
1.990070
2.002319
2.011074
2.005249
2.010122
2.007573
2.003615
1.985404
1.993295
1.981346
1.972797
2.004535
2.022160
2.015381
2.003130
1.993227
2.005210
1.989565
1.974804
2.005981
1.997488
2.019320
2.047696
1.988975
1.988090
1.976224
2.000495
2.013739
2.015361
2.015747
1.989609
2.000541
2.004993
2.030800
2.005878
2.007211
1.998180
2.018616
1.986199
2.002587
1.997299
2.004914
1.979528
1.995091
1.987817
2.013809
1.986415
1.999885
1.991578
2.009951
1.998117
2.001758
1.987222
1.944869
1.954719
1.996523
1.991821
2.020163
2.035605
2.001425
1.989907
1.966885
1.981245
1.993188
1.990109
1.989903
1.986469
1.994483
1.978479
1.986656
2.006816
2.008713
2.001673
1.994995
2.027691
2.018267
2.018392
2.025673
2.022133
2.001552
2.007803
1.993398
2.012804
2.008757
2.009105
1.980403
1.974368
1.978987
1.983399
1.971081
1.999172
2.001063
2.013082
2.000625
2.005568
2.006452
2.007999
2.006109
1.971156
1.992177
1.993148
1.985100
2.003048
2.005745
2.001914
2.015848
2.018615
1.997913
1.983572
1.982481
1.979611
1.993310
1.992227
1.975444
1.972611
2.007770
1.994711
1.985017
1.998746
2.001287
2.005532
1.992832
2.011853
1.995705
1.999878
1.970783
1.975058
2.009148
2.021341
2.008229
2.023515
2.014168
2.007538
1.998445
2.017117
1.994970
2.001145
2.008078
2.005349
1.984513
1.982322
1.995414
1.942379
2.010796
2.023863
1.986348
2.025432
1.999864
1.997740
1.985429
1.975410
1.998718
1.996141
1.977253
1.975983
1.989609
1.974946
1.977567
2.002794
2.006236
1.997573
1.979464
1.990651
1.999712
2.006082
2.002734
2.016715
1.998116
1.999129
1.984348
1.989876
1.991155
1.997853
2.015662
1.996184
2.011022
2.029004
2.042912
2.025655
1.997964
1.996858
2.014408
2.001307
1.992872
1.990277
1.984718
1.995692
2.000777
2.002737
1.993790
1.982433
1.986883
1.979280
1.977424
1.982053
1.995758
1.987478
1.963735
1.977877
1.987966
1.993273
1.960194
1.997556
1.977971
1.976887
1.963933
1.974374
1.990659
1.978053
1.974685
1.977133
1.999598
1.989878
1.958885
1.983157
2.007422
2.001491
2.016959
1.991683
1.991772
1.998077
2.012408
2.024829
1.998964
1.996503
1.977757
1.981219
2.013773
2.003974
1.993805
1.997400
2.008231
2.001814
1.990872
2.003951
2.009540
2.013441
2.030142
2.051086
1.996397
2.015211
2.020944
1.991236
2.016419
2.018584
2.030132
2.014525
1.991823
1.996913
1.993880
2.010515
1.998162
1.999496
2.027671
1.998746
2.014438
2.008198
2.022496
2.019399
1.998585
1.993222
1.987050
1.981223
1.980873
1.981139
1.983863
1.966990
2.004386
2.007667
2.001025
2.021531
2.009762
2.018864
2.028103
2.011330
2.000801
2.004589
2.023584
2.000417
1.992038
1.978618
1.979931
1.961976
1.986020
1.984138
2.003442
1.991133
1.994593
1.998184
1.989714
2.007819
1.995319
1.995810
1.988675
1.997206
2.001897
2.011415
1.994174
2.006801
2.000789
2.019936
2.006131
1.996967
1.995745
1.998552
1.983050
1.986542
2.002374
2.001175
2.005088
2.006007
1.986527
1.982928
2.016849
2.012688
2.019448
2.020832
2.041462
2.020495
2.001976
2.022007
2.007796
2.026581
1.978809
1.981254
1.973450
1.984128
1.997269
1.987944
2.014599
2.026825
1.985451
1.981983
1.985507
2.001670
1.992770
2.002600
1.965997
1.964140
1.999728
1.999967
1.985217
2.017261
1.990599
1.998563
2.020045
1.974197
2.006622
2.006287
1.996402
1.980941
1.992477
1.988106
1.985947
1.993799
2.012301
2.016415
2.017044
2.010857
1.980529
1.977856
1.991776
1.995822
2.006599
2.009751
1.998436
2.008615
2.005494
2.005929
1.999811
1.995543
2.006165
2.020880
2.030689
2.009848
2.007444
2.021445
2.013409
1.993207
2.004348
2.009085
2.012228
2.006750
2.003385
1.998737
2.013565
2.026552
