2.015591
2.014011
2.010177
2.005113
1.978010
1.995124
2.000319
1.968264
2.000379
1.987871
2.001250
2.003875
1.997344
1.986427
1.960664
1.992908
2.011349
2.004872
2.006858
2.003630
1.993554
1.986617
1.972256
1.964955
1.990470
1.985710
2.000775
2.033679
2.001804
2.000889
2.019939
2.007062
2.012358
2.029782
2.026797
2.040103
1.990910
1.990847
1.952892
1.979591
2.000307
2.003117
2.003775
2.010640
2.007787
2.002225
1.975414
1.980692
2.004129
2.020055
1.995942
1.994309
1.982556
1.975286
2.004492
2.027651
1.987824
1.997358
2.020022
2.012249
1.998548
1.996336
1.996443
1.990031
1.988947
1.993286
1.956579
1.977084
2.005392
1.998450
1.993035
1.988601
1.999442
2.003160
1.984283
1.995840
1.988824
1.988725
1.981193
1.996410
2.009447
1.998024
1.985117
2.012600
1.987862
1.981271
1.984448
1.981278
1.992058
2.001122
1.996202
2.015495
1.998509
2.018639
2.030109
2.038252
2.010774
2.016143
2.029594
2.014635
2.002303
1.994104
2.008910
2.018282
1.990594
1.993814
1.989794
1.988696
2.007560
2.009973
2.007018
1.996697
2.011514
2.014749
2.023552
1.974316
2.016695
2.019053
2.007424
2.029915
2.007604
2.019347
2.041632
1.998101
1.998587
2.010267
2.020316
1.990985
2.014201
2.014087
2.024086
2.013468
1.991182
2.001120
2.033902
2.030427
2.000940
2.000766
1.992481
2.015988
2.015127
2.017864
2.029115
1.983989
2.012396
2.019124
2.015908
2.014621
1.994857
2.007129
2.007991
1.998314
2.008315
1.993781
2.001766
2.012654
1.999544
2.000660
2.013763
2.016084
1.987247
1.974843
1.965729
1.987539
2.006257
2.006369
2.004932
1.989797
1.984759
2.004025
2.030108
2.006775
2.021084
2.021792
2.025760
2.012059
2.002321
1.989620
1.999464
1.961426
1.998351
2.002097
2.008473
2.007950
2.012562
2.020503
2.009632
2.002354
2.005195
2.008503
2.009957
2.016953
1.998935
2.004798
1.977474
1.991416
2.000635
2.004370
2.014719
1.965740
1.997684
2.000337
2.020124
2.005433
1.986576
1.981134
1.968363
1.982155
2.004456
1.995572
1.994911
2.015118
1.991316
2.001373
2.014017
2.001636
1.992215
1.996809
2.012758
2.011605
2.010881
2.013311
2.062071
2.048787
2.012727
2.014386
2.015458
1.998426
1.998727
2.004652
2.026428
2.006330
1.997818
1.996420
1.963366
1.968566
2.005597
1.995113
2.025054
2.025419
2.002418
2.014087
2.012124
2.012602
1.996244
1.990409
1.940696
1.959833
2.001131
2.007735
2.046658
2.030307
2.017314
2.013508
2.002229
2.014714
1.994705
1.993570
2.005985
2.026132
2.003871
1.995390
2.001885
2.008958
2.016549
2.011515
2.012936
2.006071
2.002808
1.999027
2.010787
2.012387
2.004576
2.013448
2.002889
1.986126
2.018625
2.013099
2.019534
2.023952
2.001905
1.990689
1.973751
2.000307
2.000474
1.997780
2.009111
1.989756
1.988779
1.982721
2.000008
1.996551
1.998236
1.992311
1.986085
1.974612
1.985837
1.978282
1.971236
1.957578
1.988283
1.988130
1.968788
1.976675
2.014220
2.021024
2.036973
2.015307
2.001890
2.004741
2.005974
2.008097
2.000788
1.998607
2.006414
2.008676
1.994498
2.005928
1.992361
2.001819
1.984251
1.979186
1.958120
1.973132
1.994561
2.005168
2.028876
2.007702
2.008287
2.003202
2.003284
2.010030
2.002104
2.001249
1.968760
2.003726
2.013657
2.006728
2.005825
2.006393
2.012154
2.002709
2.018453
2.029784
2.013646
2.013769
2.025228
2.027389
2.002439
2.013978
1.999426
1.991334
1.989771
1.990571
1.979376
2.005505
1.987432
1.991871
1.993490
1.997393
1.993841
2.011494
2.037401
2.022837
1.983509
1.978851
1.983243
2.017189
1.992267
1.992425
1.996323
1.996533
1.994164
2.002153
2.009361
1.995809
1.991384
1.995616
2.009532
2.004613
1.977761
1.978437
1.958836
1.964169
2.007358
2.004882
1.973743
2.001596
1.993055
1.992416
1.997080
2.007473
1.995368
1.998748
2.002788
1.990781
2.012062
2.012037
2.006942
2.001126
1.999328
2.011565
2.001502
1.993508
1.996053
1.994079
2.019146
2.007705
1.990634
2.005255
2.023436
2.061934
2.007114
2.010021
2.028494
1.986220
1.986136
1.998905
1.991548
2.035346
2.004020
2.002652
1.994872
2.013540
1.994183
1.987988
1.971617
1.992164
2.005098
2.012443
2.022985
2.012694
1.999522
1.985561
1.974159
1.972123
1.998270
1.974965
1.968192
1.978026
1.999315
2.010063
2.026608
2.005923
1.994181
1.982345
1.995678
2.001913
2.000375
1.999219
1.993806
1.987242
2.006492
2.001520
1.974479
1.953799
1.993821
1.989980
1.974448
1.980255
1.999477
2.014436
2.011183
2.013905
2.007869
1.999866
2.021374
2.031501
1.994194
1.997964
1.986298
1.990647
2.007715
1.999443
1.996902
2.010901
2.008994
2.010359
2.011957
2.012483
1.993066
1.995209
1.993218
1.967090
2.011162
2.012477
2.005650
1.994315
2.008539
2.013366
2.002647
1.984973
1.986221
1.984535
1.992745
1.998758
2.001711
2.002718
2.005398
1.983972
2.004744
2.009815
2.011636
2.019873
1.978697
1.989843
2.012885
2.021421
2.009574
2.006471
1.977594
2.011604
1.989919
1.994612
1.993139
1.964513
2.012789
2.015374
2.014139
2.023121
1.993842
1.998469
1.986385
2.005781
1.993300
1.999855
1.996983
1.999068
1.993838
1.999302
1.987565
1.957470
2.005540
1.998961
1.949986
1.991057
2.006206
1.997901
2.041220
2.034460
1.999875
2.005141
2.018675
2.031674
2.004511
2.005268
2.040442
2.010187
2.002984
2.010636
1.993076
2.027995
1.988082
2.000544
2.021575
2.004981
2.003840
2.009504
2.000483
2.022044
2.003824
2.009803
2.037940
2.028578
1.985415
1.977230
1.966597
1.949904
1.992317
1.992714
1.991161
1.996436
2.002239
2.001219
1.997274
1.969175
2.003136
2.002469
2.004857
1.978809
1.983235
1.990703
1.969282
1.964811
2.002173
2.001753
2.018199
2.019796
2.000428
2.010713
2.011579
2.009769
1.980522
1.985758
1.976320
1.982240
1.982358
1.965117
1.949863
1.959322
2.015185
2.013391
2.007209
1.993792
1.983205
1.980635
1.977642
2.010920
2.002930
2.006730
2.011410
2.007101
1.997323
1.994191
1.999158
2.004558
2.004150
1.999342
2.011245
2.010433
1.999324
1.991338
2.013231
2.007439
1.999782
2.009203
2.023455
2.028629
2.011790
2.005133
2.010744
2.013150
2.003765
2.009307
2.014944
2.022482
1.983577
1.980649
1.980965
2.003158
1.995819
1.979602
1.988098
2.009561
2.020663
2.029656
2.010335
1.975201
2.025126
2.032265
2.029010
2.032554
1.996609
2.006925
2.003422
2.031443
1.989681
1.995631
1.998624
1.957287
1.976284
1.983742
1.977544
1.995587
2.001601
2.008663
2.030784
2.015576
2.013684
2.021023
2.022347
2.021794
1.988410
1.997365
2.001474
2.021875
2.001374
1.996552
2.012409
1.995250
1.995765
1.980189
1.976391
1.976840
2.005695
2.001024
1.997481
2.011581
2.003597
2.014751
2.018934
1.994002
1.990873
1.991659
1.991411
1.971831
2.004682
2.007051
2.033816
2.022447
2.006475
2.019111
2.003162
2.023862
1.999555
1.992865
1.993547
2.000466
1.987280
2.000693
1.990074
1.981438
2.005865
2.012606
2.005054
1.987298
1.998279
1.997217
2.010121
1.960934
2.001644
1.999109
1.990577
1.975532
1.996258
1.987486
2.012976
1.991656
2.010395
2.019944
2.027552
1.985324
1.993359
1.984320
1.959868
1.985442
2.011894
2.001573
2.008811
2.018923
1.998555
2.002706
1.982510
1.982238
1.981906
1.970153
1.954311
1.973785
2.009071
2.010650
2.008711
1.965611
1.987724
1.992883
1.982178
1.995641
2.006766
2.016126
2.045182
1.997695
1.999584
2.004317
1.993870
1.978556
1.986551
1.998031
1.994868
1.998461
1.995463
1.995199
2.007619
1.998006
2.012082
2.014734
2.014139
1.992199
1.998080
2.004258
2.016973
2.006383
1.999958
1.992656
1.990988
1.995533
2.010004
2.004480
2.010635
2.006816
1.998825
2.005403
1.985038
2.008413
2.014081
2.016947
2.029324
2.039371
1.998907
1.990929
1.981872
1.985039
2.005510
1.999122
1.995882
1.999456
2.006896
2.014988
1.991983
1.981455
2.006789
2.009965
2.048017
2.024508
1.984197
1.991010
1.973635
1.978706
1.996171
2.004021
2.019245
2.018956
1.994726
2.002139
2.003439
2.017675
2.006374
2.002633
1.978482
1.981415
1.993781
1.993141
1.958849
1.959962
2.017213
2.023977
2.019473
2.024030
1.991967
2.002784
1.995031
1.988555
2.009867
2.012663
2.014239
2.032211
2.008153
2.010329
1.996955
1.991187
2.002872
1.988756
1.992189
2.004049
2.001534
2.012655
2.023935
1.987387
1.997049
2.006236
2.002572
1.996299
1.996221
2.000634
1.987168
1.993982
1.988610
1.983709
1.983953
1.975203
1.978033
1.963353
1.966525
2.001978
2.002074
1.999713
2.009265
1.991228
2.001508
1.995958
2.003001
2.005744
2.005114
2.003521
2.011055
2.010207
1.997707
1.984354
1.985338
1.997170
1.996426
1.985191
2.004032
1.985922
1.996910
2.004573
1.991724
2.018143
1.994659
1.984441
1.984484
1.991782
2.000799
1.986077
1.994412
2.018468
2.008286
1.997921
1.996409
1.978900
1.997415
2.003068
2.030491
2.033933
2.006994
2.010840
2.002452
2.006700
1.995238
1.996651
1.994103
1.989290
2.002422
1.998656
1.989361
1.975382
2.026035
2.019801
1.998686
2.008316
2.006777
2.015482
2.004867
2.001611
1.975984
1.992802
1.957546
1.965167
1.983076
1.983531
1.968467
1.980483
2.005709
2.005569
2.006543
2.002038
2.009069
1.993872
1.968800
1.976231
1.998175
2.006000
2.002867
1.985534
1.998066
1.986057
1.980989
2.002131
2.006121
1.990874
2.027285
2.011662
2.004236
2.004826
2.013101
1.991287
1.998714
2.000107
1.988078
1.995007
2.008826
1.998559
2.016723
2.010581
2.005783
2.011545
2.011004
1.998711
1.984243
2.001506
2.000592
2.022400
1.997782
1.992795
2.013196
2.011095
1.994496
2.002783
1.998257
1.965319
2.000010
2.001009
1.989555
2.003406
1.994635
1.994986
1.999826
2.009032
2.007293
2.009703
2.021581
2.036563
1.993961
1.998215
2.002146
2.012293
2.002410
2.004143
1.998736
2.016118
1.992646
2.000154
1.991148
2.004735
1.999914
1.988859
1.977728
2.001428
1.979133
1.982708
1.978631
2.002467
1.979202
1.993022
1.995651
1.982601
2.004605
1.998407
1.991495
1.970845
1.996343
1.990302
1.990914
1.993792
1.997789
2.008624
2.003156
2.006141
2.005706
2.001828
1.997809
2.003444
1.999731
1.990563
2.021678
2.005307
2.007509
2.007561
1.983946
1.988086
1.997821
1.996734
2.017094
2.013614
2.012776
2.010183
2.039006
2.030726
1.994078
1.993277
1.999700
1.999360
2.003057
2.006585
1.991202
2.009010
1.988993
1.982583
1.980426
1.975392
1.999291
1.996904
1.991427
2.017767
2.008691
2.014161
1.996787
1.992093
1.985013
1.990044
1.997198
1.993968
1.987533
1.984852
1.990614
1.979360
2.001792
1.999065
1.996191
1.988297
2.001564
2.004859
2.000236
2.004812
2.009468
2.022396
2.033215
2.045786
2.006973
2.019514
2.021182
2.019508
1.994955
1.994228
1.986311
1.962956
2.013246
2.010205
2.011210
2.018579
2.013344
2.011338
2.051879
2.022305
1.998102
2.001384
1.988294
2.002119
2.000304
2.015585
1.987961
1.973136
2.003591
1.994543
1.999187
1.980458
2.011773
2.009137
2.036309
2.008215
1.997924
1.985869
1.984349
2.013570
2.002321
1.985721
1.967333
1.972279
2.002634
2.012347
2.007242
1.987236
1.983685
1.993357
1.990357
1.973131
1.993723
2.001462
2.005262
2.027810
1.984621
1.990903
1.978349
1.978467
2.002447
2.009437
1.973467
1.966151
2.009546
2.023180
2.037048
2.011060
1.988658
1.993328
1.989018
2.018861
1.998669
2.007699
1.978668
2.002807
2.004980
2.011491
2.010136
2.011408
1.996682
2.003133
1.957467
1.966956
2.011539
2.008686
1.990503
1.979786
2.023839
2.021229
2.006848
1.998029
2.009280
2.000679
1.987385
1.990832
2.012908
2.004154
2.023499
2.023071
1.991779
2.004993
1.995230
2.013525
1.997230
2.004173
2.026261
2.022028
1.991995
1.997722
1.998993
1.976023
1.994364
2.002596
2.010517
2.005790
1.994927
1.999338
1.990877
2.016284
2.004351
2.012547
2.037219
2.004112
1.997995
1.996949
1.987428
2.004010
2.006357
1.999635
1.998168
1.985959
2.009389
2.008233
2.009274
1.995217
2.010305
2.017217
2.016960
1.987744
2.010949
2.014643
2.016344
2.026916
1.996522
2.001884
1.991889
1.982129
2.006268
2.008069
2.007987
2.007020
2.003268
2.006915
2.005472
1.973862
2.005350
1.999849
1.985017
1.953699
2.004867
2.008586
2.014194
1.992450
2.000693
2.011644
1.989609
2.007006
1.998480
2.003698
2.006557
1.991128
1.996124
1.994674
1.971425
1.989522
1.989945
1.999012
2.004763
1.990221
1.978882
1.990773
1.982343
1.997941
2.000622
2.011388
2.021645
2.017303
1.994688
2.000534
1.990425
1.978008
1.993887
1.992231
1.993711
1.970415
1.999522
1.978668
1.941935
1.952088
2.002678
2.011586
2.027287
2.044671
2.002158
2.012885
2.005941
1.989252
1.995168
1.997092
1.996434
1.949915
1.995007
1.999910
1.992478
2.020239
1.998897
2.019098
2.009996
1.983430
1.989358
1.977728
1.977444
2.010833
1.997170
1.984831
1.954165
1.993553
2.014983
2.005870
2.018223
1.979481
1.993144
1.992859
1.986489
1.990549
2.008623
2.021241
2.018423
2.034082
2.009769
2.013176
2.013861
2.008580
1.995261
1.992522
1.994842
1.954847
2.000419
2.017710
2.037148
1.982217
2.007319
2.005572
2.013874
2.031595
1.997230
2.018534
2.022861
1.997838
1.985203
1.981319
1.952037
1.957401
2.001541
2.012107
2.019617
2.007911
1.996651
1.982559
1.991340
1.985343
1.992503
1.998797
1.999636
1.986491
2.006216
1.997963
1.998102
1.989941
2.007658
2.016053
2.002524
2.005975
2.005143
1.989755
1.981972
1.971032
1.997890
2.008030
2.031846
2.020419
2.001674
2.000084
1.989318
2.003107
2.001629
2.012257
2.049604
2.031172
2.003501
2.004853
2.027908
2.013218
2.006420
1.999906
1.993366
2.002901
2.004064
1.994164
1.977801
1.969314
2.000385
1.992920
1.994259
1.954082
1.984843
1.986277
1.990765
2.006032
2.005184
2.007006
2.019961
2.003937
1.994730
1.989619
1.974901
1.994665
1.988589
1.980103
2.001348
2.010915
2.005063
2.003894
1.994758
2.007003
1.991919
1.987733
1.980809
1.995118
2.003742
2.012925
2.019969
2.028592
1.999146
2.006537
2.051020
2.005184
2.016952
2.012985
2.029949
1.988586
1.989187
2.000823
1.992537
1.999255
1.996639
1.991060
1.997284
1.993898
2.001663
1.990104
1.973549
1.990116
1.998512
2.002148
1.984124
2.008189
1.983074
1.978679
1.950995
1.945160
2.003909
2.002919
2.033029
2.015542
2.012743
2.002085
2.007111
2.019168
1.995293
1.989588
1.989979
1.974233
2.000491
2.004855
2.016833
2.022808
2.003869
2.005821
2.034979
1.998641
2.012829
2.004026
2.022181
1.994978
1.996675
2.010743
1.999038
2.010799
2.020434
2.015469
2.020045
2.032132
2.012773
2.023150
2.027381
2.009475
2.007959
2.009273
1.985008
1.985128
1.997477
2.002217
2.028114
2.027392
1.986875
1.980244
1.996050
2.005359
1.987699
1.990862
2.013781
2.014315
2.003153
2.001852
2.031092
2.029990
2.003958
2.000719
1.988867
1.982977
2.016905
2.012018
2.024734
2.008027
2.017680
2.020913
2.058302
2.035073
1.993592
1.992706
2.007377
2.013098
1.994741
1.998415
1.992535
1.987247
2.009491
1.987764
1.963720
1.983736
2.011056
2.003929
1.979762
1.990074
1.988305
1.994568
2.013880
2.015918
2.006805
1.997379
2.020610
2.051022
1.986355
1.976691
1.948287
1.972182
1.987412
1.996644
2.026369
2.013124
2.017742
2.012710
2.017729
1.975835
1.997508
2.006374
2.039553
2.012833
2.001517
1.996595
2.004627
1.979376
2.003118
1.992434
1.986163
1.997866
1.993372
2.000457
2.008880
2.021305
2.010660
1.997092
1.997612
1.996675
2.004852
2.002657
2.006945
1.992616
2.002002
1.990467
1.966867
1.982318
2.004544
1.997025
2.002953
2.007558
