2.004343
2.002037
1.990518
1.978849
2.006537
2.006099
2.016139
2.027196
1.993510
1.995107
2.005079
2.013698
2.003239
2.013547
2.051449
2.026197
2.011846
2.010246
2.011497
2.020500
2.010265
1.989034
1.966648
1.985500
1.996086
1.995376
1.993925
2.001470
1.990734
2.012655
2.034121
1.989745
1.988477
1.983806
1.978732
1.961482
2.004241
2.008968
1.993233
1.986635
1.985602
1.996044
2.023916
2.007807
2.015959
2.005228
1.979709
1.972707
1.989612
1.990654
2.033937
1.966032
1.993211
1.989378
1.973839
2.006688
1.997678
1.993253
1.996258
1.977399
1.992528
1.999463
2.006707
2.017079
1.996973
1.995212
2.002484
1.999833
1.998363
2.010266
2.000304
1.997904
2.014048
2.023601
1.999301
2.012418
2.013698
2.016511
2.035348
2.043324
2.012210
2.003556
2.014538
1.971366
2.003835
2.023018
2.052369
2.028596
2.002107
2.003800
2.006466
2.009137
2.012074
2.012558
2.036450
2.033538
2.003692
2.019518
2.015952
2.004691
2.008051
2.017572
2.010621
2.014882
2.004617
2.019352
2.015151
2.003403
2.000902
1.996579
1.967033
1.960830
1.986224
1.987792
1.992005
1.987847
1.993137
1.991445
1.987222
1.983503
1.987137
1.990996
1.998954
2.004915
2.003762
1.996570
1.968242
1.970231
1.999662
1.984704
1.986546
1.977427
2.000922
2.006681
2.036161
2.042209
1.998121
2.001738
1.987978
2.002210
1.998557
2.002525
1.968410
1.967081
2.021509
2.025227
2.028754
2.018932
1.982113
1.972596
1.935918
1.949902
1.991581
1.999021
2.000553
1.988268
1.989920
1.994949
1.998575
2.005921
2.000899
2.004948
1.987678
1.987359
2.000466
2.009666
2.007679
2.018623
2.001701
2.008782
1.998777
1.984306
1.993439
1.989666
1.991695
1.974141
1.988251
1.985862
1.956877
1.961595
1.983168
1.985248
1.974970
1.982096
1.989840
1.972449
1.966749
1.959753
1.996643
1.983769
1.971475
1.961611
1.998845
2.008382
2.036763
2.030277
2.012027
1.994488
2.004277
2.024607
1.989440
1.983485
1.996849
2.007912
1.981639
1.996205
2.011298
2.012945
1.989831
1.991533
2.015450
2.017383
1.999819
1.992972
2.007897
1.992653
1.994465
1.991434
1.998246
1.985907
1.999593
2.000090
2.010619
2.010002
1.990864
1.984557
1.930436
1.957491
2.006922
2.007942
2.018305
2.012828
1.989859
1.995297
2.012501
2.032611
1.979263
1.977168
1.963122
1.968436
1.997111
2.001326
2.008938
1.999019
1.990928
2.001684
2.007498
2.005766
1.974103
1.965649
1.965785
1.957216
1.989236
1.994740
1.985221
1.997638
1.988703
1.991974
1.996186
1.965569
1.999648
2.009480
2.027539
2.021486
1.995527
1.988814
1.955155
1.958810
1.994181
2.001379
2.008796
2.021608
1.995348
1.992064
2.001023
1.987237
1.994194
1.998592
2.019103
2.031866
2.000383
2.001076
2.009970
2.008747
1.982483
1.980794
1.964315
1.990746
1.998785
1.995570
1.979796
1.968488
1.995611
2.008453
2.003242
2.004120
1.989576
1.983871
1.986721
1.980889
2.006711
2.014070
2.003031
2.011455
2.015388
2.007723
2.022607
2.015447
1.997464
2.005578
2.009215
1.996647
2.004959
2.012776
2.016234
1.964832
1.988973
1.991663
2.003851
2.007023
2.002235
1.994716
2.009692
1.999011
1.998059
2.002557
2.023651
2.029622
1.997072
1.995103
2.023440
2.035286
2.014240
2.025384
2.023806
1.990527
2.003733
2.010086
2.040685
2.012420
1.986705
1.973377
1.973769
1.975412
1.994783
2.002371
1.978552
2.008969
2.010153
2.007032
2.020509
1.988271
1.997138
1.994720
1.990895
2.006453
1.999042
1.996088
2.011597
2.022880
1.999567
1.995749
1.998785
2.024575
1.997051
2.005250
2.028492
2.032426
1.994217
1.994166
1.966260
1.997760
1.995174
1.996510
1.999023
1.972582
2.000859
2.009744
2.020857
2.004078
2.001676
2.007676
2.010133
1.997816
1.999810
1.991668
2.012185
2.000882
1.999380
2.011557
2.020344
2.024359
1.992512
1.982436
1.980877
2.031689
1.987342
1.979517
2.013472
2.017691
2.004698
2.001096
1.995617
1.974910
2.006135
2.013570
1.980721
2.013043
1.994485
1.989559
1.959708
1.950746
1.996431
1.984463
1.957140
1.990963
1.998630
2.003200
1.975349
1.983015
2.014812
2.010519
1.989366
1.981938
2.010158
2.016475
2.027448
2.021211
2.013070
2.024927
2.027338
2.031444
2.011899
2.030222
2.025404
2.037942
1.997188
2.007915
2.015128
2.029416
1.994635
1.999183
1.996619
2.021746
2.005688
1.997303
1.975578
1.997191
1.988036
1.984634
1.951065
1.972305
1.982810
1.975524
2.003426
2.026527
2.018835
2.023253
2.029158
2.026587
2.009520
1.994087
1.987906
2.016842
2.013189
2.028229
2.036810
2.024647
2.002814
2.015343
2.022083
2.035346
1.999616
2.003064
1.984056
1.996175
2.004218
2.005843
2.017641
2.040398
1.997545
2.003976
2.032095
2.014668
1.998597
2.001421
1.994725
1.999783
1.999632
1.987276
1.999757
2.002829
1.998197
2.018044
2.029710
2.038371
1.999082
2.002428
1.986447
1.997283
2.009548
2.003566
1.989219
1.981114
1.997232
1.995781
1.995753
1.985457
2.001528
2.000426
2.019171
2.006972
2.011496
2.014303
2.022394
1.974483
2.001200
2.001152
1.987956
1.988811
2.009844
2.010260
2.032856
2.015488
2.008117
2.014454
2.014022
1.993204
2.005713
2.021497
1.997045
1.994968
1.991180
2.001394
2.035401
2.032590
2.009765
2.012539
2.011584
2.007960
2.018640
2.009767
1.995258
1.971613
1.992016
1.993294
2.017058
1.996544
2.004724
1.997736
1.992637
1.988008
2.008432
1.993158
2.001473
2.012336
2.011388
2.002312
1.988440
1.975929
2.008249
1.997766
2.004815
2.024852
1.994218
2.008798
2.017875
2.012566
1.989506
1.996384
1.989204
2.009694
2.020743
2.021182
2.025061
2.011701
1.990587
1.981713
1.952885
1.971267
2.006391
2.011520
1.973548
1.978824
1.987249
1.995237
1.955793
1.981965
2.009778
2.012084
2.005747
1.998655
1.998464
2.004834
1.975523
1.988474
1.999747
2.005410
2.019794
2.018018
2.002431
1.997083
1.955096
1.976239
2.000697
2.001072
2.017630
2.037337
2.014224
2.014897
2.024402
2.013331
1.991444
2.001650
2.014691
2.001561
2.003611
1.999504
2.031589
2.029037
1.996665
1.998173
2.001068
1.981800
2.004259
2.012682
1.991036
2.003236
1.994306
2.006336
2.007876
1.999058
1.997780
1.996386
1.966333
1.968725
2.000542
1.987978
1.982566
2.012192
1.992029
1.997681
2.009955
1.991732
1.979860
1.996308
1.999880
1.969677
1.984369
2.004154
2.030296
2.006849
2.017231
2.013204
2.002652
2.015331
2.025076
2.018402
2.047222
2.037234
1.990864
1.994853
1.985292
1.960741
1.990986
1.986233
1.999384
2.033331
2.005230
2.008782
2.009950
2.016754
2.004158
2.012343
2.000291
1.986555
2.002248
2.006010
2.029927
2.019234
2.022720
2.033826
2.037163
2.020670
2.008927
2.004206
1.975819
1.981433
2.004216
1.995208
1.996069
2.015683
1.998642
1.992114
1.986818
1.976239
1.994865
1.997737
2.019155
2.018323
2.005100
2.008808
2.009659
2.005059
1.988464
1.992231
1.957073
1.977077
1.998955
2.006113
2.028953
2.008269
2.000783
1.998251
2.004843
2.009265
2.003308
2.003238
2.028999
1.989924
2.011354
2.009481
1.968255
1.948187
1.988196
1.981707
1.982417
1.981229
2.003644
2.009904
2.048935
2.028456
2.001141
2.000045
1.968002
2.003575
1.999703
2.005425
1.985073
2.003856
1.997325
1.999140
1.958122
1.976857
1.988927
1.993845
1.988128
1.987909
2.001799
1.996936
2.007081
2.006457
1.989882
1.990898
1.980101
2.005086
2.006350
2.014654
2.034524
2.035189
2.009998
2.008547
2.040216
2.052273
1.998627
2.010447
2.018993
1.991911
1.990035
1.982920
1.999701
1.997251
1.995350
2.002712
2.011902
1.999382
2.003135
2.005182
2.017167
2.004262
1.998414
1.986652
1.994431
2.021991
2.012826
2.018566
2.016352
2.014318
2.001851
2.004973
2.006603
2.007415
1.995333
1.998535
2.002909
1.990408
1.992716
1.995602
1.989267
1.994807
1.992442
1.989952
2.000806
1.992012
2.005429
2.006167
2.004077
1.987733
2.009662
2.004743
2.007199
2.012749
2.007144
2.009965
2.028369
1.985677
1.993488
1.993480
2.005678
1.989258
2.000577
1.983641
1.982163
1.993574
2.011913
2.019282
2.008003
2.000932
2.003311
2.015393
2.003058
1.993259
1.998742
1.985257
1.973243
1.971718
2.010007
2.025569
2.035062
2.023079
1.992517
1.985451
2.004872
1.994086
1.984232
1.978967
1.961897
1.976433
1.991982
1.991061
1.995497
1.996992
2.006491
2.001235
1.973764
1.953752
1.996733
1.997249
2.015143
2.014182
2.012971
2.003518
1.986319
1.990988
2.012572
2.014078
2.013652
1.997422
1.994447
1.994653
2.000092
2.010012
2.007436
1.999076
1.995925
2.011477
2.007827
2.007227
2.011591
1.990647
2.007190
2.016180
2.007755
2.000206
1.995881
1.991513
1.940976
1.960693
1.991326
2.006326
2.025663
2.063327
1.986489
1.985315
1.994047
1.999392
1.991027
1.989743
1.959377
1.974862
2.003724
2.004266
2.005265
2.024305
2.016425
2.011438
2.015009
2.009849
2.005060
2.013660
2.024291
2.012323
1.990492
1.995310
1.993681
1.966102
1.998988
1.990467
1.988855
1.997083
1.999605
2.020446
2.029531
2.025766
2.002643
1.999499
2.010300
1.989683
2.000180
1.998860
1.994268
1.985631
2.005356
1.998407
1.949552
1.992398
2.004370
2.006831
2.005139
2.050862
2.005786
2.012584
2.005062
1.991203
2.015641
2.022972
2.041406
2.017038
1.995970
1.999505
1.986796
1.990525
1.988191
2.000064
2.021329
2.005328
1.995602
1.994313
1.988432
1.987702
2.015472
2.014939
2.010867
2.006700
1.994350
2.004072
2.025477
2.005862
2.009068
2.013841
2.002791
1.983099
2.003263
2.000085
1.995245
1.970017
1.996203
1.998680
2.001825
2.000910
1.992932
1.985977
1.970597
1.960999
2.013517
2.013799
2.027757
2.028231
2.010210
2.006807
1.975979
2.012133
1.980787
1.986310
1.975579
1.982164
2.004211
2.013103
2.030616
2.027902
1.999079
2.001245
2.000842
2.008883
1.983402
1.978628
1.984000
2.016687
1.992467
1.998368
1.985172
1.956624
1.997189
1.994227
1.999872
2.005036
1.996664
1.983054
1.962772
1.988535
1.998244
1.994501
1.993573
1.986828
2.006146
2.003765
1.971429
2.000677
2.002473
2.010355
1.992398
2.027205
2.003966
2.009661
2.015079
2.021661
1.997947
2.000487
2.020090
2.017093
2.010850
2.001238
1.987936
2.012130
1.995241
1.994607
2.021533
2.007414
1.991182
1.991098
1.989415
1.995396
1.996419
2.007194
2.005086
2.032337
1.979268
1.972485
1.998572
2.013690
2.003371
1.994947
2.007606
2.017671
1.993602
1.986218
1.970621
1.990331
1.999693
2.009272
2.011197
2.009033
1.985787
1.994517
2.004255
2.025007
1.993362
1.992944
1.975637
1.995197
2.006802
2.018312
2.044585
1.999091
1.994299
1.982650
1.995787
2.002141
2.002200
2.005070
2.007832
2.004965
1.990943
1.992228
1.991598
1.971832
2.010328
2.015635
2.050473
2.027871
2.014892
2.018174
2.030631
1.991588
2.007378
1.998866
2.018969
2.031503
2.011276
2.004555
2.007979
2.014307
2.005484
2.012889
2.005408
1.987956
1.981284
1.988116
1.972071
1.961260
1.989470
1.978969
1.972350
1.996512
2.013268
2.015023
2.008827
1.994598
2.024344
2.030091
2.022349
2.027011
1.993902
1.985136
1.961718
1.985815
2.005620
2.006273
2.032583
2.005517
1.999675
2.004964
2.012732
2.013039
1.979276
1.988918
2.012352
2.020165
2.012615
2.020306
2.019088
2.014205
1.988015
1.992792
1.982103
1.995013
1.992356
2.001201
2.008743
1.991006
1.996819
1.998458
2.021981
2.006720
1.992891
2.000604
1.999337
1.994915
2.003561
2.013905
2.017939
1.993248
2.012396
2.015218
2.013352
1.992081
1.985960
1.994050
2.002836
1.980207
2.010307
2.012705
2.062198
2.049542
2.004721
2.005435
2.041109
2.011880
1.987818
2.000924
1.989425
1.980675
2.014092
2.016858
2.028678
2.034646
1.989561
2.004299
2.015781
2.018496
2.002729
2.015615
2.012658
2.012842
1.985155
1.975542
1.963023
1.946095
2.010123
2.019009
2.025948
1.985079
1.984784
1.991058
1.974895
1.979894
1.997922
1.992892
1.989222
1.978357
2.003590
1.994330
2.000998
2.008106
2.000952
2.000299
2.017454
2.022815
2.009229
2.010756
2.009179
1.967628
2.017205
2.024390
2.017997
2.023192
1.996094
1.994129
1.993010
2.019283
2.000902
1.989453
1.972973
1.997457
1.982612
1.980349
1.976279
2.011773
1.995790
1.996299
2.010117
2.000875
2.000608
2.012242
2.024313
1.989822
2.003246
1.998807
1.988791
1.971522
1.988192
1.987766
1.968846
1.973349
2.000186
2.009596
2.024316
2.029776
1.998045
2.005371
1.986349
2.011565
2.001753
1.999351
2.008801
1.991693
1.980489
1.971561
1.984811
1.980285
1.984470
1.979191
1.952834
1.971287
2.020293
2.028004
2.006235
1.971765
2.005918
2.009900
2.049283
2.028290
1.996434
2.004464
1.990533
2.016790
2.014059
2.014607
2.010475
1.978245
2.010976
2.002265
2.017545
2.029713
2.002002
2.009140
2.031882
2.016528
1.993478
1.992512
1.958134
1.958535
2.007429
2.011653
2.003330
2.007568
2.005679
2.004319
2.000936
1.999204
1.995505
2.011643
2.035966
2.021606
2.005086
2.000186
1.996881
2.012478
2.002830
1.988694
1.992172
2.001600
1.975473
1.991864
1.956982
1.966602
2.007049
2.011176
2.035340
2.036515
1.977042
1.974281
1.951790
1.960218
1.999761
1.993076
1.994223
2.001504
1.977687
1.963433
1.967435
2.004671
1.997985
1.986089
1.980523
2.001795
2.011816
2.009649
2.015632
2.030219
1.997544
2.009381
2.001159
1.995615
1.996057
1.987691
2.016090
1.993575
1.996354
1.984984
2.004015
1.986357
2.005066
2.011063
2.007382
1.997561
2.005100
2.006665
2.011776
2.014275
2.000945
1.999400
1.994729
2.015181
1.982409
1.971024
1.953407
1.972877
1.996721
2.001982
2.028822
2.031530
1.995213
1.994559
2.001083
2.009781
1.991336
1.989738
1.996077
2.011091
1.999582
2.012328
2.028992
2.007634
1.985941
1.996576
1.993775
1.998471
2.007291
2.015404
2.005905
1.999582
2.000504
1.988460
1.975765
1.999668
1.997186
1.998618
1.968352
1.997146
2.000533
2.016623
2.019304
2.017432
2.010264
2.004356
2.009330
2.006826
1.999013
2.006947
2.005710
1.986772
1.996618
2.007780
2.002482
2.004744
2.001270
1.995956
1.981984
2.019302
1.994462
1.996121
1.993258
1.966421
2.006505
2.015491
1.992561
1.980710
2.007428
1.997099
2.015081
2.006261
2.012377
2.009114
2.034629
2.029405
1.992538
1.998036
2.019173
2.017586
2.005940
2.011767
2.010136
2.016868
2.004259
2.001021
1.974550
1.981342
2.000213
2.001899
1.988965
2.002348
2.008416
2.014223
1.996364
1.993545
2.002250
1.995685
1.964842
1.968751
1.992814
1.997156
1.987766
2.006880
2.008179
2.009846
1.997526
1.991078
1.993326
2.000783
1.992182
2.006463
2.009549
2.021674
2.034201
2.044979
1.997918
2.010407
2.022191
2.003799
2.001788
2.008851
2.023433
2.035738
1.990235
1.984360
1.986448
1.977143
1.995848
1.990055
1.994737
1.996166
1.996842
2.000330
1.986312
2.001488
2.008248
2.002692
1.971043
1.961467
2.003579
2.008920
2.037542
2.029448
1.997138
1.982870
1.984174
1.998728
1.997067
1.995964
2.019552
2.015323
2.001627
1.984442
1.967572
1.971575
2.007695
2.015009
2.027040
2.034191
1.983153
1.992665
1.972520
1.969717
2.008713
1.997193
1.997702
1.980372
2.001424
1.996878
1.992045
2.019589
2.002515
2.008898
1.974524
1.966874
1.999126
1.999682
2.007074
2.000315
2.015485
2.012821
2.012507
1.994645
2.025835
2.018679
1.997384
2.008632
2.001288
2.003588
1.998195
2.003809
1.996763
2.001002
1.954428
1.967480
1.996222
2.004313
2.031874
1.992702
1.997369
1.991126
2.013992
2.007827
2.008112
1.992582
1.968049
1.977329
2.012111
2.009390
2.047259
2.019652
1.992051
2.005907
1.997795
2.017638
1.998631
2.019890
2.015803
2.005079
