2.004360
1.999852
1.945226
1.968261
1.976595
1.976741
1.995566
1.995683
1.998746
2.019558
2.014499
1.992801
2.006773
2.002535
1.953958
1.972810
1.979559
1.977608
1.995791
1.995777
1.998559
2.018740
2.013985
1.993519
1.997965
2.003807
1.981387
1.979088
1.969498
1.969335
2.004177
1.999760
1.987261
2.015062
2.009622
2.002623
1.995968
2.001487
1.977354
1.977791
1.969315
1.969767
2.004175
1.999231
1.986538
2.013916
2.009060
2.001744
2.006649
2.008312
2.011329
2.020008
2.009368
1.963512
2.004439
2.011499
2.004568
2.027250
2.023868
1.995562
2.006858
2.008468
2.011329
2.019912
2.009174
1.963118
2.004973
2.011886
2.006806
2.031644
2.025906
1.994730
1.985644
1.984253
1.989339
1.993069
1.990603
1.976887
1.994996
2.008614
1.989386
1.989053
2.004630
1.990980
1.985733
1.983396
1.987937
1.993566
1.992074
1.977852
1.994568
2.008858
1.990097
1.990935
2.004946
1.990034
1.984749
1.979028
1.982827
1.971004
1.971905
1.992618
1.998529
2.008833
1.988886
1.996106
1.998134
1.984463
1.986055
1.981326
1.989132
1.975873
1.976314
1.995330
1.998508
2.008689
1.991529
1.993331
1.996348
1.986899
2.003913
2.006922
1.984561
1.941876
1.953994
1.976556
1.994257
1.999197
1.983244
1.989237
1.989247
1.979991
2.004014
2.007072
1.984274
1.939508
1.951930
1.973331
1.994131
1.998979
1.982116
1.986847
1.988323
1.978816
2.015323
2.010894
2.019350
2.028667
2.020613
1.983371
2.008644
2.020371
1.998137
1.996617
2.007869
2.011902
2.015323
2.011045
2.019270
2.029207
2.020828
1.983789
2.008644
2.020447
1.998396
1.996985
2.007670
2.011563
2.007808
2.005011
2.004878
2.011222
2.008877
2.019984
1.984362
1.981481
1.950830
1.954838
1.963816
1.986589
2.007163
2.003966
2.001858
2.009841
2.007720
2.019826
1.984357
1.981336
1.950397
1.949677
1.961679
1.986401
2.000777
2.008752
2.036711
2.031075
2.018567
1.991605
1.998807
1.999133
2.022585
1.988245
2.010334
2.025546
2.000700
2.008779
2.035515
2.028889
2.016466
1.984964
1.998807
1.999231
2.022408
1.987603
2.009132
2.024359
2.004356
1.995823
1.993776
1.990462
1.990744
2.006641
1.998723
1.996984
2.001465
1.992986
2.002085
2.028023
2.004278
1.995854
1.995018
1.992789
1.994257
2.010145
1.998418
1.996743
1.998875
1.990450
2.000219
2.028379
2.007070
2.008972
2.037223
2.018129
2.013163
1.998195
1.998276
1.994133
1.977773
2.017073
2.012613
1.975296
2.006966
2.008893
2.038859
2.021219
2.013826
1.999764
1.998449
1.994863
1.978602
2.019002
2.014497
1.977808
1.981315
1.983102
1.964922
1.966891
1.983445
1.992060
2.008870
2.011912
2.020132
2.025190
2.014108
1.986610
1.982249
1.984511
1.965067
1.965545
1.982908
1.994960
2.009990
2.012788
2.021390
2.023617
2.013238
1.987229
1.986640
1.985120
2.014157
2.009752
2.009192
1.975680
1.994809
1.991895
2.004915
2.006200
1.996019
1.993893
1.986640
1.985442
2.013602
2.009113
2.007963
1.981331
1.995460
1.993011
2.005982
2.006242
1.994651
1.991019
1.997174
2.009856
1.996802
2.010983
1.995962
2.004443
1.998962
1.997906
2.012172
2.037719
2.036341
2.057410
1.997874
2.010838
1.997502
2.011957
1.997866
2.006446
1.998962
1.997903
2.012172
2.037751
2.036111
2.056897
1.991546
1.985416
1.978810
1.977967
1.985696
2.028284
2.010301
1.997234
2.003455
1.974171
1.965236
1.979828
1.991546
1.985407
1.978287
1.978253
1.985671
2.027021
2.010074
1.996637
2.003335
1.975725
1.965358
1.978546
1.996880
1.985446
1.963666
1.974958
1.984696
2.002111
1.994432
1.990753
1.980293
1.966948
1.975402
1.998456
1.997165
1.985939
1.963942
1.973889
1.984054
2.002614
1.995116
1.991528
1.981968
1.965457
1.973534
2.000487
2.000298
2.010535
2.031599
2.037906
2.024258
2.032642
1.984330
1.983207
1.985032
2.001319
2.008209
2.001471
1.999674
2.009404
2.028668
2.036808
2.023604
2.033383
1.984630
1.983685
1.985744
2.000595
2.007827
2.002221
1.996106
2.001589
1.987393
2.004596
2.007049
2.013190
2.010883
2.018444
2.027313
2.045238
2.039660
2.027845
1.996741
2.003550
1.989290
2.006549
2.009821
2.018090
2.010883
2.018539
2.027919
2.043962
2.037624
2.025586
1.995892
1.996127
2.003085
1.995799
1.987598
1.967136
2.010412
2.020195
2.049468
2.043292
2.036194
2.041427
1.995821
1.996353
2.004951
1.997734
1.987411
1.968868
2.010233
2.019382
2.048121
2.040621
2.034220
2.037549
2.007659
2.016459
2.042334
2.020469
2.008118
2.007650
1.993611
1.991052
1.968673
1.970277
1.984339
1.997835
2.007910
2.017064
2.042854
2.020932
2.008761
2.008198
1.994375
1.990773
1.966231
1.967636
1.982190
1.995498
2.005068
2.016277
2.022786
2.015354
2.010346
2.023629
1.992479
2.003554
2.002836
2.003383
1.997672
1.949731
2.005024
2.016113
2.022861
2.015921
2.011133
2.024001
1.992803
2.003984
2.002776
2.004674
1.999217
1.951472
2.001786
1.987991
1.950733
1.953698
1.959030
1.976649
1.997799
2.002332
1.973723
1.970269
1.983854
1.995970
2.004015
1.989819
1.953212
1.955751
1.962093
1.982160
1.997799
2.002332
1.974043
1.971088
1.985053
1.995115
2.000339
1.990777
1.990419
1.969113
1.966698
1.960147
1.987528
1.991973
1.995751
1.981707
1.994598
2.000376
2.000246
1.990051
1.988731
1.969207
1.964490
1.957973
1.987587
1.991544
1.995429
1.980773
1.995098
2.000542
2.005470
2.019283
2.034925
2.043519
2.045484
2.049578
2.000479
2.007496
2.022144
2.004718
2.001431
1.978129
2.005333
2.019024
2.034645
2.043107
2.045104
2.048677
2.000988
2.008410
2.022924
2.006720
2.003213
1.982678
1.978902
1.999677
1.999491
1.978971
1.991740
1.988104
2.018214
2.010508
1.994415
2.026237
2.013964
2.010426
1.977993
1.999105
1.999737
1.977808
1.986708
1.983381
2.018214
2.010633
1.994531
2.026422
2.013994
2.010448
1.991693
1.996483
1.975746
1.973831
1.993312
2.016848
2.000161
2.014868
2.023502
2.014560
2.008943
2.025681
1.991693
1.996735
1.975704
1.974108
1.993942
2.018402
1.999622
2.014199
2.023088
2.015081
2.008664
2.025635
2.002454
2.002432
1.975264
1.976683
1.984590
1.989765
2.000455
2.001727
1.984124
1.994829
2.006678
2.005901
2.001956
2.001295
1.974425
1.974285
1.983611
1.988317
2.000455
2.001052
1.981905
1.993088
2.005623
2.006412
2.003328
2.001237
2.025908
1.993538
1.986413
1.986274
2.013799
2.022738
2.017953
2.024052
2.020047
2.010774
2.003145
2.001723
2.027891
1.994169
1.986700
1.982732
2.013799
2.023092
2.019895
2.027934
2.023507
2.012466
1.987020
1.991592
2.022856
2.011223
1.999400
1.975629
1.996481
2.005120
1.994968
2.004878
1.999377
1.996789
1.986858
1.991557
2.022664
2.011033
1.999024
1.975723
1.996639
2.005786
1.997169
2.005688
1.999819
1.995180
2.011891
2.022183
2.017770
1.993939
1.995132
2.000957
1.990637
1.985544
1.973627
2.003914
1.993982
2.002805
2.011868
2.023646
2.019475
1.994031
1.993029
1.997206
1.990902
1.985886
1.974841
2.005386
1.993826
2.004885
1.997756
1.999054
1.960458
1.953210
1.947633
1.985129
1.999172
2.015560
2.014800
2.002347
2.006379
1.985231
1.997462
1.998666
1.960075
1.950863
1.945718
1.984011
2.000228
2.017099
2.020658
2.006848
2.009970
1.987995
1.997491
2.004672
1.988716
2.010266
2.005276
2.009286
2.010657
2.004226
2.005144
2.007794
2.015948
2.001754
2.000072
2.008790
1.997286
2.015033
2.007060
2.004824
2.009927
2.003535
2.001832
2.004334
2.013534
2.001416
2.005076
2.008645
2.015397
2.001084
2.002737
1.997793
1.995804
2.007070
2.005846
2.042531
2.015204
2.024310
2.004870
2.008214
2.015049
2.000943
2.002414
1.998891
1.997410
2.008714
2.009524
2.045676
2.017230
2.024068
1.992632
1.993886
2.012525
2.020848
2.020795
2.027937
1.992474
1.994638
2.018359
1.995860
1.995298
2.013816
1.992960
1.995314
2.015810
2.023127
2.020825
2.026529
1.992474
1.994638
2.018551
1.995981
1.995279
2.013042
2.006250
2.010084
2.013381
2.005544
1.989761
1.992641
1.997122
1.996800
1.977216
1.972358
1.973868
2.008396
2.006332
2.010057
2.013307
2.003055
1.988407
1.992606
1.996873
1.996080
1.978147
1.976316
1.976928
2.008453
2.016683
2.023422
2.040821
2.017933
2.002667
2.005092
2.002350
2.002236
1.961029
1.975317
1.969378
1.981180
2.016683
2.023422
2.041085
2.019391
2.003280
2.003970
2.002799
2.002745
1.960644
1.975292
1.969091
1.981145
1.995245
2.015940
2.018491
2.023705
2.011449
1.982205
1.987416
1.997179
1.989843
2.006760
2.025531
2.022476
1.995024
2.015795
2.019364
2.023028
2.009278
1.981853
1.986117
1.995444
1.985432
1.999797
2.020263
2.017538
1.990408
1.986993
1.980833
1.966394
1.985535
2.012302
2.005488
2.015761
2.030676
2.006071
1.990349
1.971685
1.990261
1.987376
1.980055
1.966539
1.985680
2.012474
2.005488
2.015715
2.031534
2.008431
1.992232
1.969949
1.987309
1.981710
1.993330
1.964273
1.981790
1.983313
2.012284
2.011938
2.014354
2.005321
1.999688
2.010180
1.989117
1.984796
1.992945
1.964458
1.980197
1.986913
2.012014
2.011889
2.013886
2.004613
1.999223
2.010569
2.002716
2.004476
1.989047
2.020085
2.026529
2.017852
1.997814
2.003589
1.999044
1.990242
1.988434
1.964321
2.003582
2.005684
1.990134
2.021554
2.027191
2.018020
1.997848
2.002452
1.998254
1.989470
1.987284
1.964126
