19.839176
19.786200
19.856655
19.650795
19.701517
19.818483
20.048938
20.113724
20.022467
20.069654
19.971038
19.866176
20.106526
20.119853
20.146564
20.115614
20.073171
20.023248
20.051121
20.108373
20.028333
20.062566
19.961241
19.842808
20.015883
19.970494
19.879379
19.887761
19.978148
19.938056
19.949707
19.945867
20.306200
20.027887
19.907848
19.994868
19.887764
19.997385
19.688949
19.690867
19.749631
20.023811
20.136318
20.141554
19.963286
19.780139
19.810429
19.910052
19.896035
19.998650
19.682997
19.687062
19.742160
20.022173
20.018344
19.978030
19.865764
19.901991
19.988303
19.919701
20.135897
19.945371
19.764672
19.733480
19.835352
19.798774
20.041089
19.904045
19.650987
19.964529
19.941904
20.224776
20.018523
19.974193
19.882980
19.892714
19.976283
19.940609
20.052829
19.903442
19.619244
19.987374
19.957895
20.209199
19.949284
19.812031
19.986702
19.974109
19.762313
19.646081
20.090824
20.155194
20.311462
19.941579
19.829178
19.928924
19.915391
19.908921
19.865666
19.585510
19.698331
19.878728
20.017851
19.976623
19.872733
19.908353
19.998051
19.930816
19.913460
19.902353
19.864395
19.575691
19.693569
19.874400
19.891243
19.871175
19.661389
19.603825
19.607417
19.603634
19.914145
19.854005
19.726494
19.715888
19.660582
19.771790
19.797726
19.652699
19.582506
19.891041
19.914236
19.645850
19.954208
19.822285
19.995410
19.990069
19.770796
19.659578
19.797486
19.656120
19.586347
19.857369
19.877578
19.640599
19.934097
19.638058
19.698595
19.666088
19.933307
20.044767
19.937490
19.911105
19.743229
19.952338
19.950531
20.040075
20.118183
20.017620
19.902372
19.947197
19.989837
19.960839
19.908744
19.894356
19.684680
19.626111
19.622015
19.614424
20.126258
20.015054
19.911825
19.965683
19.999573
19.961544
19.977989
19.848078
19.692633
19.458936
19.570833
19.808120
19.977640
19.904172
19.949165
19.895321
19.660888
19.593827
19.937912
19.912511
19.935056
19.919037
19.844936
19.634086
19.928024
19.637873
19.709165
19.665956
19.925147
20.053109
19.938029
19.905260
19.923530
19.889503
19.834284
19.646600
20.093664
20.108832
20.147897
20.084719
20.067982
20.008419
20.011937
19.973574
20.105135
19.857972
19.757102
19.743968
20.102584
20.063180
19.881142
19.770367
19.856573
19.817088
19.986922
19.846627
19.708531
19.471183
19.580173
19.829797
20.108530
20.062032
19.893212
19.765644
19.849340
19.803186
20.114994
20.134666
19.930322
19.736300
19.781444
19.865447
19.857971
19.803794
19.886076
19.688722
19.722623
19.865819
20.047424
20.107856
20.012836
20.060522
19.948680
19.827605
20.090305
20.098163
20.114519
20.083595
20.059767
20.017208
20.036577
20.088353
19.987442
20.041319
19.932676
19.819477
20.020379
19.974330
19.868086
19.886226
19.982873
19.959461
19.936734
19.931425
20.313996
20.044652
19.923855
20.023962
19.882022
19.993181
19.691623
19.643563
19.711000
20.014567
20.114163
20.132404
19.916006
19.707898
19.760218
19.851189
19.884535
19.992500
19.686375
19.642498
19.708153
20.019322
20.006830
19.968140
19.847582
19.893685
19.996055
19.921030
20.135096
19.942688
19.776506
19.744550
19.853023
19.793888
20.052110
19.891353
19.648127
20.018931
19.996380
20.247993
20.023895
19.978306
19.869634
19.882623
19.984085
19.954733
20.047207
19.884560
19.639564
20.004750
19.984928
20.234915
19.951597
19.812322
19.987754
19.982841
19.759939
19.657325
20.097910
20.169960
20.308230
19.940205
19.839904
19.939821
19.871596
19.867506
19.833170
19.568208
19.684738
19.846084
20.005304
19.962416
19.821083
19.895793
19.998687
19.939144
19.868792
19.866936
19.826101
19.552205
19.645238
19.837905
19.896812
19.886380
19.670091
19.621164
19.615272
19.613131
19.908620
19.851033
19.708798
19.675450
19.625111
19.746295
19.823770
19.684932
19.591601
19.903912
19.921576
19.627915
19.949172
19.805200
19.985942
19.972240
19.747359
19.643901
19.821768
19.683999
19.584697
19.901816
19.924891
19.650017
19.922496
19.646685
19.667358
19.635958
19.891036
20.044375
19.935010
19.917208
19.752558
19.947780
19.949271
20.049321
20.094700
20.002388
19.863378
19.917862
19.974230
19.976838
19.894585
19.880442
19.667271
19.624279
19.616305
19.616342
20.093844
20.002591
19.860032
19.918204
19.974783
19.976887
19.987836
19.849066
19.701837
19.474670
19.591734
19.852245
19.980120
19.922899
20.009728
19.940806
19.708932
19.625058
19.937497
19.908764
19.916402
19.865293
19.804899
19.649650
19.913784
19.621243
19.639143
19.626133
19.883795
20.018693
19.930894
19.908032
19.927387
19.870249
19.805140
19.632350
20.096737
20.125800
20.141636
20.078426
20.055338
20.013738
20.014649
19.964727
20.085925
19.841377
19.745122
19.745661
20.103756
20.045869
19.860613
19.800328
19.875968
19.793355
19.987743
19.849627
19.704296
19.491126
19.601471
19.856287
20.100779
20.036200
19.857524
19.805875
19.879041
19.795079
20.100970
20.124993
19.912386
19.746734
19.799872
19.886758
19.856609
19.806622
19.901934
19.673263
19.726945
19.861835
20.030123
20.089384
19.997874
20.065141
19.946930
19.788723
20.084479
20.108926
20.135806
20.080539
20.058016
20.010777
20.035085
20.080917
19.995560
20.072880
19.958794
19.820386
20.052842
20.046343
20.053546
20.010729
20.091616
20.044019
19.930640
19.923804
20.281251
20.039829
19.904858
20.022935
19.875226
19.974456
19.684442
19.659005
19.718056
20.028648
20.095296
20.115227
19.887014
19.734200
19.786223
19.887438
19.876451
19.975623
19.677429
19.654789
19.713088
20.035712
20.008424
19.973640
19.847136
19.892286
20.011973
19.960101
20.140912
19.948084
19.779544
19.709457
19.824142
19.731133
20.046936
19.878109
19.629736
20.005532
19.985604
20.225221
20.041655
20.024968
20.030832
19.995780
20.086301
20.037318
20.044331
19.877837
19.630655
20.011043
19.992791
20.221932
19.961174
19.814960
19.966212
19.994997
19.747158
19.627875
20.093111
20.179209
20.293037
19.967066
19.866892
19.969915
19.876533
19.880610
19.842956
19.527463
19.649726
19.821741
20.010708
19.971730
19.842726
19.904869
20.028959
19.966648
19.881467
19.889583
19.849586
19.546408
19.676970
19.841130
19.904192
19.897849
19.695892
19.653671
19.639711
19.634920
19.909688
19.851201
19.700250
19.668236
19.614611
19.750781
19.802441
19.668767
19.551557
19.880658
19.907478
19.664780
19.962592
19.813583
19.964242
19.993020
19.752866
19.626234
19.800467
19.665086
19.554049
19.884048
19.918000
19.679857
19.933867
19.641255
19.682151
19.636581
19.903936
20.046270
19.936018
19.926951
19.770800
19.954093
19.957220
20.070783
20.099148
20.033912
19.882528
19.876715
19.936082
19.958860
19.903063
19.891839
19.684029
19.637029
19.636062
19.639418
20.098813
20.034081
19.886288
19.881038
19.940999
19.960735
19.980639
19.848715
19.695155
19.486618
19.595767
19.856732
19.987068
19.933415
20.005113
19.961544
19.723701
19.641670
19.936002
19.908936
19.914660
19.864011
19.800848
19.633110
19.933198
19.648460
19.692729
19.650517
19.908586
20.036331
19.940076
19.907672
19.937652
19.890939
19.828495
19.638367
20.098141
20.125673
20.154806
20.091939
20.042086
19.992045
20.035987
19.982779
20.147392
19.881610
19.766820
19.741704
20.087248
20.020990
19.841587
19.784789
19.856245
19.755790
19.996541
19.851535
19.652027
19.453035
19.576699
19.871139
20.088933
20.024283
19.842764
19.792736
19.861856
19.769672
20.063702
20.065210
19.801744
19.655519
19.748611
19.907820
19.844047
19.800459
19.907066
19.645203
19.709517
19.844237
20.023124
20.085727
19.966361
20.057765
19.940435
19.765671
20.109995
20.139610
20.160481
20.109092
20.077498
20.043366
20.020271
20.079063
19.964272
20.058819
19.939344
19.755155
20.047872
20.052991
20.039642
19.983442
20.073475
20.027142
19.935045
19.938130
20.306012
20.042090
19.902165
20.000038
19.864645
19.973513
19.665161
19.596246
19.648104
19.947656
20.076461
20.080260
19.828549
19.673375
19.761469
19.919967
19.861878
19.968620
19.656727
19.585362
19.639499
19.943596
20.014548
19.976673
19.858509
19.950245
20.060654
19.963412
20.138433
19.961131
19.816121
19.756290
19.853268
19.746260
20.033066
19.869346
19.634729
20.017793
20.010630
20.235596
20.057155
20.054498
20.053185
19.984789
20.077424
20.033236
20.026235
19.846219
19.593304
19.987178
20.000867
20.220448
19.967126
19.815062
19.939526
19.977744
19.743583
19.618544
20.078467
20.158399
20.299862
19.982408
19.870646
19.966498
19.881322
19.900941
19.859593
19.576154
19.702122
19.848931
20.014213
19.963065
19.840187
19.932112
20.037808
19.946695
19.881608
19.900064
19.842941
19.551586
19.691070
19.852302
19.888661
19.877080
19.690729
19.659302
19.651099
19.691610
19.902154
19.843404
19.687379
19.674978
19.630003
19.749610
19.824644
19.688130
19.581749
19.888226
19.910588
19.675005
19.968307
19.814052
19.932294
19.974033
19.734525
19.612780
19.826594
19.691601
19.594604
19.915003
19.939319
19.693762
19.921782
19.632113
19.671508
19.655330
19.902656
20.034249
19.937705
19.922707
19.788705
19.956324
19.970359
20.043054
20.081062
20.016086
19.849909
19.898720
19.930372
19.948769
19.894274
19.887094
19.680851
19.621653
19.630132
19.685602
20.083041
20.019332
19.843325
19.879095
19.923543
19.950643
19.978181
19.847067
19.687232
19.509719
19.624126
19.892810
20.002147
19.943666
19.998317
19.996127
19.743616
19.685162
19.938976
19.908903
19.932535
19.919267
19.847055
19.667404
19.921651
19.628685
19.658239
19.655503
19.895621
20.027305
19.940009
19.909544
19.940755
19.916540
19.862395
19.660652
20.110880
20.141198
20.159234
20.101384
20.075725
20.059339
20.018291
19.958891
20.126359
19.879583
19.766993
19.768113
20.074261
20.010924
19.857322
19.790460
19.853659
19.728379
19.985805
19.861731
19.690087
19.505014
19.619926
19.891457
20.074128
20.007960
19.855949
19.780885
19.845158
19.728131
20.076422
20.088135
19.827580
19.677885
19.756613
19.923136
19.897620
19.869943
19.976347
19.678746
19.753680
19.869965
20.025332
20.091086
19.941966
20.037444
19.922375
19.766967
20.118922
20.142605
20.179065
20.115146
20.068025
20.018382
20.023693
20.093446
19.945213
20.041905
19.921676
19.758850
20.059483
20.044421
20.026653
19.959140
20.065135
20.029889
19.927674
19.923315
20.318477
20.061836
19.908546
19.995227
19.867106
19.966188
19.684984
19.623491
19.675720
19.970914
20.078015
20.083978
19.834414
19.681519
19.764960
19.922987
19.866839
19.963890
19.679452
19.616282
19.675995
19.972997
20.002841
19.957010
19.837000
19.953792
20.051637
19.971765
20.136979
19.956232
19.796819
19.720706
19.799640
19.704459
20.044612
19.862997
19.625312
20.008620
20.024459
20.243738
20.052304
20.025374
19.999567
19.922351
20.036211
19.994030
20.047387
19.865637
19.617542
20.005179
20.026306
20.244679
19.956789
19.818957
19.924177
19.968976
19.734719
19.620721
20.099794
20.174963
20.298829
20.013613
19.889980
20.000437
19.870187
19.893502
19.851436
19.563885
19.691558
19.861082
20.012549
19.967569
19.837428
19.949721
20.046843
19.951490
19.867397
19.891119
19.843787
19.557985
19.680398
19.850280
19.881991
19.865922
19.621442
19.581850
19.601176
19.689780
19.895733
19.841229
19.652040
19.642303
19.620324
19.739089
19.802112
19.664679
19.559817
19.895424
19.914525
19.688982
19.962402
19.828820
19.941076
20.006350
19.753627
19.623649
19.804532
19.679019
19.577970
19.909606
19.908641
19.679711
19.930242
19.623382
19.641640
19.619860
19.860214
20.000883
19.922401
19.908625
19.778665
19.964592
19.976679
20.048370
20.076312
20.010347
19.852153
19.915948
19.949801
19.974407
19.880862
19.880148
19.659409
19.611944
19.623348
19.682319
20.073226
20.002978
19.827283
19.888611
19.927552
19.957950
20.000873
19.888235
19.723763
19.512353
19.616270
19.873908
20.000151
19.940252
19.986628
19.990422
19.733362
19.625782
19.943393
19.909476
19.929376
19.882858
19.841740
19.653336
19.929116
19.626943
19.674943
19.631813
19.874697
20.011430
19.947208
19.914570
19.921104
19.892941
19.855825
19.656552
20.097842
20.128349
20.148513
20.106104
20.070065
20.056972
20.027042
20.000755
20.169854
19.899693
19.791653
19.725608
20.082135
20.014436
19.844420
19.764032
19.827146
19.691173
20.004455
19.892237
19.726006
19.510598
19.621468
19.870884
20.073333
20.006778
19.839355
19.762663
19.821948
19.688048
20.072297
20.083110
19.863113
19.700429
19.777828
19.920574
