2.003358
2.001315
1.978082
2.023149
2.003398
2.014239
2.002462
2.004872
2.008081
2.011999
2.049818
2.004377
1.996646
1.988466
2.017768
2.027837
1.996976
2.012413
2.056568
2.037169
2.011773
1.990895
1.990682
1.976468
2.000577
1.992978
1.985524
2.017719
2.006177
2.016711
2.007129
2.012715
2.004903
2.008600
2.050430
1.998684
1.997647
1.991835
2.020776
2.035461
1.997117
2.013003
2.057557
2.035509
2.011773
1.991146
1.991555
1.977914
2.003358
2.001315
1.978082
2.023149
2.003398
2.014239
2.002462
2.004872
2.008081
2.011999
2.049818
2.004377
1.996646
1.988466
2.017768
2.027837
1.996976
2.012413
2.056568
2.037169
2.011773
1.990895
1.990682
1.976468
2.000577
1.992978
1.985524
2.017719
2.006177
2.016711
2.007129
2.012715
2.004903
2.008600
2.050430
1.998684
1.997647
1.991835
2.020776
2.035461
1.997117
2.013003
2.057557
2.035509
2.011773
1.991146
1.991555
1.977914
2.003358
2.001315
1.978082
2.023149
2.003398
2.014239
2.002462
2.004872
2.008081
2.011999
2.049818
2.004377
1.996646
1.988466
2.017768
2.027837
1.996976
2.012413
2.056568
2.037169
2.011773
1.990895
1.990682
1.976468
2.000577
1.992978
1.985524
2.017719
2.006177
2.016711
2.007129
2.012715
2.004903
2.008600
2.050430
1.998684
1.997647
1.991835
2.020776
2.035461
1.997117
2.013003
2.057557
2.035509
2.011773
1.991146
1.991555
1.977914
2.003358
2.001315
1.978082
2.023149
2.003398
2.014239
2.002462
2.004872
2.008081
2.011999
2.049818
2.004377
1.996646
1.988466
2.017768
2.027837
1.996976
2.012413
2.056568
2.037169
2.011773
1.990895
1.990682
1.976468
2.000577
1.992978
1.985524
2.017719
2.006177
2.016711
2.007129
2.012715
2.004903
2.008600
2.050430
1.998684
1.997647
1.991835
2.020776
2.035461
1.997117
2.013003
2.057557
2.035509
2.011773
1.991146
1.991555
1.977914
2.003358
2.001315
1.978082
2.023149
2.003398
2.014239
2.002462
2.004872
2.008081
2.011999
2.049818
2.004377
1.996646
1.988466
2.017768
2.027837
1.996976
2.012413
2.056568
2.037169
2.011773
1.990895
1.990682
1.976468
2.000577
1.992978
1.985524
2.017719
2.006177
2.016711
2.007129
2.012715
2.004903
2.008600
2.050430
1.998684
1.997647
1.991835
2.020776
2.035461
1.997117
2.013003
2.057557
2.035509
2.011773
1.991146
1.991555
1.977914
2.003358
2.001315
1.978082
2.023149
2.003398
2.014239
2.002462
2.004872
2.008081
2.011999
2.049818
2.004377
1.996646
1.988466
2.017768
2.027837
1.996976
2.012413
2.056568
2.037169
2.011773
1.990895
1.990682
1.976468
2.000577
1.992978
1.985524
2.017719
2.006177
2.016711
2.007129
2.012715
2.004903
2.008600
2.050430
1.998684
1.997647
1.991835
2.020776
2.035461
1.997117
2.013003
2.057557
2.035509
2.011773
1.991146
1.991555
1.977914
2.003358
2.001315
1.978082
2.023149
2.003398
2.014239
2.002462
2.004872
2.008081
2.011999
2.049818
2.004377
1.996646
1.988466
2.017768
2.027837
1.996976
2.012413
2.056568
2.037169
2.011773
1.990895
1.990682
1.976468
2.000577
1.992978
1.985524
2.017719
2.006177
2.016711
2.007129
2.012715
2.004903
2.008600
2.050430
1.998684
1.997647
1.991835
2.020776
2.035461
1.997117
2.013003
2.057557
2.035509
2.011773
1.991146
1.991555
1.977914
2.003358
2.001315
1.978082
2.023149
2.003398
2.014239
2.002462
2.004872
2.008081
2.011999
2.049818
2.004377
1.996646
1.988466
2.017768
2.027837
1.996976
2.012413
2.056568
2.037169
2.011773
1.990895
1.990682
1.976468
2.000577
1.992978
1.985524
2.017719
2.006177
2.016711
2.007129
2.012715
2.004903
2.008600
2.050430
1.998684
1.997647
1.991835
2.020776
2.035461
1.997117
2.013003
2.057557
2.035509
2.011773
1.991146
1.991555
1.977914
2.003358
2.001315
1.978082
2.023149
2.003398
2.014239
2.002462
2.004872
2.008081
2.011999
2.049818
2.004377
1.996646
1.988466
2.017768
2.027837
1.996976
2.012413
2.056568
2.037169
2.011773
1.990895
1.990682
1.976468
2.000577
1.992978
1.985524
2.017719
2.006177
2.016711
2.007129
2.012715
2.004903
2.008600
2.050430
1.998684
1.997647
1.991835
2.020776
2.035461
1.997117
2.013003
2.057557
2.035509
2.011773
1.991146
1.991555
1.977914
2.003358
2.001315
1.978082
2.023149
2.003398
2.014239
2.002462
2.004872
2.008081
2.011999
2.049818
2.004377
1.996646
1.988466
2.017768
2.027837
1.996976
2.012413
2.056568
2.037169
2.011773
1.990895
1.990682
1.976468
2.000577
1.992978
1.985524
2.017719
2.006177
2.016711
2.007129
2.012715
2.004903
2.008600
2.050430
1.998684
1.997647
1.991835
2.020776
2.035461
1.997117
2.013003
2.057557
2.035509
2.011773
1.991146
1.991555
1.977914
2.003358
2.001315
1.978082
2.023149
2.003398
2.014239
2.002462
2.004872
2.008081
2.011999
2.049818
2.004377
1.996646
1.988466
2.017768
2.027837
1.996976
2.012413
2.056568
2.037169
2.011773
1.990895
1.990682
1.976468
2.000577
1.992978
1.985524
2.017719
2.006177
2.016711
2.007129
2.012715
2.004903
2.008600
2.050430
1.998684
1.997647
1.991835
2.020776
2.035461
1.997117
2.013003
2.057557
2.035509
2.011773
1.991146
1.991555
1.977914
2.003358
2.001315
1.978082
2.023149
2.003398
2.014239
2.002462
2.004872
2.008081
2.011999
2.049818
2.004377
1.996646
1.988466
2.017768
2.027837
1.996976
2.012413
2.056568
2.037169
2.011773
1.990895
1.990682
1.976468
2.000577
1.992978
1.985524
2.017719
2.006177
2.016711
2.007129
2.012715
2.004903
2.008600
2.050430
1.998684
1.997647
1.991835
2.020776
2.035461
1.997117
2.013003
2.057557
2.035509
2.011773
1.991146
1.991555
1.977914
2.003358
2.001315
1.978082
2.023149
2.003398
2.014239
2.002462
2.004872
2.008081
2.011999
2.049818
2.004377
1.996646
1.988466
2.017768
2.027837
1.996976
2.012413
2.056568
2.037169
2.011773
1.990895
1.990682
1.976468
2.000577
1.992978
1.985524
2.017719
2.006177
2.016711
2.007129
2.012715
2.004903
2.008600
2.050430
1.998684
1.997647
1.991835
2.020776
2.035461
1.997117
2.013003
2.057557
2.035509
2.011773
1.991146
1.991555
1.977914
2.003358
2.001315
1.978082
2.023149
2.003398
2.014239
2.002462
2.004872
2.008081
2.011999
2.049818
2.004377
1.996646
1.988466
2.017768
2.027837
1.996976
2.012413
2.056568
2.037169
2.011773
1.990895
1.990682
1.976468
2.000577
1.992978
1.985524
2.017719
2.006177
2.016711
2.007129
2.012715
2.004903
2.008600
2.050430
1.998684
1.997647
1.991835
2.020776
2.035461
1.997117
2.013003
2.057557
2.035509
2.011773
1.991146
1.991555
1.977914
2.003358
2.001315
1.978082
2.023149
2.003398
2.014239
2.002462
2.004872
2.008081
2.011999
2.049818
2.004377
1.996646
1.988466
2.017768
2.027837
1.996976
2.012413
2.056568
2.037169
2.011773
1.990895
1.990682
1.976468
2.000577
1.992978
1.985524
2.017719
2.006177
2.016711
2.007129
2.012715
2.004903
2.008600
2.050430
1.998684
1.997647
1.991835
2.020776
2.035461
1.997117
2.013003
2.057557
2.035509
2.011773
1.991146
1.991555
1.977914
2.003358
2.001315
1.978082
2.023149
2.003398
2.014239
2.002462
2.004872
2.008081
2.011999
2.049818
2.004377
1.996646
1.988466
2.017768
2.027837
1.996976
2.012413
2.056568
2.037169
2.011773
1.990895
1.990682
1.976468
2.000577
1.992978
1.985524
2.017719
2.006177
2.016711
2.007129
2.012715
2.004903
2.008600
2.050430
1.998684
1.997647
1.991835
2.020776
2.035461
1.997117
2.013003
2.057557
2.035509
2.011773
1.991146
1.991555
1.977914
2.003358
2.001315
1.978082
2.023149
2.003398
2.014239
2.002462
2.004872
2.008081
2.011999
2.049818
2.004377
1.996646
1.988466
2.017768
2.027837
1.996976
2.012413
2.056568
2.037169
2.011773
1.990895
1.990682
1.976468
2.000577
1.992978
1.985524
2.017719
2.006177
2.016711
2.007129
2.012715
2.004903
2.008600
2.050430
1.998684
1.997647
1.991835
2.020776
2.035461
1.997117
2.013003
2.057557
2.035509
2.011773
1.991146
1.991555
1.977914
2.003358
2.001315
1.978082
2.023149
2.003398
2.014239
2.002462
2.004872
2.008081
2.011999
2.049818
2.004377
1.996646
1.988466
2.017768
2.027837
1.996976
2.012413
2.056568
2.037169
2.011773
1.990895
1.990682
1.976468
2.000577
1.992978
1.985524
2.017719
2.006177
2.016711
2.007129
2.012715
2.004903
2.008600
2.050430
1.998684
1.997647
1.991835
2.020776
2.035461
1.997117
2.013003
2.057557
2.035509
2.011773
1.991146
1.991555
1.977914
2.003358
2.001315
1.978082
2.023149
2.003398
2.014239
2.002462
2.004872
2.008081
2.011999
2.049818
2.004377
1.996646
1.988466
2.017768
2.027837
1.996976
2.012413
2.056568
2.037169
2.011773
1.990895
1.990682
1.976468
2.000577
1.992978
1.985524
2.017719
2.006177
2.016711
2.007129
2.012715
2.004903
2.008600
2.050430
1.998684
1.997647
1.991835
2.020776
2.035461
1.997117
2.013003
2.057557
2.035509
2.011773
1.991146
1.991555
1.977914
2.003358
2.001315
1.978082
2.023149
2.003398
2.014239
2.002462
2.004872
2.008081
2.011999
2.049818
2.004377
1.996646
1.988466
2.017768
2.027837
1.996976
2.012413
2.056568
2.037169
2.011773
1.990895
1.990682
1.976468
2.000577
1.992978
1.985524
2.017719
2.006177
2.016711
2.007129
2.012715
2.004903
2.008600
2.050430
1.998684
1.997647
1.991835
2.020776
2.035461
1.997117
2.013003
2.057557
2.035509
2.011773
1.991146
1.991555
1.977914
2.003358
2.001315
1.978082
2.023149
2.003398
2.014239
2.002462
2.004872
2.008081
2.011999
2.049818
2.004377
1.996646
1.988466
2.017768
2.027837
1.996976
2.012413
2.056568
2.037169
2.011773
1.990895
1.990682
1.976468
2.000577
1.992978
1.985524
2.017719
2.006177
2.016711
2.007129
2.012715
2.004903
2.008600
2.050430
1.998684
1.997647
1.991835
2.020776
2.035461
1.997117
2.013003
2.057557
2.035509
2.011773
1.991146
1.991555
1.977914
2.003358
2.001315
1.978082
2.023149
2.003398
2.014239
2.002462
2.004872
2.008081
2.011999
2.049818
2.004377
1.996646
1.988466
2.017768
2.027837
1.996976
2.012413
2.056568
2.037169
2.011773
1.990895
1.990682
1.976468
2.000577
1.992978
1.985524
2.017719
2.006177
2.016711
2.007129
2.012715
2.004903
2.008600
2.050430
1.998684
1.997647
1.991835
2.020776
2.035461
1.997117
2.013003
2.057557
2.035509
2.011773
1.991146
1.991555
1.977914
2.003358
2.001315
1.978082
2.023149
2.003398
2.014239
2.002462
2.004872
2.008081
2.011999
2.049818
2.004377
1.996646
1.988466
2.017768
2.027837
1.996976
2.012413
2.056568
2.037169
2.011773
1.990895
1.990682
1.976468
2.000577
1.992978
1.985524
2.017719
2.006177
2.016711
2.007129
2.012715
2.004903
2.008600
2.050430
1.998684
1.997647
1.991835
2.020776
2.035461
1.997117
2.013003
2.057557
2.035509
2.011773
1.991146
1.991555
1.977914
2.003358
2.001315
1.978082
2.023149
2.003398
2.014239
2.002462
2.004872
2.008081
2.011999
2.049818
2.004377
1.996646
1.988466
2.017768
2.027837
1.996976
2.012413
2.056568
2.037169
2.011773
1.990895
1.990682
1.976468
2.000577
1.992978
1.985524
2.017719
2.006177
2.016711
2.007129
2.012715
2.004903
2.008600
2.050430
1.998684
1.997647
1.991835
2.020776
2.035461
1.997117
2.013003
2.057557
2.035509
2.011773
1.991146
1.991555
1.977914
2.003358
2.001315
1.978082
2.023149
2.003398
2.014239
2.002462
2.004872
2.008081
2.011999
2.049818
2.004377
1.996646
1.988466
2.017768
2.027837
1.996976
2.012413
2.056568
2.037169
2.011773
1.990895
1.990682
1.976468
2.000577
1.992978
1.985524
2.017719
2.006177
2.016711
2.007129
2.012715
2.004903
2.008600
2.050430
1.998684
1.997647
1.991835
2.020776
2.035461
1.997117
2.013003
2.057557
2.035509
2.011773
1.991146
1.991555
1.977914
2.003358
2.001315
1.978082
2.023149
2.003398
2.014239
2.002462
2.004872
2.008081
2.011999
2.049818
2.004377
1.996646
1.988466
2.017768
2.027837
1.996976
2.012413
2.056568
2.037169
2.011773
1.990895
1.990682
1.976468
2.000577
1.992978
1.985524
2.017719
2.006177
2.016711
2.007129
2.012715
2.004903
2.008600
2.050430
1.998684
1.997647
1.991835
2.020776
2.035461
1.997117
2.013003
2.057557
2.035509
2.011773
1.991146
1.991555
1.977914
2.003358
2.001315
1.978082
2.023149
2.003398
2.014239
2.002462
2.004872
2.008081
2.011999
2.049818
2.004377
1.996646
1.988466
2.017768
2.027837
1.996976
2.012413
2.056568
2.037169
2.011773
1.990895
1.990682
1.976468
2.000577
1.992978
1.985524
2.017719
2.006177
2.016711
2.007129
2.012715
2.004903
2.008600
2.050430
1.998684
1.997647
1.991835
2.020776
2.035461
1.997117
2.013003
2.057557
2.035509
2.011773
1.991146
1.991555
1.977914
2.003358
2.001315
1.978082
2.023149
2.003398
2.014239
2.002462
2.004872
2.008081
2.011999
2.049818
2.004377
1.996646
1.988466
2.017768
2.027837
1.996976
2.012413
2.056568
2.037169
2.011773
1.990895
1.990682
1.976468
2.000577
1.992978
1.985524
2.017719
2.006177
2.016711
2.007129
2.012715
2.004903
2.008600
2.050430
1.998684
1.997647
1.991835
2.020776
2.035461
1.997117
2.013003
2.057557
2.035509
2.011773
1.991146
1.991555
1.977914
2.003358
2.001315
1.978082
2.023149
2.003398
2.014239
2.002462
2.004872
2.008081
2.011999
2.049818
2.004377
1.996646
1.988466
2.017768
2.027837
1.996976
2.012413
2.056568
2.037169
2.011773
1.990895
1.990682
1.976468
2.000577
1.992978
1.985524
2.017719
2.006177
2.016711
2.007129
2.012715
2.004903
2.008600
2.050430
1.998684
1.997647
1.991835
2.020776
2.035461
1.997117
2.013003
2.057557
2.035509
2.011773
1.991146
1.991555
1.977914
2.003358
2.001315
1.978082
2.023149
2.003398
2.014239
2.002462
2.004872
2.008081
2.011999
2.049818
2.004377
1.996646
1.988466
2.017768
2.027837
1.996976
2.012413
2.056568
2.037169
2.011773
1.990895
1.990682
1.976468
2.000577
1.992978
1.985524
2.017719
2.006177
2.016711
2.007129
2.012715
2.004903
2.008600
2.050430
1.998684
1.997647
1.991835
2.020776
2.035461
1.997117
2.013003
2.057557
2.035509
2.011773
1.991146
1.991555
1.977914
2.003358
2.001315
1.978082
2.023149
2.003398
2.014239
2.002462
2.004872
2.008081
2.011999
2.049818
2.004377
1.996646
1.988466
2.017768
2.027837
1.996976
2.012413
2.056568
2.037169
2.011773
1.990895
1.990682
1.976468
2.000577
1.992978
1.985524
2.017719
2.006177
2.016711
2.007129
2.012715
2.004903
2.008600
2.050430
1.998684
1.997647
1.991835
2.020776
2.035461
1.997117
2.013003
2.057557
2.035509
2.011773
1.991146
1.991555
1.977914
2.003358
2.001315
1.978082
2.023149
2.003398
2.014239
2.002462
2.004872
2.008081
2.011999
2.049818
2.004377
1.996646
1.988466
2.017768
2.027837
1.996976
2.012413
2.056568
2.037169
2.011773
1.990895
1.990682
1.976468
2.000577
1.992978
1.985524
2.017719
2.006177
2.016711
2.007129
2.012715
2.004903
2.008600
2.050430
1.998684
1.997647
1.991835
2.020776
2.035461
1.997117
2.013003
2.057557
2.035509
2.011773
1.991146
1.991555
1.977914
2.003358
2.001315
1.978082
2.023149
2.003398
2.014239
2.002462
2.004872
2.008081
2.011999
2.049818
2.004377
1.996646
1.988466
2.017768
2.027837
1.996976
2.012413
2.056568
2.037169
2.011773
1.990895
1.990682
1.976468
2.000577
1.992978
1.985524
2.017719
2.006177
2.016711
2.007129
2.012715
2.004903
2.008600
2.050430
1.998684
1.997647
1.991835
2.020776
2.035461
1.997117
2.013003
2.057557
2.035509
2.011773
1.991146
1.991555
1.977914
2.003358
2.001315
1.978082
2.023149
2.003398
2.014239
2.002462
2.004872
2.008081
2.011999
2.049818
2.004377
1.996646
1.988466
2.017768
2.027837
1.996976
2.012413
2.056568
2.037169
2.011773
1.990895
1.990682
1.976468
2.000577
1.992978
1.985524
2.017719
2.006177
2.016711
2.007129
2.012715
2.004903
2.008600
2.050430
1.998684
1.997647
1.991835
2.020776
2.035461
1.997117
2.013003
2.057557
2.035509
2.011773
1.991146
1.991555
1.977914
2.003358
2.001315
1.978082
2.023149
2.003398
2.014239
2.002462
2.004872
2.008081
2.011999
2.049818
2.004377
1.996646
1.988466
2.017768
2.027837
1.996976
2.012413
2.056568
2.037169
2.011773
1.990895
1.990682
1.976468
2.000577
1.992978
1.985524
2.017719
2.006177
2.016711
2.007129
2.012715
2.004903
2.008600
2.050430
1.998684
1.997647
1.991835
2.020776
2.035461
1.997117
2.013003
2.057557
2.035509
2.011773
1.991146
1.991555
1.977914
2.003358
2.001315
1.978082
2.023149
2.003398
2.014239
2.002462
2.004872
2.008081
2.011999
2.049818
2.004377
1.996646
1.988466
2.017768
2.027837
1.996976
2.012413
2.056568
2.037169
2.011773
1.990895
1.990682
1.976468
2.000577
1.992978
1.985524
2.017719
2.006177
2.016711
2.007129
2.012715
2.004903
2.008600
2.050430
1.998684
1.997647
1.991835
2.020776
2.035461
1.997117
2.013003
2.057557
2.035509
2.011773
1.991146
1.991555
1.977914
2.003358
2.001315
1.978082
2.023149
2.003398
2.014239
2.002462
2.004872
2.008081
2.011999
2.049818
2.004377
1.996646
1.988466
2.017768
2.027837
1.996976
2.012413
2.056568
2.037169
2.011773
1.990895
1.990682
1.976468
2.000577
1.992978
1.985524
2.017719
2.006177
2.016711
2.007129
2.012715
2.004903
2.008600
2.050430
1.998684
1.997647
1.991835
2.020776
2.035461
1.997117
2.013003
2.057557
2.035509
2.011773
1.991146
1.991555
1.977914
2.003358
2.001315
1.978082
2.023149
2.003398
2.014239
2.002462
2.004872
2.008081
2.011999
2.049818
2.004377
1.996646
1.988466
2.017768
2.027837
1.996976
2.012413
2.056568
2.037169
2.011773
1.990895
1.990682
1.976468
2.000577
1.992978
1.985524
2.017719
2.006177
2.016711
2.007129
2.012715
2.004903
2.008600
2.050430
1.998684
1.997647
1.991835
2.020776
2.035461
1.997117
2.013003
2.057557
2.035509
2.011773
1.991146
1.991555
1.977914
2.003358
2.001315
1.978082
2.023149
2.003398
2.014239
2.002462
2.004872
2.008081
2.011999
2.049818
2.004377
1.996646
1.988466
2.017768
2.027837
1.996976
2.012413
2.056568
2.037169
2.011773
1.990895
1.990682
1.976468
2.000577
1.992978
1.985524
2.017719
2.006177
2.016711
2.007129
2.012715
2.004903
2.008600
2.050430
1.998684
1.997647
1.991835
2.020776
2.035461
1.997117
2.013003
2.057557
2.035509
2.011773
1.991146
1.991555
1.977914
2.003358
2.001315
1.978082
2.023149
2.003398
2.014239
2.002462
2.004872
2.008081
2.011999
2.049818
2.004377
1.996646
1.988466
2.017768
2.027837
1.996976
2.012413
2.056568
2.037169
2.011773
1.990895
1.990682
1.976468
2.000577
1.992978
1.985524
2.017719
2.006177
2.016711
2.007129
2.012715
2.004903
2.008600
2.050430
1.998684
1.997647
1.991835
2.020776
2.035461
1.997117
2.013003
2.057557
2.035509
2.011773
1.991146
1.991555
1.977914
