1.993695
2.008879
2.016692
2.013221
2.006090
2.024646
2.012851
2.021207
2.019003
2.013264
2.001642
2.008035
2.007828
2.012770
1.992391
1.962600
1.950553
1.950670
1.994782
2.007903
2.011330
1.998488
1.999276
2.004945
2.019292
2.017590
2.015241
2.012974
2.016236
2.005607
2.016970
2.023920
2.059219
2.061940
2.041599
2.025907
1.992293
2.006156
2.011380
2.002013
1.997217
2.010511
2.007721
2.014680
2.007488
2.014259
2.004673
2.011240
2.008817
2.012777
1.997674
1.970276
1.956779
1.957292
1.997101
2.010405
2.014606
1.996669
1.999339
2.008360
2.019453
2.017693
2.014354
2.011061
2.016371
2.004888
2.015977
2.022458
2.056691
2.061649
2.042008
2.025795
2.002057
2.013213
2.020369
2.017231
2.018671
2.016909
2.005006
2.007618
2.011964
2.032565
2.016265
2.029514
1.996097
2.000332
2.002868
1.999967
2.013498
2.011969
1.994799
2.007018
2.018135
2.039673
2.012808
2.002330
1.992483
1.994784
1.968075
1.981538
1.970648
1.975727
2.004404
2.003529
1.983395
1.990753
1.997115
2.005965
1.997383
2.006503
2.010075
2.014382
2.017639
2.002641
2.003604
2.004946
2.007095
2.029635
2.015222
2.022956
1.997383
2.003135
2.017404
2.012986
2.022699
2.020605
1.995891
2.008257
2.019800
2.038119
2.012841
2.000777
1.991755
1.991589
1.963966
1.981917
1.972349
1.982231
2.005102
2.004417
1.981927
1.989921
1.997682
2.009486
2.009823
2.018148
2.029607
2.006307
2.014878
2.018851
2.014026
2.019032
2.029427
1.967569
1.984798
2.002752
2.016505
2.032580
2.020332
2.012803
2.010759
2.021629
2.007448
2.009452
1.986605
1.995656
2.000987
1.986132
1.994851
1.996942
1.993094
1.988789
1.973852
2.002727
1.989846
2.004986
2.013687
2.008456
1.998661
1.993205
2.005950
2.016959
2.012341
1.994429
1.999094
2.000484
2.010404
2.013529
2.026372
1.976176
1.991439
2.017249
2.018169
2.035164
2.025364
2.013808
2.013223
2.021774
2.006136
2.007344
1.981940
1.988222
1.997253
1.985501
1.995635
1.998012
2.000245
1.994107
1.975662
2.001970
1.989928
2.005189
2.015170
2.008618
2.001310
1.998481
2.001419
2.002647
2.017378
2.024093
2.016941
1.996948
2.005794
2.001738
1.992812
1.973533
1.982036
1.986179
1.993277
1.996691
1.983345
1.979845
1.998723
2.001482
2.002254
2.005240
2.034127
2.019475
2.030688
2.023551
1.993780
1.982939
1.986911
1.996221
1.993043
2.006438
2.002987
2.003352
2.000126
1.986058
1.988895
1.984146
2.003088
2.004492
2.017477
2.018263
2.015388
2.003773
2.007460
2.005688
1.998932
1.983411
1.985667
1.982166
1.992047
1.995021
1.977288
1.965382
1.988121
1.988652
2.002896
2.004930
2.033251
2.017263
2.029440
2.022906
1.994455
1.983486
1.986543
1.994266
1.992701
2.005685
2.003131
2.002813
1.998565
1.985081
1.989755
1.983980
2.007600
2.014997
2.023313
2.031894
2.025655
2.024103
1.997558
2.005690
2.008030
2.002949
1.998067
2.008176
2.013633
2.022278
2.035954
2.034891
2.022313
2.017641
1.997030
1.990694
2.002171
2.013876
2.007663
2.026196
1.988279
1.986279
1.971300
1.998503
1.999841
1.993474
1.990760
1.995398
1.982097
2.006889
1.998989
2.019174
2.007770
2.017630
2.024399
2.039097
2.026277
2.024771
1.994033
2.000249
1.999610
2.009419
1.999562
2.010416
2.014212
2.022821
2.036726
2.038543
2.025054
2.022499
1.994386
1.989720
2.006740
2.014905
2.009083
2.027335
1.989186
1.987432
1.974249
2.002232
2.001867
1.994818
1.990664
1.995397
1.980724
2.002899
1.996589
2.017280
2.003899
1.996794
2.006454
2.010982
2.011731
2.003904
1.999542
2.001550
1.962755
1.987074
1.999566
2.005825
2.012755
2.025894
2.045741
2.029112
2.015176
1.989067
2.011796
2.026094
2.034785
2.026910
2.027754
2.021673
2.006555
2.001777
1.979737
1.989606
1.998610
2.007018
2.008233
2.006081
2.049864
2.037267
2.031685
2.022177
2.003920
1.996189
1.995937
2.008018
2.007029
2.001865
2.001916
2.008255
1.972378
1.990894
2.000642
2.008295
2.013755
2.027430
2.046089
2.032412
2.019658
1.989577
2.010571
2.025307
2.033037
2.022706
2.021093
2.020603
2.008006
2.003676
1.985637
1.991814
2.000340
2.003237
2.009689
2.007174
2.050742
2.038106
2.032288
2.028288
1.990746
1.994645
1.953014
1.986649
1.986236
1.968815
2.000928
2.014054
2.011164
2.016286
1.993473
1.968808
1.996572
1.998329
2.006117
1.995061
1.987082
2.010166
1.992693
2.002112
1.992538
2.002576
1.998707
2.003864
2.017628
2.013347
2.026482
2.047917
2.038496
2.003780
1.993920
1.976018
1.953941
1.973593
1.993290
2.001078
1.992650
1.999426
1.952088
1.991833
1.984878
1.967975
2.002417
2.017809
2.019225
2.022521
1.994534
1.973162
1.996969
1.999473
2.005142
2.002770
1.986380
2.008902
1.989049
1.999828
1.990633
1.992428
1.990342
1.999611
2.017569
2.012606
2.024676
2.048114
2.036767
1.997813
1.993224
1.974899
1.951381
1.972545
1.990455
1.998456
2.000871
2.005509
2.000584
1.987956
1.994662
2.001448
1.994277
2.004423
2.009674
1.995291
1.987680
1.968390
2.008324
1.996334
2.013120
2.000357
1.994420
1.982280
2.003719
2.010047
2.001755
1.998695
2.004641
2.010126
1.985918
1.976181
1.959963
1.988344
1.990777
1.987297
1.997847
1.996154
2.013732
2.013304
2.009640
2.037775
1.995223
2.000930
1.986753
1.976892
1.984589
1.983543
1.994759
2.003746
2.015909
2.001287
1.992222
1.983640
2.007719
1.996924
2.013084
2.001979
1.999469
1.984635
2.005975
2.013038
2.006399
2.001602
2.000529
2.014697
1.985397
1.975689
1.959204
1.988122
1.991627
1.988819
1.997362
1.995258
2.011408
2.014862
2.012281
2.037715
1.987859
1.991121
2.007362
2.016130
2.015780
1.993398
1.993806
2.005947
2.005123
2.005924
2.015568
2.017508
2.014686
2.017173
2.027129
2.035028
2.041346
2.001219
2.020342
2.027767
2.013238
1.973772
1.971342
1.970061
2.001921
2.015876
2.007542
2.008404
2.015906
1.981700
2.005072
2.010342
2.020977
2.037575
2.032762
2.014088
1.991205
1.995780
2.025262
2.028648
2.017767
2.002307
1.991062
2.003657
2.003400
2.001788
2.014211
2.021298
2.011206
2.012316
2.027285
2.037690
2.042504
1.996274
2.019102
2.027195
2.008116
1.971094
1.969267
1.969906
2.002793
2.017670
2.004829
1.998820
2.010192
1.985060
2.004104
2.008637
2.018405
2.035368
2.030718
2.013810
2.001355
2.006423
2.016125
1.997251
2.006387
1.987997
2.010518
2.018758
2.020761
2.021429
2.007063
2.017453
1.997469
1.999559
2.003220
1.989529
1.994612
1.980351
2.014608
1.999904
1.996172
1.981620
1.979500
1.975134
2.015647
2.027387
2.021112
2.024506
2.007499
1.994173
2.010606
2.023860
2.032024
2.013369
2.020810
2.021972
2.001681
2.006580
2.030539
2.017598
2.014877
1.984378
2.006738
2.015469
2.020713
2.014312
2.004877
2.016376
2.001293
2.005145
2.009317
2.003707
2.008846
1.989008
2.015641
2.001162
1.998918
1.984627
1.983126
1.978517
2.015763
2.027902
2.023181
2.028801
2.009659
1.996176
2.011935
2.025833
2.034273
2.014602
2.022936
2.022422
2.016893
2.026524
2.040961
2.047013
2.039015
2.063248
1.996341
1.996569
1.993111
2.022095
2.010530
2.008838
2.002027
2.008097
2.024718
2.028217
2.023988
2.025317
2.018530
2.013930
2.055272
2.040319
2.037391
2.030175
2.017286
2.017082
1.996280
1.994555
1.996487
1.998166
1.985616
1.974464
1.974295
1.963582
1.971111
1.947754
2.011741
2.020070
2.028436
2.030209
2.028847
2.063276
1.999170
1.999355
1.989470
2.016101
2.011525
2.011203
1.998991
2.003449
2.020919
2.017567
2.018732
2.019753
2.017522
2.015724
2.051587
2.042045
2.038701
2.033872
2.016640
2.016382
1.995418
1.994383
1.995994
1.992953
1.985638
1.975366
1.977307
1.966211
1.972792
1.953214
2.014593
2.015277
2.005691
2.032928
2.015872
1.999042
2.022311
2.020873
2.001441
2.003236
2.008125
1.992259
2.003624
2.010021
2.035680
2.009671
2.007651
2.014501
2.012928
2.020679
2.032135
2.012031
2.011110
2.009522
1.993378
2.001478
2.001149
2.009315
2.005964
2.006789
2.009362
2.001699
2.021201
2.001531
1.994518
1.980859
2.008646
2.008777
2.006338
2.024054
2.008614
2.003824
2.021740
2.017489
1.998435
2.003547
2.011124
1.991004
2.003748
2.008713
2.037002
2.005846
2.005506
2.011512
2.009345
2.014495
2.023959
1.998451
2.001019
2.005436
1.993378
2.001478
2.001207
2.008901
2.006551
2.007266
2.009180
2.001772
2.021785
2.008738
2.000196
1.984383
1.998258
2.002548
2.033499
2.007000
2.001034
2.006147
1.994925
2.003408
2.015742
1.976935
1.975120
1.993872
1.990827
1.984777
1.997766
2.019656
2.004129
1.986658
2.015144
2.017696
2.011502
2.034792
2.039577
2.037156
1.980228
1.988140
1.972813
2.003425
2.007447
2.018494
1.995265
1.990951
1.989971
2.015323
2.005890
1.992748
1.993649
1.999622
2.014293
1.993666
1.992905
2.011648
1.991397
2.001277
2.011182
1.970690
1.967365
1.984658
1.988410
1.982077
1.993783
2.011999
1.996640
1.979917
2.014198
2.017443
2.009765
2.033341
2.038058
2.035898
1.980309
1.988786
1.976057
2.006310
2.007506
2.010655
1.998120
1.995378
2.003696
2.025785
2.013422
1.999274
1.993669
1.992424
1.979157
1.992370
1.977744
1.996876
2.003424
1.994556
2.012998
2.037546
2.015244
2.004433
1.997721
1.986154
1.986282
2.005909
1.997059
2.015464
1.988406
1.990888
1.995399
1.969664
1.976636
1.976633
2.003188
1.995246
2.011706
2.015302
2.023293
2.035620
2.001531
2.015034
1.981469
2.007602
1.997335
1.988967
1.997131
1.995609
1.984523
1.989032
1.975389
1.993470
1.999492
1.990629
2.012734
2.038024
2.016955
2.000205
1.999998
1.991371
1.997757
2.018835
2.004686
2.016072
1.988682
1.990548
1.994101
1.970870
1.981435
1.983501
1.999924
1.990807
2.004139
2.011042
2.021745
2.037797
2.001531
2.015034
1.980548
2.004900
1.995280
1.986714
2.019557
2.017915
2.015726
1.989652
2.001553
2.024016
2.021294
2.021717
2.030378
2.015566
2.009562
2.006613
1.992373
1.992532
1.974326
1.982583
1.984084
1.982222
2.002666
1.995460
1.985670
1.959288
1.969356
1.997817
2.002309
2.017194
2.013348
2.012060
2.002422
2.011429
1.989393
1.996977
2.003533
1.991603
1.999084
1.987806
2.016654
2.011371
2.005885
1.988707
1.997517
2.019573
2.022490
2.024471
2.033936
2.022111
2.009813
1.993397
1.996367
1.998546
1.980924
1.992090
1.987063
1.984923
2.002623
1.994354
1.986755
1.957855
1.964962
1.992233
2.002538
2.017778
2.011152
2.011552
2.002826
2.010905
1.989080
1.995931
1.999804
1.987300
1.994325
1.984493
1.994025
2.009475
2.016037
2.013796
2.005555
2.026693
2.010695
2.013377
2.012243
2.024631
2.024429
2.022203
1.994314
2.008114
2.015653
1.991045
2.000034
2.014348
2.005506
2.009993
1.990107
2.001754
1.996961
2.010768
2.004503
2.008849
2.028487
2.010270
1.996965
1.979153
1.995452
1.996161
1.980988
1.990637
1.984306
1.976726
1.992502
2.006515
2.010740
2.003035
1.997109
2.012369
2.008351
2.009672
2.010671
2.023168
2.037086
2.039758
1.992226
2.004946
2.006549
1.991713
2.000833
2.019542
2.004679
2.009571
1.987826
1.997992
1.993510
2.009350
2.003329
2.005538
2.023668
2.008647
1.995624
1.979037
1.994985
1.996115
1.981754
1.990645
1.989965
1.984003
2.001415
2.012698
2.019587
2.015487
2.017114
2.015168
2.004235
1.999964
1.996090
1.983367
1.997298
2.001513
1.988811
1.998602
1.982980
1.992036
2.001615
1.995961
2.015408
2.023144
2.002843
2.016863
2.008064
2.014182
1.991511
1.988961
1.990097
1.987289
1.984835
1.975946
1.996080
1.997941
1.981178
2.011470
2.010792
2.015707
1.996741
2.005988
2.009292
2.012465
2.015967
2.001021
2.002141
1.999306
1.992421
1.979254
1.991306
1.996144
1.987165
1.996408
1.980770
1.980686
1.993354
1.987157
2.012260
2.019123
2.001324
2.013771
2.003432
2.010651
1.991169
1.987715
1.989001
1.986758
1.983552
1.975885
1.996251
1.997718
1.979537
2.012193
2.011299
2.014868
2.009481
2.018081
2.028216
2.003091
2.012703
2.018455
1.996614
1.992828
1.954450
1.976947
1.990430
2.015722
1.996450
2.003957
2.017351
2.013183
2.013484
2.026390
2.010025
2.018071
2.039376
2.036625
2.030963
2.001926
2.003046
2.007005
2.003396
2.003199
2.013312
2.033116
2.002763
1.988928
1.984231
1.975056
1.963015
1.976695
2.005607
2.016892
2.010950
1.991214
1.996932
2.000089
2.000042
1.998377
1.969609
1.992312
2.000500
2.023890
1.996127
2.002458
2.015240
2.011113
2.014713
2.027486
2.008614
2.016204
2.033011
2.037556
2.027973
1.999718
2.006807
2.011795
2.011690
2.016760
2.022928
2.039503
2.003131
1.989720
1.992881
1.985738
1.973382
1.987266
2.001546
2.002133
2.019958
2.031286
2.022101
1.999179
2.002180
2.014331
2.025088
2.039696
2.039994
2.041463
1.991560
1.997699
1.991465
1.985341
1.980196
1.969647
2.006424
2.016439
2.003821
2.044531
2.036979
1.995416
2.007856
2.014452
2.015875
1.991905
2.000437
1.996425
2.015994
2.011046
1.990184
1.979914
1.993786
1.943545
2.003703
2.005188
2.021376
2.024200
2.020737
2.006873
2.001905
2.011142
2.012186
2.027680
2.031414
2.040285
1.992172
2.001181
1.995942
1.990423
1.980777
1.979050
2.008476
2.018776
2.008188
2.051908
2.040028
1.992159
2.006920
2.013211
2.013473
1.991020
1.999017
1.998751
2.015994
2.010742
1.990367
1.979438
1.992960
1.941769
2.008147
2.015688
2.024257
2.032784
2.027207
2.025310
2.004153
2.015203
2.011130
2.026613
2.021659
1.993873
1.997555
2.000609
1.987988
1.988581
1.995887
1.990407
1.998621
2.010303
2.028985
2.012406
2.001084
1.983215
2.007390
1.999630
1.991543
1.982319
1.983822
1.989226
2.004205
2.001652
1.985175
1.991784
1.986397
1.993353
2.007903
2.017715
2.023443
2.039498
2.027796
2.026839
2.002852
2.009759
1.997092
2.005263
2.011638
1.992149
1.998585
2.001376
1.987336
1.993856
1.999214
1.987901
1.998476
2.008468
2.025994
2.005134
1.998003
1.986872
2.005786
1.997932
1.990016
1.980520
1.981771
1.989273
2.003547
2.000693
1.981438
1.986966
1.982217
1.982252
2.004311
1.997252
2.005160
2.011253
2.012821
2.004609
1.996409
2.005995
2.016390
2.012227
2.008454
2.029451
2.007725
2.024269
2.038155
2.001219
1.994608
2.000886
1.997918
2.004824
2.025140
2.024245
2.025414
2.034000
1.983919
1.990750
1.987835
1.992489
2.000916
2.010862
1.990799
1.984838
1.942275
1.953714
1.969423
1.976277
2.004332
1.996648
1.994643
2.008289
2.008119
2.002570
1.996512
2.008898
2.027079
2.027069
2.021206
2.032830
2.008840
2.026122
2.039932
2.001188
1.994637
1.997020
2.000588
2.007888
2.029434
2.030225
2.027881
2.036123
1.983725
1.990409
1.987988
1.994565
2.003609
2.012605
1.990544
1.984620
1.941532
1.956340
1.970968
1.976037
1.991306
1.995266
1.953176
1.986333
1.985891
1.968254
1.994185
1.992564
2.016682
1.994923
2.006089
1.999442
2.012083
2.030474
2.030013
2.038578
2.021942
2.017247
2.011603
2.009842
1.994604
1.993555
1.986753
1.980243
1.992025
2.002403
1.996354
2.000303
1.996765
1.990663
2.021235
2.019322
2.007904
1.989411
1.986377
2.007928
1.993210
2.000047
1.952251
1.991309
1.984426
1.967461
1.991992
1.989382
2.008209
1.982828
1.998287
2.001165
2.008917
2.024728
2.024013
2.036554
2.023872
2.022889
2.012943
2.012219
1.992605
1.992523
1.987497
1.983430
1.992606
2.003439
1.994833
1.995436
1.995244
1.990118
2.021309
2.019409
2.010769
1.995022
1.991449
2.010713
2.001175
2.006436
2.000509
1.987312
1.994417
2.001957
2.009189
1.995053
1.987599
1.998378
2.004797
2.015353
2.000712
2.010963
2.004250
2.023594
2.015773
2.018082
1.992151
2.002266
1.993000
2.028118
2.016795
2.011436
2.002742
2.008740
2.023964
2.010994
2.021548
2.015988
2.011439
2.005522
1.985921
2.022663
2.017675
1.992522
1.995527
2.001856
1.986550
1.976248
1.984344
1.983764
2.008157
1.993280
1.984920
1.996231
2.003228
2.025012
1.996627
2.004530
1.998070
2.017024
2.012366
2.015874
1.992843
2.001946
1.991852
2.026373
2.014198
2.006629
2.003759
2.009492
2.022721
2.009895
2.020736
2.014492
2.012097
2.005237
1.987761
2.022437
2.017350
1.992041
1.988361
1.991015
2.007771
2.016470
2.016798
1.994545
2.004801
2.005536
2.029727
2.045209
2.035423
2.012937
1.996797
2.003215
2.012125
1.979663
1.989682
1.987370
1.992204
2.000561
1.982568
1.974409
1.983130
2.016524
2.004932
1.997483
2.002971
2.005347
2.004701
2.020861
2.007371
1.997609
1.989621
2.006474
2.004108
1.997523
1.991708
1.995673
2.025671
2.029251
2.018920
2.003183
2.004528
2.003202
2.017890
2.039009
2.030841
2.015347
1.999281
2.006218
2.016686
1.981174
1.990846
1.988888
1.993203
2.000417
1.982127
1.978080
1.985768
2.015063
2.005490
1.997829
2.006299
2.012004
2.009524
2.023265
2.007008
1.996064
1.988327
2.006150
2.004884
1.999456
1.998927
2.001669
2.006707
1.989163
1.999332
1.977937
1.997887
1.997699
2.020296
2.008247
1.999602
1.982810
1.997948
2.005054
2.005822
2.008431
2.007883
1.991604
2.000010
2.008297
2.016153
2.028696
2.021685
2.016087
2.006445
2.007880
2.023011
2.000418
1.997081
1.988144
2.004744
2.006802
2.001973
1.991443
2.002621
2.006439
2.000585
2.004404
2.024605
2.011659
2.010518
1.981002
1.996581
1.996963
2.026818
2.015996
2.002930
1.988640
1.999310
2.007366
2.007221
2.001454
2.005929
1.989549
1.999336
2.005883
2.015345
2.027454
2.020785
2.018027
2.006002
2.007927
2.021334
2.000296
1.998107
1.986367
2.004668
2.006883
1.999900
1.992334
2.003313
2.007840
2.016993
2.026598
2.041362
2.048314
2.039068
2.063255
2.008195
2.005990
2.013087
2.014639
2.002393
1.991075
2.005198
1.992641
1.975992
1.964496
1.983319
1.993016
2.006701
2.010355
2.038142
2.026600
2.027735
2.015163
2.002952
1.998482
2.002729
1.972581
1.968507
1.981995
2.016839
2.015826
2.006029
2.008771
2.004226
1.997798
2.011841
2.020145
2.028837
2.031511
2.028900
2.063282
2.004817
2.002206
2.000870
2.006257
1.993201
1.984326
2.003573
1.994482
1.986222
1.972714
1.990219
1.990741
2.006062
2.009669
2.037522
2.026477
2.028072
2.013470
2.003397
1.998932
2.003694
1.973311
1.968042
1.980257
2.016829
2.015999
2.004683
2.008257
2.001370
1.996776
2.014402
2.015130
2.005052
2.030933
2.015052
1.999560
2.013419
2.021724
2.015729
2.019058
2.012366
2.001355
1.999120
1.994014
1.979973
1.975373
1.977062
2.000680
1.970241
1.971920
1.975181
1.993292
2.002743
2.012727
2.008960
2.006911
1.989218
1.980160
1.992808
2.001097
1.998608
2.003312
2.022787
2.028714
2.026794
2.015662
2.008454
2.008629
2.005699
2.022713
2.008515
2.004440
2.008913
2.016600
2.017595
2.030562
2.024503
2.018538
1.999279
1.994222
1.978960
1.970213
1.972525
1.997422
1.971913
1.973309
1.978684
1.995993
2.004165
2.012631
2.007953
2.006349
1.988482
1.981575
1.991314
2.001430
1.998695
2.004415
2.026277
2.027390
2.026008
2.018183
1.998384
2.002713
2.032992
2.007616
2.001141
2.006180
2.013620
2.016230
2.039338
2.022164
2.013939
2.048823
1.997204
2.001250
2.010853
2.006396
2.008148
2.000006
2.001550
1.998747
1.981388
1.985851
1.994380
1.980847
1.998654
1.998157
1.973280
1.973325
1.980720
1.997522
2.007275
2.020296
1.991553
1.994127
1.990200
1.996419
1.993775
1.999786
2.013789
1.994281
1.993013
2.011681
2.010657
2.014659
2.035761
2.017897
2.011697
2.046637
1.997979
2.003231
2.010440
1.999592
2.004606
2.003270
2.001262
1.998532
1.979567
1.976809
1.988024
1.977498
1.999988
1.999826
1.977204
1.979017
1.984309
2.000969
2.007497
2.022319
1.998109
2.001199
1.998042
2.002985
1.993505
1.991965
1.978631
1.990439
1.977107
1.996140
2.002283
2.007001
2.014936
1.991357
1.976849
1.989891
1.999306
2.008268
1.991857
2.003423
2.001663
1.996886
1.996527
2.001162
1.983347
2.001554
1.991062
1.996691
1.994796
1.998920
2.010303
2.024869
2.018412
2.034763
2.010807
2.010539
1.992662
1.970889
1.996086
2.006658
1.996967
1.995149
1.983997
1.987101
1.974661
1.992661
2.003821
2.009544
2.021109
2.011050
1.998308
2.004603
1.997354
2.005064
1.983117
1.994283
1.995522
1.987450
1.997471
2.002089
1.983643
2.004921
1.995028
2.002662
1.995027
1.999482
2.012205
2.024651
2.018004
2.035674
2.010807
2.010539
1.990566
1.966685
1.993380
2.003081
2.019672
2.015827
2.016440
1.991041
2.003543
2.027489
2.015196
2.002508
2.005224
2.025201
2.003489
1.986448
1.997350
1.995714
1.950695
1.958914
1.976323
1.993557
1.999423
2.011532
2.017757
2.013362
2.003195
1.996724
2.007679
2.021803
2.007200
1.999892
2.006411
2.026117
2.012207
2.003210
2.029616
1.999842
2.002263
2.015045
2.016769
2.009283
2.006598
1.989455
1.998809
2.021073
2.013876
2.002180
2.002233
2.015878
2.000891
1.980526
1.997281
1.995046
1.950805
1.963242
1.980370
2.000200
1.998541
2.011813
2.017395
2.015745
2.008125
2.002495
2.006153
2.019397
2.003936
1.996855
2.005800
2.026962
2.011033
1.999586
2.022595
1.994973
2.000051
2.013936
1.993965
2.009232
2.016219
2.013716
2.006349
2.025312
2.012596
1.999525
1.978124
1.969197
1.981651
1.987614
1.994509
2.006475
1.977956
1.975294
1.978311
1.970647
2.012629
2.013120
2.005813
2.023334
2.002547
2.014929
2.003983
2.017247
2.008666
2.023338
2.036267
1.993533
2.000878
2.010793
1.975969
1.987475
1.999268
2.029960
1.992562
2.006509
2.010907
2.002508
1.997476
2.011178
2.012369
1.998758
1.979024
1.967804
1.981248
1.980800
1.997016
2.010998
1.976021
1.981762
1.980510
1.970459
2.011762
2.011625
2.001863
2.022206
1.996854
2.006102
2.003120
2.016201
2.002755
2.023896
2.036033
1.998021
2.001298
2.012480
1.980489
1.992590
2.000645
2.029939
1.999521
2.009606
2.013408
2.012192
2.013659
2.012173
2.012784
2.021240
2.020618
2.014342
2.003136
2.009704
2.013079
2.000571
1.983539
1.960427
1.971033
1.989662
2.010640
2.005118
1.990577
2.019011
2.013231
2.003873
2.003685
2.018331
2.036754
2.036090
2.020361
2.021110
1.987454
1.995739
1.998734
2.029262
2.031576
2.047538
1.994847
2.002896
2.003113
2.009343
2.012419
1.998477
2.007654
2.014714
2.009103
2.015766
2.006122
2.012982
2.011193
1.998561
1.981939
1.959485
1.969841
1.982147
2.008679
2.005186
1.990548
2.016040
2.012591
2.001618
2.002469
2.017948
2.035609
2.038547
2.021950
2.022304
1.988827
1.996987
1.999921
2.033744
2.036518
2.045570
2.009646
2.018231
2.029415
2.006024
2.014179
2.018693
2.004932
2.008049
2.011713
2.032622
2.016566
2.029798
2.004532
2.008165
2.037555
2.044608
2.034050
2.028750
1.990931
2.004479
2.000187
1.997258
2.015760
2.014450
1.998166
2.008762
2.008086
2.021018
2.017942
2.035886
1.997187
2.009853
2.001422
2.008983
2.019388
2.027721
2.005772
2.017042
2.012149
1.994147
1.998341
2.000326
2.003530
2.005377
2.006921
2.029692
2.015523
2.023240
2.005153
2.008945
2.037322
2.041037
2.030747
2.026720
1.991075
2.004503
1.998802
1.993879
2.011333
2.015515
1.999383
2.011464
2.015945
2.021849
2.016588
2.034986
1.996521
2.009478
2.001011
2.009411
2.019578
2.027536
2.002647
2.002517
2.021674
2.030967
2.022021
2.001025
2.013342
2.018851
2.029823
1.966779
1.984681
2.002497
2.011681
2.011146
2.013401
2.020193
2.016594
2.020794
2.008800
2.011559
2.024782
1.981418
1.997827
1.987744
1.999619
1.998842
1.994537
2.004765
2.014683
2.005248
1.997967
2.005259
2.000078
2.022286
2.014076
1.999316
2.004805
2.005572
2.023093
2.023987
2.020357
2.008752
2.009720
2.013348
2.026969
1.975461
1.991327
2.016994
2.011211
2.011121
2.014923
2.018842
2.014833
2.023190
2.006883
2.009174
2.022181
1.984233
1.999259
1.990172
1.999535
1.998590
1.994582
2.007620
2.015246
2.004313
1.998327
2.005800
1.999805
2.021365
2.012745
1.997536
2.008258
2.015589
2.024459
2.032636
2.027220
2.025256
2.005969
2.001780
1.991437
1.975550
1.985044
1.989177
2.001896
2.010801
1.992685
1.973190
1.987651
1.989387
2.009227
1.996000
2.015332
2.016528
2.016387
2.012983
1.998973
2.012855
2.017180
2.014559
2.024259
2.025132
1.998308
2.012781
2.018596
1.999918
1.999056
1.979540
2.008014
2.017616
2.023595
2.039195
2.026715
2.026464
2.007635
2.005729
1.997557
1.985608
1.988587
1.984728
2.004853
2.013257
1.997845
1.987876
1.996731
1.991348
2.008579
1.995243
2.014114
2.018949
2.017687
2.014986
1.999553
2.012944
2.015725
2.015812
2.025456
2.025846
1.997308
2.012027
2.014325
1.996839
1.994835
1.976748
2.003658
1.996516
2.005899
2.010425
2.012025
2.003935
2.000401
2.008088
2.017614
2.012351
2.002301
2.010074
2.004183
2.004035
2.009013
2.014561
2.010215
1.997120
2.003933
1.997062
1.983435
2.011586
2.006112
1.993115
1.995019
1.988098
1.966863
1.972195
1.977585
1.984296
2.012545
2.017060
2.010010
2.017483
2.007017
2.006852
2.003679
1.995912
1.995382
2.007461
2.007323
2.001896
1.996877
2.002648
2.009194
2.017682
2.004004
2.012612
2.001156
2.000223
2.006919
2.019682
2.014543
1.996171
2.004054
1.997573
1.982779
2.012013
2.006390
1.996653
1.994108
1.987633
1.968528
1.972980
1.978880
1.982093
2.013067
2.017324
2.010897
2.016744
2.005364
2.006562
1.991501
1.995411
1.954616
1.987252
1.986775
1.967760
2.000396
2.002725
1.965238
1.988677
1.999338
2.005038
2.002391
1.994862
1.966480
2.001810
2.006086
2.035025
1.986169
1.977873
1.975537
1.989313
1.970201
2.001745
2.012094
2.018655
2.017448
2.022361
2.028954
2.006905
1.998802
2.004081
2.016351
1.981194
1.990760
2.011428
1.993405
2.000192
1.953690
1.992541
1.985495
1.967119
2.002770
2.009430
1.974861
1.992497
2.000372
2.005906
2.005620
2.000815
1.975346
2.010664
2.007662
2.023984
1.989432
1.983812
1.985113
1.997579
1.976693
2.000015
2.012308
2.016799
2.016837
2.019687
2.027238
2.009733
1.999033
2.005041
2.016400
1.981423
1.991398
2.011775
2.001111
2.005884
1.998937
1.986164
1.993589
2.000845
2.003298
2.017265
2.015780
2.017277
1.993874
1.968883
2.007399
2.009479
1.970764
2.006232
2.010899
2.010852
1.977430
1.986909
1.983134
1.966553
1.977692
1.997203
2.003585
1.999447
1.989973
2.000392
2.001261
2.004950
1.986783
1.999299
1.983665
1.989474
1.992630
1.993984
1.995463
2.001305
1.984978
1.975100
1.983516
1.982940
2.005192
2.020537
2.023636
2.028289
1.999116
1.975727
2.009337
2.008855
1.973522
2.008427
2.014569
2.013286
1.976642
1.984941
1.984725
1.973958
1.986070
2.007379
2.002945
1.998505
1.988789
2.001316
2.001053
2.004651
1.986992
1.999756
1.986197
1.999678
2.000871
2.000479
1.988339
1.990844
2.007130
2.015967
2.015775
1.992817
1.995404
2.004337
2.013103
1.998798
1.989520
1.971859
2.002720
2.004552
2.005558
1.981893
1.987713
2.004607
2.012206
2.006681
1.976038
1.998340
1.994668
1.989554
1.996048
1.996015
1.992215
1.992084
1.998133
2.029471
2.002491
2.005912
2.014887
2.006965
1.987376
1.978887
1.991686
1.995503
2.025030
2.028485
2.017762
2.001710
1.995887
2.003660
2.019375
2.005577
1.995247
1.988094
2.008587
2.009818
2.017821
2.000412
2.000958
2.012271
2.011375
2.005046
1.974958
1.995158
1.991006
1.994380
1.997016
1.995896
1.995098
1.994452
2.001784
2.029751
2.002600
2.006444
2.015054
2.005212
1.985613
1.979493
2.001196
2.006014
2.015962
1.996171
2.004926
1.986909
1.993585
2.005869
2.005194
2.005896
2.015543
2.016494
1.990845
1.991275
1.973684
1.975184
1.975338
1.991260
2.001349
2.010849
2.018741
2.030321
2.012825
2.005348
2.013006
2.011858
2.017357
1.994907
1.990444
1.975095
1.997335
1.986353
2.001207
1.969708
1.963785
1.961434
2.001522
2.006171
2.030377
2.016602
2.013416
1.983290
1.990842
2.003579
2.003470
2.001760
2.014185
2.020284
1.990541
1.990676
1.973722
1.974824
1.973557
1.992935
2.000187
2.008598
2.014920
2.020854
2.006961
1.998595
2.013284
2.011531
2.019345
1.997070
1.992356
1.977883
1.997236
1.986200
2.001560
1.969220
1.964424
1.961315
