2.004067
1.995997
2.001732
1.999720
2.005383
2.003984
2.001729
2.004805
1.971183
1.990104
1.999781
2.009419
2.010860
2.026632
2.046122
2.017341
2.009332
2.006286
2.016582
2.000526
2.003398
2.015013
2.026617
2.032388
1.997607
1.995617
2.010141
2.008310
2.010281
2.009455
1.994329
1.995973
2.003168
1.990022
1.994108
1.991019
2.004146
1.995838
1.991816
1.997802
1.999859
1.996481
2.003935
2.011388
1.981003
1.994267
2.001194
2.011117
2.011975
2.028182
2.047909
2.017203
2.009250
2.002470
2.013901
1.996975
1.997521
2.011155
2.024165
2.036734
1.997810
1.995605
2.009252
2.008970
2.010505
2.009844
1.994052
1.995991
2.005606
1.991409
1.993260
1.990712
1.996949
2.000477
1.941212
1.978091
1.977989
1.953388
2.003537
2.019484
2.007427
2.018087
1.995382
1.971108
2.011482
2.032681
2.039513
2.039414
2.019609
2.009282
1.999335
1.996323
1.963073
1.941260
1.959803
1.977748
1.987251
1.970765
1.984870
1.957402
1.967005
1.991939
2.005084
2.007777
1.988108
2.009552
2.006960
2.008637
1.999481
2.007191
1.946523
1.984956
1.980673
1.952216
2.006935
2.026338
2.019611
2.026996
1.999248
1.978493
2.008316
2.027551
2.033738
2.037806
2.022852
2.015582
1.998961
1.995768
1.963030
1.941100
1.960921
1.975779
1.986130
1.968526
1.981002
1.953140
1.963568
1.990193
2.004709
2.007476
1.987720
2.006993
2.004320
2.009374
1.997853
2.003717
2.010668
1.990137
1.986314
1.985724
1.993299
2.000003
2.003773
1.998192
1.989972
1.976410
2.000727
2.011148
2.009867
2.022802
2.011716
2.011730
2.018253
2.013394
2.029589
2.041488
2.031003
2.018597
2.006080
1.999101
2.011785
1.988883
1.989796
1.989822
1.999168
2.001449
1.997399
1.958867
1.964984
1.970575
1.992239
1.998789
1.997749
1.979373
1.979022
1.975455
1.993993
2.000067
2.012996
2.004579
1.995330
1.991811
1.996643
2.004714
2.003271
2.016232
2.008426
2.010833
2.018512
2.016304
2.034832
2.046073
2.034741
2.024204
2.005382
1.997713
2.008979
1.988232
1.987070
1.989174
1.999168
2.001365
1.996028
1.958559
1.964165
1.969661
1.994308
2.001384
2.024385
2.025736
2.022427
2.005471
1.990758
1.997449
1.993486
1.995398
2.005962
2.014305
1.996616
2.003590
2.008536
1.972618
1.983948
1.983181
1.991357
1.998017
1.978781
1.991059
1.992325
2.001355
1.978744
1.982454
1.990324
2.008100
2.000488
2.001110
2.009018
2.008800
2.010307
2.011153
2.009755
2.003152
1.998097
2.004260
2.040268
2.033621
2.018523
2.006455
1.988175
1.994926
1.991838
1.988724
2.004397
2.016097
1.999099
2.006591
2.013076
1.974135
1.985044
1.984817
1.993926
2.001674
1.990991
1.999381
1.994931
1.998302
1.976119
1.979717
1.983402
2.000323
1.994770
1.996914
2.007384
2.007369
2.010839
2.012096
2.011263
2.004350
2.007927
2.014655
2.018739
1.988874
1.996962
1.989184
2.011575
2.017678
2.023989
2.029580
2.016176
2.027327
1.996586
2.006238
2.009767
2.011122
2.008130
1.991586
1.977384
1.976867
1.970624
1.972593
1.982041
2.007941
2.004181
1.997188
2.004371
1.971901
1.991702
2.006107
1.997738
2.006649
2.009259
1.973032
1.977851
1.959284
2.009319
2.015063
2.035677
2.010406
2.005511
1.988476
2.007949
2.014907
2.022624
2.021935
2.012869
2.023185
1.997584
2.007665
2.009438
2.003298
2.005446
1.988543
1.977845
1.978731
1.977427
1.977344
1.986936
2.007184
2.003698
1.996991
2.005892
1.972623
1.992883
2.007269
1.997738
2.006503
2.011023
1.974825
1.979109
1.956833
2.016725
2.029741
2.039913
2.053897
2.041632
2.061252
1.998763
2.000850
2.000086
2.023888
2.011387
2.013925
1.999340
1.984962
1.965623
1.960641
1.976835
1.979989
2.015764
2.023852
2.008489
2.004113
2.002627
2.014400
2.010965
2.011662
2.028149
2.015424
2.011298
2.004314
2.000837
2.014076
2.031534
1.985746
1.995730
2.013677
2.012450
2.023987
2.034752
2.040284
2.033697
2.056882
2.001700
2.003636
1.997432
2.015376
2.009564
2.013018
1.997715
1.987024
1.975951
1.969130
1.984433
1.979620
2.015671
2.024904
2.012743
2.011125
2.008096
2.019261
2.011012
2.011359
2.026569
2.013963
2.012054
2.007586
1.999084
2.011779
2.027581
1.981987
1.993404
2.009081
2.011745
2.016034
2.006482
2.034687
2.022781
2.011832
2.022473
2.020348
2.009607
2.013458
2.011170
1.988819
2.001648
1.996557
1.981633
1.979304
1.982599
2.010516
1.986344
1.990182
2.004394
1.981791
1.990622
2.000125
2.004732
1.998800
2.010402
2.013632
2.010963
1.990510
2.004731
2.016921
2.018490
2.017673
2.027637
2.036703
2.006716
2.010194
2.010354
2.028096
2.019236
2.012521
2.020812
2.015482
2.005137
2.010944
2.011035
1.988375
2.002560
1.997361
1.982899
1.976055
1.978569
2.007484
1.983220
1.986197
1.998716
1.976764
1.989535
1.994316
2.004343
1.998035
2.009986
2.013122
2.011296
1.986479
2.003755
2.016044
2.020491
2.021046
2.028153
2.034563
1.995143
2.005075
2.037761
2.012457
2.005098
2.010555
1.993202
2.001263
2.022739
1.973694
1.973276
1.984787
1.996556
2.000829
2.010774
2.011979
2.013742
1.997210
2.001887
2.011666
2.017049
2.018825
2.023386
2.014577
2.009017
2.015484
2.009935
1.997212
1.994278
2.009262
2.016255
2.017196
2.006200
1.991157
1.976280
1.974502
1.991274
2.001230
2.013238
1.992914
1.989245
2.012896
1.989674
1.999209
2.018846
1.969821
1.968026
1.979604
1.997606
2.002942
2.010362
2.005175
2.009648
2.000277
2.001824
2.011562
2.017924
2.019846
2.025530
2.017227
2.009129
2.015248
2.011195
1.999010
1.999260
2.010077
2.016814
2.017916
2.006999
1.992178
1.975926
1.974793
1.993754
1.991797
1.978048
1.998223
1.978810
1.992644
2.006945
1.998580
2.017186
2.032581
2.014202
2.004781
2.000329
2.008622
1.989143
1.996573
1.997575
2.002190
2.006699
2.014876
2.033693
2.016742
2.012017
2.024165
1.982682
1.995574
1.988271
2.007192
2.001678
2.012262
2.012318
2.010184
2.010237
1.998787
2.008293
2.022331
1.998119
1.997036
1.983586
1.994787
1.975316
1.990469
2.003325
1.995715
2.018677
2.029933
2.011835
1.997427
1.998377
2.005418
1.981163
1.987082
1.990928
1.992625
2.004061
2.012059
2.020606
2.007163
2.004933
2.024321
1.981892
1.994516
1.985327
2.004472
1.999062
2.009626
2.011674
2.009504
2.008092
1.998065
2.010599
2.023212
2.010854
2.013081
2.009919
1.988979
2.003172
2.029731
2.021569
2.022115
2.029632
2.021774
2.014723
2.010680
1.995915
1.995840
1.955214
1.963280
1.982715
2.000321
2.020567
2.014744
2.021829
1.999182
2.000154
2.005432
2.004392
2.008067
2.007216
2.032258
2.026443
2.022904
1.996999
2.001682
1.997983
2.007183
1.992111
1.987783
2.008026
2.005822
2.003088
1.983900
1.995822
2.018111
2.023105
2.023777
2.029569
2.026014
2.013827
1.996715
1.994916
1.993694
1.951065
1.965369
1.983886
2.005554
2.022836
2.017854
2.025561
1.997897
1.997872
2.001956
2.006304
2.010756
2.013603
2.037367
2.028904
2.024269
1.997663
2.001789
1.998686
2.008327
1.993003
1.989854
1.995293
2.009745
2.010417
2.017596
2.012177
2.025387
2.011352
2.010860
2.010122
2.018173
2.014900
2.016916
1.997943
2.010538
1.982998
1.973911
1.980345
1.971238
2.000486
2.005192
2.003123
1.989569
1.981991
1.980979
1.995934
2.008286
1.998901
1.994218
1.992539
2.002409
2.000534
1.997216
1.994071
1.995634
1.985563
1.991713
1.994855
2.007209
2.004905
2.002879
1.995122
2.006008
2.009096
2.007584
2.009665
2.017242
2.027922
2.035158
1.999623
2.013783
1.975859
1.978693
1.980652
1.971060
2.003593
2.007268
2.008700
1.989241
1.982330
1.978762
1.995917
2.008871
1.998683
1.995519
1.994016
2.004174
2.000724
1.997260
1.994813
1.996269
1.985245
1.989033
2.007908
2.016549
2.018743
2.012096
2.014767
2.014852
2.005923
2.007519
1.998320
1.980477
1.993730
2.002316
2.015139
2.006335
1.989588
1.970189
1.977135
1.988433
1.999359
1.996874
1.991973
1.989667
1.988714
1.979087
1.998089
1.989570
1.988765
1.995727
2.003039
1.992446
1.992376
1.982447
1.976288
1.983958
1.978143
1.982800
2.002847
2.008240
2.004114
2.003085
2.007888
2.001287
2.003588
2.005376
1.992822
1.973795
1.986091
1.999739
2.013675
2.004563
1.987615
1.969226
1.975292
1.980100
1.999525
1.996323
1.992315
1.990082
1.989218
1.980606
1.998346
1.989264
1.989616
1.998862
2.006545
2.001524
1.991903
1.982045
1.976620
1.983697
1.977481
1.981998
2.008992
2.020336
2.027395
2.008271
2.024212
2.023240
1.995828
1.991089
1.939234
1.957354
1.974464
2.007335
2.001739
2.008631
2.043417
2.051541
2.038413
2.033046
1.994078
1.996108
1.987045
1.979949
1.990053
2.015699
1.998206
1.997538
1.993712
2.012170
2.021500
1.998082
2.008776
2.024267
2.025572
2.004852
1.989174
2.006551
2.007218
2.021873
2.019762
2.002887
2.009915
2.002928
1.998990
1.996025
1.952370
1.973099
1.986568
2.018614
2.002360
2.009361
2.043084
2.047965
2.034867
2.031092
1.996296
2.001234
1.999901
1.989870
1.996479
2.019492
2.000168
1.998741
1.996362
2.012533
2.023270
1.996487
2.010254
2.025830
2.028646
2.005127
1.989638
2.004242
2.003885
1.999204
2.001140
2.013888
2.004567
1.988644
2.003100
2.014874
2.017722
2.043721
2.044239
2.044879
2.011838
2.009256
2.011581
2.015036
2.012346
2.018980
2.011169
2.005427
1.994739
2.010791
2.002340
1.999421
2.000114
2.007706
1.988658
1.963439
1.967834
1.964317
2.011425
2.010225
2.005634
1.992143
1.996787
2.010155
2.006658
2.003319
2.007669
2.010607
2.005938
1.990360
2.002649
2.011286
2.004609
2.032175
2.036454
2.042949
2.011368
2.009231
2.013103
2.013329
2.010332
2.020575
2.010012
2.003377
1.986883
2.002738
1.994242
1.992538
2.000067
2.007831
1.993080
1.971047
1.971035
1.967004
2.011815
2.010018
2.006791
1.992967
1.997079
2.010515
2.006421
2.011774
2.027724
2.046821
2.037977
2.035088
2.002178
2.013988
2.008727
2.022521
2.022109
1.993560
2.005511
2.016400
2.002479
1.979112
1.991237
1.992987
2.010348
2.015217
1.985910
2.007301
2.019596
2.060507
2.010077
2.019684
2.019176
2.029039
1.994544
1.991443
2.001943
2.008922
2.008017
1.991900
1.991856
1.993189
2.002135
2.009179
2.016932
2.044980
2.032675
2.026962
2.000705
2.008616
1.991760
2.000045
2.011219
1.990590
2.008640
2.018942
2.007069
1.994058
2.000096
1.995274
2.008883
2.012638
1.979517
1.989458
2.005454
2.051820
2.009388
2.018032
2.014050
2.022831
1.989161
1.990850
2.001655
2.009001
2.008558
1.992906
1.994031
1.994571
2.004777
1.997019
2.002118
1.999715
2.004900
2.003310
2.000095
2.006086
2.020628
2.016367
2.010338
2.030895
2.009208
2.010226
2.021068
2.025675
2.016506
2.003230
2.007948
2.017489
2.023836
2.032351
2.030024
2.007218
1.995448
2.000551
2.001413
2.014435
2.009800
2.013238
1.997143
2.001702
1.988946
1.983606
1.981279
1.993692
2.004600
1.996731
1.993522
1.999591
2.001215
2.000001
2.000448
2.009804
2.028733
2.030295
2.023121
2.037553
2.006181
2.006269
2.018028
2.031666
2.021956
2.004271
2.009116
2.018335
2.021769
2.032029
2.025699
2.003858
1.994504
1.997912
1.994941
2.009991
2.005721
2.009763
1.997197
2.001831
1.991118
1.989291
1.986867
2.002631
1.998123
2.001880
1.937565
1.973382
1.974091
1.953514
1.994871
1.989740
2.017033
1.993052
2.004446
2.007709
2.001504
1.993241
1.967133
1.999152
2.003591
2.038440
2.015376
2.010922
2.027800
1.994781
1.987963
1.976783
1.998333
2.005233
2.001886
1.982431
1.982201
1.999946
1.995136
2.002476
2.006409
1.999212
1.992644
1.957951
2.000656
2.008632
1.942728
1.979792
1.976889
1.951488
1.993421
1.987485
2.009550
1.980714
1.996590
2.006311
2.004145
1.998469
1.973537
2.007939
2.004800
2.027484
2.016681
2.011668
2.024577
1.994334
1.986220
1.982325
1.998244
2.005161
2.003418
1.982708
1.983758
2.004533
1.994539
2.000938
2.000256
1.997141
1.992007
1.958427
1.998324
2.004042
2.010005
1.988467
1.986527
1.985861
2.007524
1.991253
1.981480
1.988865
1.999778
2.010119
2.006800
2.008292
1.970801
2.010915
2.015626
2.017769
1.984992
1.995469
2.000623
2.017424
2.011226
1.991444
1.993122
1.983094
1.977347
2.000067
1.990849
1.978110
2.007329
2.015235
2.020446
2.009322
2.001112
2.001728
1.992710
1.999114
1.997087
1.977703
1.979234
1.975602
2.006492
1.989397
1.978745
1.986692
1.998372
2.020010
2.008738
2.007667
1.973581
2.012974
2.019296
2.020205
1.982742
1.992424
1.994569
2.013314
2.008163
1.993601
1.992478
1.982428
1.977118
1.998682
1.987501
1.977603
2.005900
2.013896
2.019641
2.008492
2.000273
2.000413
1.994539
2.001134
2.024585
2.027256
2.023638
2.007234
2.012251
2.014383
2.033144
2.046584
2.031828
2.013713
2.003421
2.001817
2.006382
1.979202
1.989130
2.002579
2.001150
1.998416
2.021179
2.023450
2.013790
2.005997
2.013775
2.026255
2.023533
2.018065
2.010629
1.992354
2.006634
2.003122
2.003773
2.038036
2.024637
2.010107
1.998328
2.004010
2.040468
2.035141
2.019814
2.008578
2.009474
2.008463
2.018092
2.037470
2.025830
2.015280
2.009398
2.007276
2.017964
1.997167
2.002322
2.009984
2.000738
1.998390
2.020975
2.024619
2.016944
2.005375
2.014453
2.027475
2.022590
2.017464
2.011118
1.995712
2.006270
2.002114
2.006266
2.038016
2.024139
2.008099
2.006794
2.013443
2.017531
1.988830
1.997884
1.990132
1.995234
1.994741
2.005113
2.008067
2.001832
1.984069
1.985309
1.984174
1.967160
1.966189
1.967435
1.990271
2.002703
1.994612
2.009961
1.990421
2.003055
2.001854
1.998426
2.011829
2.018560
1.995686
1.994337
2.004042
2.005604
2.009153
2.004404
1.987645
2.005591
2.014091
2.008148
2.014049
2.034387
2.009233
2.006342
1.988113
1.994668
1.995104
2.011613
2.014806
2.004578
1.989594
1.985386
1.984074
1.968484
1.970621
1.968214
1.989414
2.003168
1.994964
2.019556
2.000667
2.010806
2.005258
1.999310
2.014075
2.022998
2.002839
2.000518
2.010986
2.004138
2.007626
2.001297
1.984273
2.003456
2.012200
2.017247
2.031070
2.042512
2.055526
2.043548
2.063329
2.011105
2.010814
2.015382
2.013695
1.999575
1.987496
2.009068
2.017966
2.025093
1.989362
1.990933
1.987719
2.003966
2.009448
2.009296
2.026835
2.029640
2.022084
2.017158
2.020266
2.020082
2.014796
2.017027
2.010760
2.025297
2.036091
2.076650
2.058863
2.042527
2.019830
2.013191
2.025719
2.037810
2.042338
2.035632
2.059091
2.008452
2.008314
2.004491
2.009380
1.995953
1.986188
2.009568
2.016534
2.029552
2.009780
2.004223
1.989351
2.004014
2.008940
2.007869
2.029522
2.033882
2.022804
2.019468
2.022197
2.025408
2.016538
2.015379
2.008855
2.024352
2.034065
2.071260
2.053188
2.038245
2.016050
2.011017
2.015574
2.005889
2.034267
2.021676
2.008667
2.009504
2.022136
2.015523
2.023797
2.013049
2.001766
2.004853
2.008625
2.017266
2.012577
2.005958
2.008574
1.988975
1.987049
1.981164
1.986648
1.989499
1.967498
2.002764
2.019337
2.008784
2.026561
2.019467
2.014188
2.014011
2.015491
2.004979
2.019145
2.013114
2.015439
2.005755
2.009473
2.009465
2.027721
2.017747
2.010036
2.006063
2.018710
2.016353
2.027325
2.021378
2.017251
2.004894
2.008044
2.011376
2.005280
1.999371
2.001441
1.988887
1.988525
1.984007
1.986759
1.992390
1.975819
2.001819
2.018620
2.005082
2.023070
2.018836
2.018565
2.012834
2.013783
1.999161
2.011655
2.008227
2.011094
1.995534
2.005264
2.037882
2.009958
2.002715
2.009250
2.012981
2.011414
2.024695
2.019759
2.011946
2.039849
2.003071
2.007154
2.005999
2.016952
2.005045
2.029939
1.982336
1.984493
1.966227
1.969875
1.976940
1.992219
1.981787
1.996965
2.005523
2.022281
2.023580
2.021256
2.023651
2.022622
2.038994
2.037323
2.028340
2.015475
1.991664
2.001419
2.013359
1.989693
1.986699
2.010655
2.009924
2.009172
2.021636
2.014114
2.010876
2.039432
2.002661
2.007319
2.005134
2.023521
2.012331
2.035103
1.983459
1.986792
1.968949
1.969597
1.978337
1.993494
1.980208
1.994116
2.000849
2.015906
2.019698
2.019165
2.023789
2.022309
2.039097
2.038293
2.030565
2.016201
1.993564
1.991031
1.977350
1.996947
1.977735
1.992949
1.997351
2.005611
2.019297
1.989348
1.979945
1.991158
2.003114
2.007801
2.004212
1.995789
1.986412
1.979298
1.998696
2.005900
1.996191
1.987884
1.990665
2.004970
1.981083
1.988307
1.962655
1.962769
1.979143
1.981579
1.997609
2.010248
2.021455
2.002884
1.997034
1.995170
1.997928
1.996270
1.982888
1.993512
1.974240
1.990774
1.998079
2.007614
2.022949
2.006824
2.000994
2.005029
2.002937
2.009022
2.009340
1.999112
1.998261
2.001317
1.998999
2.007428
1.995837
1.991838
1.992500
2.006862
1.980455
1.987586
1.962195
1.965187
1.981554
1.987085
1.996998
2.009611
2.019754
2.000470
1.996781
1.997123
2.011533
2.014444
2.011762
1.990487
2.005706
2.031591
2.018681
2.007222
2.001466
2.026043
2.007163
1.991118
1.989413
1.998172
1.984217
1.999376
1.989391
1.969673
2.002542
2.022212
2.040101
2.041957
2.020436
1.997631
1.994963
1.987618
1.987843
1.943567
1.954567
1.951882
2.003293
2.007089
2.035583
2.015371
2.023357
2.014324
2.008705
2.007185
2.004835
1.987817
1.998709
2.019018
2.018074
2.007447
2.001954
2.016971
2.001984
1.986347
1.990037
1.997923
1.984180
2.002783
1.991098
1.971360
2.003102
2.022358
2.043386
2.039521
2.021006
2.000277
1.996856
1.993752
2.001201
1.956297
1.959831
1.950707
2.002970
2.006751
2.035140
2.012436
2.018985
2.011419
1.996945
2.011708
2.013572
2.019045
2.013477
2.024060
2.010639
1.996051
1.975217
1.978438
1.989021
1.993406
1.986570
1.983461
1.963970
2.003128
2.001296
1.987231
2.001651
2.008366
2.014358
1.992951
2.004702
2.012763
2.012736
2.012137
2.004760
1.985936
1.987856
1.999832
1.988611
1.984219
1.975237
1.991377
1.986686
1.989940
1.996507
2.009171
2.007975
2.004117
1.996313
2.004524
2.010411
1.995803
1.977632
1.979950
1.990996
1.989856
1.985852
1.983639
1.962958
1.998910
1.995927
1.986532
2.002001
2.007733
2.010883
1.994910
2.005679
2.012892
2.011748
2.010937
2.003999
1.985031
1.988408
2.004644
1.988497
1.984081
1.974809
1.990583
1.985327
1.989878
2.007291
2.015916
2.016953
2.012660
2.015766
2.015068
2.006367
2.014612
2.016510
2.004171
1.996051
2.003468
1.996318
1.999820
2.007521
2.001445
1.999022
1.998954
2.014602
2.019148
2.029884
2.001537
2.000025
1.976231
2.002355
2.006140
1.999218
1.990802
1.990561
1.981858
2.007256
2.005486
1.977034
1.998684
2.001158
2.009674
2.002230
2.008107
2.003406
2.002908
2.008468
2.002137
2.001237
2.008085
2.004820
2.006649
2.000350
2.007950
1.998232
2.005301
2.018629
2.015137
2.009872
2.010160
2.015250
2.021704
2.030153
2.001456
2.003383
1.982620
1.999881
2.005727
2.000070
1.994508
1.993983
1.984648
2.007505
2.004731
1.976749
1.997228
2.000159
2.009552
2.009559
2.021450
2.028266
2.008728
2.024691
2.021975
2.009234
2.012412
2.013830
2.031811
2.014914
2.029672
2.000513
2.005495
2.020740
1.990852
1.994564
1.960980
2.002151
2.019253
2.035258
2.056403
2.023895
1.989309
1.995206
1.989800
1.990622
1.992325
1.980500
1.955725
1.990079
1.997191
1.977649
2.000333
1.990198
2.015873
2.007785
2.022988
2.020633
2.003345
2.010399
2.001663
2.006919
2.008373
2.007438
2.030174
2.014813
2.025449
2.000964
2.007145
2.019434
1.995764
1.998693
1.965417
1.994275
2.009590
2.018923
2.039653
2.011446
1.980601
1.994844
1.986923
1.993916
1.996648
1.981017
1.952737
1.989593
1.996814
1.975653
1.999252
1.990847
2.014000
2.003800
1.999408
2.001015
2.015474
2.006684
1.990660
2.011528
2.020584
2.042975
1.972778
1.988917
2.004801
2.006729
2.004408
2.000637
1.976915
1.996483
1.968509
1.998011
2.007052
2.014085
2.037805
2.024348
1.997827
1.999187
2.001333
2.000301
2.026992
2.014796
1.979335
1.990217
1.991853
1.966453
1.973005
1.984958
1.981358
2.006572
2.003524
2.007544
2.012193
2.008520
1.992759
2.007547
2.013879
2.040783
1.979394
1.992891
2.017907
2.009397
2.008728
2.001531
1.979163
1.995002
1.962960
1.996061
2.004842
2.009221
2.035205
2.023686
2.003391
1.999784
2.000587
1.998151
2.028109
2.013342
1.977176
1.989786
1.990559
1.965633
1.972842
1.985897
1.986405
2.007116
2.011639
2.023006
2.040947
2.034271
2.031507
1.998563
1.993316
1.984954
1.970518
1.975787
1.983016
1.989917
1.979132
1.975817
1.981071
1.981017
1.960927
2.004195
2.012836
2.018310
2.011347
2.018075
1.993293
2.000624
2.014889
2.041072
2.033843
2.032861
2.038977
1.994529
1.985036
1.972432
2.002805
2.002971
1.992917
2.003088
2.009376
2.013087
2.041316
2.031171
2.025709
2.000827
1.997879
1.989486
1.973145
1.976541
1.980239
1.989885
1.978080
1.974555
1.985075
1.983747
1.960787
2.004954
2.013088
2.017815
2.009983
2.014017
1.990436
1.999279
2.011330
2.031741
2.026383
2.025838
2.031831
1.995087
1.985040
1.972250
2.003054
2.003131
1.998116
2.003702
1.995801
2.002675
1.999607
2.004279
2.001109
2.003701
2.014486
2.028080
2.022790
2.012155
2.018967
2.020952
2.013900
1.998528
2.015394
2.000353
2.003816
2.010938
1.998153
2.018766
1.999179
1.999200
2.005543
2.010473
2.018475
2.027376
2.030139
2.020816
2.009807
1.992732
1.992832
1.966840
1.953709
1.962124
1.966390
2.003525
1.995513
1.994080
1.999483
2.000503
1.998859
1.999741
2.007617
2.016487
2.027657
2.011721
2.016899
2.019842
2.010128
1.992303
2.011669
2.001473
2.004524
2.012449
2.000252
2.021161
1.999690
1.999819
2.008398
2.010328
2.018583
2.023963
2.029354
2.018706
2.008912
1.991825
1.992589
1.966053
1.954493
1.961558
1.967065
1.997067
2.000634
1.941023
1.977538
1.977161
1.952832
2.002073
2.005824
1.971870
1.990129
1.999511
2.008309
2.002920
2.005095
1.965858
1.969483
1.973874
1.964975
2.004705
2.004705
2.012143
1.974278
1.974055
1.973232
1.983090
1.986221
1.988377
1.987756
1.980301
1.995320
2.009108
2.002454
2.007908
2.013367
2.007514
1.998531
1.999599
2.007348
1.946334
1.984403
1.979875
1.951863
2.004279
2.012408
1.981691
1.994292
2.000924
2.010170
2.000200
2.000728
1.957431
1.961494
1.968896
1.967718
2.006824
2.008361
2.017505
1.973440
1.975275
1.978376
1.982173
1.986295
1.988335
1.986833
1.979474
1.995371
2.010609
2.005593
2.015083
2.015951
2.008225
2.000640
1.998086
2.003533
2.010472
1.990668
1.987232
1.982776
2.004916
2.019836
2.008885
2.019906
1.996955
1.972977
1.995244
1.989535
1.991474
1.976879
1.985319
2.004144
1.999492
1.999163
2.007276
2.013329
1.999346
2.003865
2.011937
2.023984
2.017484
2.003702
2.002541
2.023165
1.990800
2.010188
2.016135
2.007236
1.989733
2.002349
1.992472
1.998493
1.997554
1.980336
1.981306
1.972847
2.008315
2.026691
2.021070
2.028815
2.000821
1.980362
1.995022
1.989566
1.993607
1.981898
1.987780
2.000473
1.997786
1.997065
1.999590
2.007863
1.992929
1.999205
2.010831
2.022468
2.018262
2.003767
2.004301
2.024375
1.990001
2.007993
2.012398
2.003125
1.987355
2.001825
1.993835
2.000656
2.024344
2.026099
2.022368
2.005883
1.993452
2.000422
2.003168
1.996858
1.988889
1.978490
1.995584
2.004058
2.018173
1.968879
1.966608
1.973044
2.000849
2.006384
1.996423
1.995065
1.988225
1.985712
2.010716
2.019969
2.025240
2.019989
2.022128
2.022811
2.008909
2.018417
1.997587
2.006699
1.993950
2.000235
1.997624
2.003532
2.040227
2.033984
2.018683
2.007227
1.994145
2.000487
2.012392
2.002743
1.993991
1.993568
1.997533
2.005466
2.022007
1.979441
1.973226
1.973978
2.001049
2.007756
1.994557
2.001322
1.991820
1.986314
2.009289
2.019241
2.023882
2.015992
2.019185
2.018295
2.007533
2.016283
1.995271
1.999415
1.987475
1.993550
2.008094
2.014548
2.018874
1.988869
1.996788
1.988097
1.991020
1.997442
1.993298
1.995911
2.006248
2.014604
2.012027
2.004297
1.984107
2.010374
2.011901
2.019501
2.002744
2.008479
2.005705
2.011902
2.027852
2.018522
1.994695
1.998448
1.995495
1.998193
2.004315
2.014365
2.002433
2.015803
2.036413
2.038152
2.026198
2.030866
2.009487
2.014956
2.035812
2.010274
2.005312
1.987248
1.988437
1.994918
1.991650
1.989237
2.004341
2.016635
2.013273
2.006852
1.990369
2.016469
2.017670
2.024928
2.003098
2.009948
2.008719
2.016695
2.030117
2.019078
1.993920
1.997859
1.996897
1.995933
2.001331
2.008261
2.002433
2.016025
2.035887
2.038011
2.027502
2.031510
2.017148
2.029996
2.039747
2.053002
2.041427
2.062461
2.011930
2.018421
2.025612
2.034535
2.018630
2.029665
1.984175
1.986932
1.993470
2.003584
1.998863
2.011455
2.036214
2.035179
2.043955
2.033009
2.011205
1.977836
1.986489
1.995366
1.979512
1.993012
1.977165
1.993319
1.993546
2.007612
2.020546
2.036627
2.023725
2.008829
2.012873
2.024242
2.034788
2.039681
2.033574
2.058008
2.008305
2.015651
2.024288
2.026889
2.015422
2.025523
1.982061
1.983853
1.988728
2.001501
1.999267
2.009875
2.034143
2.030738
2.031785
2.024900
2.007766
1.980170
1.986881
1.994828
1.979131
1.993384
1.979053
1.992206
1.994445
2.008012
2.022750
2.034616
2.023045
2.004556
2.011827
2.016009
2.005036
2.027162
2.014334
2.003789
2.000527
2.001336
1.997021
2.025419
2.014211
2.019546
2.014477
2.014561
1.979431
1.974903
1.972759
1.964450
2.008247
2.004271
2.011013
2.022899
2.007009
2.005352
2.007803
2.017777
2.035388
2.011223
2.005142
1.987627
1.981523
1.983702
1.983309
2.025575
2.026533
2.023102
2.006747
2.009649
2.010355
2.023214
2.013071
2.007435
2.002449
2.002522
1.991635
2.015361
2.010500
2.015923
2.015243
2.013039
1.982007
1.976486
1.977206
1.969549
2.006199
2.002286
2.008838
2.016449
2.003327
1.994764
2.005515
2.015470
2.034520
2.008228
2.001599
1.981297
1.980782
1.982486
1.981247
2.022102
2.023217
2.021106
1.995813
2.004674
2.037113
2.012049
2.004349
2.010002
2.022434
2.020300
2.009134
2.013490
2.011017
1.988837
2.001467
2.002506
1.979557
2.007197
2.016112
2.020611
1.994836
1.992151
2.001088
1.986453
1.987179
1.999705
2.008138
2.010186
1.997010
1.985223
1.984744
1.989460
2.009356
2.013690
2.025997
2.040311
2.025952
2.014201
1.991943
2.000828
2.012643
1.991869
1.988333
2.011356
2.020773
2.015434
2.004664
2.010976
2.010882
1.988394
2.002765
2.003378
1.977085
2.007460
2.015457
2.017077
1.994358
1.992317
2.003810
1.983842
1.984654
1.999351
2.005898
2.007193
1.991399
1.978483
1.977432
1.984941
2.008468
2.012768
2.023030
2.029757
2.016342
2.008506
1.992471
1.990227
1.978444
1.999485
1.979534
1.993238
1.993478
2.001770
2.022824
1.973501
1.972978
1.984499
2.003981
2.001264
2.010140
1.984466
1.993658
1.998636
2.003215
2.010143
2.021703
2.016058
2.005715
1.989725
2.009449
2.021782
2.028755
2.035728
2.017639
2.010562
2.009502
2.011079
2.001232
1.982792
1.988777
1.992082
1.996835
1.995561
1.983982
1.996049
1.976040
1.991062
1.989950
1.999716
2.018930
1.969628
1.967617
1.979227
2.005235
2.004187
2.018468
1.993047
2.004408
2.012078
2.005443
2.011872
2.023465
2.021471
2.010496
1.995107
2.009800
2.023402
2.032391
2.037842
2.020450
2.013432
2.008717
2.008224
1.995134
1.978840
1.986710
1.993018
2.012040
2.015004
2.012132
1.990643
2.006319
2.032753
2.007568
1.998939
2.018971
2.034301
2.015688
2.004913
1.989034
1.991018
1.991810
1.977907
1.973614
1.968391
1.996586
2.018051
2.028115
2.009506
2.014280
2.030514
2.002126
2.010127
2.030029
2.019765
2.013132
1.995324
2.005027
2.007225
2.020513
2.011090
2.012866
2.008621
2.009212
2.007745
2.005205
1.987974
1.999313
2.020180
2.003948
1.996074
2.020462
2.031653
2.013320
1.997606
1.988410
1.992399
1.992389
1.987210
1.981570
1.979524
1.994293
2.016014
2.032597
2.013407
2.018724
2.032350
2.001297
2.007890
2.025604
2.016602
2.011715
1.998073
2.006570
2.009118
2.021365
2.015960
2.017204
2.015489
