2.012536
2.005210
1.997007
1.988336
1.998018
2.019480
1.997517
1.985790
1.961391
1.981687
1.983742
1.974686
2.012230
2.005616
1.999134
1.988623
1.998382
2.016919
1.998043
1.986181
1.962613
1.982501
1.985385
1.975359
1.992720
1.992716
2.006746
1.991489
1.993396
2.018932
2.013120
2.010839
2.040037
1.982059
1.984083
2.017117
1.993311
1.993800
2.006654
1.994829
1.996513
2.020665
2.012772
2.010387
2.039448
1.982031
1.983671
2.015462
1.995351
1.992043
2.006779
1.984991
1.989455
1.989844
1.990903
1.984364
1.966046
1.987107
2.000687
1.998544
1.995129
1.992039
2.004922
1.982707
1.988783
1.988578
1.991005
1.984089
1.964929
1.985854
2.000382
1.998303
2.000706
2.015379
2.007939
2.001923
1.989415
1.996265
2.012561
2.010996
2.016232
2.007313
2.020210
2.017856
1.999771
2.014789
2.007066
2.002548
1.991174
1.998260
2.011860
2.009255
2.014401
2.006633
2.020489
2.017816
1.999031
2.009676
2.014043
2.043000
2.032883
1.990449
2.002180
2.010297
2.041513
2.020512
2.020515
2.027858
1.999031
2.009903
2.014032
2.042322
2.032765
1.991246
2.003012
2.010878
2.042926
2.021336
2.022409
2.029922
1.992641
1.992511
1.951697
1.982774
1.983899
1.983081
2.009649
2.025629
2.032263
2.017404
1.999606
1.987333
1.992823
1.992550
1.950985
1.981809
1.983257
1.983249
2.009649
2.025690
2.032310
2.017562
1.999526
1.987046
1.998396
2.007380
2.009105
1.977330
1.976537
2.005583
2.007048
2.003992
2.002047
2.025796
2.022825
2.010942
1.998035
2.006645
2.009167
1.980039
1.977480
2.005052
2.005830
2.003803
2.002420
2.026027
2.022600
2.011254
2.000740
2.011528
2.033622
2.026412
2.028133
2.015536
2.000634
1.997721
2.003821
2.005929
2.032328
2.028245
2.001433
2.012805
2.035087
2.028603
2.030428
2.020688
2.000353
1.997580
2.003806
2.005885
2.031852
2.028455
2.010755
2.017508
2.012614
2.004226
1.999789
2.008797
2.007877
2.000234
1.998440
2.004984
2.012602
1.992867
2.009509
2.015508
2.006805
2.003821
1.999730
2.012603
2.007194
2.000293
1.998188
2.006016
2.013613
1.992618
1.991703
2.001697
1.990708
1.990210
1.990826
1.988587
2.006930
1.993914
2.003296
1.990468
1.979266
1.953128
1.991871
2.002046
1.990739
1.988869
1.990342
1.988222
2.006930
1.994165
2.003348
1.990832
1.979928
1.953095
2.002895
2.003945
2.005640
1.994787
1.993412
1.996022
1.998168
2.000879
1.999446
1.997114
2.001687
1.995942
2.002935
2.003787
2.005340
1.991536
1.990855
1.992818
1.998420
2.001220
2.000911
2.000434
2.003356
1.996340
2.003153
1.998184
1.984562
2.002342
2.011271
1.986122
1.992159
1.982082
1.976123
1.971146
1.992514
2.005046
2.003238
1.999045
1.983253
1.998792
2.009326
1.988943
1.992695
1.982469
1.976949
1.972197
1.992890
2.005560
2.007999
2.010634
1.967562
2.007118
2.016697
1.999336
2.011711
2.025168
2.047210
2.043939
2.038737
1.991375
2.007999
2.010252
1.966564
2.008157
2.017776
1.998831
2.011461
2.024981
2.047786
2.046513
2.041173
1.994411
2.000406
1.995393
1.991322
2.001610
2.002101
2.010197
2.014752
2.026239
2.045381
2.020052
2.017770
2.000740
2.000247
1.995104
1.990411
2.002912
2.004770
2.013151
2.014209
2.025315
2.043043
2.013307
2.012380
1.998536
1.995569
1.992238
1.987799
1.978710
1.979199
1.976180
1.970747
1.974695
1.974862
1.973460
1.972716
1.988770
1.995385
1.992138
1.987682
1.977868
1.978718
1.975653
1.970598
1.974534
1.974969
1.973408
1.972677
1.988487
1.995548
2.004849
2.016473
2.003180
1.985592
1.980317
1.999085
2.014229
1.991903
1.995015
1.995609
2.025396
1.994795
2.003633
2.016455
2.002142
1.983502
1.978169
1.999085
2.014229
1.991864
1.995150
1.995706
2.025256
2.015691
2.016351
2.017530
2.038760
2.025968
1.995448
2.009051
2.019107
2.025155
2.013792
1.999954
1.987178
2.015573
2.015614
2.017441
2.039520
2.027736
1.999952
2.009047
2.019601
2.024926
2.013677
1.999670
1.986953
2.003022
2.008005
1.998266
1.996607
1.997921
1.990886
1.999845
2.009369
1.998882
1.974024
1.988009
2.006048
2.002647
2.007231
1.994249
1.992621
1.993687
1.988854
1.999554
2.009066
1.998000
1.975154
1.989000
2.007034
2.014054
2.025423
2.048249
2.036800
2.020909
2.028013
2.010104
2.021991
2.007290
2.008587
2.002571
2.011585
2.014622
2.027132
2.047174
2.034998
2.018491
2.028831
2.009477
2.021605
2.005348
2.007436
2.000567
2.011110
2.005689
2.008149
1.991331
1.987634
1.990864
1.994711
1.996224
2.000066
2.018887
2.004450
1.988155
2.006918
2.005285
2.007335
1.990412
1.986815
1.991152
1.995338
1.996425
2.000086
2.018887
2.004752
1.988430
2.006007
2.018625
2.014894
2.032284
2.033345
2.014565
1.974036
2.007876
2.016736
2.022339
2.021614
2.042018
2.023945
2.020023
2.016658
2.030189
2.030390
2.010760
1.974454
2.007876
2.016736
2.022347
2.022313
2.042600
2.025474
1.988442
1.990550
1.969433
1.972758
1.989646
2.011220
1.977175
1.981708
1.971278
1.967933
1.972005
1.972344
1.988766
1.991211
1.970871
1.974721
1.989951
2.010980
1.976623
1.980887
1.969856
1.966909
1.972895
1.971860
1.998983
2.006170
2.006079
2.005402
1.990386
1.984052
1.997260
2.000501
2.010070
2.022061
2.013918
2.008324
1.999304
2.006170
2.006086
2.005893
1.991106
1.980075
1.997260
2.000554
2.010070
2.022955
2.013693
2.007548
1.996587
2.001460
2.022514
2.004476
1.996863
1.986196
1.991900
1.989578
1.976303
1.971877
1.976997
2.009489
1.996679
2.001647
2.023009
2.004372
1.996066
1.984380
1.992152
1.989443
1.976303
1.971826
1.976997
2.009476
2.009318
2.001827
1.984794
2.004251
2.003593
1.999376
2.002470
1.996082
1.977071
1.946486
1.961432
1.959362
2.009182
2.001957
1.984181
2.004988
2.004225
2.001476
2.002853
1.996748
1.979462
1.949800
1.963001
1.958606
2.005147
2.005702
2.045459
2.041099
2.032292
2.025649
2.000961
2.000482
1.996279
2.007195
1.993659
1.991215
2.005147
2.005668
2.045459
2.041433
2.030780
2.023469
2.001225
2.001014
1.996764
2.007035
1.993755
1.991460
1.996029
1.994644
1.958002
1.999453
2.017688
2.043290
1.995176
1.994339
1.957642
1.970684
1.992861
2.026121
1.995840
1.993999
1.958587
1.999435
2.017226
2.043932
1.994711
1.993873
1.954434
1.963228
1.987353
2.021618
1.990752
1.989736
2.001572
2.010423
2.002670
1.996154
1.998551
1.998912
1.992820
2.004137
2.007503
2.013526
1.990259
1.989647
2.002080
2.009382
2.001111
1.991609
1.998957
1.999167
1.992527
2.003337
2.006915
2.014414
1.992266
1.994851
1.997149
1.999258
1.997843
1.975840
2.004413
1.999098
1.984268
1.985846
1.984533
1.991390
1.993931
1.998268
2.005212
2.006164
2.003262
1.980574
2.004413
1.999339
1.985327
1.986621
1.985340
1.991836
1.993244
1.988105
1.979761
2.011787
2.009360
2.005968
1.989108
1.988857
1.978829
1.994524
1.992392
1.981359
1.993514
1.988459
1.981193
2.015239
2.012557
2.006470
1.989108
1.988857
1.978829
1.994597
1.991757
1.979838
2.008879
2.012007
1.992809
1.977770
1.974586
1.977616
1.983697
1.986644
1.984702
1.996145
1.989415
1.997650
2.008636
2.011569
1.990853
1.974243
1.971126
1.980517
1.984348
1.987143
1.985359
1.996121
1.989711
1.998091
2.012625
2.007218
2.031601
2.029552
2.025070
2.003590
2.012371
2.026179
2.008487
1.996255
2.003991
1.994696
2.012903
2.007270
2.032052
2.032717
2.027412
2.005387
2.012371
2.026432
2.009135
1.996763
2.003799
1.995606
2.011567
2.015068
2.030450
2.041150
2.041541
2.035202
1.985016
1.977069
1.964985
1.948104
1.953446
1.971075
2.012463
2.015693
2.031237
2.043561
2.043985
2.035745
1.985761
1.977485
1.964328
1.945585
1.952436
1.971924
2.002273
2.009668
2.001321
1.989721
1.995932
1.988568
2.015508
2.010551
2.030741
2.029928
2.013395
1.990744
2.002749
2.010881
2.001640
1.992109
1.994747
1.987491
2.013656
2.008764
2.030906
2.032106
2.015777
1.991464
2.016062
2.008785
2.001967
2.020454
2.020182
2.010184
2.004386
2.013860
2.002647
2.016126
2.004919
2.010927
2.015315
2.006708
1.998883
2.020169
2.021108
2.010113
2.004386
2.013860
2.003040
2.015561
2.003690
2.016021
2.010389
2.018157
2.045742
2.040781
2.019335
2.006964
1.998484
2.002539
1.985528
2.005195
1.998567
2.033445
2.009655
2.017733
2.045553
2.040787
2.018936
2.006098
1.998484
2.002536
1.985499
2.005803
1.999437
2.034772
2.014580
2.017328
2.013884
2.014919
2.016763
1.996185
2.004558
2.002170
2.006756
1.974937
1.985043
1.999929
2.013614
2.016168
2.006357
2.008361
2.014419
1.999773
2.004558
2.002170
2.006756
1.974823
1.984915
2.000140
1.978073
1.983511
1.975869
1.993667
1.997286
2.000956
1.996881
1.998657
2.013075
2.042233
2.044650
2.047865
1.976128
1.979137
1.966748
1.985336
1.993462
1.999087
1.996704
1.998599
2.013381
2.042539
2.044741
2.047540
1.987720
1.994685
1.994163
1.998163
1.997854
2.004527
2.021841
2.025659
2.043482
2.021395
2.010102
1.989886
1.987058
1.994407
1.994709
1.997664
1.998526
2.003278
2.021841
2.025659
2.043091
2.021245
2.009364
1.989088
2.011195
2.016832
2.065193
2.039573
2.039322
2.040482
1.999893
2.000415
1.971061
2.002428
1.997529
2.021031
2.011667
2.017541
2.065200
2.038578
2.038489
2.039686
1.999817
2.000283
1.971402
2.002808
1.997835
2.021621
