2.015856
2.017390
1.979169
1.954297
2.004719
2.003856
2.004482
1.990306
1.992968
1.996072
2.001222
1.989267
1.997469
2.008022
2.002711
2.030368
1.993030
2.006322
2.027326
2.003330
2.002920
2.008657
1.964154
1.979549
2.007761
2.018422
2.007977
2.007572
1.980240
1.977594
1.990918
2.007777
1.987570
1.996576
2.003328
2.023194
1.994300
1.986313
1.968546
1.979647
2.010521
2.012186
2.040589
2.049096
1.984383
1.979017
1.960059
1.976775
1.992580
1.986927
1.987263
1.984634
1.992449
1.992676
1.993307
1.973453
1.987046
1.990288
1.992548
1.994149
1.994320
1.984750
1.995971
2.022237
2.014975
2.018109
2.022907
2.002677
1.996804
2.001945
2.021522
2.020176
2.006482
2.014372
2.004809
1.987490
1.984093
1.988497
1.998859
2.009091
1.994127
1.994719
2.000382
1.987480
1.997631
1.993133
1.950364
1.962633
1.996636
1.993752
2.006071
1.990270
1.994900
1.985125
1.959650
1.989724
1.994200
1.987245
2.003438
2.000842
1.998052
1.979031
1.978819
1.990418
2.016137
2.009485
2.007755
2.001427
2.013354
2.009901
2.016626
2.020772
1.987081
1.991959
1.984587
1.996310
1.989784
1.986376
1.992685
2.010158
1.995726
1.988915
2.003384
1.985496
2.000184
1.996357
2.012320
1.990092
1.997195
1.984933
2.021754
2.019064
2.011499
2.016262
2.018603
1.995982
2.000648
1.994567
2.038125
1.995945
2.008571
1.998411
1.978200
1.978012
2.013658
2.020242
2.034947
2.010712
1.999000
1.993843
1.959325
1.961569
2.016136
2.017393
2.030684
2.043138
1.991749
1.982450
1.977443
1.971519
2.008493
2.016202
2.005681
1.996649
1.993272
2.003725
2.028463
2.009976
1.988897
1.997639
1.982749
1.982935
1.983058
1.989897
1.972193
1.977490
1.997720
2.003309
2.000773
1.994851
2.003570
2.000964
2.001170
2.022539
2.013203
2.017610
2.033260
2.033708
2.003471
2.014133
2.028635
1.998767
2.017254
2.023858
2.018977
2.024300
2.019836
2.031763
2.027679
2.023498
1.995000
2.015235
2.024878
2.015595
1.987509
1.981792
1.985075
2.016949
1.998150
2.006942
1.956970
1.963193
2.003068
2.013610
2.027837
1.991352
1.994434
1.991713
2.003411
2.030386
2.004271
2.011507
2.000475
1.980721
2.004042
2.001531
1.971127
2.003330
2.003133
2.005830
2.008498
2.019133
2.001529
1.998884
2.008576
1.988546
1.999954
2.000070
2.018549
2.024253
2.018763
2.019394
2.017135
2.005358
1.995992
1.995568
2.022525
2.007291
1.989979
1.996597
2.006747
2.017759
1.995102
2.002804
1.988454
2.016317
1.989583
1.973068
1.977285
2.004364
1.995634
1.987843
1.976925
1.965475
1.992328
1.987766
1.976603
1.995581
2.006132
2.003801
2.020307
2.000739
2.006712
2.012259
2.001865
2.005639
1.995160
2.005177
1.999129
2.020468
1.997006
1.994664
1.993508
1.998177
1.995325
1.985553
1.997725
2.003384
2.002684
2.001075
1.993540
1.997133
1.977044
1.991915
1.956839
1.963673
2.009813
2.025662
2.033266
2.022966
2.000491
1.993134
1.995862
1.982964
2.006885
1.999112
2.021009
2.031780
2.004585
2.004579
2.021697
2.029434
1.999279
1.986801
1.979683
1.999896
1.993839
2.002396
2.003344
2.010327
2.009735
1.998212
1.979923
2.012178
2.009459
2.009546
2.008706
1.993068
1.987386
1.968652
1.945009
1.960272
2.004843
2.012627
2.009882
1.995422
1.998857
1.992538
1.978133
1.991580
2.001979
1.997706
2.018803
2.020999
1.982883
1.993975
2.016227
2.019445
2.009524
2.030236
2.034198
2.025950
1.996229
1.997175
2.003404
2.010672
1.999150
1.990609
1.997134
2.000532
2.004312
2.017565
2.034819
1.991587
1.997178
1.999978
1.999985
1.998411
2.006240
2.017505
2.031085
2.008630
1.998946
1.987795
1.980902
2.001985
1.997364
1.997969
2.012736
2.005338
2.011351
2.010346
2.019045
1.971305
2.004354
2.005355
2.044411
2.011653
1.997807
1.994397
1.980318
1.982884
1.996959
2.009803
2.005466
2.010477
1.991966
1.987722
1.978936
1.982043
1.990205
1.981391
1.982176
2.009703
1.985121
1.976402
1.969642
1.954606
1.993352
1.995237
2.004053
2.015046
2.012260
2.009697
2.038599
2.030904
2.018167
2.032466
2.041461
2.043779
1.993463
1.995834
1.996067
2.003875
2.003371
2.005344
2.017078
2.018713
1.993846
2.014496
2.037575
1.995065
2.009485
2.015679
1.997515
1.992535
2.002934
1.988538
1.975818
1.970786
2.002420
2.006987
2.019531
2.010058
1.985439
1.983401
1.983562
2.018583
1.988913
1.991018
2.035849
1.964362
2.008713
2.022511
2.037904
2.047566
1.987581
1.995006
2.003227
1.996733
2.011753
2.014307
2.053812
2.053707
1.996566
2.008611
2.030245
2.030146
1.997573
2.010597
1.998410
1.995545
1.999353
2.004417
1.994882
2.001714
2.005962
2.013559
2.043791
2.027855
2.003956
2.012549
2.018862
2.018393
2.018358
2.029422
2.007091
1.971861
2.003519
2.007067
2.010809
2.010701
2.002930
1.986192
1.965690
1.972083
1.991464
1.994383
2.030100
2.051843
2.007244
2.001540
2.009844
2.014506
2.000840
2.009110
2.034284
2.015748
1.999725
1.997519
1.968357
1.961513
2.002709
2.008070
1.974854
1.967218
2.008339
2.010689
2.014018
2.021232
1.996748
1.986744
1.969772
2.003540
2.003268
1.999097
1.998463
2.010051
2.000274
1.985168
1.982883
1.974739
1.996930
2.001655
1.955582
1.969258
1.994124
2.002445
2.037384
2.024635
1.987752
1.987955
1.964692
1.975721
2.000189
1.990120
1.995879
1.997886
1.983493
1.973269
1.935540
1.950054
1.992310
2.006401
1.998069
2.016122
1.995495
1.988727
1.989087
1.983047
1.984269
1.978150
1.964531
1.984259
1.996264
1.988984
2.012948
1.996553
2.001129
2.009849
1.996088
1.978676
2.005203
2.013603
2.037563
2.004003
2.020682
2.030675
2.038856
2.014480
2.013816
1.998013
2.017076
2.022462
1.981832
1.969499
1.950330
1.975502
1.993724
1.978240
1.963223
1.957644
2.011377
2.016278
2.016351
2.028278
2.001327
1.997679
2.005689
2.008260
1.993387
2.009643
2.031330
2.018030
1.989783
1.999942
2.003054
2.001690
1.988218
1.992700
2.021047
2.020158
2.004495
2.006924
2.015832
1.995518
1.990449
1.992487
1.990220
2.002541
1.982436
1.981383
1.964703
1.963035
2.012232
2.007297
2.010352
2.006303
2.006977
2.008421
2.018755
2.011439
1.979760
1.991474
1.980107
1.996496
1.994832
1.987567
2.004807
1.976644
1.998722
2.007427
1.997711
1.984300
2.006795
2.013623
1.991656
1.984631
1.976052
1.964035
1.963825
1.959505
2.002743
2.011254
2.028910
2.045362
1.996299
2.005335
2.013621
2.005752
2.008638
2.002907
1.996258
2.014043
2.005773
2.003751
1.972217
1.977859
1.994739
2.002972
2.008533
2.018269
1.989213
1.976464
1.974972
2.009664
2.004811
2.004523
2.025460
2.045391
1.995676
2.007473
2.021886
2.008459
2.006507
2.010551
1.990710
1.991690
2.000250
1.995448
1.980162
1.973417
2.010546
2.015395
2.018338
2.010643
2.012450
2.012619
2.014995
2.007545
2.002141
2.014646
2.016688
2.016135
1.992786
1.987738
1.985988
1.972451
1.997546
2.006731
2.007229
1.989539
1.983243
1.979033
1.949105
1.952957
1.975021
1.973759
1.956727
1.942157
1.992854
1.995064
1.997809
1.973490
1.994937
1.981376
1.979303
2.001461
1.997270
1.995558
2.021564
2.030504
2.008356
2.017137
1.997496
1.998999
1.990368
1.985133
1.971138
2.023568
2.003723
2.007508
2.009943
2.013258
2.009707
2.001064
1.994370
1.979197
2.009240
2.006415
2.024585
1.988746
2.004076
2.004712
2.026122
2.008532
2.002631
2.007694
2.002573
1.986056
1.995346
1.998673
1.978742
1.997546
2.026749
2.020501
1.999924
2.009477
1.992829
1.992467
1.965570
2.001195
2.006154
2.009586
2.023017
2.005445
1.997092
1.999553
1.974644
1.999294
1.997859
2.001689
2.015513
2.031052
2.010479
1.997490
1.969337
1.979116
1.999031
2.010497
2.022388
2.023999
2.003900
2.012881
2.018522
2.027222
1.982260
1.984415
1.978452
1.970730
2.002810
2.009275
2.033387
2.028907
1.998538
1.998913
1.986788
1.998965
1.993181
1.986659
1.956202
1.943866
2.001330
1.990004
1.974271
1.995417
2.014164
1.996133
1.968510
1.979632
1.982985
1.988394
1.971389
1.967078
1.991795
2.000785
1.998916
1.964535
2.013719
2.024877
2.031592
2.033239
1.992999
1.987751
1.988696
1.976283
2.017410
2.021678
2.022868
2.042466
2.015437
2.018547
2.012549
1.995296
2.000557
2.001327
1.997705
2.013127
1.989555
1.986257
1.948983
1.973088
2.019517
2.015653
2.023787
2.034070
2.005406
2.004445
2.010085
1.999558
1.996880
1.987584
1.993442
2.001444
2.007166
1.999560
1.992489
1.976520
2.002122
2.014656
2.022676
2.031866
1.985671
1.989538
2.011124
2.016620
2.003708
2.002440
2.024125
1.995944
1.996670
1.980273
1.992661
2.001156
2.004079
2.005337
1.987153
1.985436
1.999628
1.987459
1.999878
2.005331
1.991373
1.990789
2.003977
2.014650
1.987826
1.996598
2.008377
2.004913
1.977132
1.983541
1.976127
1.988214
1.989827
1.982724
1.979951
1.972793
1.999836
1.997797
2.018344
2.003376
2.006259
1.999166
2.024233
2.052237
2.008133
2.015192
2.027733
2.001579
1.994501
1.977953
1.965387
1.968909
2.000933
1.997452
1.991444
1.984609
2.001034
2.015358
1.992722
1.991007
2.000440
1.995865
2.005162
1.979212
1.995047
1.997415
1.964836
2.008877
2.002546
2.012436
1.995526
2.022314
2.013112
2.011150
2.015651
2.017938
2.004897
1.998576
1.992853
1.987249
2.000975
1.988745
1.965109
1.981127
1.993694
2.013275
2.047150
2.014207
2.000230
1.999356
1.993767
1.994042
2.011798
2.005076
2.030548
2.003813
1.989994
1.997238
1.990211
2.008948
2.001614
2.005218
1.993178
2.015635
2.013555
2.009857
2.032696
2.038324
1.996026
1.999016
1.977806
1.972535
1.996504
2.001994
2.007955
2.032384
2.009627
2.014929
2.010673
2.002346
1.991503
1.992231
1.981661
2.002634
1.992989
1.996021
1.992809
1.987734
2.000018
2.000779
1.986113
1.980785
1.998597
2.009677
1.981344
2.008913
2.013570
2.014335
2.024740
2.012762
2.000578
2.007124
1.993968
2.014235
1.998523
2.007446
2.013193
2.011931
2.001220
1.995589
1.997337
2.001299
2.011054
2.004580
1.993140
1.996700
1.992895
2.005030
2.007164
1.994426
1.984493
1.982635
1.998417
1.945814
1.999573
2.012519
2.014171
1.994663
2.001471
1.988088
1.975787
1.987135
1.995530
2.002393
2.014053
2.005172
1.984689
2.002355
2.026204
2.002067
2.005920
1.998600
1.983967
1.991613
1.995178
2.001209
2.024873
2.025952
1.996273
2.008675
2.013640
2.028758
2.010701
2.009715
2.012670
2.000454
2.005334
2.007237
2.009445
2.018071
1.997897
1.996201
2.017899
2.004971
2.016045
2.008047
2.025663
1.995267
2.006160
2.008329
2.007491
2.032733
1.998776
2.000270
1.996231
1.968633
2.005041
1.996172
1.997949
2.017166
1.988512
1.992404
1.958782
1.994464
2.004555
1.997212
2.008388
2.011437
1.999297
2.000748
1.982810
1.993068
1.993564
1.988293
1.960652
1.984423
1.998454
2.003755
2.027864
2.007087
1.991716
1.999006
2.016917
2.026120
1.993833
1.993123
2.014224
1.993260
2.006972
2.001510
2.001291
2.011263
1.994665
1.990075
2.000549
1.977634
1.999446
2.004745
2.043284
2.028561
1.994914
2.013780
2.026830
1.992867
1.992273
1.997389
1.979675
2.006553
1.997875
1.987335
1.978566
2.009495
1.997114
2.001735
1.997030
2.014604
2.001579
1.999173
2.008221
2.012473
1.999525
1.993995
2.000405
1.984798
1.993537
1.992736
1.990218
1.995023
2.000910
2.000701
1.990492
1.973328
1.994283
1.992892
1.981156
1.982874
1.992434
1.984953
1.999585
1.994659
1.990504
1.979182
1.981085
1.966636
1.981994
1.981490
1.990747
1.994558
2.006865
2.008272
2.006355
2.006785
2.009072
2.006048
2.018262
2.034082
2.002998
2.005592
2.008499
2.006790
1.998456
2.017099
2.003255
1.996119
1.996489
2.008311
1.998792
1.992919
2.001045
2.006568
2.017541
1.994095
1.990804
1.993234
1.992709
1.978114
2.009205
2.003500
2.006791
2.016232
2.002306
2.022394
2.010379
2.024041
1.985156
1.991078
1.974892
1.994940
1.999518
2.000851
2.017450
2.004581
1.999785
1.997853
1.983762
1.999439
2.003033
2.014433
1.998502
1.992257
2.000090
2.001016
1.978813
2.013392
1.999824
1.995410
2.000118
2.000856
1.991174
1.991418
1.990774
2.010269
1.999806
1.994186
1.998899
1.957825
1.992579
1.992771
1.996779
1.996223
1.979066
1.977401
1.998337
2.000024
2.013097
2.017936
2.028303
1.995871
1.978051
1.995209
2.003050
1.977632
2.008834
2.008251
2.001439
2.011434
1.992676
1.991630
1.998406
2.009139
2.005786
2.011293
2.016004
2.006180
2.000992
1.988450
1.962573
2.026461
1.997592
1.990923
2.026975
2.013956
1.987444
1.997719
1.985712
1.992611
1.989612
2.004550
2.026792
2.062017
1.985716
1.995735
2.000577
2.018038
1.985483
1.994299
1.986110
1.996812
2.004149
2.013844
1.997099
2.003090
2.002113
2.001013
2.031040
2.011565
2.005325
2.013067
2.029071
2.016566
2.009055
2.007003
2.001410
1.991471
1.988998
1.993908
1.997251
1.983908
1.986273
1.985814
1.993961
1.984922
2.009426
2.000122
2.010953
1.991470
1.998051
1.996500
1.988615
1.985833
2.002284
2.015080
2.015858
2.035900
2.000329
1.986994
2.021479
2.009212
1.998195
1.997142
1.991085
1.954467
1.998032
2.004393
2.025564
2.023658
1.993012
1.997580
1.986791
1.990586
2.015953
2.028670
2.019787
1.995370
2.010004
2.023982
2.021173
2.004096
2.006922
1.999863
2.007157
1.993652
2.015494
2.011482
2.025018
2.008675
2.008687
2.015500
2.011451
1.994802
1.991035
2.006691
1.986209
2.014793
1.992175
1.992985
1.964678
1.968436
1.986598
1.993021
1.995712
1.971752
2.007437
2.002117
1.975749
1.990188
2.010098
2.006578
1.979055
2.012072
2.012279
2.018829
2.019215
1.999395
2.013739
2.015165
1.992344
2.014526
1.985307
1.990250
1.983170
2.012083
2.017604
2.014157
2.021309
1.974457
1.996788
2.000837
1.988959
1.956752
2.010550
2.012913
1.990843
1.969598
1.997333
1.993106
1.992986
1.975038
2.024410
2.022766
2.012625
2.004462
2.011214
2.000778
2.004465
2.002911
1.999942
2.007338
1.987050
2.022341
1.978005
1.981257
1.979979
2.007328
2.008122
2.017689
2.032804
2.029270
1.989038
1.995728
2.000083
1.969788
1.997478
2.011222
2.022221
2.036322
1.998527
1.999079
2.005689
2.005017
1.992870
1.991677
2.000809
2.030672
1.991817
1.990070
1.989289
2.005846
2.002525
1.996757
2.000364
1.987024
1.998860
1.992906
1.973930
1.986029
2.000146
2.010550
2.011224
2.008079
2.016393
2.005356
2.032062
2.011448
2.019871
2.007255
2.012605
2.036691
2.006185
2.006503
1.999262
2.003483
1.982768
1.978686
2.004027
2.014009
2.004952
2.010226
2.018806
2.011858
2.010604
1.999688
1.988061
1.996725
1.997763
1.993349
1.985637
1.999159
1.996200
2.002569
2.006607
1.992582
2.009584
2.015697
2.023170
2.044043
2.011303
2.004590
2.006114
2.008139
1.997269
2.008067
1.986839
2.001374
2.012040
2.017334
2.017498
1.992780
1.999972
2.004899
1.996555
1.980338
1.993874
2.003017
1.999732
1.985247
2.024963
2.033120
2.029284
2.031190
2.005208
2.015315
2.023239
2.004296
2.007019
2.013756
2.026695
2.036660
1.999798
1.999204
2.007139
1.952690
1.996955
1.995352
2.015669
1.972684
2.016317
2.024212
2.027187
2.019277
2.002642
2.009142
2.011101
1.988714
2.001639
1.997733
1.986664
2.006320
2.009684
2.001801
2.009280
1.969022
1.990442
1.986176
1.983440
1.972547
2.004821
2.016528
2.023088
1.998465
2.003562
2.010547
2.021846
2.024395
2.003654
1.995156
1.980584
1.994521
1.993499
2.010521
2.030677
1.975831
1.995859
1.984010
1.956037
1.963039
1.986788
2.001579
1.993064
1.982590
1.999415
1.980841
1.962110
1.982068
1.999339
1.987342
1.956298
1.966809
