20.078784
20.156845
20.197452
20.029376
20.026353
19.992431
19.906506
19.770779
19.498320
19.782459
19.794704
20.041579
19.827739
19.769553
19.640130
19.616534
19.857953
19.766511
19.907159
19.772859
19.506880
19.806070
19.831859
20.058197
19.846223
19.800562
19.893878
19.798021
19.784620
19.803552
20.055471
19.963043
19.790778
19.692501
19.742972
19.874611
19.804813
19.739979
19.410179
19.082019
19.231847
19.593679
19.833041
19.698133
19.509504
19.849611
19.976270
19.953136
19.810277
19.749215
19.425244
19.154503
19.288316
19.595768
19.845828
19.771203
19.850399
19.883706
19.841859
19.605288
20.068364
19.932220
19.817474
19.567364
19.769311
19.950765
20.069289
20.081696
20.133768
19.880469
19.839202
19.952648
19.846486
19.806257
19.917276
19.853729
19.825398
19.857486
20.060193
20.085496
20.132867
19.944250
19.895760
19.991733
19.902843
19.800627
19.748224
19.775539
19.876377
19.721096
20.004575
19.858169
19.854064
19.782408
19.750455
19.613479
19.831784
19.762376
19.816167
19.779405
19.790545
19.971379
19.852958
19.782117
19.882938
19.903650
19.859106
19.607515
19.831447
19.762029
19.815460
19.782001
19.807930
19.989868
20.046371
20.064003
20.122717
20.350241
20.344881
20.003870
20.012458
19.942900
19.939468
19.915764
19.793038
19.847551
19.986727
19.939217
20.074058
20.025099
20.088086
20.053828
19.897532
19.786403
19.722122
19.753114
19.851747
19.711756
19.988261
19.940707
20.074047
20.016606
20.085852
20.050409
19.822337
19.688961
19.278449
19.329076
19.333545
19.744379
19.984993
20.088237
20.222304
20.139052
19.876544
19.807583
20.072451
19.877905
19.744606
19.776958
19.907467
19.967239
20.040543
20.057055
20.106970
20.341441
20.340012
19.997792
20.069995
19.875736
19.749682
19.779877
19.912451
19.972891
20.050509
19.946729
20.038376
19.811119
19.784426
20.090507
20.068259
19.946717
20.238041
19.903244
19.984866
20.120005
20.066479
20.193860
20.296546
20.237612
20.068696
20.177658
19.801391
19.667514
19.239419
19.289254
19.312186
19.725387
20.066892
20.194494
20.298495
20.236909
20.062727
20.175610
19.812809
19.754942
19.628283
19.658247
19.891780
19.795190
20.038946
20.029864
19.980118
19.869409
19.832057
19.989475
19.971097
19.736608
19.531785
19.618669
19.643590
19.734310
20.051977
19.951133
20.045358
19.831287
19.806674
20.118074
19.970981
19.735897
19.539551
19.628024
19.649902
19.733910
19.826833
19.684164
19.541329
19.866189
19.954553
19.940462
20.070385
20.149811
20.218715
20.050817
20.045386
19.984825
19.898855
19.773141
19.532279
19.827756
19.835167
20.054763
19.815598
19.755889
19.633574
19.662560
19.885396
19.775820
19.899917
19.771528
19.517527
19.819125
19.828605
20.067731
19.841071
19.807645
19.921984
19.855975
19.853716
19.876317
20.059371
19.966565
19.790680
19.708476
19.757125
19.888741
19.796386
19.742845
19.450228
19.155322
19.304666
19.682610
19.831552
19.683508
19.529695
19.853201
19.943995
19.935884
19.793785
19.742439
19.453279
19.150514
19.298101
19.680821
19.870536
19.779704
19.875360
19.883883
19.845751
19.603346
20.065718
19.930379
19.795561
19.561840
19.764095
19.944262
20.052961
20.072845
20.111392
19.952748
19.889758
19.965852
19.850093
19.817595
19.940873
19.870290
19.865261
19.875356
20.050144
20.069210
20.096602
19.942963
19.883798
19.956850
19.872903
19.765665
19.704613
19.745093
19.849433
19.725701
20.003728
19.859227
19.819252
19.759202
19.744713
19.621973
19.818922
19.759153
19.837433
19.789615
19.833587
19.996787
19.872975
19.786065
19.877437
19.889073
19.846417
19.600739
19.819154
19.757938
19.837332
19.785624
19.832133
19.991976
20.030932
20.038095
20.101209
20.368563
20.356630
20.009147
20.023596
19.976781
19.968729
19.909747
19.783713
19.855068
19.985354
19.952323
20.053240
20.007096
20.068331
20.067891
19.887631
19.791548
19.735956
19.767988
19.863763
19.707534
19.985811
19.953136
20.051297
20.002602
20.061680
20.065875
19.817022
19.693599
19.272781
19.334189
19.339717
19.714279
20.013585
20.120344
20.245864
20.163929
19.900402
19.789928
20.061393
19.863092
19.737139
19.772295
19.900594
19.963643
20.036230
20.043100
20.085754
20.357864
20.343995
20.006725
20.055401
19.860903
19.751789
19.784187
19.914629
19.956840
20.069204
19.973717
20.122123
19.898804
19.854015
20.130212
20.065631
19.940594
20.264510
19.903167
19.972647
20.181778
20.066166
20.196531
20.308496
20.267096
20.091520
20.185683
19.809798
19.682470
19.258721
19.304682
19.317937
19.722413
20.064486
20.196021
20.320455
20.277222
20.097490
20.208259
19.829981
19.773520
19.638142
19.634550
19.851416
19.754285
20.022820
20.016630
19.997699
19.884254
19.839747
19.991288
19.992624
19.754592
19.557713
19.581864
19.600870
19.710098
20.072922
19.972092
20.111186
19.884605
19.847733
20.139175
19.992337
19.754875
19.559457
19.582020
19.602080
19.706826
19.820689
19.671167
19.472367
19.814309
19.930896
19.942215
20.068894
20.151248
20.224466
20.062730
20.037133
19.949421
19.900929
19.762777
19.542840
19.833261
19.847328
20.064191
19.829692
19.780164
19.650268
19.642352
19.861832
19.761640
19.899916
19.764847
19.537612
19.824719
19.834420
20.044000
19.847067
19.811924
19.947443
19.878216
19.868037
19.894110
20.054057
19.960591
19.799083
19.698091
19.742268
19.872325
19.797236
19.736072
19.419379
19.092487
19.246560
19.624547
19.819083
19.663524
19.471524
19.811291
19.926899
19.937579
19.804794
19.750861
19.454850
19.117439
19.262785
19.639926
19.889841
19.811492
19.957058
19.926285
19.866943
19.616335
20.062646
19.930132
19.808881
19.576397
19.775293
19.929915
20.027194
20.055312
20.112395
19.925169
19.857457
19.930763
19.831675
19.791749
19.923781
19.861452
19.871614
19.879426
20.030090
20.054987
20.100697
19.945396
19.881367
19.946421
19.893553
19.801704
19.776756
19.774927
19.862592
19.724862
20.020354
19.887918
19.843347
19.778362
19.763379
19.638956
19.816132
19.759923
19.833337
19.784423
19.841181
20.011396
19.895102
19.815804
19.931743
19.913517
19.850510
19.616896
19.812156
19.756738
19.819243
19.764142
19.826907
19.992939
20.035347
20.039505
20.068941
20.359849
20.331521
19.987581
20.013295
19.962422
19.954763
19.908840
19.790988
19.830280
19.984873
19.953327
20.033624
20.016066
20.079086
20.073936
19.891129
19.802922
19.774208
19.769802
19.861001
19.743834
19.991315
19.958968
20.045987
20.011359
20.080960
20.088377
19.839660
19.704119
19.338263
19.356760
19.363782
19.734184
20.005924
20.113027
20.251953
20.176848
19.902790
19.776172
20.053248
19.850379
19.741388
19.764170
19.898510
19.974102
20.027833
20.034024
20.065409
20.365108
20.333462
19.983559
20.047594
19.844688
19.743844
19.769826
19.900109
19.967491
20.080939
19.972731
20.138769
19.874359
19.845888
20.154556
20.061864
19.939800
20.242583
19.904717
19.991601
20.191213
20.052726
20.169679
20.276848
20.239489
20.087440
20.204494
19.831965
19.683795
19.299861
19.326109
19.329323
19.730890
20.051813
20.166705
20.277309
20.245919
20.096474
20.206672
19.827959
19.771823
19.650275
19.635399
19.860260
19.787309
20.027072
20.002566
19.957917
19.886383
19.843536
19.977995
19.998694
19.764055
19.561706
19.615214
19.626626
19.703471
20.077598
19.968254
20.104148
19.850708
19.823940
20.134571
19.994893
19.754766
19.534466
19.599578
19.609658
19.715524
19.820397
19.659508
19.470452
19.852321
19.942707
19.926190
20.061089
20.157698
20.224274
20.086933
20.046355
19.972234
19.893945
19.771899
19.549055
19.819815
19.832397
20.032569
19.824378
19.771870
19.668444
19.666532
19.886526
19.799855
19.895335
19.769940
19.546518
19.813992
19.828302
20.024356
19.845442
19.810519
19.958894
19.892747
19.899929
19.908601
20.050961
19.938901
19.711023
19.644549
19.688723
19.813835
19.801152
19.749367
19.440435
19.116372
19.261351
19.622449
19.823013
19.660258
19.458785
19.857488
19.941409
19.948330
19.794333
19.738250
19.423732
19.103611
19.244412
19.614776
19.888083
19.813228
19.926809
19.879365
19.819131
19.585671
20.049802
19.924314
19.822453
19.578013
19.798515
19.981012
20.015401
20.045892
20.114805
19.971880
19.904842
19.975710
19.846785
19.814492
19.948664
19.893320
19.906443
19.911005
19.995706
20.032481
20.100596
19.973118
19.907854
19.979168
19.900690
19.816766
19.772537
19.765284
19.845558
19.697011
20.005573
19.870500
19.808516
19.768731
19.751363
19.665501
19.828759
19.767047
19.807360
19.710014
19.788753
19.941084
19.885306
19.809570
19.918924
19.808191
19.761779
19.575225
19.831391
19.771110
19.836706
19.740199
19.802236
19.982943
20.022170
20.033045
20.044260
20.341931
20.309354
19.976594
20.021800
19.987258
19.971435
19.917585
19.795785
19.796889
19.994077
19.961316
20.062660
20.044662
20.110364
20.091137
19.889600
19.800575
19.770667
19.783227
19.857627
19.692126
19.991052
19.960427
20.061229
20.047028
20.110827
20.090517
19.826278
19.707127
19.346325
19.342746
19.348956
19.736652
20.031778
20.133615
20.317423
20.209331
19.911761
19.764589
20.058020
19.852726
19.729053
19.756320
19.915717
19.973802
20.014876
20.038210
20.034114
20.333470
20.315124
19.982488
20.059901
19.854370
19.727407
19.746551
19.899027
19.964921
20.081452
19.987640
20.125076
19.845740
19.823895
20.119571
20.098859
19.984854
20.258439
19.894808
19.980427
20.120377
20.028502
20.147749
20.242509
20.246537
20.093358
20.204896
19.822381
19.702286
19.343865
19.350384
19.354442
19.745033
20.030793
20.147183
20.236808
20.243522
20.087624
20.198116
19.816509
19.762577
19.652549
19.654866
19.874867
19.763834
20.025402
20.003960
19.960934
19.859336
19.825149
19.969192
19.980540
19.745875
19.544718
19.621002
19.622478
19.707341
20.080765
19.988958
20.124900
19.835691
19.816840
20.123611
19.991214
19.752612
19.562207
19.624233
19.617454
19.712008
19.834827
19.665810
19.495167
19.870652
19.943809
19.932441
20.044854
20.150780
20.228564
20.089801
20.025955
19.937064
19.888829
19.758068
19.518962
19.805541
19.822496
20.021397
19.815302
19.757186
19.626381
19.640425
19.871160
19.776139
19.896381
19.767416
19.542197
19.822968
19.840199
20.047833
19.838250
19.797891
19.944296
19.903908
19.921530
19.927133
20.041224
19.941555
19.691383
19.627162
19.673973
19.833353
19.823639
19.761756
19.436310
19.112007
19.259778
19.605990
19.840010
19.671262
19.496385
19.863252
19.930533
19.908251
19.820743
19.756433
19.430075
19.121872
19.267000
19.605836
19.872814
19.790421
19.901058
19.858010
19.793380
19.603396
20.094618
19.988366
19.862178
19.634720
19.846819
19.991784
20.005480
20.039147
20.111995
19.980470
19.901788
20.010444
19.838926
19.797506
19.946303
19.906583
19.910582
19.912210
20.008855
20.048104
20.127492
20.006538
19.921403
19.980019
19.885145
19.801002
19.755287
19.743047
19.836345
19.682777
19.952810
19.815385
19.724845
19.720073
19.724444
19.616263
19.838800
19.780489
19.817990
19.684387
19.747095
19.930914
19.878171
19.798879
19.905461
19.864537
19.799775
19.593875
19.835870
19.780148
19.824146
19.705084
19.773073
19.975535
20.023849
20.032111
20.028094
20.337210
20.334295
20.003646
20.007744
19.960788
19.927742
19.884821
19.792375
19.855104
19.984127
19.949074
20.030316
19.997932
20.071035
20.065241
19.881733
19.791657
19.721909
19.719552
19.818813
19.678831
19.998177
19.962162
20.052725
20.008678
20.084387
20.073709
19.840023
19.717471
19.324401
19.325180
19.334821
19.716880
20.036533
20.146942
20.352081
20.224396
19.907934
19.741534
20.062036
19.856995
19.761232
19.745285
19.903569
19.973968
20.016310
20.028669
20.025649
20.337544
20.336667
20.010848
20.059128
19.849774
19.757324
19.735956
19.899182
19.964376
20.065296
19.963989
20.123569
19.838381
19.824058
20.113075
20.109831
20.002484
20.259895
19.916025
19.992078
20.137145
20.037717
20.155618
20.228116
20.231468
20.088905
20.225012
19.840239
19.713512
19.324366
19.315469
19.331123
19.716485
20.038687
20.153867
20.229742
20.232841
20.093734
20.216296
19.808037
19.751077
19.619704
19.640298
19.890875
19.782792
19.998373
19.989293
19.932848
19.867918
19.820695
19.955948
19.964545
19.730135
19.547947
19.590246
19.589035
19.687102
20.072151
19.968996
20.108445
19.817342
19.806227
20.108801
19.972003
19.733012
19.558564
19.593301
19.591808
19.686338
19.823904
19.651322
19.463965
19.860321
19.925122
19.910174
