1.987982
1.988823
1.961023
1.997939
2.021830
2.025243
2.027429
2.053082
2.012551
2.019792
2.032848
2.050991
1.997761
1.986595
2.017114
2.021189
1.993482
1.994697
2.000559
2.015973
1.968739
1.981368
1.952221
1.978831
1.981075
1.987734
1.959867
1.984945
2.016931
2.013130
2.002232
2.028228
2.013109
2.022941
2.029597
2.047413
1.997470
1.989518
2.021234
2.028813
1.994023
1.995046
1.998207
2.016159
1.969238
1.981209
1.953651
1.978695
1.987982
1.988823
1.961023
1.997939
2.021830
2.025243
2.027429
2.053082
2.012551
2.019792
2.032848
2.050991
1.997761
1.986595
2.017114
2.021189
1.993482
1.994697
2.000559
2.015973
1.968739
1.981368
1.952221
1.978831
1.981075
1.987734
1.959867
1.984945
2.016931
2.013130
2.002232
2.028228
2.013109
2.022941
2.029597
2.047413
1.997470
1.989518
2.021234
2.028813
1.994023
1.995046
1.998207
2.016159
1.969238
1.981209
1.953651
1.978695
1.987982
1.988823
1.961023
1.997939
2.021830
2.025243
2.027429
2.053082
2.012551
2.019792
2.032848
2.050991
1.997761
1.986595
2.017114
2.021189
1.993482
1.994697
2.000559
2.015973
1.968739
1.981368
1.952221
1.978831
1.981075
1.987734
1.959867
1.984945
2.016931
2.013130
2.002232
2.028228
2.013109
2.022941
2.029597
2.047413
1.997470
1.989518
2.021234
2.028813
1.994023
1.995046
1.998207
2.016159
1.969238
1.981209
1.953651
1.978695
1.987982
1.988823
1.961023
1.997939
2.021830
2.025243
2.027429
2.053082
2.012551
2.019792
2.032848
2.050991
1.997761
1.986595
2.017114
2.021189
1.993482
1.994697
2.000559
2.015973
1.968739
1.981368
1.952221
1.978831
1.981075
1.987734
1.959867
1.984945
2.016931
2.013130
2.002232
2.028228
2.013109
2.022941
2.029597
2.047413
1.997470
1.989518
2.021234
2.028813
1.994023
1.995046
1.998207
2.016159
1.969238
1.981209
1.953651
1.978695
1.987982
1.988823
1.961023
1.997939
2.021830
2.025243
2.027429
2.053082
2.012551
2.019792
2.032848
2.050991
1.997761
1.986595
2.017114
2.021189
1.993482
1.994697
2.000559
2.015973
1.968739
1.981368
1.952221
1.978831
1.981075
1.987734
1.959867
1.984945
2.016931
2.013130
2.002232
2.028228
2.013109
2.022941
2.029597
2.047413
1.997470
1.989518
2.021234
2.028813
1.994023
1.995046
1.998207
2.016159
1.969238
1.981209
1.953651
1.978695
1.987982
1.988823
1.961023
1.997939
2.021830
2.025243
2.027429
2.053082
2.012551
2.019792
2.032848
2.050991
1.997761
1.986595
2.017114
2.021189
1.993482
1.994697
2.000559
2.015973
1.968739
1.981368
1.952221
1.978831
1.981075
1.987734
1.959867
1.984945
2.016931
2.013130
2.002232
2.028228
2.013109
2.022941
2.029597
2.047413
1.997470
1.989518
2.021234
2.028813
1.994023
1.995046
1.998207
2.016159
1.969238
1.981209
1.953651
1.978695
1.987982
1.988823
1.961023
1.997939
2.021830
2.025243
2.027429
2.053082
2.012551
2.019792
2.032848
2.050991
1.997761
1.986595
2.017114
2.021189
1.993482
1.994697
2.000559
2.015973
1.968739
1.981368
1.952221
1.978831
1.981075
1.987734
1.959867
1.984945
2.016931
2.013130
2.002232
2.028228
2.013109
2.022941
2.029597
2.047413
1.997470
1.989518
2.021234
2.028813
1.994023
1.995046
1.998207
2.016159
1.969238
1.981209
1.953651
1.978695
1.987982
1.988823
1.961023
1.997939
2.021830
2.025243
2.027429
2.053082
2.012551
2.019792
2.032848
2.050991
1.997761
1.986595
2.017114
2.021189
1.993482
1.994697
2.000559
2.015973
1.968739
1.981368
1.952221
1.978831
1.981075
1.987734
1.959867
1.984945
2.016931
2.013130
2.002232
2.028228
2.013109
2.022941
2.029597
2.047413
1.997470
1.989518
2.021234
2.028813
1.994023
1.995046
1.998207
2.016159
1.969238
1.981209
1.953651
1.978695
1.987982
1.988823
1.961023
1.997939
2.021830
2.025243
2.027429
2.053082
2.012551
2.019792
2.032848
2.050991
1.997761
1.986595
2.017114
2.021189
1.993482
1.994697
2.000559
2.015973
1.968739
1.981368
1.952221
1.978831
1.981075
1.987734
1.959867
1.984945
2.016931
2.013130
2.002232
2.028228
2.013109
2.022941
2.029597
2.047413
1.997470
1.989518
2.021234
2.028813
1.994023
1.995046
1.998207
2.016159
1.969238
1.981209
1.953651
1.978695
1.987982
1.988823
1.961023
1.997939
2.021830
2.025243
2.027429
2.053082
2.012551
2.019792
2.032848
2.050991
1.997761
1.986595
2.017114
2.021189
1.993482
1.994697
2.000559
2.015973
1.968739
1.981368
1.952221
1.978831
1.981075
1.987734
1.959867
1.984945
2.016931
2.013130
2.002232
2.028228
2.013109
2.022941
2.029597
2.047413
1.997470
1.989518
2.021234
2.028813
1.994023
1.995046
1.998207
2.016159
1.969238
1.981209
1.953651
1.978695
1.987982
1.988823
1.961023
1.997939
2.021830
2.025243
2.027429
2.053082
2.012551
2.019792
2.032848
2.050991
1.997761
1.986595
2.017114
2.021189
1.993482
1.994697
2.000559
2.015973
1.968739
1.981368
1.952221
1.978831
1.981075
1.987734
1.959867
1.984945
2.016931
2.013130
2.002232
2.028228
2.013109
2.022941
2.029597
2.047413
1.997470
1.989518
2.021234
2.028813
1.994023
1.995046
1.998207
2.016159
1.969238
1.981209
1.953651
1.978695
1.987982
1.988823
1.961023
1.997939
2.021830
2.025243
2.027429
2.053082
2.012551
2.019792
2.032848
2.050991
1.997761
1.986595
2.017114
2.021189
1.993482
1.994697
2.000559
2.015973
1.968739
1.981368
1.952221
1.978831
1.981075
1.987734
1.959867
1.984945
2.016931
2.013130
2.002232
2.028228
2.013109
2.022941
2.029597
2.047413
1.997470
1.989518
2.021234
2.028813
1.994023
1.995046
1.998207
2.016159
1.969238
1.981209
1.953651
1.978695
1.987982
1.988823
1.961023
1.997939
2.021830
2.025243
2.027429
2.053082
2.012551
2.019792
2.032848
2.050991
1.997761
1.986595
2.017114
2.021189
1.993482
1.994697
2.000559
2.015973
1.968739
1.981368
1.952221
1.978831
1.981075
1.987734
1.959867
1.984945
2.016931
2.013130
2.002232
2.028228
2.013109
2.022941
2.029597
2.047413
1.997470
1.989518
2.021234
2.028813
1.994023
1.995046
1.998207
2.016159
1.969238
1.981209
1.953651
1.978695
1.987982
1.988823
1.961023
1.997939
2.021830
2.025243
2.027429
2.053082
2.012551
2.019792
2.032848
2.050991
1.997761
1.986595
2.017114
2.021189
1.993482
1.994697
2.000559
2.015973
1.968739
1.981368
1.952221
1.978831
1.981075
1.987734
1.959867
1.984945
2.016931
2.013130
2.002232
2.028228
2.013109
2.022941
2.029597
2.047413
1.997470
1.989518
2.021234
2.028813
1.994023
1.995046
1.998207
2.016159
1.969238
1.981209
1.953651
1.978695
1.987982
1.988823
1.961023
1.997939
2.021830
2.025243
2.027429
2.053082
2.012551
2.019792
2.032848
2.050991
1.997761
1.986595
2.017114
2.021189
1.993482
1.994697
2.000559
2.015973
1.968739
1.981368
1.952221
1.978831
1.981075
1.987734
1.959867
1.984945
2.016931
2.013130
2.002232
2.028228
2.013109
2.022941
2.029597
2.047413
1.997470
1.989518
2.021234
2.028813
1.994023
1.995046
1.998207
2.016159
1.969238
1.981209
1.953651
1.978695
1.987982
1.988823
1.961023
1.997939
2.021830
2.025243
2.027429
2.053082
2.012551
2.019792
2.032848
2.050991
1.997761
1.986595
2.017114
2.021189
1.993482
1.994697
2.000559
2.015973
1.968739
1.981368
1.952221
1.978831
1.981075
1.987734
1.959867
1.984945
2.016931
2.013130
2.002232
2.028228
2.013109
2.022941
2.029597
2.047413
1.997470
1.989518
2.021234
2.028813
1.994023
1.995046
1.998207
2.016159
1.969238
1.981209
1.953651
1.978695
1.987982
1.988823
1.961023
1.997939
2.021830
2.025243
2.027429
2.053082
2.012551
2.019792
2.032848
2.050991
1.997761
1.986595
2.017114
2.021189
1.993482
1.994697
2.000559
2.015973
1.968739
1.981368
1.952221
1.978831
1.981075
1.987734
1.959867
1.984945
2.016931
2.013130
2.002232
2.028228
2.013109
2.022941
2.029597
2.047413
1.997470
1.989518
2.021234
2.028813
1.994023
1.995046
1.998207
2.016159
1.969238
1.981209
1.953651
1.978695
1.987982
1.988823
1.961023
1.997939
2.021830
2.025243
2.027429
2.053082
2.012551
2.019792
2.032848
2.050991
1.997761
1.986595
2.017114
2.021189
1.993482
1.994697
2.000559
2.015973
1.968739
1.981368
1.952221
1.978831
1.981075
1.987734
1.959867
1.984945
2.016931
2.013130
2.002232
2.028228
2.013109
2.022941
2.029597
2.047413
1.997470
1.989518
2.021234
2.028813
1.994023
1.995046
1.998207
2.016159
1.969238
1.981209
1.953651
1.978695
1.987982
1.988823
1.961023
1.997939
2.021830
2.025243
2.027429
2.053082
2.012551
2.019792
2.032848
2.050991
1.997761
1.986595
2.017114
2.021189
1.993482
1.994697
2.000559
2.015973
1.968739
1.981368
1.952221
1.978831
1.981075
1.987734
1.959867
1.984945
2.016931
2.013130
2.002232
2.028228
2.013109
2.022941
2.029597
2.047413
1.997470
1.989518
2.021234
2.028813
1.994023
1.995046
1.998207
2.016159
1.969238
1.981209
1.953651
1.978695
1.987982
1.988823
1.961023
1.997939
2.021830
2.025243
2.027429
2.053082
2.012551
2.019792
2.032848
2.050991
1.997761
1.986595
2.017114
2.021189
1.993482
1.994697
2.000559
2.015973
1.968739
1.981368
1.952221
1.978831
1.981075
1.987734
1.959867
1.984945
2.016931
2.013130
2.002232
2.028228
2.013109
2.022941
2.029597
2.047413
1.997470
1.989518
2.021234
2.028813
1.994023
1.995046
1.998207
2.016159
1.969238
1.981209
1.953651
1.978695
1.987982
1.988823
1.961023
1.997939
2.021830
2.025243
2.027429
2.053082
2.012551
2.019792
2.032848
2.050991
1.997761
1.986595
2.017114
2.021189
1.993482
1.994697
2.000559
2.015973
1.968739
1.981368
1.952221
1.978831
1.981075
1.987734
1.959867
1.984945
2.016931
2.013130
2.002232
2.028228
2.013109
2.022941
2.029597
2.047413
1.997470
1.989518
2.021234
2.028813
1.994023
1.995046
1.998207
2.016159
1.969238
1.981209
1.953651
1.978695
1.987982
1.988823
1.961023
1.997939
2.021830
2.025243
2.027429
2.053082
2.012551
2.019792
2.032848
2.050991
1.997761
1.986595
2.017114
2.021189
1.993482
1.994697
2.000559
2.015973
1.968739
1.981368
1.952221
1.978831
1.981075
1.987734
1.959867
1.984945
2.016931
2.013130
2.002232
2.028228
2.013109
2.022941
2.029597
2.047413
1.997470
1.989518
2.021234
2.028813
1.994023
1.995046
1.998207
2.016159
1.969238
1.981209
1.953651
1.978695
1.987982
1.988823
1.961023
1.997939
2.021830
2.025243
2.027429
2.053082
2.012551
2.019792
2.032848
2.050991
1.997761
1.986595
2.017114
2.021189
1.993482
1.994697
2.000559
2.015973
1.968739
1.981368
1.952221
1.978831
1.981075
1.987734
1.959867
1.984945
2.016931
2.013130
2.002232
2.028228
2.013109
2.022941
2.029597
2.047413
1.997470
1.989518
2.021234
2.028813
1.994023
1.995046
1.998207
2.016159
1.969238
1.981209
1.953651
1.978695
1.987982
1.988823
1.961023
1.997939
2.021830
2.025243
2.027429
2.053082
2.012551
2.019792
2.032848
2.050991
1.997761
1.986595
2.017114
2.021189
1.993482
1.994697
2.000559
2.015973
1.968739
1.981368
1.952221
1.978831
1.981075
1.987734
1.959867
1.984945
2.016931
2.013130
2.002232
2.028228
2.013109
2.022941
2.029597
2.047413
1.997470
1.989518
2.021234
2.028813
1.994023
1.995046
1.998207
2.016159
1.969238
1.981209
1.953651
1.978695
1.987982
1.988823
1.961023
1.997939
2.021830
2.025243
2.027429
2.053082
2.012551
2.019792
2.032848
2.050991
1.997761
1.986595
2.017114
2.021189
1.993482
1.994697
2.000559
2.015973
1.968739
1.981368
1.952221
1.978831
1.981075
1.987734
1.959867
1.984945
2.016931
2.013130
2.002232
2.028228
2.013109
2.022941
2.029597
2.047413
1.997470
1.989518
2.021234
2.028813
1.994023
1.995046
1.998207
2.016159
1.969238
1.981209
1.953651
1.978695
1.987982
1.988823
1.961023
1.997939
2.021830
2.025243
2.027429
2.053082
2.012551
2.019792
2.032848
2.050991
1.997761
1.986595
2.017114
2.021189
1.993482
1.994697
2.000559
2.015973
1.968739
1.981368
1.952221
1.978831
1.981075
1.987734
1.959867
1.984945
2.016931
2.013130
2.002232
2.028228
2.013109
2.022941
2.029597
2.047413
1.997470
1.989518
2.021234
2.028813
1.994023
1.995046
1.998207
2.016159
1.969238
1.981209
1.953651
1.978695
1.987982
1.988823
1.961023
1.997939
2.021830
2.025243
2.027429
2.053082
2.012551
2.019792
2.032848
2.050991
1.997761
1.986595
2.017114
2.021189
1.993482
1.994697
2.000559
2.015973
1.968739
1.981368
1.952221
1.978831
1.981075
1.987734
1.959867
1.984945
2.016931
2.013130
2.002232
2.028228
2.013109
2.022941
2.029597
2.047413
1.997470
1.989518
2.021234
2.028813
1.994023
1.995046
1.998207
2.016159
1.969238
1.981209
1.953651
1.978695
1.987982
1.988823
1.961023
1.997939
2.021830
2.025243
2.027429
2.053082
2.012551
2.019792
2.032848
2.050991
1.997761
1.986595
2.017114
2.021189
1.993482
1.994697
2.000559
2.015973
1.968739
1.981368
1.952221
1.978831
1.981075
1.987734
1.959867
1.984945
2.016931
2.013130
2.002232
2.028228
2.013109
2.022941
2.029597
2.047413
1.997470
1.989518
2.021234
2.028813
1.994023
1.995046
1.998207
2.016159
1.969238
1.981209
1.953651
1.978695
1.987982
1.988823
1.961023
1.997939
2.021830
2.025243
2.027429
2.053082
2.012551
2.019792
2.032848
2.050991
1.997761
1.986595
2.017114
2.021189
1.993482
1.994697
2.000559
2.015973
1.968739
1.981368
1.952221
1.978831
1.981075
1.987734
1.959867
1.984945
2.016931
2.013130
2.002232
2.028228
2.013109
2.022941
2.029597
2.047413
1.997470
1.989518
2.021234
2.028813
1.994023
1.995046
1.998207
2.016159
1.969238
1.981209
1.953651
1.978695
1.987982
1.988823
1.961023
1.997939
2.021830
2.025243
2.027429
2.053082
2.012551
2.019792
2.032848
2.050991
1.997761
1.986595
2.017114
2.021189
1.993482
1.994697
2.000559
2.015973
1.968739
1.981368
1.952221
1.978831
1.981075
1.987734
1.959867
1.984945
2.016931
2.013130
2.002232
2.028228
2.013109
2.022941
2.029597
2.047413
1.997470
1.989518
2.021234
2.028813
1.994023
1.995046
1.998207
2.016159
1.969238
1.981209
1.953651
1.978695
1.987982
1.988823
1.961023
1.997939
2.021830
2.025243
2.027429
2.053082
2.012551
2.019792
2.032848
2.050991
1.997761
1.986595
2.017114
2.021189
1.993482
1.994697
2.000559
2.015973
1.968739
1.981368
1.952221
1.978831
1.981075
1.987734
1.959867
1.984945
2.016931
2.013130
2.002232
2.028228
2.013109
2.022941
2.029597
2.047413
1.997470
1.989518
2.021234
2.028813
1.994023
1.995046
1.998207
2.016159
1.969238
1.981209
1.953651
1.978695
1.987982
1.988823
1.961023
1.997939
2.021830
2.025243
2.027429
2.053082
2.012551
2.019792
2.032848
2.050991
1.997761
1.986595
2.017114
2.021189
1.993482
1.994697
2.000559
2.015973
1.968739
1.981368
1.952221
1.978831
1.981075
1.987734
1.959867
1.984945
2.016931
2.013130
2.002232
2.028228
2.013109
2.022941
2.029597
2.047413
1.997470
1.989518
2.021234
2.028813
1.994023
1.995046
1.998207
2.016159
1.969238
1.981209
1.953651
1.978695
1.987982
1.988823
1.961023
1.997939
2.021830
2.025243
2.027429
2.053082
2.012551
2.019792
2.032848
2.050991
1.997761
1.986595
2.017114
2.021189
1.993482
1.994697
2.000559
2.015973
1.968739
1.981368
1.952221
1.978831
1.981075
1.987734
1.959867
1.984945
2.016931
2.013130
2.002232
2.028228
2.013109
2.022941
2.029597
2.047413
1.997470
1.989518
2.021234
2.028813
1.994023
1.995046
1.998207
2.016159
1.969238
1.981209
1.953651
1.978695
1.987982
1.988823
1.961023
1.997939
2.021830
2.025243
2.027429
2.053082
2.012551
2.019792
2.032848
2.050991
1.997761
1.986595
2.017114
2.021189
1.993482
1.994697
2.000559
2.015973
1.968739
1.981368
1.952221
1.978831
1.981075
1.987734
1.959867
1.984945
2.016931
2.013130
2.002232
2.028228
2.013109
2.022941
2.029597
2.047413
1.997470
1.989518
2.021234
2.028813
1.994023
1.995046
1.998207
2.016159
1.969238
1.981209
1.953651
1.978695
1.987982
1.988823
1.961023
1.997939
2.021830
2.025243
2.027429
2.053082
2.012551
2.019792
2.032848
2.050991
1.997761
1.986595
2.017114
2.021189
1.993482
1.994697
2.000559
2.015973
1.968739
1.981368
1.952221
1.978831
1.981075
1.987734
1.959867
1.984945
2.016931
2.013130
2.002232
2.028228
2.013109
2.022941
2.029597
2.047413
1.997470
1.989518
2.021234
2.028813
1.994023
1.995046
1.998207
2.016159
1.969238
1.981209
1.953651
1.978695
1.987982
1.988823
1.961023
1.997939
2.021830
2.025243
2.027429
2.053082
2.012551
2.019792
2.032848
2.050991
1.997761
1.986595
2.017114
2.021189
1.993482
1.994697
2.000559
2.015973
1.968739
1.981368
1.952221
1.978831
1.981075
1.987734
1.959867
1.984945
2.016931
2.013130
2.002232
2.028228
2.013109
2.022941
2.029597
2.047413
1.997470
1.989518
2.021234
2.028813
1.994023
1.995046
1.998207
2.016159
1.969238
1.981209
1.953651
1.978695
1.987982
1.988823
1.961023
1.997939
2.021830
2.025243
2.027429
2.053082
2.012551
2.019792
2.032848
2.050991
1.997761
1.986595
2.017114
2.021189
1.993482
1.994697
2.000559
2.015973
1.968739
1.981368
1.952221
1.978831
1.981075
1.987734
1.959867
1.984945
2.016931
2.013130
2.002232
2.028228
2.013109
2.022941
2.029597
2.047413
1.997470
1.989518
2.021234
2.028813
1.994023
1.995046
1.998207
2.016159
1.969238
1.981209
1.953651
1.978695
1.987982
1.988823
1.961023
1.997939
2.021830
2.025243
2.027429
2.053082
2.012551
2.019792
2.032848
2.050991
1.997761
1.986595
2.017114
2.021189
1.993482
1.994697
2.000559
2.015973
1.968739
1.981368
1.952221
1.978831
1.981075
1.987734
1.959867
1.984945
2.016931
2.013130
2.002232
2.028228
2.013109
2.022941
2.029597
2.047413
1.997470
1.989518
2.021234
2.028813
1.994023
1.995046
1.998207
2.016159
1.969238
1.981209
1.953651
1.978695
1.987982
1.988823
1.961023
1.997939
2.021830
2.025243
2.027429
2.053082
2.012551
2.019792
2.032848
2.050991
1.997761
1.986595
2.017114
2.021189
1.993482
1.994697
2.000559
2.015973
1.968739
1.981368
1.952221
1.978831
1.981075
1.987734
1.959867
1.984945
2.016931
2.013130
2.002232
2.028228
2.013109
2.022941
2.029597
2.047413
1.997470
1.989518
2.021234
2.028813
1.994023
1.995046
1.998207
2.016159
1.969238
1.981209
1.953651
1.978695
1.987982
1.988823
1.961023
1.997939
2.021830
2.025243
2.027429
2.053082
2.012551
2.019792
2.032848
2.050991
1.997761
1.986595
2.017114
2.021189
1.993482
1.994697
2.000559
2.015973
1.968739
1.981368
1.952221
1.978831
1.981075
1.987734
1.959867
1.984945
2.016931
2.013130
2.002232
2.028228
2.013109
2.022941
2.029597
2.047413
1.997470
1.989518
2.021234
2.028813
1.994023
1.995046
1.998207
2.016159
1.969238
1.981209
1.953651
1.978695
