2.008188
2.000231
1.996626
2.004625
2.002832
2.007677
2.002424
1.992087
1.969992
2.003018
2.000241
2.015879
2.021922
2.037425
2.022027
2.016603
2.011097
2.011829
2.002672
2.012624
2.010917
2.006284
1.991465
1.991960
2.002587
2.000822
2.023276
2.005777
2.003909
1.993658
2.008936
2.014784
2.042120
2.026195
2.027081
2.008833
2.007812
1.998456
1.978954
1.988841
1.994969
2.002194
2.006292
1.997059
1.974022
2.005320
2.007945
2.021428
2.022081
2.037499
2.018597
2.012385
2.010183
2.017878
2.000928
2.012036
2.009059
2.007343
1.996028
1.994950
2.002790
2.000810
2.022387
2.006337
2.004591
1.995162
2.008786
2.014754
2.042217
2.023793
2.022428
2.003176
1.994985
2.005114
1.964307
1.969105
1.976916
1.988885
2.026110
2.020129
2.011543
2.018708
2.028964
2.010534
1.999027
2.006276
2.018680
2.011873
2.017192
2.022187
2.012546
2.012520
2.015663
2.029160
2.015276
2.030990
1.996398
1.981088
1.995722
1.982232
1.988591
2.001032
1.986247
1.980669
1.973686
1.987890
1.986596
1.991137
1.998880
2.009891
1.965934
1.997703
1.996760
1.990028
2.024390
2.016265
2.007031
2.021545
2.033438
2.013825
1.996814
2.003323
2.011250
1.999024
2.005685
2.006135
2.011679
2.011047
2.013071
2.027507
2.008824
2.022515
1.994054
1.977556
1.991414
1.977851
1.985409
2.001924
1.986133
1.980531
1.973258
1.987323
1.985515
1.991191
1.997427
2.002925
2.009897
1.972383
1.978150
1.978598
1.994410
2.003866
2.018455
2.001633
1.988048
1.996860
2.010393
2.018538
2.023164
2.021891
2.015621
2.014062
2.014848
2.009467
1.993690
2.028134
2.018683
2.009849
2.000380
1.998149
2.009552
1.986130
1.980846
1.988042
2.005816
2.003043
1.977737
2.010215
2.004149
2.009802
1.991843
1.999551
2.001756
1.973665
1.984582
1.990971
1.990350
2.001213
2.011344
1.997472
1.983237
1.987902
2.010792
2.018644
2.025086
2.021224
2.016905
2.019803
2.013257
2.009141
1.991892
2.027139
2.021390
2.010576
1.999683
1.996761
2.007208
1.985659
1.978222
1.987444
2.006255
2.002560
1.977698
2.009854
2.004020
2.009977
1.994215
1.995161
1.999738
1.990157
1.991832
1.973882
2.015248
2.001879
2.025861
2.048196
2.027012
2.017844
2.008151
2.021369
2.033905
2.016295
2.013245
2.000764
1.990051
2.005458
2.014095
2.011540
2.019809
2.008725
1.980433
1.984784
1.997321
2.008100
1.995789
1.987455
1.989972
1.995804
1.972350
2.007209
1.993092
2.010021
1.995970
1.999391
2.008291
1.997483
1.992638
1.993871
2.013564
2.000721
2.027872
2.044388
2.026979
2.010560
2.008543
2.022016
2.037725
2.025734
2.022715
2.008090
1.989986
2.004983
2.011524
2.007594
2.015325
2.009867
1.977664
1.982310
1.991147
1.999454
1.990699
1.987092
1.989000
1.994417
1.967874
2.003708
1.992802
2.007583
1.999830
2.003780
2.023964
2.001803
2.004641
1.969632
2.015425
2.014617
2.021903
2.012179
2.000842
1.993452
2.000218
2.003634
2.010326
2.012454
2.001833
2.017891
2.007015
2.010648
2.029494
1.990948
2.011442
2.000612
2.005877
2.002955
2.004820
1.983856
2.001098
1.997336
1.990486
1.992628
1.973136
1.976797
1.984732
1.979333
2.002946
2.007216
2.042960
2.029126
2.019683
1.980391
2.014672
2.017406
2.026627
2.019450
2.010151
1.997449
2.000089
2.003078
2.005014
2.016436
2.005463
2.022269
2.005140
2.008557
2.027961
1.996618
2.015128
2.003234
2.005395
2.002758
2.006341
1.985698
2.002927
1.997941
1.990055
1.991335
1.971943
1.975991
1.984881
1.984233
2.011775
2.016718
2.015888
2.017148
2.017058
2.023860
2.008290
2.011258
2.007414
2.021432
2.004311
1.998320
2.005828
1.990644
2.008336
1.985599
1.985551
1.984558
2.008274
1.992466
1.995320
2.002848
2.003000
2.007385
2.011695
2.010775
2.024943
2.012694
2.004497
2.003260
1.994221
1.986709
1.973366
2.002116
2.002450
1.991744
2.007733
2.012525
2.001047
1.999841
1.998684
2.019577
2.008354
2.010691
2.005184
2.021841
2.013248
2.015506
2.004365
1.989484
2.003702
1.989656
1.989779
1.990884
2.005581
1.988603
1.986357
2.003646
2.003967
2.011005
2.011742
2.010494
2.023257
2.014779
2.007553
2.004740
1.994779
1.986713
1.973185
2.003469
2.002908
1.998994
2.009940
2.012715
2.009238
2.001854
1.989603
2.016009
2.003885
2.005520
1.996055
1.992295
1.998770
1.996125
2.014432
2.016402
2.023066
2.020903
2.028610
2.008391
1.999825
1.994984
1.990932
2.020036
2.006418
1.991294
2.003076
1.995325
1.998241
2.024553
2.015043
1.995644
1.993459
1.991877
1.966239
1.951601
1.963952
1.976750
2.011934
2.018600
2.018735
2.003303
1.990757
2.013294
2.001116
2.001584
1.986645
1.988784
1.992167
1.988271
2.012332
2.013348
2.022487
2.025379
2.029685
2.001421
1.999939
1.994818
1.990804
2.018776
2.005854
1.991501
2.002346
1.994186
1.997422
2.022959
2.016026
1.996033
1.992245
1.991332
1.965244
1.952592
1.963511
1.979173
1.998747
2.006782
2.030241
2.009491
2.015813
2.040591
1.992335
1.995381
1.958481
1.986258
1.994735
2.007756
1.997267
2.001135
2.002624
1.983903
1.981310
1.971041
1.988853
1.975893
1.977382
1.994016
1.967820
1.992766
2.008288
2.013198
2.021445
2.005616
2.012413
2.023221
2.011336
2.002318
2.008854
2.016219
2.007791
2.001040
2.001988
2.014936
2.036553
2.019752
2.020353
2.029413
1.998047
2.001767
1.971135
1.987276
1.992694
2.010467
2.000160
2.005842
2.009538
2.003108
1.998305
1.981603
1.991701
1.981360
1.985332
2.004545
1.981241
1.998707
2.008400
2.012757
2.021514
2.006720
2.014295
2.025888
2.011336
2.002399
2.009816
2.016738
2.007419
2.002697
1.992349
1.989124
1.980389
1.981870
1.963056
1.965222
2.002083
2.009648
2.007247
2.021501
2.024309
2.032651
1.991766
1.989380
1.994707
2.000012
2.013399
2.036188
1.982764
1.991057
1.984800
1.972643
1.976795
1.990101
1.979689
1.990427
1.981973
1.999401
1.996830
2.005631
1.987936
2.006443
2.002787
1.994659
1.983595
2.004750
1.993834
1.989660
1.979502
1.979749
1.961089
1.967847
2.002307
2.007653
2.000321
2.011098
2.015743
2.033804
1.993253
1.990486
2.001578
2.001596
2.012774
2.031185
1.982299
1.990994
1.991980
1.979750
1.983647
2.000083
1.978898
1.989368
1.979029
1.997055
1.994761
2.002875
1.987690
2.005394
1.999399
1.989765
1.980618
2.004797
2.014044
2.011250
2.022164
1.982969
1.993908
2.009963
2.005897
2.023256
2.019074
2.025545
2.026873
2.004322
2.002006
2.003696
2.014674
1.988408
1.991941
2.006718
2.017642
2.016068
1.991909
2.009568
2.003121
1.996772
2.008654
2.008892
2.004378
2.036059
2.022592
2.017709
2.009222
2.018367
1.995101
2.009515
1.998240
2.001795
2.012427
2.008136
2.019818
1.982187
1.992550
1.998480
2.004347
2.018879
2.013256
2.013557
2.022049
2.006451
2.002113
2.004317
2.021894
1.983891
1.986637
2.001629
2.016419
2.013924
1.989520
2.003324
1.997663
1.998185
2.010565
2.011204
2.010551
2.041397
2.025640
2.020497
2.007846
2.016233
1.992785
2.002562
1.991673
1.994977
1.991987
1.999486
1.991991
2.003674
1.993720
2.013549
1.999177
2.008296
2.025275
2.032706
2.025476
2.037988
1.988670
1.985804
2.003324
2.021612
1.994434
1.978573
1.999669
2.007044
2.016678
2.028920
2.010754
2.004747
1.996903
2.003453
2.001143
2.004913
2.002042
2.001439
2.002570
2.016752
2.029850
2.044357
2.028565
2.034781
1.994890
2.003315
2.001460
2.006058
1.991532
1.997411
1.996945
2.007251
2.029658
2.036627
2.029691
2.045305
1.984668
1.982476
1.996147
2.007492
1.986430
1.972990
1.998402
2.003931
2.011573
2.020783
2.006627
2.003008
1.997469
2.004551
2.000563
2.005866
2.002817
2.003413
2.002570
2.016975
2.029324
2.043064
2.028730
2.033827
1.999455
2.006860
1.994421
2.008240
2.006768
1.997405
2.002627
1.998545
2.023492
1.990925
2.002434
1.994864
1.995182
1.988695
1.998780
2.006280
1.993883
2.013381
1.998313
2.002124
1.991840
1.971092
1.983114
1.992239
1.994400
1.982116
1.970389
1.966040
1.981244
1.968987
1.991552
2.003882
2.015304
2.028575
2.014190
2.001925
1.996114
2.001545
1.985860
2.010398
2.012454
2.001214
1.999888
1.995171
2.017013
1.980887
1.997109
2.002562
1.996054
1.991499
2.004358
2.012452
1.997092
2.012409
1.996519
2.000831
1.988275
1.968266
1.978464
1.985952
1.994657
1.981682
1.970608
1.968237
1.985090
1.979008
1.992834
2.005119
2.020094
2.028187
2.016603
1.999520
2.007219
2.014292
2.029250
2.018287
2.026506
2.042449
2.010138
1.995495
1.996815
1.992633
1.993544
1.998607
1.997592
1.995334
1.975834
1.979404
1.980694
1.974780
1.986365
1.987519
1.971325
1.960576
1.979217
1.984746
1.994495
1.995182
1.986222
2.017754
2.029646
2.014593
1.981073
1.981601
1.979364
2.036212
2.027645
2.034084
2.005056
2.014990
2.025385
2.015604
2.016251
2.039845
2.010222
1.995671
1.993063
1.993791
1.998382
2.006093
1.999507
1.997556
1.976777
1.981437
1.977611
1.972667
1.985495
1.986396
1.971598
1.968399
1.982930
1.987389
1.995141
1.995894
1.988091
2.017336
2.031295
2.012866
1.980232
1.981373
1.978541
2.033456
2.023795
2.031048
2.005804
2.007486
2.023624
2.022112
2.021602
2.005360
2.009133
2.013554
2.028543
2.034238
2.018662
2.005932
1.998793
2.015844
2.035112
2.023685
2.015040
2.019421
2.000036
2.007613
2.001191
1.976593
1.989721
1.993214
1.999909
2.004331
1.996185
1.957029
1.960799
1.961728
2.009390
2.014321
2.028235
2.036687
2.020273
2.013136
2.006951
2.008194
2.028075
2.034673
2.029160
2.009065
2.010588
2.013582
2.020526
2.038411
2.022935
2.014808
1.996867
2.013473
2.029675
2.029063
2.023416
2.028348
1.998571
2.006196
2.000575
1.972967
1.987553
1.997337
1.998855
2.003318
1.999229
1.964406
1.965872
1.966129
2.009284
2.014633
2.028108
2.031829
2.016437
2.013371
2.008113
2.009704
2.010058
2.027004
2.035335
2.015838
1.997781
1.993191
2.000826
2.001792
2.007510
1.992847
1.989572
1.993112
1.976333
1.982268
2.000568
2.017268
1.983154
1.981025
1.959162
1.984969
1.998661
2.022552
2.006648
2.015662
2.019547
2.035808
2.004693
2.001241
2.011598
2.013844
2.007463
1.990545
1.993200
1.996047
2.008163
2.012348
2.016279
2.035166
2.037951
2.032000
1.997797
1.994151
2.009626
2.010588
2.005084
1.996290
1.989454
1.992627
1.977589
1.980668
2.002051
2.014160
1.984439
1.982481
1.961920
1.983563
1.999178
2.024580
2.005958
2.014385
2.014983
2.028768
1.998248
1.999823
2.010813
2.010990
2.001365
1.986484
1.991023
1.997048
2.005620
1.997801
1.990325
2.002346
2.001346
2.007087
2.006136
2.003877
2.018101
1.997425
1.988194
1.980151
1.998570
2.006738
2.016248
2.018160
2.014060
2.022212
2.003292
2.001022
1.996060
1.987758
1.999776
2.008579
1.991040
1.995761
1.996476
2.000394
1.998529
2.009055
2.004811
2.006796
2.023669
2.017017
2.016326
2.011580
2.005444
1.996456
1.973399
1.986590
1.993370
2.001604
2.004293
2.003812
2.016981
2.004245
1.990470
1.976202
1.997290
2.003843
2.012787
2.014691
2.012174
2.022791
2.004324
2.001328
1.997395
1.990518
2.000302
2.008945
1.991900
1.995726
1.997492
2.005228
2.000833
2.010513
2.006354
2.008690
2.024321
2.021879
2.021195
2.018000
1.995975
2.005308
1.965732
1.968660
1.975673
1.987466
2.010733
2.026270
2.024931
2.032601
2.016392
2.001869
1.997818
2.000497
1.991049
1.975911
1.969327
1.974044
1.995739
2.016711
2.021374
1.995388
1.986900
1.999142
1.997801
2.003867
2.008607
1.988445
1.981157
1.995794
1.987184
1.979090
1.984804
1.990451
1.995033
1.964276
1.997793
2.008228
1.963198
1.993606
1.992730
1.986929
2.004981
2.018671
2.020942
2.033633
2.022858
2.014783
1.997431
2.001284
1.994509
1.994234
1.980232
1.984113
1.994641
2.016330
2.019290
1.996502
1.990764
1.998397
1.997415
2.003304
2.010401
1.989463
1.982636
2.002835
1.989559
1.982657
1.989847
1.994886
2.001039
1.976655
1.996907
2.001670
2.008088
1.971727
1.978375
1.978694
2.010002
2.014840
2.025973
2.014866
2.011153
2.041074
2.001660
2.002534
1.986604
1.973796
1.986198
1.990956
1.995231
1.997258
1.982890
1.976922
1.974326
1.984481
1.997839
1.987782
1.985861
2.002137
1.996336
1.991404
1.989416
1.990578
1.980939
1.996233
2.008825
2.025105
1.991323
1.998296
1.999947
1.972834
1.984595
1.991049
2.010759
2.017992
2.026914
2.012836
2.010724
2.035862
2.002993
2.003922
1.983293
1.976745
1.990247
1.996196
1.995739
1.995490
1.980185
1.976337
1.975824
1.989514
1.997336
1.987097
1.985908
2.001883
1.996179
1.992393
1.989027
1.990368
1.981369
1.998053
2.009418
2.028020
1.994281
1.994389
2.002484
1.993384
1.993126
1.973787
1.999556
1.998648
2.013653
1.988366
1.986266
2.001098
2.005971
2.018689
2.028926
1.995200
1.991110
2.006039
2.009690
2.002623
2.011678
1.985948
1.996099
2.009342
2.012892
2.028660
2.030385
2.023265
2.015038
1.994719
2.002050
2.011835
2.001490
2.009059
2.002999
1.999618
1.996035
1.998620
2.011038
2.000710
1.993931
1.993778
2.000296
2.001028
2.017259
1.999052
2.001668
2.013355
2.005791
2.017908
2.024523
1.997647
1.994127
2.010235
2.009486
2.001962
2.008286
1.988389
1.995828
2.007127
2.013729
2.029892
2.028855
2.020836
2.016116
1.996868
2.002050
2.011882
2.004545
2.009049
2.002763
1.999081
2.000130
2.004065
2.025182
2.003562
2.005812
1.970096
2.021697
2.009276
1.995304
2.014058
1.995220
1.977108
2.009934
2.033967
2.036145
2.036543
2.026028
2.022385
2.013243
2.019319
2.022108
2.043068
2.036215
2.031651
1.992990
2.007324
2.010302
1.969863
1.976350
1.993104
1.998652
2.006305
1.978656
1.991421
2.003908
1.994877
2.003246
2.007501
2.044177
2.030885
2.020854
1.980856
2.021658
2.009629
1.997879
2.010900
1.994954
1.977150
2.005121
2.025077
2.025813
2.033182
2.024931
2.021639
2.013749
2.018626
2.020962
2.039808
2.034610
2.031744
1.993055
2.008794
2.014995
1.975320
1.980221
1.998757
1.997996
2.004626
1.977385
1.990336
2.003228
1.992308
2.011985
2.016522
2.015308
2.016096
2.016850
2.025074
2.008957
1.998689
1.975380
1.986086
1.998033
1.999622
2.001821
2.014864
2.006206
2.018086
2.007236
2.031770
1.994847
1.998768
1.979126
1.980624
1.984165
1.998978
2.020951
2.026435
2.031184
2.030483
2.021097
2.010610
2.000888
1.998625
1.997975
1.996982
1.978314
2.006793
2.007942
2.012329
2.000467
1.998648
1.998476
2.020792
2.008915
1.998978
1.977540
1.982241
1.995144
2.000056
1.998594
2.010818
2.002015
2.016529
2.005165
2.030534
1.996411
1.999852
1.986138
1.985087
1.987451
2.002079
2.022998
2.028181
2.033865
2.031947
2.020936
2.013367
2.002447
2.000189
1.999515
2.000942
1.980540
2.005753
2.010629
2.013069
2.008784
2.001174
1.989036
2.015365
2.013101
2.024091
2.025044
2.028896
2.018092
2.026557
1.997781
2.006658
2.023919
1.981983
1.986357
1.969642
2.014713
2.015134
2.015927
2.050341
2.038873
2.010383
1.996364
2.014397
1.993179
2.019678
2.019809
2.024089
1.998462
1.997838
2.007651
1.993781
2.003096
2.027069
2.012623
2.018954
2.018282
2.002623
1.989976
2.012343
2.009372
2.018914
2.016029
2.032183
2.026160
2.031125
1.998959
2.008115
2.021187
1.984889
1.987840
1.971932
2.013985
2.014171
2.020238
2.049993
2.036509
2.010093
1.996152
2.014174
1.991390
2.017575
2.019192
2.026176
1.998291
1.998583
2.008047
1.992988
2.002032
2.023323
2.000166
2.006909
2.032175
2.010360
2.017098
2.045791
1.993632
1.994285
1.983527
2.014248
2.005078
2.027766
1.998099
2.006207
2.009763
2.007920
2.004840
1.986143
2.005266
1.990921
1.980587
1.953821
1.963732
1.980835
1.982647
1.998011
2.002340
2.032401
2.033042
2.032036
2.000652
2.012885
2.024090
1.998999
1.989093
2.002709
2.002874
2.014926
2.041000
2.023419
2.022860
2.032057
1.995243
1.995883
1.988737
2.016889
2.003427
2.013098
1.998600
2.007314
2.010122
2.002855
2.006431
1.989995
2.005173
1.992711
1.983294
1.959872
1.966026
1.980889
1.982675
1.999701
2.003637
2.031623
2.034723
2.033163
1.998618
2.010183
2.023269
1.993318
1.985833
1.999432
1.992883
1.989636
1.983383
1.980374
1.961885
1.964787
2.007398
2.007842
2.015446
1.966921
1.980691
2.009256
2.006787
2.000537
1.988255
1.963760
1.978861
1.989588
1.997967
2.001396
2.020118
1.999048
1.998239
2.009596
1.982821
1.989273
1.961546
1.958788
1.975057
1.989046
1.994497
1.990393
2.026371
2.018076
2.019258
2.012833
1.994147
1.989611
1.981437
1.979294
1.961109
1.968264
2.008077
2.008923
2.015539
1.976100
1.993891
2.030724
2.002421
1.996725
1.982678
1.959431
1.977357
1.982912
1.998695
2.001240
2.019279
2.000331
1.999431
2.006863
1.982010
1.988308
1.960571
1.961465
1.977909
1.990327
1.993996
1.987884
2.020306
2.011107
2.015347
2.009549
2.015380
2.014042
2.027063
1.994619
2.001652
2.014765
2.005713
2.001059
1.995842
1.990411
1.989160
1.967036
2.002955
1.998594
1.985457
1.989880
1.991266
2.005121
2.002141
2.004884
1.981043
1.992101
1.989030
1.993242
1.993210
1.986253
1.986456
1.932397
1.947146
1.948986
2.003058
2.001242
2.003143
1.996837
1.999593
2.004000
2.013468
2.010263
2.021951
1.991487
1.998043
2.003249
2.007724
2.004528
1.997988
1.986112
1.987529
1.982132
2.002594
1.998549
1.985094
1.988729
1.991128
2.007296
1.999996
2.002800
1.977322
1.988269
1.988792
1.993024
1.993115
1.989980
1.996458
1.947980
1.954293
1.950322
2.002454
1.999045
2.003862
1.995386
1.995515
2.002877
1.992703
2.000371
1.993378
2.003601
1.993568
2.010326
1.995647
2.005644
2.014648
2.012010
2.007293
2.007753
2.004996
2.010100
2.014998
2.017916
2.010421
1.987465
1.991420
2.007058
2.017272
1.977215
1.988634
1.998345
2.009737
2.008619
1.997185
1.984328
1.986999
1.998119
2.009791
2.012619
2.023937
2.023225
2.009943
2.023005
1.995606
2.004199
2.002847
2.005985
1.991380
1.994179
1.991260
1.999173
2.007716
2.014086
2.005444
2.007448
2.007782
2.013498
2.015542
2.008674
2.005717
1.991328
1.991060
2.006887
2.017857
1.972391
1.982371
1.993478
2.007946
2.006886
1.995912
1.979701
1.985158
1.998479
2.008138
2.011015
2.018930
2.018190
2.008052
2.027415
1.999706
2.006251
1.995347
2.007286
2.005411
1.995414
1.997672
1.997076
1.969868
1.974803
1.978101
1.984457
1.996182
2.005214
2.001522
2.005506
1.999293
1.993046
2.009641
2.006598
1.990887
1.988228
1.986803
1.982016
1.998549
2.000148
1.989965
1.992603
1.989796
1.976430
2.016715
2.015495
2.022700
1.987832
1.988511
1.972773
1.996365
2.000937
1.986787
2.009443
2.011097
1.999299
1.997627
1.999483
1.975161
1.977304
1.977923
1.981100
1.994520
2.002420
1.994457
1.997555
1.994300
1.984893
2.012787
2.009210
1.991829
1.991785
1.989151
1.991192
1.997160
2.000483
1.993122
1.998524
1.994415
1.976337
2.016736
2.015438
2.022805
1.987517
1.988419
1.974699
2.006277
2.013012
2.018521
2.011533
2.018433
2.038910
1.998827
2.009567
1.992516
2.009344
1.983558
1.961610
1.998965
1.997730
1.964901
1.966241
1.980884
1.984481
2.002059
1.989834
1.969036
1.998018
2.000980
2.024120
1.995364
1.989201
1.982283
1.979311
1.971417
1.954656
1.993972
1.989959
1.971320
1.977404
1.978606
1.987541
2.004042
2.013710
2.014626
2.008553
2.007302
2.035531
1.999216
2.008102
1.989653
2.010600
1.983105
1.958179
1.999566
1.997182
1.962621
1.968507
1.980471
1.989103
2.000598
1.988056
1.965992
1.993063
1.994790
2.022079
1.994520
1.986703
1.984565
1.980755
1.969777
1.951689
1.993356
1.989539
1.973542
1.977623
1.978059
1.984096
2.005064
2.006707
2.020509
2.014061
2.017108
2.003575
1.992913
1.998008
1.992683
1.998349
1.997605
1.980860
1.993761
2.002480
1.983012
1.981127
1.986524
1.967567
1.996026
2.015504
2.015884
2.009699
1.999391
2.019692
2.001904
2.004049
2.001027
2.034278
2.024914
1.987083
2.007532
2.003509
1.982609
2.011890
1.993915
1.992948
2.006075
2.007259
2.024525
2.026213
2.024176
2.007228
1.995610
2.001844
2.006763
2.006643
2.002375
1.991949
1.995881
2.005667
1.984039
1.983363
1.986778
1.970090
1.994998
2.014777
2.011220
2.010534
1.998371
2.014082
2.002501
2.003280
1.997809
2.028438
2.018424
1.983839
2.007776
2.004589
1.982961
2.013848
1.995085
1.994258
2.008091
2.009843
2.009929
2.026603
2.034978
2.014947
2.003726
2.009931
2.013538
2.000589
2.008681
1.995309
2.009013
1.997479
1.977010
1.956324
1.972664
1.984066
1.997794
2.000631
2.005391
1.990432
1.989360
1.993713
2.002758
2.014835
2.038311
2.030801
2.028836
2.038455
1.989370
1.995311
1.991848
1.986635
1.986923
2.004353
2.008142
2.012486
2.016150
2.034765
2.037594
2.031222
2.002963
2.009929
2.015716
1.993872
2.001344
1.989141
2.007449
1.995675
1.975698
1.956694
1.972981
1.983635
1.997815
2.001547
2.005417
1.987237
1.986560
1.989641
2.002294
2.013897
2.034411
2.029049
2.028652
2.036127
1.988820
1.995314
1.996881
1.990206
1.989039
2.004715
2.007718
1.999158
1.994851
2.004584
2.003323
2.008691
2.003486
2.007496
1.987084
1.995588
1.995231
2.007917
2.004999
2.013285
2.038476
2.033384
2.020957
2.020630
2.008171
2.009864
1.986974
2.008392
2.006782
1.990601
2.011214
2.018705
2.021228
2.024265
2.026445
2.016860
1.995778
1.991515
2.003059
2.003532
2.007549
1.976509
2.007542
1.997894
1.977926
1.989143
1.995225
2.002967
2.000242
2.002624
1.979591
1.984448
1.983813
2.004131
2.004235
2.012583
2.037789
2.035519
2.021574
2.020597
2.009173
2.010893
1.996603
2.016128
2.013518
1.996488
2.006793
2.012774
2.012346
2.019076
2.021019
2.013777
1.996874
1.994229
2.006235
2.005266
2.009931
1.976381
1.995288
2.005551
1.965378
1.969717
1.977271
1.988676
2.002443
1.992127
1.969795
2.003040
2.000473
2.015350
2.010062
2.010689
2.005811
2.004597
2.009286
2.020037
2.004608
2.014440
2.035103
2.013179
2.004211
2.007739
1.987480
1.988184
2.003118
1.998630
1.986364
2.004726
2.002903
2.001510
1.984484
1.993977
1.992310
1.998738
1.999184
2.010328
1.967005
1.998315
1.997095
1.989779
2.006311
1.997100
1.973825
2.005342
2.008178
2.020899
2.009927
2.011632
2.009278
2.005637
2.007950
2.019703
2.006001
2.016774
2.026960
2.005223
1.997352
2.006452
1.986563
1.988219
2.002996
1.997852
1.986683
2.006349
2.004425
2.003234
1.986527
1.996680
1.992747
1.995895
1.997727
2.003280
2.009182
1.972013
1.977886
1.976835
2.026407
2.020312
2.011152
2.019381
2.028640
2.010642
2.003043
2.008572
1.990916
1.983002
1.997984
2.003642
2.002624
1.993138
2.011567
2.005848
1.990042
1.972810
2.017301
2.033054
2.034955
2.031038
2.019173
2.026541
2.005388
2.009781
2.034662
2.034999
2.015814
2.010310
1.992143
1.999906
2.001041
1.973406
1.984269
1.989208
2.024688
2.016447
2.006640
2.022217
2.033114
2.013934
2.005357
2.010200
1.998438
1.996060
2.007480
2.007954
2.004014
1.993800
2.008542
1.998108
1.987994
1.973571
2.016542
2.032142
2.035508
2.034205
2.023524
2.027854
2.007153
2.012041
2.040671
2.037176
2.018009
2.013943
1.994927
1.995689
2.004553
1.994575
1.994772
1.975519
1.994986
2.004102
2.017318
2.000605
1.987809
1.996909
2.012141
2.016154
2.029028
2.034637
2.015531
1.997915
1.995230
1.998625
2.007339
2.028864
2.014733
1.989596
2.009693
2.016945
2.016490
2.016540
2.017999
2.012486
2.001748
2.011305
2.018247
2.012074
2.012383
2.002420
1.996681
1.999919
2.013107
2.002260
1.995577
1.995508
1.990926
2.001449
2.010207
1.997364
1.983059
1.987298
2.008684
2.011378
2.024939
2.032996
2.019097
1.998303
1.995409
1.999204
2.010879
2.036013
2.018653
1.987710
2.008265
2.016217
2.015347
2.010983
2.014446
2.007083
2.002361
2.012268
2.021133
2.015471
2.015973
2.002945
1.999767
2.003583
2.022869
2.000804
2.003796
1.968828
2.015521
2.001757
2.025394
2.048267
2.026818
2.017936
2.000647
1.998070
1.976172
2.002209
2.002151
2.025721
1.991587
1.992876
1.995587
2.017726
1.996170
2.008232
1.996489
2.000853
1.998251
1.981682
1.987906
2.003516
1.999955
2.008755
2.018765
2.015405
2.006870
1.988207
2.002883
2.007019
2.041864
2.028127
2.018837
1.979588
2.013838
2.000599
2.027405
2.044459
2.026784
2.010410
2.003211
2.003006
1.982671
2.004446
2.004552
2.031484
1.991994
1.993334
1.996710
2.022266
1.997561
2.013544
1.996087
2.000908
2.000389
1.981743
1.986178
2.004066
2.000865
2.011174
2.023891
2.017834
2.008556
1.992845
2.011459
2.016619
2.015963
2.017127
2.016808
2.023657
2.015304
2.016370
2.024362
2.013259
2.001177
1.991429
2.005088
2.007591
1.968418
2.000191
2.000646
2.005094
1.993197
2.014483
1.992511
2.002303
2.004331
1.981966
1.983819
1.991074
1.972463
1.987331
1.970628
1.980293
2.022907
2.018285
2.047646
2.047864
2.033661
2.008444
2.007416
2.012426
2.001122
1.999603
1.998434
2.019375
2.014551
2.019159
2.029085
2.020652
2.010071
1.995392
2.004802
2.005143
1.967052
2.000181
2.002463
2.004793
1.989851
2.009729
1.984539
1.989640
1.991888
1.972010
1.984192
1.990970
1.971751
1.987271
1.970873
1.980995
2.023871
2.019402
2.050020
2.049688
2.033527
2.006296
2.009961
2.012589
2.009083
2.001568
1.988831
2.015302
2.007937
2.010755
2.007242
2.021305
2.004368
1.998273
2.001405
2.002567
2.001654
1.980701
1.979339
2.008915
1.993607
1.999281
1.994270
1.967768
1.972697
1.977046
2.004164
2.013817
2.036832
2.016400
2.004179
1.977019
2.003858
2.025449
2.004321
2.018199
2.012745
2.032772
2.011955
2.018475
2.018580
2.003017
1.989985
2.012587
2.008002
2.010188
2.005012
2.021714
2.013305
2.015460
2.008313
2.010458
2.017649
1.995702
1.990861
2.013907
1.991731
1.998048
1.993117
1.967110
1.974914
1.979163
2.001876
2.011511
2.036623
2.014389
2.001933
1.974426
2.003249
2.025023
2.004234
2.018133
2.012952
2.033605
2.000117
2.006736
2.032165
2.010038
2.017838
2.045783
2.003936
2.005389
1.996501
1.992473
1.997512
1.995249
1.993742
2.000309
1.985748
1.997178
1.997870
2.005019
2.007278
2.016598
2.003965
1.998598
1.997241
1.992116
2.006854
2.006960
2.006662
1.995182
1.991611
1.995910
1.998394
1.998241
1.972809
1.990227
1.992065
2.008151
2.002825
2.014754
2.040814
2.023097
2.023493
2.032818
2.001168
2.001453
1.987091
1.988962
1.990909
1.987395
1.994016
2.000273
1.987927
2.003597
2.003286
2.006692
2.007200
2.015211
2.005904
1.995300
1.995705
1.997670
2.004613
2.003968
2.001283
1.989944
1.987479
1.995615
1.999763
2.000054
1.977017
1.989474
1.989595
2.005328
1.994176
1.991049
1.984919
1.982687
1.963521
1.964534
1.991513
1.994998
1.957849
1.986865
1.995974
2.010649
2.011749
2.021852
2.022896
2.003324
1.999548
1.979520
1.999955
2.001831
2.002437
1.990768
2.002560
2.025685
2.009783
2.023362
2.031887
2.029000
2.005772
1.996350
2.003335
2.002348
1.984501
2.016704
2.005168
1.997812
1.995408
1.991234
1.983789
1.980631
1.960303
1.967443
1.997225
2.001562
1.970029
1.986914
1.993155
2.013699
2.011791
2.020365
2.028177
2.014653
2.007958
1.974882
1.998321
2.001714
1.999636
1.984975
1.996660
2.027472
2.009711
2.023935
2.033020
2.028569
2.006433
1.997708
2.002408
2.001797
1.985262
2.015340
2.003910
1.996004
2.014247
2.011431
2.022677
1.984897
1.994597
2.009673
2.001840
2.010937
2.010775
2.023984
2.026567
2.033319
1.998105
1.997099
1.970445
1.980141
1.982409
1.994379
2.011680
2.009577
2.001185
2.002261
2.003403
2.009887
2.006064
2.013501
2.025620
2.021256
2.008872
1.980680
2.009647
2.012349
2.043131
2.006273
1.994587
2.026269
2.012335
2.007652
2.017565
1.981680
1.990984
1.995769
2.002065
2.008942
2.003416
2.013343
2.017600
2.035274
1.998165
1.996572
1.968971
1.975344
1.978262
1.991060
2.012799
2.010326
2.002761
2.003619
2.004300
2.007694
2.005779
2.012258
2.021735
2.019053
2.009749
1.985791
2.009063
2.011896
2.042665
2.003739
1.993266
2.025164
