1.993381
1.991998
2.004364
1.991102
1.987086
1.978649
1.964813
1.948882
1.998453
2.014460
1.993574
1.989275
1.997593
2.016447
2.029111
2.038584
1.993725
1.991671
1.933916
1.944549
2.001789
1.985763
1.986483
1.995620
2.000284
1.999365
2.014091
2.021886
1.993577
1.989954
1.998480
1.977543
2.011841
2.014799
2.022343
1.972600
1.994019
1.990477
1.977170
1.986895
1.991189
1.984028
2.004746
1.991337
1.982200
1.980081
1.975794
2.011127
1.998470
2.011274
2.005433
1.994709
1.991388
2.001498
2.034653
2.033641
2.017631
2.024201
2.027278
2.039374
2.014012
2.005134
1.989555
1.992865
2.000168
2.010427
2.024442
2.030379
2.000266
2.008204
2.015153
1.999794
2.006546
1.991491
1.999561
2.011696
1.988391
1.976774
1.983249
1.974603
2.006977
2.015857
2.005196
1.996799
2.021349
2.029258
2.010309
1.975390
2.005698
2.002310
2.012497
2.001189
2.021418
2.021683
2.025735
2.011443
1.995082
2.007774
1.993902
1.992643
2.001699
2.002204
2.000572
2.015936
2.001766
2.009982
2.032475
2.019777
1.982147
1.992018
1.957432
1.962620
1.999221
2.006200
1.974741
1.988979
2.014102
2.016861
2.023595
2.021912
1.999763
2.019971
2.028196
2.024027
2.004049
1.997790
1.993792
2.011072
1.994470
2.005483
1.966094
1.987606
1.990846
2.001347
2.012990
2.000120
1.991865
1.999402
1.975753
1.996751
2.005681
2.013639
2.008839
1.997898
2.000229
1.993591
1.994828
2.003036
1.989043
1.985514
1.992542
2.009862
1.997825
1.996458
1.964388
1.969759
2.017882
2.015771
2.024881
2.029481
2.014303
2.013063
2.007988
2.004168
1.996288
1.986935
2.012719
1.992276
2.006088
1.999266
2.008543
1.990842
2.018889
2.015515
2.006140
2.019101
1.996596
2.003074
2.009254
2.000370
1.994500
1.987853
1.969488
1.961174
1.983059
1.972082
1.956871
1.975864
1.984456
1.994265
1.978791
1.985311
2.004497
2.013063
2.001374
1.985738
2.020889
2.020476
1.995508
2.008698
2.000030
1.999158
1.995730
2.008705
1.984792
1.995798
1.995735
1.999222
2.007722
2.009167
2.045823
2.012297
1.998965
1.992041
1.987133
1.976176
2.006204
2.003945
1.993633
1.977292
1.997464
1.993258
1.994227
1.984798
2.008567
2.002543
2.006939
2.003837
2.007160
2.011876
1.997216
2.036387
2.001088
1.999149
2.009109
2.010167
1.989633
1.990747
1.986591
1.980553
2.010607
2.000275
1.989197
2.015688
2.006643
2.015339
1.988177
1.978636
1.994203
1.992452
1.980920
1.979244
2.001261
2.000672
1.968787
2.004143
1.999707
2.015861
1.990596
1.960646
2.003770
1.994089
2.005951
2.018830
2.005418
2.002562
1.976458
1.984817
2.007190
2.012333
2.033010
2.033645
1.990307
1.991063
1.978847
2.004465
2.012930
2.018039
2.015239
2.026872
2.006234
2.017230
2.046858
1.999258
2.006855
2.007355
1.996194
1.987080
1.996383
1.997651
1.952153
1.992172
1.994143
2.001874
2.008232
1.997257
1.990307
1.984373
1.973473
1.963819
2.016346
2.018568
2.028426
1.990135
1.988550
1.983279
1.984062
1.973421
2.003972
2.014697
2.043226
2.028607
1.995200
1.997838
2.002088
1.990795
1.996727
1.994381
1.991615
1.961133
1.989900
1.978440
1.971823
1.992392
1.997380
1.983629
1.987453
1.998809
1.989594
1.987716
1.991592
1.997856
2.006559
2.008789
2.026745
1.984883
1.995108
1.993079
1.998906
2.013580
2.002718
2.008101
2.018068
2.017767
2.009085
1.997870
2.001640
1.985606
2.002429
1.998811
1.963440
1.976059
1.998487
1.985367
1.973226
1.971581
2.017820
2.020900
2.031821
2.035554
1.995846
1.998787
2.020798
2.005980
2.024980
2.017480
1.999047
2.010230
1.991489
1.999063
1.978267
1.992333
2.006182
2.001208
1.972470
1.953581
1.989390
1.984460
2.020612
2.016458
2.009858
2.013730
2.057941
2.050001
2.006898
1.989395
1.965666
1.975798
2.010768
2.025536
2.051305
2.062139
2.007197
1.999283
1.994953
2.011793
2.000314
1.998370
2.011253
1.991051
2.002198
2.015209
2.011038
2.011982
2.001554
2.003138
1.989590
1.995128
1.990837
2.000911
1.988054
1.995622
1.986576
1.984553
1.993096
1.996515
1.999426
2.010562
2.017237
2.010616
2.002490
1.992038
1.996484
2.005368
1.994114
2.000661
1.992096
1.960253
2.005451
2.009275
2.021807
2.012379
1.990175
1.995261
1.994381
1.966973
1.995109
2.003010
2.011655
2.001153
2.001160
1.988687
1.975164
2.000229
1.999137
2.001760
1.998054
2.016007
2.008299
2.023969
2.043421
2.008234
2.005813
1.999384
1.948910
1.990573
1.995073
1.991668
2.000820
1.976722
1.987080
1.985484
1.967155
1.972236
2.003892
1.998152
1.991689
1.977969
2.016838
2.027775
2.050506
2.044384
1.988186
2.000657
2.020663
2.003965
1.990955
1.996500
1.994106
2.007929
1.985190
1.978897
1.953383
1.968992
2.008974
2.009113
1.984184
1.988302
1.992957
1.977577
1.988290
1.990003
2.002907
1.999739
1.995627
1.967637
1.995306
1.998765
1.997156
1.951872
2.010173
2.002299
2.015183
2.026338
1.989477
1.983467
1.980768
1.975053
1.993359
1.990847
1.984413
1.997548
1.981178
1.986671
1.977213
1.981158
1.986495
1.991797
1.985763
2.004035
1.994590
2.012250
2.039577
2.025057
2.002771
1.999383
2.001073
1.989830
2.016974
2.026055
2.036568
2.015356
1.996740
1.993366
1.998163
2.002384
1.999457
2.002717
2.021707
2.002518
1.975810
1.973997
1.954778
1.962852
2.012054
2.008071
2.011356
2.018713
2.000598
1.997863
2.001456
1.987518
2.003602
2.009439
2.016180
2.021841
1.994051
1.985722
1.984334
1.995634
1.996003
2.006977
1.999120
1.996885
2.014019
2.009570
2.034891
2.013104
1.992399
1.990540
1.953205
1.982276
1.995604
2.005991
2.004979
2.032208
2.004549
2.015504
2.020559
1.986619
1.999512
1.997540
1.990126
2.011227
1.993762
2.002489
2.008236
2.028099
1.974527
1.975820
1.978129
2.001675
1.986121
1.994803
2.005639
2.025301
1.994253
1.997702
1.987092
1.973521
1.999650
2.010806
2.026698
2.008319
1.997680
2.004724
1.974663
2.000463
1.986071
1.992221
2.003832
2.019065
1.991727
1.992678
1.990694
1.971356
2.006906
2.011509
2.008607
1.977856
2.000705
2.019567
2.028104
2.019581
2.009548
2.000582
1.986253
1.989140
2.007392
2.003642
1.983837
1.975690
2.005774
2.013377
2.004606
1.987774
1.999992
1.988001
2.003879
1.981403
1.993596
1.994727
1.996669
1.966696
1.993516
2.000115
2.007622
2.005414
2.003322
1.991284
2.012328
2.002757
1.992573
1.983564
1.960726
1.985637
2.004590
2.004352
2.038088
2.024109
2.008804
2.014800
2.014685
2.020631
2.009159
2.008316
2.011379
1.997211
1.992918
1.977296
1.972435
1.973653
1.987542
1.992504
1.983428
1.994899
2.012115
2.017948
2.008045
2.018677
1.992763
1.996283
1.987228
2.008470
2.003175
2.004759
2.000622
1.973231
1.992985
1.990609
1.978729
1.992314
2.011663
2.014612
2.010569
1.990457
1.986480
1.992411
1.988169
1.973279
2.000856
2.006325
2.018015
2.011431
1.992665
1.991139
1.970571
1.991245
1.986994
1.988777
1.972563
1.964291
2.015078
2.017952
2.030129
2.038900
1.996675
2.010051
2.003256
2.015314
2.004336
2.009377
2.033971
2.029382
1.994025
1.992539
1.999565
1.977011
1.994928
1.997870
1.997271
1.982430
1.984183
1.990379
1.973028
1.978677
1.994917
1.991714
1.975146
1.994227
1.983993
1.992244
1.973482
1.968711
1.996899
2.002440
1.996480
2.028688
2.005243
2.005799
2.011257
2.007358
2.017437
2.025047
2.020270
2.024527
1.988456
1.983417
1.951761
1.971947
2.015672
2.013433
2.013013
1.993388
1.992855
1.992017
1.987516
1.991914
2.013638
2.016370
2.045295
2.047307
1.999992
2.011930
2.023344
1.989923
2.004572
2.010028
1.995987
1.976053
1.998827
1.992617
2.012961
2.004420
2.006700
2.005806
2.010570
2.027397
2.007407
2.010031
1.994472
1.996409
2.001816
2.000004
2.010177
1.992125
2.004097
2.002468
1.974439
2.015935
1.996053
1.979263
1.987181
2.005234
1.992761
1.998383
2.001782
1.987361
1.998276
2.018455
2.009342
1.993314
1.995891
2.004315
1.989618
2.016684
2.008500
2.020332
2.019201
1.995931
1.977449
1.983894
1.975295
1.995315
2.001763
2.001383
1.990577
2.004228
1.995034
1.997480
2.034188
2.041645
2.006252
2.009576
1.999925
2.008891
2.000770
2.006171
1.987906
1.990560
1.996488
1.983123
1.978511
1.977359
1.997718
1.989094
1.990067
1.950277
1.996521
1.995017
1.996875
1.991829
1.976363
1.992413
1.957014
1.967375
2.005723
2.009170
2.021997
2.040841
2.007280
2.019211
2.004846
2.029545
2.004744
2.002960
1.994932
2.009908
1.995002
2.006331
2.027320
2.018382
1.998110
1.986800
1.981894
2.001672
1.990584
1.992560
2.009600
2.006427
2.000044
1.998335
1.995264
1.987411
1.990039
2.001049
1.988970
1.997905
1.993993
1.999765
2.007622
1.976510
2.004675
2.009681
2.009037
1.998742
2.005470
2.012850
2.020473
2.017897
1.999439
2.002371
1.988586
1.985096
2.006171
2.006285
2.036998
2.019517
2.004314
1.994292
1.985832
1.992538
1.995876
1.995513
2.002661
2.011054
1.975141
1.980232
1.964166
1.986458
2.001350
2.003554
1.996293
1.982220
2.010496
2.002187
2.023693
1.996519
1.987714
1.985861
1.993673
1.993054
1.998857
1.987744
1.976694
1.999534
2.010585
2.012487
2.004863
2.015143
1.996828
1.987318
1.985770
1.991110
1.997449
2.001950
2.028791
2.022927
2.017109
2.017039
2.025599
2.039158
1.996725
2.007523
2.002402
2.003825
2.004718
1.996457
2.007525
2.016240
2.005023
1.999754
1.993179
1.996137
2.017646
2.012630
2.022198
2.004290
1.994351
1.996629
2.021604
2.011530
2.011869
2.009273
2.039645
2.030470
1.999047
2.005904
2.015290
2.009624
1.992081
1.998574
2.000148
2.010899
2.011311
2.002844
1.977996
1.991462
2.031218
2.025439
2.042362
2.009380
2.007903
2.012977
1.995181
1.992768
2.002685
2.017388
1.994883
1.980018
2.009113
2.012331
2.011920
2.030120
2.017606
2.013746
2.020548
1.978145
2.015431
2.008283
2.017776
1.996851
2.008990
2.020877
2.035026
2.046544
1.977127
1.961736
1.970072
1.987464
1.998259
2.001936
1.990803
1.998705
2.008193
1.995131
1.998038
1.997072
2.002615
1.999799
2.013928
2.009782
1.998128
2.002116
1.988773
2.003926
2.002311
1.991802
1.983780
1.993608
2.000877
1.999171
2.007175
2.010545
1.997786
2.009492
2.016532
2.031764
1.996766
1.982949
1.987668
1.973723
2.002182
1.985552
1.967566
1.973289
2.006407
1.996512
1.978141
1.992890
2.000327
1.986117
1.998509
2.019398
2.001644
1.994742
1.986164
1.995508
1.987000
1.995817
1.993266
1.981921
2.002306
2.009394
1.975040
1.967374
2.002408
2.010613
2.030032
1.983538
2.001530
1.998977
1.984896
1.970315
1.981355
1.979302
2.001843
2.016189
2.012328
2.007736
2.013743
2.015030
1.996325
2.003143
1.957089
1.966923
2.010935
2.014000
1.990362
1.990205
2.005454
2.010022
2.010707
2.004524
2.006226
2.009979
2.011443
2.031030
2.000278
1.981668
1.989544
1.997629
1.991452
2.005855
1.997505
2.017669
1.994040
2.013611
2.013948
2.012564
2.004409
2.006664
2.010479
1.995604
1.997148
2.006813
2.005280
1.991826
1.988003
1.998145
1.992069
1.983599
2.003784
2.011828
2.034722
2.000453
2.013089
2.012574
2.014057
1.991728
1.998959
1.995473
2.015586
2.015404
1.993824
1.991182
2.015442
1.971265
1.989268
1.987896
1.996666
2.005687
2.009833
2.012921
2.016228
2.026787
1.980301
1.985038
1.979822
1.953212
1.994899
1.999104
2.004156
2.013483
1.992648
1.987207
1.983124
1.971164
1.991238
1.982904
2.005227
2.008481
2.004867
2.008808
2.014606
1.992627
1.997785
1.996214
1.983411
1.989756
1.983933
1.998171
2.009530
1.986202
1.996262
1.985715
1.967824
1.971636
1.978873
1.984327
1.964060
1.978455
1.979428
1.991384
1.982998
1.996883
1.995202
1.998925
2.018294
1.988429
1.998714
1.991122
2.025629
2.011600
2.003312
1.991936
1.984917
1.990221
1.991852
2.001148
1.998028
1.996215
2.002869
2.012086
2.026630
2.044959
1.987898
1.998421
2.014427
2.017319
2.003345
2.006581
1.990294
2.004053
1.997653
2.016786
2.011872
1.993372
2.010802
2.018314
2.027807
2.021836
1.989450
1.978114
1.977704
2.012040
1.990690
2.004418
2.004157
1.986710
1.991065
1.988602
1.994236
1.980988
2.001932
2.009073
1.996717
1.987860
1.994615
2.009579
1.995377
1.999937
2.009993
2.012460
2.012110
2.008950
1.997984
2.004736
2.008697
1.989649
1.997304
1.996036
1.992763
1.965233
2.015686
2.011974
2.013892
2.016352
2.000342
2.000622
1.988387
1.986898
1.984262
1.979699
1.952745
1.958525
2.000650
2.002642
2.010875
2.040613
2.000962
1.992107
1.990398
1.977094
2.007714
1.998392
1.986295
1.983587
2.003016
2.001896
2.023942
2.001123
2.007697
2.016415
2.003047
2.007241
1.987160
1.997555
2.007837
2.008392
1.984135
1.995000
1.995057
1.974859
2.000272
2.006337
1.995073
2.020851
2.007820
2.018022
2.005422
1.995770
2.004380
2.005498
2.028398
2.013838
1.993140
1.979221
1.973083
1.993619
1.990200
1.993826
1.989684
2.015899
1.997006
1.998159
2.022466
2.030349
2.009969
2.010387
1.981226
1.999450
2.004842
2.006408
2.020694
2.004676
2.007560
2.021551
2.046313
2.041830
2.024017
2.020300
2.003376
1.993061
2.006023
2.009752
2.014607
2.021760
2.019477
2.018424
2.041994
2.036077
2.004192
2.012880
2.019273
2.026808
1.991614
1.992293
1.993699
2.000759
1.997037
2.001928
2.009679
1.977347
1.997870
1.976835
1.954039
1.963994
2.010280
2.004051
2.012787
2.028661
2.001006
1.989755
1.973012
1.990987
2.004018
2.011225
2.008087
2.024644
2.007401
2.002494
1.998926
1.987149
2.009816
2.015380
2.028925
2.044478
1.993714
1.996275
2.001785
2.013017
1.994308
1.989859
1.988664
1.973915
2.008637
2.024719
2.004976
1.981832
2.008199
2.012326
2.020255
2.015917
2.005234
2.007998
2.018738
2.022159
2.007085
2.004763
2.008943
2.003038
2.020966
2.016254
2.022093
2.032696
1.994318
2.003579
2.024078
2.024672
2.000351
2.004660
2.007377
1.987497
1.994408
1.989256
2.020335
1.999080
1.989651
1.998769
2.018690
1.991621
1.986562
1.990465
2.012660
2.014205
1.989506
1.987089
1.999716
2.009308
1.995828
2.000666
1.991271
1.983460
2.003435
1.997392
1.956476
1.973035
2.010693
2.010546
2.024654
2.050526
1.992460
1.990815
2.005460
2.011933
1.999682
2.018050
2.016435
2.015717
1.992750
1.993825
1.990547
1.947385
2.000884
1.998920
1.981896
1.961620
1.991460
1.993107
1.997544
1.987359
2.005205
1.995983
2.019966
2.051882
1.995823
2.000785
2.010454
2.017372
2.014422
2.006179
2.022433
1.975717
2.006263
1.997483
2.037709
2.025134
1.994615
1.994289
2.000892
2.029600
2.001781
1.997680
2.005812
1.979746
1.985736
1.983461
1.987964
1.979249
1.999472
2.015915
2.039560
1.984812
2.007967
2.012930
2.031421
2.033155
2.013401
2.006497
1.970075
1.978470
2.002474
1.990892
1.967281
1.982409
2.002840
2.008560
2.018279
2.023402
1.995611
1.982486
1.986258
1.988185
2.006285
2.016420
2.011576
1.984742
1.993624
1.989002
1.992194
1.972946
2.001944
2.007635
1.994090
2.015043
1.987281
1.987960
2.001357
2.019554
1.999157
2.011377
2.031857
2.019647
1.992858
1.989067
1.982448
1.958459
2.001044
2.002160
2.011899
1.993812
1.993546
1.993769
1.984168
2.002819
1.991764
2.000753
2.006474
1.970706
2.000393
1.989466
1.977402
1.971949
2.001924
2.002725
1.985481
1.992232
2.003173
1.993183
1.985687
1.977522
2.001096
2.006666
1.993007
2.014811
2.000013
2.007290
2.017764
2.003136
1.989397
1.981428
2.005667
2.015436
2.002861
2.002794
1.990287
1.985969
2.008039
2.008259
1.992158
2.002060
1.983960
1.981257
1.995366
1.938585
2.000262
2.000769
2.020754
1.998524
