1.991778
1.995461
2.004848
1.985812
1.994131
2.004795
2.025816
2.004456
2.024390
2.030551
2.022173
2.026543
1.983976
1.990308
1.973499
1.979182
1.995273
1.985390
1.985127
1.991877
1.990259
1.993597
1.982189
1.960475
2.012318
2.012530
2.026678
2.029234
2.013697
2.020314
2.021755
2.020495
2.017540
2.025138
2.020052
2.024869
1.996695
1.998631
1.996320
1.990768
2.022448
2.034368
2.038047
2.022445
1.984267
1.978251
1.980562
2.010658
2.005072
2.015376
2.019196
1.994460
2.000370
2.011976
2.024412
1.990437
1.984248
1.985793
1.970407
1.981307
2.005335
2.008249
2.005543
2.004229
2.005293
2.001942
1.969898
1.999397
1.988701
2.001938
1.988895
1.979548
2.001759
1.999823
2.010063
1.991961
2.006425
1.991736
2.027766
2.011207
2.011422
2.009071
1.968912
1.949266
1.993701
1.989576
2.015788
2.002172
2.010374
2.019419
2.025881
1.985584
1.995943
2.004383
1.989657
2.017097
1.984627
2.002369
2.001070
2.023189
1.997968
1.998705
1.958572
1.971584
1.993202
1.986113
1.973472
1.991734
2.008674
2.009435
2.009339
1.966931
2.007426
2.011316
2.003430
2.007769
2.006428
2.008108
2.019813
2.031565
2.011355
2.010459
2.041648
2.052836
1.994748
1.982079
1.994132
2.003587
1.994586
1.995993
2.010239
1.999904
1.976276
1.992413
1.956964
1.966576
1.979176
1.982585
1.979614
2.003552
1.998941
1.987685
1.996811
2.022651
2.007118
1.999728
2.017872
2.032032
1.997515
2.004990
1.987955
2.012282
1.998410
1.987142
1.982618
2.001916
2.005600
2.001706
1.997776
2.002936
1.992604
1.989888
2.003016
1.992098
2.012606
2.014368
2.010297
1.995745
2.005972
2.009376
2.048543
2.025021
2.003768
2.008464
2.003883
1.995402
1.994161
1.992999
2.000142
1.998532
2.001640
1.984987
1.985897
1.995669
1.978977
1.988479
2.009659
2.020639
1.993553
1.991609
1.957447
1.959166
1.996066
1.995404
2.001211
2.009976
1.984288
1.989496
1.996625
1.993798
1.990828
1.984149
2.005800
1.992989
1.992175
1.998429
1.997130
1.999541
2.003593
1.989492
1.992283
2.006452
1.999297
1.987811
1.976204
2.000929
2.006646
2.018794
2.020268
2.018888
2.013643
2.005249
1.989036
1.992569
2.004665
2.006207
2.041699
2.012173
1.977553
1.963252
1.966691
2.004394
1.996453
2.007430
2.002233
2.003670
2.000250
2.015824
1.988264
1.974204
2.006459
2.015198
2.006071
1.997170
1.986947
1.978799
1.965974
1.947579
1.996457
1.984800
2.004184
1.987553
2.012345
2.008334
2.033980
2.028868
2.002722
2.011917
2.006794
1.987872
2.001959
2.002751
2.004205
2.020568
2.000746
1.999985
2.014480
2.022094
1.996970
2.002431
2.029847
2.031580
2.008323
2.013440
1.995251
1.992211
2.009712
2.023591
2.037231
2.011192
1.999473
2.019124
2.028189
2.023861
1.982020
1.980647
1.978377
2.012264
2.008227
2.017063
2.007731
2.001661
2.009073
2.020994
2.034890
2.046347
2.012230
2.008859
1.990285
1.980527
2.005559
2.013760
2.008020
1.995341
2.000229
2.010179
2.025770
2.030830
1.998379
2.005394
2.002471
1.985660
1.998117
2.001668
1.988139
2.002109
1.996662
2.004234
2.026567
2.020885
2.013424
2.012123
2.005741
2.004197
2.019227
2.026797
2.007492
1.973040
2.007390
1.996872
2.014788
2.006320
2.001467
1.984076
1.966772
1.971452
1.997418
1.996559
1.987236
2.003526
1.994384
1.987882
1.969697
1.960891
2.002137
2.008890
2.031193
2.015955
1.999589
2.000252
1.986603
2.000888
2.002249
2.009138
1.974522
1.967283
1.996161
2.001829
1.993740
1.982221
2.000068
2.001102
2.000223
2.011347
2.003297
1.997388
1.993102
2.011276
1.992484
2.000101
1.992041
2.006225
1.997116
2.002263
1.958516
1.968925
2.000591
2.010283
1.988997
2.007505
1.997315
1.992876
1.994757
1.983789
2.000218
1.993276
1.994467
2.002932
1.996707
1.991372
1.996703
1.996210
1.991621
2.005660
1.996127
2.016096
2.000895
2.011853
2.020846
2.017219
2.011105
2.000851
1.990330
2.016776
1.996201
1.986660
2.012687
1.991812
1.996946
1.996172
2.018815
2.012817
2.003674
2.011761
2.033553
1.999905
2.001352
2.012291
2.005526
1.987803
2.002959
1.993605
2.005648
2.018660
1.983071
1.971865
1.956344
1.975924
2.001233
1.997543
1.993222
2.019574
2.010741
2.014217
2.015608
2.027082
1.996930
1.985033
1.955894
1.993737
2.006915
2.017667
2.047076
1.998517
1.984695
1.995665
1.995047
1.998198
2.000906
2.002821
1.996393
2.002616
2.005228
2.009491
2.014320
1.993126
1.994706
1.992654
1.994344
1.956202
2.015986
2.018317
2.029753
1.991236
2.010055
2.003957
2.008500
2.006599
2.011661
2.009696
2.049465
2.021339
1.979653
1.991639
1.984488
1.999423
2.001778
2.012472
2.019184
2.006596
1.989469
1.978363
1.972567
1.992976
2.007546
2.016643
1.992865
1.982428
1.997546
1.986457
1.984345
2.012767
2.002535
2.011821
2.026639
2.045377
2.005901
1.991957
1.986780
1.972172
2.002442
2.007911
2.016874
2.016256
2.005164
2.002178
1.977356
1.985717
1.985057
1.990732
1.980240
1.984605
1.988986
1.977913
1.977590
2.011437
2.006533
2.000455
1.994576
2.002501
1.996632
1.998884
2.021156
2.007190
2.006779
2.006948
1.996243
1.988036
2.005346
2.012480
2.011851
2.012452
2.009620
2.012736
2.014457
2.010679
1.994505
1.989865
1.977090
1.995361
2.011376
2.016121
2.063926
2.050302
1.988758
1.983437
1.983816
1.973372
2.013784
2.004397
2.021617
2.020767
1.984327
1.980043
1.951742
1.957978
1.998061
2.006739
2.045990
2.004314
2.004390
2.017832
2.012453
2.010393
1.997538
1.983715
1.987555
2.000574
1.995586
1.998531
1.990684
2.017318
2.007320
2.016113
2.002358
2.006049
1.998371
2.002359
1.982557
2.007317
2.001620
1.991245
1.996590
2.004615
2.009104
1.998295
2.000506
1.983134
2.011433
2.018484
2.022918
1.990653
2.004476
2.005736
2.028202
2.013824
2.000960
2.004267
2.016784
2.022769
2.000916
1.988487
1.974397
1.998573
2.025843
2.018383
1.999197
2.008486
2.005591
2.002210
1.989174
1.958591
2.004909
2.007217
2.020935
2.004926
2.013269
2.023095
2.027688
2.007843
1.987407
1.985899
1.967025
1.973519
2.006255
1.989463
1.964562
1.975484
1.989698
1.999665
2.005034
1.990148
2.004218
2.012884
2.020056
2.027222
2.002985
2.001964
2.031051
2.030237
1.985874
1.980368
1.956684
1.969447
2.001750
2.002984
1.991385
1.993973
2.000884
1.979800
1.942614
1.951131
2.001512
1.989983
1.972988
1.990313
1.994561
1.998648
1.992027
1.986590
2.012932
2.005637
2.019288
2.027217
1.994904
2.001802
1.993593
1.960630
2.000173
2.020685
2.012281
1.984454
1.994367
1.989850
1.988680
1.974270
1.984588
1.974236
1.946316
1.970991
1.994238
2.011360
2.036835
2.021399
1.998539
2.000503
1.994388
2.013417
2.008473
2.020518
2.017485
2.034094
2.020908
2.016113
2.021277
2.032075
2.003067
1.992748
1.988261
1.997370
1.975963
1.973937
1.953627
1.963239
2.004286
1.996582
1.990589
1.976855
1.996640
2.018368
2.023024
2.000625
1.986670
1.990573
2.012257
2.014577
2.004765
1.997249
2.002363
2.008054
1.997139
2.009007
1.999356
1.997681
2.008760
2.008942
1.983041
1.987615
2.004423
1.995945
1.992055
1.987313
1.993126
1.991184
2.004769
2.013873
2.014452
2.003865
1.994285
2.036909
1.999210
1.996762
1.989382
2.010788
1.989635
1.983575
1.980535
1.974680
2.000764
2.012401
2.048424
2.030375
2.005402
1.996060
2.019537
2.051566
1.988674
1.979805
1.965065
1.969655
1.999338
2.010413
2.027424
2.007615
2.002499
1.998806
1.997965
1.989366
1.987140
1.988441
1.992395
2.003892
2.001290
1.997120
2.005444
1.979011
1.991257
1.996307
1.993085
1.988551
2.000921
2.020588
2.028805
2.021061
2.011663
2.008119
2.009346
2.017282
1.991883
1.987894
1.982232
1.994935
2.002416
1.991206
1.968388
1.983502
1.985947
1.978489
1.982347
1.983105
1.993618
1.994690
1.994805
1.967876
2.013842
2.009264
2.034795
2.011511
1.995869
1.990844
1.995445
1.994127
2.002509
2.008124
1.994163
2.013604
1.992265
1.991891
1.995477
2.007498
2.007416
2.013094
2.011282
2.017179
1.994115
2.002825
2.010181
2.031744
2.011357
1.999144
2.004006
2.018939
1.993226
1.994224
1.983004
2.001893
1.999464
2.001139
2.012402
2.041000
1.992582
1.996114
1.987038
2.006987
1.998077
2.005264
1.975985
2.001282
1.996622
2.011525
1.999458
2.011185
2.001201
2.006847
1.993413
2.015265
2.007223
2.016371
2.032349
2.019976
2.001090
2.006917
2.019215
2.015330
2.009092
2.000362
1.985417
1.987485
1.987122
1.980507
1.997777
2.004578
1.985125
1.983184
1.998878
1.942399
1.995082
1.979530
1.971035
1.999738
2.005326
2.010074
2.037785
2.029385
1.992685
2.000213
2.008786
2.005700
2.016492
2.020027
2.055748
2.034525
2.006340
1.999012
1.985499
1.995360
1.981503
1.982756
1.964701
1.964934
1.983790
1.992829
1.973678
1.968962
2.010554
2.008850
2.014344
1.999043
1.985782
1.993365
2.012073
2.013128
1.999286
1.997060
2.018151
2.005547
1.994638
1.983178
1.971967
1.970107
2.015767
2.013780
2.013066
1.993359
2.002923
2.004684
2.000369
1.973290
1.998830
2.009044
2.043118
2.015156
1.987930
1.993185
1.961400
1.998770
1.989234
1.988677
1.970173
1.973006
1.998525
1.992571
2.015013
2.006630
1.993510
1.991636
1.969123
1.990254
2.004437
2.003017
2.007861
1.992940
1.991769
1.997493
2.012999
2.024733
2.019191
2.025261
2.024484
2.018955
1.993672
1.977424
1.985486
2.003656
1.994093
1.991788
1.995957
1.971420
2.003896
2.002804
2.027536
2.022138
1.995568
2.013225
2.020351
1.990291
1.996045
1.983501
1.978266
1.989308
1.977220
1.983226
1.974826
1.993662
1.996332
2.001867
1.997110
2.029147
2.000185
2.012982
2.034504
2.027445
1.999672
1.995026
1.996471
1.985830
1.984866
1.984034
1.988694
1.999970
1.996043
1.982574
1.977138
1.978956
1.991313
1.991126
1.985201
1.989762
2.013384
2.010504
2.012755
1.998638
1.989512
1.976504
1.980102
1.968218
2.012104
2.018510
2.044975
2.038882
2.007317
2.019165
2.003997
2.027659
2.008029
2.007203
2.012873
2.030126
1.997482
2.000431
1.996849
2.006803
2.001242
2.019808
2.005251
1.993695
1.996517
1.999566
2.000292
1.984377
2.000607
1.999178
1.994757
1.986215
1.992808
1.998816
2.001940
1.988001
1.995764
2.002793
2.008584
1.988913
2.002542
2.024547
2.013090
2.026874
2.014027
2.009458
2.002856
1.997937
1.998663
2.002179
1.987189
1.986779
2.001803
2.001178
1.990711
2.004965
1.998077
2.003860
1.999617
1.997181
2.001266
2.001073
1.981845
2.014312
1.996488
2.010395
2.033434
2.016550
2.001193
2.003668
1.995175
1.981669
1.997801
1.989747
1.991270
1.951309
1.990566
1.999387
1.995749
1.978023
1.980447
1.978512
1.997251
1.998086
1.995083
1.986534
1.964519
1.961126
1.996848
1.986402
1.984063
1.989923
2.004057
2.002569
1.993827
2.007679
1.986058
1.972948
1.971817
1.967879
2.004918
2.010755
2.014168
2.005830
2.018195
2.017126
1.997638
2.005754
2.005517
1.999611
1.991750
1.994757
1.989574
2.001200
1.987555
1.998185
2.006709
2.015202
2.061057
2.016588
1.983814
1.992534
1.993848
2.014286
2.005698
2.001995
2.014436
2.021025
1.992923
1.998627
2.000440
2.011189
2.005620
2.005135
2.037038
2.020103
1.989519
1.987176
2.014938
2.000799
2.009198
2.008151
1.999296
1.988432
2.002512
2.007954
2.011354
1.995663
2.009330
2.011791
2.011573
2.028828
2.010561
2.002448
2.023724
1.996191
1.995389
2.006154
2.028668
2.025577
2.000304
2.012559
2.013547
2.033081
2.005634
1.994800
2.004903
2.022164
1.997535
2.000873
1.988344
1.999558
1.997510
2.002619
2.027842
2.021945
2.012863
2.011807
2.024511
1.988603
2.015019
2.028785
2.020126
1.996109
2.008475
2.020850
2.009210
1.996291
2.002162
1.999891
2.006961
2.010221
2.018540
2.013553
2.025026
2.004835
1.982330
1.984667
1.980285
2.006020
1.991195
2.006807
1.984275
2.015299
2.006214
2.006240
2.030234
2.028168
2.002035
1.988152
2.000955
2.017853
2.011410
2.002914
1.977766
1.992164
1.974204
1.965067
1.954406
1.978470
2.012315
2.018264
2.019604
1.996733
2.006634
2.028946
2.030486
2.025878
2.001507
1.998032
1.985414
1.969607
2.017340
2.013797
2.021268
1.979730
2.003562
2.000213
2.013921
2.004184
2.011284
2.014886
1.993151
1.972265
1.996067
2.000811
2.022852
2.009059
2.004534
2.009446
2.011188
2.005629
2.008790
1.996167
2.000038
1.999783
1.995521
1.991954
1.987008
2.001849
1.977375
1.981533
1.980976
2.008909
2.009778
2.010349
2.013388
2.026911
2.005119
2.006881
2.010862
1.997892
1.998531
2.010039
2.018164
2.033867
2.014961
2.016788
2.030990
2.016132
1.991675
1.991486
2.002646
2.031088
1.996787
1.993787
2.007082
2.004778
1.997678
1.995194
2.016809
2.012779
2.001460
1.994656
1.986478
1.996149
1.987738
1.992048
2.029910
2.003234
2.016161
2.006874
2.034609
2.012797
1.998838
2.003736
1.986990
1.988265
1.994963
1.999470
2.005278
2.012331
1.981085
1.979565
2.000701
2.014253
1.989678
1.993799
2.013957
2.011042
2.010482
2.000104
1.989103
1.996549
2.017244
2.016794
2.053151
2.030364
1.981688
1.996634
2.005333
1.986946
2.005962
2.009613
2.011431
2.033675
1.991036
1.994196
1.988031
2.000592
1.997830
2.008228
1.986964
2.000310
2.002451
1.992685
2.007126
1.992978
1.999694
1.991385
2.024698
2.010159
1.996838
2.005706
2.004424
1.994237
1.990235
1.985115
1.983514
1.980506
2.005469
2.012881
2.014828
2.003806
1.984083
1.994756
1.994526
1.982264
2.004962
2.007840
1.990078
2.003422
1.994155
1.990999
2.015936
1.970567
1.996788
1.996551
2.010555
1.992593
2.002043
2.009266
2.012747
1.987909
1.996014
2.002289
1.989208
1.971183
1.990043
1.987715
1.993050
1.978566
1.992829
1.986815
1.983264
1.971412
1.994452
1.980831
1.955562
1.991724
2.000648
2.005990
2.010382
2.021204
1.990618
1.985950
1.982735
1.968417
1.995246
1.994872
1.980667
1.957164
1.997259
1.987271
1.970465
1.973624
2.000823
2.006087
2.001122
2.016711
1.999439
1.981120
1.963309
1.980476
2.000377
2.001867
2.018192
2.017917
2.000656
1.991499
1.992598
1.978563
2.002695
1.989050
1.982560
1.991074
2.000590
1.985136
1.963361
1.998845
1.991964
1.986916
1.996271
2.005590
1.994348
1.997103
2.011929
2.004475
1.982707
1.992442
1.993112
1.972858
1.997457
2.016275
2.010842
1.990212
2.002566
2.015499
2.001590
2.007534
1.980723
1.987957
1.989816
1.981705
1.989276
1.998893
2.012699
1.997289
1.990238
1.993558
1.988476
2.015919
2.001891
2.009820
1.997621
1.988370
2.001615
1.988280
1.986715
2.000669
1.999321
2.001713
1.999748
1.986714
1.988375
1.992529
1.972420
1.970257
2.023886
2.020221
2.003274
1.993644
2.016145
2.011977
2.013813
2.015304
2.017584
2.023609
2.036133
2.015137
2.011331
2.014279
2.021370
1.999635
1.997163
1.987198
1.994377
1.994597
1.996581
2.001627
2.008456
1.976312
2.007495
1.997201
1.985475
1.981612
2.008696
2.007797
2.007930
1.999381
1.994564
1.994184
1.986563
2.004189
1.988225
1.990754
2.026451
2.001650
2.007671
2.001631
1.998387
1.987091
1.998901
2.005667
1.994328
2.019891
2.001523
1.992941
2.011658
2.009133
1.986528
2.003826
1.988157
2.020696
2.001008
2.017378
2.027495
2.003378
2.008426
2.012642
2.019661
2.015986
1.997238
1.997947
2.021193
2.028289
1.988638
1.982004
1.980759
2.013277
1.999729
1.995326
2.010074
1.987569
2.018958
2.016641
2.041591
2.030683
2.000577
2.005613
2.009168
1.986507
2.005692
2.009318
2.015382
2.025606
1.999009
2.002045
2.002887
1.990821
1.992174
1.985247
1.977580
1.995268
2.010442
2.012776
2.026747
2.020396
