1.988809
1.995200
1.984408
1.990295
1.981600
1.997776
2.011809
2.003689
1.974629
1.984761
1.991371
1.994756
2.002292
2.008825
2.013924
2.023489
2.011816
2.023863
2.000036
2.003707
1.999601
1.986270
1.977329
1.973528
2.018092
2.016936
2.030131
2.029010
2.026644
2.009956
1.989850
1.985379
1.942439
1.956155
1.971513
1.984966
1.995043
2.002458
1.995392
1.992813
1.983656
1.988976
2.010181
2.002085
1.974617
1.978870
1.988365
1.994557
2.001671
2.007702
2.006992
2.022894
2.012284
2.025002
2.002280
2.005334
2.000523
1.986122
1.976426
1.971834
2.018253
2.017040
2.029537
2.031216
2.029437
2.012925
1.989594
1.985161
1.941552
1.958448
1.972903
1.984943
2.001812
2.014306
2.011167
2.031693
2.022747
2.009961
2.012174
2.024974
2.032528
2.031073
2.019243
2.029939
2.005921
1.990571
2.011588
1.987796
1.987294
1.988638
2.002371
2.000508
1.989334
1.985030
1.992030
1.973760
1.986950
1.987442
1.963508
1.971630
1.963986
1.972674
2.020998
2.017693
1.997100
1.985997
1.986177
2.016953
1.997933
2.007742
2.003077
2.030442
2.023213
2.015309
2.007989
2.020724
2.025558
2.032446
2.026416
2.034012
2.004458
1.989536
2.007445
1.991660
1.991515
1.994422
2.000699
1.997827
1.983597
1.979436
1.990302
1.976269
1.987506
1.986566
1.961741
1.971700
1.963701
1.975450
2.021160
2.018025
2.001533
1.992201
1.991401
2.020001
2.005036
2.010732
2.014895
2.012331
2.015105
2.034649
1.992742
1.990122
1.976788
2.010594
2.007624
2.030983
2.013381
2.009541
2.012783
2.010108
2.019072
2.005340
1.992538
1.993854
1.969290
1.959720
1.963801
1.996654
1.994246
1.996717
1.991989
1.972739
1.966408
2.004060
2.010197
2.002963
1.980891
2.016532
2.008287
1.992636
2.002908
2.010447
2.011451
2.007214
2.001798
2.037704
1.994277
1.991922
1.983440
2.012998
2.002016
2.015068
2.011465
2.006643
2.011652
2.014987
2.020400
1.999238
1.994119
1.998874
1.982293
1.969399
1.970659
1.997175
1.996246
1.999775
2.000733
1.981005
1.974893
2.006616
2.010855
2.002678
1.982731
2.016563
2.008297
1.991998
2.004020
2.013457
2.026087
2.031590
2.027381
2.020194
2.005516
2.007091
2.015222
1.975570
1.990415
2.016473
1.997080
2.002836
2.004804
1.986633
1.982588
1.968408
2.009899
2.002385
1.984263
1.994954
1.988859
1.987244
1.992333
1.980762
1.975289
1.980224
1.980192
1.999103
2.008605
2.000531
1.989328
1.997768
1.996671
1.989971
2.005468
2.014768
2.033328
2.047701
2.040842
2.024452
2.006316
2.009034
2.013916
1.981019
2.000179
2.035012
1.999505
2.006112
2.010626
2.005927
1.999171
1.977548
2.008716
2.000918
1.979907
1.993834
1.986407
1.985617
1.993008
1.981309
1.975727
1.979064
1.980512
1.998657
2.008724
1.999405
1.988722
1.999579
1.996712
1.990615
2.004621
2.010082
2.019572
2.033329
2.035115
2.011952
2.004215
2.000286
1.982931
1.991580
1.994338
1.980574
1.993151
1.991103
1.987434
1.996519
2.007829
2.028680
2.009167
2.013427
1.982957
1.988459
2.005819
2.034808
1.989958
1.984383
1.966186
1.997425
2.003373
1.997639
2.003115
1.999698
1.993137
1.986774
1.999074
2.007663
2.004518
2.011961
2.023533
2.039530
2.036516
2.022911
2.005330
2.003015
1.984962
1.983850
1.989691
1.989857
1.995500
1.994166
1.997419
1.999206
2.009105
2.026648
2.005724
2.008487
1.976337
1.975259
1.992693
2.030681
1.990623
1.985286
1.968518
2.000174
2.004981
1.999091
2.003039
1.999305
1.990902
1.986030
2.000336
2.009797
2.009099
2.001960
2.002737
2.002813
2.001504
2.002915
2.000537
2.008375
2.015378
2.010132
2.005020
2.010004
2.003908
2.005422
2.012593
1.990000
1.989571
2.000198
2.001953
2.011970
2.022714
2.026130
2.030817
2.021242
2.006611
2.001638
1.977363
1.987961
1.998694
2.009779
2.015308
2.016476
2.002196
2.007736
2.003729
2.000959
2.009079
2.000479
1.986206
1.986602
1.994596
1.998814
1.995235
2.000801
2.005907
2.011995
2.003636
2.009163
2.004130
2.006172
2.019813
1.985483
1.984267
1.995109
2.001831
2.011987
2.020934
2.026587
2.027598
2.021804
2.008065
2.003423
1.983202
1.990759
2.001468
2.006970
2.015299
2.016649
2.000850
2.008339
2.004918
2.005532
2.002684
2.012067
1.980852
1.983609
1.989061
1.996897
1.998075
1.994647
1.977439
1.975922
1.980949
1.988278
1.992153
1.989137
2.008244
2.015414
1.993429
1.983630
2.006810
2.003173
2.002901
1.962627
1.965300
1.961645
2.012092
2.008848
2.015441
2.024562
2.016381
1.986660
2.001692
2.004273
2.029570
2.016498
2.012808
1.993203
2.006293
2.017219
1.984081
2.011598
2.008716
1.997575
1.997728
1.996466
1.981834
1.977925
1.980035
1.985744
1.989212
1.986233
1.999846
2.002515
1.986982
1.978281
2.007322
2.002944
1.997065
1.957823
1.962141
1.967645
2.012032
2.008107
2.013635
2.024771
2.015997
1.985714
2.001779
2.005376
2.033060
2.015158
2.011704
1.995429
1.999238
2.002852
1.999461
1.976164
1.983560
1.985756
2.000392
2.012690
2.000499
2.010739
1.987495
1.967628
1.996509
1.989204
2.000377
2.005772
1.994546
2.016894
1.985762
1.999043
2.015315
2.041515
2.029760
1.999941
1.986002
1.978329
1.971060
2.001726
2.000801
1.999389
2.011779
2.026481
2.007745
2.007395
2.002898
2.011223
1.994491
2.000367
1.996821
1.980999
1.992047
1.997079
2.000781
2.010969
1.998605
2.012195
1.986237
1.963350
1.997101
1.991553
2.004596
2.010688
1.997555
2.016076
1.982041
1.994404
2.007154
2.034366
2.023007
1.994149
1.986008
1.978232
1.970288
2.000802
2.000989
1.999406
2.012021
2.027868
2.011981
2.011617
2.008082
2.018491
1.989619
1.990244
1.983682
1.970304
1.971936
1.973130
1.993445
1.995746
1.988284
1.988489
1.985759
1.978421
1.994550
1.989806
1.971040
1.985186
1.985921
1.975251
2.008894
2.003254
2.012719
2.028140
2.015957
2.007973
1.997499
2.011962
2.005510
2.000082
2.013970
1.978721
2.010687
2.011555
1.987168
1.959596
1.980639
1.991828
1.990310
1.994408
1.993287
1.983710
1.974328
1.991341
1.996141
1.999460
2.002735
1.996570
1.990722
1.991009
1.996465
1.992027
1.972177
1.987192
1.982838
1.972956
2.007994
2.002988
2.014908
2.033951
2.021277
2.008697
1.998237
2.013805
2.002990
1.993628
2.009746
1.981697
2.010687
2.011555
1.985072
1.955903
1.978676
1.989752
2.001953
2.005142
2.018517
2.011065
2.008968
1.964884
2.007041
2.016294
2.020458
1.997030
2.008928
1.999964
2.000469
2.013736
2.027928
2.019232
2.012795
2.020192
2.008063
2.000210
2.013421
1.994636
2.000437
2.003986
2.016556
2.033154
2.043537
2.034538
2.017212
2.001677
2.009596
2.000496
2.022676
1.994524
2.005261
2.022358
2.006298
2.010984
2.038283
2.034876
2.021436
1.974507
2.008053
2.018405
2.025279
1.996549
2.005652
1.999385
1.998268
2.011165
2.022492
2.023471
2.019998
2.028472
2.007190
1.998951
2.017374
1.999758
2.005024
2.004425
2.016511
2.033203
2.043221
2.037684
2.018995
2.002694
2.008550
1.997870
2.016727
1.991219
2.002383
2.020668
2.016320
2.025398
2.013000
2.021313
2.017129
2.030340
2.009134
2.011976
1.997447
2.001837
1.998776
2.005429
1.988318
1.993282
1.980253
1.989937
2.006949
2.019778
2.006734
2.015850
2.007282
2.017696
2.025768
2.028651
2.018742
2.019856
2.004526
1.993765
1.994293
1.986283
2.001463
2.016268
1.982751
1.991360
1.997696
2.027197
2.012672
2.021535
2.004165
2.003828
1.999943
2.024703
2.007367
2.008646
1.992698
1.993060
1.989920
2.004459
1.988200
1.992797
1.981509
1.988703
2.008525
2.015205
2.007242
2.016055
2.007625
2.021634
2.029291
2.028091
2.018379
2.019613
2.006539
1.996071
1.994207
1.984643
2.001162
2.015539
1.982026
1.992160
1.996499
2.025083
2.009222
2.012676
2.007689
2.012426
1.998828
2.010617
2.000833
1.991367
1.973126
1.999900
1.999124
2.011257
1.995615
2.002265
2.014194
2.016643
2.013265
2.020213
1.984138
1.979209
1.968723
1.970915
1.980562
1.969476
1.991858
1.995952
1.987057
1.999255
2.003420
2.006569
1.987181
1.992883
1.991353
2.007076
2.012649
2.032749
2.011335
2.017777
2.019348
2.011284
1.996337
2.011748
2.004254
1.995572
1.975735
2.001978
2.007303
2.016772
1.994335
1.999370
2.010687
2.012862
2.011251
2.020660
1.983741
1.978343
1.969029
1.968060
1.979611
1.971358
1.991858
1.995952
1.986774
1.998355
2.003649
2.006766
1.988428
1.993351
1.991296
2.010928
2.016823
2.029726
1.997591
2.009627
2.028604
1.991258
2.001159
2.038430
2.029866
2.026936
2.023411
2.022114
2.030469
2.007198
1.999269
2.001906
1.989974
1.975265
1.966473
1.963430
1.986393
1.988011
1.965681
1.963665
1.969107
1.987855
1.984394
1.994124
1.972798
1.990662
1.996754
2.010869
1.998540
2.009632
1.995357
1.994231
2.008969
2.025076
2.000292
2.016773
2.035868
2.005900
2.010732
2.029116
2.028146
2.023071
2.018899
2.024942
2.035284
2.011190
1.999189
2.002987
1.993101
1.992629
1.976832
1.974222
1.986568
1.988009
1.965291
1.963349
1.969266
1.989594
1.984530
1.996041
1.978206
1.993508
1.997307
2.011349
1.997528
2.008779
1.994662
1.994602
2.008564
2.024799
1.990226
1.981897
1.976260
1.978936
1.963056
1.971309
1.995964
2.005498
2.024764
2.005046
1.990922
1.993796
2.004943
2.006313
1.987069
1.972593
1.986227
1.991088
2.000978
2.005240
2.006196
1.996055
1.987857
1.994131
2.003084
1.989891
1.998889
2.001814
2.005606
2.027684
1.996509
1.998831
1.986420
2.008790
2.001659
1.982718
1.991265
1.980981
1.975312
1.977494
1.965506
1.973544
1.992224
2.002877
2.017484
2.001577
1.985902
1.984195
2.006275
2.007718
1.983759
1.975541
1.990224
1.996293
2.000946
2.006422
2.006916
1.999080
1.988519
1.994197
1.998759
1.984584
1.990228
1.997004
2.004058
2.029562
1.996870
1.999372
1.986185
2.007940
2.000948
1.980856
2.013702
2.006305
2.024588
1.979031
1.991631
2.011737
2.009413
2.002409
2.026463
2.044517
2.028859
2.022927
2.008952
2.020360
2.033302
2.005209
2.000565
2.008440
2.003247
2.018431
2.024772
2.026989
2.003692
1.979000
1.998341
2.011356
2.012797
2.014220
2.002539
2.010496
1.998022
2.016789
2.018496
2.003991
2.005207
1.979739
2.008314
1.999473
2.016689
1.976765
1.988127
1.997059
2.007944
2.000851
2.025242
2.039341
2.026223
2.015701
2.008772
2.019579
2.028978
2.007327
2.003541
2.012636
2.005088
2.020579
2.031340
2.031106
2.008894
1.987636
1.996497
2.011059
2.013721
2.023177
2.012356
2.015114
1.997023
2.016035
2.014226
2.000912
2.001002
1.976960
1.989902
1.996271
1.985177
1.994184
1.986391
2.000645
2.014099
2.016389
2.024189
2.010622
1.995496
1.991398
2.011601
2.033460
2.035810
2.038066
2.028855
2.020900
2.000681
2.008518
2.012905
1.984133
2.001022
2.015287
2.002632
2.006223
2.020521
2.006266
1.995745
1.983189
2.010343
2.014665
2.006798
2.024559
2.010428
2.001016
1.996137
2.003528
1.996020
1.994641
1.984663
1.986350
2.013414
2.019505
2.025875
2.015770
2.004084
1.993667
2.006787
2.024545
2.024959
2.035152
2.027788
2.020174
2.001157
2.008191
2.011330
1.985095
1.998640
2.014125
2.003273
2.006380
2.021694
2.007115
1.996165
1.984438
2.010865
2.014929
2.007685
2.023615
2.008736
2.000726
2.000532
2.014042
2.007869
2.031137
2.025128
2.008697
2.007536
2.013474
2.007171
2.016622
1.998969
1.990482
2.004006
2.012408
2.002636
2.011778
2.001185
2.029997
2.015193
2.026325
2.040619
2.022325
2.016050
1.993491
1.995396
1.991031
1.993006
1.991973
1.992801
1.990428
1.998813
2.006919
2.015678
1.992459
2.003201
2.011593
1.996337
2.006494
1.996343
2.024912
2.022032
2.011413
2.007457
2.012637
2.004787
2.015607
2.006901
2.004359
2.001095
2.008869
1.998783
2.008957
1.997781
2.025925
2.016703
2.029432
2.041703
2.023888
2.018650
1.993862
1.994939
1.989309
1.990771
1.988126
1.989418
1.988935
1.999045
2.007878
2.016388
1.995911
2.006356
2.014358
2.004990
2.010774
2.015514
2.012367
2.015599
2.036282
2.006195
2.004993
1.993841
1.991417
2.000013
1.992717
1.994259
2.000379
2.007297
1.967888
1.972983
1.964604
1.995929
2.009931
2.018577
2.042489
2.015975
1.984908
2.003063
2.009033
2.007896
1.997658
2.007285
2.031860
1.986437
1.997385
1.985592
1.994750
1.993474
1.996705
2.002862
2.010489
2.012070
2.007217
2.002292
2.039337
2.003782
2.001929
1.986592
1.989721
1.995266
1.988361
1.996511
2.004087
2.010048
1.975666
1.979610
1.971277
1.988345
1.999689
2.002698
2.024982
2.003389
1.977157
2.005712
2.012417
2.011363
2.008168
2.012962
2.032949
1.986884
1.998031
1.988411
2.005776
2.003732
2.004489
2.003181
2.010925
2.020962
2.030059
2.026528
2.018842
1.986552
1.989603
1.958273
1.983743
1.993411
2.003592
1.997423
2.005628
2.003438
1.999177
1.997967
1.978822
2.007837
2.025966
2.052274
2.067423
2.047282
2.001405
2.007411
2.014232
2.017963
1.997618
2.004138
2.006609
2.001762
2.003817
2.018194
2.006678
1.993655
1.989526
2.004629
2.012236
2.028203
2.046170
2.039875
2.023101
1.992391
1.996124
1.968491
1.984046
1.989921
2.006961
1.998213
2.007176
2.002941
1.994538
1.999225
1.981731
2.005866
2.023388
2.047419
2.070565
2.050803
2.009085
2.006860
2.013644
2.017765
1.997795
2.003454
2.010919
2.001540
2.003833
2.018026
2.003787
1.991661
1.987874
2.005441
2.011058
2.020835
2.033358
2.035503
2.012253
2.002745
2.011404
2.005027
2.007089
2.014396
2.020081
2.007380
2.002502
1.990357
1.967410
1.982667
1.994396
2.007383
2.011588
2.014497
2.018226
2.020974
1.994829
2.009422
2.001804
1.995454
2.005930
2.000923
1.991899
1.995135
1.983424
1.999530
1.964732
1.959946
1.965405
2.005338
2.012937
2.024796
2.039660
2.036807
2.023407
2.003194
2.009804
2.000798
1.999659
2.007167
2.021443
2.003193
1.998904
1.984429
1.963925
1.981766
1.988302
2.007140
2.011284
2.014414
2.014002
2.015336
1.991721
2.007028
1.999010
1.992387
2.002047
1.998389
1.992935
1.995162
1.983234
1.999693
1.963893
1.959881
1.963712
2.008742
2.001751
2.002549
2.002253
2.000822
2.002792
2.006869
2.023432
2.016594
2.023932
2.023814
2.006928
2.005926
2.001410
1.988679
1.988616
1.990531
2.008212
2.005605
1.991548
2.010012
2.007272
2.012452
2.018800
1.982629
1.983196
1.990225
2.004850
2.006708
2.011215
2.007722
2.019202
2.029730
2.035329
2.018694
2.007629
2.008722
2.000270
1.986017
1.986042
1.993915
1.998690
2.005162
2.018804
2.009078
2.007732
2.014679
2.002311
2.005955
2.001868
1.988336
1.987662
1.989762
2.010643
2.008342
1.994831
2.013711
2.007789
2.014018
2.019774
1.982729
1.984111
1.990086
2.005451
2.009846
2.014050
2.007527
2.021418
2.032423
2.044172
2.026518
2.007898
2.002264
2.011319
1.981551
1.984795
1.989400
1.995084
1.998248
2.007319
2.020715
2.034235
2.028026
2.036854
2.004364
2.007829
2.012889
2.016653
2.008943
1.989482
2.003260
2.005179
2.008231
1.986232
1.986761
1.980653
1.994494
2.007720
2.001425
2.000984
1.999363
1.984316
2.002933
1.995723
1.999906
2.002645
1.993670
2.009221
2.005873
2.016472
1.984733
2.014439
2.010275
1.996338
1.996231
2.006353
2.025098
2.038601
2.033707
2.044423
2.007149
2.011714
2.015437
2.009146
2.006426
1.994528
2.003897
2.007030
2.011032
1.985688
1.986898
1.993353
1.995220
2.008699
2.001144
1.996106
1.996690
1.984151
2.002975
1.995561
1.999505
1.999287
1.993804
2.011339
2.000034
2.003660
2.003588
1.977619
1.981394
1.978449
2.002419
2.000810
2.021700
1.994219
2.002978
1.992211
1.997659
2.007379
2.007941
2.002225
1.996960
1.984415
1.995557
1.994235
2.014812
2.023461
2.010100
2.005433
1.997489
2.004479
2.020426
2.012133
2.019881
2.024745
2.000765
2.003864
2.024512
2.031506
2.010925
2.000173
1.995287
2.001929
2.001677
1.983739
1.991703
1.989907
1.999680
1.997436
2.015061
1.983118
1.993711
1.993872
1.996030
2.004436
2.000875
1.994605
1.992211
1.976665
1.994078
1.992445
2.007016
2.017426
2.004364
2.002023
1.998362
2.004919
2.019431
2.010691
2.019190
2.024066
2.000765
2.003535
2.023930
2.029858
2.010342
2.000533
1.989500
1.989977
1.983028
1.969402
1.971135
1.972304
2.009873
1.995350
2.006290
2.004216
2.003752
2.002533
2.001352
2.001548
1.966964
1.971005
1.986396
1.984093
2.002715
2.011146
2.011242
2.019055
2.012205
2.010944
2.008344
1.999922
2.009575
2.021886
2.023926
2.039613
1.998999
2.002754
2.007455
1.999294
1.991829
2.000683
1.990192
1.994140
1.992633
1.982808
1.973317
1.990254
2.008490
1.994172
2.001947
2.003127
2.005262
2.003762
2.001954
2.001001
1.964768
1.973378
1.985982
1.988649
2.001251
2.008441
2.010239
2.021702
2.011929
2.008569
2.008902
2.000268
2.013349
2.026914
2.026542
2.040284
1.998687
2.002627
2.006702
1.999629
1.991749
1.999930
2.002730
2.005886
2.019413
2.011839
2.008777
1.964329
2.003745
2.006091
2.021711
2.028078
2.013612
1.989640
1.991002
1.998663
1.975469
1.982949
1.986922
1.967341
2.006689
2.013840
2.000183
2.006555
2.021404
2.007695
2.002014
1.998607
2.008916
1.995546
1.994207
2.002010
2.010394
2.001632
2.034586
2.007961
2.010878
2.003211
2.006624
2.011187
2.039518
2.035364
2.021892
1.974782
2.005264
2.005958
2.013219
2.032238
2.018754
2.000082
1.992982
2.001694
1.976495
1.985265
1.987071
1.969634
2.008246
2.017217
2.008280
2.017611
2.027748
2.010834
2.002134
1.999096
2.009319
1.995823
1.994763
2.000287
2.008889
1.999643
2.035503
2.011690
2.013866
2.002427
2.016489
2.025006
2.013146
2.020752
2.016910
2.029683
1.995029
1.986248
1.984372
1.994537
2.004189
1.992322
2.010269
1.998720
1.980100
1.954815
1.969749
1.980307
2.036063
2.035544
2.040307
2.026792
2.005986
1.985853
2.006548
2.000578
2.010684
1.988600
1.987725
2.001751
2.003246
2.008547
2.021109
1.996165
1.991978
2.004836
2.012841
2.021143
2.004310
2.003590
1.999811
2.024326
1.994043
1.986711
1.991911
2.002414
2.001172
1.995291
2.007793
1.996529
1.976843
1.954740
1.968495
1.977995
2.034500
2.031861
2.032330
2.025684
2.008265
1.987381
2.006993
2.001193
2.012174
1.989524
1.989241
2.000848
2.001920
2.008142
2.017030
1.994373
1.989195
2.004575
2.008825
2.012096
2.007482
2.012432
1.999003
2.010813
2.003126
1.998106
2.001868
1.996061
1.987611
1.980690
2.004888
2.013571
2.038760
2.036085
2.021443
2.019272
2.007303
2.001189
2.009830
2.015051
2.006915
2.010434
2.011476
2.009651
1.981863
1.978905
1.982355
1.987345
2.013242
2.017400
2.016610
1.993165
1.995030
2.001229
2.010938
2.017198
2.019142
2.011487
1.996513
2.011791
2.001166
1.997581
2.000324
2.002638
1.989686
1.975061
2.003804
2.012566
2.038260
2.036264
2.021377
2.019313
2.005046
1.998486
2.009717
2.014700
2.006456
2.002739
2.008841
2.005391
1.978894
1.976838
1.978990
1.982939
2.013924
2.018809
2.022072
2.000895
1.996928
2.000056
1.997427
2.008031
2.030178
2.002397
2.010888
2.048476
2.009356
2.023017
2.020780
2.018948
2.005994
1.996991
2.010014
2.009736
2.004020
2.000902
2.006800
2.019694
1.995595
1.992187
2.004095
1.983305
1.981512
2.002785
2.005146
2.005933
1.985736
1.991226
1.993498
2.004393
2.020118
2.026423
2.019970
2.001999
2.006756
1.994142
1.999786
2.015448
2.037379
2.017545
2.021230
2.038340
2.003786
2.015784
2.014983
2.020275
2.010661
2.006464
2.009878
2.010679
2.007486
2.001942
2.005565
2.019455
1.994783
1.991648
2.004983
1.985101
1.984119
2.007418
2.006067
2.006505
1.987523
1.996750
1.997375
2.007089
2.020010
2.026804
2.021797
2.004794
2.008872
1.997260
1.990058
1.981722
1.976644
1.978122
1.962544
1.971181
2.005773
2.009467
2.020691
2.013791
2.013485
2.038026
2.003327
2.006908
1.989511
1.977577
1.993536
2.002601
2.006010
2.017783
2.031684
2.023036
2.009104
1.986741
1.998298
2.003410
2.015611
2.024038
2.015266
2.031017
1.990510
1.996743
2.005476
1.999597
2.007042
2.014467
1.991097
1.980806
1.975696
1.976625
1.964852
1.973513
2.006736
2.013653
2.022062
2.010702
2.013423
2.034139
2.005828
2.008728
1.998662
1.987724
2.001073
2.007196
2.008887
2.020417
2.035093
2.029708
2.015920
1.993457
1.998529
2.004363
2.017166
2.024322
2.015589
2.032109
1.989652
1.995285
2.002489
1.999874
2.006734
2.011525
2.013584
2.006453
2.025073
1.982653
1.994428
2.010840
2.001205
1.999920
2.012352
1.987899
1.988255
2.008069
2.008631
2.012680
2.024286
2.022018
2.007161
1.996721
1.999998
2.025537
2.029504
2.028669
2.024886
2.044488
2.008221
2.025654
2.012479
2.005382
2.012561
2.013535
2.005595
2.020335
2.004956
1.977026
1.990911
2.005631
2.008197
1.999621
2.017174
1.981373
1.990991
1.995660
2.001944
2.002301
2.015714
1.999228
2.003658
2.019494
2.005174
2.007905
2.020197
2.020627
2.010743
1.996729
2.002108
2.029332
2.045213
2.041697
2.035813
2.051911
2.006519
2.022493
2.008383
2.002384
2.012214
2.013080
2.005791
2.020874
2.004625
1.976093
1.988154
2.001733
1.988854
1.993842
1.981919
1.991582
1.982993
1.999060
2.021095
2.005872
1.993733
2.013118
1.994827
1.979024
1.998687
1.997048
1.974841
1.999753
2.000282
2.022153
1.999036
1.998111
1.987568
2.007750
2.008095
2.025033
2.000977
2.010244
1.994404
2.007044
2.020021
1.987641
2.006881
2.013863
2.013436
2.022606
2.008805
2.003597
1.995088
2.001099
1.992762
1.994099
1.985067
1.990183
2.022117
2.006668
1.996487
2.008443
1.994035
1.979734
2.001251
2.001984
1.981339
2.001991
2.002601
2.029242
1.997689
1.997405
1.988913
2.006240
2.006662
2.021169
2.000413
2.009856
1.988148
2.008651
2.021766
1.993145
2.007324
2.014509
2.016497
2.025099
2.013185
2.005411
2.001759
2.014391
2.010886
2.031826
2.023582
2.011083
2.010929
2.002694
1.975400
1.985516
1.993259
2.001092
2.002118
2.005791
1.963484
1.995948
1.996291
1.999027
2.001847
2.000435
1.974411
1.978235
1.973308
1.979639
2.004350
2.016138
2.021425
2.012348
2.003214
2.005579
2.008333
2.018903
2.011371
2.002696
1.992700
1.987733
1.997880
2.007828
2.002796
2.030576
2.024049
2.016431
2.009301
2.001790
1.976927
1.981449
1.991519
2.001282
2.001057
2.003071
1.959591
1.993583
1.996105
1.998265
2.001290
2.000024
1.972515
1.977395
1.971885
1.978763
2.003656
2.017054
2.024643
2.019381
2.007855
2.007935
2.007116
2.015914
2.008082
2.000446
1.990585
1.985897
2.004799
2.010083
2.014042
2.011164
2.014070
2.033354
2.012298
2.025091
2.033599
2.031253
2.019410
2.029827
2.003431
2.007892
2.007359
1.984783
1.981332
2.005182
2.004703
2.002709
1.977859
1.986121
1.987235
1.962502
2.001632
2.007182
2.006048
2.022607
2.012174
2.027999
2.003987
1.994509
1.970179
1.957253
1.974446
1.976864
2.002671
2.009797
2.010598
2.006014
2.000763
2.037067
2.008114
2.020840
2.026490
2.033186
2.026170
2.032884
2.010339
2.015783
2.023354
2.000061
1.992130
2.011267
2.007049
2.006667
1.986754
1.992137
1.993641
1.970900
2.001004
2.006445
2.004661
2.020803
2.011301
2.029513
2.002792
1.993597
1.968694
1.955424
1.972393
1.974846
2.004721
2.013413
2.025342
2.031066
2.026369
2.019559
1.992307
1.989265
1.974542
2.013048
2.009919
2.033279
1.992836
2.001309
1.984871
1.998520
1.996841
2.005508
2.009409
1.998557
2.022012
2.026879
2.023770
2.012420
2.002486
2.005775
1.997607
1.997632
2.008383
2.004216
1.998875
1.998205
2.020116
2.032791
2.012387
1.990802
2.006169
2.014723
2.032583
2.047522
2.039946
2.023830
1.993663
1.990761
1.979319
2.013987
2.003627
2.016448
1.992890
2.001170
1.987387
2.004874
2.002208
2.008121
2.008218
1.996349
2.018655
2.021349
2.018505
2.009011
2.002402
2.005523
1.997958
1.999185
2.008276
2.001711
1.998568
1.997047
2.015802
2.033799
2.012357
1.990464
2.005105
2.010380
2.019930
2.033710
2.037055
2.013748
2.005023
2.006668
2.015296
1.975783
1.990310
2.015579
2.011200
2.017659
2.014152
1.993855
1.995673
1.984262
2.006150
2.003241
1.982663
1.958260
1.975960
1.976163
1.997748
2.006932
2.003292
2.003218
2.020322
2.029215
2.006082
2.002891
1.989163
1.998329
1.995829
2.007657
2.005002
2.012259
2.023891
2.040009
2.038359
2.024902
2.005823
2.008610
2.013990
1.981232
2.000085
2.034118
2.011242
2.016402
2.019556
2.005222
2.004083
1.979979
2.006565
2.003185
1.983046
1.956651
1.976573
1.976405
1.998060
2.006900
2.001726
2.003281
2.020755
2.029934
2.005492
2.001601
1.987703
1.997097
1.995894
2.008621
2.008820
2.001865
2.003292
2.002565
2.001282
2.003619
2.004196
2.000342
1.982734
1.991045
1.993899
1.982238
1.997197
1.997010
1.971612
1.981859
1.984691
1.996852
2.006557
2.012859
2.012659
2.014104
2.026339
2.024571
1.995965
1.991276
1.971580
1.968086
1.976114
1.974932
2.007261
2.016874
2.032399
2.018751
2.011771
2.001639
2.008800
2.000383
1.986761
1.986354
1.994374
1.999517
2.005310
2.003070
1.984765
1.983315
1.989252
1.991522
1.997257
1.996482
1.970177
1.979925
1.981860
1.992640
2.005171
2.010221
2.013589
2.018550
2.030467
2.027948
1.995952
1.991491
1.975287
1.972052
1.979680
1.974055
2.007724
2.017324
2.033707
2.019591
2.012839
2.000480
2.001527
2.010840
1.980549
1.982377
1.987532
1.994939
2.000078
2.007363
2.015067
2.009911
2.004890
2.009490
2.006153
2.007059
2.009912
2.025769
2.007243
2.015913
2.005143
2.010683
2.022086
2.023294
2.016876
2.004209
2.012004
2.021560
2.016881
2.021886
2.029523
2.003430
2.005055
2.017781
2.040107
2.017044
2.016847
2.007894
2.005136
2.015993
1.983683
2.012022
2.008574
1.996870
1.994776
1.999789
2.005596
2.011514
2.003230
2.008587
2.005151
2.005624
2.011865
2.030257
2.013380
2.018971
2.003711
2.009506
2.017997
2.029840
2.021494
2.011131
2.011662
2.019116
2.015313
2.018740
2.026846
2.004604
2.006466
2.019965
2.045725
2.022482
2.021522
2.008609
1.999332
2.002160
2.000918
1.977093
1.982243
1.978547
1.998790
1.995652
1.978366
1.977380
1.981191
1.987981
2.004807
2.010531
2.001502
1.999588
1.992298
1.967220
1.999278
1.985665
1.986298
1.972525
1.985946
2.018602
2.003668
1.999947
1.988647
2.008637
1.997689
2.010495
1.981845
2.003046
2.010321
2.039134
2.024083
2.023788
1.994585
2.000429
1.999006
1.983213
1.992551
1.989356
1.998443
1.997471
1.982762
1.979382
1.980276
1.985447
2.006283
2.013678
2.007522
2.002353
1.998815
1.970018
1.999957
1.985933
1.986470
1.970887
1.984319
2.011973
2.002316
1.998135
1.985658
2.012472
1.999881
2.011513
1.982777
2.001800
2.008590
2.035940
2.022020
2.024773
1.985861
1.985036
1.979440
1.965750
1.968922
1.970199
2.000269
2.012110
1.998942
2.011687
1.988003
1.969002
1.985591
1.992626
1.960790
1.996045
1.988813
1.968496
2.011211
2.022572
2.027068
2.020839
2.008302
1.997324
1.997318
1.997224
1.991553
1.988684
1.992816
2.038029
2.003789
2.008609
2.009624
1.988560
1.972486
1.973851
1.986330
1.988801
1.989275
1.979196
1.971643
1.987316
2.000659
2.010389
1.997543
2.013702
1.986770
1.964059
1.986786
1.993342
1.962294
2.001200
1.995622
1.982376
2.011830
2.022783
2.026819
2.017871
2.007937
1.998482
1.998916
1.997789
1.995042
1.991649
1.996733
2.037984
2.003739
2.009071
2.009804
1.988665
1.974181
1.978088
2.001653
2.004443
2.017329
2.010224
2.008682
1.964623
1.993483
1.995728
1.988215
1.987020
1.984094
1.977180
1.991509
1.992030
1.993221
2.020314
2.013201
2.001150
1.994794
1.999992
1.978017
1.993163
1.983070
1.974462
2.021347
2.017457
2.034310
2.013902
2.000524
1.983927
2.001032
2.003552
1.994822
2.003004
2.012486
1.996193
2.005998
2.010405
2.037377
2.033749
2.021190
1.974200
1.996179
1.999441
2.002665
1.995101
1.989057
1.989901
1.991513
1.994108
1.993386
2.020086
2.012504
2.005831
1.995774
2.002424
1.977014
1.988253
1.981976
1.976591
2.020469
2.015691
2.030408
2.009600
1.997343
1.983596
2.001314
2.004737
1.996201
2.006777
2.013358
1.995154
