1.999765
2.011659
1.998858
1.987766
1.997729
1.973885
1.938007
1.950366
1.997231
1.992593
1.997053
1.991403
2.004544
2.012452
2.038738
2.005667
1.991762
1.997956
2.019001
2.016764
2.008278
2.004697
1.997950
2.017473
2.011461
2.015730
2.029450
2.047353
2.012274
2.001880
2.008325
2.024495
2.010901
2.014786
2.016147
2.025540
2.002269
1.995800
1.963617
1.966952
1.998818
2.008882
2.022608
2.009334
2.009654
2.012325
2.025398
2.021028
1.996533
2.011748
2.000116
2.011892
2.004257
2.008461
2.014020
1.990422
1.998375
2.011440
2.024067
2.004220
2.000774
2.014091
2.015309
2.014395
1.995272
1.989015
2.017484
1.994771
1.986950
1.981269
1.995180
2.003426
1.979227
1.991571
1.980205
1.998167
2.009106
2.003189
1.974962
1.961189
1.992371
1.995321
1.993301
1.966978
2.004582
1.999739
1.964884
1.967947
2.017573
2.019492
2.058128
2.032643
2.002986
2.010989
2.027844
2.045033
2.007952
2.015908
2.026385
2.036120
1.998453
2.002201
2.006852
2.014692
1.997696
1.995475
1.978886
1.961309
1.985987
1.991586
2.008542
2.012362
1.990150
1.977767
1.977732
2.010885
1.998960
2.000348
2.007047
1.999749
1.993118
1.997228
1.982857
1.999995
2.006798
1.998333
2.044422
2.027476
1.998333
2.008003
2.043899
2.016124
2.010092
2.013847
2.014696
2.008085
1.995741
2.003523
2.032222
1.992649
1.996498
1.998202
2.011191
2.029458
2.007179
2.013138
2.033977
2.035019
2.003983
2.001186
2.005853
1.990365
1.984478
1.980859
1.951586
1.956867
1.999515
2.020075
2.014467
2.004339
2.003647
2.010333
2.035014
2.025808
2.007510
2.017238
2.013738
1.986316
2.001902
1.997519
2.023113
2.022407
2.007763
2.016292
1.999930
2.000567
2.017480
2.013433
2.042483
2.033652
1.984051
1.991157
1.969553
1.963116
1.995551
1.989689
1.988500
1.958440
2.002251
2.015544
2.038706
2.028197
2.003637
2.004629
2.027897
2.011368
1.993867
1.996419
2.018913
2.027268
2.015716
2.017272
2.014194
1.993630
1.998583
1.999044
1.984464
1.990150
2.012729
2.011088
2.013321
1.997574
2.004521
2.006328
2.020162
2.003840
2.006294
2.017303
2.015510
2.034777
1.996672
1.985283
1.995485
1.997143
2.004394
2.005876
2.003088
1.996936
1.998201
2.001436
1.998542
2.008587
2.004172
2.012893
2.019396
2.027346
2.018561
2.015934
2.049435
2.059241
1.995344
1.975938
1.987718
2.004894
2.003527
2.006143
2.015129
1.995366
1.994695
2.001574
2.006793
1.988120
2.001564
1.989803
1.975012
1.997072
2.009262
2.002226
2.008216
2.004461
1.979060
1.985254
1.979000
1.990477
1.995353
1.999584
2.036216
2.033846
1.996624
2.004579
1.996742
1.993565
1.994412
1.989170
1.989709
1.975838
1.990603
1.998944
2.009134
2.015942
1.998741
1.981770
1.972255
1.977190
1.999986
1.999430
1.972189
1.975639
1.990873
1.999445
1.989605
1.976918
2.020469
2.015575
2.021634
2.033142
1.993248
1.989356
2.024788
2.029715
2.006696
2.018049
2.001651
2.027308
2.001495
2.007059
2.008683
2.020674
1.987185
1.976920
1.981599
1.977834
1.987028
1.990412
2.012333
2.018246
1.999832
1.982123
2.014374
2.014916
2.001846
2.003255
1.995520
1.991242
2.007145
2.029998
2.023839
2.014123
2.006473
2.014884
2.057401
2.014475
1.992987
1.991918
2.002348
2.012116
1.984807
1.984531
1.984167
1.990843
1.997243
2.000746
1.979098
1.981629
2.021528
2.021712
1.998171
1.981775
1.988890
1.986720
2.014651
1.998085
2.005129
1.996999
2.018944
2.047635
2.007869
2.007851
2.024558
2.005751
2.000521
2.002952
1.987913
1.975994
1.993883
1.987716
1.963506
2.014824
1.995392
2.004244
2.025904
2.019267
2.000258
1.995723
2.003502
1.977685
1.998455
2.010274
2.025380
2.010544
2.000442
1.991386
1.989653
2.001235
2.004439
2.002635
2.002321
1.984066
2.014036
2.014670
2.024919
1.996518
2.001750
1.989892
1.965420
1.981917
1.998030
1.993758
2.008057
1.991007
2.005067
1.992605
1.982861
1.990927
1.987947
1.989598
1.983186
1.980556
1.979467
1.982259
1.977100
2.002001
2.001590
2.005828
1.994321
2.015509
2.011752
2.004614
2.018365
2.026983
1.994711
2.003507
2.008961
2.024940
2.007055
2.010087
1.987951
2.001457
1.976388
1.968156
1.958413
1.984080
1.993279
1.994168
1.982450
2.003502
2.024881
2.028628
2.029910
2.006856
2.009727
2.014111
2.010938
2.035024
2.000497
1.988092
1.985876
1.995109
2.003076
1.999799
2.008192
2.004116
2.000894
2.007962
1.994819
2.013929
2.013546
2.012457
2.014972
2.018417
1.996599
1.995622
1.978443
1.994392
1.990373
1.981025
1.970549
1.981638
1.995236
1.991992
1.982657
1.999405
1.985287
1.984056
1.998357
1.946695
1.998496
1.995060
2.015822
2.021728
2.007981
2.005128
2.013685
2.018713
1.993517
1.992899
1.987412
1.967582
2.015305
2.016215
2.029005
2.013003
2.006040
1.998284
1.986091
1.992824
2.003865
1.996597
2.015003
2.010062
1.998773
1.984900
1.981029
2.014864
1.992781
1.996679
2.014739
2.046412
1.987921
1.990667
2.027637
1.999397
1.999114
1.996933
2.017384
2.006315
2.001292
2.004226
2.017696
1.990492
2.003098
2.001834
1.991475
1.976299
2.008694
2.010303
1.993869
2.010583
1.991525
1.994802
2.011957
2.010887
1.987698
1.992614
1.957396
1.994027
2.002939
2.007860
2.013005
2.004929
2.005572
2.006097
1.998376
2.001998
2.011045
2.009673
2.047607
2.013650
1.991938
1.994718
1.988932
2.002351
1.992108
1.999380
2.017261
2.026936
2.007061
2.018903
2.014751
2.048065
2.006005
2.008899
2.018696
1.993841
1.991729
2.000932
2.012029
2.001400
1.988781
1.983378
1.983852
1.981594
1.994939
2.013405
2.025022
1.992992
2.001661
2.003266
2.022406
2.028180
1.998248
1.996167
2.015188
2.011668
2.000674
1.986532
1.973433
1.995672
1.996175
1.995429
2.009511
1.991074
1.998482
1.993734
1.998373
1.983130
1.983115
1.983872
1.975258
1.966001
1.989851
1.990416
1.987723
2.006363
1.995946
1.983055
1.966548
1.962414
1.994309
1.981734
1.954737
1.989478
1.991143
1.978780
1.980321
1.964309
1.998159
2.001931
1.999600
2.000195
1.977020
1.993805
2.004465
1.981489
1.996801
2.000846
1.995473
2.011368
2.000574
2.006389
1.999939
2.013715
1.998989
2.016172
1.997482
1.991615
2.010129
2.006357
1.987056
2.012834
1.999260
1.990457
2.025178
2.008882
1.996172
2.000097
2.021287
2.007179
1.999330
1.983610
1.962000
1.993809
2.001222
2.022243
2.011152
2.024312
2.005633
2.009181
2.003037
1.962623
2.005239
2.011932
1.994652
2.004347
1.996286
1.990983
1.983186
1.947501
1.999801
2.013895
1.998148
2.004847
1.999656
1.999399
1.978468
2.012069
2.005731
2.005822
1.999574
2.030942
1.989252
1.986792
1.990089
1.975844
2.014531
2.009614
2.024755
2.000274
2.003900
1.991807
1.986838
2.000904
1.977703
1.974862
1.991135
1.991577
2.000138
1.991913
1.988340
1.998669
1.995557
1.994935
1.987765
1.957376
2.002005
2.011043
2.018927
1.990343
2.017622
2.024767
2.037544
2.016024
2.005909
2.011703
2.017538
2.006976
1.998047
1.988630
1.955762
1.961283
2.003907
1.995865
2.003267
1.991234
1.987493
1.997484
1.977273
1.988963
2.009590
2.005933
2.002197
1.992128
1.985968
1.995021
1.999381
2.016632
1.982569
1.972078
1.984505
1.938434
1.985120
1.993820
1.995675
1.973905
2.003048
2.004191
2.020411
2.008443
1.999555
1.992274
2.011512
2.015028
2.008556
2.007599
1.998502
1.990484
2.006464
1.984990
1.997634
1.964842
1.987487
1.992266
1.981727
2.008270
2.007753
2.001596
2.014344
2.027800
1.988966
1.983261
1.983735
2.013320
2.001662
2.014341
2.014940
2.034783
1.994236
1.984123
1.981200
2.007885
2.025201
2.020561
2.006243
2.000903
2.004155
2.011973
2.020345
1.993192
1.998539
2.001169
2.001671
1.990999
2.015470
2.027970
2.019573
1.994574
1.982775
1.988911
1.966414
1.993782
1.990097
1.996356
2.002671
1.973716
1.999816
2.002337
2.011223
2.012242
2.002262
2.018636
2.032047
2.029005
1.989891
2.005678
1.985132
2.014278
2.006763
2.008420
1.997402
1.999107
2.003630
1.996082
1.996867
1.984559
1.992650
1.998513
1.994027
2.026508
1.994909
1.991334
1.998990
2.006900
2.012242
2.018771
2.020639
2.001960
1.992973
1.985497
1.992596
1.979316
2.005350
2.004587
2.003945
2.000967
1.997425
1.993787
1.967298
1.986477
1.989751
1.966486
1.946060
1.960269
2.011412
2.014355
1.990062
1.972048
1.986500
1.995210
2.013677
2.009506
1.998013
2.002994
2.003466
1.987805
2.000409
1.990036
1.977945
1.980631
1.995414
2.001305
1.990514
1.988207
1.979431
1.984186
1.982228
2.009136
1.986382
1.994719
2.011606
2.017239
1.996365
2.000249
1.990074
1.978022
2.001557
2.010629
2.007400
1.992374
2.007875
2.010853
2.004549
1.985719
1.992787
1.991872
2.001492
2.031209
1.992989
1.992594
1.997748
2.005011
2.000211
2.002926
2.006760
1.951494
2.011629
2.008816
1.998888
2.006089
2.007578
2.008385
2.022012
1.995106
2.016331
2.006445
2.032534
2.010024
1.989351
1.985566
1.980151
1.951495
2.011356
2.002493
2.015487
1.975266
1.995105
2.001115
1.966913
1.960982
1.991219
1.990243
2.014194
2.012883
2.011817
2.002233
1.991724
2.000256
2.020332
2.008278
1.993806
1.983938
1.995040
2.010863
2.030803
1.974994
2.001941
1.999708
2.021437
2.044548
2.006998
1.988409
2.003079
2.003964
1.996828
2.007524
1.986480
2.001189
2.008287
2.013623
1.996527
1.986682
1.993788
1.978626
1.987475
1.984341
2.008726
2.003958
2.012622
1.990054
2.007847
2.011711
1.983923
2.001212
2.006437
2.014365
2.018835
2.002831
2.012839
2.006154
1.982516
1.996685
2.001882
2.012091
2.039509
2.022781
2.010828
2.005956
1.999654
1.989862
1.998540
1.998134
1.994403
2.009195
2.002811
2.009721
2.011971
1.986544
1.988351
1.993117
1.989538
2.018063
2.007284
1.996228
1.985197
1.978752
2.003029
2.002467
2.006099
2.008631
1.995754
1.997408
1.996078
1.957290
2.001630
2.006955
2.014707
2.017725
1.993702
1.989847
1.970879
1.972417
1.986125
1.978525
2.001465
2.016303
1.988855
1.993349
1.984923
1.984233
1.987660
1.976960
1.991373
2.024886
1.999203
1.980687
1.963345
1.982031
2.006762
2.001091
2.009864
2.004922
2.017347
2.010721
2.027889
1.982055
1.988005
1.993419
1.992945
1.984475
1.993569
1.993124
2.008743
2.013099
1.992648
1.987893
1.996234
2.005203
1.974422
1.982997
1.983461
1.992017
1.982675
1.980276
1.956993
1.953555
2.003492
2.002106
1.993021
1.997687
1.991786
1.990590
1.989349
1.944460
1.981302
1.987549
1.989995
1.979183
2.015666
2.017038
2.053091
2.012297
2.003127
2.005581
2.036160
2.006990
2.006350
2.008606
2.039267
2.029158
2.004842
1.999110
1.981272
2.012529
2.001017
2.004492
2.001788
1.989435
2.005609
2.003751
2.011162
2.007002
2.008058
2.009289
1.980790
1.982068
1.994827
1.989251
2.000084
2.028604
1.999022
1.998000
2.000896
2.004450
2.012038
2.015215
2.022733
2.003454
1.995602
2.008162
2.003666
2.004298
2.001129
2.000616
1.994396
1.985860
1.999659
1.994516
1.995591
1.996621
1.992165
1.986800
1.998440
2.015024
1.993757
1.993342
1.982719
2.001986
1.989198
1.979906
1.983321
1.962977
2.008386
1.986629
1.968895
1.985745
1.988877
1.983637
1.975879
1.977493
2.005794
2.017624
2.037937
2.024285
1.987687
2.004140
1.988468
2.021661
2.008563
1.994901
2.005910
2.020129
1.988036
1.995944
2.029085
2.016646
2.017142
2.017479
2.007300
2.027145
2.002731
1.999093
2.008191
1.984859
1.999842
1.995820
2.011905
1.985955
1.994487
2.006558
2.001091
2.000663
1.999823
2.006916
2.014210
2.023190
2.001087
1.996846
1.960263
1.974072
2.005867
2.018946
2.035344
2.033766
1.992756
1.985994
1.977512
1.990188
1.987172
1.987773
2.002591
1.994362
2.012297
2.005011
2.017358
1.977600
2.002599
1.995185
1.987496
1.973609
2.005016
1.998916
1.992366
1.995786
1.978337
1.984073
1.995821
1.995065
2.002082
2.004754
2.002538
1.991439
2.007086
2.016840
2.017502
2.019106
2.006804
2.002645
2.006338
1.981739
2.008862
2.015872
2.018118
2.018951
1.982561
1.978936
1.951634
1.982135
2.018695
2.011506
1.982698
1.964472
1.991265
1.997493
2.000927
2.008491
2.004474
2.002815
2.001119
1.990882
1.993508
1.987566
2.000425
2.007529
2.006756
2.006337
1.988299
1.991945
1.989532
1.995606
1.995159
1.985402
1.999446
2.003868
1.981288
1.976683
1.996066
1.983315
1.998865
1.981377
1.994362
1.984909
1.946981
1.981798
2.007714
2.002738
1.993664
1.998789
1.990311
1.983034
2.016730
1.997905
1.998925
2.005249
1.984235
1.988207
2.017859
2.015472
1.996777
2.013542
1.996720
2.002767
2.038156
2.000161
1.996673
1.984350
1.929906
1.971468
2.002948
2.014560
2.007892
2.001236
1.985102
1.983116
1.980882
1.986349
2.004666
1.994090
1.987867
1.989652
2.017963
2.017372
2.027550
2.021605
1.984530
1.993964
1.984518
2.005975
1.995600
1.999380
1.989670
1.965219
1.987447
1.981767
1.997376
2.008716
1.998152
2.004876
1.987103
2.005706
1.994605
1.996781
2.012773
2.034125
1.995425
1.990659
1.994716
1.968312
2.009791
2.007519
2.013096
2.033083
1.998312
1.997732
2.011760
2.001921
2.001666
2.008330
1.969764
1.982913
2.000045
1.987115
1.991965
2.014760
2.003969
2.009907
2.018917
1.982024
1.987989
1.988522
1.995251
1.993922
1.996502
2.002119
2.008304
2.001299
1.991302
1.992087
2.009736
2.026955
1.998251
1.994052
2.020723
2.010081
2.008883
2.003755
2.020622
2.013973
2.007314
2.007159
2.012801
2.005499
1.997470
2.002878
2.024374
2.019692
2.003253
2.004490
2.030741
2.036034
2.004255
2.008094
2.022005
2.024569
1.987320
2.000243
1.990611
1.992233
1.994408
2.004959
2.011233
2.004753
1.998600
2.000558
2.014118
2.008882
2.011953
2.003964
2.002229
2.010172
2.003313
2.005130
1.991875
2.017144
1.988078
1.989812
1.983719
1.972456
1.995543
2.005602
1.964003
1.994707
2.003120
2.011592
2.000850
2.007629
1.996854
1.992758
2.000154
2.013492
1.997966
1.997597
2.027907
2.011980
2.001554
2.010518
1.992170
2.000648
2.002219
2.007287
2.001410
2.016881
2.001448
1.994338
2.005022
1.999864
2.002881
1.996239
1.989996
1.983983
1.984267
1.980622
1.987902
2.012248
1.995105
1.998172
2.009171
1.988228
1.994108
1.992758
1.978213
1.961212
1.987731
1.975562
1.976554
1.982797
1.995654
2.007709
2.021394
2.016635
2.005967
2.009440
2.007646
2.027845
2.016945
2.019601
2.033560
2.021423
1.998321
2.000798
1.969486
1.958487
2.001350
1.999184
2.006919
2.028576
1.996767
1.991483
1.982215
1.972035
2.007934
2.008506
2.029741
2.009219
2.017079
2.017131
2.014461
2.036125
1.990729
1.986728
1.994946
1.997240
2.000305
2.005004
2.004948
1.994896
2.007525
2.018301
2.041156
2.038928
1.989983
1.979045
2.002613
1.994924
1.994590
1.998826
1.978247
1.996771
1.989290
1.998988
2.007807
1.995596
2.003925
1.997259
1.990826
1.963069
1.993193
1.994703
1.996706
1.978125
2.013262
2.013417
1.997746
2.003149
1.998617
2.003759
1.991669
1.998944
2.004267
2.009175
2.011334
2.005210
2.011601
2.010752
1.986187
1.976486
2.000196
2.014412
2.006721
1.990379
1.993078
1.989366
1.978721
1.993799
1.996945
1.997724
2.005014
2.000582
1.988783
1.986657
1.974218
1.992196
1.995034
1.998750
1.985138
2.008258
2.000121
2.006486
2.037170
2.002993
1.992698
1.994697
1.980974
1.968434
1.997481
2.003516
2.000788
2.001877
2.008196
2.009101
1.998402
1.999951
2.014476
1.999066
1.989192
2.014670
2.003242
1.994242
1.949816
1.958040
1.995462
1.991638
2.016088
1.987511
2.012957
2.014000
2.021204
2.039324
2.012169
2.007495
2.005579
2.033822
