2.007301
2.009340
2.020935
2.000576
2.000287
2.006553
1.974574
2.010408
1.996859
1.999368
2.000432
1.983687
2.000764
2.004027
1.995009
2.021440
1.998405
1.999276
1.997527
1.972790
1.998964
2.006056
2.006043
1.991052
2.024716
2.031281
2.027444
2.028725
1.995295
1.990743
1.982605
2.002162
2.013462
2.013184
2.011734
2.003492
2.004953
2.011759
1.981963
1.970970
1.992406
1.978324
1.987908
1.984889
2.008878
2.011658
2.016716
2.003348
2.001214
2.007317
2.034102
2.011592
2.009850
2.010806
2.019084
2.019609
2.000023
2.004212
2.008123
2.015219
1.988342
1.999893
1.996647
1.996134
2.000769
1.998816
1.971897
1.974165
2.011837
2.000803
1.987255
1.982091
1.998779
2.003374
2.035329
1.995947
2.001987
2.018202
2.017629
1.998665
1.998015
1.983915
2.013016
2.010754
1.995974
1.995711
1.984986
1.996991
1.998910
2.018406
2.010264
1.994328
2.004103
2.012604
2.052543
2.031080
2.005076
2.008771
2.029625
2.038779
2.010796
2.005809
2.010034
1.979180
2.011934
2.022576
2.030038
1.984968
2.001886
2.006411
2.022697
2.002933
2.005359
2.001785
1.988897
2.011893
1.996846
1.986309
1.991260
1.994552
2.003045
1.997415
1.994950
1.972342
1.993893
2.005164
1.991390
2.018104
2.005527
2.002708
2.007502
2.024110
1.991391
1.979928
1.988319
1.978121
1.997874
2.006731
2.043792
2.008010
1.993460
1.999412
2.005646
2.021018
2.013509
2.005127
2.029371
1.965931
1.994684
1.972265
1.939581
1.950633
1.997258
1.994487
2.021266
2.011979
1.998605
2.001637
2.020926
2.027196
1.998806
1.992158
1.987801
1.968159
1.997518
2.018461
2.023111
2.018665
1.992871
2.000656
2.005139
1.978629
2.013245
2.014374
2.038706
2.031978
1.989980
1.972554
1.982444
1.997658
1.992639
2.001206
1.998402
1.992111
2.006678
2.011501
2.050412
2.025801
2.018620
2.019021
1.990590
1.982707
1.994303
1.982995
1.973540
1.988648
2.000783
1.999653
1.990756
1.990710
1.992900
1.980094
1.989416
2.013453
1.995917
2.002072
2.003574
2.022543
1.992804
1.998733
2.008670
1.997765
2.019600
2.028883
2.032335
2.033360
2.008850
2.000791
2.005302
1.980789
2.003525
2.006198
2.018092
2.042711
2.006254
2.010208
1.996980
1.987847
2.003333
1.998503
1.960278
1.984363
1.987204
1.984358
1.990272
2.012438
1.991207
1.989455
2.003071
1.980174
1.998680
2.002031
2.013361
1.972259
1.978800
1.995722
1.999051
1.983546
1.994363
1.996546
2.025747
2.009216
1.993888
1.988815
1.990581
1.974502
1.999747
1.997949
1.985098
1.969040
2.003705
1.997211
1.994607
1.994484
1.993520
1.982563
2.001856
1.986795
2.008304
2.011095
1.997765
1.977485
1.994009
2.004309
1.994007
2.004090
2.005648
2.002105
1.966102
1.983616
2.017981
2.017218
2.022141
2.022551
1.993144
1.980328
1.974851
1.966037
2.012002
2.008302
1.975739
1.962552
1.983949
1.976670
1.978552
2.006785
1.995026
1.996620
1.994301
1.979906
2.005119
2.002904
1.988275
1.999955
1.994515
1.990053
2.000011
1.986176
2.007611
2.020037
2.013770
1.988815
2.011842
2.013622
2.001112
2.005290
2.004482
2.015640
2.024167
2.010715
1.999662
2.006420
1.998829
1.989233
1.989891
1.985025
1.994169
1.993159
1.993324
1.981888
1.986287
1.976956
1.987751
1.994269
1.979464
1.993616
2.009029
1.996362
1.984611
1.989569
1.999866
1.992730
1.986194
1.976300
2.009642
1.998959
2.015543
2.008643
1.985343
1.987744
1.995630
1.972254
1.985332
1.984977
1.962594
1.965688
2.012202
2.010933
2.030740
2.005333
1.989271
1.976951
1.978414
2.001781
1.997657
2.002387
2.017583
2.022960
1.991359
1.989017
1.997738
1.986280
1.980926
1.973083
1.999203
1.997217
2.021855
2.024363
2.035993
2.024639
1.999573
2.002776
1.999827
1.994493
2.005408
2.002461
2.014855
1.998412
2.000032
2.000158
2.003595
1.992073
1.998981
1.998881
1.993287
1.960080
1.985547
1.980584
1.947930
1.957152
1.995249
1.983700
1.992940
1.984483
2.002107
2.000801
2.008556
1.997026
1.988660
1.997354
1.990875
1.987218
2.014733
2.025722
2.023176
1.988543
1.999156
1.997050
2.006897
2.008399
2.013530
2.010103
1.978163
2.000371
1.997371
1.997796
2.017725
2.013441
1.987594
1.992507
1.980539
1.964726
1.995981
2.011574
2.009751
2.004737
1.991125
2.000069
2.010653
2.011428
2.007132
2.010004
2.029643
2.049925
2.004843
2.003676
1.998761
2.013657
2.009121
2.017731
2.002645
1.994387
2.019970
2.016723
2.030532
2.020799
1.996697
1.999672
2.014403
2.020877
1.985161
1.967000
1.973960
1.987599
2.009281
2.013046
2.013823
1.984059
2.005213
2.018643
2.009707
1.997220
1.987844
1.993859
2.002010
2.030129
1.986162
1.980782
1.966705
2.005215
2.024206
2.020761
2.045665
2.001678
1.993615
1.988788
1.940843
1.960747
1.990834
1.997549
2.001297
2.002739
1.996187
1.985516
1.961568
1.994093
2.007450
2.009223
2.024401
2.003071
1.996282
1.999102
2.018751
2.026251
1.995711
1.983566
1.982538
2.018642
1.982370
1.977050
1.981421
1.977934
1.999548
2.001812
2.001217
1.975082
1.995050
1.991311
1.991756
1.967496
2.018930
2.020005
2.038503
2.019340
1.982408
1.958933
1.927137
1.952096
2.013853
2.013501
2.011011
2.002974
1.985538
1.993405
2.008516
2.003471
1.992259
1.996838
1.999174
1.986371
2.008248
2.009760
2.020475
1.985458
2.001466
2.007575
2.036112
2.014089
1.987736
1.985409
1.977847
1.985759
1.996839
1.991237
1.978223
1.970668
2.000717
1.999376
1.991182
1.975427
2.000621
1.998731
1.971493
1.974960
1.990747
1.998833
2.010222
1.992641
2.003185
2.003929
2.026045
2.002605
2.000343
2.018669
2.030657
2.039449
1.997459
1.983862
2.013175
2.010768
2.003457
1.998236
1.991511
1.989117
1.993843
1.998993
1.987541
2.014212
2.000916
2.004846
1.985113
2.031203
2.005108
2.008562
2.029008
2.038391
1.991540
1.995888
1.999422
1.983361
1.999941
2.007265
2.015583
2.018835
1.997156
2.000309
2.019979
1.997516
2.005381
2.001555
1.988270
2.010963
2.005279
2.007765
2.015891
2.017425
1.998917
1.995620
2.005784
1.988316
2.005485
2.020457
2.040594
2.023880
2.005697
2.002952
2.008698
2.025003
1.992352
1.990392
1.978493
1.965228
1.998401
2.001935
1.967312
1.965625
1.994950
1.991967
1.997153
1.982081
2.013732
2.005349
2.029447
1.966514
1.993780
1.986803
2.006039
1.997035
2.011443
2.006352
2.021723
2.031532
2.019973
2.020853
2.024331
2.011596
1.998528
1.991402
1.986670
1.965792
1.992490
1.995917
1.990543
1.975614
2.000352
1.978488
1.942070
1.947322
1.986442
1.986452
1.959887
1.961528
1.990853
1.972506
1.981516
1.998519
1.994244
2.004225
1.989169
2.000041
2.003787
2.003237
1.977129
1.967201
1.995914
1.993083
1.977565
1.992592
1.994334
1.982423
1.970693
1.986563
2.000496
2.017888
2.042175
2.026393
1.988579
2.000212
1.981832
1.984296
2.000195
1.998221
1.999222
2.012377
1.992965
1.998769
2.008348
1.997854
1.987334
1.992245
1.998431
1.998269
1.991777
1.997436
2.007617
2.000874
2.009346
1.994156
2.006041
1.991890
2.006253
2.010322
1.997031
1.987827
2.014117
2.017111
2.009825
1.996484
2.013374
2.010744
2.021496
2.042528
2.018507
2.014333
2.006676
2.017269
1.999633
2.002960
2.013793
1.971658
2.011656
2.004491
1.999049
2.035339
2.006554
2.001610
2.004888
1.992707
1.995064
1.996259
1.988937
2.004345
1.998930
1.997330
1.983986
1.968336
2.018274
2.012767
2.026316
2.008402
1.994507
1.988813
2.031114
2.015474
1.995163
2.003793
1.998212
1.986644
1.994154
2.004303
1.993472
2.003270
2.002813
2.010943
2.004955
2.010763
1.993563
2.000312
2.011630
2.015792
2.005717
1.995783
1.978685
1.995248
2.012041
2.008443
1.976021
1.962985
2.002409
2.010781
2.029509
2.007021
1.988920
1.995997
1.986845
1.966182
2.001278
2.007701
1.995029
1.999215
1.994372
1.989835
2.000057
1.986126
1.988154
1.977533
1.971030
1.948800
1.993915
1.989152
1.991364
1.963224
2.002332
2.001563
1.972107
2.006082
1.999240
2.006297
1.998602
1.988444
1.998429
1.994502
1.975558
1.975411
1.996049
1.990533
1.995790
1.995887
1.992682
2.004113
1.980446
1.978715
2.010323
1.997631
1.985138
1.989412
1.993938
2.008086
2.016874
2.032135
2.009433
2.015201
2.020232
2.029956
2.004920
2.018348
2.049263
2.037246
1.985357
1.985032
1.962706
1.965703
1.990254
2.000573
1.995744
2.001564
1.987429
1.970435
1.946560
1.960930
1.996487
1.998806
2.034766
2.007501
1.991318
1.988659
1.997001
1.987174
1.985437
1.993435
1.977765
1.991513
2.016057
2.011267
2.028811
2.020644
1.990309
1.993340
1.971865
1.960874
2.005427
2.001241
2.014000
1.997915
2.016304
2.019177
2.003976
1.979017
2.007647
2.019446
2.038029
2.031070
2.004532
2.006354
2.019092
1.981674
1.995433
1.983995
1.993058
1.985203
2.008611
2.003359
1.994461
2.004970
2.016701
2.019856
2.052530
2.028853
2.013183
2.011974
2.005175
2.014732
1.998460
1.996109
2.003943
2.007685
1.995733
2.005937
2.003220
1.993642
2.006452
1.992903
1.994873
2.016237
2.006605
2.012201
2.009037
2.008948
1.996134
2.011934
2.010130
2.005910
2.002517
2.009064
2.035565
2.040161
1.996619
1.994133
2.001580
2.011458
1.995247
1.990276
1.974231
2.003294
2.009232
2.018206
2.002427
1.993688
1.998167
1.997605
2.009439
2.015155
1.994381
2.007526
2.033174
2.025222
1.994626
1.989266
1.984555
1.994419
