2.007027
1.997881
2.008836
2.025824
1.989136
1.977262
1.983525
1.977773
1.973210
1.964757
1.960362
1.953654
1.992201
1.985716
1.994300
2.004188
2.009842
2.017591
2.034490
2.029466
2.009057
2.013051
1.975494
1.985480
2.019017
2.010078
2.000967
2.000538
1.994900
2.002163
2.008392
2.019892
1.982378
1.989349
1.989858
1.982856
1.989489
1.985286
1.996960
1.968020
2.000010
1.994570
1.957884
1.979536
1.989767
1.979277
1.990980
1.984956
1.999083
1.994770
1.976462
1.967032
2.000331
2.003367
1.999446
1.986981
2.001618
2.004690
2.004015
1.959434
2.001201
2.003837
2.007529
1.990206
1.989349
1.995374
1.976701
1.992294
1.997249
2.004394
2.008314
1.997811
2.012395
2.014997
2.021364
2.000327
1.993952
1.998856
1.989555
2.001799
1.990832
1.995616
2.002751
1.986765
2.021343
2.028532
2.030467
2.031834
1.997627
1.995616
2.021645
2.031199
1.993233
1.992887
1.987566
2.005907
2.002764
2.003694
2.029049
2.015414
1.991445
1.993794
1.986131
1.956626
1.992506
1.982459
1.957971
1.993731
2.010960
2.009323
2.022078
1.991982
1.986830
2.004332
1.987662
2.019138
1.987945
1.981347
1.985169
1.967587
2.022378
2.032449
2.030798
2.024456
2.005671
2.018619
2.005821
2.018701
1.990328
1.986372
1.951935
1.985852
1.999674
1.995241
2.013847
1.991767
2.001472
2.002154
1.993155
1.999160
2.005895
2.009416
2.008529
2.004257
2.000494
2.002543
2.019200
1.992494
1.998690
2.010260
2.015526
2.016458
1.991429
1.984994
1.976827
1.996523
2.001776
2.000032
1.985086
1.979702
2.010351
2.008174
1.969976
1.952797
1.979752
1.973222
1.967861
1.997222
1.993962
1.989642
1.959566
1.952302
1.978969
1.984310
1.995952
1.993610
2.001406
1.995674
1.973919
1.975107
1.997313
1.993912
1.955918
1.969374
1.998852
2.010696
2.012957
2.008327
2.012262
2.025020
2.026808
2.030807
1.983048
1.980137
1.957292
1.988767
2.006290
2.016089
2.000785
1.999671
2.012359
2.014326
2.044743
2.054712
2.002688
2.000404
2.026611
2.015744
1.989588
1.984644
1.950911
1.970808
2.006022
2.004279
1.986445
1.988851
1.999980
1.989996
1.999033
1.995122
1.999385
1.982290
1.987121
2.014722
2.004729
2.012719
2.024202
2.006535
2.002835
2.015574
2.021513
2.035595
2.006833
2.002134
1.993990
1.997876
1.992434
2.007271
1.969354
1.985190
1.993240
1.989744
1.998632
1.986561
1.983251
1.975133
2.003876
2.001199
2.000530
1.988773
2.004891
2.003510
1.997157
1.983438
1.925201
1.969484
1.981967
1.984388
1.991726
2.008338
2.001018
1.984247
1.979562
1.990319
1.986109
1.977354
1.979669
1.987180
2.001737
1.998896
2.016620
2.005651
1.983910
1.992979
1.983595
2.002057
2.004436
2.009644
1.999660
1.979719
1.992841
1.985514
2.012921
2.001331
1.993969
1.990967
2.019745
2.024814
2.006172
2.021550
1.994722
1.993368
1.994873
1.991581
1.993993
1.965038
1.987345
1.993432
1.996568
1.989777
2.012282
2.003762
1.984825
1.977451
1.998251
1.998314
1.974633
1.991534
2.003690
1.995309
1.987193
1.985053
2.005052
2.011915
2.017570
1.978803
1.985065
1.984412
1.964165
1.930082
2.010583
2.018718
2.012992
1.996927
2.021739
2.015934
2.029867
2.026500
1.993173
2.002007
1.997323
2.009875
2.012738
2.005280
2.021447
2.015731
2.005826
2.008256
1.987888
2.000823
1.999821
2.004318
2.007941
2.010196
1.997514
1.995185
2.020074
2.006429
2.008904
2.009323
2.004576
1.993840
1.989204
2.003167
1.997498
1.996532
2.003978
2.002575
1.977125
1.998486
1.997409
2.016298
2.026324
2.019898
2.016859
2.017065
2.026816
1.995833
2.014022
2.016710
2.026867
2.016181
1.988019
1.988738
1.982758
1.973412
2.004749
2.001584
2.010285
1.998875
2.011351
2.018903
2.020180
1.998271
1.979853
1.976369
1.986589
1.992564
1.994280
2.006047
2.009178
1.999899
2.001799
2.009039
1.989198
1.995248
2.011386
2.008990
2.063464
2.038042
2.013892
2.010400
2.009740
2.008346
1.985253
1.991392
2.003199
2.005721
1.984643
2.005433
2.030665
2.002674
1.993331
1.997561
2.009820
1.988224
2.013812
2.005119
1.973034
1.959104
1.996219
1.988223
1.969336
1.957841
1.996917
1.991971
2.032945
2.023564
2.002017
2.007378
2.002841
2.012739
2.017536
2.018953
2.029900
2.020418
2.010527
2.002724
2.007320
2.034721
2.001712
1.999721
1.999347
2.016168
1.993428
1.996486
1.970302
1.964529
2.004888
1.995189
1.995344
2.014301
2.016696
2.016437
2.012179
2.035092
1.997625
1.995036
1.972381
1.942563
1.997909
1.993708
1.992147
1.983124
2.000316
1.997925
1.981067
1.975775
1.999431
2.006467
2.027001
2.004594
1.998129
2.000662
1.978828
1.999882
1.999723
2.010472
2.025876
2.033538
2.010583
2.002742
1.993703
2.015570
2.007273
2.008565
2.016129
2.025905
2.000420
2.006441
2.045654
2.027524
1.999643
2.005031
1.994487
2.002925
1.983483
1.978032
1.984457
2.025795
2.004721
1.994628
2.004174
2.015815
1.997234
1.998358
1.997125
2.006439
2.002316
1.997951
2.009635
2.009532
1.995775
1.996442
2.004534
2.006615
1.990517
2.007677
2.021525
2.014021
2.007444
2.015128
2.039179
1.997338
2.013958
2.002887
1.976159
1.973596
1.991820
1.985006
2.001992
1.999242
1.997661
2.000434
2.000463
2.003548
1.994162
1.995173
2.008595
2.019459
2.016033
2.016324
2.030353
1.990350
1.996797
1.994368
1.999030
1.998777
2.001908
2.002925
2.005735
2.006749
2.012174
2.011477
2.018489
2.035421
2.011504
2.020078
2.047052
2.040270
1.993072
1.982052
1.977556
1.994842
2.001636
2.019312
2.047027
2.025787
2.010921
2.005414
2.008547
2.013086
1.990108
1.993845
2.021059
2.015954
1.994467
1.994901
1.975504
1.935012
1.999030
2.004322
2.008315
2.010925
2.003123
2.017477
2.012661
2.001126
2.004260
2.015279
2.005136
1.994078
2.007841
2.018657
2.009896
2.009788
1.996532
1.986623
1.980477
1.993922
1.992369
1.995117
2.012035
1.993776
2.004339
1.997607
1.970049
1.972229
1.991926
1.990344
1.996415
1.996654
1.990900
1.993325
1.990194
1.998764
1.996285
2.000473
2.011253
2.012573
2.013673
2.016247
2.059784
2.046235
2.021501
2.025323
2.025446
2.012224
1.991501
1.989107
1.996350
2.008273
1.994252
2.000040
2.001782
1.996742
1.990729
2.000775
1.991696
1.970159
1.999326
2.012241
2.004375
2.009353
2.003422
2.011082
2.007607
2.016324
1.989617
2.002604
2.017770
2.058284
2.012886
2.030301
2.032366
2.045077
1.991624
1.983198
1.946258
1.972496
2.003785
1.991400
1.993009
2.004202
1.988743
1.970452
1.970551
1.961901
2.006813
2.015238
2.023944
2.010992
2.005325
2.006899
1.974660
2.018499
1.993576
2.005745
2.023244
2.022204
1.997998
1.985001
1.968693
1.997662
1.981809
1.997125
2.003300
2.010992
2.002001
2.002917
2.003317
1.991952
1.996327
1.992061
2.007999
2.029981
1.991306
1.997238
1.999311
1.975716
1.981806
1.979437
1.952166
1.964145
1.992026
1.987508
1.932013
1.959725
1.995778
1.997712
1.979474
1.985400
1.995776
2.002183
2.027173
2.017042
1.990838
2.002237
2.004467
2.009461
1.980713
1.977417
1.957538
1.968189
1.992600
2.004000
2.004523
2.006407
2.010210
2.014512
2.004106
1.986053
2.000298
1.990765
1.993528
2.010358
1.990501
1.995085
1.957561
1.989361
2.013270
2.003866
2.019897
2.027588
1.996709
1.988907
1.958192
1.961358
2.009765
2.006729
1.978658
2.009965
2.015622
2.018188
2.022797
2.022118
1.994639
1.988964
1.991054
1.999893
1.997862
2.017254
2.041279
2.028235
1.984646
1.980800
1.972576
1.992429
1.991971
1.997043
1.983054
1.958108
1.994044
2.000794
2.003302
2.006784
1.998370
1.994854
2.003626
2.004688
1.978139
1.975675
1.959805
1.969113
2.011898
2.005878
2.015917
2.015166
2.002997
2.012117
1.991191
2.027467
2.006204
2.006916
2.000909
1.995289
1.978353
1.982972
1.992117
1.987109
1.997707
2.010425
2.004637
2.000092
2.001015
2.006474
2.034291
2.038237
1.994834
1.997573
1.996523
2.001605
2.001789
2.010837
2.053254
2.044213
2.003991
2.015894
2.022506
2.021214
1.998093
1.994999
1.992671
2.017349
1.992479
2.001866
1.975718
2.004450
2.000773
2.011581
2.011788
2.013080
1.991021
1.983981
1.993644
1.952931
2.011443
2.004996
2.017628
2.017344
2.002583
2.013078
2.028445
2.010133
1.994705
2.004514
2.030766
2.038469
2.002143
2.005269
2.010637
2.006367
2.007797
1.998139
2.015416
1.994698
2.009690
1.995421
1.976854
1.985772
2.000649
2.020049
2.027782
2.023214
1.998264
1.992428
2.013242
1.996643
2.013353
2.010045
2.013575
2.017583
1.981021
1.982744
1.989741
1.975331
2.002742
2.006442
2.002665
2.003696
1.991255
1.992486
1.996049
1.969148
2.004776
2.012576
1.979056
2.015394
2.024244
2.030318
2.026810
2.028330
1.991789
1.994336
1.985882
1.989432
1.989111
1.985179
1.987111
1.996137
2.008338
2.012557
2.013215
2.018294
2.009718
2.014537
2.025506
2.025356
2.011729
2.018808
2.016703
1.996119
1.991430
1.996940
1.999914
1.986019
2.002083
2.009236
1.988079
2.000881
1.991716
1.994140
1.988043
2.010603
2.006200
1.996619
1.977738
1.997551
2.004691
2.015190
2.018489
1.995055
2.014462
2.021925
2.026411
1.989036
2.009331
2.009831
2.023770
2.009561
2.000342
2.010017
2.024794
2.014581
2.013531
2.029677
2.038546
2.021798
1.988633
2.002257
1.988992
1.976565
2.015533
2.014320
2.014880
2.024043
1.983267
1.966918
1.971604
1.967133
2.004707
2.008273
2.030547
2.031971
1.995752
1.997053
1.988000
1.996464
2.011902
2.021709
2.026645
1.986722
2.008237
2.017053
2.011112
1.997779
2.024252
2.032573
2.041614
2.021779
1.983451
1.991390
1.974742
1.970751
1.995401
1.991505
1.990313
1.981129
2.009179
2.007753
2.005645
1.965206
2.001954
1.997164
2.018702
1.994182
1.996630
1.993334
1.967202
1.964580
2.014621
2.013624
2.014829
1.990525
2.003712
2.010216
2.009114
1.987394
1.994115
1.995075
2.005532
1.997851
2.002853
1.999958
2.003035
1.996737
2.018551
2.024044
2.014980
2.015277
2.001312
1.993233
2.012528
2.000571
1.995551
1.996276
2.020790
2.002232
1.998044
2.004145
1.984097
2.006175
2.011563
2.015865
2.015345
2.008550
2.003223
2.010040
2.036377
2.022735
1.994399
1.977785
1.984149
2.005110
1.994711
2.010755
2.019173
2.012599
2.007376
2.012277
2.053202
2.026161
2.003681
2.007061
2.000860
2.008285
2.007611
1.998832
2.023614
2.036787
1.977566
1.982608
1.967839
1.992314
1.988223
1.992860
1.949820
1.975393
1.993831
1.992458
1.957943
1.957602
1.997253
1.997631
1.977932
1.953946
1.994041
1.993069
1.949192
1.968898
2.000004
1.984196
1.980810
1.978484
1.998485
1.999737
2.013045
2.032876
2.002993
1.988837
1.992493
2.009774
1.985584
1.982406
1.993322
1.992325
1.998828
1.985491
1.966440
1.973046
2.008197
2.017316
2.001307
2.021799
2.005563
2.016808
1.997261
2.010420
1.976341
1.962092
1.963729
2.002740
1.983931
1.983697
2.005188
2.001128
2.000031
2.011281
2.024842
2.018224
2.001582
1.998512
1.994407
1.983095
1.980263
1.998846
2.002677
1.975819
1.995000
1.984010
2.002961
1.990361
2.002964
1.999331
1.996296
1.990150
2.006924
2.017911
2.041616
2.018714
1.999558
2.001677
1.990966
1.983667
1.988261
1.979947
1.994298
2.029856
1.996437
2.000939
2.026474
2.030208
2.008805
2.023488
2.029104
2.022152
1.997099
2.007050
2.019494
2.007505
1.998413
2.002332
1.990909
1.983917
2.007390
2.003360
1.976914
1.981976
2.008513
2.018076
2.007486
2.004016
1.986750
1.980353
1.992685
2.022591
1.992760
1.989325
1.985147
2.001660
1.993880
1.980536
1.979749
1.985273
1.986715
1.992686
1.957729
1.983353
1.998498
2.005907
2.003673
1.986518
1.989948
1.986477
2.007374
2.008337
1.995288
2.002476
1.984452
2.002964
2.011701
2.003951
1.994720
1.997438
1.989702
1.981795
1.987876
1.988099
2.008550
1.996944
2.015041
2.002811
1.991902
1.992519
1.982144
1.985194
1.999220
1.988171
1.991235
1.990435
1.992729
1.996837
1.993090
2.007744
1.991540
1.995801
1.993365
1.991689
1.999560
2.000378
1.988821
2.002040
1.997852
1.996495
2.011791
2.016270
1.995083
2.004540
1.990105
2.033596
2.005296
2.007436
2.002500
2.028108
1.994298
2.003942
2.008419
1.982241
1.992107
1.997981
1.988060
2.000828
1.997153
1.987203
2.000750
1.982772
1.976836
1.980919
1.969221
1.971220
1.996597
2.002715
1.991756
2.003442
2.011817
2.017119
2.017633
2.013326
1.996555
1.992239
1.998630
1.997899
1.991626
1.985854
1.979641
1.991361
1.996508
1.999870
1.999909
2.000902
1.998607
1.997216
1.999986
2.006630
2.004413
2.005225
2.010537
1.996777
1.997267
1.997002
2.019993
2.015325
1.991367
2.001763
2.043158
2.052219
2.013226
2.009722
2.012683
1.998762
1.999060
1.987123
2.006755
2.027213
2.013980
2.020877
2.011052
2.006012
2.000971
1.998859
1.995499
2.022918
2.003708
1.997486
1.971638
1.988071
2.009288
2.014092
2.038731
2.024884
2.003177
2.002245
1.985860
1.973360
1.984798
1.981104
1.964460
1.976381
2.002852
2.005433
1.995882
2.003058
1.996123
1.985350
1.993381
1.996827
1.988918
1.997089
2.018894
2.033723
2.004905
2.008533
2.007610
2.000670
2.015115
2.018711
2.020281
2.001560
2.012741
2.010854
2.050030
2.022421
2.001606
1.991550
2.000159
2.002024
1.984993
1.988004
1.985725
1.997771
2.006292
2.005651
2.010253
1.996236
1.995094
1.988771
1.939348
1.959672
1.996730
1.984242
1.982027
2.014970
2.000888
2.003709
1.996585
2.018247
1.983574
1.996621
1.996097
2.026146
1.997986
1.992023
2.005434
2.011712
2.014028
2.008695
2.012078
2.008326
1.986512
1.992499
1.982531
1.986794
2.008468
1.997552
1.981866
2.005245
2.008350
2.006993
1.999631
2.012192
1.993937
2.000249
2.003628
2.017915
2.003388
2.000838
2.003687
1.985820
2.004384
2.012743
2.012846
2.013689
2.000669
2.013263
2.015013
2.016750
1.995434
1.989298
1.995661
2.022177
1.984107
1.997353
2.005848
1.986168
2.013144
2.021937
2.040784
2.020517
2.014097
2.005418
2.023258
2.019579
1.994350
1.989018
1.971506
1.981526
2.002673
2.006243
2.005674
1.992344
1.996667
1.986077
2.015809
2.009074
1.992180
2.002473
2.019802
1.999914
1.994641
1.999122
1.987501
2.014285
2.002447
2.012772
2.050178
2.026639
2.002904
2.021449
2.030277
2.000917
2.005337
2.008158
1.985731
1.994624
2.013355
2.013721
2.028931
2.031137
2.010132
2.017831
2.021213
1.991159
1.987795
1.983370
1.978298
1.959095
1.981807
1.992801
1.999237
2.004573
1.986940
1.986045
1.990841
1.975997
1.984319
1.980349
1.983875
2.013560
2.005699
2.003678
1.993143
1.962301
1.994026
1.990170
1.974123
2.006921
1.986614
1.993870
1.988242
1.967757
1.997969
1.996913
2.000601
1.969773
2.002695
1.999169
1.965684
1.998301
1.988729
1.998750
2.001638
1.988149
2.013591
2.023922
1.999084
2.012018
1.973786
1.976823
1.966805
1.964699
1.999116
1.988769
1.991942
1.975027
1.994999
1.990652
2.015787
2.000062
2.000406
1.979034
1.941345
1.950234
2.012851
2.014747
2.038311
2.034268
1.984715
1.980759
1.958022
1.976668
1.985452
1.995997
1.995106
1.967451
1.992890
1.986676
1.971816
1.992549
1.998679
2.018003
2.009587
1.982243
1.988623
1.991611
1.994263
1.991704
1.993451
1.992767
1.999808
1.984049
1.989248
1.991332
1.989871
2.012847
1.994452
1.980005
1.989485
2.002224
2.007535
2.020641
2.015164
2.031909
2.001088
2.006897
2.037058
2.042974
1.989809
1.999422
1.963855
1.991224
2.023284
2.018132
1.996549
1.983535
2.006561
1.997038
2.011499
2.025648
1.995684
2.017734
2.022152
2.001706
1.989474
1.997095
1.999528
1.987849
2.002547
1.996783
1.962086
1.980154
