2.012738
2.027567
2.053164
2.059417
2.043025
2.046605
2.015705
2.018102
2.037161
2.039900
2.026072
2.011649
1.992360
1.979152
1.974595
1.977413
1.979382
1.966041
2.011343
2.002129
1.993142
1.970402
1.973325
1.989466
2.001613
1.997727
2.012870
2.027313
2.020383
2.017409
2.009272
2.019205
2.018124
2.024397
2.012163
2.030337
2.010750
2.021794
2.047054
2.041900
2.034829
2.044422
2.014910
2.015230
2.030270
2.040006
2.027157
2.016499
1.992036
1.978564
1.973423
1.982378
1.983004
1.966941
2.011431
2.004035
1.996432
1.975929
1.976418
1.991415
2.001071
1.996544
2.012006
2.023594
2.015582
2.017589
2.006881
2.016744
2.015580
2.023285
2.010620
2.029672
2.004414
1.996058
1.984426
2.011533
2.004967
1.997842
1.991975
1.994709
2.018835
2.013942
2.005059
1.998325
2.017048
2.010593
1.993606
2.009644
1.996549
2.008040
1.995850
2.000251
2.017811
1.984581
1.992869
2.019651
2.007359
2.006867
2.033843
2.009265
2.011393
2.019781
2.015150
2.010833
2.011022
2.009083
2.022406
2.021418
2.001010
1.992956
1.994416
2.011935
2.009681
2.010596
1.991132
1.994363
2.023123
2.022425
2.007140
2.003646
2.014746
2.004396
1.981557
2.002854
1.996020
2.007637
1.996410
1.999831
2.019062
1.985065
1.990784
2.015606
2.007960
2.007020
2.028795
2.008924
2.009392
2.016069
2.015014
2.009388
2.007932
2.001321
2.016077
2.019301
1.994943
2.001195
2.022275
1.997804
1.998730
2.005943
2.004741
2.007926
1.996443
1.987668
1.983212
1.979881
2.006926
2.009532
1.980486
1.976479
1.978234
1.969127
2.003272
2.004863
2.000989
2.020018
2.011213
2.014169
2.011169
2.006162
2.020033
2.017169
2.014148
1.995248
1.987664
1.979839
2.004487
2.013011
2.012365
2.001615
1.990378
1.997493
1.998752
1.970656
1.976543
2.003111
2.002465
2.006486
1.992331
1.987476
1.981961
1.981370
2.004472
2.005744
1.972041
1.968221
1.972349
1.969582
2.002169
2.004359
1.999350
2.017730
2.012205
2.014723
2.011066
2.005906
2.018211
2.015602
2.013186
2.002071
1.987933
1.979355
2.002700
2.010515
2.014417
2.004936
2.000500
2.002764
1.996098
2.001979
1.987868
1.983741
2.016193
2.028596
2.026785
2.029101
2.017034
2.009171
1.992945
1.987323
1.987506
1.981359
1.987807
2.007231
1.994173
2.007724
2.026580
1.978587
1.993810
2.004896
1.999089
2.003133
2.015824
1.992086
1.980423
1.995066
2.004282
2.007235
2.000310
2.001128
1.990876
1.989399
2.002316
2.004987
1.992444
1.990403
1.979837
1.984396
2.014976
2.027865
2.030823
2.031068
2.025200
2.022733
1.992398
1.987697
1.991128
1.988754
1.993044
2.004483
1.993958
2.007404
2.026581
1.975634
1.988845
1.999069
1.998757
2.002511
2.012573
1.990050
1.980207
1.999211
2.004715
2.007272
2.001689
2.000251
1.989700
1.985610
2.022137
2.023139
2.009337
2.001004
2.007604
2.006786
2.018628
2.019414
2.039540
2.029298
2.022132
2.039553
1.992744
1.997598
2.020268
1.970852
1.969570
1.980158
2.016743
2.023524
2.017454
2.009724
2.007743
1.994826
1.996751
2.017025
2.008361
1.980243
1.987439
2.007189
1.990078
1.994113
1.985721
1.969435
1.977032
2.010875
2.018511
2.017127
2.008052
2.007789
2.006977
2.005982
2.015022
2.017108
2.036297
2.022008
2.017748
2.038523
1.993470
1.997471
2.019049
1.974806
1.968730
1.978813
2.019636
2.025782
2.017779
2.013493
2.007434
1.997127
1.996218
2.018392
2.015433
1.981702
1.990388
2.014590
1.990054
1.994602
1.985747
1.974639
1.978780
2.012502
1.997395
2.001582
1.986346
2.001823
2.002764
2.014785
2.000154
2.011277
2.027237
2.013821
1.996799
1.998211
2.009189
2.001996
1.985328
2.015347
2.016646
2.022213
1.999020
1.985810
1.983767
2.010247
2.013190
2.038399
1.991341
1.985227
2.024052
2.026329
2.012913
1.988462
1.995514
2.002306
2.004720
2.014115
2.004387
2.001395
1.995318
1.997040
1.975813
1.985825
1.985651
1.999611
2.000883
2.013551
2.031579
2.030035
2.015532
2.009962
2.011277
2.005730
1.993463
2.022277
2.022806
2.028122
1.999548
1.986085
1.983843
2.009802
2.011489
2.035980
1.991124
1.984552
2.023710
2.026952
2.013605
1.988927
1.994358
2.001267
2.003716
2.011853
2.000874
2.004196
2.006859
2.019839
2.024532
2.020457
2.018476
2.002337
2.009801
1.997274
1.987421
2.008415
1.995766
1.983991
1.985379
1.990768
1.993026
1.996447
1.993519
2.001225
2.001579
2.017085
2.023472
2.013636
2.001069
2.011627
2.008903
1.996639
1.967390
1.982084
1.974493
1.996122
1.990353
2.002704
2.017663
2.038329
2.038543
2.034834
2.001855
2.013008
2.007170
2.006680
2.008684
1.987588
2.009477
1.997906
1.989682
2.000747
1.992234
1.977254
1.983712
1.987905
1.989360
1.996029
1.995092
2.001500
2.000084
2.016039
2.017456
2.012887
1.998568
2.005223
2.009529
1.995649
1.969186
1.983675
1.975515
1.996039
1.988766
2.000823
2.017241
2.041758
2.040725
2.036670
2.000361
2.010861
2.018394
2.006708
2.014253
2.011659
2.007318
1.990466
1.966539
1.998138
2.003283
1.995621
2.013112
2.015700
1.989415
1.978349
1.973205
1.966435
1.996996
1.994102
1.999491
1.983411
1.989475
2.000950
1.990607
1.984346
1.962669
1.956737
1.976826
2.007517
2.014502
2.001479
2.016700
1.990548
1.989158
1.975236
1.999437
2.012639
2.016475
2.006024
2.005688
2.002298
2.006302
1.989556
1.972002
1.997969
2.003731
1.993514
2.013430
2.014161
1.990911
1.979844
1.975810
1.971397
1.997974
1.996536
1.999494
1.981542
1.988167
1.996074
1.989618
1.984372
1.963934
1.958951
1.979575
2.010286
2.015023
2.001771
2.013303
1.987692
1.984478
1.970070
2.012071
1.995147
1.984687
1.999405
1.988532
1.975243
2.003536
2.011861
2.002641
1.983636
1.982591
1.982231
2.007332
2.005428
1.989030
2.014071
2.022847
2.012917
2.016690
2.030298
2.020610
2.021452
2.015884
2.006097
1.997213
2.000908
2.007764
2.018701
2.007636
1.986668
1.993233
1.994358
1.985023
1.966049
1.975521
2.005021
2.014312
2.002244
2.003290
2.007277
1.998418
1.983585
1.998957
2.005697
1.992312
1.987848
1.987156
1.987527
2.008445
2.006771
1.987731
2.018097
2.024719
2.013735
2.017409
2.030780
2.023722
2.021404
2.016820
2.006296
1.996718
2.001826
2.008089
2.013477
2.002169
1.979622
1.993178
1.994353
1.985246
1.965737
1.973710
2.003378
2.002190
1.998547
1.996381
2.022645
2.015939
2.008719
2.004048
2.004592
1.995114
2.020028
2.001330
2.016972
2.002728
2.003421
2.014578
1.988610
1.999771
2.000585
1.996471
2.008336
2.037325
2.037338
2.018639
2.006047
2.005929
2.018485
2.024721
2.011145
2.012886
2.033228
2.010663
2.005541
1.992641
2.006705
2.006796
2.005962
1.998304
1.996722
1.986791
2.024361
2.014341
2.009793
2.003097
2.001786
1.990333
2.018325
2.002037
2.010775
2.003650
2.005825
2.022206
1.997247
2.010589
2.014774
1.994516
2.004684
2.026980
2.029212
2.012552
2.004534
2.005189
2.016071
2.021826
2.009408
2.012071
2.031461
2.010876
2.005423
1.992415
2.006878
2.007698
2.008782
2.005325
2.004041
1.999137
1.996048
1.997900
2.006296
2.015794
2.024977
2.055954
1.972772
1.985850
1.994790
1.996043
2.000140
1.996933
1.985078
1.983194
1.973373
1.988894
1.973006
1.988754
1.996902
1.982083
1.984757
2.007035
2.017721
2.034720
2.053680
2.033990
2.010207
2.007684
2.006407
2.015213
2.022307
2.022711
2.017338
2.006668
2.004734
1.993776
1.992679
1.990055
1.996189
2.009450
2.013454
2.046829
1.971714
1.984578
2.007035
1.995184
2.001166
1.997143
1.991748
1.987543
1.984365
1.990011
1.974015
1.988451
1.996568
1.984757
1.989632
2.006500
2.017591
2.033601
2.051211
2.032022
2.010632
2.008034
2.007300
2.016338
2.024537
2.024382
2.018449
2.001325
2.008483
1.972056
1.975643
1.976785
1.963694
1.991518
1.993074
1.980681
1.970608
1.973472
1.983394
2.007244
2.001029
2.008478
2.004478
2.008218
1.993866
1.990459
1.995528
2.005763
2.035734
2.028243
2.003989
2.002509
2.001339
2.004143
2.004241
2.007362
2.003160
2.002388
2.015868
2.045773
2.031060
2.030430
2.042013
2.005096
2.015809
1.977770
1.991134
1.988940
1.975840
1.993126
1.996343
1.984042
1.972813
1.973572
1.976349
2.004860
1.997170
2.002316
2.000947
2.008955
2.001840
1.990829
1.995987
2.009102
2.042510
2.032702
2.004522
2.001512
1.999715
2.000786
1.999715
2.004575
2.002978
2.002836
2.017231
2.046036
2.031761
2.031157
2.039600
1.989874
1.994560
2.004501
1.990079
1.982461
1.979113
2.004120
2.015902
2.036094
2.033564
2.015503
2.018616
2.010116
2.013103
2.011233
2.016518
2.021116
2.026452
1.987475
1.983946
1.976037
1.998583
1.987823
2.005444
2.018026
2.013602
1.995203
2.010219
2.020635
1.993966
1.999275
1.990693
2.027954
2.009216
1.996734
2.010072
1.985040
1.991146
1.989042
1.976742
1.975741
1.975503
2.001075
2.009794
2.024417
2.034840
2.011943
2.013945
2.008675
2.010110
2.005907
2.018952
2.026104
2.032094
1.990191
1.986750
1.983211
2.005830
1.991624
2.014536
2.018713
2.014451
1.996340
2.017177
2.026054
2.001201
1.998857
1.990158
2.025138
2.008057
1.995756
2.009313
2.001233
2.007960
2.045292
2.045723
2.041118
2.019755
2.005963
2.012939
1.996344
2.009001
2.020075
2.017250
2.001609
1.998579
2.001956
1.977154
1.996818
2.002468
1.996328
2.015235
1.992058
2.005287
2.012276
1.991924
2.001011
2.004703
2.001173
2.035905
2.027182
2.005458
1.988072
1.995649
2.017346
1.986083
1.993802
1.986654
2.000578
2.006744
2.041028
2.047215
2.032273
2.017567
2.008481
2.019502
2.004806
2.013859
2.020866
2.020165
2.001153
1.996648
1.997153
1.979712
1.995336
1.989503
1.994296
2.011213
1.984577
1.995612
2.003454
1.991307
1.999927
2.003919
1.998607
2.029048
2.020912
2.001657
1.989218
1.996871
2.024813
1.990067
1.995289
1.987211
1.998908
2.003277
2.003396
1.977179
1.984778
1.986752
2.003104
2.020325
2.016175
2.022774
1.997656
1.985015
2.005278
2.008590
1.991378
1.965023
1.953552
1.970612
1.996038
2.005750
1.997675
1.973147
1.975715
1.981285
2.017524
2.017808
2.000357
2.015728
2.013793
2.007978
1.991809
1.992954
1.964163
1.966940
1.975848
2.002635
1.996963
1.999946
2.016943
1.999478
1.993940
1.988783
2.006240
2.025717
2.023551
2.032899
2.004633
1.995722
2.006813
2.008732
1.996661
1.970722
1.958168
1.974106
1.994231
2.004775
1.996839
1.971923
1.977776
1.981644
2.018787
2.019768
2.002106
2.015312
2.014045
2.010630
1.991684
1.992671
1.964248
1.967339
1.975604
2.003203
2.013535
2.027232
2.051581
2.058333
2.042384
2.045930
1.997633
2.005128
2.010051
2.000972
1.986207
1.967435
1.999727
2.006062
2.015624
2.013207
2.022243
2.013131
2.007707
2.021038
2.003357
2.001448
1.983732
1.997281
1.993432
1.996032
1.982096
1.975723
1.974007
2.002250
2.013683
2.008792
2.044998
2.036079
2.024419
2.033604
2.011546
2.021510
2.045471
2.040816
2.034257
2.043748
1.998154
2.005375
2.021289
2.010740
1.996952
1.984716
1.998612
2.005895
2.020272
2.017891
2.023750
2.014209
2.009186
2.021622
2.010766
2.002302
1.983625
1.993184
1.995323
1.997274
1.987187
1.981090
1.977433
2.005491
2.014445
2.009290
2.045269
2.035307
2.023933
2.032960
2.004136
1.995662
1.984410
2.011504
2.005022
1.998413
1.993874
2.002113
2.004695
1.997312
2.007252
2.023244
2.022401
2.037433
2.018906
2.014544
2.012626
2.028813
2.004524
2.010956
2.016212
2.000460
2.004181
2.014607
2.001860
2.002927
2.018028
1.991651
1.986713
1.985585
2.002391
2.012652
2.010421
1.995452
1.995628
2.009900
2.000732
1.992560
1.994400
2.011907
2.009736
2.011167
1.991186
1.999831
2.004981
1.995398
2.008376
2.027226
2.023728
2.039990
2.021629
2.016357
2.016281
2.028060
2.002866
2.010608
2.010621
1.998923
2.001390
2.014174
1.999755
2.000064
2.015192
1.989028
1.984494
1.982306
2.002556
2.012385
2.011120
1.996264
1.997036
2.011014
1.994741
2.001792
2.022667
1.999011
2.000298
2.007337
2.007857
2.020402
2.025483
2.035542
2.023941
2.039640
1.993695
1.996221
1.986119
1.971288
1.993165
1.996695
2.010200
2.010221
1.982863
1.994055
2.000908
2.001899
2.010492
2.022667
2.049955
2.041443
2.018021
2.019432
1.998718
2.000148
1.978357
1.998690
2.003402
2.007729
1.990176
1.998007
1.999408
1.971138
1.977331
2.004521
2.005712
2.018876
2.028455
2.026345
2.016146
2.029056
1.991281
1.992057
1.973865
1.950531
1.979263
1.985760
2.010447
2.010105
1.981827
1.995848
2.003871
2.000757
2.010089
2.021422
2.051873
2.047876
2.023147
2.020472
1.997336
1.997752
1.976460
1.995561
1.997969
2.003672
2.000338
2.002735
1.995752
2.001735
1.987364
1.983982
2.004707
2.007089
2.015012
2.031678
2.016719
2.026713
2.010774
2.016688
2.028513
2.031406
2.023468
2.022009
2.004850
2.010733
2.006094
2.045291
2.010365
2.005734
1.998075
1.998495
2.023235
1.993442
1.992664
2.018477
1.982438
1.974953
1.954575
1.957889
1.978048
2.005484
2.002154
2.004958
1.992098
1.990074
1.979117
1.984548
2.008389
2.010919
2.014438
2.024679
2.015169
2.024797
2.011131
2.016945
2.028728
2.034278
2.025723
2.024741
2.002508
2.007840
2.003970
2.043205
2.008951
1.999824
1.997208
1.997923
2.024365
1.998427
1.996955
2.016760
1.983444
1.976521
1.961608
1.963162
1.983106
2.007531
2.022804
2.023844
2.008722
1.997656
2.005428
2.007960
2.017612
2.017058
2.004216
2.009076
2.009434
1.992485
2.012078
2.023168
2.041342
2.029787
2.012377
1.973653
2.004029
2.019919
2.011714
2.024105
2.010675
2.004974
2.005777
1.997134
1.972914
2.001201
1.993388
1.982522
2.014592
2.014961
2.020781
2.021235
2.021052
2.000737
2.019179
2.017831
2.007437
2.004441
2.004529
2.007324
2.016538
2.013227
2.001408
2.004930
2.007249
1.991181
2.012840
2.023979
2.040396
2.029999
2.014759
1.974970
2.004515
2.020576
2.012782
2.021068
2.013137
2.006562
2.005899
1.998946
1.975046
2.005687
1.997399
1.987121
2.015165
2.015779
2.021215
2.023232
2.022356
2.001144
1.995571
1.998837
1.982663
2.000099
2.001451
2.015714
2.002599
2.011774
2.028005
1.978031
1.976018
1.983680
1.997705
2.001347
2.017512
1.997862
1.994868
2.013297
2.005511
2.004579
2.002670
2.010621
2.022662
2.007547
2.011875
2.024341
2.058789
2.025699
2.021953
2.007569
1.970889
1.964052
1.947120
1.975568
1.987770
2.014660
1.995000
1.996344
1.973980
1.985788
1.985615
1.999831
1.999858
2.010942
2.032283
1.979279
1.973811
1.981733
1.998177
2.002517
2.015159
2.000150
1.989129
2.010278
2.005212
2.004992
2.003260
2.010863
2.025315
2.012321
2.012181
2.025268
2.060879
2.026601
2.022248
2.006437
1.970218
1.963405
1.947072
1.975785
1.988160
2.016933
2.006357
2.019019
2.022545
2.018328
2.017194
2.002678
2.005944
1.999277
2.019967
2.029968
2.010951
2.003488
2.007074
1.994706
2.009875
1.996445
1.989019
1.981307
2.006750
2.013585
2.013566
2.024666
2.016332
2.014430
1.995941
1.996118
1.998558
2.016743
2.021490
1.986783
2.008429
2.005761
2.008999
2.000828
2.003809
1.993145
2.001353
2.012188
2.005183
2.004551
2.007545
1.987882
2.002003
1.995164
2.020337
2.026481
2.010167
1.999292
2.007817
1.996381
2.008340
1.995533
1.992604
1.986031
2.006347
2.013213
2.012222
2.025649
2.013062
2.007850
1.996176
1.996726
1.995566
2.012536
2.017478
1.982317
2.006488
2.004438
2.009468
2.003838
2.007993
1.998232
2.000309
2.010337
2.018122
2.007679
2.014626
2.011017
2.011833
2.006565
1.991989
1.993360
1.990685
2.000718
2.015276
2.014833
2.024122
2.041744
2.043707
1.990660
1.993433
1.987724
1.995098
1.998416
1.998633
1.999168
2.005635
2.009377
2.025709
2.000173
2.002475
1.991308
2.014231
2.014112
2.039808
2.010520
1.997232
1.995372
1.999385
2.012114
2.016203
2.006995
2.006061
2.001656
2.015656
2.011029
2.007096
2.008690
1.997240
1.992792
2.011953
2.009850
2.025002
2.044662
2.043959
1.985518
1.993446
1.988960
2.000451
1.999512
1.999756
1.998006
2.004922
2.008663
2.023996
1.990816
1.997675
1.987127
2.013787
2.012141
2.038177
2.010234
1.999594
1.998494
2.010368
1.994907
1.981997
1.997667
1.987356
1.975137
2.007575
2.008134
2.010216
2.024257
2.013819
2.015189
2.000191
2.000098
2.008277
1.986012
1.993406
1.976051
2.004432
2.015852
1.999963
1.986588
1.993661
2.011686
1.998894
2.006537
2.001053
1.991103
1.995107
1.995616
1.994581
2.014870
2.011064
1.996006
2.004010
2.035462
2.014901
2.004177
2.003400
2.008010
1.999161
1.982580
2.006139
2.005666
2.011707
2.017964
2.021866
2.030856
2.003158
2.004824
2.012911
1.998705
2.005965
1.984683
2.003014
2.014765
1.995554
1.978800
1.985476
2.009090
1.998773
2.006066
1.999579
1.986763
1.993138
1.997631
1.995579
2.015652
2.012303
1.997407
2.004260
2.035087
2.002046
1.998421
1.997016
2.023196
2.017026
2.010452
2.000977
2.002628
1.993551
1.977409
1.993894
2.006153
2.000228
2.006913
2.020042
2.021108
2.018251
2.017498
1.990785
1.995481
1.971899
1.992226
1.991700
2.002415
2.009108
2.009122
2.011807
2.031124
2.028521
1.987811
2.009489
2.011386
2.042939
2.053006
2.033079
2.022544
1.998160
1.996597
1.987426
2.024912
2.015588
2.011573
1.998760
1.999451
1.990041
1.972148
1.986583
2.001489
1.997841
2.004370
2.016148
2.009290
2.011385
2.007363
1.991320
1.995904
1.976259
2.000957
1.998107
2.002191
2.010940
2.010777
2.013035
2.036662
2.029485
1.993605
2.009447
2.010889
2.042021
2.053845
2.032311
2.020835
2.005573
2.004253
1.999133
1.996030
1.997930
2.006883
2.000155
1.998642
1.957695
1.968939
1.984442
2.013295
1.999172
2.008235
2.040827
2.007024
2.005706
2.012117
2.000411
1.998092
2.008776
2.027975
2.013923
2.020762
2.005238
2.020181
2.014414
1.995949
2.001146
1.999476
2.004623
2.011469
2.008141
2.002714
1.993002
1.995084
2.006917
2.004946
1.993772
1.992661
1.990085
1.996776
2.002180
2.004220
1.971451
1.983903
1.995942
2.027301
1.999739
2.007560
2.042958
2.003466
2.003751
2.009224
1.998320
1.995391
2.000206
2.022605
2.008616
2.014247
2.007825
2.022765
2.021887
2.005915
2.010897
2.009499
2.005150
2.011571
2.007397
2.002203
1.993628
1.994386
2.001985
2.008868
1.971571
1.976905
1.977721
1.963977
2.008208
2.015023
2.014531
2.032741
2.027653
2.017872
1.994576
1.993243
2.004299
2.017188
2.000679
1.986985
2.015154
1.999314
2.003406
2.018939
2.029685
2.037298
2.009218
2.017385
2.000349
2.014855
1.985129
1.992794
2.009197
2.005917
1.989808
1.986767
1.990364
1.978807
2.005755
2.016194
1.977285
1.992669
1.990077
1.975986
2.006425
2.010503
2.002370
2.021098
2.022193
2.018210
1.992345
1.990816
2.000937
2.008507
1.993596
1.977514
2.012473
1.995876
1.997529
2.015385
2.027698
2.041369
2.008179
2.016100
1.998484
2.012820
1.981504
1.993289
2.009738
2.007563
1.990827
1.988527
1.991085
1.974993
1.990001
1.994493
2.003964
1.989969
1.982361
1.978939
1.997962
2.004678
1.995952
2.004922
2.006740
1.978382
1.993457
1.986187
1.980203
2.005718
1.996084
2.018690
1.999534
1.997798
1.966649
1.941910
1.956802
1.977366
2.007223
2.028853
2.023442
2.006877
2.009641
2.012669
2.012922
2.011589
2.000929
1.996785
1.983532
1.982088
1.985167
1.991078
1.988505
1.976632
1.975640
1.975227
1.997776
2.001963
1.981725
1.987929
1.999638
1.973808
1.993991
1.989122
1.986914
2.014587
1.999742
2.014519
1.999160
1.997243
1.966821
1.941693
1.958055
1.975288
2.006393
2.027604
2.021854
2.004322
2.009251
2.010091
2.012765
2.012927
2.003428
1.995575
1.981478
1.978401
2.000885
2.007726
2.044028
2.042793
2.038198
2.019139
2.003610
2.008650
2.028646
2.011101
2.003711
2.019644
1.998786
2.000151
1.988215
1.986208
1.984475
1.981418
2.017221
2.012443
2.029723
2.043492
2.033039
2.028805
1.998810
2.008903
2.002905
2.013284
2.021294
1.991255
1.991475
1.987998
1.969118
1.983695
1.993312
2.025250
2.000231
2.006510
2.039763
2.044439
2.029574
2.016927
2.003880
2.009972
2.032163
2.017361
2.010358
2.016364
2.002780
2.006208
1.994421
1.996087
1.989879
1.983793
2.017660
2.015354
2.034784
2.047544
2.036672
2.034329
1.998379
2.005968
1.994856
2.001317
2.014479
1.985618
1.990565
1.985670
1.967911
1.983631
1.989353
2.018369
1.998837
2.003429
2.003324
1.976764
1.984514
1.986690
1.997492
1.995258
2.016278
1.986035
1.997297
2.002617
1.996943
2.009498
2.013471
1.986733
1.997978
2.018898
1.986831
1.991812
1.965314
1.985665
1.989071
2.001918
1.983841
2.000344
1.996482
2.017404
2.013243
1.997661
1.982674
1.978665
1.960802
1.981526
1.984799
1.976277
1.996713
1.999838
2.016601
1.998826
1.993360
1.989116
1.995663
1.992375
2.011556
1.983337
1.998691
2.006219
1.996296
2.008514
2.010150
1.991612
1.999941
2.022426
1.989399
1.995470
1.977524
1.994109
1.991802
1.999357
1.982888
1.998507
1.997538
2.020938
2.012855
1.995307
1.983933
1.979867
1.964135
1.985655
1.989775
1.978180
2.013173
2.027591
2.052742
2.058588
2.042216
2.045802
2.007257
1.996158
1.975336
1.990743
2.001541
2.019040
1.988062
1.998465
1.981417
1.984260
1.996513
1.997819
1.976888
1.973904
1.966452
1.971731
1.982195
2.004367
1.991137
1.977590
1.963022
1.963788
1.967619
1.996570
1.998077
2.001757
1.997314
1.972509
1.983935
1.958765
2.011185
2.021874
2.046633
2.041230
2.034532
2.043672
2.006389
1.996002
1.974602
1.987810
2.000100
2.027023
1.986416
1.996253
1.980147
1.972908
1.988491
1.988631
1.977349
1.975768
1.973255
1.976482
1.987090
2.003795
1.990235
1.976418
1.960768
1.958297
1.963613
1.993102
1.996957
2.000585
1.998450
1.982045
1.991592
1.961991
2.004097
1.995558
1.984085
2.011365
2.004926
1.998267
2.016190
2.018226
2.038283
2.041550
2.027723
2.011384
1.994015
2.002752
2.016521
1.996306
1.997890
2.015322
2.017550
2.024656
2.002101
2.000265
2.002524
2.013220
1.998084
1.993586
1.997422
2.016189
2.007070
2.023738
2.012535
2.013197
2.006162
2.020254
2.018046
2.008382
2.000694
1.992456
1.994075
2.011768
2.009640
2.011021
2.015394
2.015355
2.031391
2.041656
2.028807
2.016235
1.993985
2.001602
2.014957
1.994316
1.999212
2.015814
2.017457
2.025708
2.006356
2.007276
2.008053
2.018017
1.997448
1.994182
1.998243
2.018322
2.008546
2.023689
2.012871
2.013168
2.007114
2.017786
2.017704
2.005042
1.995456
2.002564
2.023269
1.998932
1.998143
2.007135
1.991997
1.994594
2.018809
2.015354
2.006462
1.999715
1.994958
1.994279
1.987781
1.969045
1.971986
1.974752
1.986399
1.989499
2.009558
1.984174
1.992366
2.000034
2.006617
2.004228
2.033291
2.041610
2.032788
2.025095
1.998882
2.003246
1.983409
1.960127
1.961866
1.979504
1.990891
1.998779
1.999696
1.971495
1.976035
2.004788
1.991153
1.994248
2.023098
2.023837
2.008543
2.005035
1.995869
1.998233
1.995760
1.988532
1.982451
1.987652
1.983275
1.985515
2.002979
1.976984
1.990200
1.991853
2.007324
2.004772
2.034731
2.043241
2.031613
2.022491
1.998182
2.002646
1.982760
1.956103
1.956662
1.978523
2.000623
2.004407
1.997854
2.003974
1.988989
1.985104
2.005452
2.008857
2.000549
1.986762
1.982763
1.979738
1.996961
2.003934
1.976465
1.983893
1.987142
1.983668
2.003014
2.012881
2.023461
2.021959
2.027292
2.018502
2.008143
2.009621
1.994527
1.991674
1.987365
1.996788
1.993261
1.998521
2.006159
2.006947
2.012395
1.996321
2.002249
2.006023
1.993933
1.992436
1.980928
1.985759
2.003175
2.007418
1.996438
1.986570
1.981263
1.981228
1.997788
2.004555
1.975446
1.988632
1.989763
1.980590
2.002952
2.012749
2.024336
2.022980
2.029435
2.021152
2.008007
2.010091
1.992661
1.987783
1.986417
1.996169
1.993776
1.999541
2.007683
2.012348
2.014559
1.997358
2.022977
2.024358
2.010169
2.000915
2.007704
2.006947
2.016188
2.028500
2.026635
2.029462
2.017593
2.010042
2.004931
2.021088
2.035080
2.006611
2.004002
2.004085
2.006207
2.013465
2.025609
2.014933
2.007011
2.018434
1.989715
1.988868
1.978157
1.982532
1.967623
1.973415
2.006903
1.998144
1.993778
2.018058
2.009280
1.997501
2.019351
2.018345
2.008884
2.007701
2.007108
2.006085
2.014971
2.027769
2.030672
2.031429
2.025758
2.023604
2.006303
2.023085
2.037623
2.005214
2.003293
1.998455
2.003729
2.010802
2.014444
2.008076
2.003131
2.022109
1.990623
1.991135
1.984019
1.985437
1.969522
1.976824
2.006228
1.999056
1.993437
2.020079
2.010257
1.998482
1.995028
1.998378
1.981585
2.000273
2.001489
2.015583
2.018139
2.018569
2.035874
2.026533
2.020724
2.038001
2.014299
2.037739
2.043385
2.038519
2.020030
2.008096
2.021622
2.015285
2.027904
2.002015
2.001073
2.004762
2.003104
2.002843
1.995011
1.990591
1.998494
2.015097
1.996492
2.008911
2.036794
2.026646
2.018102
2.013785
1.994457
1.995885
1.972902
1.985831
1.985551
1.999781
2.014577
2.016407
2.033229
2.018468
2.015365
2.034982
2.011572
2.032780
2.038147
2.036596
2.022458
2.013831
2.023701
2.018310
2.030498
2.000672
1.998075
2.000941
2.002074
1.999589
1.991000
1.990749
2.001561
2.020115
1.995452
2.007017
2.034630
2.024738
2.016298
2.011222
2.006522
2.019241
2.022702
2.018416
2.015384
2.001262
2.002054
2.012742
2.030346
2.015078
1.996974
1.999730
1.999822
2.006554
2.013143
2.027867
2.015606
2.012512
2.001800
2.005320
2.006335
1.995543
1.983305
1.975207
1.981659
1.965877
1.959901
1.956222
1.967268
1.979776
2.010859
2.019522
2.012465
2.017245
2.006368
2.031730
2.001518
2.012410
2.005340
2.004639
2.005780
1.986466
2.002783
2.015017
2.034942
2.031711
2.016542
2.012679
1.995425
1.999840
2.002562
2.019104
2.013174
2.014945
2.004908
2.007396
2.011912
1.995309
1.983537
1.973244
1.981563
1.965695
1.958131
1.951072
1.965092
1.978270
2.011560
2.020348
2.012593
2.015829
2.006552
2.030393
2.000117
2.009747
2.018187
2.007863
2.014563
2.010624
2.009550
1.997129
1.986613
2.006541
1.995391
1.984006
1.993221
2.001187
2.014913
1.974649
1.986000
1.982091
2.001903
2.001197
2.001073
1.997086
1.994396
1.981063
1.995515
2.002205
1.969812
1.990161
2.007029
2.020365
2.010080
2.022126
2.027522
2.004881
1.997255
1.983220
1.999193
2.011525
2.016267
2.007179
2.005998
2.001263
2.009226
1.997761
1.988874
1.998873
1.991858
1.977269
1.995705
2.004188
2.019452
1.976715
1.987393
1.982874
2.001919
2.000650
2.001589
2.002901
1.999295
1.985025
1.995130
2.002517
1.971822
1.993471
2.009492
2.021258
2.010147
2.022659
2.027965
2.005211
1.998071
1.984234
2.012315
1.995423
1.985265
1.999063
1.988030
1.976093
2.007082
1.989996
1.967238
1.998422
2.003389
1.996093
1.994490
2.001585
2.007283
2.013547
2.014886
2.000671
1.995370
1.998252
1.989585
1.980044
1.989761
2.014655
1.997760
2.005592
2.000997
2.006202
2.001265
1.990434
1.968132
1.954043
1.924051
1.944211
1.963801
1.985062
2.014557
2.002613
2.003961
2.007411
1.998362
1.983375
2.006067
1.989085
1.972702
1.998253
2.003837
1.993986
1.995919
2.003799
2.008073
2.005757
2.011048
1.996593
1.997452
2.003544
2.002757
1.989524
1.995843
2.016274
1.996555
2.003857
1.997817
2.008778
2.004011
1.990438
1.968940
1.955630
1.929209
1.949762
1.967902
1.981129
2.001574
1.997944
1.996459
2.023100
2.016248
2.009312
2.004290
2.012531
2.002845
1.986304
1.984707
1.983815
1.997076
1.984766
1.955690
1.947990
1.965240
1.969522
2.009050
2.007380
1.992929
2.006188
1.998228
1.997630
2.009483
2.007758
1.973718
1.976928
1.976804
2.015503
2.019414
2.027043
2.040137
2.039172
2.023382
2.006312
1.997688
1.996119
1.986869
2.024816
2.014525
2.010386
1.999711
2.006367
1.992515
1.990516
1.989496
1.989330
1.995118
1.986347
1.964097
1.955165
1.971323
1.966971
2.007894
2.005330
1.985073
1.998135
1.990532
1.991013
2.009011
2.006295
1.975435
1.982537
1.979095
2.018409
2.021810
2.030865
2.053629
2.046159
2.028754
2.010704
