2.006417
2.008279
2.022904
2.001845
1.990145
2.000909
1.997522
2.002894
1.992303
1.979742
1.987959
1.993379
2.002748
2.013112
2.025906
2.044264
1.993352
1.993815
1.993489
1.974489
1.997555
1.990979
1.994542
2.004465
1.995690
1.987369
1.956139
1.961100
1.995618
1.993219
1.984851
1.999047
1.986896
1.975647
1.975531
2.012441
2.003311
2.009393
2.000730
2.026456
1.994936
1.999046
1.993037
2.011899
1.984040
1.981125
1.970725
1.990836
2.016151
2.026421
2.040958
2.020537
2.009556
2.014387
2.011294
2.008328
1.995618
1.994723
2.011945
1.997504
1.987612
1.998024
2.007311
1.987676
2.008781
2.004799
2.015549
2.017612
2.005607
2.003782
2.008683
1.995439
1.984837
1.981439
1.955449
1.951919
1.990893
1.996782
1.989843
1.998011
1.998449
1.985387
2.016332
2.011590
2.003384
2.009567
2.034961
2.040589
1.994136
1.990998
1.955004
1.985382
2.006881
2.016764
2.004038
2.005048
2.001493
2.005076
2.008312
2.012812
2.002850
2.006035
1.989334
2.002107
1.993593
2.000494
1.975568
2.003223
1.973496
1.975221
1.974822
1.999596
2.004742
2.005958
2.031447
2.014826
1.993646
1.999149
2.014847
2.011922
1.985336
1.986872
1.999712
1.987894
1.996110
2.004662
2.026333
2.033302
1.984556
1.989568
1.997481
2.015232
2.004465
2.006507
2.022188
2.004502
2.020752
2.017379
2.025011
2.021496
2.001301
1.998531
1.997504
1.956147
1.997273
1.991333
2.010595
2.000206
2.005729
2.001868
1.983154
1.978442
2.003683
2.012052
2.020657
2.023243
2.016436
2.026013
2.040850
2.003132
1.998726
1.990842
1.990278
1.969141
1.999104
2.004793
1.969929
2.008690
2.007062
1.991959
2.012860
2.001733
2.000767
1.990085
1.973216
1.997581
2.004020
2.000703
2.001990
2.031829
1.984824
1.993602
1.995931
1.973016
2.008284
2.012831
2.025999
2.025553
1.992691
1.977770
1.972171
1.968993
1.994830
1.988432
1.986602
1.971159
2.012989
2.010017
2.038066
2.048560
1.995966
2.001077
2.003713
2.020310
2.000398
1.988991
1.966681
1.990560
1.991435
1.991615
1.978176
1.989463
2.022392
2.019501
2.028786
2.037152
1.990472
1.980417
1.960483
1.971647
2.024409
2.021215
2.007831
1.995909
2.015095
2.033693
2.041719
2.020264
1.986719
1.990766
1.972104
1.967090
1.985342
1.987968
2.009681
2.011723
2.002175
1.999223
2.035257
2.020689
1.998201
2.003575
2.014318
1.972412
1.997212
1.995973
1.986481
1.998091
1.997207
1.999780
2.001722
1.985977
1.993608
1.990429
2.004350
2.013273
1.997916
1.999675
1.971767
1.981892
2.004803
2.002119
1.997878
1.970622
1.996166
1.993907
1.997707
1.988491
2.004475
2.004769
2.013741
2.004469
2.006419
1.997636
2.021551
2.049630
2.001462
2.006109
2.024633
2.017365
2.009571
2.013370
2.010948
2.012638
2.004860
2.009556
2.008816
1.988351
2.010463
2.012644
2.039550
2.042185
2.003295
1.998937
2.007305
1.983626
1.992277
1.986254
1.938245
1.966942
1.998733
2.010094
2.010922
1.992364
1.992804
1.993596
2.018725
1.995360
2.006844
2.008641
1.988179
1.995586
2.001337
1.990003
1.962708
1.977737
2.002381
2.013991
1.999090
2.001722
1.999416
2.004624
1.994367
1.985825
1.999053
2.018764
2.023676
2.016204
1.999074
2.018639
2.010176
1.994585
2.001180
2.007370
1.993402
2.012922
1.988293
1.977104
1.968100
1.989811
1.995515
1.998441
1.990789
1.950172
1.987535
1.993564
1.951151
1.970394
1.994173
1.995135
2.028195
2.038866
1.992917
1.994481
1.986349
2.006256
1.997681
1.999280
1.999089
2.004271
2.012406
2.004483
2.009206
1.972587
1.997286
1.997366
2.015043
2.033065
1.996789
1.992346
1.998495
1.993177
2.000763
2.004628
1.991277
2.010085
1.975720
1.971754
1.964268
1.974532
1.993430
2.008244
2.025691
1.978977
2.007444
2.019014
1.998252
2.011464
1.993401
2.003691
2.024687
2.018821
1.985099
1.983468
1.996654
1.943565
1.977548
1.985777
2.002154
2.010978
1.996451
1.985472
1.993530
1.983592
1.978993
1.995381
2.000601
1.983783
1.993030
2.000679
2.005496
1.977924
2.005359
1.996547
1.977881
1.989396
1.983486
1.975589
1.977036
1.969776
1.995778
2.003989
2.015401
2.019806
1.984450
1.975290
1.984646
2.028315
2.005615
1.997080
1.988306
1.996058
1.997385
1.996082
2.014103
2.002451
1.989612
1.982680
1.967190
1.962474
2.003511
1.996247
1.987979
1.979397
2.009910
2.005913
1.982549
1.987793
1.987346
1.987136
1.995923
1.992179
1.990243
1.995734
1.962914
2.001309
2.016227
2.012055
2.001284
2.016822
1.990116
1.982377
2.005291
2.009097
1.989149
1.994086
1.957852
1.978613
2.016243
2.015034
2.023877
2.036803
1.989186
1.995092
2.010009
2.019837
1.984715
1.983586
1.997173
2.006460
2.024796
2.021196
2.045183
1.999096
1.989795
1.984555
1.994050
1.994524
1.994317
1.996762
2.025637
2.008878
1.994418
2.011931
2.018076
1.992253
2.015148
2.037296
2.061468
2.028323
1.983924
1.978368
1.953034
1.950092
1.992488
1.999271
1.995677
1.992414
2.028509
2.024987
2.048321
2.014816
1.999343
1.994608
1.989992
1.982980
1.998808
2.001674
1.994203
2.013821
2.002640
2.010557
2.035456
2.013161
1.996138
2.004347
2.002687
1.981177
2.013333
2.003893
2.010738
1.994699
1.991900
1.979523
1.979202
1.964778
2.005756
2.012055
2.026025
2.046574
2.011505
2.015668
1.993873
1.989957
2.013982
2.014402
2.015165
2.010128
2.003737
2.002780
2.016918
2.008346
2.000751
2.019900
2.007161
1.998240
2.010290
2.000951
1.967406
1.980700
2.000868
1.997734
1.971583
1.973771
2.001096
2.000209
2.006965
1.996708
1.994705
1.982229
1.988844
1.974572
2.001755
2.021550
2.008443
2.028070
1.984412
1.986383
2.007468
2.021608
2.010229
1.986985
1.965210
1.993676
2.014545
2.022377
2.016265
2.017406
1.985925
1.993436
1.992766
1.981992
1.999404
2.001055
1.983864
2.015047
2.006535
2.007095
2.012529
2.009670
1.987077
1.991772
2.011927
2.002896
1.986090
1.980648
1.968044
1.980572
2.005630
1.997956
1.988659
2.002664
1.980227
1.977468
1.991814
1.994836
2.009507
2.008028
2.001023
1.980815
1.991222
1.999858
2.000601
2.015254
2.015116
2.017128
2.015810
2.001367
2.001444
1.983152
1.992385
1.997816
2.004106
2.008210
2.010630
2.006280
2.007131
2.010754
2.007465
2.021944
2.013241
2.004945
2.029453
1.968027
1.992598
1.988391
1.939770
1.960557
1.988398
1.997026
1.989891
1.986628
1.984679
1.991416
1.994143
2.009856
2.004731
2.001215
2.007868
1.995547
2.010926
2.016155
2.007806
2.010044
2.011002
2.005650
2.011330
2.008350
1.988563
1.985650
1.996537
2.008617
2.010096
2.009802
2.007124
1.996452
2.003306
1.984393
1.971745
1.982433
1.984349
1.988594
1.987395
1.995072
2.000458
1.993632
1.992937
1.981713
1.993339
1.983432
2.007660
2.008768
2.000859
2.012656
2.013559
2.032923
2.003173
2.005120
1.998252
2.026971
1.995907
1.993471
1.966137
1.962140
2.010130
2.018429
2.034378
2.015848
1.979680
1.985445
1.962335
1.974803
2.015350
2.029931
2.021759
2.002835
2.006792
2.008565
2.025716
2.021421
2.006135
2.009611
1.997066
1.985763
1.990612
1.999030
2.010805
1.991988
1.990550
1.997445
2.000373
2.002215
1.991111
2.005323
1.979997
2.012869
2.002101
1.994791
2.026030
2.004424
1.979977
1.982927
1.976296
1.997747
2.012245
2.015939
2.028957
2.029752
2.013219
2.021607
2.028488
2.019508
2.014425
2.021650
2.021868
2.002049
2.015326
2.017996
2.026752
2.017791
1.991568
1.984154
1.991672
2.002464
1.984476
1.979962
1.983372
2.008248
1.991882
2.003370
1.985517
1.992632
2.012783
2.017890
1.996038
1.974393
1.998724
1.997008
2.014585
2.055352
1.997445
1.999255
2.020527
2.019022
2.003033
2.002235
1.965143
2.001704
2.000245
2.002088
1.985014
1.981877
1.978197
1.983368
1.982249
2.009715
1.998071
1.999381
1.985954
2.000294
1.993864
1.988340
1.996427
1.983927
1.994336
1.987625
2.006286
1.996076
2.003323
2.003742
2.025682
2.002005
1.991638
1.991801
2.003960
2.032739
2.008799
2.009055
2.019865
1.994220
1.999588
2.009047
2.033980
2.027641
1.995343
1.988697
1.975112
1.998836
2.009956
2.020204
2.004359
1.996921
2.016098
2.006547
2.035672
2.014529
2.005018
1.998342
1.994709
2.001832
1.996610
1.996074
1.997647
1.994162
1.998101
1.981527
1.989796
2.001789
2.010279
2.008939
1.983496
1.995776
2.010085
1.997787
1.985106
1.993803
1.989449
1.979127
2.001941
2.004503
2.000922
2.007287
2.000307
2.002655
2.007557
1.995892
2.012412
2.027711
2.020251
2.019012
2.044284
2.043735
1.997209
2.009274
1.987811
1.999688
1.999576
1.989331
2.013747
2.006795
2.005192
2.002398
2.012198
1.994296
2.014246
2.017940
2.010917
1.996771
2.011038
2.005733
2.021082
2.031213
2.005477
2.011666
2.015125
1.999414
1.994082
1.996254
1.994674
1.993499
1.993849
1.986872
1.982921
1.975341
1.977592
1.985822
2.001888
2.008978
1.991497
1.992694
1.995562
2.007744
2.001468
2.007849
2.012484
1.988226
2.003792
2.006122
2.003490
1.983777
2.000842
1.993003
1.992347
2.022760
1.997256
2.005570
2.004787
2.005357
2.008442
2.006371
2.017996
2.006243
1.999914
2.004088
2.006619
2.019482
2.000866
1.988261
1.982548
1.981355
2.000420
2.006720
2.006682
2.000086
2.001622
2.000642
2.036446
2.008685
1.988121
1.997113
2.014581
1.992314
1.997296
1.978392
1.961660
1.979340
2.006072
1.997808
2.020728
2.002406
2.008403
2.011347
2.010149
1.983471
1.987463
1.977267
1.969208
1.949870
2.011547
2.008307
2.016569
2.039481
1.993209
1.987145
1.994812
2.004328
1.999395
2.009592
1.993973
1.987822
2.014510
2.005147
1.984382
1.982720
2.000132
1.996747
2.015439
2.019855
1.990515
1.991250
1.997712
1.994722
1.981867
1.989613
1.989850
1.983925
2.005175
2.000427
2.004428
1.990126
1.999435
2.005203
2.002851
2.021096
1.979745
1.978835
1.984999
2.021766
1.990953
1.988132
1.991814
2.020102
1.999986
2.002204
1.997487
1.984209
2.006067
1.995233
1.999384
1.998483
2.008235
1.999401
1.998628
2.026675
1.998414
2.010088
2.016162
2.023081
2.014997
2.008357
1.970854
1.979436
2.012325
2.015474
2.022023
1.998538
2.004521
2.020177
2.035964
2.020107
1.999759
2.006028
2.032490
2.010771
2.016276
2.019903
2.003385
1.977658
1.993996
1.988927
1.989461
1.962974
1.994494
1.995042
1.990049
2.009725
1.995615
1.994612
1.991813
2.015690
2.012942
2.005858
1.995629
1.988431
1.999515
2.008488
2.032104
2.016320
1.998586
1.999556
2.011173
1.992921
1.987963
2.006510
1.991241
2.019315
1.997998
1.992613
1.999317
2.020647
2.012166
2.016123
2.033324
2.013359
2.006373
2.000549
1.992685
2.005326
2.004136
1.994237
1.990900
1.978544
2.000096
1.996672
2.015828
1.994485
1.997821
1.994282
1.982954
1.974046
2.014607
2.001926
1.991251
1.980218
2.002400
1.990403
1.995060
2.007140
2.002798
2.003156
1.981201
1.989176
1.991031
1.984029
1.976897
1.998851
2.006659
2.024829
2.049564
2.017885
2.005387
2.002302
2.010665
2.025656
1.996834
1.987185
2.004681
1.993809
2.009707
2.022174
2.039350
2.033018
1.980882
1.985879
1.993803
1.991516
1.998778
1.994944
2.010424
1.980950
2.012477
2.019414
1.982521
1.988681
1.986812
1.975777
1.963692
1.974990
2.020685
2.027505
2.032005
2.018356
1.983639
1.978904
1.955841
1.991599
1.987199
1.983939
1.965406
1.966143
2.002296
1.994337
1.963334
1.991815
1.981438
1.993731
1.990028
1.996384
1.997898
1.995683
2.004090
2.022249
2.004247
2.003190
1.986298
1.988519
2.003096
2.018811
2.022921
2.012319
2.003939
2.002402
2.012702
1.999124
2.010097
2.003436
2.000151
2.002423
2.007501
1.998659
1.991857
1.992754
2.008202
2.001863
1.994135
1.995204
1.992519
1.992432
2.018920
2.015466
1.992722
1.998214
2.005219
1.996665
2.006096
2.011307
1.982225
1.968741
2.001675
2.013604
2.053056
2.041810
1.995325
1.981088
1.924870
1.971889
2.007198
2.010771
2.005198
1.993728
1.988752
1.990834
1.993481
1.970222
2.002640
2.000076
1.978013
1.987733
1.990321
2.000752
1.997752
2.011406
1.983869
1.993079
1.981879
2.002645
1.986134
1.963300
1.961803
1.993364
2.018258
2.026285
2.018600
2.010468
2.005179
2.002946
2.002041
1.989182
1.994432
1.990353
2.006494
2.007352
1.993783
1.991095
1.990820
1.964061
1.991160
1.980692
2.031570
2.025699
2.002253
2.002423
2.008086
2.010887
1.990993
1.985540
1.983177
1.972405
2.009757
2.016375
2.003439
2.000383
2.004420
2.009983
2.016760
1.980019
1.991028
1.995542
2.011771
2.036659
2.011187
2.008390
1.972638
1.959923
1.996723
1.986841
1.992091
1.995842
2.017943
2.015424
2.011005
2.017727
2.014350
2.009108
2.025252
2.020607
1.992054
1.987830
2.001874
1.985470
1.994868
1.991831
1.952030
1.972631
2.009113
2.002272
2.006575
1.981770
2.006450
2.009133
1.992140
1.979227
1.988729
2.001906
1.997227
1.995761
2.005972
1.988546
1.975207
1.987644
2.013507
2.010593
2.028514
2.039541
2.023493
2.014708
1.993554
2.009946
1.987452
1.995241
1.997755
2.019726
1.987059
1.985583
1.978348
1.972409
1.985084
1.989017
1.982199
1.961699
1.996666
1.983015
1.997664
2.022962
2.008666
1.989662
1.971129
1.982778
1.998628
2.002119
2.033366
2.029564
2.001790
2.008549
1.987715
1.995380
1.997614
1.983028
1.991254
2.004159
1.991900
1.988079
1.998172
1.988866
2.001626
2.000697
1.990982
1.991509
2.009649
2.022597
1.991759
2.005232
1.991361
1.994615
2.005623
1.983988
1.993534
2.008571
2.024436
2.004902
2.006161
1.993952
1.981693
1.987808
1.996616
2.004616
1.994480
1.961171
1.997175
1.995517
1.992543
1.994841
2.017590
2.017959
2.027823
2.024427
2.004237
1.995790
1.992815
2.002854
1.992761
1.988000
2.017768
2.004547
2.000506
2.003747
2.003952
2.022784
1.989020
1.971280
1.965791
2.007749
2.014511
2.015193
2.010437
2.034483
1.994476
1.992142
1.955011
1.943656
2.015347
2.009389
1.992993
1.990543
2.004559
2.000810
1.994256
1.979044
2.003231
2.011015
1.999256
2.008115
1.998072
2.002638
1.979676
1.999767
1.995700
1.988687
1.969517
1.990878
2.008636
2.017441
2.000986
1.992281
2.006643
2.003109
1.965275
1.983634
1.990649
1.994476
1.996069
2.011508
1.999116
2.003331
1.988950
1.996607
1.998034
1.987342
1.975394
1.980958
2.002022
2.004682
2.010225
2.021753
1.990679
1.985682
1.980673
1.978250
2.000572
1.995373
2.002131
1.989872
1.996479
1.997575
2.007788
2.006470
2.005877
2.007042
2.004982
2.006496
1.998250
2.015781
2.026647
2.012166
2.001238
1.998910
2.006778
1.994456
2.014301
2.004782
2.006478
2.001191
1.999999
2.004144
2.001437
2.005301
1.998494
1.997191
1.999851
1.974721
2.010673
2.016203
2.013731
1.994363
2.011585
2.009987
2.010389
2.012950
2.008313
2.021964
2.015811
1.997336
2.012120
2.011871
2.019688
2.038158
1.996944
2.002024
2.002708
2.020364
2.014394
2.014257
2.013504
2.006649
2.012765
2.010772
2.028754
2.003246
1.997539
1.996878
1.981446
1.994943
1.992063
1.996529
2.021947
2.015367
1.997364
1.999469
2.003259
1.990713
1.998334
1.993800
1.981899
1.963521
1.993682
1.999975
2.014731
2.029315
2.000876
2.000011
2.028472
2.022876
2.009518
2.019739
2.011208
2.009627
1.985816
1.983321
1.979734
1.989965
2.001041
2.003055
2.008169
2.026386
1.999132
2.006222
1.973695
1.997193
2.004557
2.000277
1.995887
1.997409
1.989597
1.992178
1.989584
2.001823
2.000217
2.008748
2.017927
1.997727
1.998634
1.995587
1.986527
1.985354
2.011755
2.000598
1.981860
1.984736
1.994688
1.979373
1.964973
1.961636
1.992654
1.998760
2.003713
1.995432
2.003114
1.997934
1.987738
2.005700
