1.988715
1.996098
1.982888
1.985117
1.975779
1.993212
1.996846
1.994423
1.977976
1.978173
1.980778
1.984233
1.991849
1.990808
1.989259
2.016481
2.010969
2.001460
2.016677
2.011030
2.016203
2.035166
2.029084
2.006475
2.018629
2.017229
2.028823
2.027481
2.025583
2.011651
2.004257
2.002865
1.995616
1.991123
2.002262
2.011546
1.995231
2.004093
1.995602
1.992710
1.983516
1.986497
1.996622
1.996391
1.982095
1.980630
1.980264
1.981421
1.991854
1.993028
1.989425
2.015980
2.010446
2.006106
2.016810
2.013110
2.020670
2.039367
2.030924
2.011017
2.018790
2.017333
2.028230
2.029687
2.028376
2.014620
2.004181
2.002472
1.993381
1.990379
2.003523
2.013681
2.000614
2.017205
2.013934
2.025065
2.023682
2.014170
1.996620
2.007649
1.988787
2.005582
1.984278
1.963304
2.001545
2.000701
2.017833
2.004007
2.001038
1.993489
1.992275
1.997495
1.982524
2.002458
1.993815
2.012429
1.986865
1.987558
1.963834
1.977787
1.969523
1.979268
2.017302
2.018569
2.008906
2.010785
2.007632
2.006551
1.997554
2.010788
2.003632
2.024465
2.023699
2.020379
1.997009
2.005927
1.986893
2.007026
1.983111
1.958979
2.003622
2.005305
2.026095
2.013857
2.007515
2.000576
1.992851
1.996554
1.985025
2.005663
1.994703
2.010690
1.987421
1.986682
1.962067
1.978196
1.969821
1.982036
2.017292
2.018742
2.007560
2.011388
2.008886
2.011124
2.001230
2.007726
2.012173
2.010829
2.016082
2.036259
1.992952
1.994358
1.989175
1.987889
1.983286
1.975023
2.005862
2.015232
2.053487
2.025052
2.023277
1.996750
1.967457
1.965972
1.967303
1.967378
1.977154
1.994641
1.994233
1.997059
1.993202
1.973310
1.966840
2.003421
2.001537
2.003826
2.028714
2.016845
2.013565
1.995096
1.999378
2.007682
2.009622
2.005484
2.002314
2.039230
1.995648
1.998104
2.003626
1.997751
1.990009
1.989463
2.006363
2.016914
2.050779
2.029834
2.025208
1.996596
1.967857
1.967111
1.971322
1.970003
1.979413
1.990535
1.996233
2.000118
2.001946
1.981576
1.975389
2.005977
2.001624
2.004929
2.032204
2.015505
2.012460
1.997322
1.999534
2.007077
2.013936
2.022939
2.019991
2.008090
2.007867
2.016796
2.023116
1.992319
2.001219
1.992758
2.008053
2.005470
2.000760
1.969844
1.985068
1.981939
2.011796
2.014904
2.003288
2.004748
1.993790
2.006670
1.992315
1.979636
1.974835
1.981954
1.982168
1.999815
2.012204
2.025897
2.008014
2.006173
2.002301
2.013402
2.001336
2.008582
2.020896
2.038344
2.033009
2.012209
2.007142
2.016798
2.026356
1.988692
1.998211
1.990081
2.011571
2.011303
2.017961
1.979154
1.987597
1.976168
2.011225
2.015359
2.007044
2.007409
1.997132
2.012563
1.992990
1.980183
1.975272
1.980795
1.982489
1.999369
2.012446
2.027283
2.012250
2.010395
2.007486
2.020670
2.000499
2.006530
2.010136
2.023275
2.026785
2.006703
2.005831
2.006768
1.988043
1.999383
1.998941
2.005894
1.993224
1.985754
1.986263
1.987608
1.988251
1.976349
1.987365
1.991477
2.018826
2.008401
2.016258
2.005978
1.988934
1.982342
1.961541
1.993234
2.001451
1.995842
2.011175
2.011906
1.986704
1.959440
1.980525
1.992395
2.001013
2.008641
2.014274
2.029509
2.027680
2.018015
2.004183
2.003715
1.985374
1.989953
1.988877
2.004944
1.994386
1.986569
1.988138
1.993971
1.993185
1.980769
1.985183
1.988172
2.015429
2.012040
2.023756
2.009692
1.989599
1.983245
1.963872
1.995983
2.003059
1.997294
2.011175
2.011906
1.984608
1.955748
1.978562
1.990319
2.010948
2.005470
2.010394
2.006433
2.004386
2.003307
2.000225
1.988617
1.971311
1.997486
1.994899
2.011060
2.012667
2.003722
1.986022
1.993132
1.988876
2.000242
2.007099
2.016062
2.020354
2.013090
2.015129
2.001046
2.006177
2.000964
1.976269
1.987371
1.999162
2.011282
2.009328
2.000548
2.021483
1.996595
2.006891
2.022933
2.011201
2.004225
1.995280
1.991317
1.998038
1.999760
2.003647
1.992821
1.973919
1.999554
2.003013
2.017164
2.009453
1.997016
1.973985
1.981384
1.981569
1.995238
2.006179
2.014737
2.020081
2.011408
2.015095
2.009509
2.007632
2.002749
1.982107
1.990169
2.001936
2.008472
2.008282
1.997922
2.015534
1.993290
2.004012
2.021244
2.002040
2.009744
1.982804
1.983966
1.988185
1.994540
2.028435
2.024376
2.015512
2.018417
2.026995
2.003469
1.998512
1.994117
1.956122
1.951169
1.961494
1.966271
2.004595
2.013075
2.025744
2.022754
2.023916
2.031206
2.011850
2.008520
2.015569
2.024279
2.016485
1.986017
2.001384
2.016385
1.983976
1.992326
1.998566
2.028161
2.004457
2.012441
1.980198
2.005914
2.004906
1.991781
2.027145
2.021452
2.012429
2.024706
2.033817
2.006211
1.997191
1.991826
1.949495
1.948929
1.959257
1.967659
2.001615
2.009051
2.014239
2.013756
2.017549
2.029499
2.011790
2.007780
2.013763
2.024488
2.016101
1.985072
2.001083
2.015655
1.983251
1.993126
1.997369
2.026047
2.001228
2.004327
2.005039
1.980488
1.985514
1.987317
1.998075
2.006491
2.024949
2.004884
1.991468
1.989653
1.992471
1.985691
1.990203
1.975147
1.974853
1.986094
2.018649
2.013249
2.029226
2.005712
2.003858
2.004808
1.986011
1.978093
1.972135
2.002334
2.001043
1.996404
1.986119
1.991058
1.990137
2.006591
2.012708
2.032221
1.996094
2.001574
2.000438
1.984380
1.993554
1.998323
1.995069
2.004273
2.018343
2.003910
1.987588
1.980832
1.991016
1.984373
1.989368
1.981566
1.983513
1.990533
2.020370
2.015370
2.029294
2.001460
2.000545
1.999892
1.986017
1.977996
1.971363
2.001409
2.001231
1.996422
1.987366
1.991526
1.990080
2.010443
2.016882
2.029197
1.987749
1.988742
1.980019
1.968603
1.971800
1.974321
2.005967
1.996395
2.012470
2.037635
2.023983
2.019806
1.995600
2.002226
2.013753
1.999478
1.992974
2.007147
2.001523
2.005833
2.002844
1.989354
1.979440
1.976478
1.997705
2.011003
2.003823
1.999437
2.010951
1.978379
1.998591
2.009573
1.995881
1.993027
2.008730
2.025557
1.987846
1.991232
1.985263
1.974924
1.969375
1.992898
2.004927
1.995130
2.010827
2.031492
2.019670
2.011734
1.996383
2.003894
2.017675
2.007748
1.998548
2.012854
2.003767
2.007460
2.003766
1.989206
1.978538
1.974784
1.998443
2.013338
2.002490
1.992909
2.006999
1.980693
1.997579
2.008720
1.995186
1.993397
2.008325
2.025280
2.002100
2.002157
2.016231
2.014451
2.010885
1.964328
2.014570
2.017842
2.022765
2.009678
1.994358
1.990643
2.008802
1.999096
1.958405
1.989482
1.990287
2.004543
2.000592
1.998761
1.987945
1.981282
1.989744
1.972212
2.015617
2.029927
2.034815
2.029566
2.012459
2.001778
1.996829
1.999382
1.987060
2.009185
2.002212
1.981944
2.005309
2.007393
2.034314
2.037014
2.024078
1.974671
2.014173
2.021258
2.025169
2.015413
2.003840
1.994022
2.009327
2.000199
1.962606
1.995264
1.997725
2.017776
1.998920
1.995911
1.982207
1.975688
1.988016
1.974721
2.015572
2.029975
2.034499
2.032712
2.014243
2.002795
1.997189
1.999923
1.986825
2.008335
2.001501
1.980082
2.015774
2.026233
2.019795
2.030655
2.019891
2.028864
2.008405
2.016327
2.014134
2.022299
2.004028
1.999517
1.984101
1.987974
1.991467
2.010749
1.999073
1.982199
1.992905
1.993592
1.967459
1.957919
1.962392
1.997646
2.019089
2.019748
2.004463
1.994700
1.995733
1.986995
1.998809
2.017012
2.018559
2.005197
2.005759
1.978817
2.010086
2.019528
2.008352
2.015567
2.005135
2.024248
2.009833
2.017389
2.014966
2.023259
2.013338
2.013539
1.980545
1.983221
1.983395
2.010410
2.002874
1.985538
1.994486
1.998612
1.980139
1.968389
1.969519
1.998168
2.018726
2.019505
2.006476
1.997005
1.995647
1.985475
1.997809
2.016258
2.014289
2.002118
2.001555
1.976039
2.007627
2.009169
2.007175
2.016022
2.001531
2.013488
2.005473
2.004732
1.997939
1.995341
2.001843
1.999461
2.008336
2.008511
1.975534
1.962951
1.967191
1.959575
2.010402
2.001088
1.982905
1.996418
1.990049
1.988262
1.991681
1.997309
1.994185
2.006154
2.009900
2.010029
2.010492
2.015624
2.007671
2.024694
2.011174
2.001701
2.009507
2.014523
2.019549
2.016475
1.998945
2.013575
2.003257
2.003001
1.992625
1.995408
1.999305
1.997186
2.010998
2.009363
1.976453
1.967040
1.970886
1.962862
2.009383
1.999818
1.978734
1.995298
1.987597
1.986635
1.991681
1.997309
1.993902
2.005253
2.010130
2.010226
2.011013
2.015888
2.008558
2.023751
2.009483
2.001411
1.996571
2.006248
2.026671
1.998760
2.011502
2.051585
1.987894
1.991444
1.956866
1.979586
1.989754
1.997948
2.005051
2.011371
1.999148
2.018711
2.018936
2.017609
2.008241
2.012744
1.983984
1.988372
2.004693
2.032199
1.982326
1.992012
1.971718
1.996848
2.003606
2.017154
1.998904
2.006691
2.017637
1.992926
2.003527
2.013329
1.998930
2.013664
2.033872
2.014052
2.022062
2.041939
1.993672
1.997548
1.966604
1.981724
1.987438
2.003041
2.006917
2.012417
1.998558
2.022312
2.023074
2.015351
2.004798
2.007803
1.977363
1.975172
1.991566
2.028072
1.982462
1.993929
1.977125
1.999694
2.004159
2.017635
1.999135
2.007651
2.018348
1.996598
2.006948
2.015820
1.985820
1.976999
1.971134
1.976104
1.960016
1.972655
2.003613
2.013031
2.007289
2.004479
2.012845
2.022600
2.005737
2.008560
2.030468
2.002362
1.998519
1.976635
2.000842
2.009540
2.020523
2.023055
2.026079
2.021077
2.002618
1.989590
1.998283
2.001363
2.005557
2.026167
1.986877
1.999255
1.986434
1.993395
1.992952
1.996332
1.987011
1.976558
1.970212
1.977287
1.964318
1.976029
2.003245
2.011075
2.001838
1.990472
1.999159
2.018046
2.005947
2.009759
2.032363
2.008407
2.005441
1.985527
2.000721
2.009636
2.018964
2.023680
2.023170
2.021617
1.998294
1.984283
1.989622
1.996554
2.004186
2.027969
1.987323
1.999901
1.989253
2.004421
2.003210
2.004116
2.017125
2.009804
2.021502
1.984820
1.994472
2.010742
2.004870
2.020242
2.008935
2.020617
2.020245
2.004434
1.999621
1.997939
1.990369
1.973967
1.974683
1.957606
2.007796
2.005638
2.005291
1.968056
1.969658
1.964842
1.998464
2.013075
2.015656
2.019577
2.005869
2.011875
2.002668
2.004666
2.018780
2.007373
1.994426
1.990114
2.010783
2.002785
2.014262
1.983244
1.991503
1.995250
2.003164
2.015628
2.001419
2.004046
2.010594
1.999532
1.999059
1.998782
1.993054
1.986329
1.982296
1.966726
2.008308
2.005409
1.999454
1.963843
1.967015
1.972085
1.996620
2.012777
2.016580
2.028533
2.015686
2.016492
2.002445
2.004683
2.018613
2.004482
1.992432
1.988462
1.988763
1.996341
1.985930
1.985936
1.976082
1.992820
1.996728
2.006255
2.019997
2.031779
2.027079
2.038015
2.004105
2.012253
2.021052
1.998724
2.007266
2.004205
1.987678
2.001432
2.018609
2.044617
2.031928
2.002776
2.002457
2.005653
2.020116
2.006225
1.996005
1.983574
1.994923
1.984663
1.999164
1.966613
1.961086
1.967462
1.995083
2.003671
1.996595
1.990263
1.981202
1.985344
1.994711
2.005290
2.023914
2.035755
2.033457
2.048011
2.003830
2.012082
2.020745
1.999882
2.012644
2.011636
1.983957
1.996792
2.010447
2.037468
2.025261
1.996984
2.003098
2.005810
2.021289
2.007073
1.996425
1.984822
1.994950
1.984474
1.999327
1.965775
1.961021
1.965769
2.001301
2.017824
2.014970
2.024109
2.022528
2.012928
2.001323
2.000874
2.025591
1.996861
2.004282
1.994566
2.014041
2.018870
2.004892
2.011262
2.011600
2.021398
2.008434
2.003821
2.015938
2.032617
2.016740
2.006583
1.995531
1.991397
1.992378
1.992113
1.992478
1.989295
2.007998
2.019612
2.031542
2.036646
2.020001
2.008591
1.998242
2.011407
2.004667
2.023509
2.022545
2.019408
1.998584
1.997152
2.015759
1.984380
1.994445
1.995969
2.011780
2.015138
1.998702
2.010766
2.009893
2.024272
2.007534
2.003555
2.018127
2.038428
2.022059
2.007163
1.995074
1.989674
1.990143
1.988295
1.989176
1.987810
2.007803
2.021828
2.034236
2.045490
2.027825
2.008859
2.001165
2.008203
2.013097
2.013293
2.016249
2.038359
2.015128
2.001018
2.016948
2.009486
2.008102
2.002066
2.001404
1.994838
1.995337
1.981731
1.996286
1.997937
2.008743
2.001555
2.014427
1.996164
1.999898
2.003597
2.003009
2.009524
2.009008
1.998064
2.008159
2.032387
2.003769
1.997451
2.002951
2.004050
1.996480
2.011080
1.999313
2.008159
2.010459
2.007871
2.002481
2.041331
2.013746
1.999841
2.012605
2.008509
2.009646
2.003540
2.000763
1.992530
1.991056
1.980556
1.994240
1.984411
2.007869
2.000296
2.018380
2.001286
2.004484
2.004037
2.005657
2.012909
2.012474
2.008574
2.013836
2.033476
2.003812
1.997290
2.002550
2.000692
1.996294
2.012692
1.999365
2.007288
2.012804
2.019334
2.017530
2.006437
2.005941
2.006144
2.021922
2.031555
2.015444
1.991564
2.013874
2.014121
1.994458
1.968321
1.962309
1.959043
2.006509
2.016119
2.007104
2.012815
2.020467
2.025842
2.006688
2.014262
2.019037
1.997481
2.003302
2.003192
2.000759
2.004294
2.023611
2.031415
2.011375
2.000829
2.001167
2.008793
2.019764
2.034959
2.030896
2.010775
2.007028
2.005079
2.012912
2.035206
2.020074
2.001101
2.014374
2.013826
1.999550
1.968938
1.960975
1.960271
2.007016
2.016324
2.007447
2.016753
2.023989
2.025281
2.006138
2.013674
2.018839
1.997658
2.002618
2.007502
2.000759
2.003965
2.023029
2.029767
2.010793
2.001188
2.000193
2.006379
2.008813
2.022566
2.026900
2.008186
1.996332
1.987304
1.983654
1.994198
2.002141
1.990950
2.001972
2.001652
2.013746
1.990666
2.003562
2.002024
1.984274
1.980545
1.968786
1.970705
1.979038
1.967641
2.009116
2.001444
1.995480
2.005947
2.000601
1.991531
1.998398
2.001929
2.007827
1.998110
1.991240
2.000292
2.000707
2.008490
2.012951
2.028520
2.027778
2.018695
1.995346
1.987497
1.991453
2.003282
1.999970
1.994412
2.000543
2.002437
2.014706
1.991812
2.008352
2.009507
1.983877
1.979679
1.969092
1.967850
1.978090
1.969522
2.006722
1.998649
1.992414
2.002064
1.998068
1.992567
1.998086
2.001803
2.007074
1.998445
1.991160
1.999540
2.010683
2.005182
2.010594
2.005198
2.003694
2.003103
2.002881
1.998439
1.997546
1.996719
1.986177
1.980017
2.019934
2.035404
2.020583
2.014709
2.009167
2.009314
1.984976
1.986964
1.962544
1.960238
1.967620
1.986935
1.982919
1.982799
1.988245
2.003767
2.006599
2.014626
2.010543
2.002097
2.034755
2.006847
2.010100
2.002477
2.010935
2.003937
1.995281
1.989939
1.996921
1.999489
2.000422
1.996691
1.996195
2.002808
1.987317
1.972303
2.020152
2.035727
2.018367
2.009983
2.008569
2.016113
1.985152
1.986962
1.962154
1.959922
1.967779
1.988673
1.983019
1.983713
1.988105
2.004368
2.009737
2.017461
2.009038
2.000109
2.035673
2.010575
2.013089
2.001693
2.003144
2.011616
1.987470
1.982753
1.985332
1.991519
2.011067
2.024519
2.028104
2.019635
2.007031
1.992319
2.000501
2.008414
2.016619
2.008736
2.017828
2.026541
2.000526
2.005654
2.007870
1.996577
1.988136
1.992834
1.994630
2.007387
2.003988
2.002824
2.003164
1.988088
2.003003
2.008477
2.021719
1.996754
1.992842
2.005271
2.005560
2.014313
1.984792
2.004198
2.002491
1.989606
2.004807
2.016681
2.022201
2.022397
2.012797
2.004997
1.998100
2.005590
2.009841
1.994104
2.006216
2.014696
2.000493
2.006836
2.008590
1.999602
1.988798
1.992900
1.995356
2.008367
2.003707
1.997947
2.000492
1.987923
2.001677
2.008072
2.017641
1.994962
1.989949
2.005011
2.001366
2.004550
2.005645
1.980960
1.985984
1.987457
2.002444
2.007887
2.018390
2.007379
2.010902
2.040283
2.007520
2.015762
2.016976
2.014109
2.009939
2.015559
2.001767
2.017063
2.023713
2.026706
2.004202
1.978928
1.998182
2.006243
2.021550
2.010010
2.020193
2.022196
2.013166
2.018530
2.015686
1.992773
1.995515
2.001608
1.996232
2.001797
2.001044
1.984992
1.994014
1.998463
2.002382
2.010421
2.019092
2.002086
2.009998
2.035176
2.008033
2.016044
2.018918
2.013519
2.011189
2.021498
2.003608
2.019212
2.029333
2.030759
2.009449
1.987332
1.999054
2.006682
2.020555
2.008567
2.019502
2.021517
2.013848
2.019939
2.021148
2.000504
1.997414
2.000434
1.988163
1.988478
1.978258
1.966508
1.970403
1.972472
2.000195
1.998022
2.008581
1.985944
1.987840
2.006497
2.010167
2.026825
2.038839
2.017425
2.010306
1.998959
1.999821
2.007161
2.014806
1.983282
2.000763
2.016837
2.008399
2.000815
2.012555
2.020948
2.022887
2.035599
2.020740
2.026725
2.019074
1.999370
2.006377
1.994167
1.988491
1.991666
1.986045
1.974738
1.969125
1.990811
2.000685
2.000125
2.012588
1.995650
2.001990
2.018028
2.010358
2.026101
2.040570
2.027215
2.020919
2.010228
2.000297
2.006834
2.013230
1.984244
1.998381
2.015675
2.008958
2.001161
2.016329
2.025976
2.025503
2.036269
2.020632
2.027106
2.020900
2.002165
2.008493
1.997286
2.001786
2.001857
2.018032
2.014171
2.012100
1.965906
2.022042
2.008334
1.996165
2.015806
1.996836
1.979766
2.000825
2.007430
2.011732
2.023439
2.011723
2.023240
2.016953
2.029166
2.039589
2.024203
2.018484
1.992823
2.002143
1.999084
2.008640
1.997557
1.996004
2.000235
1.990266
1.997369
2.005463
2.002164
2.010544
2.019669
2.004994
2.007093
2.036330
2.038079
2.024831
1.972765
2.023433
2.009560
1.999664
2.011949
1.996073
1.980008
2.000203
2.006307
2.004800
2.022845
2.012191
2.024506
2.018463
2.032272
2.040673
2.024853
2.020342
1.993007
2.002263
1.999573
2.009043
1.997929
1.996560
1.998512
1.989408
1.995911
2.002476
2.002441
2.009841
2.016234
2.016586
2.026995
2.019996
2.028965
2.018877
2.027580
2.012017
2.005253
1.978542
1.987429
1.995659
2.005104
2.006347
1.992462
2.012342
1.986789
1.986072
1.986544
1.995462
2.008887
2.018597
2.042418
2.016122
1.984040
2.006122
2.001443
2.012042
1.991242
1.990040
2.004472
2.005759
2.020515
2.005798
1.977797
1.991851
2.006398
2.010897
2.020290
2.008553
2.013877
2.004121
2.022963
2.012060
2.005768
1.982218
1.984561
1.993609
2.004834
2.004884
1.991427
2.008156
1.990654
1.990064
1.992372
1.987878
1.998645
2.002718
2.024912
2.003536
1.976289
2.006567
2.002058
2.013531
1.992166
1.991557
2.003569
2.005956
2.021053
2.005467
1.976865
1.988921
2.001286
2.009451
2.012593
2.007284
2.017929
2.004913
2.015768
2.014009
2.024498
2.033733
2.036029
2.021863
2.028321
2.016016
2.011224
2.016043
2.012641
2.020381
2.008235
2.007327
2.026550
2.050800
2.066852
2.046694
1.999487
2.011663
2.009028
1.980869
1.977075
1.980448
1.986565
2.007044
2.014107
2.014077
2.023644
2.009650
2.001468
2.010864
2.017217
2.018559
2.018683
2.002097
2.015170
2.009710
2.020490
2.026215
2.035481
2.027371
2.033400
2.014389
2.008519
2.013596
2.017293
2.021696
2.001679
2.005355
2.023972
2.045945
2.069993
2.050215
2.007167
2.009028
2.004768
1.977900
1.975008
1.977083
1.982160
2.007487
2.014754
2.017138
2.026137
2.014030
2.003282
1.996544
2.006144
2.027242
1.998973
2.011848
2.052445
1.990883
1.987715
1.967756
2.004004
2.004153
2.032724
1.996009
2.000424
1.999304
1.981381
1.978330
1.968246
2.007176
2.011379
2.014526
2.018478
2.022017
1.996617
2.004941
2.005620
1.981556
1.989630
1.992616
2.003083
2.008422
2.018691
2.011587
2.002076
1.992270
1.987055
1.998903
2.013560
2.034443
2.014264
2.022408
2.042799
1.992418
1.989488
1.974409
2.006575
1.998661
2.016557
1.998434
2.003701
2.005126
2.000676
1.994912
1.977237
2.006933
2.011075
2.014150
2.014254
2.016483
1.993993
2.005862
2.006192
1.983343
1.995155
1.996493
2.005778
2.007205
2.015703
2.008298
1.999825
1.990155
1.985219
1.986220
1.977217
1.966680
1.973535
1.958453
1.970835
2.002574
2.004685
2.011845
1.971830
1.988786
2.013783
1.992702
1.990604
1.986384
1.996868
2.008026
2.028001
2.005709
1.991781
2.010624
2.007258
2.012850
2.020050
1.998312
2.003775
2.016047
2.021912
2.013770
2.029952
2.004705
1.995689
1.969288
1.956006
1.974436
1.976814
1.987717
1.977118
1.965744
1.974558
1.962530
1.974658
2.004047
2.007170
2.011798
1.977368
1.998580
2.033210
1.995050
1.993668
1.996369
1.999638
2.008759
2.024818
2.008446
1.995064
2.014323
2.007776
2.014416
2.021024
1.998543
2.004728
2.017602
2.022196
2.014094
2.031044
2.003510
1.994777
1.967803
1.954177
1.972383
1.974796
2.015730
2.007341
2.017316
1.981284
1.991455
2.007268
2.004695
2.001764
1.986037
1.997379
2.001775
1.982866
2.005329
2.007905
2.010501
1.989365
1.989104
2.000531
2.004840
2.007352
2.010869
1.988527
1.987249
1.980545
2.008662
2.025571
2.012594
2.007645
2.013327
2.012841
1.998392
1.997031
2.015743
2.028078
2.009903
1.988566
2.009560
1.999730
2.007057
1.978649
1.987742
1.991635
2.005809
2.004535
1.987493
1.990441
1.997721
1.993705
2.007621
2.011698
2.024376
1.991450
1.989023
1.996634
2.005477
2.009204
2.013670
1.987983
1.987386
1.993244
2.006960
2.022410
2.008498
2.004647
2.012979
2.012387
1.998085
1.995872
2.011429
2.029085
2.009873
1.988228
1.988828
1.996374
1.985266
1.985992
1.976027
1.993439
2.001049
2.008839
2.011264
2.006380
2.004541
2.001251
1.991801
1.989865
2.008545
2.016858
1.995256
1.981397
1.996078
1.995432
2.009576
2.017550
2.005746
2.003427
2.001568
2.010720
1.994964
2.008475
2.021074
1.987312
2.007923
2.003982
1.989277
1.996982
1.993218
2.005266
1.995148
2.003705
1.995931
1.990319
1.981147
1.985963
1.995696
2.001296
2.004396
2.008747
2.003896
2.002232
1.988846
1.987152
2.000146
2.003960
1.988775
1.976312
1.994599
1.993641
2.001779
2.011515
2.000010
1.999576
2.001004
2.010332
1.988707
2.010082
2.022818
1.992816
2.007333
2.002693
1.987818
1.995750
1.993284
2.006230
2.001737
2.018030
2.015779
2.023987
2.022657
2.013451
1.997316
1.994896
1.978840
1.978957
1.980749
1.986339
1.996459
1.988426
1.998361
2.000819
1.990988
2.015001
2.003607
2.011404
2.010997
2.014018
2.007428
2.011043
2.003650
2.016143
2.019077
2.007797
2.000416
2.000474
2.007335
2.017026
2.030876
2.018589
2.011771
2.000437
1.998677
2.011613
2.005477
2.023387
2.022674
2.019804
1.997092
1.996864
1.982960
1.981414
1.980377
1.983430
1.997050
1.990775
2.002580
2.005821
1.994527
2.014854
2.002143
2.008699
2.009647
2.015710
2.006430
2.008690
2.002956
2.017058
2.022295
2.014830
2.004701
2.002681
2.007799
2.017476
2.032184
2.019428
2.012839
1.999277
2.001013
2.007382
2.011124
2.011172
2.014861
2.037638
1.997337
2.008513
1.991049
2.006461
1.985804
1.965152
1.994650
1.990132
1.969900
1.982892
1.983176
1.974680
2.007725
2.014691
2.000351
2.005328
2.020361
2.007423
2.000458
2.006696
2.006171
2.024059
2.013415
2.030510
2.006141
2.018783
2.042520
2.020152
2.019824
2.010574
1.999161
2.007337
2.008540
2.005686
2.000970
2.040519
1.997726
2.006265
1.988460
2.007627
1.984301
1.960805
1.996565
1.992353
1.971038
1.984899
1.980029
1.972466
2.009282
2.018068
2.008448
2.016385
2.026738
2.010871
1.999831
2.005960
2.004784
2.022255
2.012542
2.032024
2.007552
2.020966
2.048138
2.025589
2.024499
2.011289
1.999809
2.007561
2.013284
2.019180
2.016939
2.006185
1.992753
1.994112
1.987637
1.986627
1.982490
1.975986
1.998261
2.012401
2.026558
2.013861
2.007534
2.017747
2.036108
2.034897
2.039930
2.027904
2.006496
1.985009
2.002388
2.006192
1.998856
1.999026
2.009032
2.004048
1.981631
2.003445
2.010233
2.038543
2.024844
2.023383
2.001610
2.009067
2.020054
2.034511
2.030006
2.009823
1.995449
1.997859
2.002087
1.996489
1.989230
1.990334
1.995320
2.008502
2.020234
2.015296
2.012755
2.024872
2.034545
2.031215
2.031953
2.026796
2.008775
1.986537
2.002304
2.005940
1.999207
2.000579
2.008925
2.001543
1.982563
2.002200
2.008502
2.035349
2.022781
2.024368
1.999874
2.006041
2.009436
2.023216
2.027426
2.007730
2.007962
2.017052
2.023696
1.992922
2.001515
1.991533
1.987614
1.993399
1.980956
1.987594
2.006890
2.018959
2.008097
2.001379
2.007809
2.012807
2.006768
2.012665
1.998209
2.008087
2.004589
2.002385
2.019508
2.029083
2.003523
2.007945
2.009364
1.988953
1.972968
1.975198
2.000388
2.008152
2.013574
2.029170
2.028305
2.018160
2.007237
2.017053
2.026936
1.989296
1.998843
1.989319
1.987496
1.992915
1.982212
1.986360
2.008466
2.014386
2.005839
1.998676
2.007696
2.012456
2.006062
2.004239
1.998522
2.008055
2.003023
2.002448
2.019941
2.029802
2.003472
2.008406
2.009544
1.989058
1.974664
1.979435
2.011007
2.005525
2.012680
2.007830
2.006604
2.005261
2.006615
2.008808
1.990959
2.001493
2.000313
2.006737
1.994572
2.001864
2.010730
2.013705
2.011749
2.018898
1.996224
1.992201
2.002795
1.981007
1.980199
2.004430
1.995556
1.991358
1.972829
1.968801
1.976329
1.977125
2.000964
2.004083
1.996998
2.000582
2.011627
1.994571
2.010914
2.004143
1.996666
1.991367
1.998212
2.001685
2.004564
2.005194
1.988053
1.992071
1.990232
2.005788
1.992746
1.997746
2.005397
2.010803
2.010525
2.020473
1.995150
1.991439
2.002944
1.981111
1.981093
2.007266
1.995544
1.991572
1.976535
1.972767
1.979895
1.976248
2.001247
2.005269
1.998377
2.004356
2.012499
1.993532
2.002841
2.011068
1.983642
1.984031
1.988724
1.996655
1.999529
1.988263
1.968843
1.994776
1.993952
2.009713
1.999309
2.002896
1.990314
1.977791
1.967557
1.963479
2.006418
2.018431
2.033280
2.022708
2.008712
1.986803
2.011545
2.020566
2.014762
2.022520
2.030681
2.006106
2.005493
1.996928
2.003089
2.008778
1.992145
1.987502
2.005258
2.013764
1.981036
2.006163
2.005468
1.993831
2.002951
1.992468
1.971451
1.996844
2.002066
2.015569
1.999230
2.003977
1.993441
1.995156
1.977916
1.974270
2.009296
2.021285
2.036566
2.029379
2.015528
1.993518
2.011203
2.018122
2.013194
2.019374
2.028004
2.007185
2.005249
1.997367
2.004105
2.007506
1.991146
1.987628
2.000907
2.003458
2.000236
1.976789
1.984344
1.987076
2.028135
2.024168
2.015194
2.018427
2.026813
2.002948
2.004305
2.005760
1.987322
1.972892
1.986716
1.989687
2.001237
2.027318
2.031785
2.030671
2.025665
2.044575
2.004768
2.001185
1.990562
2.008652
1.996683
2.010590
1.997887
2.002449
2.005066
2.023835
2.014578
2.007839
1.996743
2.002247
2.001321
1.985634
1.996229
1.999884
2.026845
2.021244
2.012111
2.024811
2.033597
2.005766
2.005638
2.007165
1.984011
1.975840
1.990713
1.994892
2.003347
2.031113
2.047493
2.043699
2.036593
2.051998
2.003417
1.999373
1.987572
2.012487
1.998875
2.011608
1.999226
2.005412
2.007633
2.025477
2.016123
2.010040
1.988226
1.989707
1.980035
1.967823
1.971107
1.973644
1.998008
2.006830
2.024726
2.004040
1.991165
1.992372
2.008946
2.020189
2.033057
2.008209
2.003368
2.011494
1.999225
1.998265
1.986909
2.008348
2.008046
2.025109
2.000863
2.000090
1.992131
1.987307
1.991761
2.037039
1.990922
1.982136
1.950890
1.971948
1.974703
1.976468
1.988323
1.992196
1.985280
1.974327
1.968929
1.992221
1.994268
2.004209
2.017286
2.001245
1.986390
1.983845
2.008766
2.019408
2.028733
2.010327
2.006344
2.015781
1.997878
1.997559
1.988254
2.006837
2.006613
2.021245
2.002461
2.000655
1.995621
1.990272
1.995678
2.036994
1.990248
1.981949
1.949922
1.972155
1.975545
1.977009
2.002685
2.004382
2.019214
2.016258
2.012822
1.966325
2.007107
1.998736
2.014224
2.037643
2.023056
2.017321
2.009459
2.032293
2.031723
2.034503
2.028156
2.018862
2.005647
2.005051
1.979501
1.982959
1.977375
1.982456
2.022192
2.018428
2.035078
2.015516
2.003207
1.986385
1.993289
1.989286
1.984592
2.005728
2.015056
1.981315
2.005820
2.009318
2.037232
2.038604
2.025900
1.976331
2.005559
1.997120
2.012683
2.031661
2.018743
2.009531
2.004645
2.023377
2.020872
2.031967
2.027369
2.018552
2.005089
2.004640
1.977604
1.982118
1.975953
1.981580
2.021314
2.016662
2.031175
2.011214
2.000026
1.986054
1.994187
1.990157
1.986153
2.003944
2.013546
1.982882
