1.998038
1.986165
2.016926
2.009852
2.012437
2.001860
1.990270
1.982666
1.983113
1.975280
1.946725
1.950794
2.003653
2.006515
1.998081
2.001899
1.992666
2.004593
2.006543
2.008988
2.002400
2.005281
1.988990
2.000955
1.998129
2.006521
1.997956
2.016674
1.993765
2.001917
2.026244
2.022646
1.997117
1.998855
1.977582
1.952658
2.002126
2.013130
2.010948
1.991525
1.985590
1.986015
1.997016
1.988543
1.996496
1.997280
2.021869
2.034860
1.980067
1.972675
1.957840
1.958881
1.987304
1.985339
1.995942
1.994366
2.008187
2.017358
2.019175
2.009893
2.000360
1.998919
2.000524
1.958332
2.007027
2.011104
2.017158
2.025818
2.012410
2.017772
2.031245
2.040409
1.985258
1.984456
2.004650
1.999800
2.011958
2.006103
1.980492
1.980573
2.000633
1.993611
1.995826
1.969841
1.995053
1.972017
1.936172
1.948343
1.995555
1.991381
1.989363
1.994823
2.000098
1.995411
1.984281
1.980449
1.990148
1.985559
1.988408
1.976270
1.984507
1.994309
1.997146
1.975392
2.005285
2.005088
2.019609
2.039331
1.996294
2.007159
2.019399
1.994922
2.010185
2.024225
2.030906
2.027653
2.001032
1.983407
1.980159
2.005461
1.995893
1.999091
2.001288
2.021548
2.006909
2.009310
2.023165
2.023397
1.986697
1.985343
1.969654
1.975760
1.988479
1.981361
1.994529
2.023159
2.000550
1.994143
1.993896
2.022260
2.025079
2.020886
2.004449
1.993428
1.991813
1.987216
2.017861
1.992215
1.993882
1.992792
1.991290
1.992000
1.988765
1.985416
2.006129
2.007311
2.003955
2.012851
2.020182
2.010689
1.996391
2.002343
2.012849
1.972780
2.003194
1.996784
1.956108
1.979450
1.993236
2.006233
2.024871
2.037966
1.992790
1.992329
1.983221
1.985133
1.991777
1.999004
2.009729
2.007349
2.003435
2.000723
1.999534
1.972719
1.994242
1.993381
1.987933
1.965491
1.997560
1.995793
2.014093
2.009801
1.997219
1.995257
2.009193
2.012992
2.018283
2.021768
2.026685
1.996615
2.008729
2.013311
2.011225
2.010228
2.007359
1.998387
2.035694
2.026293
2.007685
2.009824
2.000701
1.991316
1.997265
1.988098
2.000736
1.979692
2.004966
2.008743
2.019978
1.995890
1.997530
2.009371
2.010215
1.988781
2.009335
2.015123
2.034652
2.026486
1.987343
1.975674
1.947278
1.951233
1.991352
1.985799
1.978670
1.991525
2.001494
2.012327
2.005382
1.983017
1.997993
2.003712
1.993539
1.985619
2.008751
2.020347
2.010977
1.986228
1.999063
2.003057
2.010254
2.013570
1.992288
2.002530
2.047091
2.053654
1.994175
1.989966
1.987040
1.976413
1.993162
1.995482
1.985867
1.949010
1.996661
1.990809
1.985484
1.966915
2.016154
2.006833
2.017983
2.005524
2.002867
1.996835
1.970123
1.988419
1.989103
1.982839
1.984642
2.004586
2.011880
2.003098
2.009986
1.972908
2.003230
2.005246
1.984305
1.995711
1.995152
1.984768
1.986270
1.996929
1.996317
1.984687
1.992218
1.997729
1.981793
1.971919
1.965552
1.957837
1.995379
2.010948
2.029850
1.981109
2.004250
2.003061
1.979688
1.977891
1.996719
1.993693
1.994783
2.021252
2.001623
1.990861
2.000469
2.000887
1.984413
1.995158
1.995640
1.988989
1.997176
1.986033
1.995225
1.981696
1.999268
1.998868
1.999388
1.990775
1.999563
2.008297
2.046518
2.011044
2.001955
2.004974
1.999190
2.022702
2.006192
1.999088
2.010256
1.994716
1.997022
2.006316
2.016740
2.022087
1.991526
1.994681
2.033256
2.032941
2.009247
2.010308
2.030718
2.040030
2.009304
1.997046
1.980193
2.003256
1.995337
1.999494
2.000330
2.009727
2.004666
1.997879
1.988856
1.979440
2.000664
1.997541
1.966035
1.977360
1.994126
2.002523
2.006696
1.989552
1.999609
2.012076
2.014415
2.013697
2.004566
2.004431
2.028983
2.015924
1.990465
1.983123
2.003808
2.007107
1.995611
1.997044
2.000816
2.013738
2.006200
2.010977
2.000614
2.002434
1.995132
1.989097
1.970000
1.979345
2.011392
2.003009
2.012790
2.016485
2.022438
2.018475
2.039139
1.997063
2.004339
2.020374
2.013748
2.001275
2.007967
1.998032
2.003521
1.980033
2.004224
2.013760
2.053917
2.031569
2.011276
2.006225
2.010691
2.003557
1.984802
1.977886
1.951051
1.950041
2.024210
2.023475
1.994796
1.976619
1.991778
1.983881
1.980236
1.985886
1.989199
1.984377
1.981370
1.960810
1.991577
1.991556
1.954063
1.981299
2.004417
2.012941
2.042719
2.016757
1.996004
1.984676
1.958487
2.005784
1.989539
1.986310
1.991639
1.991300
1.993040
1.989258
1.969254
2.004865
1.990016
2.000077
2.022669
2.015517
2.010829
2.014298
1.988964
1.987662
2.009524
2.007700
1.998031
1.979161
2.011974
2.021244
2.016858
2.013686
2.014137
2.023335
1.999668
2.010364
1.988437
1.989133
1.981366
1.998108
2.002905
1.999851
1.974385
1.974030
1.987801
1.984431
1.975501
1.981112
1.995877
1.997166
1.994787
1.981376
2.013805
2.015909
2.039262
2.033145
2.010973
2.015604
2.029905
2.014467
2.011068
1.985969
1.965153
1.988746
2.007870
2.013754
1.984956
2.003229
2.006388
2.012138
1.986509
1.970778
1.987039
1.988093
1.992161
1.989362
2.015938
2.018201
2.006297
2.028259
1.987456
1.991753
2.011527
2.002519
1.999273
1.987626
1.986094
1.993888
1.997609
2.003239
2.005569
2.001493
1.998363
2.002738
2.030219
2.038965
2.000382
2.000736
1.993845
2.016854
1.989485
1.997967
1.999995
2.016544
1.989470
1.980891
1.970555
1.986312
1.997175
1.998689
2.022521
2.002498
1.989415
1.994906
1.999419
1.985733
2.000166
2.000919
2.013426
2.017304
2.012820
2.004675
2.028735
1.972600
1.993220
1.991353
1.980829
1.967692
2.021891
2.024159
2.037170
2.024492
1.993924
1.988642
1.988699
1.973080
2.002018
1.989906
2.000928
1.959267
2.009461
2.016533
2.010406
2.011391
1.989502
1.991837
2.013448
2.035106
2.003881
2.009115
2.047605
2.060062
1.997134
2.005926
2.032141
2.026070
2.000632
2.004617
2.013537
1.965734
1.984094
1.988846
1.986379
1.991182
2.008390
2.008623
1.985585
2.005250
1.992867
1.990484
1.976611
1.958145
1.996345
1.990254
2.003668
1.989746
1.992193
1.998307
2.017177
2.013339
1.994105
1.992286
1.962821
1.962056
2.008882
2.006794
2.050069
2.020054
2.014798
2.021082
2.016063
1.980920
1.990107
1.997434
2.013955
2.029839
2.007337
1.995770
2.026731
2.026070
2.004131
2.007999
1.993751
1.984437
1.987547
1.994210
1.996878
1.990926
1.997666
2.000460
2.016044
2.021535
1.987938
1.993460
1.978169
1.993846
1.994347
1.994218
2.007028
2.027956
1.980370
1.982944
1.974816
1.996957
2.004231
1.993458
1.986608
1.994783
1.988136
1.976913
1.954566
1.964558
1.995219
1.992656
2.003471
1.985050
2.017674
2.013272
2.020753
2.025741
1.991680
1.982151
1.993046
2.004829
1.997871
1.980604
1.957537
1.957918
1.989332
1.983752
1.991550
2.018668
1.997368
2.010192
2.007371
2.002330
1.985744
1.978803
1.969235
1.955918
1.996705
2.001515
2.023731
2.019224
2.000683
2.004654
2.001851
2.009241
1.998530
2.001742
1.997659
1.976166
2.006922
2.013902
2.016768
1.963079
1.996080
2.006816
1.998416
2.001679
1.993382
1.988805
2.000701
1.987307
2.001064
2.009142
2.027203
2.002588
1.991986
1.996564
1.999594
1.985959
2.014983
2.025824
2.023792
1.991326
2.013405
2.006682
2.004446
2.001705
1.998286
2.006080
2.029078
2.023131
1.999817
1.995939
1.990614
1.959596
1.977594
1.973162
1.993826
2.000725
1.996042
1.994387
1.988476
2.004123
1.987969
1.992986
1.996029
1.997309
1.997114
1.996973
2.002605
1.997499
2.010393
2.005667
2.023870
2.002212
1.992103
1.986476
1.985754
1.988458
1.993844
1.994839
1.998360
1.972696
1.991598
1.995749
2.011476
2.006313
2.000602
2.007338
1.998540
1.999123
2.001643
2.008860
2.021204
1.995648
1.992624
1.997813
2.020790
2.010136
1.992158
1.982606
1.978357
2.032334
2.012007
2.012151
2.007029
2.000435
2.004464
2.002212
2.012456
1.998359
1.985949
1.993766
1.978606
1.990295
1.998532
1.995837
2.006702
1.988741
1.996686
1.986358
1.963435
1.994745
1.986671
2.000118
1.995329
2.037551
1.992883
1.983520
1.981791
1.974182
2.002086
2.001346
2.010464
2.002198
2.010379
2.007969
2.011191
2.015260
2.012658
2.029656
2.030058
2.042431
1.998764
1.976537
1.966240
1.972778
2.000804
1.992279
1.991872
2.026272
2.012360
2.007375
2.016707
2.028444
1.998606
1.986018
2.020954
2.018435
1.981959
1.974043
2.000556
2.023604
1.994940
1.992571
1.977655
1.983947
1.998782
2.002142
2.004215
1.995956
2.001419
2.007499
2.020004
1.990977
1.994045
1.986244
1.952462
1.952638
1.999236
2.001914
1.984999
1.997281
2.008396
2.008968
2.010851
2.011315
2.008542
2.010465
2.010750
1.982747
1.996239
1.996897
2.006825
2.008764
1.989451
1.999563
1.980701
1.986324
2.000364
2.017524
2.032829
2.038958
2.001060
2.002244
2.001585
1.981007
2.015760
2.006180
1.983675
1.979443
1.992534
1.995885
1.998858
2.035683
2.003469
2.011002
2.023657
1.994881
2.011113
2.013674
2.021500
1.970400
2.007491
2.007784
1.992663
2.008542
1.997200
2.002350
1.998217
2.019031
1.997386
1.999780
1.965785
1.986908
2.002701
2.011873
1.963786
1.966523
1.993074
2.003116
2.035995
2.032948
2.008599
2.002458
2.050326
2.035594
2.007643
1.998231
1.997925
2.028705
2.001970
1.989671
1.983203
1.991793
2.004970
2.007914
2.013530
2.024903
2.008203
1.993688
2.002201
2.011126
2.004970
2.009373
2.000915
2.022323
2.000759
2.006447
2.030338
2.011077
1.998564
2.006009
2.003877
1.988830
1.993531
2.000655
2.011305
2.016208
2.020213
2.021732
2.024576
2.011927
2.001774
1.999234
1.998984
1.975714
2.014038
2.005308
1.991869
1.985446
2.009717
2.006402
2.001237
2.015235
2.003906
1.998054
2.005455
1.996109
1.997496
2.003038
1.970681
1.986041
1.983247
1.964935
1.951615
1.960077
2.011789
2.014285
2.030379
2.015670
1.990135
1.992781
1.961665
1.958384
2.003148
1.998159
1.985657
1.996397
1.990840
2.000835
2.011475
2.001395
2.002528
1.998810
2.008979
2.009403
2.015568
2.002831
1.990688
1.976823
2.001718
1.999608
2.019729
2.042170
2.001116
2.000180
2.012814
2.019460
1.996865
1.994768
1.958491
1.965610
1.983545
1.981779
1.981621
2.003951
2.006565
2.001646
2.012013
2.026909
2.011050
2.005269
2.014040
1.979610
1.988696
1.971509
1.947816
1.963006
2.017611
2.013078
2.006489
2.018462
1.990866
1.995767
1.997429
1.955932
2.010193
2.017017
1.977127
1.986872
2.011625
2.006437
1.997575
1.985008
2.009429
2.029555
2.031036
2.023604
2.004313
2.013056
2.003948
1.986000
2.001661
1.996472
2.014169
1.998099
2.003184
1.994774
1.963809
1.990075
2.003162
2.008295
2.016183
2.015124
2.007645
2.018901
2.035590
2.011021
2.000330
1.993167
1.985817
1.976768
2.005837
2.008199
2.035236
2.021233
2.004181
2.002919
2.012131
1.995982
1.991896
1.997863
1.995939
2.000069
1.996503
1.991628
1.981964
1.989345
2.002002
2.000188
2.009691
2.010243
1.998760
1.997365
2.008855
1.960345
1.990591
1.996852
2.002760
1.991624
1.992643
2.001549
1.998616
1.991143
1.996409
1.993614
1.998507
2.011253
2.002335
2.001549
1.971077
2.005896
2.013013
2.002068
2.010224
2.017617
1.990522
1.990884
1.991267
1.969103
2.006535
2.003017
1.998761
1.993430
1.992826
2.012271
2.031099
1.983957
1.989118
1.990526
1.979356
2.002095
2.006702
2.016640
2.043102
1.994699
2.019527
2.029477
2.024385
2.012556
2.005551
2.007070
2.041313
2.038482
1.992050
1.992160
2.037316
1.964462
1.992133
1.998605
2.002449
1.993906
1.999826
2.005594
2.019054
2.008563
2.003489
2.004113
2.011327
2.013201
1.992546
1.985088
2.002285
2.027421
1.999596
2.010315
2.002884
1.997539
1.996992
2.000890
2.008877
1.996094
1.997292
1.990443
1.982778
1.984770
2.011168
2.008522
1.971375
1.958174
2.004445
1.997769
1.997449
1.996416
2.002140
2.004496
2.006411
2.011200
2.004840
2.006679
2.020546
1.982947
1.996415
2.004934
2.020011
2.017866
1.992565
1.990439
1.952052
1.971010
1.987609
1.981693
1.971131
1.966841
1.999129
1.994193
1.959530
1.954770
1.996550
1.984152
1.970276
1.969828
1.993109
2.003646
2.001467
1.992649
2.013235
2.011877
2.034628
2.049644
2.016915
2.018328
2.007864
2.027811
2.001349
1.990219
1.991841
1.979566
2.008264
2.002857
1.973899
1.955334
1.997365
2.006321
1.999588
1.996284
1.997290
1.981153
1.996427
2.022248
1.995770
1.992542
1.966326
1.973880
1.981192
1.968426
1.930676
1.947419
2.007741
1.998975
1.997553
2.010265
2.000502
1.996654
2.001274
2.003272
1.989499
1.986084
1.992784
1.985934
2.001176
1.992208
1.982057
1.968286
1.999343
2.005863
1.995291
1.983896
1.984393
1.981819
1.992637
1.998861
1.995696
1.986932
1.986145
1.993489
2.004465
1.991418
1.978992
1.986728
2.010827
2.010055
2.008102
1.981836
1.997212
1.986577
1.973484
1.962597
1.989955
1.995078
1.994307
1.966033
1.995365
1.997078
1.995172
1.988542
1.991163
1.985915
2.015175
2.002316
2.004819
2.005910
2.000122
1.990290
1.990774
1.992942
2.014924
2.019004
2.004934
1.998988
1.951319
1.992179
1.982947
1.984206
1.969254
1.974112
2.014657
2.007974
1.991610
1.988323
1.995723
1.983805
1.997602
1.980533
2.004288
2.007251
2.011021
2.005111
1.989385
2.002438
2.023669
2.003801
2.004843
1.989339
2.022953
2.009856
2.008414
2.017037
2.000374
1.991366
2.013671
2.009646
1.978546
1.999482
1.974438
1.966099
1.964839
1.955925
2.005135
2.000694
1.994401
1.971309
1.983944
2.001432
1.999069
2.024364
2.002686
2.005576
2.013827
2.020883
2.004005
1.993625
1.989751
1.988251
1.994847
2.000925
2.008277
2.019735
1.979618
1.985088
1.971856
1.975904
2.006288
2.007863
2.019495
2.036138
1.998305
2.015176
2.027579
2.014430
1.997418
2.003810
1.992094
2.008746
2.001354
1.996662
1.976642
1.965845
1.999581
1.996552
2.000835
2.005320
1.979653
1.983467
1.981195
2.004577
2.010805
2.016956
2.013195
1.993904
2.003082
2.007650
1.977050
1.990327
1.998922
2.005093
2.008866
2.000177
2.002720
2.008726
2.014845
2.017956
2.005670
2.001355
1.996027
2.001948
2.015134
2.014891
2.015805
2.011724
1.995578
1.997398
2.013785
2.025087
1.998754
1.993724
2.016326
2.025878
1.996041
2.006091
2.004206
2.029751
1.994784
1.993615
1.998492
1.999441
1.997413
1.992307
1.982708
1.963674
2.000146
2.001279
2.033733
2.037378
2.011509
2.008263
2.021665
1.991718
1.988182
1.996886
2.008739
2.023112
1.984307
1.990522
1.996578
1.994166
2.001596
2.002580
2.002721
2.020894
2.008635
2.002311
1.999972
2.007129
1.991550
1.988182
1.953517
1.986745
1.992956
1.994297
1.988792
1.972167
2.005501
2.018143
2.019669
2.019977
1.999386
1.995562
1.988636
1.982559
1.989842
1.987037
1.994947
1.999368
1.999472
2.011407
2.021095
2.015505
2.005556
2.011881
2.004704
1.989455
1.999844
2.014224
1.987549
1.975973
2.005131
2.001172
1.983993
2.008930
2.003484
1.997486
1.991349
1.989016
1.994417
1.988648
1.955957
1.953007
1.994985
1.986351
1.969618
1.993033
2.003510
2.011693
2.003958
1.985561
2.007414
1.995298
2.004958
2.015382
1.990627
2.007571
2.030197
2.023108
2.012329
2.023563
2.028739
2.030719
1.988754
1.993846
1.983730
1.997793
2.010721
2.024645
2.037177
2.010375
2.008355
2.018475
2.054731
2.004840
1.998966
1.991462
1.979331
1.974610
1.988965
1.983780
1.946579
1.968989
2.012346
2.014186
2.011195
1.990815
2.011102
2.008501
1.987137
1.974124
2.015707
2.017232
2.036276
2.003206
2.010793
2.023183
2.047013
2.041908
2.001866
2.012451
2.020166
2.032392
2.014095
2.015614
2.028734
2.035983
1.995897
2.004028
2.026494
2.024679
