1.997708
2.011096
2.007008
2.002402
1.985141
1.991797
2.002371
2.003146
1.987904
1.973546
1.975932
1.999107
2.001156
1.999580
1.992358
1.985414
2.008654
2.014834
2.040860
2.033009
1.998324
1.994577
1.989854
2.013028
1.995753
1.990407
2.029463
2.021229
2.009949
2.026125
2.039201
2.021974
2.009166
2.023042
2.028482
2.023956
2.007161
1.992943
1.970371
1.947857
2.002740
2.012229
2.028679
2.010064
1.993743
1.996964
1.971339
1.965033
1.994579
1.986519
1.961137
1.975856
1.987127
1.981031
1.992125
2.021688
1.988549
1.997261
1.975134
1.979651
2.001320
2.019978
2.029045
2.023129
2.001279
1.999268
1.983199
1.979681
2.007022
2.001789
2.019343
1.991288
1.990174
1.986624
2.007670
2.008558
2.008877
2.001240
1.950548
1.955608
1.992513
1.994223
1.998181
1.967980
2.006707
2.008144
2.016863
2.025213
2.007515
2.011768
2.025662
2.048664
1.991705
1.991199
1.981912
1.986179
1.993496
1.999091
1.985838
1.993440
2.008327
2.013179
2.014816
2.018758
1.997436
1.998348
2.001130
2.010326
2.012843
2.006850
2.016983
2.017517
1.997586
1.996634
2.011285
2.015033
1.985127
1.984266
1.973972
1.985050
1.992254
1.993424
1.987020
2.005328
2.012472
2.000890
1.976077
1.973623
2.000412
2.001886
2.022794
2.000695
1.997156
1.987450
2.000761
1.981769
1.987863
1.986186
1.994301
1.987176
1.999553
2.008214
2.023729
2.013931
1.996533
1.993590
1.997373
1.997244
2.003758
2.013396
1.998692
2.006184
1.990363
1.985579
1.979889
1.991021
2.004020
1.996732
1.975822
1.993721
2.006409
2.009285
2.033730
2.032824
2.003473
2.021737
2.051200
2.027347
2.019069
2.022125
2.041734
2.018377
1.990636
1.999933
2.040193
2.050079
2.004773
1.992360
1.993182
1.977570
1.984595
1.994864
1.978726
1.970925
2.003503
2.017777
2.013553
2.000159
1.992829
2.002341
1.970724
1.966163
2.003764
1.996655
1.970865
1.986732
2.011836
2.022305
2.052057
2.039277
2.013479
2.011870
2.013653
1.991040
2.003638
1.996074
1.969152
1.971757
2.012972
2.015544
2.018001
2.016455
1.996799
1.985551
1.993860
1.997843
2.009595
2.011638
2.023086
2.007505
2.000699
1.992108
2.013391
2.002777
2.020085
2.024258
2.026313
2.013504
2.008863
2.023813
2.018376
1.995734
2.002373
1.992824
2.001580
2.002576
2.004511
2.016572
2.012650
2.027289
1.993355
1.976821
1.982778
2.003550
2.001866
2.009675
2.004474
2.011788
1.999212
2.005374
2.010687
2.013663
2.001307
2.005093
1.996106
2.017696
2.001628
1.996970
2.010308
2.028244
1.975761
1.982526
1.966708
1.988565
1.989281
1.971412
1.970021
1.961481
2.012393
2.013261
2.020136
2.009685
2.008582
1.998036
1.982945
2.005510
2.003093
2.019626
2.012500
2.040194
1.998487
1.983312
1.980833
1.981810
1.982805
1.996999
2.008159
2.011554
1.996815
2.003868
1.988434
1.971124
2.000883
2.013402
2.014337
2.015647
1.997517
2.003086
2.026635
2.014129
2.008565
2.017307
2.005068
2.027039
1.991043
1.985645
1.931526
1.960815
1.996922
1.996636
2.015299
2.029355
1.993924
1.989669
1.970428
1.980566
2.013072
2.008837
2.032783
2.029681
2.000926
1.999537
1.997600
1.987937
1.990848
2.001884
2.002880
1.997920
2.002755
1.999632
1.977475
1.964670
2.001802
2.011771
2.048417
2.026494
1.993145
1.989518
1.969333
1.972932
2.000471
2.004167
1.994643
1.989099
1.995877
1.989042
1.957564
1.960228
2.006453
2.011432
1.990028
2.008351
1.988100
1.983089
1.978547
1.958996
1.989466
1.996057
1.991374
2.007458
2.000325
2.003945
1.994593
1.984541
1.984832
1.980942
1.971107
1.993752
1.993506
1.996475
1.990656
1.965730
1.992879
1.988463
1.972807
2.006833
2.000971
1.997307
2.004702
1.989483
1.994352
1.982095
1.977829
1.983847
2.012083
2.005316
2.015864
2.015792
1.999473
1.990009
2.007092
1.987510
2.013955
2.024659
2.000353
2.013735
1.987943
1.994918
2.002033
2.011219
2.007272
2.001094
1.994525
1.995870
2.000394
2.006251
2.032461
2.036623
1.996459
1.991943
2.029984
2.013388
2.012744
2.014319
2.038233
2.034131
2.007270
2.010408
2.018102
2.040724
1.991475
1.997802
1.996859
2.011019
1.993205
2.001060
1.976892
2.006628
2.019879
2.016277
2.006829
1.979821
1.987795
1.989956
1.994613
1.991592
1.999186
1.993285
2.001417
2.016061
2.007264
2.009324
2.006971
2.028883
1.996297
2.005353
2.031639
2.038790
1.993615
1.989326
1.988773
1.964044
2.000975
2.007029
2.035581
2.042213
1.985786
1.997993
2.005848
2.019469
1.997069
2.000660
1.992414
2.000125
1.996751
1.991118
2.011110
1.996011
1.990514
1.997996
2.002337
1.999016
1.989864
1.997367
1.999332
1.987639
2.001688
2.003263
2.017053
2.025255
1.999496
1.999436
2.008976
2.012531
2.004471
2.012384
1.978138
2.014709
2.007811
2.014744
2.017188
2.028363
1.994619
1.989452
1.992592
1.976063
1.997326
1.990701
1.978796
1.991659
2.000360
1.987733
2.004889
2.021353
2.009621
2.014892
2.024276
2.025941
1.995864
1.998296
1.968438
2.008491
1.997258
2.005828
2.034045
2.029559
1.973325
1.973537
1.951985
1.974846
1.998307
1.994851
1.978050
1.967027
2.005634
1.996688
1.975068
1.993068
2.004530
2.011436
2.003656
1.988314
1.997826
1.991100
2.002886
1.988943
2.003378
2.010409
2.020820
1.985832
2.003724
2.006574
2.006485
2.003334
2.014238
2.030264
2.037587
2.020534
1.983863
1.996100
1.985303
2.016013
1.990405
1.997524
2.013220
2.030589
2.005380
2.027696
2.063848
2.029806
2.005951
2.005813
2.011809
1.994948
1.997751
2.000136
1.991108
1.998710
2.004242
1.991009
1.992820
2.016417
1.988592
1.994161
1.979657
1.993029
1.989615
2.011974
2.016672
2.027316
1.997303
1.992851
2.009390
2.010267
1.995423
1.993993
1.995357
1.985463
2.002996
2.003594
1.996396
2.008964
1.996425
1.994014
2.005021
1.988921
1.998180
1.998391
2.001042
1.993620
1.994406
1.999225
2.000418
2.017934
2.005012
2.011285
2.009740
1.988216
2.000423
2.011411
2.040739
2.030331
1.996780
2.009614
2.004116
2.003907
1.990113
1.990353
2.012742
2.016580
1.984505
1.997040
2.006827
1.984183
1.995277
1.996646
2.021391
2.000132
1.983135
1.986484
1.998208
1.988785
2.004604
2.012325
2.013799
1.963664
1.992293
1.995653
1.977849
1.955880
1.999122
1.990631
2.023414
2.011157
1.994001
2.011046
2.020371
2.015909
1.991732
1.985130
2.009815
2.007089
2.014455
2.026119
2.024994
1.990929
2.004162
1.989023
2.006941
1.992879
2.003775
2.007215
1.989831
1.998987
1.987600
1.994043
1.952109
1.977505
1.974060
1.981510
1.993640
2.007024
1.997005
1.993927
1.990834
2.007238
1.996894
2.001225
2.017154
1.993218
1.988904
1.988239
1.992265
1.977648
1.997968
1.999625
2.015503
2.036249
2.001092
1.984189
1.950674
1.982552
1.994376
1.995377
1.999262
1.973107
1.998285
2.004847
1.991497
1.997893
1.996125
1.995095
1.995796
1.966301
2.004495
2.014287
1.991456
2.005456
2.023023
2.030668
2.024859
2.020979
1.990784
1.980468
1.980687
2.031390
1.989008
1.981392
1.996748
2.020640
2.001383
1.992127
1.994650
1.978946
1.982345
2.000877
2.004212
1.976854
2.001917
2.005461
2.017581
2.008241
1.996803
1.986273
1.958652
1.992664
1.993716
1.991432
1.933283
1.944937
1.985616
1.995292
1.992843
1.970852
1.986868
1.979284
1.992213
2.028689
1.996490
1.976106
1.967498
1.960107
2.011824
2.029772
2.027542
2.041662
1.994102
1.990443
1.976790
1.985199
1.990052
1.991817
1.988327
2.012427
2.009333
2.004882
1.979263
1.983648
2.004182
2.001489
1.985657
1.949790
1.982596
1.975155
2.003609
2.025219
2.016372
2.023214
2.027274
2.037895
2.023006
2.015870
1.990718
1.982957
1.988142
1.993787
1.958429
1.983642
1.975580
1.974020
1.983301
1.972978
2.000413
2.003598
1.984543
1.993823
1.989103
1.977043
1.982905
1.973671
1.996697
2.000738
2.013765
1.979565
1.985506
1.978135
1.981457
1.982698
1.983347
1.977114
1.956937
1.973387
1.998556
2.015946
2.027764
2.037643
1.995044
2.008252
1.993499
1.991877
2.005573
2.001946
1.998531
1.983396
1.990811
1.995574
1.988107
1.987068
1.987114
1.979804
1.976771
1.958938
2.011844
2.014488
2.022381
1.971848
2.013243
2.016982
2.023831
2.021646
2.010620
2.016096
2.016822
2.011704
1.996652
2.007976
2.013606
1.986589
1.995568
2.002055
1.978256
1.984704
1.991889
2.002279
2.035713
2.033815
1.990286
1.998695
1.977480
1.997638
2.001299
2.008695
2.013355
1.989645
2.011713
2.017764
2.018093
2.013323
1.999192
1.994408
1.991720
1.982186
2.007830
1.992275
1.999932
2.012369
2.017355
2.014653
2.021954
2.027353
1.993120
2.000173
1.988660
1.981061
2.005295
2.005396
2.009907
1.995711
2.004499
1.994353
2.002083
2.008228
2.020504
2.020687
2.023979
2.011823
1.997047
2.003790
2.008971
2.001106
1.990889
1.991958
1.988698
1.944159
2.013455
2.021603
2.008118
2.004689
1.994531
1.972118
1.977189
1.996275
1.998560
2.005612
1.974294
1.989198
2.020862
2.020863
1.994367
2.007978
2.013252
2.006778
2.017375
1.974704
1.986479
1.982913
1.964744
1.978579
1.991081
1.991236
1.994957
2.002325
1.991364
2.001462
2.013610
2.001721
2.006308
2.004145
1.993212
1.975865
1.998936
2.013863
2.034723
1.984955
2.014136
2.018074
2.021018
2.003062
1.985141
1.990125
1.977122
1.983600
1.997724
1.995524
1.961885
1.965245
1.990343
1.991375
1.985862
1.979994
1.995389
1.982555
1.988489
1.990065
1.994552
1.990311
1.941411
1.957932
1.998341
2.013770
1.996215
1.993412
2.017865
2.013888
2.004410
2.016976
2.000030
2.016142
1.990586
1.960908
2.000505
2.012526
2.031959
2.019234
2.013916
2.008456
2.011145
2.006643
1.993152
1.989047
1.996767
1.977218
2.003793
2.012225
2.002315
1.986399
2.012625
2.017844
2.011994
2.025391
2.002627
1.994311
1.984984
1.977024
2.003640
2.000023
2.003946
1.987550
1.998088
2.010289
2.000564
1.991624
1.998602
1.991756
1.984679
1.975216
1.991161
1.985243
1.974204
1.964021
1.989491
1.982623
2.007247
2.014249
2.012459
2.021145
2.039120
2.019512
1.999255
2.005868
2.014155
2.000305
2.002175
1.999577
2.008620
2.009420
1.996763
1.995243
1.993428
1.962836
2.019241
2.019201
2.041958
1.998697
1.993129
2.003117
2.020286
2.000423
2.006058
2.002575
2.010665
1.998787
2.001556
2.000931
1.971809
2.007031
1.994452
1.993039
1.996586
2.012931
1.985757
1.983749
1.955599
1.950662
2.013451
2.013209
2.028270
2.029667
1.983641
1.994477
1.959517
1.961925
1.990870
1.990576
1.979655
2.006174
2.018149
2.021902
2.032627
2.038871
2.003914
2.007873
2.032079
2.000007
1.986193
1.980994
1.985832
2.013565
1.993241
2.004401
1.965038
1.984903
1.992993
1.999690
2.004892
1.995556
1.989079
1.984505
2.021534
2.018304
2.008494
2.009273
1.976835
1.973864
2.004103
1.999945
1.965109
1.994832
1.989456
1.986247
1.993107
2.013410
1.995783
1.999106
2.004790
1.992547
2.000779
1.998944
2.012278
1.992930
2.002439
2.000889
1.979884
1.981394
1.995410
1.991395
2.019959
2.004509
2.005431
1.998781
2.007990
1.991637
2.007302
2.010330
2.026925
1.985765
1.999367
2.010020
2.015166
2.010084
2.011164
1.987004
1.959092
1.981061
1.993940
1.987300
1.975329
1.993801
1.983765
1.993665
1.976508
1.984258
1.997875
1.984716
1.973080
1.970452
1.995580
2.003255
2.012050
2.001325
1.984911
1.993992
2.023597
2.009031
1.995183
1.982470
1.992849
2.004246
2.007730
2.009485
2.046339
2.014365
2.006794
2.002267
1.972965
1.954159
1.994994
1.991623
2.000863
1.976801
1.991339
1.997109
2.001799
2.018702
2.005632
1.997242
2.013990
2.028165
2.007362
2.011712
1.993092
2.033672
2.007620
1.999466
1.996059
2.012664
1.992181
1.997205
1.993647
2.007706
2.009877
1.998007
2.010522
1.971542
2.012162
2.014142
2.008155
1.997422
1.996513
1.995188
1.984083
1.982450
1.987246
1.984971
1.994485
1.999879
1.995783
1.998679
1.996496
1.950862
2.008208
2.016420
2.013285
2.014798
1.979911
1.989327
2.011186
2.021766
2.007645
2.012364
2.032159
2.035642
1.990215
1.995185
1.992852
1.965116
1.987254
1.992486
1.988615
2.007026
1.981190
1.986902
1.993151
2.000134
1.994592
2.001365
2.000808
2.002211
1.996047
1.997218
1.953401
1.991281
2.003981
1.997539
1.946099
1.990770
1.998683
2.001652
2.020197
2.003413
1.999338
2.002431
1.972675
1.969300
2.002940
2.004091
2.040926
2.010436
2.004438
2.016490
2.046786
2.033907
1.989096
2.000994
2.021162
2.003715
1.995224
1.986925
1.987509
1.997779
2.003031
2.006547
1.987835
1.987629
1.986698
1.979647
1.968763
1.950902
1.988607
1.987710
1.991397
1.996023
2.004688
2.001267
1.997489
1.968635
2.004765
2.017030
2.021924
1.986808
1.982473
1.986102
1.976966
1.993784
2.001328
2.000061
2.015479
2.022367
2.002864
1.999690
1.964732
1.976259
1.981625
1.987711
1.981156
1.984075
1.994037
1.997411
1.986718
1.975198
1.989790
1.982360
1.995175
2.008629
1.981369
1.979509
1.977364
2.012663
1.990908
1.997710
1.976818
1.990369
1.998213
1.994094
1.997857
2.004766
2.007466
2.011702
2.009210
1.978669
1.997911
1.998341
2.010496
2.012957
1.999388
2.010377
2.021322
2.026171
2.011261
2.026842
2.051381
2.061852
2.002869
2.009110
2.017183
2.021302
1.999722
1.987790
2.002893
1.981401
1.996331
1.995296
2.003968
1.999476
2.020139
2.028536
2.008278
1.974297
1.990894
2.000653
1.986008
1.992036
1.995612
2.006550
2.006445
2.032175
2.004995
2.005620
2.037700
2.025688
1.998173
2.004494
2.028912
2.023898
2.000326
2.009940
2.030226
2.020998
2.005680
2.010108
2.024307
2.011659
1.985296
1.993324
2.002160
2.023336
2.012665
2.018927
2.008689
2.019509
1.997312
1.995930
2.001308
2.003045
2.005412
1.998541
1.996324
2.011333
2.009342
2.024982
2.043348
2.007662
1.991524
1.992519
1.989585
1.970503
1.987998
1.994785
1.993557
1.979433
2.001159
2.008438
1.999318
2.009336
2.001003
1.994186
1.995750
2.003980
2.016846
2.027302
2.050392
2.041712
2.005247
2.013088
2.005893
1.989068
1.996050
2.009767
2.005361
2.018083
2.002629
1.998238
2.008677
1.994343
1.995524
1.984255
2.008585
1.989484
1.994625
1.980331
1.990157
1.994294
1.993981
1.985364
1.963582
1.987592
1.995230
1.992442
1.976988
1.996661
1.989017
1.977391
1.972730
1.972289
1.982439
1.969951
1.954012
1.970284
1.992647
1.988866
1.979257
1.995689
1.987813
1.992686
1.982928
1.997343
1.988137
1.982989
1.950152
1.971863
2.003225
1.997967
2.000973
2.028696
1.982613
1.994889
1.994922
2.000351
2.015982
2.025682
2.035369
2.015916
2.013356
2.015875
2.013463
1.991683
2.003819
2.008423
1.993373
1.974837
2.000222
2.004380
2.010546
1.999198
2.008187
2.002483
2.003855
2.004366
2.003562
2.000632
2.005380
1.990750
2.015086
2.017313
2.030847
2.039406
2.003256
2.002473
1.973862
2.016649
2.008730
2.005632
2.004214
1.977009
2.005483
2.014015
1.985682
1.977456
1.992659
1.990264
1.954793
1.982811
1.984074
1.990398
1.973562
1.977945
2.006231
2.018604
2.017423
1.996605
2.015766
2.007696
1.984172
1.976081
2.006293
2.002954
1.982024
1.989474
1.973748
1.975391
1.977579
2.002236
2.017177
2.024743
2.018219
2.023878
2.001241
2.006801
1.987634
1.990916
1.994175
1.999017
1.993687
2.015654
2.002752
2.001935
1.990071
1.982965
1.985804
1.991022
2.000007
2.016876
1.999037
2.010664
2.021220
1.989791
2.005508
2.008855
2.022139
2.040380
2.010087
1.996767
1.990713
2.021155
1.987054
1.981242
1.982888
1.974038
2.007277
2.003973
1.983654
1.976226
2.001547
2.000312
2.010919
1.993909
1.990900
1.992639
2.007613
2.005223
