2.011074
2.019500
2.011393
1.999564
2.006586
2.007520
2.012895
2.024241
2.011198
2.005416
2.008541
2.013086
1.984295
1.990418
1.973307
1.978226
1.993849
1.992506
1.998575
1.999311
2.001084
2.006170
2.008455
2.010467
1.995683
1.995991
1.995181
2.003688
2.003972
2.015455
2.005131
1.993347
2.016688
2.024772
2.019936
2.025096
1.985069
1.990527
1.997432
1.995710
1.998061
2.015967
2.027282
2.021010
2.014197
2.003395
1.976945
1.973021
1.991535
1.989375
1.993749
1.995763
1.998734
2.010594
2.022119
1.990512
2.006530
2.018869
2.021252
2.021420
2.012895
2.020023
2.021184
1.998052
1.996710
1.993304
1.997523
1.998137
1.991207
1.989234
1.995351
2.007149
2.001162
1.999533
2.009397
1.991490
1.999331
2.014425
1.987474
1.975054
2.014161
2.010647
2.011600
2.009304
2.002139
2.020262
2.047127
2.026567
1.989608
2.002770
2.017770
2.056422
1.995853
2.004640
1.989613
2.016009
2.002480
2.012065
2.005165
1.987775
1.996445
1.989785
1.973748
1.960799
2.002163
2.015253
2.010438
2.000172
2.005136
2.013382
2.022811
2.008308
2.006082
2.009972
2.002082
2.003742
2.010788
2.023942
2.036945
2.009543
2.000245
1.998705
2.000626
2.015582
2.002560
1.993831
1.962055
1.965513
2.002125
2.001720
2.001881
1.991408
1.975537
1.990823
1.957043
1.970307
2.010895
2.008242
1.986290
1.975283
1.998834
1.994989
1.994929
1.984318
2.020666
2.023394
2.024608
2.013124
1.996012
1.997456
1.978027
1.984671
1.997155
1.984685
1.982391
2.001801
1.995828
2.003885
2.024490
2.022315
2.009727
2.003042
1.992969
2.017103
2.004192
2.012381
2.011314
2.017879
2.011383
2.015840
2.005405
1.986418
2.004490
2.010281
2.008546
1.998736
1.997266
1.997151
1.989896
2.006131
2.005235
1.995654
2.008800
2.021093
1.987887
1.969504
1.970034
1.962732
2.009816
2.006897
1.978985
2.010797
1.995082
1.996088
2.003515
2.011355
1.996100
2.001964
1.993789
1.981717
2.008760
2.017526
2.044726
2.002766
1.981351
1.997513
2.003924
2.011372
1.992795
1.998368
1.984571
1.962298
1.999063
1.988018
1.975619
2.000059
2.002192
2.013063
1.990332
2.009232
2.016481
2.017169
2.032949
1.992246
1.990381
1.983557
1.923555
1.954403
2.003022
2.011704
1.990461
2.024212
1.996977
2.006303
2.001128
2.004045
1.999526
2.010772
2.020353
2.017450
1.994340
1.983482
1.977767
1.993275
1.993476
2.003699
2.003914
2.005449
1.994213
1.997277
1.996190
2.001207
2.011863
2.008802
2.038920
2.031575
2.001529
2.012552
2.006674
1.988686
1.997346
2.002057
2.004939
2.009229
1.997637
1.990174
1.962749
1.962681
2.001264
2.012788
2.012669
2.011162
2.009007
2.013496
1.996000
1.994596
1.995912
1.984331
1.953029
1.992059
1.992624
1.995644
2.013633
1.994555
1.984312
1.981369
1.973456
1.992638
2.001914
2.005068
2.011015
2.006521
2.008054
2.020766
2.035787
2.047099
1.994775
1.993650
1.994815
1.955493
2.013753
2.014944
2.059029
2.043932
2.012055
2.005979
2.014895
2.015319
2.013377
2.009877
2.013953
2.018253
1.997513
2.000904
1.987405
2.000567
2.001293
2.012544
2.018370
2.004442
1.999654
2.012013
2.005315
2.010680
2.001297
2.006672
2.034370
2.036791
2.023143
2.029400
2.023598
2.028056
2.000702
1.983839
1.966072
1.972373
2.004796
1.991087
1.983087
1.974491
2.002910
1.991791
1.992052
2.003236
1.992498
2.001891
1.975057
2.004369
2.011913
2.018473
2.015968
1.995404
2.002698
2.008349
1.974846
1.967066
2.006903
2.000545
1.995339
2.004405
1.997405
1.983769
1.966682
1.998054
1.994942
2.004818
2.030549
2.038420
2.006008
2.015846
2.021025
1.995038
1.995131
2.001617
1.956022
1.968242
1.994621
1.991458
1.976280
1.996335
1.983386
1.979464
1.956005
1.971533
1.998264
1.992013
2.013390
1.996688
1.988082
2.001488
1.990100
1.978821
1.991424
2.006276
1.996680
2.019167
1.998125
2.005477
2.045848
2.004402
1.980573
1.977879
1.955450
1.967148
2.004307
2.011726
1.978173
2.014035
2.010854
2.020611
2.025392
1.986728
2.003702
2.011437
2.032168
2.000319
1.998062
2.002868
1.986076
2.007905
2.011605
2.001959
2.016947
2.025469
2.008834
2.014434
2.026838
2.025591
2.008967
2.007693
2.007270
1.966870
2.009415
2.013860
2.020331
2.031025
2.001820
2.004897
2.016716
2.023865
1.997339
2.015182
2.035572
2.023015
2.004064
1.994009
1.974163
1.994724
1.994535
1.995160
2.005324
1.998850
2.004728
2.008882
2.015763
1.993503
2.014588
2.024344
2.027779
2.010502
1.979888
1.976695
1.959661
1.968945
2.013940
2.029495
2.034239
2.018633
1.999446
2.006704
1.987375
2.010671
1.979447
1.991978
1.987343
2.001899
2.002755
2.002770
2.033085
2.031081
1.998071
2.011784
2.008106
2.001974
1.995318
1.996173
1.989658
1.997686
2.006714
2.011602
2.053022
2.026561
2.001964
2.012696
2.025307
2.044148
1.994684
1.997749
1.990973
1.984949
1.997285
1.994207
1.992124
2.015888
1.995561
1.992413
1.991827
1.981495
1.994109
1.992891
1.959243
1.952227
1.988725
1.977427
1.977881
2.013846
1.984858
1.975391
1.947197
1.971420
2.001052
2.012534
2.028383
2.007997
2.004636
2.011286
2.011819
1.989069
2.002905
1.987141
1.990791
2.008671
2.008811
2.012477
2.013558
2.010454
2.003441
1.992932
1.988529
1.997386
2.001192
2.020268
2.027705
2.024507
1.994390
1.994952
2.019494
2.002370
1.976267
1.961736
1.963165
2.002367
1.984821
1.979942
1.951372
1.952684
2.003797
1.997402
2.001745
2.006515
1.992794
1.994078
1.995575
1.966907
1.994653
2.011600
2.021025
2.017042
1.994760
1.983425
2.003166
1.987941
2.006391
2.016359
2.004512
2.006962
2.014357
2.003632
1.991941
2.034520
2.008172
2.012354
2.013814
2.019226
1.986912
1.990187
1.944542
1.971354
1.996386
2.001387
2.027461
2.030092
2.004525
2.006027
2.030168
2.013799
1.988024
1.979760
1.964498
1.971022
1.991247
1.993421
1.987786
2.008053
1.997247
1.997739
2.011597
2.034869
2.007198
2.016408
2.006885
2.003523
2.004871
2.006070
2.021881
2.003931
1.991552
1.996768
1.991032
1.986531
1.999421
2.009018
2.024138
2.013312
2.005963
2.017886
1.997870
2.011451
1.998643
2.006780
2.004169
1.985123
2.003761
2.012516
2.020058
2.027117
1.984376
1.977224
1.978976
1.979512
2.003520
2.006466
2.029545
2.031389
1.980375
1.998134
2.003550
1.977842
2.008596
1.997655
2.015218
2.001415
2.000789
1.989442
1.972532
1.991313
1.992099
1.992241
1.995474
2.007159
1.983527
1.991734
1.973809
1.971461
1.988169
1.978761
1.991549
2.026676
2.000006
2.000513
1.989000
2.001011
1.994560
1.989311
1.988791
1.974726
1.998993
2.001291
2.014722
2.040481
2.015690
2.013932
2.017511
1.992403
2.008859
2.004430
1.981427
1.986361
1.991976
1.998382
1.989118
2.001207
2.021288
2.017370
2.023812
2.034297
2.006810
2.016055
2.031287
2.018601
2.001241
1.993013
2.013523
2.000103
1.987068
1.993996
1.959418
1.982783
1.996501
1.991931
1.998557
1.997744
1.986673
1.989379
2.010190
2.010620
1.994593
1.978995
1.969274
1.999147
1.996850
1.979768
1.985568
2.006610
1.989967
1.982019
1.985373
1.985869
1.998257
1.997456
2.020541
2.016715
1.992862
1.990784
2.003971
2.009827
1.981748
1.982216
1.965511
1.966549
1.977349
1.983297
1.968702
1.994527
1.991587
1.995541
1.991023
1.987108
2.001646
1.999583
1.996049
2.020658
2.005885
1.997036
2.022364
2.050622
1.994722
1.983274
1.971490
1.969638
1.999514
1.983786
1.980340
1.976986
1.995043
2.004214
2.008235
1.982445
2.002059
2.004870
1.996014
2.002192
2.002136
1.996923
2.005566
1.982515
1.988940
1.987084
1.969601
1.974771
2.007366
2.016656
2.001178
2.019847
2.013227
2.017840
2.020234
2.015616
2.013905
2.012359
2.051310
2.024477
2.001512
1.990136
1.966654
1.981244
2.019615
2.026281
2.023986
2.019682
2.000961
1.997019
1.992554
1.983020
2.003793
2.003968
2.009545
1.996540
1.996932
1.984355
1.981063
2.014886
2.001947
2.008136
1.992884
2.013775
1.996183
1.984067
1.978206
1.990630
2.000538
2.003278
1.992994
1.987308
2.015065
2.022617
2.014222
2.010909
1.987042
1.993551
1.983278
1.987123
1.993003
1.994601
1.987848
2.005768
1.985005
1.982339
1.987899
2.000544
1.998369
2.002322
1.990266
1.984092
1.984655
1.980710
1.964274
1.976773
2.004173
2.011701
2.009680
2.012633
2.001067
2.005761
1.992850
2.012489
2.011980
2.018587
2.045993
2.037043
1.993215
1.979679
1.978258
1.983145
2.016117
2.017982
2.019415
2.001798
2.014412
2.006244
2.024228
2.019285
1.984510
1.982324
1.996382
1.942483
1.996043
2.000119
1.999211
1.983558
2.012540
2.005109
1.997822
1.996672
1.994882
1.988983
1.940607
1.959113
1.994174
1.997615
1.985687
2.012205
2.008437
2.000540
1.984744
1.996734
2.014015
2.009511
2.002963
2.000864
1.993457
1.998019
1.996131
2.007654
2.014248
2.009700
2.013434
2.009212
2.010292
2.017066
2.019224
1.989024
1.998226
1.996791
2.014581
2.002857
1.997586
2.011640
2.036303
2.017871
2.007637
2.009000
2.005036
2.027262
2.001524
1.996852
1.997416
1.982600
2.006589
2.004423
1.993331
1.962698
1.987558
1.992711
1.959140
1.997979
1.995461
1.986877
1.963849
1.960444
1.998094
2.002881
1.991410
2.004914
2.013019
2.022216
2.040942
2.021481
1.988592
1.998768
2.002201
1.988755
1.992719
1.998000
2.011950
2.022977
2.018608
2.017371
1.996437
2.004220
1.999251
1.997351
2.002183
2.008118
1.991873
2.001893
2.018615
2.000572
2.000162
1.978871
1.942953
1.950254
1.994452
2.013184
2.021544
1.992311
2.005809
2.002025
2.014097
2.021928
1.998811
1.987671
2.007503
2.024436
2.014624
2.014857
2.030359
2.031860
1.999885
2.018432
2.009931
1.982798
2.000317
1.996758
1.995410
1.985563
2.001417
2.007215
2.011655
1.994463
2.003329
2.003249
1.990576
1.975935
1.984079
1.979583
1.982495
2.012356
2.007072
2.020914
2.015844
2.033199
1.990430
1.977481
1.980365
1.964696
2.004811
1.994012
2.003495
2.022444
2.002867
2.006765
2.004061
1.996907
2.002523
1.999903
1.965301
1.998552
1.995423
2.017692
2.022331
2.002178
1.999803
2.018539
2.003071
1.994237
2.008117
2.021152
2.010993
1.995496
2.006028
2.006227
2.011505
1.998239
1.995537
1.991251
2.016791
2.000805
2.007416
2.001456
2.000808
1.994617
2.002144
2.022214
2.009283
2.026244
2.005489
2.005265
2.029365
2.028622
1.996795
1.990175
2.004560
2.013317
1.992449
1.986461
1.972151
1.993720
2.000059
2.011872
2.047995
2.030724
1.999626
2.000235
1.984263
2.017504
2.006017
2.027681
2.027355
2.024764
1.993499
2.000044
2.003420
2.016578
1.994542
1.980475
1.989449
2.002562
1.987213
1.987439
1.990723
2.005954
1.980454
1.978483
1.991858
1.997495
1.995710
2.000436
2.020696
2.008358
1.982590
1.993114
2.001155
1.984974
2.005266
1.995462
2.011264
2.024764
1.990785
1.988025
1.985573
1.997513
2.003526
2.009074
2.012703
2.006787
2.010245
2.009249
2.013102
2.025779
1.996265
1.984831
2.016065
2.009609
2.013414
2.016222
2.005583
1.996229
1.993399
1.987377
1.992762
1.992379
1.985310
1.991807
1.993590
2.007533
1.998274
1.993895
2.007724
2.005897
2.005028
2.008194
1.989744
1.996668
1.979411
1.987946
2.011008
2.022560
2.011617
1.999231
2.005247
2.016316
2.009335
2.008698
2.002504
1.992631
1.998718
2.003657
1.987431
1.987804
1.987070
1.986591
1.992384
1.973855
1.994270
2.001455
2.000864
2.003137
1.998455
2.013341
2.001778
2.009344
1.999125
2.010688
2.011709
2.031827
2.016932
2.017175
2.053597
2.030032
1.997868
1.997654
2.000907
1.969854
2.003232
2.004801
2.043642
2.011688
1.987486
1.979970
1.996952
2.003381
2.013935
2.028063
2.019739
1.996692
2.002848
1.991999
2.008860
1.997804
1.997515
1.988480
1.990131
1.974734
1.984841
1.976392
1.967792
1.948944
2.018651
2.022925
2.059002
2.031660
1.991394
2.005882
1.982389
2.014224
1.983677
1.994725
1.992614
1.982252
1.984073
1.993915
1.993422
1.969673
1.999176
1.996941
2.014597
2.021147
1.987569
1.992500
2.006860
2.008267
2.013906
2.020373
2.022068
2.001280
1.996423
2.003301
1.987688
1.969791
1.989790
1.992929
1.993347
2.014928
1.981785
1.982047
1.981780
2.018635
1.998546
2.008950
2.043629
2.015326
2.011507
2.014334
1.992259
1.971301
1.990105
1.986311
1.982149
1.969103
2.024318
2.019170
1.996474
1.984293
1.999099
2.010424
2.021254
2.026478
2.006135
2.003678
2.006277
1.989621
1.978765
1.984352
1.982194
2.011257
2.000452
2.002155
2.018285
2.018660
1.996730
2.002191
2.015816
1.978447
2.017649
2.024331
2.004920
1.974373
2.004067
2.001549
2.022674
2.021160
1.991828
1.991836
2.002450
2.029258
1.994450
1.997158
2.010333
2.002948
2.005519
2.003268
2.000921
1.980817
2.000301
2.009924
2.030546
2.019909
1.999076
2.013288
2.036999
2.028186
2.016084
2.006846
2.034732
2.012829
1.988122
1.998058
2.010942
1.993945
2.009822
2.015628
2.013763
2.007518
2.003508
1.998002
1.996106
2.008244
2.013628
2.010566
2.012666
1.999386
2.010613
1.998796
1.986658
1.994761
1.988854
1.992687
1.974277
1.969759
1.999177
2.005614
2.005005
1.981229
2.001518
1.993617
1.995572
2.003483
1.998718
2.002571
1.999913
2.013639
1.997472
2.008930
1.988196
1.999996
1.996775
1.987111
1.995532
1.995420
1.994101
2.000178
1.989159
1.982041
1.996060
1.984746
2.008532
1.992985
1.995207
2.001933
2.009841
1.989723
2.005764
2.012452
2.015021
2.004460
1.988124
1.990282
2.025779
1.999661
1.991278
1.993411
1.990677
1.947569
1.983471
1.971380
1.956593
1.968753
1.998199
2.003791
2.000350
1.996910
2.001487
2.008675
2.012700
1.988513
2.001614
2.017879
2.026367
2.002477
2.012613
2.005951
2.014676
1.968666
1.982799
1.994235
1.994170
2.001759
1.990741
1.999226
1.997522
1.975887
2.000063
2.003391
2.004684
2.017986
2.017362
2.015143
2.035181
2.024305
1.999544
2.016219
2.039368
1.990016
2.007022
2.001115
2.002472
2.000868
1.990106
1.978827
1.981741
1.976299
1.997723
1.979219
1.962934
1.980355
2.010242
2.012477
2.025883
2.020133
1.995568
1.980422
1.989547
1.980655
2.005489
2.014389
1.988135
1.975022
2.003937
2.011204
2.056577
2.017821
1.992704
1.987229
1.994933
2.003861
2.002926
1.993450
1.979532
1.964697
1.999342
2.007798
2.027927
2.022704
2.001879
1.997664
1.970865
1.981337
1.990035
1.988306
2.016631
1.999481
1.982618
1.988715
1.988189
1.981979
1.985807
1.997182
1.973781
1.989614
2.003815
1.996562
1.990825
1.979627
2.003502
2.002422
1.990730
1.987070
1.995826
2.004275
2.023655
2.021599
1.999307
2.002321
1.998066
1.985865
1.994434
1.993348
1.990687
1.980790
1.990590
1.981479
2.002574
2.011681
1.990265
1.984364
1.985100
1.977094
2.012293
2.012171
2.023337
1.987564
2.012003
2.015135
2.021120
1.999658
1.988398
1.993832
2.001971
2.039522
2.020728
2.018356
2.041424
1.994410
1.997549
1.985675
1.990952
1.997702
1.982887
1.985724
1.980950
2.007575
1.993244
1.992902
1.985840
2.005209
1.995349
1.991674
1.977087
1.985157
1.987020
1.986196
1.960280
1.954726
2.010332
2.001319
2.003099
1.982867
1.972720
1.961491
1.949308
1.976791
1.987039
2.004596
1.988049
2.018145
1.998039
2.014928
2.002505
1.992920
2.002862
2.008528
2.032963
2.003395
2.025124
2.018308
1.999513
2.009991
2.002653
2.001666
2.010109
2.005258
1.999764
1.997156
2.014267
1.993609
2.002165
2.004618
2.004488
2.010324
2.010145
2.014109
1.984293
1.976422
2.007001
1.989588
1.965152
1.975967
1.996494
1.993254
1.988533
2.006878
1.992178
1.985459
1.977106
1.997168
2.005353
2.014403
2.028770
2.042014
