2.005580
2.007185
2.013895
2.000348
1.989187
2.001088
1.993905
2.002598
1.995849
2.002487
2.006797
1.987055
1.993688
1.990119
1.992291
1.975012
2.004377
2.023085
2.030114
2.001217
1.998210
1.994712
2.014906
2.012790
2.004269
2.003466
2.036105
2.019642
1.997838
2.004149
1.999089
1.995851
1.998717
2.008291
2.036384
2.030702
1.980997
1.991981
2.000735
2.005020
1.994476
1.997189
2.002461
2.011284
2.010053
2.002671
2.023647
1.995099
1.991223
2.000076
1.995888
1.977428
1.999584
1.992700
2.007599
1.992384
1.988213
1.997118
1.991451
1.967855
1.982069
1.996023
2.005300
1.985605
1.996520
2.001967
2.027001
2.023172
1.989272
1.977030
1.978792
1.973723
1.989543
1.995215
2.011916
2.032114
1.973853
1.976945
1.965717
1.965897
1.999922
1.992245
2.024152
2.009357
2.018563
2.012712
2.024864
2.005456
2.007414
2.016167
2.061296
2.017215
1.987994
1.993916
1.986032
1.997708
1.985567
1.982017
1.959394
1.976730
2.004858
2.008301
1.990358
2.004885
2.011959
2.003944
1.979194
1.993140
1.989733
1.987114
2.015016
2.000257
1.995700
1.993329
2.003746
1.989064
1.993472
1.992083
1.999173
1.982865
1.988440
1.985071
1.990185
1.977439
2.016750
2.013467
2.021095
1.979540
1.996045
2.006325
2.028507
2.024888
1.995531
2.008562
2.004065
2.004800
1.990065
1.998786
1.961735
1.990325
1.996198
1.996020
1.991181
1.959033
2.009428
1.995897
1.997621
1.998086
2.012381
2.011149
2.024491
1.990143
2.004922
2.012837
2.016141
1.964377
2.001811
1.995357
1.958808
1.977848
1.999430
1.991043
1.991199
1.975860
1.998600
2.008997
2.017565
2.033687
1.982568
1.984381
1.980141
2.004488
2.014279
2.025436
2.023946
1.990019
1.992171
1.993898
1.991721
1.963002
1.984043
1.994682
1.991778
1.972247
2.000390
1.993916
1.984291
1.996436
1.974106
1.964606
1.954499
1.981298
1.996473
1.993631
1.989234
2.004902
2.011343
2.012502
2.017155
1.998946
1.991434
1.995693
1.991276
2.019377
1.981190
1.978998
1.999523
2.014140
2.003621
1.999970
2.011214
2.003730
1.994784
1.996111
1.999106
1.971594
1.992140
1.986395
1.999327
2.019852
2.025701
2.021827
2.005938
1.998514
2.006606
2.011431
2.015382
2.034536
1.995222
1.991566
1.986845
2.003359
1.992082
1.982425
1.981820
2.032823
1.987291
1.993993
2.020110
2.004461
1.996685
2.002369
2.010588
1.979462
1.997497
2.005765
2.004627
1.994037
2.015333
2.016882
2.029545
2.013983
1.996020
1.984519
1.956745
1.991115
1.998825
2.001062
1.990014
2.014815
2.006688
1.999309
1.998109
1.987217
1.994921
1.991903
2.017822
1.969664
1.987658
1.991278
2.028418
2.003425
2.011358
2.029152
2.026769
2.040629
1.998450
1.974828
1.962381
1.972969
2.008507
2.012527
2.020228
2.015056
1.992450
1.985488
1.982330
1.971079
1.990272
1.994841
2.015625
2.011051
1.982850
1.975996
2.004733
2.027430
2.000536
2.002775
2.046123
2.038978
1.999866
2.004750
2.008186
1.986614
1.997416
1.987163
1.969982
1.973413
1.990229
1.993661
1.987246
2.001695
1.999811
2.003084
1.983410
1.995357
1.998987
1.992039
2.000043
2.004029
1.995067
2.000960
1.991833
1.984227
2.003024
1.989033
1.977432
1.985833
1.990084
1.985879
1.984624
1.982486
1.997810
2.017147
2.029464
2.038353
1.992333
1.990417
1.963185
1.978349
1.992514
1.994664
1.990286
1.945660
1.997496
2.016446
2.009830
1.986731
1.996828
1.995973
2.009841
1.992402
2.011541
2.014263
2.022493
1.974214
1.987012
2.000790
2.021096
2.007562
2.014421
2.005323
2.018370
1.975186
2.001607
2.009253
1.996987
1.988777
1.995063
1.981504
1.957210
1.990651
1.991481
2.001741
2.035345
2.033527
1.991177
1.988020
1.965900
1.982485
2.000283
2.017463
2.039632
1.984364
2.016134
2.012316
2.013147
2.015083
2.001965
2.007268
2.001789
2.015245
2.007329
1.991993
2.000655
2.011607
2.000468
1.999801
1.977773
1.975700
1.996146
1.983237
1.990747
1.987976
2.007392
1.996625
1.985134
1.981588
2.000116
1.984850
1.962676
1.998159
2.021594
2.021997
2.026088
2.011057
2.014675
2.030128
2.062214
2.056448
2.000110
2.012083
2.032690
2.021478
1.999494
2.006321
1.996655
2.021326
2.002757
2.015848
1.999403
2.005945
1.998175
2.004663
1.973829
1.988388
1.997429
1.999085
1.991068
2.003471
2.001885
1.990420
1.978101
1.973759
1.997603
1.998589
2.020170
2.028314
2.003327
1.989265
1.985982
2.000155
1.991575
2.001966
2.013414
2.001364
1.987918
1.984866
1.955091
1.968924
1.989056
1.979614
2.002252
2.011709
2.004936
2.008095
2.013832
2.024189
2.017521
2.023748
2.035547
2.014456
1.996503
1.994581
1.961096
1.967266
1.996922
2.017998
2.036923
2.021788
2.019114
2.016919
2.031102
1.987342
1.996441
1.974486
1.945846
1.957332
2.008434
2.006777
2.006331
1.997061
2.017528
2.014062
2.004267
2.014560
2.001504
2.010221
2.002610
1.967313
1.983228
1.976850
1.947460
1.942716
2.010883
2.016216
2.030416
2.045544
2.002114
1.994204
2.011722
2.010487
2.004012
2.012652
2.001497
1.985523
2.005009
2.011686
2.018559
2.036792
2.003868
2.005813
2.033045
1.997781
2.004637
2.007102
2.016788
2.020336
1.988551
1.983016
1.981122
2.012247
1.998600
1.992235
1.987010
1.976542
1.990892
1.975314
1.986830
2.008406
2.008577
2.010324
1.987493
1.984946
1.995353
1.989152
2.021017
1.997232
1.998227
2.001265
2.002858
1.991863
2.001360
1.998586
2.005714
2.009354
2.000411
1.992884
1.997919
1.998743
2.004165
2.002367
1.990547
1.979935
2.001896
1.996161
1.955867
1.969471
2.002367
2.018543
2.031123
2.021594
2.001170
2.000658
1.970613
2.005664
1.982895
1.993837
1.985976
2.006684
2.010058
1.989402
1.969277
1.986725
1.995950
1.994916
1.974268
1.958900
1.994891
1.989382
1.998621
2.004147
1.990000
1.990812
1.980318
2.003606
1.994667
1.995735
2.012075
2.053889
1.985373
1.996129
2.026421
2.008936
2.006939
1.997959
2.040273
2.026526
1.990190
1.968033
1.947269
1.961867
1.995804
2.002983
2.013201
1.999182
1.987208
1.984162
1.996206
2.000302
1.991892
1.998600
2.004434
2.017157
2.008626
2.013390
2.031909
2.035097
1.998319
2.003666
1.995056
1.991365
1.995204
1.998353
2.002314
1.988135
2.000892
1.999680
1.952234
1.977052
2.011687
2.003802
2.015037
1.970393
2.007063
2.016873
2.010691
1.984458
2.008689
2.013138
2.009283
1.988979
2.007227
2.010102
2.027238
1.985605
1.986196
1.990122
1.987598
2.000082
2.008282
2.017511
2.008098
2.011063
1.992727
1.989078
1.982261
1.957546
2.005945
2.008361
2.020829
1.995804
1.998568
1.985122
1.973168
1.971332
1.988191
1.989389
1.996595
1.996470
1.988196
1.993867
2.006192
2.008464
2.001550
2.002789
1.987425
1.993830
1.991987
1.992167
2.013107
2.011389
2.006374
2.000977
1.973412
1.953401
1.991384
1.987385
1.959102
1.989317
2.000396
2.003193
1.969581
1.965982
2.001954
2.001689
1.989977
1.984741
2.009000
1.989468
2.006037
2.006660
2.007569
1.999510
1.996474
2.011656
1.999460
1.999912
2.014890
2.014972
2.000100
2.004755
1.987833
1.986278
2.004268
2.006019
2.011878
1.991415
2.009110
2.012025
1.984210
2.003999
1.986742
1.985242
1.994131
1.997957
1.993173
2.007022
2.026946
2.019487
1.983157
1.986073
1.977029
1.984015
1.995079
1.998840
2.035325
2.033558
1.996550
1.994993
1.991010
2.008074
1.990755
1.995512
1.994073
1.966204
2.013730
2.000289
2.011005
2.019584
1.989533
1.983498
1.996838
2.009005
2.000584
1.999667
1.971660
1.983237
1.994866
1.997285
1.995206
1.954601
2.005136
1.998379
1.948781
1.991993
2.014289
2.015392
2.005790
1.985967
1.999152
2.000458
2.013373
2.013069
1.997778
2.000345
2.000996
2.015537
1.984734
1.974316
1.986557
2.019509
1.987947
2.000899
2.021668
2.004036
1.972440
1.979469
1.968986
2.001152
1.996408
1.999573
2.009162
1.998098
2.004933
2.025266
2.022688
2.011015
1.993402
1.991542
2.005460
2.012144
2.003080
2.000007
1.995456
1.968342
1.992731
1.982350
1.951612
1.981955
1.998666
2.008155
2.029051
2.023657
2.022336
2.022545
1.996786
1.979705
1.992530
1.993578
1.994999
1.949312
1.979805
1.984221
1.973933
1.980675
1.994580
1.991703
1.993529
1.980832
1.999568
2.000310
2.007704
2.005175
1.991903
1.984824
1.960503
2.014235
2.006366
2.000323
1.986254
2.017274
1.997478
1.995161
1.999337
2.003963
2.003444
2.026642
2.010383
2.003761
2.005748
2.013288
2.001648
2.008913
2.007138
2.004840
2.002607
1.982753
1.998991
1.997243
1.997743
1.999593
2.003702
2.009716
2.015265
2.022030
2.000766
1.992749
2.002456
1.999663
2.003340
1.996128
2.012754
2.000543
1.989845
1.988957
1.986928
1.984873
1.989992
1.984723
1.992902
2.014394
1.996400
2.007285
2.005552
2.029910
2.001945
1.999918
1.993662
1.989870
1.986533
1.973349
1.972162
1.974083
2.008240
2.012908
1.985510
2.003295
2.006272
2.018451
2.041670
2.026183
1.986039
1.994810
2.003958
2.024092
1.991005
1.987661
1.986233
1.987651
2.000549
1.995734
1.998122
2.025344
2.000868
1.985462
1.984064
1.992554
2.001238
1.997857
2.004781
1.986319
1.992391
1.994118
1.992497
1.972637
2.003941
1.999243
1.986602
1.976474
2.002870
2.007208
2.011668
2.001246
1.988094
1.979205
1.967960
1.981372
2.004165
2.017656
2.034243
2.033713
2.005292
2.012978
2.004525
1.987069
2.001274
1.996866
2.016531
2.010667
2.005731
2.002815
1.997422
1.974212
1.993357
1.993361
1.990084
1.968590
2.005381
1.997593
1.986985
1.991449
1.993114
1.984638
1.961409
1.985432
2.003657
2.000251
2.006401
2.003493
2.014444
2.009302
1.988032
1.979299
1.990087
1.989294
2.003741
2.039169
2.009410
2.014633
2.018731
2.022867
1.987688
1.992565
1.982463
1.995782
1.999072
1.998481
1.983719
1.997310
1.994879
2.000291
1.995431
2.020255
2.007711
2.007297
1.989862
2.007453
1.994242
1.987291
2.001665
2.011682
2.012218
2.014856
2.013166
1.991521
2.004659
2.005736
2.014027
2.008894
2.008938
1.994237
1.990355
2.018456
2.011082
2.008481
2.053539
2.015364
1.996736
1.988388
1.952531
1.984009
2.014428
2.017335
2.029086
2.038254
2.001023
1.999870
1.972081
1.980891
1.998078
2.004376
2.032537
2.015413
1.989163
1.997836
2.009412
2.001058
1.997939
2.002811
2.037030
2.000394
1.984712
1.991191
1.975007
1.979840
1.985136
1.982052
1.982955
1.962088
2.010153
2.003662
1.990034
1.982732
2.001268
1.987835
1.975489
1.994490
2.016431
2.016922
2.027839
2.022568
2.017519
2.024886
2.019310
2.022880
2.003976
2.004783
1.998369
2.000792
2.011685
2.011614
2.035458
2.017690
1.998541
1.984642
1.965435
1.963590
1.993358
1.996345
2.011516
2.033089
2.000337
2.011895
2.024505
1.989954
1.997372
1.991095
1.995507
2.011141
2.019610
2.009743
1.994439
1.973129
1.997320
2.001648
1.999448
2.011845
1.998652
1.986403
1.989986
2.015323
2.001138
1.998670
2.008459
1.990171
1.999793
2.001052
2.014192
2.018784
2.008134
1.998662
2.005287
2.027217
1.999388
2.006211
2.029464
2.009677
1.998312
1.993264
2.019620
2.010882
1.995999
2.004107
1.989727
2.017098
1.999505
1.992307
2.003675
2.009053
2.006778
2.012141
1.973312
1.977924
1.996225
1.990612
1.980292
1.948181
2.005670
2.008279
2.019811
2.019460
2.007552
2.011185
2.003492
2.008948
1.996782
2.015620
2.023465
2.036232
2.002010
1.996876
1.956828
1.979362
2.013458
2.006820
2.025668
2.004184
2.003211
2.005776
1.989150
2.013352
1.975327
1.991310
1.956561
1.966953
1.994418
2.001387
1.975189
1.966898
1.996868
1.998461
1.997814
1.981958
1.999204
2.007262
2.014788
1.992744
1.997495
1.996303
2.029782
2.017589
1.998257
1.986929
1.982211
2.001350
2.001308
1.990813
1.986048
1.991956
1.992313
1.996701
2.007497
1.988906
1.984432
1.994298
1.977055
1.987539
1.984849
1.980215
1.988389
2.013189
2.005003
2.011028
2.007312
1.998115
1.996774
2.011049
2.037039
2.022454
1.990502
1.994928
1.985465
1.961098
2.002758
2.005897
2.020128
2.007625
2.004991
2.007126
1.999254
2.024048
1.995501
1.994907
2.002083
2.011039
1.992562
1.995916
1.980266
1.977150
2.022612
2.033481
2.036754
2.020937
2.010094
2.003829
2.012085
2.022750
2.009814
2.009323
2.030301
2.011955
1.999431
1.987966
1.975914
2.000029
1.997426
1.996122
1.984142
1.977475
2.005465
2.009414
2.008653
2.005400
2.005855
2.013809
2.021888
1.987416
1.987951
1.977664
2.001316
1.996663
1.996858
2.007812
2.002411
2.003267
1.999929
1.992621
1.992245
2.000529
2.010745
2.009658
1.970898
1.948827
1.997336
1.999079
2.008256
2.010873
2.011224
2.010556
1.995799
2.002267
2.012353
2.009386
2.039227
2.031150
2.005399
2.002692
2.012655
1.998263
1.998333
2.001102
1.962355
1.979226
1.994103
2.001893
1.999434
2.034070
1.993689
1.991064
1.982369
1.995598
2.008443
2.014054
1.995942
1.992205
2.002940
2.013165
2.026038
2.000275
2.010148
2.009355
2.041368
2.054270
1.997281
1.993637
1.962157
1.982826
1.994228
1.995597
1.981852
1.966245
2.009408
2.021484
2.034796
2.046173
1.999720
2.003180
1.981392
2.007474
1.998338
1.986475
1.994372
2.020479
1.998533
1.988001
1.978702
1.986425
1.994787
1.991658
2.014140
1.983296
1.997314
2.001180
1.986341
2.002019
2.001117
2.005131
1.986915
1.998586
1.992319
1.990813
2.002366
1.992740
1.999956
2.008022
2.005693
1.990906
2.000633
1.997178
1.995063
1.959244
2.001481
1.984258
1.967202
1.971794
1.995514
2.006760
2.024375
1.994014
2.001129
1.983189
1.982411
1.994597
2.010898
2.009869
2.000696
2.006531
2.001795
1.999951
2.001545
1.991488
2.002754
2.009403
1.975051
1.966966
2.006611
2.003054
2.023778
2.008260
1.993584
1.986748
2.006916
1.994900
1.994137
2.000501
1.966705
1.960295
2.009457
2.015417
2.028292
2.023044
1.996409
2.001385
1.955055
1.967594
1.996164
2.003948
1.991501
1.970227
2.013010
2.004674
1.987428
1.992098
2.001371
1.999991
2.018623
2.042111
1.988094
1.983361
1.985477
1.998244
1.992111
2.005705
1.997242
2.015556
1.999496
1.998390
2.009529
2.025025
2.007057
2.016755
2.007826
2.000660
2.009730
2.004944
2.004167
1.984668
1.986680
1.992587
2.001470
2.030079
2.002928
2.011541
2.032997
1.999434
2.015591
2.026449
2.042438
2.032910
2.003144
2.003482
2.003861
2.023047
2.010451
2.006977
2.006336
1.995506
2.007026
2.007376
2.018601
2.014111
2.010189
2.012892
2.013764
2.025937
2.007444
2.013309
2.042987
2.025141
1.999373
2.018909
2.026672
2.023152
2.003794
2.005195
2.013570
2.017568
2.008655
2.004823
1.986315
1.990002
2.004890
2.008757
2.014550
1.993289
1.998923
2.010182
1.991174
2.016423
2.005996
2.012978
2.007064
1.992994
1.990760
1.996296
1.990855
1.991466
1.993935
2.000523
2.010887
2.008161
1.980098
1.991879
1.983550
1.999148
2.005405
1.982863
1.965570
1.981514
2.014201
2.013130
2.008519
2.004072
1.988662
1.995319
1.992609
1.978519
1.999442
1.992084
1.982899
1.974847
2.002523
2.011288
2.026133
2.045070
2.003336
2.007808
1.974761
1.997172
1.993471
1.986116
1.970637
1.960966
2.005788
2.003001
1.998870
2.001393
2.012836
2.001919
1.990522
1.989240
1.989602
1.978450
1.978829
2.011731
1.987324
1.997264
2.022794
2.024180
2.001547
2.004056
2.004789
2.007486
2.007122
2.007465
2.038618
2.029859
1.967552
1.954933
1.952608
1.970924
2.009563
2.013112
2.013978
2.009966
1.989321
1.989965
1.997632
2.012467
1.998215
1.994124
1.995204
1.984903
1.993356
1.988368
2.002221
2.030958
1.999836
2.009228
2.000493
1.993529
1.985569
1.981462
1.952835
1.958721
2.006887
2.005396
2.005868
2.005480
