2.003988
2.002944
1.985812
1.982543
2.005552
2.006227
2.008910
1.992711
2.010605
2.019834
2.025355
1.986514
2.001468
2.010249
2.055992
2.045372
1.990648
1.994238
1.956477
1.988698
2.012291
1.988945
1.966707
1.985484
2.013421
2.021133
2.009994
2.003274
2.009792
2.009711
2.009292
1.969154
1.990444
1.982978
1.992205
1.952693
1.994185
1.988716
1.987504
1.996827
1.984495
1.996092
2.025737
2.009620
1.986185
1.981525
1.965304
1.981160
1.995818
1.997186
2.010013
2.000467
2.007354
1.998065
2.015277
1.993451
1.998334
1.995157
2.004045
2.003937
1.990683
1.996614
2.001266
2.019306
2.013806
2.017323
2.020770
1.999581
1.997444
2.004648
1.986451
2.011889
1.979298
1.980443
1.986979
1.970408
1.978311
1.982591
1.993270
1.988682
2.011454
2.001309
2.013047
1.973188
1.996186
1.991373
1.942921
1.961519
2.007664
2.011218
2.050471
2.025923
1.991428
1.993616
1.986249
1.989069
2.003990
2.016210
2.022446
2.021681
2.008802
2.017169
2.012822
2.014054
2.014797
2.009637
2.008495
2.005207
1.994795
1.993668
1.959538
1.960386
1.990396
1.996405
1.999195
1.987309
2.010854
2.004509
2.019294
2.018386
1.982365
1.986505
1.991993
2.000851
2.004204
2.001257
2.006768
1.988713
2.003493
1.988694
1.993961
2.009304
2.014504
2.021536
2.026685
1.989473
2.009739
1.995317
1.976843
1.982572
1.999585
2.003332
1.974553
1.968193
2.013360
2.021645
2.038846
2.019021
1.976817
1.962648
1.964780
2.003467
2.016258
2.015493
2.016128
2.026403
2.003178
2.007155
2.002409
2.003716
2.000181
2.005402
1.987494
1.987493
1.992335
2.002949
2.020549
2.000734
1.997650
1.985830
2.006791
1.988590
2.006807
2.015170
2.007981
1.995592
1.989344
1.984448
1.987317
1.995243
1.983326
1.986348
1.974361
1.986311
2.012210
2.011903
2.025955
2.027749
1.996254
2.001152
2.023600
2.028720
2.002468
1.997157
2.018125
1.991609
2.001882
2.008984
1.989444
2.001768
1.990275
1.982484
1.996108
2.008514
1.987558
1.982234
1.987840
2.014598
2.007120
2.016878
2.007694
2.005335
2.002492
1.999642
1.998548
1.992601
2.010400
2.011195
2.026631
2.012815
1.999158
2.000645
2.013853
2.016997
2.004918
2.000606
1.965373
1.996213
1.998646
2.007196
2.003671
1.985002
2.011859
2.016508
2.015314
2.008478
1.981690
1.965026
1.967582
1.967890
1.995354
1.994765
2.003709
2.003391
1.994295
1.990101
2.015854
2.003033
2.007909
1.997953
2.018054
2.006967
2.002756
2.006097
2.000608
2.005419
2.025927
2.034270
2.044048
2.025918
1.997712
2.004796
2.028741
2.022694
1.993852
1.988003
1.975280
1.994995
1.999627
2.000264
1.987773
2.001285
1.997677
1.997585
1.978065
1.954181
1.996546
1.992944
1.966938
1.964450
1.997213
1.996845
2.003311
2.001751
1.995560
1.983732
1.996004
2.005546
1.992705
1.998829
1.990365
2.003345
1.986219
1.982797
1.994856
1.993788
2.017668
2.023450
2.013797
2.014416
2.003249
2.010804
2.002316
2.011274
2.006423
1.997846
2.015404
2.029416
1.997094
1.992965
1.998297
1.995951
1.984734
1.984351
2.006985
2.002576
2.002745
2.009885
2.036092
2.022518
2.003452
2.000003
2.011618
1.999462
2.012374
2.013775
2.006244
1.996090
1.995947
1.995778
2.017530
2.011569
2.003451
1.999933
1.994101
1.987595
2.007088
1.998074
2.020483
2.035441
1.986725
1.973447
1.964421
1.966541
1.979943
1.988286
2.012151
2.022523
2.001309
1.998771
1.993508
2.019654
2.009538
2.023528
2.029780
2.024143
1.994745
1.993650
1.949741
1.969810
1.998084
1.990800
1.991650
2.021956
1.993895
1.999407
1.999167
2.000166
1.998495
2.000767
1.993702
2.000778
1.987123
1.981635
1.992819
2.022235
1.999568
1.984552
1.963130
1.973026
2.000892
2.004881
2.010055
1.998744
2.003311
2.004631
2.040549
2.010081
2.012638
2.011055
2.050203
2.022454
1.989781
1.986335
2.005844
2.009752
1.998892
2.010165
2.024404
2.017941
2.008070
2.005951
2.003886
1.979421
1.986380
1.978674
1.965114
1.948097
1.997448
1.985157
1.983446
2.013081
1.991210
1.991342
1.981942
1.986328
2.006475
2.018012
2.041514
2.018762
2.015233
2.009055
1.987799
1.979841
2.001592
1.999916
2.016109
2.021726
1.985984
1.992584
1.982235
1.985238
1.998468
1.997527
2.011834
2.016897
1.997159
2.007113
2.018875
2.006654
1.993923
1.998382
1.993295
2.016242
1.982508
1.980033
1.976705
2.012848
2.005240
2.012055
2.009618
2.011617
1.996265
1.986730
2.000314
1.980609
1.993159
1.989164
1.983377
1.999978
2.012326
1.997913
1.991453
2.019735
1.999009
2.009718
2.021470
2.027485
2.013498
2.004407
2.020408
2.018557
1.990349
1.985192
1.980250
1.990687
1.995796
2.002962
1.984560
2.002594
1.999640
2.006498
2.032647
2.012687
2.021335
2.030307
2.010262
1.976020
1.994347
1.999376
1.988817
2.014892
1.990622
2.000124
2.040656
2.050305
1.999361
1.988142
1.991735
1.990968
2.013796
2.008038
1.995033
1.987850
2.001226
2.009868
2.031182
2.019719
2.010284
2.017165
2.021890
1.990519
2.004113
1.997303
1.971015
1.987088
1.995208
2.004663
1.990014
2.033113
2.013166
2.014375
2.037551
2.021127
2.004628
1.997383
1.995881
2.012100
2.005002
2.001749
1.991669
1.960392
1.996617
1.984906
1.993272
1.997757
1.977308
1.980983
1.969256
1.971759
2.017973
2.006240
1.996087
1.978468
2.001129
1.994506
1.997261
2.005317
1.990043
1.999031
2.005051
1.990469
2.003234
1.993680
2.002003
2.002133
1.996018
1.999605
2.001622
2.002414
2.007248
1.998254
2.009768
2.028004
1.997183
1.987276
2.010429
1.989018
2.001044
1.980218
1.943332
1.953311
2.000916
2.004068
1.997243
2.020189
2.014142
2.009768
2.014285
1.994349
2.009005
2.014989
1.973487
1.980537
1.982861
1.971221
1.956447
1.973095
1.999089
2.018579
2.008913
1.981529
2.008788
1.997760
1.982269
2.005257
2.009360
2.013731
2.038665
2.022574
1.999304
1.993707
1.959183
1.981537
1.983761
1.996097
1.996962
2.001331
2.008466
2.022172
2.019712
2.036737
1.999921
2.013989
2.016905
2.016338
1.989625
1.998170
2.023922
2.037368
1.998291
1.999498
1.995521
1.984336
2.008159
2.002668
2.005681
2.004529
1.995005
2.016416
2.022858
2.001095
1.994745
1.990534
1.972435
1.982160
1.984975
1.987966
1.985993
1.998896
1.991432
1.995956
2.005493
1.984846
2.006704
2.014689
1.988736
1.976557
2.005816
1.999567
1.999531
1.990668
2.001988
2.011621
2.050136
2.026091
1.983377
1.996157
1.995339
2.025053
1.991299
1.995960
1.984142
1.958336
2.005664
2.002481
1.981185
1.988314
2.000637
2.013283
2.047457
2.030826
1.988768
1.983597
1.979211
1.961459
2.008932
2.007120
2.001717
2.012762
2.022698
2.032973
2.031862
2.022703
2.005521
2.004158
1.991294
1.983142
1.986899
1.987865
1.992201
2.006432
1.992261
1.988439
1.972915
2.005850
1.995460
1.989926
1.997547
2.025541
2.004748
2.008775
2.004914
2.004569
1.986836
1.980663
1.976246
1.971633
1.991017
1.987377
1.982294
1.994485
2.014338
2.023219
2.000689
2.013254
2.002144
2.005938
2.007380
1.992863
2.010075
2.006659
1.966211
1.950903
1.998310
1.984840
1.987918
1.998320
1.995381
1.990245
1.995561
1.994670
2.012760
2.012829
2.036804
2.034021
2.003741
2.022948
2.030813
2.001978
1.999555
1.999047
1.960257
1.969652
2.009062
1.997857
2.002233
1.983460
2.012228
1.999761
2.002479
2.018783
1.987644
1.990147
1.994328
1.990224
1.981956
1.993732
2.002771
2.004506
2.011686
2.011662
2.042621
2.051414
2.024373
2.016762
2.000007
2.011368
1.998196
2.012129
2.000911
2.013114
2.000396
2.006426
2.038213
2.044264
1.986701
1.993926
1.988177
1.966678
1.999100
1.984473
1.994404
2.023665
2.006663
1.989458
1.963751
1.973570
1.987230
1.980170
1.997669
2.005663
1.990366
1.998287
2.001167
1.990391
1.974282
1.977661
1.967697
1.966370
1.993934
1.991064
2.004027
1.992031
2.002321
2.004404
1.992628
1.997010
2.017402
2.021049
2.056533
2.033480
1.994222
1.989645
1.992562
1.974988
1.985493
1.982029
1.958710
1.976096
2.002192
1.984691
1.984912
1.994997
1.994773
2.001415
1.992728
1.961620
1.986897
1.991961
2.007936
2.007825
1.998865
2.008095
2.035608
2.029417
1.992827
1.992018
1.998005
1.982902
1.992603
1.986493
2.010749
1.998267
1.999943
2.002133
1.998085
2.015152
1.998019
2.009567
2.043749
2.012204
1.998303
1.991454
2.005170
1.989887
1.990067
1.999285
1.963663
1.992184
2.013716
2.004857
1.986781
1.988124
2.004545
1.999758
1.993262
1.978846
2.005427
2.003356
2.006719
1.991222
1.990256
1.996985
2.013311
2.031544
2.001440
1.995148
1.960006
1.976680
2.007877
2.017357
2.009786
1.999785
2.007697
2.008159
1.979954
1.983424
2.005061
2.003666
2.028502
2.023469
1.988377
1.994229
1.979961
1.993554
1.991625
1.993210
1.990733
1.961522
2.002952
2.005461
2.007144
2.012847
1.990272
1.984449
1.981423
1.976835
1.998550
2.011165
2.032514
2.026001
1.994482
1.991053
1.999229
1.985841
2.012165
2.013611
2.018370
1.999859
1.997468
2.016665
2.023977
2.020976
2.002390
1.999660
2.000711
1.990402
2.013271
2.010694
2.013753
2.000361
1.996527
2.008641
2.003399
2.004610
1.991808
1.985884
1.998446
2.019436
2.007755
2.014658
2.016400
2.002090
2.010420
2.005806
2.007105
2.017399
1.999670
2.002825
1.998150
2.008998
2.004912
2.012280
2.014139
1.963170
1.987177
1.993987
2.019649
2.003677
2.013593
2.011388
2.011272
2.005749
2.014692
2.010717
2.035276
2.007846
1.996370
2.003064
2.011913
1.990253
2.013781
2.025862
2.023680
1.990067
1.998767
2.000965
1.990348
2.016589
1.994203
1.985086
1.966808
1.958345
1.993992
2.003202
2.010567
2.031531
1.998341
2.004850
2.002410
1.997640
1.997307
1.994670
1.990830
2.007038
1.998437
1.975392
1.962601
1.974136
1.998980
1.997632
1.992783
2.008301
1.997630
2.004424
1.972835
1.999887
1.988863
1.997601
1.997091
1.979363
1.993992
1.994943
1.998543
1.969888
2.000236
2.002626
2.045934
2.037696
1.999624
1.995695
1.998415
1.986782
2.009729
2.000869
1.986950
1.988177
1.989802
1.976651
1.979940
1.976676
1.991462
1.981343
1.980186
2.031080
1.998561
1.991657
1.997985
2.004810
2.010973
2.001431
1.989788
2.015620
1.992945
1.999672
2.010323
2.006478
2.007798
2.016784
2.061978
2.017952
1.997139
1.985888
1.956977
1.993420
1.991015
1.988192
1.960578
1.977602
2.004536
1.994736
2.008632
2.018868
2.010208
2.009263
2.014332
2.001977
1.988821
1.985516
2.013333
1.999814
2.012089
2.030313
2.026884
2.039687
1.988263
2.002111
2.025486
2.011393
2.005958
2.016086
2.043906
1.997930
2.001726
2.003632
2.001271
1.974473
1.995464
2.006183
2.026622
2.022525
1.982903
1.975943
2.004760
2.026120
1.990203
1.986221
1.966992
1.985336
2.017546
2.018893
2.030567
1.988773
1.993487
1.992564
1.973923
1.993982
2.012445
2.012626
2.026032
1.989708
2.000742
2.003772
1.984811
1.995129
2.000537
2.000021
1.979004
1.976022
1.989606
1.977365
1.970871
1.989742
1.994392
1.993028
1.999540
1.973299
1.982620
1.985005
1.979805
2.003457
1.998784
2.016854
2.028815
2.037803
2.014289
2.029210
2.062779
2.056860
2.001211
2.007271
2.012929
2.008265
1.997399
2.003197
1.999484
2.032409
1.975296
1.964787
1.955048
1.978022
2.011936
2.014489
2.022749
1.971336
1.997529
2.000580
1.993262
2.002795
1.996019
1.998646
2.018570
2.001386
1.993709
1.993185
1.986382
1.993121
2.003489
2.001978
2.011491
2.003531
1.991361
2.001064
2.035317
2.033121
1.988012
1.985560
1.956479
1.972003
2.011547
2.014289
2.061174
2.048690
2.006562
2.005511
2.011532
2.026593
1.996865
1.993565
1.987478
2.004872
2.006663
1.990991
1.995333
2.008686
1.996423
2.017856
2.036822
2.021457
2.002830
2.014057
2.010431
2.011776
1.992614
1.998689
2.002832
1.986340
2.015551
2.017320
2.031890
2.014181
2.021849
2.022134
2.025076
2.011382
2.001651
2.010474
2.003079
1.967501
2.002529
1.991474
1.994470
2.002847
2.001778
2.002070
1.987482
2.004395
1.989077
1.992324
2.031009
2.003633
1.997507
2.003758
1.973378
1.988372
2.003423
2.009988
2.015059
2.028564
1.999000
1.985970
1.972847
1.998284
1.998005
1.989587
1.988827
1.950691
1.989875
1.992714
2.011797
2.007222
1.990860
2.001666
2.014187
2.002867
1.990297
1.973704
1.984625
2.007220
1.986356
1.986552
1.969374
1.976205
2.003394
2.001375
1.992370
2.007387
1.990960
1.994401
1.987581
2.001943
1.997722
1.996239
1.962525
1.965818
2.000512
1.992742
1.998738
1.999579
1.983953
1.978215
1.956386
1.966867
1.990523
2.001639
1.991471
2.001919
1.990356
1.986224
1.987082
1.983352
2.017859
2.013854
2.004811
2.016948
1.983146
1.993706
1.986909
2.006965
2.011384
2.002517
2.016542
2.025805
2.005982
2.006452
2.040032
2.020634
1.998491
1.998788
2.012130
1.994163
2.004305
2.012812
2.002820
1.986023
1.993764
1.994530
2.011016
2.054582
1.996473
2.015489
2.041335
2.026616
2.010773
2.003963
2.026373
1.998926
1.995517
1.981395
1.957100
1.993349
1.998959
1.992036
1.987128
1.974690
1.987373
1.984811
1.997410
2.001294
1.976591
1.974637
1.955672
1.963861
1.996317
2.000660
2.026665
2.021618
2.002334
2.007990
2.002559
2.015126
2.001230
1.998939
2.005324
2.008666
2.001459
1.999637
1.952836
1.977674
1.995702
2.007366
2.001278
1.998776
2.018348
2.014027
2.026009
2.006731
2.000666
1.985185
1.963217
1.999671
2.001083
2.000345
1.967638
2.004209
1.986041
1.990641
1.988434
2.002523
2.000222
1.996355
1.990530
2.012299
2.011356
2.003597
1.979747
1.990932
2.002309
2.016406
2.001450
2.006417
1.989536
1.990029
1.980521
2.007498
1.984179
1.984204
1.991031
1.993890
2.000549
2.010213
2.028435
2.008827
2.016846
2.013162
2.023095
1.981625
2.000377
1.987719
1.984244
1.998532
1.994596
2.001726
2.008926
1.997140
1.991318
1.987701
1.958229
1.987943
2.002182
2.021824
2.030928
2.025117
2.008154
1.996025
1.998666
1.997534
2.016841
2.025210
2.037989
2.015231
1.995461
1.998435
2.003545
1.991224
1.999775
2.000297
2.013957
2.014739
1.993146
1.993881
1.997000
1.968344
1.997882
2.009385
2.015711
2.030184
2.008637
2.006387
2.006266
1.999532
2.007035
2.009781
2.026056
1.984311
1.992206
2.004708
2.022825
2.017024
2.008296
2.012848
2.016589
2.021758
2.003490
1.997219
1.987435
1.996905
2.000233
1.991553
2.007550
2.007509
1.998329
1.984583
1.972917
1.971048
2.013660
2.001002
2.010911
2.018588
1.993414
1.994259
1.985871
2.009812
1.979620
1.978915
2.002887
2.016793
1.989247
1.982803
1.980207
2.009566
2.006539
2.002097
1.974265
1.955123
2.014510
2.016441
2.006690
1.987736
2.000500
2.008388
2.021102
2.016433
2.006449
2.010752
2.014300
2.034473
1.998227
2.000941
2.002312
1.993155
2.006800
1.997367
1.993910
2.010806
1.972003
1.979258
1.968386
2.000579
2.004527
2.008310
2.033028
2.031658
1.995801
2.004061
2.000634
1.989638
2.001243
2.015897
2.029847
2.021280
1.987130
1.985960
1.995632
2.001089
1.992771
1.982455
1.951542
1.981715
1.984429
1.992701
1.974467
1.968820
1.993616
1.990774
2.016406
1.972831
1.993721
1.987509
1.995728
2.001318
1.990246
1.995346
1.993575
1.966905
1.994372
1.991477
1.992937
1.981196
2.014635
2.012767
2.014570
1.993356
1.993091
1.987451
1.984677
1.972690
1.990456
1.967836
1.944900
1.961855
2.004454
1.998084
1.946184
1.991982
2.004111
2.027411
2.010986
2.002542
2.000916
1.993616
2.014455
2.002090
1.997312
1.988888
1.971887
1.972875
1.997221
2.002520
1.991698
1.990560
1.988823
2.000402
2.020692
2.003397
2.001617
1.993784
2.004260
2.000548
