2.000450
2.006732
2.033887
2.011583
1.987332
1.994422
1.996469
1.990169
1.996048
1.997373
1.995732
1.981264
2.004325
2.014087
2.053542
2.030183
2.002502
2.008553
2.037811
2.011450
2.012804
2.004925
1.989317
1.984677
2.002880
1.992133
1.985459
1.999004
2.008838
2.013885
1.989050
1.972534
1.988276
1.983401
1.978568
1.957749
1.998172
1.995555
2.010078
2.022329
2.013256
2.015918
2.034753
2.020578
1.997572
1.981288
1.958454
1.958860
1.998636
2.004118
2.004190
2.001020
1.993387
1.990378
1.975693
2.007136
2.000808
2.009942
2.021050
2.006192
2.015587
2.003339
1.991798
1.978352
2.001447
2.005243
2.002448
2.010369
1.997504
1.998643
2.022638
2.003696
2.014005
2.023090
1.999498
2.009777
1.987824
1.979805
2.014591
2.017793
2.006169
1.999678
2.006184
2.025646
1.999927
2.008467
2.026912
2.004542
2.022268
2.025593
2.042971
2.026383
2.013363
2.014940
2.038912
2.033842
1.997347
2.002812
1.975515
1.982385
2.010444
2.016481
1.980820
1.989900
1.998920
1.994596
1.991152
1.959216
2.005080
2.009779
2.049906
2.059145
1.986644
1.988014
1.992984
1.989478
1.996841
2.007231
2.012417
2.026547
2.002613
1.996459
1.964123
1.989602
2.010879
2.005680
2.024055
2.000979
1.992574
1.988722
1.972725
1.956844
1.999187
2.004107
2.031205
2.039524
2.018537
2.023228
2.029443
2.027502
2.003616
2.003912
2.013110
1.995599
2.000985
2.009524
2.023676
1.994801
2.014364
2.020703
2.016080
1.981262
1.989539
1.994858
1.998250
1.984464
2.004727
2.005616
2.019544
2.039624
1.989842
1.998106
2.006746
1.990046
1.986417
1.994362
1.977545
1.990362
1.996882
2.000505
2.015425
2.020500
1.994973
1.990040
1.990884
1.975442
1.998324
2.000830
1.986077
1.997412
1.991198
1.992122
1.994096
1.970711
2.002724
2.002805
2.014746
2.005823
1.988299
1.976568
1.955802
1.965269
1.997921
2.006512
2.034856
2.028740
2.000942
2.001391
1.988333
1.988753
2.020594
2.028800
2.016702
2.012319
2.010816
2.006324
2.016560
2.026190
1.989680
1.983584
1.989765
2.016840
1.997293
1.991863
2.005249
1.990523
2.010021
2.013855
2.013179
2.009030
2.003928
2.004336
2.009159
2.009341
2.002806
2.010217
2.025537
1.991816
1.997435
2.000856
1.995415
1.976349
1.989787
1.996768
2.013145
2.029038
2.010423
2.001079
1.984059
1.973046
2.011422
2.009464
1.972357
1.956650
1.996176
1.995397
2.004974
2.008166
1.992155
1.996809
1.999080
1.987108
1.987879
1.993556
1.977699
1.991775
1.989785
1.981183
1.954274
1.972621
1.994076
1.992131
1.954979
1.973905
1.992391
1.995267
1.998781
2.036060
1.977964
1.973160
1.992108
2.000583
1.995764
1.992929
2.000700
1.984846
1.999241
2.004428
2.020218
2.017695
2.015766
2.014551
2.037806
2.048446
1.997332
1.999304
1.964715
1.984920
1.991830
1.986532
1.983555
1.988406
1.996928
2.009784
2.004345
2.003600
2.003212
1.999671
2.031162
2.025462
2.000574
1.983790
1.999180
2.023445
2.002315
1.990436
1.982125
1.992530
1.992992
1.997105
2.020539
2.010391
2.004942
2.012503
2.015431
1.962442
2.000558
1.987644
1.983378
2.013184
1.991189
1.988214
1.995144
1.989574
1.999142
2.007662
2.006932
1.989795
1.997835
1.995487
2.007866
1.991540
2.014496
2.025491
2.024274
1.992209
2.024325
2.018319
2.048662
2.040151
2.003830
1.989893
1.981591
1.989030
2.011607
2.007970
2.003316
2.015429
2.010043
2.007975
2.011745
2.014924
1.996832
1.993728
1.988590
2.006277
2.003878
2.007754
2.034003
2.023608
1.991428
1.985127
2.009643
2.001949
1.989247
1.991117
1.957672
1.956172
1.997545
1.984169
2.018937
2.017167
1.992004
1.992225
1.996968
1.972101
1.995508
1.998471
2.018663
2.017991
2.012776
2.008474
1.994163
1.988581
2.003182
1.999840
2.020216
2.042761
1.993841
1.986288
1.952572
1.951777
1.991554
1.982257
1.978798
2.031966
2.004702
2.004337
2.031478
1.992009
2.010057
2.020331
2.006614
1.997069
2.010543
2.004555
2.013084
1.980892
1.989881
1.999856
1.982346
1.987333
1.995923
1.984744
1.960615
1.992956
1.998859
2.003969
1.985036
2.004918
2.003124
2.005776
2.012833
2.020717
2.010795
2.006518
1.997221
1.984569
2.004648
2.011378
2.025741
1.998840
2.012906
2.029881
2.029890
2.040732
2.006749
2.014985
2.034567
2.034686
1.999005
2.017335
2.032184
2.019886
2.002985
2.009081
2.017754
2.016417
2.003281
2.012448
1.967527
1.970214
1.983082
1.975601
2.002579
2.022853
2.002077
2.005179
2.016964
2.005125
2.010246
2.017196
2.012928
1.993008
1.990679
1.997713
1.996272
1.999370
2.003704
2.006243
2.012094
2.025231
1.999579
2.002174
1.984710
1.996996
1.993884
1.996306
1.989672
1.994613
2.013484
2.013480
2.013791
2.011731
1.990452
1.999081
1.993586
1.989403
1.993534
2.000749
2.010028
2.017559
2.000069
2.017042
2.031287
2.038489
1.993868
1.991870
2.008235
1.986745
1.997149
1.990431
1.978457
1.961946
2.006141
2.003159
1.999138
1.997063
2.003951
1.999945
2.009555
1.997449
2.012095
2.013275
2.020909
1.970220
2.009396
2.025621
2.034967
2.023089
2.001779
2.001268
2.003410
2.021153
2.005741
2.006728
2.040661
2.037419
2.002768
1.998268
1.987885
1.995621
1.993394
2.003116
2.036207
2.033220
1.997490
1.996547
2.011677
2.009617
1.999861
1.996759
1.989412
1.983873
1.992849
1.985465
2.001932
2.027819
2.000635
1.998433
2.009562
2.016886
2.008808
1.995333
2.003493
2.012926
2.007244
2.008302
2.011520
1.989541
2.007298
2.003623
1.989237
2.009812
2.005520
1.998839
1.995601
1.995425
1.987353
1.968808
1.944312
1.961796
2.020778
2.021490
2.025099
2.011521
1.990756
1.990373
1.961972
1.975617
2.006379
1.994292
2.005202
2.015563
1.986270
1.979868
1.968665
1.965919
2.009776
2.028903
2.030481
2.023172
1.997986
2.003517
1.970356
1.987486
1.999162
1.990473
1.990966
2.000552
2.008852
2.017773
2.047723
2.002102
2.016424
2.018880
2.008864
2.026123
2.007117
2.017760
2.034081
2.011609
1.990598
2.000891
2.011127
2.000159
2.005399
2.006968
2.004816
2.050591
2.015653
2.016051
2.041372
2.002178
1.997590
1.994654
1.966031
1.972355
1.998305
1.992589
1.983178
1.990150
1.996042
1.993756
1.958084
1.962917
1.994206
1.994620
1.992870
1.990157
1.993628
1.982688
1.974058
1.985941
2.000534
1.992432
1.982340
1.968341
1.996230
1.993872
1.999896
2.011594
2.018593
2.014416
2.006599
2.017249
1.996291
2.000051
2.000949
2.000218
1.997480
2.002066
1.999612
2.005334
2.010592
2.010926
2.011026
1.980150
1.993110
2.012851
2.031532
1.984469
2.003663
2.011887
2.001494
1.984327
2.004346
2.013219
2.031948
2.030005
1.992759
1.995948
2.010109
1.993487
2.005392
2.005036
2.003342
1.994371
1.992103
1.991149
2.035127
1.964959
1.999849
1.993279
1.987076
1.977022
1.996607
1.983587
1.965048
1.990339
2.012860
2.015637
2.060273
2.042675
1.996596
1.985059
2.001084
1.982032
2.000200
2.012804
2.005432
1.997913
2.002098
2.000063
2.010030
2.010061
1.997742
2.000098
2.017008
2.014822
1.995630
2.006515
1.996109
2.003535
2.013671
2.010425
1.977249
1.999375
2.003502
2.004809
2.006276
2.010877
2.002484
2.001835
1.971098
2.005121
1.978644
1.973127
1.997761
2.014531
2.002413
1.989570
1.988782
2.006262
2.004607
1.994428
1.988368
1.987916
1.999754
1.995371
1.962394
1.955417
1.989922
1.989712
1.978758
2.001975
1.992231
1.991698
1.975622
1.995297
1.995443
1.981258
1.964643
1.997175
1.997361
2.003676
1.992539
2.010684
2.000526
1.988305
1.988680
1.976357
1.993264
1.999456
2.002810
1.993967
2.009438
2.016424
2.052379
2.027259
1.981491
1.977257
1.952819
1.963414
2.002742
2.007705
1.977790
1.990960
1.982726
1.971217
1.936052
1.951796
1.996722
2.000473
2.007407
1.995868
1.981027
1.987652
1.970834
1.961028
1.982622
1.982045
1.963415
1.967816
1.994132
1.995438
2.012509
2.025899
1.998703
2.004277
1.993385
1.985488
2.004404
2.006226
2.021685
1.983642
2.005380
2.005911
2.035761
2.008512
2.011067
2.000839
2.017506
2.022402
2.000181
2.001158
2.031439
2.036771
1.997453
1.986148
1.972046
1.960992
1.996730
1.983654
1.967918
1.969019
1.992801
2.001424
2.008463
1.990503
1.995762
2.016051
2.038231
2.025161
2.008932
2.002252
2.001026
2.008014
1.990758
1.993096
2.014520
2.018523
2.008984
2.004040
1.976220
1.955356
1.986093
1.993960
2.002692
1.981117
1.979388
1.975348
1.952598
1.970551
1.991550
1.990338
1.997934
2.003429
2.003677
2.005934
2.010589
2.003577
2.008387
1.999567
1.998248
2.011821
1.991102
2.006253
2.017824
2.018586
1.997625
2.011932
2.006253
2.001450
2.007739
2.004610
1.999111
1.997920
1.973361
1.965691
1.960663
1.954073
1.985462
1.982587
1.993493
2.000014
1.998506
1.992555
1.989000
1.977990
2.002765
1.999688
1.999940
2.017496
1.991614
2.007252
2.030381
2.021331
1.994364
2.000970
2.007660
2.019769
1.989640
1.994811
1.993642
1.965687
1.996803
1.995252
1.993867
2.021664
1.999478
2.010257
2.027681
2.009596
1.997863
1.990475
1.980309
1.974750
2.000003
1.995957
1.975977
1.965239
2.004943
1.998794
1.950988
1.992519
2.002575
1.998194
1.985229
1.970531
2.000364
2.018819
2.029241
2.022873
2.011522
2.022281
2.046490
2.040461
1.997482
2.003575
2.007889
2.000184
1.988754
2.002817
2.024257
2.004731
1.981612
1.972586
1.985495
1.983141
1.996122
2.000086
2.002437
1.975541
1.990866
1.992931
1.987768
1.975370
1.998307
1.993606
2.016053
2.025917
2.005325
2.002400
1.997635
1.971564
2.014328
2.015129
2.010099
1.975217
2.005566
2.010144
2.010895
2.014584
2.005072
2.022560
2.015544
2.003506
2.012175
2.009721
2.024621
1.993056
1.981126
1.987694
1.980905
1.984286
2.004396
2.002845
1.999152
1.997858
1.993157
1.995619
1.986810
2.003950
2.001426
2.005968
2.031603
2.006762
1.991149
1.987696
1.951913
1.985587
1.999508
1.996408
2.000015
2.005817
2.009268
2.014857
2.041246
2.040208
1.997959
2.008067
2.026895
2.013264
2.001546
1.987200
1.945264
1.954641
1.999707
2.012045
2.021019
2.015888
2.002585
2.008581
2.016076
2.019154
2.013307
2.011125
2.016084
2.031746
2.002902
2.005215
2.024081
2.029300
2.010274
2.003881
1.999656
2.032979
1.992141
1.987152
1.955235
1.951478
1.995204
2.005249
2.006330
2.032891
2.004632
2.005901
2.011485
2.014647
1.985791
1.993788
1.981827
1.973656
2.001311
2.014120
2.001916
2.005502
2.012218
2.024117
2.028304
2.030654
1.987497
1.996226
2.004975
2.023256
1.992479
1.990155
1.997222
2.010790
2.014248
2.015691
2.015901
1.986526
1.994093
1.993014
1.976171
1.973411
1.988446
1.983480
1.946901
1.968811
1.992303
1.992934
1.990614
1.972567
1.997260
1.998676
1.967650
1.997758
2.000090
1.991731
2.008519
1.997049
2.014359
2.006718
1.997405
2.018607
2.001215
2.012871
2.019717
2.033126
2.005190
2.012092
2.005146
1.990079
2.001126
1.995353
1.980211
2.019288
1.994641
1.978746
1.988443
2.008358
1.997875
1.995763
1.978724
1.978032
1.999089
1.986500
1.998142
1.999543
1.995233
1.986199
1.969224
1.992663
1.992009
1.997288
2.018704
2.018418
1.979267
1.983995
1.973480
2.000832
1.990956
1.998783
2.015243
1.996838
2.001216
1.998994
2.014269
2.006039
1.989368
1.993934
1.984949
1.999832
2.003287
1.997819
1.969006
1.970200
1.998738
1.984256
1.983153
1.980653
1.987513
1.979684
1.978328
1.982426
2.004046
2.019332
1.994096
1.991424
2.011658
2.013801
2.012029
1.991066
1.997931
2.010398
2.021398
2.001853
2.007929
2.019417
2.004988
2.021591
2.000272
1.990219
1.959199
1.983546
2.004790
1.997193
1.992142
1.988233
2.014235
2.015759
2.028705
2.036752
2.009588
2.004656
1.974304
1.965477
2.001026
1.997539
1.985038
1.973968
2.008211
2.001335
1.992838
2.005727
1.993858
2.003522
1.996531
2.015236
1.983937
1.989443
1.971053
1.975875
2.008370
2.014803
2.024613
2.034622
1.997510
1.998346
1.981269
1.988894
1.998870
1.999600
2.025316
1.999426
2.007979
2.008250
2.004627
1.992571
2.018229
2.026140
2.019103
2.021406
1.997985
2.000001
2.006206
1.999815
2.000581
2.003350
1.993588
1.983182
2.010405
2.019106
2.029062
2.011501
2.014421
2.017698
2.027782
2.017156
1.999539
2.010441
2.020674
1.988185
1.996829
2.004388
2.032446
1.991696
1.990740
1.978213
1.972690
1.976072
1.994564
1.995446
1.989097
1.996976
1.993506
2.005907
2.005105
1.998842
2.002571
2.001460
2.011902
1.992168
1.998873
2.019276
2.015332
2.002940
2.013809
2.004011
1.992997
1.996209
1.987764
1.984058
2.018329
2.017271
1.985416
2.006119
2.030260
2.004153
1.996833
2.005273
1.991003
2.017825
2.017581
2.014229
2.043690
2.032106
1.991953
1.997104
1.993149
2.007396
1.985939
1.982451
1.985519
2.001474
2.002687
2.006734
2.003424
2.014293
2.005056
2.009866
2.001861
2.002969
1.993498
1.996635
2.020254
2.027411
2.004925
2.007968
2.000900
2.021905
1.992918
1.987811
1.985470
1.994347
2.007452
1.997033
1.997381
2.013619
1.976442
1.991827
1.957119
1.971851
2.004624
2.015035
2.010438
2.033227
1.995415
1.997949
1.987226
2.006072
2.006145
2.020775
2.029866
2.011619
2.000581
2.005391
2.026074
2.004789
1.997696
1.985708
1.984664
2.003471
2.016333
2.014264
2.047973
2.059696
2.002132
2.001429
2.004233
2.006101
2.008270
2.008298
2.017135
2.019287
1.998970
2.005743
2.044443
2.025912
2.005069
2.011176
2.009097
1.999494
2.010118
2.004555
2.008744
2.002881
1.997388
1.987785
2.015647
2.028633
1.995078
1.996956
1.970733
1.974525
2.000554
1.996750
2.005199
2.004541
1.996708
1.999473
2.003794
2.013451
1.991645
2.000200
2.010115
2.013242
2.006692
2.005752
1.995327
1.979982
1.995714
2.002303
1.975373
1.974642
1.993127
1.986786
2.005134
1.998134
1.999932
1.988215
1.974641
2.001294
1.992760
1.989029
2.024958
2.026194
2.006487
2.008651
2.002885
1.996492
2.016834
2.021402
1.994243
1.989644
2.000364
2.003884
2.002940
2.003998
1.996581
2.007088
2.001110
2.005915
1.998359
1.980481
2.013091
2.013027
2.007091
2.009231
2.017899
1.998900
1.988872
1.977132
1.983887
1.976850
2.011247
2.005908
2.007114
2.010451
2.011322
2.008402
2.037751
2.030657
1.982754
1.983096
1.981038
1.987262
1.995460
1.987133
1.994390
2.009036
2.022676
2.015017
2.008255
2.002869
2.004542
2.014651
2.001721
1.992479
2.009039
2.014733
1.997361
1.993832
2.005578
2.005213
2.018456
2.001426
1.993167
1.998427
1.994543
2.009343
1.990917
1.978784
1.989439
1.984253
1.991195
1.989881
1.994816
1.993051
2.008549
2.021884
2.037872
2.047005
1.997393
2.009621
2.023878
2.006493
1.984524
1.996245
2.001907
1.985796
1.990962
1.998355
1.977234
1.996465
1.991315
1.989371
1.997208
2.008026
1.997103
2.000434
1.986099
2.004442
1.997477
1.993517
2.008753
1.991446
1.995958
1.983992
2.017653
2.012002
2.020969
2.030401
2.037520
2.034441
1.991518
2.004287
2.016773
2.055909
2.000161
1.982786
1.967159
1.972223
2.012026
2.004834
2.017182
2.027266
2.002666
2.004967
1.986519
2.000733
1.992370
1.981300
1.951706
1.990375
2.004125
2.012648
2.020369
2.009663
2.003543
2.008729
1.973791
1.964819
2.025949
2.029578
2.031392
2.009695
1.986213
1.986242
1.997005
1.986888
2.006807
2.021670
2.011081
2.022712
2.002300
2.003003
2.003215
1.992519
1.996527
2.003096
1.955989
1.968760
2.015241
2.011976
2.015698
2.020439
1.999862
1.999039
1.998236
1.958457
2.002007
2.003816
2.024720
1.996941
1.994748
1.996734
1.976592
1.985009
1.991739
2.006311
1.997728
2.020817
2.001653
1.997626
2.018056
2.023124
