2.012167
1.998329
2.007842
2.001347
1.991119
1.975044
1.957123
1.987694
1.996816
2.001756
2.020226
1.979778
1.994367
1.987106
2.011371
2.025374
1.990471
2.007015
2.002881
2.000345
1.986918
2.002370
2.021506
2.011967
2.020557
2.013918
2.038777
2.022728
1.999038
1.984973
1.990588
2.012994
1.997479
2.005248
2.020691
1.990175
1.995368
1.990476
2.014379
2.032998
1.991866
2.006087
2.001506
1.993596
1.986918
2.002276
2.023955
2.017454
2.012167
1.998329
2.007842
2.001347
1.991119
1.975044
1.957123
1.987694
1.996816
2.001756
2.020226
1.979778
1.994367
1.987106
2.011371
2.025374
1.990471
2.007015
2.002881
2.000345
1.986918
2.002370
2.021506
2.011967
2.020557
2.013918
2.038777
2.022728
1.999038
1.984973
1.990588
2.012994
1.997479
2.005248
2.020691
1.990175
1.995368
1.990476
2.014379
2.032998
1.991866
2.006087
2.001506
1.993596
1.986918
2.002276
2.023955
2.017454
2.012167
1.998329
2.007842
2.001347
1.991119
1.975044
1.957123
1.987694
1.996816
2.001756
2.020226
1.979778
1.994367
1.987106
2.011371
2.025374
1.990471
2.007015
2.002881
2.000345
1.986918
2.002370
2.021506
2.011967
2.020557
2.013918
2.038777
2.022728
1.999038
1.984973
1.990588
2.012994
1.997479
2.005248
2.020691
1.990175
1.995368
1.990476
2.014379
2.032998
1.991866
2.006087
2.001506
1.993596
1.986918
2.002276
2.023955
2.017454
2.012167
1.998329
2.007842
2.001347
1.991119
1.975044
1.957123
1.987694
1.996816
2.001756
2.020226
1.979778
1.994367
1.987106
2.011371
2.025374
1.990471
2.007015
2.002881
2.000345
1.986918
2.002370
2.021506
2.011967
2.020557
2.013918
2.038777
2.022728
1.999038
1.984973
1.990588
2.012994
1.997479
2.005248
2.020691
1.990175
1.995368
1.990476
2.014379
2.032998
1.991866
2.006087
2.001506
1.993596
1.986918
2.002276
2.023955
2.017454
2.012167
1.998329
2.007842
2.001347
1.991119
1.975044
1.957123
1.987694
1.996816
2.001756
2.020226
1.979778
1.994367
1.987106
2.011371
2.025374
1.990471
2.007015
2.002881
2.000345
1.986918
2.002370
2.021506
2.011967
2.020557
2.013918
2.038777
2.022728
1.999038
1.984973
1.990588
2.012994
1.997479
2.005248
2.020691
1.990175
1.995368
1.990476
2.014379
2.032998
1.991866
2.006087
2.001506
1.993596
1.986918
2.002276
2.023955
2.017454
2.012167
1.998329
2.007842
2.001347
1.991119
1.975044
1.957123
1.987694
1.996816
2.001756
2.020226
1.979778
1.994367
1.987106
2.011371
2.025374
1.990471
2.007015
2.002881
2.000345
1.986918
2.002370
2.021506
2.011967
2.020557
2.013918
2.038777
2.022728
1.999038
1.984973
1.990588
2.012994
1.997479
2.005248
2.020691
1.990175
1.995368
1.990476
2.014379
2.032998
1.991866
2.006087
2.001506
1.993596
1.986918
2.002276
2.023955
2.017454
2.012167
1.998329
2.007842
2.001347
1.991119
1.975044
1.957123
1.987694
1.996816
2.001756
2.020226
1.979778
1.994367
1.987106
2.011371
2.025374
1.990471
2.007015
2.002881
2.000345
1.986918
2.002370
2.021506
2.011967
2.020557
2.013918
2.038777
2.022728
1.999038
1.984973
1.990588
2.012994
1.997479
2.005248
2.020691
1.990175
1.995368
1.990476
2.014379
2.032998
1.991866
2.006087
2.001506
1.993596
1.986918
2.002276
2.023955
2.017454
2.012167
1.998329
2.007842
2.001347
1.991119
1.975044
1.957123
1.987694
1.996816
2.001756
2.020226
1.979778
1.994367
1.987106
2.011371
2.025374
1.990471
2.007015
2.002881
2.000345
1.986918
2.002370
2.021506
2.011967
2.020557
2.013918
2.038777
2.022728
1.999038
1.984973
1.990588
2.012994
1.997479
2.005248
2.020691
1.990175
1.995368
1.990476
2.014379
2.032998
1.991866
2.006087
2.001506
1.993596
1.986918
2.002276
2.023955
2.017454
2.012167
1.998329
2.007842
2.001347
1.991119
1.975044
1.957123
1.987694
1.996816
2.001756
2.020226
1.979778
1.994367
1.987106
2.011371
2.025374
1.990471
2.007015
2.002881
2.000345
1.986918
2.002370
2.021506
2.011967
2.020557
2.013918
2.038777
2.022728
1.999038
1.984973
1.990588
2.012994
1.997479
2.005248
2.020691
1.990175
1.995368
1.990476
2.014379
2.032998
1.991866
2.006087
2.001506
1.993596
1.986918
2.002276
2.023955
2.017454
2.012167
1.998329
2.007842
2.001347
1.991119
1.975044
1.957123
1.987694
1.996816
2.001756
2.020226
1.979778
1.994367
1.987106
2.011371
2.025374
1.990471
2.007015
2.002881
2.000345
1.986918
2.002370
2.021506
2.011967
2.020557
2.013918
2.038777
2.022728
1.999038
1.984973
1.990588
2.012994
1.997479
2.005248
2.020691
1.990175
1.995368
1.990476
2.014379
2.032998
1.991866
2.006087
2.001506
1.993596
1.986918
2.002276
2.023955
2.017454
2.012167
1.998329
2.007842
2.001347
1.991119
1.975044
1.957123
1.987694
1.996816
2.001756
2.020226
1.979778
1.994367
1.987106
2.011371
2.025374
1.990471
2.007015
2.002881
2.000345
1.986918
2.002370
2.021506
2.011967
2.020557
2.013918
2.038777
2.022728
1.999038
1.984973
1.990588
2.012994
1.997479
2.005248
2.020691
1.990175
1.995368
1.990476
2.014379
2.032998
1.991866
2.006087
2.001506
1.993596
1.986918
2.002276
2.023955
2.017454
2.012167
1.998329
2.007842
2.001347
1.991119
1.975044
1.957123
1.987694
1.996816
2.001756
2.020226
1.979778
1.994367
1.987106
2.011371
2.025374
1.990471
2.007015
2.002881
2.000345
1.986918
2.002370
2.021506
2.011967
2.020557
2.013918
2.038777
2.022728
1.999038
1.984973
1.990588
2.012994
1.997479
2.005248
2.020691
1.990175
1.995368
1.990476
2.014379
2.032998
1.991866
2.006087
2.001506
1.993596
1.986918
2.002276
2.023955
2.017454
2.012167
1.998329
2.007842
2.001347
1.991119
1.975044
1.957123
1.987694
1.996816
2.001756
2.020226
1.979778
1.994367
1.987106
2.011371
2.025374
1.990471
2.007015
2.002881
2.000345
1.986918
2.002370
2.021506
2.011967
2.020557
2.013918
2.038777
2.022728
1.999038
1.984973
1.990588
2.012994
1.997479
2.005248
2.020691
1.990175
1.995368
1.990476
2.014379
2.032998
1.991866
2.006087
2.001506
1.993596
1.986918
2.002276
2.023955
2.017454
2.012167
1.998329
2.007842
2.001347
1.991119
1.975044
1.957123
1.987694
1.996816
2.001756
2.020226
1.979778
1.994367
1.987106
2.011371
2.025374
1.990471
2.007015
2.002881
2.000345
1.986918
2.002370
2.021506
2.011967
2.020557
2.013918
2.038777
2.022728
1.999038
1.984973
1.990588
2.012994
1.997479
2.005248
2.020691
1.990175
1.995368
1.990476
2.014379
2.032998
1.991866
2.006087
2.001506
1.993596
1.986918
2.002276
2.023955
2.017454
2.012167
1.998329
2.007842
2.001347
1.991119
1.975044
1.957123
1.987694
1.996816
2.001756
2.020226
1.979778
1.994367
1.987106
2.011371
2.025374
1.990471
2.007015
2.002881
2.000345
1.986918
2.002370
2.021506
2.011967
2.020557
2.013918
2.038777
2.022728
1.999038
1.984973
1.990588
2.012994
1.997479
2.005248
2.020691
1.990175
1.995368
1.990476
2.014379
2.032998
1.991866
2.006087
2.001506
1.993596
1.986918
2.002276
2.023955
2.017454
2.012167
1.998329
2.007842
2.001347
1.991119
1.975044
1.957123
1.987694
1.996816
2.001756
2.020226
1.979778
1.994367
1.987106
2.011371
2.025374
1.990471
2.007015
2.002881
2.000345
1.986918
2.002370
2.021506
2.011967
2.020557
2.013918
2.038777
2.022728
1.999038
1.984973
1.990588
2.012994
1.997479
2.005248
2.020691
1.990175
1.995368
1.990476
2.014379
2.032998
1.991866
2.006087
2.001506
1.993596
1.986918
2.002276
2.023955
2.017454
2.012167
1.998329
2.007842
2.001347
1.991119
1.975044
1.957123
1.987694
1.996816
2.001756
2.020226
1.979778
1.994367
1.987106
2.011371
2.025374
1.990471
2.007015
2.002881
2.000345
1.986918
2.002370
2.021506
2.011967
2.020557
2.013918
2.038777
2.022728
1.999038
1.984973
1.990588
2.012994
1.997479
2.005248
2.020691
1.990175
1.995368
1.990476
2.014379
2.032998
1.991866
2.006087
2.001506
1.993596
1.986918
2.002276
2.023955
2.017454
2.012167
1.998329
2.007842
2.001347
1.991119
1.975044
1.957123
1.987694
1.996816
2.001756
2.020226
1.979778
1.994367
1.987106
2.011371
2.025374
1.990471
2.007015
2.002881
2.000345
1.986918
2.002370
2.021506
2.011967
2.020557
2.013918
2.038777
2.022728
1.999038
1.984973
1.990588
2.012994
1.997479
2.005248
2.020691
1.990175
1.995368
1.990476
2.014379
2.032998
1.991866
2.006087
2.001506
1.993596
1.986918
2.002276
2.023955
2.017454
2.012167
1.998329
2.007842
2.001347
1.991119
1.975044
1.957123
1.987694
1.996816
2.001756
2.020226
1.979778
1.994367
1.987106
2.011371
2.025374
1.990471
2.007015
2.002881
2.000345
1.986918
2.002370
2.021506
2.011967
2.020557
2.013918
2.038777
2.022728
1.999038
1.984973
1.990588
2.012994
1.997479
2.005248
2.020691
1.990175
1.995368
1.990476
2.014379
2.032998
1.991866
2.006087
2.001506
1.993596
1.986918
2.002276
2.023955
2.017454
2.012167
1.998329
2.007842
2.001347
1.991119
1.975044
1.957123
1.987694
1.996816
2.001756
2.020226
1.979778
1.994367
1.987106
2.011371
2.025374
1.990471
2.007015
2.002881
2.000345
1.986918
2.002370
2.021506
2.011967
2.020557
2.013918
2.038777
2.022728
1.999038
1.984973
1.990588
2.012994
1.997479
2.005248
2.020691
1.990175
1.995368
1.990476
2.014379
2.032998
1.991866
2.006087
2.001506
1.993596
1.986918
2.002276
2.023955
2.017454
2.012167
1.998329
2.007842
2.001347
1.991119
1.975044
1.957123
1.987694
1.996816
2.001756
2.020226
1.979778
1.994367
1.987106
2.011371
2.025374
1.990471
2.007015
2.002881
2.000345
1.986918
2.002370
2.021506
2.011967
2.020557
2.013918
2.038777
2.022728
1.999038
1.984973
1.990588
2.012994
1.997479
2.005248
2.020691
1.990175
1.995368
1.990476
2.014379
2.032998
1.991866
2.006087
2.001506
1.993596
1.986918
2.002276
2.023955
2.017454
2.012167
1.998329
2.007842
2.001347
1.991119
1.975044
1.957123
1.987694
1.996816
2.001756
2.020226
1.979778
1.994367
1.987106
2.011371
2.025374
1.990471
2.007015
2.002881
2.000345
1.986918
2.002370
2.021506
2.011967
2.020557
2.013918
2.038777
2.022728
1.999038
1.984973
1.990588
2.012994
1.997479
2.005248
2.020691
1.990175
1.995368
1.990476
2.014379
2.032998
1.991866
2.006087
2.001506
1.993596
1.986918
2.002276
2.023955
2.017454
2.012167
1.998329
2.007842
2.001347
1.991119
1.975044
1.957123
1.987694
1.996816
2.001756
2.020226
1.979778
1.994367
1.987106
2.011371
2.025374
1.990471
2.007015
2.002881
2.000345
1.986918
2.002370
2.021506
2.011967
2.020557
2.013918
2.038777
2.022728
1.999038
1.984973
1.990588
2.012994
1.997479
2.005248
2.020691
1.990175
1.995368
1.990476
2.014379
2.032998
1.991866
2.006087
2.001506
1.993596
1.986918
2.002276
2.023955
2.017454
2.012167
1.998329
2.007842
2.001347
1.991119
1.975044
1.957123
1.987694
1.996816
2.001756
2.020226
1.979778
1.994367
1.987106
2.011371
2.025374
1.990471
2.007015
2.002881
2.000345
1.986918
2.002370
2.021506
2.011967
2.020557
2.013918
2.038777
2.022728
1.999038
1.984973
1.990588
2.012994
1.997479
2.005248
2.020691
1.990175
1.995368
1.990476
2.014379
2.032998
1.991866
2.006087
2.001506
1.993596
1.986918
2.002276
2.023955
2.017454
2.012167
1.998329
2.007842
2.001347
1.991119
1.975044
1.957123
1.987694
1.996816
2.001756
2.020226
1.979778
1.994367
1.987106
2.011371
2.025374
1.990471
2.007015
2.002881
2.000345
1.986918
2.002370
2.021506
2.011967
2.020557
2.013918
2.038777
2.022728
1.999038
1.984973
1.990588
2.012994
1.997479
2.005248
2.020691
1.990175
1.995368
1.990476
2.014379
2.032998
1.991866
2.006087
2.001506
1.993596
1.986918
2.002276
2.023955
2.017454
2.012167
1.998329
2.007842
2.001347
1.991119
1.975044
1.957123
1.987694
1.996816
2.001756
2.020226
1.979778
1.994367
1.987106
2.011371
2.025374
1.990471
2.007015
2.002881
2.000345
1.986918
2.002370
2.021506
2.011967
2.020557
2.013918
2.038777
2.022728
1.999038
1.984973
1.990588
2.012994
1.997479
2.005248
2.020691
1.990175
1.995368
1.990476
2.014379
2.032998
1.991866
2.006087
2.001506
1.993596
1.986918
2.002276
2.023955
2.017454
2.012167
1.998329
2.007842
2.001347
1.991119
1.975044
1.957123
1.987694
1.996816
2.001756
2.020226
1.979778
1.994367
1.987106
2.011371
2.025374
1.990471
2.007015
2.002881
2.000345
1.986918
2.002370
2.021506
2.011967
2.020557
2.013918
2.038777
2.022728
1.999038
1.984973
1.990588
2.012994
1.997479
2.005248
2.020691
1.990175
1.995368
1.990476
2.014379
2.032998
1.991866
2.006087
2.001506
1.993596
1.986918
2.002276
2.023955
2.017454
2.012167
1.998329
2.007842
2.001347
1.991119
1.975044
1.957123
1.987694
1.996816
2.001756
2.020226
1.979778
1.994367
1.987106
2.011371
2.025374
1.990471
2.007015
2.002881
2.000345
1.986918
2.002370
2.021506
2.011967
2.020557
2.013918
2.038777
2.022728
1.999038
1.984973
1.990588
2.012994
1.997479
2.005248
2.020691
1.990175
1.995368
1.990476
2.014379
2.032998
1.991866
2.006087
2.001506
1.993596
1.986918
2.002276
2.023955
2.017454
2.012167
1.998329
2.007842
2.001347
1.991119
1.975044
1.957123
1.987694
1.996816
2.001756
2.020226
1.979778
1.994367
1.987106
2.011371
2.025374
1.990471
2.007015
2.002881
2.000345
1.986918
2.002370
2.021506
2.011967
2.020557
2.013918
2.038777
2.022728
1.999038
1.984973
1.990588
2.012994
1.997479
2.005248
2.020691
1.990175
1.995368
1.990476
2.014379
2.032998
1.991866
2.006087
2.001506
1.993596
1.986918
2.002276
2.023955
2.017454
2.012167
1.998329
2.007842
2.001347
1.991119
1.975044
1.957123
1.987694
1.996816
2.001756
2.020226
1.979778
1.994367
1.987106
2.011371
2.025374
1.990471
2.007015
2.002881
2.000345
1.986918
2.002370
2.021506
2.011967
2.020557
2.013918
2.038777
2.022728
1.999038
1.984973
1.990588
2.012994
1.997479
2.005248
2.020691
1.990175
1.995368
1.990476
2.014379
2.032998
1.991866
2.006087
2.001506
1.993596
1.986918
2.002276
2.023955
2.017454
2.012167
1.998329
2.007842
2.001347
1.991119
1.975044
1.957123
1.987694
1.996816
2.001756
2.020226
1.979778
1.994367
1.987106
2.011371
2.025374
1.990471
2.007015
2.002881
2.000345
1.986918
2.002370
2.021506
2.011967
2.020557
2.013918
2.038777
2.022728
1.999038
1.984973
1.990588
2.012994
1.997479
2.005248
2.020691
1.990175
1.995368
1.990476
2.014379
2.032998
1.991866
2.006087
2.001506
1.993596
1.986918
2.002276
2.023955
2.017454
2.012167
1.998329
2.007842
2.001347
1.991119
1.975044
1.957123
1.987694
1.996816
2.001756
2.020226
1.979778
1.994367
1.987106
2.011371
2.025374
1.990471
2.007015
2.002881
2.000345
1.986918
2.002370
2.021506
2.011967
2.020557
2.013918
2.038777
2.022728
1.999038
1.984973
1.990588
2.012994
1.997479
2.005248
2.020691
1.990175
1.995368
1.990476
2.014379
2.032998
1.991866
2.006087
2.001506
1.993596
1.986918
2.002276
2.023955
2.017454
2.012167
1.998329
2.007842
2.001347
1.991119
1.975044
1.957123
1.987694
1.996816
2.001756
2.020226
1.979778
1.994367
1.987106
2.011371
2.025374
1.990471
2.007015
2.002881
2.000345
1.986918
2.002370
2.021506
2.011967
2.020557
2.013918
2.038777
2.022728
1.999038
1.984973
1.990588
2.012994
1.997479
2.005248
2.020691
1.990175
1.995368
1.990476
2.014379
2.032998
1.991866
2.006087
2.001506
1.993596
1.986918
2.002276
2.023955
2.017454
2.012167
1.998329
2.007842
2.001347
1.991119
1.975044
1.957123
1.987694
1.996816
2.001756
2.020226
1.979778
1.994367
1.987106
2.011371
2.025374
1.990471
2.007015
2.002881
2.000345
1.986918
2.002370
2.021506
2.011967
2.020557
2.013918
2.038777
2.022728
1.999038
1.984973
1.990588
2.012994
1.997479
2.005248
2.020691
1.990175
1.995368
1.990476
2.014379
2.032998
1.991866
2.006087
2.001506
1.993596
1.986918
2.002276
2.023955
2.017454
2.012167
1.998329
2.007842
2.001347
1.991119
1.975044
1.957123
1.987694
1.996816
2.001756
2.020226
1.979778
1.994367
1.987106
2.011371
2.025374
1.990471
2.007015
2.002881
2.000345
1.986918
2.002370
2.021506
2.011967
2.020557
2.013918
2.038777
2.022728
1.999038
1.984973
1.990588
2.012994
1.997479
2.005248
2.020691
1.990175
1.995368
1.990476
2.014379
2.032998
1.991866
2.006087
2.001506
1.993596
1.986918
2.002276
2.023955
2.017454
2.012167
1.998329
2.007842
2.001347
1.991119
1.975044
1.957123
1.987694
1.996816
2.001756
2.020226
1.979778
1.994367
1.987106
2.011371
2.025374
1.990471
2.007015
2.002881
2.000345
1.986918
2.002370
2.021506
2.011967
2.020557
2.013918
2.038777
2.022728
1.999038
1.984973
1.990588
2.012994
1.997479
2.005248
2.020691
1.990175
1.995368
1.990476
2.014379
2.032998
1.991866
2.006087
2.001506
1.993596
1.986918
2.002276
2.023955
2.017454
2.012167
1.998329
2.007842
2.001347
1.991119
1.975044
1.957123
1.987694
1.996816
2.001756
2.020226
1.979778
1.994367
1.987106
2.011371
2.025374
1.990471
2.007015
2.002881
2.000345
1.986918
2.002370
2.021506
2.011967
2.020557
2.013918
2.038777
2.022728
1.999038
1.984973
1.990588
2.012994
1.997479
2.005248
2.020691
1.990175
1.995368
1.990476
2.014379
2.032998
1.991866
2.006087
2.001506
1.993596
1.986918
2.002276
2.023955
2.017454
2.012167
1.998329
2.007842
2.001347
1.991119
1.975044
1.957123
1.987694
1.996816
2.001756
2.020226
1.979778
1.994367
1.987106
2.011371
2.025374
1.990471
2.007015
2.002881
2.000345
1.986918
2.002370
2.021506
2.011967
2.020557
2.013918
2.038777
2.022728
1.999038
1.984973
1.990588
2.012994
1.997479
2.005248
2.020691
1.990175
1.995368
1.990476
2.014379
2.032998
1.991866
2.006087
2.001506
1.993596
1.986918
2.002276
2.023955
2.017454
2.012167
1.998329
2.007842
2.001347
1.991119
1.975044
1.957123
1.987694
1.996816
2.001756
2.020226
1.979778
1.994367
1.987106
2.011371
2.025374
1.990471
2.007015
2.002881
2.000345
1.986918
2.002370
2.021506
2.011967
2.020557
2.013918
2.038777
2.022728
1.999038
1.984973
1.990588
2.012994
1.997479
2.005248
2.020691
1.990175
1.995368
1.990476
2.014379
2.032998
1.991866
2.006087
2.001506
1.993596
1.986918
2.002276
2.023955
2.017454
2.012167
1.998329
2.007842
2.001347
1.991119
1.975044
1.957123
1.987694
1.996816
2.001756
2.020226
1.979778
1.994367
1.987106
2.011371
2.025374
1.990471
2.007015
2.002881
2.000345
1.986918
2.002370
2.021506
2.011967
2.020557
2.013918
2.038777
2.022728
1.999038
1.984973
1.990588
2.012994
1.997479
2.005248
2.020691
1.990175
1.995368
1.990476
2.014379
2.032998
1.991866
2.006087
2.001506
1.993596
1.986918
2.002276
2.023955
2.017454
