2.003548
2.008141
2.018673
1.996307
1.974152
1.965406
1.960578
1.990770
2.004448
2.006785
1.999576
1.981005
2.006841
1.999143
1.985991
1.995715
1.986456
1.997030
2.009403
2.011840
2.000796
2.001777
2.018478
2.009083
1.999723
2.011396
2.015402
2.017543
1.996694
1.987279
1.993603
1.989823
1.997547
1.995997
2.016550
2.005375
1.992683
1.978338
1.974449
1.995195
1.988803
1.989904
1.987276
2.007202
2.004786
2.003038
2.025229
2.013624
2.004565
1.996195
1.983577
1.982438
1.988637
1.992843
1.959042
1.994818
2.008694
2.022212
2.043936
2.038291
1.978274
1.995989
2.005355
1.983315
2.005860
2.012348
2.024218
2.008195
2.000410
2.002196
2.003745
2.000367
1.991791
1.998631
2.016709
2.026208
1.989571
1.990579
1.990796
1.996743
1.997036
1.989722
2.025203
2.011874
1.983039
1.975419
2.006281
2.003495
1.992399
2.004745
2.005107
1.986739
1.995523
2.014446
2.026958
1.990606
2.003621
2.012160
2.007879
2.023881
2.004169
2.013284
1.995071
2.000695
1.989026
1.981786
1.992654
1.998186
2.003964
1.995544
2.007190
2.003790
2.000163
1.994634
2.001496
1.982811
2.007085
2.023242
2.004115
1.982099
1.988008
1.986083
1.995981
1.985565
1.991780
1.992883
2.019284
2.021020
2.002873
2.005110
2.002328
1.996520
1.990376
1.978522
1.981722
1.967992
1.994933
2.004125
2.022434
2.023145
1.996112
1.996419
1.992535
1.956924
2.000457
1.998805
1.967674
1.996430
2.003623
2.004801
2.025521
2.005194
1.998794
2.018507
2.005174
1.996716
1.990300
1.988317
2.000265
2.008321
2.007793
2.000690
2.007422
1.994044
2.021692
2.013094
2.032334
2.032840
2.007387
2.009502
2.019924
2.011915
2.002066
2.022065
2.009903
2.024076
2.000882
2.019318
2.020862
2.017319
1.985345
1.992190
1.995402
1.971199
1.998669
1.995059
2.014236
2.008993
2.015907
2.028450
2.042126
2.048985
2.000800
2.002311
1.981365
2.015121
1.996170
2.001691
2.010813
2.016039
1.987076
1.991345
1.985978
2.014876
2.014597
2.018785
2.024234
1.998651
2.013742
2.008783
2.042231
1.993485
1.977906
1.975549
1.992769
1.992949
1.983612
1.980279
1.982792
1.974324
2.025233
2.023180
2.013175
2.003063
1.983740
1.978665
1.991718
1.988900
2.003077
2.005449
1.990830
1.947273
2.005568
2.010834
2.015594
2.005104
2.002906
2.008211
2.016427
2.022529
1.988261
1.993518
1.998380
1.970879
1.984619
1.992177
2.010243
2.013546
2.003771
1.999239
2.008617
2.002693
1.986128
1.995788
2.000691
2.017991
1.987533
1.987931
2.001353
2.016997
2.001567
1.993671
1.992421
1.982165
1.999163
1.994739
2.035742
2.023447
1.990460
1.990351
1.969871
1.970921
2.008877
2.006700
1.999071
1.990386
1.992605
2.001847
2.006792
1.972193
2.005528
2.006381
2.000763
2.004810
1.993967
1.996013
1.973155
1.963763
1.994019
1.981205
1.965319
2.005021
2.002286
2.014798
2.015543
2.035417
1.999342
2.006122
2.016768
2.002612
1.993999
1.997907
1.999660
1.988401
2.003991
2.004124
1.985738
1.980365
1.988794
2.006198
2.013782
2.012110
2.016557
2.027434
2.019829
1.998584
2.001818
2.003687
2.023633
2.001776
1.999933
2.002489
1.992037
1.976769
2.006633
2.001230
2.013978
2.023881
1.988502
1.983238
1.958579
1.963401
1.990395
2.005818
1.985967
2.015522
1.991300
1.987277
2.020010
2.035793
2.000657
2.001486
2.008613
1.953851
1.995634
1.993413
1.983656
1.993591
1.995025
2.005417
2.029014
2.020559
2.011893
2.018447
2.018509
1.998887
1.991668
1.988314
1.983070
1.971215
2.010632
2.001843
2.013248
1.972827
2.016086
2.007017
1.983609
1.970952
1.982015
1.974666
1.963900
1.962709
2.012050
2.015792
1.993338
1.970450
1.999810
2.016805
2.011357
2.009256
1.994580
2.009998
2.029742
1.977771
1.999799
1.997680
2.001055
1.999774
2.011944
2.015501
2.025504
2.031961
1.979251
1.983309
1.983929
2.011842
2.007826
2.011003
1.992432
1.976550
1.993786
1.978468
1.993444
1.989003
2.007625
2.024425
2.052359
2.024674
1.996687
1.987033
1.980444
1.991194
1.992461
1.991742
2.000957
2.030949
2.000694
1.996309
2.016573
1.977965
2.003477
2.012995
2.039328
2.020243
2.000300
2.014310
2.004868
1.988983
1.996869
2.009345
2.020554
1.996139
2.016668
2.005787
2.032037
2.010446
1.993148
1.997951
1.989843
2.003397
2.006047
1.995191
1.988231
1.979341
2.002772
1.991722
1.960573
1.966714
1.986242
1.985640
1.967710
1.972527
2.011116
1.999460
1.988178
1.996749
1.997776
1.993249
2.001611
1.989337
1.986343
1.980765
1.996132
2.013705
2.022983
2.026012
2.031443
2.018914
1.992137
1.988709
1.992627
1.995744
1.996657
2.007568
1.986104
2.000136
1.983600
1.989229
1.981532
1.959695
2.018589
2.009745
2.024862
1.976406
2.001154
2.009935
1.999830
2.004474
1.992714
2.005596
2.033860
2.043400
2.005042
2.015334
2.022764
2.004745
2.003683
1.996888
1.978323
1.981235
1.983282
1.979358
1.953132
1.947850
1.989290
1.971946
1.964151
1.957187
1.990620
1.989752
2.008113
2.011381
2.003278
2.010791
2.012079
1.991923
1.998549
1.994703
2.002826
2.005271
2.005532
2.006679
2.039730
2.010270
1.982582
2.000617
2.021990
2.016552
2.007306
2.011852
2.011262
1.998842
2.002437
2.007865
2.015912
2.021544
2.007042
2.000697
2.018849
2.009450
2.007385
2.005539
1.976255
1.979568
1.986667
1.981702
1.925780
1.952173
1.986837
1.977344
1.954857
1.950735
1.998945
1.980649
1.962757
1.981662
2.017842
2.020549
2.038616
2.011729
1.998985
1.995359
1.992847
1.988134
1.991379
1.997466
1.995371
1.998721
2.000446
2.002009
2.008891
2.012831
1.993328
1.989580
1.997955
2.006216
2.004650
1.994749
2.002757
2.013885
2.005381
1.983091
1.968315
1.988630
1.995549
1.988680
1.955554
1.965591
2.021628
2.010081
2.026316
2.016768
1.981221
1.987520
1.992115
1.982107
1.998494
2.004584
1.980667
2.011010
1.987621
1.997756
2.029596
2.016692
1.983465
1.980875
1.967916
1.988636
1.994822
1.988417
1.990053
1.997872
2.002060
2.004979
2.000515
1.989221
1.999446
2.003816
2.008517
2.010294
2.000502
2.007693
2.009029
2.018673
2.013073
2.004739
2.014769
2.011087
1.996241
1.994128
2.001415
2.027576
2.011933
2.014322
2.021013
2.002026
2.007318
2.012261
2.022524
1.992720
2.009975
2.003412
2.014002
1.970884
1.994238
2.000264
2.015879
2.021632
1.996215
2.000454
2.030854
2.006176
1.993628
1.992800
1.984634
2.004222
1.987338
1.986060
1.970424
1.978117
2.007340
2.015834
2.014929
2.016491
1.993972
1.999606
1.978476
2.007759
2.011594
2.016258
2.043895
2.050091
1.988082
2.004908
1.990682
2.020161
1.975471
1.975757
1.989790
1.977221
1.989936
1.995730
2.002942
2.010594
1.994284
2.003184
2.025246
2.027647
1.998217
2.006053
2.017823
1.991897
1.999363
1.995880
2.011749
1.984747
2.007395
2.010741
1.994809
2.001554
1.997649
2.000036
1.976264
1.972654
1.995588
1.986282
2.002467
1.992781
2.008494
2.011788
2.002598
2.002831
1.993939
1.987101
1.977824
1.994553
2.005774
2.022277
2.038317
1.995662
1.999436
2.007491
1.988223
1.994860
2.009899
2.016979
1.987306
2.013890
2.005081
1.995162
2.008826
1.988140
1.978381
1.983873
1.995145
1.993312
2.005832
2.002058
1.980076
2.000935
1.984705
1.984623
1.987622
1.989663
2.011136
2.017277
2.038873
2.034136
1.991739
1.987930
1.987101
1.993238
1.982451
1.979989
1.951627
1.986667
1.977228
1.981007
2.000570
2.010016
1.989616
1.985961
1.995056
2.006825
2.005341
1.997600
1.984168
1.997893
1.992041
1.988591
1.989365
1.988896
2.005164
2.004642
1.987349
1.991823
2.001009
2.006557
1.995591
2.010196
1.999124
2.000023
2.006449
1.997291
2.018000
2.033961
2.043700
2.027684
2.011783
2.020606
2.016324
2.012548
2.007033
2.002506
1.991896
1.996920
2.000955
1.999727
1.997898
2.002262
1.995066
2.001217
2.005267
2.001045
1.995921
1.997818
1.983598
1.991839
1.996261
1.998193
1.996888
1.979058
1.997286
1.985516
1.930518
1.972862
1.989638
1.990412
2.021211
2.021109
1.994766
1.999586
2.023535
2.019472
1.993889
1.990257
1.997640
1.978902
2.008682
2.014082
1.987268
1.971629
1.984028
1.993827
1.984013
2.005800
2.002022
2.002342
2.019956
1.994683
1.997339
1.998582
2.007954
2.003692
2.006040
2.010049
2.007421
1.986962
2.002203
2.010096
2.011557
2.007641
1.995535
1.991523
1.994882
1.968099
2.005110
2.007895
2.008093
2.006538
2.004069
2.010896
1.998843
2.002007
1.991853
1.994266
2.012290
1.990633
1.996570
1.996900
2.019349
1.994588
2.006232
2.012021
2.020497
1.983022
2.001028
2.003867
2.008296
2.016673
1.999673
1.995893
2.013125
2.005166
1.994007
2.008557
2.020994
2.016122
2.020154
2.019577
2.031570
2.020142
2.008826
2.004702
2.023209
2.015969
2.007250
2.015281
2.016109
2.005736
1.987491
1.976051
1.973888
1.976276
1.989834
1.999714
1.960573
1.982318
2.002887
2.009131
2.046347
2.063370
1.988278
2.000965
1.991222
1.993117
1.980037
1.987739
1.987414
1.977200
1.998729
1.996138
2.005496
2.023498
2.003029
2.004283
2.016155
2.035412
1.994170
1.990383
1.969501
1.960468
1.989053
1.990631
1.987229
1.974706
2.008324
2.004981
1.971389
1.965656
2.001313
2.006996
2.008694
1.999585
2.004765
2.013200
1.991612
2.001109
2.014282
2.020586
2.016236
1.976594
2.001596
2.011046
1.992507
2.000472
2.003048
2.001602
2.012364
1.986397
2.003835
1.996332
1.990323
1.964676
1.980409
1.996946
1.999908
1.969741
1.992304
1.995643
2.007370
2.010927
1.996186
1.998906
2.010935
1.991176
2.002123
2.006729
1.989720
1.986432
2.009856
2.010315
1.983114
1.971022
1.992499
1.989891
2.007343
2.029778
1.990143
1.977345
1.959233
1.972697
2.017259
2.020130
2.033069
2.020987
2.005520
2.027075
2.052974
2.044208
1.991636
1.993852
1.975650
2.010860
2.006757
1.999594
1.980108
1.983642
1.989799
1.982839
1.995790
2.027627
2.017873
2.017676
2.015659
2.035735
1.996593
1.993662
2.009565
2.020543
2.014466
2.000113
1.989568
2.013119
1.993817
2.000123
1.970444
1.982430
1.995780
2.000970
1.994678
1.972180
1.995938
2.001365
1.980123
1.999542
2.000256
2.002201
2.039385
1.999024
1.997842
2.005472
2.022723
2.004315
1.986628
1.978454
1.982762
1.980350
1.993217
1.996180
2.001707
1.990325
1.999184
2.004029
1.991580
1.997095
1.996433
1.984820
2.005920
2.010582
2.011912
2.008925
1.990750
1.988193
1.988630
1.994207
1.989379
1.987959
1.980364
1.978360
1.992740
2.007723
1.995594
1.995985
2.004285
1.997901
1.997725
1.991051
1.996466
1.994245
2.012333
2.014854
2.037849
2.019503
1.998933
2.011545
2.023245
1.993266
1.992691
1.986962
1.987224
1.981071
1.998075
2.004501
2.004311
2.003375
1.993476
1.989971
2.010792
2.030454
2.018470
2.009472
1.985209
1.967683
2.011564
2.017055
2.006948
2.004754
1.996405
2.000962
2.020373
2.019289
2.014177
2.014660
2.024362
2.042343
1.991847
1.990000
1.996537
1.997018
2.007693
2.001131
2.012904
2.030102
2.003657
2.002739
2.000789
1.987412
1.995929
1.992836
2.005248
1.990524
1.991149
1.994870
2.020319
2.013415
1.993629
2.002154
2.011249
1.990288
2.010260
2.015355
1.976935
1.976361
2.008551
2.018616
2.007897
2.007625
2.013196
2.008834
2.015082
2.020353
2.008661
2.018634
2.011216
2.010312
2.006742
2.021715
2.052898
2.029116
2.005116
1.995276
1.962633
1.967683
1.984980
1.979690
1.961435
1.978309
1.997545
1.984867
2.021988
2.018829
1.991752
1.994540
1.991321
1.998042
1.985641
1.994154
2.008451
2.001170
1.993286
1.992824
1.989310
1.972373
2.013611
2.017590
2.021594
2.000093
1.996598
1.991120
1.957847
1.959757
1.994308
1.999522
2.004535
2.007183
2.017460
2.016396
2.024192
2.015827
1.995405
1.999862
2.007295
1.994747
1.999000
1.995256
1.951934
1.962095
1.988853
1.998015
1.982546
1.982492
2.011601
2.029036
2.030634
2.039733
2.006160
2.007879
2.012995
2.018490
1.989585
1.987517
1.986364
1.964543
2.015783
2.010203
2.010262
2.005502
2.003388
2.013722
2.028040
1.999356
2.004485
2.005413
1.975087
2.018786
1.988642
2.001364
2.012188
2.008756
2.017275
2.031142
2.044614
2.035066
2.001741
1.997744
2.016102
1.990748
1.998057
2.006649
1.956751
1.963221
1.994751
1.992861
2.008107
2.031805
2.002281
1.999846
2.005422
1.990290
2.001855
2.005543
2.004331
2.006208
2.014055
2.019645
2.033895
2.010916
2.002124
2.004918
2.007228
2.017538
1.996281
2.003280
2.027717
2.018685
2.003405
2.004066
2.019962
2.022149
2.014910
2.015803
1.974514
1.950123
1.993295
2.003264
2.027267
2.009943
1.991047
1.999353
2.011968
2.020528
2.002436
1.991993
1.995132
2.010799
1.993188
1.994870
2.008720
1.964338
2.002954
2.005885
1.961750
1.978481
2.013765
2.017431
2.033775
2.034177
2.004234
2.000369
2.013187
1.996697
2.015600
2.017566
2.022054
2.018189
1.999277
1.995001
1.980841
2.013820
2.009294
2.010182
2.041614
2.046837
1.987873
1.982640
1.985470
2.016747
2.003147
2.001477
1.993746
1.995771
1.995141
2.000303
1.998562
2.005469
2.002428
2.003361
2.017790
2.041699
1.995490
1.985887
1.998200
2.022909
2.004939
2.002699
1.971356
2.003995
2.004744
2.004552
2.021898
2.029036
2.006378
2.008337
2.005356
1.997601
1.991569
1.995732
2.010094
2.034268
1.994912
1.994175
2.002215
1.989873
1.996623
1.995554
2.022831
2.009471
1.986920
1.967991
1.944520
1.960958
2.003178
2.011594
2.057024
2.047503
1.992741
1.978252
1.966767
1.974861
1.997887
1.978110
1.976883
1.991087
1.992008
1.987216
1.973874
1.990931
2.008953
2.029485
2.033406
2.026574
1.990280
1.984942
1.993773
1.955182
2.001564
1.993171
1.981830
1.990921
1.995386
1.989195
2.001731
1.985095
1.995760
1.985330
1.997477
2.003928
2.005534
2.017453
2.030957
2.007152
2.007597
1.998285
2.014291
1.992866
1.992532
1.988558
1.997040
2.005643
2.009036
1.997684
1.976291
1.976239
2.006462
1.998112
2.020360
2.031785
1.996845
1.992731
1.980069
1.985411
1.979507
1.980039
1.989155
1.969981
2.010462
2.014731
2.049499
2.028040
2.008940
2.017448
2.005543
1.998973
2.008398
2.011149
2.007117
1.992309
1.993417
1.995982
2.004309
2.013955
1.991983
1.993363
1.985235
1.989048
1.994487
2.000831
2.013546
2.030797
2.004761
2.004153
2.004600
2.021216
1.982172
1.992938
2.014668
2.018101
1.994082
2.014497
2.036123
1.993638
1.988587
1.995461
2.000719
1.991950
2.004568
2.022976
2.047152
2.031437
1.994593
2.016009
2.026509
2.015497
1.995027
1.998571
1.995964
1.996512
1.988851
1.990317
2.035306
1.964202
2.015158
2.022456
2.027469
1.988917
1.996799
2.006219
2.006973
2.004589
2.005825
2.011118
1.997413
1.980724
2.001829
2.002080
2.039191
2.006305
1.998408
2.011206
1.999707
1.996319
2.017400
2.015989
2.015415
2.026635
2.002485
2.010539
2.045492
2.024382
2.017737
2.017759
2.014557
2.005877
1.985489
1.977117
1.968211
1.954618
2.003085
2.007314
2.011295
2.011794
2.005566
2.015062
2.007689
1.995523
2.001851
2.016535
1.994601
2.007548
1.995405
1.987997
1.975162
1.964332
2.004834
2.006944
2.018848
2.019733
1.998860
1.995867
1.965402
1.960877
2.002780
1.997924
2.014694
1.992845
1.997379
2.009280
1.998850
2.046408
1.996421
1.995890
1.991636
2.000744
1.985823
1.983953
1.982610
2.015275
2.000020
1.984066
1.984477
1.975974
2.002576
2.000402
2.000142
1.996346
2.008494
2.015404
1.988322
1.983202
2.000764
1.994290
1.996352
1.985744
1.997921
2.011053
2.033114
2.030498
1.984914
1.974789
1.939557
1.952540
2.010909
2.015369
2.011694
2.007361
2.004622
2.012056
2.010902
2.006539
