1.999357
2.006428
1.998074
1.986939
1.994367
1.989272
1.941947
1.962133
2.003079
2.004052
2.027345
2.002994
2.004920
2.011136
2.015079
2.000536
2.010611
1.997650
1.982952
1.989111
1.996173
1.999270
2.016987
2.026011
1.993902
1.999402
1.988170
2.014584
2.000558
2.007627
1.999135
1.997925
1.984613
1.985128
1.962096
1.964957
1.995719
1.991578
1.991200
1.967253
2.000221
2.007961
2.015702
2.018228
1.992236
1.996666
2.004729
2.019505
1.990458
1.988291
1.996240
1.985823
1.984849
1.993060
2.008790
2.007503
1.998768
1.995591
2.004627
1.986087
2.018478
2.005137
1.989218
1.972271
2.005083
2.000096
2.010766
1.995751
1.988469
1.985706
1.980009
1.988968
1.999099
2.002674
1.966983
1.964363
1.989113
1.980434
1.981082
1.995586
1.995526
1.983977
1.989198
1.984458
1.990948
1.998937
2.010418
1.992973
2.011565
2.006433
2.022346
2.031721
1.991850
1.984422
1.992577
2.002872
2.000462
1.998728
2.009770
2.011059
2.003492
1.997587
1.989909
1.986655
2.000645
1.979035
1.942906
1.947550
2.017956
2.015477
2.022083
2.000774
1.995386
2.010632
2.011748
2.004938
1.991159
1.994909
1.999554
1.983171
2.004499
2.003949
1.978319
1.967213
2.006202
2.010351
1.976839
1.997755
2.009401
2.016825
1.999478
1.990208
2.003401
2.006105
2.015710
2.022084
1.988290
1.999948
1.980003
1.982136
2.003279
2.001593
2.002677
2.014399
2.009255
2.012557
2.015311
1.985297
1.991263
1.989618
1.978728
1.964870
1.990664
1.996185
2.005839
2.002389
2.000153
1.998315
2.021440
2.010411
2.026280
2.023032
2.050528
2.004805
1.993530
1.987160
2.008146
1.997787
2.012374
2.009657
2.021969
2.044203
1.994854
1.994984
1.990618
2.010460
2.008832
2.010892
2.024997
2.002353
1.994526
1.998449
1.999625
1.980477
2.005712
2.000170
2.004209
1.992396
1.999671
1.995798
1.984367
1.970368
2.001212
2.003403
2.002456
1.973004
1.993590
2.003330
1.989782
2.001024
1.994706
1.989155
2.031360
2.015076
2.001668
1.995249
2.012211
1.990886
2.013091
2.012329
2.009671
2.002798
2.000573
2.017798
2.044301
2.025434
1.993604
2.000260
2.011675
2.015733
2.003272
1.996359
2.011646
1.991592
2.001516
2.008614
2.037483
2.013605
1.987006
1.992638
1.999661
1.998231
1.988554
1.994679
1.987301
1.970115
2.005451
2.011852
2.004229
1.984729
1.998888
1.995375
1.963317
1.966572
2.014404
2.017184
2.011754
1.996447
1.994477
1.988947
1.991383
1.962836
1.980622
1.985338
1.993022
1.990841
1.999761
1.986061
2.014317
2.011354
2.010576
2.003656
1.999352
2.033015
1.994942
1.988628
1.989789
1.991440
1.980560
1.976523
1.964456
1.954867
2.004687
2.007566
2.027914
2.039548
2.018168
2.012312
2.025439
2.009081
2.009392
2.015839
2.020752
2.031318
2.022206
2.017466
2.038907
2.001398
2.003072
1.999986
1.985936
2.008585
2.002872
2.011284
2.006987
2.013879
1.987276
1.970428
1.945764
1.960355
1.987396
1.992122
2.006606
2.001178
2.007207
2.005608
2.009745
2.024758
2.002402
2.010386
2.028108
2.008074
2.016037
2.011137
2.029364
2.018847
2.009035
2.013990
2.042125
2.001729
2.014690
2.006144
2.032607
1.968775
1.988416
1.977601
1.971274
1.949593
2.009496
2.022293
2.040318
2.031135
1.994543
1.980841
1.924319
1.970577
1.998510
1.992619
1.987635
1.968080
1.998235
1.994357
1.975014
1.970642
2.016445
2.019830
2.052794
2.025074
2.002237
1.994828
1.997198
1.987751
1.989883
1.971203
1.980749
1.998743
1.994854
2.009849
2.017070
2.032131
2.006685
1.992820
1.995185
2.015792
2.001253
1.998083
2.003381
1.997303
1.992566
1.981409
1.970921
1.985697
1.989534
1.999350
1.995875
2.001756
1.996560
1.994398
2.002198
2.011831
2.006171
2.000258
2.010613
2.017387
1.991540
1.996104
2.005832
1.998242
1.984388
1.992463
1.977590
1.991437
1.994361
2.007193
2.033217
2.026258
1.991822
1.984975
2.009952
2.011072
2.006404
2.009388
1.996088
1.988754
2.015401
2.018504
2.002827
1.978343
2.001216
2.013605
2.052142
2.039865
2.011277
2.004263
2.018390
2.016050
1.997958
2.000569
2.011457
1.969030
2.008741
2.003452
1.994625
2.006472
2.006602
2.003562
2.030105
2.025769
2.009823
2.001637
2.009818
2.022877
2.001385
2.000121
1.989318
1.971717
1.995719
2.006048
2.002612
1.993283
1.992124
1.981789
2.004737
2.001760
1.992230
1.998979
1.995472
1.981689
1.993225
2.003497
1.993172
2.005173
2.003014
2.010105
2.036194
2.040971
2.002710
2.005638
2.009178
2.009607
1.993398
2.009267
1.982534
1.968028
2.012009
2.008267
1.974008
1.959868
1.998081
1.997465
2.008005
2.014249
1.999186
1.995120
1.995307
1.999738
1.993976
1.987821
1.987504
1.994514
1.996002
1.992397
2.003054
1.988341
1.996812
1.986977
2.007915
1.997576
2.017961
2.016778
2.011627
2.016167
1.991455
1.994830
2.005661
1.983061
1.999296
2.006453
1.997924
1.987507
1.986961
1.984340
2.021902
2.018344
1.996567
2.001115
2.009092
1.986249
2.006407
2.015864
2.030100
2.024942
2.010845
1.998596
1.984447
1.988922
1.999167
1.989344
1.988317
1.998027
2.004058
2.007876
2.020001
2.008704
1.979809
1.969789
1.986629
2.010401
1.984500
1.984761
1.960923
1.963102
2.000959
2.006743
1.974379
2.011815
1.997996
2.003409
1.992952
1.984284
2.008123
2.009558
2.025369
2.038128
1.991145
1.988627
1.998102
1.987205
1.998280
2.005341
2.005112
1.993139
1.997106
1.993097
1.965069
1.980457
2.001431
2.008312
2.025645
2.039169
2.004765
1.999305
2.010374
1.994619
2.004521
2.011223
1.981092
1.970631
2.010259
2.022760
1.992715
2.007318
1.998790
2.002829
1.988913
1.994042
1.996147
1.984042
1.992276
1.984856
2.009226
2.009433
2.016076
2.017322
2.005519
2.016226
2.061729
2.019805
1.993079
1.997556
1.981681
2.011957
2.000315
1.998303
2.008782
2.009705
2.011309
2.000772
1.987915
1.985855
1.984681
1.979412
1.954747
1.971256
2.005072
2.017585
2.032417
2.013437
1.995564
2.010803
2.011345
2.004230
1.996433
1.994808
1.985844
1.995625
1.974500
1.966347
1.965494
1.957367
1.982346
1.985601
1.995117
1.977521
2.008029
2.015167
1.996658
1.988181
2.010388
2.005267
2.010042
1.978834
2.013702
2.009571
2.001940
2.023364
2.001519
2.001520
1.993343
2.016607
2.009178
2.012760
2.014980
1.984963
1.995987
1.984875
1.990410
1.994665
1.993637
1.997472
1.998141
2.011503
1.992331
1.996864
2.023024
2.015739
2.026116
2.023032
2.051055
2.005031
1.991223
1.979100
1.988578
1.977808
1.981394
1.983456
1.978350
2.007355
1.990930
1.989426
1.999540
2.013691
2.008773
2.011209
2.025492
2.002352
1.995025
1.973385
1.940276
1.950908
2.006064
1.995986
1.999678
2.004373
2.003391
2.021049
2.029318
2.012701
2.001055
2.002711
2.003417
1.975644
1.998745
2.019822
2.024719
2.017662
1.998437
1.991971
2.009414
2.021464
2.004785
2.008995
2.009321
1.994937
2.013091
2.012902
2.011895
2.004575
1.993011
2.001638
1.999189
1.993053
2.002998
1.998920
1.999565
2.000084
2.015186
2.014728
1.981710
1.965519
2.001148
2.008266
2.037905
2.015422
2.000403
1.999553
1.989448
1.991629
1.998065
1.997766
1.983843
1.996248
2.013728
2.032135
2.034945
2.046796
1.998863
1.995298
1.963455
1.966868
2.020466
2.029537
2.033427
2.032133
2.015731
2.016660
2.030663
2.013396
1.999952
2.007664
2.021049
2.024080
1.999721
1.985954
2.014947
2.011940
2.003503
1.998562
1.958282
1.979397
1.999636
2.013593
1.996705
1.992806
2.002572
2.002395
1.997842
2.009029
2.004614
2.007445
2.027836
2.039262
1.978273
1.994756
1.998703
1.984016
1.995116
1.988373
1.957146
1.950238
1.985025
1.989138
1.985888
1.999832
2.004262
2.001113
1.987715
2.012558
2.004729
1.998302
1.997986
1.995572
1.986261
1.980058
1.996664
1.996951
2.001401
1.997002
1.977967
1.987977
2.007176
2.005865
2.010246
2.026399
2.006418
2.002389
1.966126
1.983601
2.004679
2.003153
2.002278
2.031461
2.001623
1.993454
2.001163
2.012215
2.014686
2.006023
2.031472
1.968425
1.983122
1.975493
1.974841
2.004988
1.992060
1.987408
1.992103
1.983823
1.990746
2.005135
2.002180
2.029851
1.998466
1.992437
1.988135
1.967326
2.008106
2.020205
2.013465
1.986757
2.005655
2.000668
2.003844
1.993752
2.012125
2.021966
2.029646
2.010052
1.989745
1.971121
1.980624
1.998569
1.989859
1.985161
1.993550
1.992475
1.998838
1.986142
1.998274
2.001515
1.995992
1.998139
2.007988
2.008899
1.994310
1.981725
1.972370
1.987932
1.999380
1.992281
1.985080
1.975334
2.010486
2.013229
2.037516
2.035929
1.991911
1.990912
1.956377
1.994338
1.991677
1.996014
2.005497
1.997913
2.011841
2.010450
2.029190
2.005719
1.988727
1.989596
1.971256
1.993599
2.004136
2.014075
2.056643
2.044292
2.006174
2.009516
1.996009
1.988751
1.981154
1.973835
1.999282
1.997014
1.999771
1.983128
1.958929
1.997409
1.999080
1.999988
1.974924
1.989191
1.997419
2.000135
2.011252
1.968455
2.000250
1.999371
2.003339
1.993649
2.003839
1.997966
2.009403
1.992096
1.995775
2.002959
2.009704
1.997206
2.001634
1.999913
1.989004
1.972730
2.002681
2.002270
2.010058
1.997120
1.992715
2.001578
1.991102
2.013027
1.999324
2.006987
2.016191
2.000183
1.993435
2.003871
1.993405
2.005568
2.013907
2.010375
1.978431
2.000125
2.005219
1.995032
2.007323
1.999777
1.998131
1.995166
1.974612
1.987190
