2.003249
2.019170
2.052113
2.026850
2.013492
2.022522
1.996284
2.002780
2.014901
1.968131
1.969051
1.994715
1.998445
2.007143
1.985059
1.996198
1.993198
1.995563
2.014179
2.001901
2.022734
2.014709
2.011200
2.015832
2.001368
1.999774
2.014728
2.022633
2.018203
2.017337
1.991468
1.999523
1.967620
1.987786
1.975745
1.987302
1.999661
2.010213
2.041607
2.014614
2.009146
2.022028
1.994124
2.002981
2.021942
1.971148
1.967989
1.995504
1.997310
2.005782
1.981173
1.991267
1.989648
1.987404
2.015691
2.004000
2.025128
2.015331
2.011524
2.018393
2.000826
1.998591
2.014112
2.019734
2.013499
2.016102
1.991505
2.000568
1.971728
1.990098
1.975924
1.985486
2.007957
1.996436
1.983335
2.015248
2.012836
2.005548
2.003759
1.998181
2.021427
2.031893
2.014176
2.005332
1.992702
1.992202
1.958953
1.962429
1.980030
2.002332
2.001946
2.001246
2.000464
1.969385
1.967210
1.968569
2.005842
2.006082
2.033658
2.007874
2.010976
2.020447
1.992386
1.979295
1.991720
1.984769
2.002351
2.008070
2.005273
1.994039
1.991959
2.015470
2.014873
2.013298
2.000766
1.995524
2.023040
2.028230
2.014392
2.002254
1.992146
1.989956
1.954993
1.962385
1.979527
2.008286
2.003909
2.004690
2.005843
1.969810
1.970641
1.977641
2.006444
2.006235
2.028610
2.007534
2.008838
2.016570
1.991782
1.977367
1.989147
1.982639
2.000737
2.006722
1.998841
2.003798
2.022660
2.006246
2.002165
2.014203
2.016604
2.013239
1.987581
1.990009
1.984274
1.998512
2.000045
2.011620
1.993304
1.982119
1.986052
1.970573
1.997601
1.995603
1.995473
2.005915
1.991832
2.006292
2.011551
2.008322
2.031790
2.029556
2.023114
2.001482
2.009230
2.010933
1.993494
1.983200
1.986722
1.997035
1.996458
2.003198
2.008902
1.988059
1.991176
2.028989
2.018125
2.015422
1.999268
2.003903
1.994368
1.999610
2.000625
2.012857
1.986399
1.984148
1.984326
1.968706
1.995718
1.993408
1.987720
1.999950
1.984950
2.001678
2.011449
2.008066
2.029967
2.027989
2.022152
2.007363
2.009934
2.012280
1.990540
1.984786
1.988968
2.003835
2.002380
2.006759
1.997475
2.005495
1.989665
1.969107
2.008677
2.009882
2.019139
2.020236
2.014375
2.024307
2.014927
2.004732
1.975027
1.962503
1.967764
1.987702
1.998135
2.003602
1.998511
1.999900
1.993713
1.988768
1.997218
2.001865
2.017252
1.993817
1.982601
1.994417
2.022905
2.028364
2.046736
2.032981
2.016333
2.011164
1.999255
2.001509
1.975911
1.978161
1.972693
1.973468
2.007099
2.006066
2.019667
2.014410
2.020329
2.036719
2.013544
2.003511
1.972845
1.958954
1.964457
1.977312
1.998694
2.005261
1.995408
2.003881
1.995165
1.987755
1.996887
2.001243
2.014001
1.991006
1.981598
1.997928
2.022975
2.028130
2.047272
2.031717
2.016444
2.012322
2.010286
2.013495
1.998646
1.997452
2.005917
2.016660
2.002547
2.001918
1.984117
1.975465
1.988283
1.993531
1.998906
2.010653
2.040040
2.038909
2.029874
2.025777
1.998492
2.002452
1.998395
2.000337
2.017935
2.015348
1.995002
2.015607
2.009648
1.979082
1.985452
2.006756
1.998122
1.998937
2.029642
2.018278
2.019560
1.996143
2.012758
2.013600
2.006546
1.998917
2.002244
2.019836
2.000319
1.998133
1.975727
1.966543
1.981198
1.989094
1.999804
2.011847
2.040854
2.034715
2.024687
2.023640
1.998847
2.003922
2.001359
2.005130
2.020572
2.016023
1.994470
2.016975
2.016721
1.980541
1.988401
2.014155
1.997812
1.998199
2.028954
2.016323
2.018641
1.998540
1.981504
1.981456
1.939775
1.966818
1.980371
1.991316
2.005723
2.006621
1.966701
1.963465
1.981637
2.016024
2.010028
2.009131
2.010603
2.006920
2.009314
2.013923
2.033746
2.025433
2.036998
2.025954
2.011293
1.983260
1.997177
1.990369
2.030298
2.032217
2.014380
1.986534
2.012966
2.005298
1.987756
2.001176
2.000543
1.989427
1.979052
1.977633
1.933849
1.958094
1.971969
1.985960
2.006883
2.011654
1.979875
1.976708
1.992362
2.030102
2.009281
2.008389
2.011844
2.005677
2.006579
2.013339
2.031674
2.020859
2.024867
2.017692
2.007739
1.985871
1.996961
1.989694
2.029957
2.032839
2.014888
1.986999
2.012070
2.002968
1.982596
1.998300
1.998125
1.989153
2.004889
2.018231
2.037642
2.032708
2.020449
2.004702
2.004592
2.006989
1.990885
2.010380
2.013030
2.015178
2.010582
2.020084
2.005179
1.972798
1.988105
1.989951
2.014017
2.011321
2.017399
2.027184
2.009093
2.012843
2.009424
1.996351
1.971402
1.982853
1.975919
2.003199
1.997234
1.991367
1.970983
1.951309
1.974184
1.976681
1.997624
2.007932
2.011709
2.016736
2.011799
1.997136
2.003198
2.002765
1.980092
1.996118
2.006652
2.013165
2.013711
2.023094
2.010556
1.989224
1.998514
1.993847
2.011970
2.009336
2.015224
2.020735
2.005624
2.002324
2.010051
1.995361
1.973162
1.984444
1.976941
2.003116
1.996511
1.991029
1.970966
1.951008
1.972621
1.972930
2.009780
2.016618
2.021420
2.002265
2.009656
2.013986
1.990757
1.994887
1.987591
1.987996
1.994709
1.977136
2.009397
2.007494
2.020305
2.030750
2.023986
2.014481
1.991485
1.990112
1.986935
1.972148
1.980062
1.999441
1.991137
1.986413
1.962938
1.957010
1.978175
2.009725
1.997601
2.003364
1.982745
2.007530
1.997698
1.988898
2.009013
2.016102
2.014317
1.999125
1.997696
2.001373
1.991327
1.993908
1.975771
1.974607
1.992324
1.979254
2.008490
2.006166
2.020416
2.038411
2.031400
2.019495
1.990711
1.989689
1.988428
1.968642
1.976084
1.996616
1.990147
1.986439
1.963605
1.956050
1.976432
2.009866
1.996903
2.001749
1.979877
2.004145
1.992644
1.982463
2.022208
2.000685
1.978604
1.983383
1.977542
1.971933
1.996248
2.002496
2.017116
1.997505
1.994122
2.007121
2.001636
1.995095
1.962961
2.000711
2.004707
2.037367
2.002084
2.012908
2.008098
2.009093
2.004355
1.987872
1.996579
2.000225
2.004994
2.018640
2.008284
1.986155
2.005592
2.008675
2.015803
2.002615
1.996081
1.995720
2.023186
2.007469
1.995385
1.998112
1.994552
1.979986
1.995925
2.002676
2.020360
2.002260
1.999452
2.005889
2.004257
2.000824
1.969999
2.007800
2.004500
2.025963
2.004312
2.014637
2.009859
2.014490
2.008913
1.993254
1.996084
2.001143
2.005104
2.012232
2.002518
1.980562
2.005663
2.008944
2.015937
2.002287
1.997452
1.998257
2.003601
1.996535
1.986906
2.006590
2.002908
1.996505
1.999411
2.002598
2.011770
1.977553
1.993824
2.000470
2.006981
2.008683
1.970071
2.001822
2.012249
2.011814
2.000110
2.019889
2.024039
2.012223
2.015636
2.032976
2.009342
2.019690
2.024763
2.011765
2.013679
2.029141
1.993466
2.004075
1.990099
2.026386
2.030048
2.026367
2.000188
1.994238
1.975665
2.010244
2.005993
1.999590
1.997465
2.000036
2.005217
1.968803
1.990436
2.000515
2.009856
2.008593
1.974611
2.005580
2.015802
2.012763
1.997817
2.017852
2.028521
2.015719
2.019488
2.035022
2.008601
2.017277
2.021869
2.010028
2.012863
2.027374
1.993574
2.003349
1.989084
2.027683
2.030963
2.027736
1.995043
1.992146
1.974403
1.979071
1.986750
2.010426
2.007287
1.995219
1.973372
1.998596
2.010157
2.021570
1.999059
1.999353
2.009048
1.972846
1.982712
1.999795
1.996758
1.994488
1.987291
1.993991
1.993113
2.004590
2.007261
2.018308
2.034016
2.048868
2.030364
2.004460
2.010816
2.019552
2.026948
2.023214
2.018445
2.002449
1.997890
1.997980
1.985399
1.982976
1.981037
1.997802
2.007818
1.997353
1.977350
1.997560
2.009766
2.027712
2.004427
2.004882
2.021228
1.992221
1.998458
2.010709
1.995193
1.993248
1.990394
1.994603
1.992898
2.003817
2.006727
2.018178
2.032897
2.046400
2.028396
2.004652
2.013232
2.023016
2.030040
2.025385
2.020555
2.003005
2.006003
2.004880
1.977525
1.967346
1.973275
1.961424
2.011563
2.018955
2.044105
2.050768
2.031363
2.017589
1.974022
1.971838
1.942226
1.950037
1.956743
1.993585
1.994987
1.996792
1.983586
1.997992
1.983833
1.993322
2.002583
2.003169
2.008571
2.007382
2.009805
2.001209
1.994014
2.013937
2.049202
2.029260
2.032724
2.035716
2.007955
2.010844
1.981854
1.983289
1.992275
1.989917
2.008559
2.014614
2.037655
2.049559
2.031914
2.022422
1.973257
1.970342
1.942547
1.952285
1.955350
1.991444
1.995288
1.996625
1.980171
1.995120
1.981274
1.989983
2.001586
2.001546
2.005215
2.002855
2.007019
2.001027
1.993962
2.013027
2.049617
2.027147
2.030829
2.032029
1.988448
1.996065
2.014321
2.011600
2.003771
2.011415
1.991875
1.993946
2.027468
2.018055
2.008672
2.003512
2.006077
2.014920
2.027267
1.985766
1.992361
1.989013
2.008808
2.007343
1.986747
1.985406
1.994643
1.968224
2.015728
2.011673
1.992909
2.014583
2.023615
1.995227
2.009439
2.003944
1.990654
2.026334
2.006614
2.005834
1.983709
1.991299
1.999862
1.994662
1.995674
2.011225
1.990352
1.993273
2.032404
2.028324
2.014331
2.009786
2.006798
2.013870
2.030738
2.008758
2.006048
1.987185
2.010700
2.008973
1.989574
1.987225
1.998507
1.971376
2.016415
2.012522
1.994046
2.021581
2.028984
2.003120
2.008557
2.002767
1.986637
2.020916
2.005170
2.008090
2.009982
2.011190
2.069753
2.058355
2.054053
2.031773
2.008333
2.005435
1.995379
1.993148
1.983557
1.981154
1.998112
2.000498
2.005354
1.998537
2.000222
2.011239
2.010689
1.998070
2.014231
2.007217
2.005022
2.007421
2.003461
2.005612
2.002033
2.038448
2.030212
2.009971
1.992756
1.998298
1.994505
2.009134
2.005641
1.995177
2.010203
2.010086
2.058520
2.053660
2.043073
2.026233
2.005993
2.003813
1.988833
1.990358
1.979924
1.979566
1.999019
2.000178
1.999904
1.992190
1.993889
2.004631
2.009497
1.996057
2.009109
2.002029
2.000654
2.007294
2.002377
2.004828
2.001841
2.032622
2.024955
2.007572
1.991908
1.997766
1.993858
2.009745
2.006365
1.997945
2.000058
2.008462
2.011529
1.976766
1.981653
1.995688
2.014144
2.026671
1.998889
2.000778
2.000217
2.003058
2.005886
2.006375
2.012032
2.013177
2.005185
2.029105
2.008819
2.004060
1.984357
1.959105
1.972609
1.982506
2.016745
2.018156
2.001550
2.015071
2.010928
2.001635
2.001667
2.008984
1.986451
1.966311
1.980947
1.995597
2.001157
2.008971
2.025463
1.986612
1.990344
2.007698
2.013438
2.026395
2.003314
2.000372
2.002423
2.012337
2.004791
2.005527
2.010576
2.014248
2.008194
2.031329
2.009470
2.004254
1.984199
1.957721
1.971719
1.980754
2.018008
2.019960
2.003240
2.014533
2.011622
2.004006
2.001800
2.009553
1.987837
1.969692
1.982532
1.996049
2.003559
2.019401
2.052648
2.026663
2.013127
2.022762
2.022223
2.022229
2.045517
2.027283
2.020059
2.039665
1.999805
2.005453
1.999545
1.984721
1.975319
1.981221
2.009200
2.012681
2.005778
2.003469
2.018007
2.013332
1.994832
1.995964
1.979091
1.972432
1.971739
2.001380
2.023626
2.038735
2.053489
2.046901
2.031241
2.011673
1.999971
2.010445
2.042165
2.014509
2.008687
2.022510
2.016921
2.016142
2.034757
2.011425
2.008337
2.032135
1.999197
2.005736
2.002384
1.988345
1.989370
2.003649
2.007772
2.010407
2.004713
2.001183
2.014271
2.011531
1.996723
1.997206
1.984182
1.977799
1.975166
2.004622
2.023770
2.040345
2.055498
2.047234
2.032779
2.011921
2.008805
1.997588
1.983587
2.016173
2.014039
2.008261
1.998637
2.008986
2.033836
2.009093
1.995531
1.995201
1.989499
2.000191
1.989180
1.990562
1.988917
1.976137
1.999796
2.009012
2.030010
2.027604
2.020418
2.009949
2.000895
2.000915
2.017705
1.989350
1.983492
1.981927
1.997587
2.003339
2.003537
1.971646
1.980212
1.978092
2.006121
1.995191
1.992104
2.016395
2.016077
2.015533
1.999299
2.011287
2.035661
2.021353
2.011621
2.004114
1.989635
1.998516
1.988236
1.995464
1.990278
1.976524
1.998494
2.007439
2.023822
2.035110
2.026318
2.010466
1.998791
1.998052
2.014870
1.986727
1.981341
1.978648
1.997188
2.002707
2.002861
1.969308
1.977058
1.976181
1.999369
2.004551
2.025324
2.008152
2.002290
2.012962
2.010098
2.003638
1.991871
1.991629
1.978740
1.972156
1.988223
1.985355
1.968557
1.994296
1.993067
1.982486
2.001957
1.992148
1.987146
1.993191
1.993947
2.003482
2.010831
2.021247
2.043109
2.037779
2.017490
2.024194
2.015372
2.024130
2.054307
2.043016
2.026036
2.021782
1.996986
2.003951
2.011350
1.989960
1.991495
2.027541
2.011330
2.006746
1.996741
1.995986
1.986257
1.968042
1.987107
1.985791
1.966218
1.988474
1.984889
1.977827
2.003896
1.995893
1.991195
1.988671
1.990120
1.996832
2.010428
2.020002
2.045026
2.044212
2.022450
2.025038
2.014906
2.023737
2.056330
2.043895
2.024575
2.020219
2.001452
2.005194
1.996110
2.006430
1.991173
1.972447
2.001923
1.986758
1.963378
1.989835
1.998568
1.997588
2.006499
2.005240
2.013011
2.007355
2.006981
2.000715
2.007325
2.017783
2.032509
2.015390
1.999801
1.997431
2.000567
2.000351
2.022166
1.992783
1.992240
2.023784
2.016823
2.013635
1.995235
1.979832
1.992136
2.022808
1.998327
1.999943
1.974366
1.979884
1.973903
1.975099
2.001280
1.987200
1.972234
1.991351
1.999096
1.994658
2.006466
2.006067
2.017194
2.014739
2.013907
2.013238
2.008019
2.019150
2.033408
2.014090
1.999535
1.996345
1.999700
1.999779
2.023296
1.997768
1.996531
2.022068
2.016968
2.013629
1.993598
1.978542
1.991899
2.017941
2.010775
2.014617
1.999417
1.998824
2.007216
2.016349
2.002456
2.011963
2.006203
1.994561
1.989991
1.986389
1.998269
1.999959
2.006352
1.975677
1.977551
1.948433
1.994359
1.991780
1.957644
1.975405
1.974684
1.960072
2.005617
1.996766
1.973775
1.999813
1.987770
1.979323
1.994353
1.984559
1.971977
1.984032
1.983260
1.958768
2.013247
2.014723
2.007317
2.000290
2.003435
2.019553
1.998602
2.005513
1.995408
1.999653
1.996050
1.993758
1.997717
2.000272
2.005378
1.982249
1.982742
1.954737
1.994233
1.992517
1.956523
1.974090
1.974905
1.961613
2.005739
1.998578
1.975907
2.004417
1.991932
1.983435
1.993284
1.984153
1.971007
1.981685
1.982032
1.960328
1.982243
1.982921
1.940585
1.967327
1.982615
1.995219
1.996918
1.998091
1.991635
2.006510
1.986973
2.002444
2.010944
2.013337
2.015226
1.983958
2.001835
1.967895
1.998846
2.009244
2.018393
2.003263
1.999305
2.000201
2.012380
2.024272
2.060231
2.027605
2.023720
2.012404
1.993454
1.994531
2.005077
1.998322
1.999449
1.987807
1.979791
1.979098
1.934813
1.958956
1.973439
1.987086
1.995185
1.994734
1.985019
2.002299
1.986174
2.000053
2.014311
2.018417
2.017951
1.988327
2.001831
1.963554
2.001166
2.011613
2.021608
2.000230
1.997510
2.000509
2.012687
2.025200
2.062322
2.028507
2.024015
2.011273
1.992183
1.992343
2.004271
1.999030
2.000052
1.988399
2.004187
2.017864
2.035535
2.030451
2.018481
2.006101
2.013357
2.024173
2.036947
1.970104
1.979592
1.985028
1.997591
1.986859
1.984741
1.984272
1.983395
1.965794
1.999173
2.011370
2.027924
2.049827
2.022338
2.006832
1.996936
1.997661
1.997063
2.012826
2.017592
1.987346
2.011234
2.005254
2.008262
2.005085
1.999020
1.998715
1.996922
2.007557
2.009398
2.014655
2.010146
1.998838
2.009714
2.015696
2.029356
1.971571
1.980118
1.999376
1.996712
1.985758
1.984516
1.990500
1.986991
1.964519
1.999383
2.011295
2.027806
2.046872
2.021581
2.005732
1.997171
1.997922
1.993853
2.008939
2.013421
1.982212
2.011597
2.005691
2.007943
2.005891
1.998692
2.004039
2.007644
2.013736
2.017707
1.999069
2.008693
2.010707
1.987720
1.985543
1.963566
1.956485
1.960251
1.982345
2.020423
2.013246
1.998249
2.009073
1.999484
2.009585
2.008316
2.014483
1.992232
2.009871
2.009189
1.988233
2.007063
2.010567
2.030570
2.000201
2.001213
1.992721
2.002840
2.007245
2.027438
2.028379
2.014753
1.980374
2.009386
2.016859
2.014216
1.996446
1.997070
2.000412
1.990438
1.989937
1.967522
1.959892
1.960692
1.975322
2.017273
2.008144
1.986885
2.001167
1.997949
2.009394
2.006950
2.011697
1.987518
2.002450
2.005098
1.987844
2.006349
2.009853
2.028858
1.990844
1.996412
1.988540
2.002248
2.006396
2.025588
2.027229
2.013857
1.979968
2.022295
2.000998
1.978903
1.984174
1.978441
1.972564
2.005036
2.015851
2.030791
2.039845
2.017377
2.019322
2.007847
2.011438
1.985837
1.977216
1.974805
1.967121
2.005972
2.004696
2.032929
2.021429
2.033886
2.018845
2.000753
2.005456
1.998679
1.988024
1.992694
1.993813
1.995305
2.001370
1.975554
1.990038
1.986107
1.990961
2.023273
2.007781
1.995684
1.998904
1.995451
1.980801
2.001117
2.008967
2.016744
2.038719
2.015267
2.017371
2.006965
2.009325
1.977990
1.968592
1.967938
1.967737
2.006146
2.003475
2.031089
2.016914
2.029666
2.015329
2.000632
2.004985
1.997206
1.983683
1.990725
1.995829
1.997175
2.003680
1.980897
1.987750
1.982799
1.990798
2.003351
1.996002
1.984138
2.005557
2.001624
1.996120
2.003268
2.006327
1.984829
2.003690
2.015015
2.001626
1.989550
1.984381
1.987010
1.977479
1.982831
2.004709
1.998887
1.994661
2.012826
2.019569
2.010648
2.033280
2.008422
2.009024
2.012718
2.033057
2.030185
1.988512
2.016348
2.007366
2.014600
2.001827
2.006602
2.005007
1.999938
1.993705
1.972898
2.009212
2.004661
1.999204
2.006702
2.012773
1.995513
2.011115
2.020599
2.010211
1.989003
1.984851
1.991232
1.986007
1.989070
2.000832
1.995796
1.992906
2.016031
2.020451
2.012102
2.033692
2.010253
2.010678
2.013946
2.038595
2.031148
1.994306
2.016256
2.008398
2.015544
1.999665
2.003911
2.003965
1.995363
1.992414
1.974175
1.980066
1.988354
2.010651
2.000552
2.014647
1.986086
2.007577
1.986854
1.984457
1.992776
1.998091
2.019037
1.978279
1.976590
1.984222
2.013480
2.025302
2.032961
2.012165
2.016212
2.016766
2.003186
2.018320
2.008488
1.991274
1.999178
2.001006
2.004754
2.002134
2.020692
2.009258
1.992944
1.982938
1.998211
1.998248
1.985683
1.984194
1.982620
1.998251
2.004419
2.020621
1.995015
2.016635
1.992767
1.994362
1.993503
1.998031
2.018024
1.981005
1.974698
1.982177
2.012255
2.024304
2.030270
2.006942
2.008563
2.015668
2.005772
2.020904
2.015961
2.001240
2.009001
2.011029
2.005123
2.002814
2.022334
2.011411
1.994828
1.983112
2.006158
2.005273
1.979441
1.968623
1.974538
1.962940
1.999296
2.012921
2.014212
2.001790
1.987070
1.965977
2.011195
2.000453
1.983427
2.010662
2.011330
2.016041
1.992075
2.001659
1.993553
1.999078
1.998289
1.998479
2.005825
2.014739
1.999516
2.015528
1.984670
1.990999
2.006779
2.010804
1.997761
2.019903
2.015080
2.014710
2.008110
2.011237
1.983770
1.984674
1.993808
1.991810
2.000229
2.013366
2.029074
2.012797
1.999080
1.980470
2.013284
2.004103
1.990971
2.019663
2.019077
2.023620
1.987841
1.997957
1.989024
1.987524
1.989350
1.994860
2.004955
2.013640
1.997651
2.013989
1.981291
1.991811
2.006623
2.011231
1.997435
2.019476
2.014319
2.015197
1.988731
1.996158
2.016549
2.015327
2.006106
2.009678
1.986811
1.996528
1.992401
1.990026
2.004721
2.020394
1.984886
1.989862
1.995516
2.000189
1.995088
2.011181
2.001325
2.005995
1.995955
1.995319
2.001102
2.012725
2.004748
2.026181
2.019713
1.997903
2.002864
2.005846
2.000763
2.006853
1.992378
2.032332
2.025947
2.039444
1.983992
1.991392
2.002332
1.999065
1.998328
2.009290
1.983691
1.993643
1.992357
1.988547
2.006644
2.024188
1.983463
1.987107
1.991494
2.000130
1.996885
2.011149
2.003581
2.009106
2.000755
1.998837
1.997126
2.018098
2.003918
2.024931
2.018125
1.995348
2.002474
2.003625
2.000204
2.006122
1.991386
2.034708
2.027864
2.038548
2.010988
2.013199
2.074007
2.059080
2.056415
2.033040
2.005941
2.016290
2.016994
2.022276
2.016701
2.041066
2.018536
2.023095
2.001902
1.992766
1.986029
1.973531
2.021501
2.025206
2.014628
1.974600
1.972567
1.969857
1.999826
2.010019
2.007949
2.016585
2.024809
1.994969
2.011066
2.019378
2.018112
2.023875
2.010585
2.030078
2.011208
2.012532
2.064459
2.056357
2.045039
2.027821
2.004670
2.016741
2.024816
2.014924
2.010970
2.035832
2.018676
2.021236
2.002362
1.993278
1.988740
1.979979
2.020260
2.024704
2.009506
1.971922
1.970542
1.968411
1.999394
2.007084
1.999900
2.004618
2.017970
1.989332
2.008674
2.016917
2.015568
2.022763
2.009042
2.029655
2.000010
2.008426
2.011981
1.977356
1.982038
1.995550
2.007269
2.005030
2.012459
2.027812
2.015068
2.025720
2.008629
2.002247
1.988458
2.009250
2.019388
2.015278
2.012592
1.995248
1.987845
1.969279
1.968241
1.962724
1.983530
1.999709
1.991764
2.013450
2.012387
2.001093
2.014754
2.010273
2.012078
2.009506
2.023397
2.021767
2.001108
2.008935
2.025721
1.986719
1.990220
2.007969
2.011651
2.010555
2.013034
2.020801
2.011687
2.018976
2.009880
2.003421
1.986118
2.012197
2.019737
2.013418
2.013926
1.996506
1.989368
1.969689
1.968854
1.962691
1.982577
1.997830
1.992819
2.017503
2.012368
1.998652
2.014617
2.008827
2.008988
2.001744
2.017069
2.019583
2.003620
2.019688
2.052397
2.026343
2.012909
2.022244
2.016247
2.017010
1.999620
2.000983
2.004026
1.992690
2.007472
2.010323
2.025390
2.001578
2.006931
1.998896
2.016603
2.011629
2.044774
2.032719
2.029817
2.021744
1.994633
1.983780
1.975758
1.972272
1.973673
2.002697
1.990306
1.982348
2.008283
2.015039
2.012855
2.000948
2.000032
2.010731
2.041936
2.014207
2.008454
2.021993
2.015230
2.013405
1.998645
1.997996
2.003288
1.991131
2.008449
2.012966
2.027402
2.007474
2.018570
2.017109
2.016354
2.013919
2.043234
2.034599
2.032217
2.026710
1.993731
1.982608
1.973578
1.967198
1.970094
1.998821
1.990576
1.981864
2.006496
2.012544
2.014907
2.005320
2.008715
1.996969
1.982839
2.015906
2.013785
2.006074
1.996226
2.002703
2.015385
1.967409
1.967248
1.992148
1.995293
1.998814
1.992720
1.981541
1.983425
1.977791
2.013191
2.023935
2.029215
2.014792
2.010857
1.996534
1.998945
1.993061
1.997737
2.013455
2.005788
2.021000
2.002051
2.003887
1.994931
1.995986
1.987260
1.986244
2.006031
1.994571
1.991356
2.016128
2.015995
2.013236
1.994066
2.002905
2.022425
1.970426
1.966187
1.992937
1.994243
1.999575
1.993108
1.987580
1.987590
1.988904
2.009213
2.016490
2.018711
1.998821
1.999609
1.993931
1.998309
1.993561
1.998558
2.015967
2.007550
2.020951
2.002484
2.003924
1.996310
1.995109
1.986084
1.982240
1.999822
2.004449
2.025288
2.008264
2.002409
2.013362
2.003739
1.998078
2.021402
2.032338
2.014830
2.005406
2.010379
2.002269
2.004063
2.005567
2.008750
1.995912
2.015820
2.021405
2.022203
2.047012
2.048725
2.041609
2.004021
2.002102
2.028786
2.037998
2.027533
2.017072
1.989840
1.994373
1.985533
1.969478
1.977819
2.009126
1.997439
2.003849
2.011315
1.990072
1.991614
2.028068
2.000746
1.995421
2.023016
2.028674
2.015046
2.002328
2.007639
1.997696
1.997458
2.001661
2.009505
2.004009
2.015416
2.021732
2.020510
2.047341
2.049967
2.040487
2.004728
2.002645
2.030225
2.040196
2.026647
2.014467
1.989816
1.994862
1.985559
1.974681
1.979567
2.010753
2.002416
2.005423
1.996983
2.006285
1.990088
1.970155
2.015699
2.012550
1.985970
1.989161
1.984819
1.999136
2.006970
2.007445
2.001160
2.010463
2.017658
2.017903
1.991080
1.991722
2.000279
1.970531
1.972819
1.973946
2.009097
2.010651
1.995271
1.993795
1.987242
1.996271
1.994839
2.002466
2.001555
2.015064
2.004042
2.000734
2.000359
2.001896
1.976242
1.980750
1.973320
1.972644
2.017221
2.014734
1.997657
2.003055
1.994913
2.000022
2.005688
2.004989
1.995723
2.013558
2.023017
2.024671
1.991127
1.991383
1.998981
1.971738
1.977731
1.980512
2.008961
2.011129
1.993405
1.989905
1.986295
1.995652
1.993683
2.001427
2.000552
2.012802
2.000529
2.003535
2.010470
2.014472
2.000805
1.998159
2.006291
2.014284
2.007517
2.009150
2.015376
2.018841
2.012661
2.019489
2.003706
2.002006
2.007371
1.979700
1.998940
2.002187
1.999242
1.991979
1.972873
1.941961
1.952304
1.982198
1.989630
1.988943
1.979029
1.982509
1.969069
1.978185
1.991101
2.004417
2.018458
2.041873
2.041646
2.038597
2.012943
2.014577
2.008705
1.999624
2.002522
2.017370
2.006798
2.006517
2.018022
2.015507
2.021291
2.037246
2.003250
2.000530
2.003706
1.983124
1.998732
1.991065
1.998944
1.990832
1.972759
1.940791
1.947828
1.976634
1.990632
1.992137
1.986803
1.987573
1.972163
1.984118
1.990273
2.003349
2.019500
2.044702
2.042494
2.038913
1.981934
1.982093
1.941150
1.971206
1.985140
1.995130
2.002639
2.002073
1.984256
1.976078
1.988601
1.995034
2.007529
2.010817
1.992252
1.952611
1.944900
1.965747
2.004012
2.007602
1.996883
2.005343
1.999886
2.012569
2.004748
2.004682
1.996002
1.994964
2.000801
2.015715
2.013479
1.999693
2.012884
1.988693
1.985974
1.971322
1.979482
1.978271
1.934610
1.961993
1.975320
1.987759
2.000411
1.998288
1.975865
1.967156
1.981307
1.990503
2.008758
2.010628
1.998086
1.959624
1.948672
1.968943
2.002912
2.005963
1.992872
1.999639
1.995936
2.010107
2.003719
2.001428
1.991991
1.995122
2.003868
2.020733
2.014000
1.999984
2.009487
1.985837
1.981295
1.966156
2.004556
2.018379
2.036512
2.030544
2.018037
2.002909
2.003926
2.004308
1.962838
1.961438
1.981663
2.014163
1.999732
2.006758
2.019962
2.016061
2.026027
2.015211
2.010826
2.012456
1.987525
2.012535
2.002621
2.009769
1.981132
1.964330
1.959169
1.955412
1.968432
1.980629
1.993789
1.995264
1.984434
1.969868
1.976616
2.004603
1.997291
2.008080
2.010579
2.014807
2.009439
1.995336
2.005086
2.009340
1.976012
1.974680
1.992388
2.028291
1.999408
2.007667
2.024562
2.021154
2.027154
2.016814
2.007381
2.007475
1.982704
2.008049
1.996722
2.004226
1.980813
1.963989
1.957400
1.950262
1.966255
1.979154
1.993734
1.995259
1.984657
1.969556
1.974804
2.002960
2.009005
2.015391
2.021431
1.999871
2.008342
2.012326
2.004690
2.006455
1.990452
2.010232
2.012618
2.016468
2.024614
2.037825
2.017062
2.013879
2.014529
2.032990
2.011678
2.017949
2.035136
2.041278
2.030200
2.003497
1.994837
2.001293
1.971767
1.987725
2.003929
2.018879
2.010893
2.006174
1.995592
2.007570
2.007459
2.006276
2.008699
2.015903
2.014141
1.995715
1.995812
1.999348
2.003296
2.002230
1.979659
1.995970
2.006239
2.014455
2.026488
2.040625
2.019054
2.014284
2.016244
2.031797
2.010266
2.016083
2.028771
2.042209
2.027210
2.002242
1.994452
2.001605
1.973782
1.991035
2.006423
2.019655
2.011106
2.006055
1.995365
2.007743
2.008361
2.009096
2.022723
2.002138
1.978848
1.983981
1.978699
1.972286
1.991863
1.996215
1.990545
1.989934
1.996109
1.977249
1.994160
1.997079
1.997992
1.975765
1.993553
2.001736
2.009704
2.022305
2.020991
2.066288
2.049638
2.005479
1.997305
2.006159
1.995535
2.005471
1.999858
1.989548
2.004461
2.004481
2.014566
2.018312
2.020147
2.015992
2.023701
2.008921
1.995629
1.998500
1.995626
1.980627
1.992434
1.995236
1.978725
1.976545
1.993724
1.979469
1.993028
1.994695
1.989768
1.958828
1.980652
1.988593
2.011756
2.024823
2.026086
2.074266
2.052968
2.002124
1.996100
2.004425
1.992510
2.008047
2.002604
1.989552
2.004811
2.005375
2.015691
2.020543
2.021818
2.017102
2.003249
1.995909
1.983969
2.005778
2.001012
1.995991
1.997395
2.003488
2.019116
1.999768
1.996712
2.008120
2.008978
2.013479
2.021194
2.018849
2.014616
2.017643
2.003332
2.014145
2.037994
2.014515
1.999460
1.980994
2.009420
2.009253
1.975886
1.979844
1.979789
2.016197
2.001944
2.015771
2.036024
2.019136
2.020535
2.035836
1.999835
1.993612
1.972728
2.009430
2.004049
1.999076
1.997072
2.003667
2.022360
2.004585
2.002043
2.006888
2.011050
2.015184
2.024297
2.020341
2.015309
2.018464
2.003186
2.012310
2.035054
2.007244
1.996655
1.984988
2.008948
2.007790
1.977521
1.984894
1.980952
2.018086
2.002392
2.017134
2.036287
2.019837
2.021400
2.033423
