19.944342
19.920824
19.883848
19.795512
19.758527
19.833067
20.054814
20.074750
19.995138
20.220887
20.259362
20.051927
20.042713
20.166420
20.204452
20.046671
20.035375
19.941129
20.048972
20.063966
19.994814
20.219036
20.248440
20.032936
20.001529
19.892713
19.904695
19.578960
19.695648
19.940990
20.035666
20.004558
20.095575
20.144873
20.179898
20.122849
19.829895
19.715353
19.385623
19.404206
19.466871
19.718582
20.049679
19.998050
19.723160
19.516215
19.644945
19.746413
19.837234
19.718660
19.389969
19.420650
19.475548
19.709067
19.953260
19.917291
19.778622
19.811474
19.783822
19.770995
20.028372
19.906337
19.904594
19.798098
19.904474
19.874419
20.041940
20.001041
20.025104
19.774273
19.721484
19.926789
20.011801
19.906705
19.930362
19.608507
19.718499
19.958347
20.051915
20.004873
20.036749
19.776498
19.713708
19.914962
20.054235
20.009818
19.958379
20.114131
19.986332
19.923647
20.023588
20.170462
20.214142
20.221599
20.040450
20.056190
19.827139
19.846259
19.766269
19.719498
19.958345
19.893565
19.962992
19.917777
19.784865
19.777657
19.750702
19.763342
19.810704
19.829374
19.752899
19.731232
19.962407
19.877212
20.052751
20.194855
20.562491
20.316576
20.092794
19.954622
20.002712
19.890770
19.846371
19.846508
19.788326
19.724510
19.870706
19.766965
19.644719
19.872616
19.839942
19.891867
20.049485
20.006571
19.934300
20.112669
19.991571
19.936448
19.871198
19.770468
19.638220
19.870380
19.836454
19.888126
20.195780
20.105528
20.359353
19.882844
19.980178
20.169817
19.858735
19.687548
19.661763
19.734706
19.763700
19.904348
19.930742
19.886096
20.104600
19.948628
19.945939
19.928473
20.055569
20.199580
20.577009
20.322927
20.101794
19.958954
19.924905
19.876844
20.084347
19.942213
19.938736
19.919419
20.056669
20.082909
19.991345
19.884144
19.823569
19.962329
19.798004
19.703889
19.329964
19.176240
19.280755
19.685315
19.849748
19.740472
20.026616
19.876721
19.828792
19.606770
20.190230
20.105554
20.388630
19.911310
19.995983
20.162553
19.850188
19.751965
20.017830
19.878656
19.826262
19.623960
20.034475
20.136359
20.160429
20.048692
20.035361
19.924461
19.993295
20.078126
20.064736
19.958670
19.873927
19.904260
20.043375
19.929420
19.997353
19.978986
20.006453
19.751929
20.052048
20.076099
19.985903
19.872350
19.812743
19.957933
20.052576
19.945714
20.036468
20.014569
20.037731
19.757843
20.071973
20.010794
19.728837
19.522607
19.637588
19.722319
19.932139
19.901187
19.851634
19.817299
19.791448
19.884067
20.030152
20.041048
19.963130
20.194518
20.239578
20.018515
20.042980
20.133381
20.159356
20.049775
20.026708
19.913308
20.033124
20.047949
19.979302
20.200974
20.252287
20.031810
20.006286
19.914353
19.954299
19.597138
19.708097
19.962225
20.039493
20.009220
20.098765
20.159805
20.186133
20.090159
19.804736
19.687131
19.356699
19.503867
19.534617
19.754634
20.070236
20.011764
19.735810
19.512136
19.641866
19.727374
19.814614
19.695328
19.380938
19.524252
19.551425
19.768984
19.959973
19.918047
19.813623
19.819837
19.777361
19.740218
20.028829
19.901498
19.923908
19.824050
19.904591
19.882280
20.055587
20.006244
20.014367
19.759433
19.691992
19.870273
20.010080
19.927549
19.966238
19.603217
19.719604
19.964146
20.062713
20.021832
20.042834
19.778597
19.715844
19.923308
20.061371
20.006108
19.970928
20.144634
20.023533
19.950826
20.014769
20.160982
20.225133
20.241901
20.050276
20.070547
19.814001
19.824353
19.752038
19.727625
19.960462
19.869901
19.948801
19.898956
19.733568
19.721758
19.678077
19.688735
19.807371
19.821011
19.725607
19.649737
19.903175
19.846933
20.075862
20.202348
20.555993
20.281007
20.071579
19.959712
19.999586
19.898781
19.849636
19.872313
19.802859
19.724215
19.904384
19.796981
19.659626
19.896134
19.863916
19.952178
20.063498
20.014390
19.978831
20.134465
20.018743
19.941980
19.905070
19.800768
19.665266
19.901528
19.868131
19.953679
20.202723
20.132374
20.411946
19.930662
19.988603
20.173965
19.865110
19.700076
19.667723
19.750756
19.778241
19.916854
19.946947
19.890203
20.095395
19.943332
19.932847
19.918265
20.077842
20.204592
20.550103
20.282485
20.075631
19.964525
19.939638
19.880095
20.088042
19.935455
19.918809
19.904368
20.047909
20.076039
19.978326
19.879754
19.814049
19.955757
19.804802
19.720626
19.358561
19.187069
19.283532
19.689087
19.877190
19.787912
20.034252
19.906266
19.831207
19.627063
20.206758
20.133126
20.401011
19.930840
19.986905
20.172073
19.873605
19.783073
20.031780
19.906631
19.831949
19.630729
20.045966
20.123863
20.146571
20.031259
20.020408
19.929246
19.994693
20.091304
20.074505
19.951493
19.876749
19.893888
20.050070
19.935172
20.047294
20.021059
20.047638
19.783513
20.053026
20.079266
19.984255
19.885079
19.815994
19.961257
20.048861
19.934475
20.053617
20.032696
20.052796
19.773566
20.084501
20.021406
19.717721
19.507560
19.636349
19.716529
19.915923
19.882241
19.819045
19.796111
19.763327
19.849660
20.036666
20.032393
20.000483
20.280539
20.288075
20.073414
20.052338
20.128248
20.128264
20.032476
20.016176
19.916446
20.035845
20.035001
20.003875
20.278739
20.286889
20.069997
20.010670
19.927767
19.954906
19.616235
19.713568
19.956785
20.035372
20.003914
20.190828
20.239387
20.221420
20.066917
19.829071
19.721404
19.419748
19.551682
19.573091
19.769339
20.104983
20.040289
19.736334
19.558678
19.669026
19.702129
19.815545
19.699937
19.395853
19.536667
19.547313
19.751623
19.959375
19.927924
19.799022
19.835419
19.792292
19.767240
20.040057
19.912801
19.935913
19.856419
19.932582
19.910875
20.066268
20.019177
20.021806
19.768674
19.700886
19.893514
20.005986
19.924793
19.937728
19.608632
19.705506
19.965936
20.065488
20.012423
20.009191
19.762793
19.693933
19.883022
20.067956
20.022375
19.956301
20.124285
19.985199
19.907976
20.026406
20.167650
20.250874
20.251328
20.062834
20.058723
19.828982
19.805827
19.705240
19.690082
19.935351
19.873354
19.956681
19.926465
19.800888
19.823032
19.785672
19.793744
19.823480
19.801555
19.683689
19.667845
19.911864
19.863070
20.114120
20.268911
20.648455
20.362062
20.144950
19.996642
19.994792
19.897181
19.846510
19.845345
19.794631
19.708115
19.923803
19.827349
19.707324
19.914360
19.879922
19.958017
20.059899
20.008344
19.909993
20.092281
19.976040
19.898604
19.918619
19.820415
19.704490
19.911244
19.875213
19.961829
20.209427
20.139548
20.397199
19.932156
19.982747
20.167991
19.875197
19.707615
19.685505
19.777574
19.794034
19.966717
19.948054
19.886123
20.073634
19.922252
19.899446
19.901603
20.062193
20.206259
20.562839
20.286587
20.089538
19.962858
19.949616
19.884829
20.073181
19.926407
19.905121
19.907361
20.049288
20.084805
19.989037
19.859733
19.774971
19.931406
19.829121
19.746892
19.378051
19.178741
19.277979
19.722698
19.850693
19.747670
20.007914
19.877926
19.815911
19.654015
20.208315
20.139846
20.380955
19.906046
19.967237
20.154371
19.845730
19.736883
19.999053
19.900876
19.843113
19.657589
20.056480
20.126606
20.125438
20.029659
20.008187
19.902544
19.983173
20.088742
20.078569
19.946805
19.878932
19.893479
20.059379
19.946492
20.087560
20.068583
20.103814
19.805802
20.045386
20.083751
20.011439
19.881717
19.788573
19.939931
20.057193
19.940454
20.082946
20.068743
20.100713
19.802652
20.102021
20.038785
19.672369
19.511039
19.634500
19.697533
19.896542
19.835557
19.781032
19.792935
19.755638
19.851845
20.020986
20.017741
19.960205
20.242047
20.263051
20.054228
20.058402
20.121976
20.108054
20.019024
20.001864
19.906346
20.016959
20.012984
19.969126
20.246334
20.271395
20.062848
19.990474
19.904621
19.910991
19.567475
19.686874
19.947984
20.032491
20.020140
20.195380
20.211328
20.199690
20.059412
19.818871
19.708939
19.380958
19.510095
19.520481
19.749325
20.103129
20.037425
19.684127
19.535353
19.659980
19.717129
19.819279
19.707987
19.396788
19.533751
19.537875
19.757421
19.972987
19.952831
19.816921
19.848854
19.786410
19.805204
20.054291
19.933623
19.933883
19.847479
19.948790
19.921342
20.070142
20.023721
20.081138
19.806744
19.737779
19.877026
19.991289
19.912675
19.922355
19.558216
19.676656
19.946253
20.069650
20.017214
20.019583
19.755968
19.683351
19.853690
20.060105
20.001641
19.861495
20.059267
19.950618
19.886964
20.021719
20.156705
20.242914
20.245265
20.042029
20.054819
19.844236
19.806531
19.684212
19.677742
19.913566
19.855402
19.971389
19.952217
19.811053
19.851014
19.786223
19.808980
19.846129
19.812608
19.687021
19.675495
19.914263
19.844161
20.113773
20.285132
20.692320
20.403428
20.157466
19.995982
20.005226
19.881920
19.810486
19.799878
19.762674
19.690885
19.937853
19.846933
19.743801
19.941760
19.896194
19.974817
20.059042
20.005110
19.869564
20.067296
19.963820
19.891645
19.946321
19.858646
19.752601
19.949597
19.902538
19.987072
20.223067
20.160781
20.383787
19.863169
19.930155
20.130746
19.868447
19.704797
19.673717
19.782909
19.798869
19.982673
19.940630
19.890610
20.080743
19.953721
19.905789
19.930842
20.123451
20.292298
20.707567
20.393049
20.149248
20.005443
19.937568
19.885497
20.067620
19.931305
19.899863
19.924483
20.038984
20.073985
20.032156
19.879916
19.769565
19.914580
19.835176
19.777267
19.437250
19.201868
19.310618
19.707023
19.832341
19.719963
19.993185
19.903088
19.832115
19.629597
20.215042
20.145737
20.371866
19.859720
19.927130
20.133924
19.838899
19.730088
20.002099
19.910544
19.843713
19.648985
20.069583
20.141181
20.144368
20.061240
20.027546
19.930753
19.973838
20.073063
20.070653
19.960514
19.897825
19.887499
20.053095
19.946896
20.104855
20.080498
20.108811
19.802298
20.044621
20.077628
20.006352
19.865574
19.775713
19.935549
20.052921
19.946606
20.100266
20.082893
20.112194
19.808129
20.092785
20.022365
19.714410
19.511762
19.656644
19.714920
19.876927
19.839610
19.776420
19.833612
19.773288
19.862936
20.010249
20.019417
20.021402
20.262919
20.297085
20.049543
20.066304
20.139360
20.147863
20.063837
20.033021
19.946239
20.027932
20.039379
20.036705
20.272823
20.287457
20.053725
19.988496
19.898180
19.887926
19.532632
19.646800
19.925538
20.039351
20.020644
20.191657
20.224330
20.213539
20.055584
19.831563
19.712899
19.359155
19.564454
19.568031
19.778505
20.093631
20.023932
19.703898
19.518504
19.652827
19.707118
19.829267
19.708831
19.366998
19.501950
19.509984
19.724051
19.980477
19.945416
19.821989
19.829965
19.766093
19.801178
20.019812
19.887977
19.901548
19.837215
19.934778
19.911566
20.096975
20.047199
20.074053
19.770832
19.692094
19.851742
19.988918
19.903126
19.877575
19.454866
19.571822
19.889192
20.092088
20.046275
20.071299
19.773514
19.692374
19.862226
20.050802
20.004364
19.880560
20.080334
19.959309
19.891708
20.047079
20.193965
20.277633
20.258366
20.051802
20.020689
19.855091
19.822521
19.690082
19.667210
19.890186
19.849217
19.977215
19.940891
19.804042
19.811591
19.754283
19.789780
19.849170
19.814627
19.686860
19.665569
19.896149
19.854484
20.104580
20.285267
20.725362
20.426445
20.195283
20.041268
20.012059
19.884239
19.864685
19.840700
19.805375
19.735892
19.942069
19.852367
19.744327
19.928433
19.878978
19.963207
20.052270
20.014342
19.874663
20.096661
19.980212
19.918408
19.944007
19.851337
19.742086
19.928573
19.885116
19.964385
20.207009
20.128475
20.315208
19.814007
19.901806
20.092699
19.859416
19.689151
19.619807
19.704777
19.774680
19.948235
19.938418
19.887961
20.092610
19.945668
19.895848
19.929069
20.105932
20.280223
20.726846
20.418812
20.185180
20.031091
19.940871
19.889445
20.086314
19.943917
19.887252
19.924249
20.031001
20.072500
20.027115
19.873526
19.806003
19.921355
19.841710
19.787581
19.438033
19.222314
19.336421
19.744677
19.856452
19.721577
20.031117
19.915038
19.840701
19.665304
20.205084
20.128334
20.341100
19.850445
19.928067
20.125962
19.857845
19.723746
20.048135
19.932830
19.860102
19.675233
20.058299
20.152766
20.124365
20.002569
19.954197
19.870622
19.982669
20.084447
20.062193
19.886284
19.841616
19.879117
20.045333
19.932915
20.107320
20.072561
20.111842
19.780518
20.019013
20.054644
20.030397
19.897755
19.840701
20.014764
20.044486
19.934089
20.118400
20.070456
20.113025
19.793223
20.088887
20.036760
19.693633
19.506476
19.645250
19.691850
