1.998257
1.991868
1.988137
1.985901
1.980725
1.983717
2.000242
1.991263
1.991720
1.989350
1.982041
1.984285
1.999806
1.992922
1.994055
1.989553
1.983364
1.985648
1.998801
1.992033
1.991174
1.989418
1.982280
1.984786
2.000811
1.992652
1.991978
1.988471
1.982522
1.985485
1.999649
1.991508
1.990947
1.988087
1.981988
1.983900
1.999746
1.992687
1.990402
1.987820
1.981660
1.984081
2.000220
1.992954
1.992377
1.989143
1.982429
1.984321
1.998916
1.990460
1.992115
1.991498
1.984636
1.985106
2.000402
1.990373
1.992041
1.988815
1.980701
1.985314
2.000651
1.993082
1.992328
1.993899
1.984450
1.986479
2.000152
1.993103
1.992761
1.990616
1.982450
1.983929
2.000200
1.992121
1.993346
1.989080
1.982341
1.984777
2.001296
1.994146
1.992235
1.991348
1.984019
1.985510
1.999583
1.992283
1.991439
1.988594
1.982978
1.983603
2.001068
1.992881
1.990789
1.988318
1.982909
1.983650
2.000893
1.991818
1.991063
1.988848
1.982855
1.983982
1.998528
1.990447
1.991369
1.988703
1.981502
1.984282
1.999876
1.993758
1.992899
1.989264
1.981889
1.985048
2.000239
1.992164
1.991753
1.989187
1.984127
1.986742
1.999199
1.991930
1.990086
1.990884
1.983956
1.988059
2.000453
1.991843
1.991831
1.987797
1.981972
1.987408
2.001719
1.995143
1.993231
1.986995
1.982105
1.985000
2.000139
1.995706
1.992018
1.987521
1.981625
1.986304
2.000195
1.991503
1.990021
1.988230
1.983796
1.985028
2.000730
1.991270
1.990661
1.989300
1.983282
1.982794
1.998929
1.991971
1.989330
1.987009
1.981919
1.984887
2.000140
1.990132
1.989180
1.988495
1.981218
1.984712
2.000228
1.991754
1.991888
1.989185
1.981781
1.986691
2.000369
1.993130
1.992365
1.990725
1.985276
1.985546
2.000270
1.991810
1.995884
1.991827
1.983361
1.984545
1.999844
1.991695
1.992015
1.988422
1.984872
1.985786
1.999161
1.992005
1.991353
1.990183
1.981661
1.983791
2.000813
1.992465
1.991986
1.987662
1.981777
1.983673
1.999191
1.989478
1.989417
1.989077
1.982756
1.986299
2.000018
1.992297
1.992301
1.988685
1.980844
1.986536
1.999642
1.991980
1.991441
1.988404
1.982454
1.984313
2.000029
1.991968
1.991669
1.989394
1.984233
1.986709
1.999147
1.991099
1.989554
1.989566
1.982103
1.986658
2.000563
1.992197
1.993190
1.990221
1.982015
1.983197
1.999562
1.989825
1.989055
1.987964
1.980591
1.983448
1.999606
1.991562
1.990255
1.990538
1.986256
1.986199
2.000505
1.992107
1.990840
1.988558
1.981860
1.982999
2.001503
1.994013
1.991955
1.988208
1.980038
1.982736
2.000470
1.993155
1.993938
1.988204
1.981116
1.983086
1.999862
1.991339
1.992679
1.991447
1.983897
1.984151
2.001137
1.994146
1.992206
1.988895
1.981787
1.983943
2.000661
1.992818
1.992060
1.989766
1.983439
1.986166
1.999873
1.991623
1.990061
1.988087
1.981585
1.984788
1.999855
1.992530
1.992470
1.989386
1.981703
1.983559
2.000695
1.992625
1.991766
1.987742
1.982524
1.983912
1.999851
1.991334
1.990526
1.988516
1.980446
1.982078
1.999688
1.990769
1.988259
1.988227
1.981624
1.984447
2.000646
1.992448
1.991495
1.988895
1.981893
1.984276
2.000017
1.991726
1.999030
1.991496
1.981693
1.982845
2.000645
1.990952
1.990964
1.987647
1.981027
1.984098
1.999501
1.992797
1.993443
1.990260
1.984656
1.984910
1.999247
1.991208
1.991154
1.987192
1.980045
1.985857
1.999367
1.990732
1.989772
1.988857
1.982059
1.985662
2.000118
1.992048
1.990916
1.990529
1.983290
1.984630
1.999317
1.989885
1.992179
1.987525
1.980569
1.984348
1.998826
1.990618
1.989306
1.986912
1.981446
1.984745
2.001396
1.992722
1.990682
1.991527
1.986561
1.987016
1.999139
1.990609
1.991172
1.988448
1.981733
1.987648
1.999496
1.991716
1.991559
1.987632
1.981709
1.984913
2.000620
1.993052
1.993296
1.989448
1.982755
1.984486
1.998422
1.990506
1.988045
1.987955
1.982581
1.985261
2.001054
1.993105
1.994711
1.991369
1.983447
1.984534
2.000245
1.991817
1.991183
1.987851
1.980753
1.986160
2.000252
1.992877
1.992478
1.990457
1.984346
1.987578
1.999379
1.991698
1.993131
1.987302
1.982309
1.983278
1.999242
1.990282
1.992849
1.991352
1.983151
1.984010
2.000522
1.992813
1.993609
1.989202
1.982943
1.984124
2.000257
1.996926
1.991335
1.990254
1.982824
1.983321
2.000805
1.994142
1.991864
1.988770
1.982304
1.986668
1.999315
1.992569
1.990010
1.990752
1.981506
1.982105
2.000484
1.993902
1.991754
1.989294
1.982272
1.983220
1.999936
1.989841
1.990441
1.988565
1.981848
1.984716
2.000991
1.993118
1.990777
1.986638
1.979269
1.983845
2.000228
1.991372
1.990644
1.989455
1.983845
1.986084
2.000075
1.991454
1.990386
1.987162
1.981445
1.984947
2.000284
1.990609
1.991446
1.988202
1.982618
1.985486
2.000889
1.992576
1.990580
1.991965
1.984287
1.984433
2.000332
1.993655
1.988382
1.988293
1.981818
1.982927
2.000326
1.990822
1.988573
1.989205
1.980669
1.983592
1.999887
1.992138
1.991721
1.989045
1.981152
1.983428
1.999889
1.991262
1.989789
1.989384
1.982728
1.985774
2.000959
1.992222
1.995107
1.989361
1.981118
1.984542
1.999368
1.992639
1.992181
1.990115
1.980985
1.984522
1.998737
1.991759
1.991373
1.988214
1.982134
1.985352
1.998761
1.991692
1.990842
1.986931
1.981499
1.982606
1.999883
1.992691
1.991895
1.987752
1.983618
1.985283
1.999821
1.991359
1.991440
1.991263
1.982999
1.984366
1.999137
1.990367
1.990877
1.987247
1.981195
1.983325
1.999166
1.990747
1.990944
1.989305
1.980417
1.985240
1.998841
1.991989
1.991887
1.988561
1.981992
1.985160
1.999750
1.991543
1.989756
1.987333
1.981819
1.984296
2.001012
1.993518
1.991781
1.988801
1.982398
1.985199
2.000095
1.991415
1.991643
1.988871
1.983790
1.984588
1.998881
1.990351
1.990516
1.988433
1.983405
1.984528
1.998257
1.996104
1.996308
1.994951
1.993651
1.993336
2.000242
1.996080
2.004544
1.999300
1.995570
1.996049
1.999806
1.996999
1.999158
1.995607
1.992209
1.994212
1.998801
1.998493
1.995645
1.995718
1.991012
1.992874
2.000811
1.997241
1.998703
1.997388
1.993421
1.992905
1.999649
1.996578
1.999972
1.998214
1.994805
1.993549
1.999746
1.997878
1.997012
1.994812
1.992339
1.992761
2.000220
1.999145
1.997328
1.997827
1.992723
1.994072
1.998916
1.995570
1.994891
1.995093
1.994764
1.995923
2.000402
1.995770
1.996562
1.998139
1.993915
1.998550
2.000651
1.997701
1.998442
1.995803
1.992150
1.994783
2.000152
1.997515
1.997172
1.997357
1.992153
1.995615
2.000200
1.998103
2.000757
1.998523
1.993309
1.992994
2.001296
1.999229
1.997032
1.994411
1.991799
1.993442
1.999583
1.996144
1.995556
1.994616
1.992195
1.998978
2.001068
1.997733
2.005726
1.998879
1.996162
1.995482
2.000893
1.997147
1.996197
1.995595
1.995604
1.994898
1.998528
1.994985
1.994042
1.994743
1.993547
1.993918
1.999876
1.999502
1.997865
1.995172
1.995687
1.995268
2.000239
1.996517
1.996458
1.994953
1.990814
1.991980
1.999199
1.997212
1.997830
1.996291
1.991760
1.994555
2.000453
1.996814
1.996856
1.999363
1.994791
1.995447
2.001719
2.000109
1.998289
1.997456
1.992624
1.994653
2.000139
2.006873
1.998420
1.997878
1.998454
1.995718
2.000195
1.996361
1.997175
1.995991
1.991813
1.993687
2.000730
1.996992
1.997188
1.996570
1.993984
1.995105
1.998929
1.996187
1.997786
1.996486
1.990257
1.994002
2.000140
1.995086
1.997090
1.993572
1.991716
1.993984
2.000228
1.996799
1.997347
1.996507
1.991063
1.993864
2.000369
1.997710
1.998032
1.996456
1.994959
1.996031
2.000270
1.997446
1.997907
1.996080
1.993094
1.994893
1.999844
1.996376
1.995776
1.994881
1.990467
1.992378
1.999161
1.996576
1.996909
1.995081
1.992255
1.994270
2.000813
1.996792
1.995077
1.997542
1.996072
1.996022
1.999191
1.994116
1.994951
1.995233
1.992019
1.993375
2.000018
1.997192
1.998227
1.997945
1.994704
1.997266
1.999642
1.996043
1.995529
1.995545
1.992892
1.995316
2.000029
1.997065
1.997473
1.996127
1.994142
1.993360
1.999147
1.996028
1.994902
1.993881
1.991470
1.993576
2.000563
1.996573
1.996617
1.998240
1.993384
1.992862
1.999562
1.994729
1.997407
1.997088
1.992518
1.994170
1.999606
1.995801
1.996629
1.997280
1.992290
1.993598
2.000505
1.995867
1.996188
1.996883
1.995728
1.994091
2.001503
1.998223
1.998724
1.999848
1.994093
1.993940
2.000470
1.998036
1.999482
1.995551
1.994973
1.995947
1.999862
1.996282
1.996138
1.996692
1.991377
1.995570
2.001137
1.999310
1.998471
1.995008
1.992229
1.994765
2.000661
1.997749
1.996498
2.003907
1.997838
1.994225
1.999873
1.996872
1.995648
1.994458
1.994382
1.994496
1.999855
1.996541
1.997942
1.996799
1.992959
1.996187
2.000695
1.997438
1.996134
1.994288
1.991367
1.993394
1.999851
1.996110
1.994770
1.993616
1.993221
1.994747
1.999688
1.994846
1.994661
1.992830
1.990463
1.992609
2.000646
1.997544
1.996663
1.994835
1.991666
1.994231
2.000017
1.996846
1.996820
1.995867
1.993307
1.994783
2.000645
1.995652
1.996748
1.997070
1.994884
1.996872
1.999501
1.997360
1.997022
1.995210
1.997869
1.995556
1.999247
1.995937
1.997003
1.995496
1.992727
1.994353
1.999367
1.995303
1.996195
1.994676
1.993064
1.993698
2.000118
1.997046
1.999156
1.994080
1.990702
1.998443
1.999317
1.994950
1.996349
1.995941
1.991767
1.993471
1.998826
1.996087
2.004984
1.997338
1.994174
1.995834
2.001396
1.997973
1.998450
1.997283
1.994401
1.993591
1.999139
1.995942
1.996202
1.995668
1.993565
1.994449
1.999496
1.999712
1.997055
1.994962
1.992457
1.994418
2.000620
1.997076
1.997464
1.996674
1.993401
1.995096
1.998422
1.996121
1.995874
1.994212
1.993762
1.993813
2.001054
1.997651
1.996439
1.995934
1.992018
1.994232
2.000245
1.996726
1.995583
1.994808
1.993409
1.994060
2.000252
1.997827
1.998895
1.998024
1.994571
1.995719
1.999379
1.996915
1.997054
1.996115
1.993337
1.996162
1.999242
1.995739
1.996771
1.996378
1.993643
1.992781
2.000522
1.997022
2.000190
1.997087
1.993942
1.996277
2.000257
2.000506
1.996763
1.997228
1.993473
1.994605
2.000805
1.998448
1.996349
1.993177
1.992085
1.993399
1.999315
1.997562
1.997100
1.995828
1.993984
1.993923
2.000484
1.998184
1.998124
1.997886
1.993581
1.995220
1.999936
1.994843
1.995479
1.996042
1.992988
1.994520
2.000991
1.998572
1.997547
1.995477
1.992900
1.993328
2.000228
1.995473
1.993835
1.995004
1.993212
1.992961
2.000075
1.996662
1.994920
1.995285
1.991446
1.992717
2.000284
1.995707
1.996453
1.997569
1.995238
1.993460
2.000889
1.997410
1.996372
1.996752
1.994111
1.996503
2.000332
1.997775
1.996537
1.995646
1.994043
1.995136
2.000326
1.995607
1.995382
1.998485
1.992284
1.993190
1.999887
1.998093
1.995111
1.995383
1.993325
1.995143
1.999889
1.995436
1.995080
1.993681
1.989182
1.993235
2.000959
1.997400
1.997079
1.995523
1.992689
1.994638
1.999368
1.996779
1.998911
1.996233
1.993521
1.996832
1.998737
1.996542
1.997349
1.997323
1.996269
1.994950
1.998761
1.996934
1.994813
1.995226
1.992886
1.993919
1.999883
1.997247
2.000151
1.995927
1.991963
1.995421
1.999821
1.997912
1.994991
1.996010
1.994711
1.995048
1.999137
1.995428
1.998585
1.995869
1.992400
1.995706
1.999166
1.995759
1.995962
1.997110
1.994034
1.995351
1.998841
1.996285
1.997093
1.997257
1.996533
1.994996
1.999750
1.996553
1.997419
1.996322
1.995919
1.994021
2.001012
1.998653
1.997267
2.000242
1.996161
1.994829
2.000095
1.997198
1.997938
1.994299
1.994803
1.994335
1.998881
1.996579
1.997419
2.006799
2.004344
1.997388
1.998257
1.998327
1.998537
1.996827
1.996818
1.996562
2.000242
1.999160
1.999182
1.999702
1.997059
1.999775
1.999806
1.999286
1.998671
1.998617
1.999414
2.001663
1.998801
2.000065
2.000534
1.999319
1.996823
1.998473
2.000811
1.999594
2.001085
2.000601
1.997491
1.997340
1.999649
1.998438
1.999183
1.999060
2.000900
2.000831
1.999746
1.999567
1.998770
1.997752
1.996294
1.995774
2.000220
2.000503
2.000406
1.999134
2.001906
1.999386
1.998916
1.998219
1.998835
1.997678
1.994785
1.998065
2.000402
1.998115
2.000752
1.998894
1.997560
1.998187
2.000651
1.999308
1.998048
2.000525
1.996597
1.997108
2.000152
2.000070
2.000158
1.998360
1.997553
1.999850
2.000200
2.000680
2.001582
1.999332
1.999021
1.998516
2.001296
2.001786
2.000776
2.001155
2.000693
1.998930
1.999583
1.998508
2.002404
2.003065
1.999984
1.997090
2.001068
1.999854
2.000765
2.026987
2.010078
2.004467
2.000893
1.999125
1.999104
1.997258
1.998834
1.999572
1.998528
1.996706
2.001999
1.998331
2.000699
1.998201
1.999876
2.002144
2.002122
1.999476
1.997995
1.998310
2.000239
1.998521
2.000601
1.998712
1.994965
1.994592
1.999199
1.998602
2.000222
2.000778
1.998388
1.999566
2.000453
1.998876
1.997820
1.997405
1.996573
1.997350
2.001719
2.004172
2.001314
1.999208
1.998399
1.998972
2.000139
2.005964
1.998171
1.996854
1.994873
1.997059
2.000195
1.998198
1.999544
1.999637
1.997718
2.000783
2.000730
1.999285
2.000090
1.997842
1.997494
1.999456
1.998929
1.998053
1.997947
1.998298
1.998147
1.997404
2.000140
1.997393
1.999114
1.997144
1.997961
1.999993
2.000228
1.999132
1.999630
2.000407
1.999229
1.998731
2.000369
2.000757
2.003472
1.999899
1.998173
1.999520
2.000270
1.999623
2.001218
2.001063
1.998326
1.998788
1.999844
1.998741
1.998108
1.999657
1.997133
1.999334
1.999161
2.001495
2.001941
2.001462
2.001488
1.999911
2.000813
1.999629
1.998137
1.998068
1.996592
1.998531
1.999191
1.996781
1.996749
1.997028
1.996052
2.002856
2.000018
1.999254
2.000387
2.000601
1.999257
2.001293
1.999642
1.998594
1.998973
1.997923
1.997095
1.998345
2.000029
1.998813
1.999584
1.997993
1.995987
1.996096
1.999147
1.998299
1.998394
1.996816
1.995939
1.997597
2.000563
1.998855
2.000011
2.001458
1.998871
2.000532
1.999562
1.996788
1.999237
1.998477
1.999402
1.996796
1.999606
1.997936
1.999066
1.999910
1.997686
1.997078
2.000505
1.998042
1.998005
1.999026
1.999429
2.001738
2.001503
2.000661
1.998349
1.999700
1.996173
2.000572
2.000470
2.000444
2.000429
1.999871
1.998079
1.999369
1.999862
1.998500
1.998949
1.999238
2.000648
1.999962
2.001137
2.001903
2.000160
1.999526
1.999679
1.999411
2.000661
1.999667
2.000970
2.002284
1.999133
1.999377
1.999873
1.998529
1.999292
1.998373
1.998049
1.998890
1.999855
1.998388
1.997944
1.997983
1.997645
1.996601
2.000695
1.999924
1.999651
1.997525
1.998680
1.999356
1.999851
1.997949
2.000359
1.998301
1.995508
1.998050
1.999688
1.997908
1.997832
2.000338
1.997904
1.998826
2.000646
1.999879
1.999420
2.001287
1.999378
1.999270
2.000017
1.998625
2.000299
2.000420
1.996357
1.997074
2.000645
1.998166
1.999503
2.000472
1.997687
1.997319
1.999501
1.999591
1.997137
1.996701
1.998420
1.996733
1.999247
1.997994
1.998787
1.999223
1.997938
1.999362
1.999367
1.997155
1.998131
1.997930
1.999897
1.998914
2.000118
1.999297
1.998412
1.999932
1.998786
1.998656
1.999317
1.996545
1.996818
1.997889
1.995989
1.999293
1.998826
1.997905
2.001630
1.999625
2.001055
2.005054
2.001396
1.999142
1.997101
1.997400
1.997946
1.998529
1.999139
1.998738
1.996792
1.997485
1.995001
1.996892
1.999496
1.999039
1.998070
1.997586
1.995931
1.997748
2.000620
1.999662
1.996909
1.996601
1.995459
1.996219
1.998422
1.998141
1.998195
1.997545
1.996977
1.998182
2.001054
1.999485
1.999003
2.000923
1.999637
2.001687
2.000245
1.998874
2.001144
2.001635
1.998412
1.999194
2.000252
1.999992
2.007941
2.001097
1.999026
1.997746
1.999379
1.998880
1.999077
1.998046
1.996046
1.997704
1.999242
1.998515
2.002087
2.002735
1.998901
1.998831
2.000522
2.000094
2.001156
1.999609
1.996346
1.999121
2.000257
2.001144
1.998409
2.001329
2.000186
2.001254
2.000805
2.000635
2.001037
1.998368
1.997322
1.996938
1.999315
1.999089
2.000959
1.999519
1.999043
1.998699
2.000484
2.000497
1.999525
1.999405
1.997914
2.000062
1.999936
1.997899
1.998401
1.999110
2.000640
2.000176
2.000991
2.001366
2.001407
1.999824
1.997358
1.998410
2.000228
1.997931
1.999916
1.999689
1.997675
1.998151
2.000075
1.999619
2.000639
2.001638
2.003655
2.003841
2.000284
1.997307
2.001236
1.998286
2.000578
1.997657
2.000889
1.999807
2.001172
1.999881
1.997927
1.999468
2.000332
2.000378
2.002200
1.999850
1.999701
1.999775
2.000326
1.997713
1.999442
2.001494
1.997730
1.997658
1.999887
1.999522
1.999535
1.999672
1.997408
1.996799
1.999889
1.998008
1.998352
1.999938
1.998755
2.000083
2.000959
1.999375
2.002146
2.001559
1.999081
1.998477
1.999368
1.999217
1.999212
2.001064
1.998180
1.998246
1.998737
1.998500
1.999353
1.999549
1.997580
1.998697
1.998761
1.999447
2.000191
1.998827
1.997836
2.000390
1.999883
1.998859
2.003542
2.000445
1.996445
1.997594
1.999821
1.998606
1.998582
1.998627
1.998566
2.000498
1.999137
1.996879
1.999985
1.999593
2.002018
1.999405
1.999166
1.998051
1.997293
1.999529
1.996679
1.997232
1.998841
1.998565
1.999621
2.000994
1.999246
1.997456
1.999750
1.999351
2.000333
2.000454
1.997136
1.997799
2.001012
2.000840
2.002860
2.002208
1.998920
1.999910
2.000095
1.999910
1.997129
2.000619
1.999437
1.998245
1.998881
2.001163
2.000328
2.002929
1.999049
2.000023
1.998257
1.998998
2.001647
2.003984
2.001967
2.000256
2.000242
1.999862
2.000604
2.001546
1.998351
2.000348
1.999806
2.000405
2.007436
2.003649
2.002350
2.001546
1.998801
2.001670
2.002060
2.000095
1.999376
2.003805
2.000811
2.000268
2.002448
2.001211
1.999895
2.002424
1.999649
1.999477
1.999738
1.997985
1.999621
1.998938
1.999746
2.000307
1.999485
1.998960
1.998801
1.999541
2.000220
2.001388
2.005785
2.000770
2.000989
1.998611
1.998916
1.999542
2.000096
2.000120
2.001051
1.998893
2.000402
1.998865
1.998645
1.999406
1.997788
1.997821
2.000651
2.000337
2.001864
1.999996
2.001255
1.998820
2.000152
2.000453
2.003789
2.000862
2.001121
2.001910
2.000200
2.000704
2.001786
2.001669
1.999522
1.998692
2.001296
2.002269
2.001459
1.999999
2.000249
2.000931
1.999583
1.999408
1.999238
2.002523
2.002385
2.000651
2.001068
2.001030
1.999995
2.001134
2.001466
1.998875
2.000893
1.999881
2.000208
2.001381
2.000948
1.999614
1.998528
1.997548
1.998275
1.999409
1.997877
1.998460
1.999876
2.001619
2.001166
1.999709
1.999194
2.000822
2.000239
1.999920
1.999697
1.998854
1.998407
2.000612
1.999199
1.999029
1.998971
1.997624
1.996909
2.000054
2.000453
1.999998
2.001233
1.998348
1.997551
1.996825
2.001719
2.003586
1.999820
1.999273
1.998525
1.997720
2.000139
2.004523
2.014346
2.004372
2.003785
2.002661
2.000195
1.998725
2.000534
2.001938
2.002817
2.001891
2.000730
2.000179
2.004847
2.002076
2.001288
2.000477
1.998929
1.999063
1.999216
2.000754
2.000524
1.999746
2.000140
1.998076
1.999812
2.000190
2.000240
1.999890
2.000228
1.999780
2.000132
2.000843
2.001486
2.001284
2.000369
2.001730
2.002377
2.000118
1.999443
2.000381
2.000270
2.000171
2.001326
2.001760
2.000484
2.002085
1.999844
1.999476
2.000746
2.003162
2.001454
1.999181
1.999161
2.001005
2.002126
2.000686
1.999008
1.999304
2.000813
2.001211
2.001105
1.999626
2.000454
1.999691
1.999191
1.997756
1.996984
2.001212
2.001427
1.999790
2.000018
2.000559
2.000005
1.998247
1.999242
2.000846
1.999642
1.999157
2.002429
1.998980
2.000219
2.000366
2.000029
1.999691
2.000531
1.999315
2.002584
1.999642
1.999147
1.998318
1.998359
2.001332
1.999999
1.999982
2.000563
1.999068
1.999980
2.001923
2.001507
2.000181
1.999562
1.997960
1.999170
2.000451
2.000954
2.001695
1.999606
1.998662
2.000098
2.000829
2.001164
2.000755
2.000505
1.998783
2.001999
2.002367
2.000466
1.999978
2.001503
2.001619
1.999152
2.000461
1.999659
2.000552
2.000470
2.001386
1.999429
2.001135
1.999849
2.003014
1.999862
1.999592
1.999182
2.002487
2.001543
2.000832
2.001137
2.002152
2.004534
2.002661
2.000679
1.999650
2.000661
2.000678
2.000239
1.999223
1.998657
1.999649
1.999873
1.999485
2.000636
1.999991
2.000812
2.001371
1.999855
1.999558
1.998880
2.003502
2.002152
2.001759
2.000695
2.000291
2.002104
2.000821
1.999838
2.000817
1.999851
1.998820
1.998003
1.998849
2.000169
2.000620
1.999688
1.998867
1.997147
1.999006
1.997656
1.999428
2.000646
2.000180
2.001184
2.001022
2.000644
2.004943
2.000017
1.998823
2.001274
1.999100
1.999264
2.001052
2.000645
1.998472
1.998787
1.999533
1.999380
1.998701
1.999501
2.001188
2.001900
2.001307
2.000618
2.000176
1.999247
1.999844
2.000607
2.000348
1.997867
2.001532
1.999367
1.997892
2.000420
2.000096
1.999461
2.002610
2.000118
1.999812
2.000726
2.003648
2.007780
2.004249
1.999317
1.997582
1.996946
1.997488
1.999188
2.001064
1.998826
1.998683
1.998404
1.998893
1.999845
2.000014
2.001396
1.999486
2.005517
2.001383
2.000456
1.999670
1.999139
1.998998
1.999444
1.999238
2.003201
2.000818
1.999496
1.999656
2.000400
2.000981
2.001566
2.000179
2.000620
2.000877
2.002523
2.003924
2.002042
2.001619
1.998422
1.998742
1.999091
2.002703
2.001048
2.000673
2.001054
2.000509
2.001436
2.001449
2.001677
2.000812
2.000245
1.999884
1.999819
2.000115
1.997626
2.002210
2.000252
2.001197
2.001286
2.000950
1.999061
2.001040
1.999379
2.000011
1.999211
1.999504
1.998705
2.000829
1.999242
1.998942
1.998998
1.999677
2.000528
2.001519
2.000522
2.001538
2.001212
2.001631
1.999133
1.999552
2.000257
2.001550
1.998754
1.999333
2.000136
2.002038
2.000805
2.000967
1.999209
2.000235
1.998370
1.999319
1.999315
1.999703
2.001728
2.000670
1.997733
1.999619
2.000484
2.000958
1.999662
2.000194
2.000311
2.000547
1.999936
1.998288
2.000482
1.999243
1.998282
1.998843
2.000991
2.003113
2.003721
2.000169
2.001264
1.999626
2.000228
1.998944
1.997316
1.998796
1.996654
1.999412
2.000075
1.999800
2.027354
2.008597
2.006455
2.001622
2.000284
1.998027
1.997009
1.998271
1.997085
2.001397
2.000889
2.001138
2.001805
2.002738
2.001928
1.999202
2.000332
2.000572
2.000901
2.000143
1.997773
1.998740
2.000326
1.998846
2.000837
2.000373
2.000771
2.000072
1.999887
1.999494
1.999809
1.999723
1.998487
2.001042
1.999889
1.999400
2.001062
2.002380
1.998987
2.001007
2.000959
1.999963
2.000507
2.001075
2.000799
2.000347
1.999368
2.000058
2.002234
2.000050
2.000733
2.001580
1.998737
1.999285
2.008348
2.000806
1.998956
1.999978
1.998761
1.999703
2.000723
2.001683
2.001346
1.999179
1.999883
1.999569
2.002450
2.002682
2.002460
1.999742
1.999821
1.999692
2.003929
2.001335
1.999941
2.000456
1.999137
1.998003
1.998277
1.997427
1.997529
1.999890
1.999166
1.998358
2.000089
1.998963
2.001124
2.001323
1.998841
1.999446
1.999212
1.997677
1.998373
1.999249
1.999750
2.000118
1.999909
2.002606
2.001075
2.000365
2.001012
2.001193
2.000481
2.000118
2.002174
2.001529
2.000095
2.000123
1.999551
2.000463
1.998304
1.999526
1.998881
1.999957
1.999749
2.000849
2.000499
2.004424
1.998257
1.999458
1.999409
1.999194
1.999207
1.999090
2.000242
1.999771
2.000328
2.007749
2.002520
2.001605
1.999806
2.001595
2.002258
2.000887
1.998698
2.004119
1.998801
2.002491
1.999236
1.998119
1.997963
2.000580
2.000811
2.000064
2.000541
2.000414
1.999614
2.003708
1.999649
2.000039
2.003815
2.002784
2.000204
1.999385
1.999746
2.000109
1.998726
2.000893
1.999985
2.000566
2.000220
2.001695
2.000025
2.001931
2.000850
2.001456
1.998916
1.999872
2.000357
2.000712
1.998762
1.998913
2.000402
1.998722
1.999193
1.998357
1.999065
1.998023
2.000651
2.000268
1.998710
1.999368
2.000739
2.000323
2.000152
2.000475
1.999094
1.999863
1.998734
2.001482
2.000200
2.000595
2.002224
2.001660
2.000609
1.999965
2.001296
2.001980
2.000690
2.002709
2.000993
1.998903
1.999583
1.999106
2.000417
1.999514
1.998659
1.998823
2.001068
2.001506
1.999410
1.998980
1.998353
1.998844
2.000893
2.000144
1.999186
2.000310
2.000043
2.002501
1.998528
1.998000
2.000207
2.001014
2.000485
2.000200
1.999876
2.002132
2.002024
2.001075
2.000284
2.001040
2.000239
2.000546
2.000448
2.000924
1.999948
2.000961
1.999199
1.999282
2.031062
2.011756
2.007717
2.002207
2.000453
2.000786
2.001114
2.000652
2.001598
1.999629
2.001719
2.003446
2.001897
2.002387
1.999053
1.999396
2.000139
2.009366
2.003062
2.002781
2.002907
2.001260
2.000195
1.999038
2.000382
2.000979
2.000711
2.006620
2.000730
1.999773
2.001177
2.001788
2.002593
2.001760
1.998929
1.999019
1.998802
1.999380
2.001236
1.999465
2.000140
1.998412
2.000585
2.000072
2.001351
2.001411
2.000228
1.999873
2.000907
2.003689
2.003292
2.002172
2.000369
2.001933
2.001893
2.003350
2.001061
1.999894
2.000270
2.000540
2.001052
1.999609
2.001049
2.002731
1.999844
2.000026
1.999365
1.999352
1.999279
2.001631
1.999161
2.000708
2.000885
2.001141
2.003990
2.001075
2.000813
2.001461
1.999650
2.000305
2.000935
1.999098
1.999191
1.998777
1.999698
2.001941
2.000285
1.999048
2.000018
2.000049
2.001340
2.000184
1.999930
2.000216
1.999642
1.999550
2.001993
2.001877
2.002605
2.002081
2.000029
2.000871
1.999641
1.998192
1.999406
2.001526
1.999147
1.998487
1.997785
2.000415
2.000987
1.997934
2.000563
2.000801
2.002530
2.001010
2.000024
1.999465
1.999562
1.997511
1.997951
1.999463
1.996650
1.998717
1.999606
1.999076
2.001196
2.003876
2.001265
2.000645
2.000505
1.998748
2.001032
2.003374
2.002583
1.999366
2.001503
2.002421
1.999895
2.001452
2.001507
2.000467
2.000470
2.001788
2.001748
2.001552
2.002264
2.003433
1.999862
2.000194
1.998294
1.999420
1.997040
2.000213
2.001137
2.002310
2.002934
2.002274
2.001143
2.001822
2.000661
2.000926
2.001552
2.001358
2.002731
2.003350
1.999873
1.999489
1.999691
1.999070
2.000158
2.000784
1.999855
1.999861
2.001939
2.001154
1.999204
1.999655
2.000695
2.000564
1.999837
2.001560
2.000462
2.001052
1.999851
1.998962
1.998217
2.000366
2.000552
2.002249
1.999688
1.999035
2.000618
2.001254
2.001271
1.999338
2.000646
2.000119
2.000305
2.002489
2.000890
1.999199
2.000017
1.999175
1.999049
1.998867
1.999545
1.999026
2.000645
1.998660
1.999681
1.999805
1.998584
2.000997
1.999501
2.001741
2.005122
2.000193
2.000830
2.000898
1.999247
2.003725
2.000952
2.000496
1.999091
2.003919
1.999367
1.998830
1.999198
2.000035
1.999273
1.998710
2.000118
2.000524
2.001132
2.000626
2.000264
2.000257
1.999317
1.997952
1.998692
2.001403
1.999875
2.000570
1.998826
1.999035
2.001157
1.999276
1.999015
1.999928
2.001396
1.999717
2.001561
2.000949
2.001101
1.999295
1.999139
1.999118
2.001377
2.000040
2.000354
2.001319
1.999496
1.999986
2.000422
2.001116
2.000940
1.998984
2.000620
2.001241
2.005426
2.002619
2.001484
2.004405
1.998422
1.998615
1.998719
1.998633
2.000930
2.002253
2.001054
2.001272
2.001065
1.999551
2.000690
2.000636
2.000245
1.999606
1.998832
2.000786
2.001611
2.005699
2.000252
2.000845
2.001667
2.001355
1.998900
1.997711
1.999379
2.000564
2.002478
2.002524
2.000835
2.001227
1.999242
2.001693
1.998663
1.999149
1.999653
2.000821
2.000522
2.001321
2.001021
2.000846
1.999624
2.000061
2.000257
2.002298
2.001510
2.001918
2.001095
1.999636
2.000805
2.001288
2.000226
2.000890
2.000935
2.000009
1.999315
2.000009
1.999597
1.997959
1.999037
2.001367
2.000484
2.000892
2.001813
2.002268
2.002198
1.998106
1.999936
1.998929
2.000446
2.001248
2.000595
2.001042
2.000991
2.004029
2.001571
2.001947
1.999277
1.997121
2.000228
1.999025
2.001159
2.002575
2.000107
2.000208
2.000075
1.999996
2.001891
2.002884
2.002782
1.999548
2.000284
1.998452
2.000928
2.000066
1.999924
2.001461
2.000889
2.001166
2.002143
2.000701
2.000989
2.001179
2.000332
2.000651
1.998972
2.002265
2.000114
2.000827
2.000326
1.999486
2.002213
1.999851
2.000343
1.999585
1.999887
1.999046
1.999065
2.002206
2.002846
2.002824
1.999889
1.999700
2.000080
2.001443
1.998603
1.998021
2.000959
2.000760
2.001530
2.001969
2.002896
1.999911
1.999368
2.001394
2.000925
2.001832
2.002806
2.003490
1.998737
1.999446
2.001125
1.999780
1.999084
2.001773
1.998761
1.999298
2.000086
1.999079
1.997498
1.999722
1.999883
2.000015
2.000477
2.001614
2.000156
2.004396
1.999821
2.000136
1.999615
2.001198
2.002181
2.002460
1.999137
1.998570
1.999945
2.001856
2.001045
2.002461
1.999166
1.999267
1.998409
1.999128
2.002163
2.000607
1.998841
2.000049
2.001446
2.002253
2.001224
2.001969
1.999750
2.000134
2.000236
2.001070
2.000266
1.999137
2.001012
2.002029
2.001806
1.999553
2.001656
1.999710
2.000095
2.000455
2.001761
2.001029
2.001997
2.001613
1.998881
1.999094
1.998417
2.000547
1.999429
2.000150
1.998257
1.999623
2.001680
2.000243
1.999321
1.999327
2.000242
1.999751
2.001506
2.000261
2.000627
2.001311
1.999806
2.002236
1.999857
2.000482
2.000853
2.000489
1.998801
2.001201
2.001972
1.999475
1.999082
1.998817
2.000811
2.000451
2.000884
2.001750
2.000442
2.001010
1.999649
1.999684
2.001680
2.001057
1.999847
2.000360
1.999746
2.000451
2.001413
2.004093
2.002553
2.000270
2.000220
2.001416
2.000061
1.998990
1.999081
1.999258
1.998916
1.999750
2.000286
2.000359
1.999463
2.000348
2.000402
1.999008
2.001694
2.000928
2.002367
2.002245
2.000651
2.000193
2.001591
2.000733
2.000670
2.000540
2.000152
2.000255
2.000447
2.001973
2.000098
2.000783
2.000200
1.999731
2.002262
2.001242
2.000832
2.001347
2.001296
2.001872
2.000842
1.999848
2.000868
2.000447
1.999583
1.999486
2.001144
2.000267
2.000780
2.002330
2.001068
2.000851
2.001120
2.001136
1.999610
2.000376
2.000893
2.000285
1.999197
1.999236
2.001429
1.998723
1.998528
1.998016
1.997862
1.999219
2.001700
2.001004
1.999876
2.001806
2.001259
1.998479
1.998487
1.998920
2.000239
2.000888
2.002276
2.002224
2.001193
1.998944
1.999199
1.999916
2.000306
2.000907
2.000858
2.000141
2.000453
2.000508
2.000590
1.998111
2.003428
2.001996
2.001719
2.003159
2.000504
2.000756
2.000933
2.000691
2.000139
2.002849
2.000195
2.000165
1.999621
1.999035
2.000195
1.999158
2.001015
1.999304
2.002310
1.998658
2.000730
1.999683
1.998184
1.998500
1.997730
2.000973
1.998929
1.998508
2.000128
2.000032
2.001161
1.999637
2.000140
1.998367
2.000361
1.999255
2.000617
1.998799
2.000228
1.999723
2.002975
2.001342
2.001227
2.003950
2.000369
2.001990
2.001190
2.001722
2.001066
1.999663
2.000270
2.000457
2.001759
2.003141
2.003248
2.001479
1.999844
2.000388
2.002241
2.001621
2.006509
2.002461
1.999161
2.000484
2.000678
2.001990
2.001148
1.999696
2.000813
2.000691
2.000606
2.001508
2.001687
2.001309
1.999191
1.998680
1.998957
1.999063
1.999217
2.001006
2.000018
1.999553
1.999616
1.999521
1.997438
1.999160
1.999642
1.999364
1.997884
1.998590
2.000300
2.000706
2.000029
2.001038
2.000217
2.001944
1.999614
1.999225
1.999147
1.998458
1.998803
1.997993
1.998873
1.999669
2.000563
2.000342
2.002715
2.000520
2.001560
1.998839
1.999562
1.997483
1.997812
1.999871
2.000305
2.003791
1.999606
1.998800
2.000011
1.998928
1.997972
2.000601
2.000505
1.999046
2.002601
1.999190
1.998711
1.999208
2.001503
2.001334
1.999834
2.000228
1.999062
1.999813
2.000470
2.002101
2.000572
1.998745
1.998782
2.007346
1.999862
2.000881
1.999211
1.999269
1.997385
2.000996
2.001137
2.001995
2.001002
2.005912
2.003213
2.003558
2.000661
2.000589
2.002165
2.001838
2.002410
2.000634
1.999873
1.999529
1.998701
1.999738
1.999619
1.999052
1.999855
2.000062
2.002124
2.001355
2.000131
2.000162
2.000695
2.000742
2.001143
1.998866
2.001335
2.000568
1.999851
1.999463
2.000627
1.999396
1.998349
2.000453
1.999688
2.000052
1.999300
2.000410
2.000644
2.000950
2.000646
1.999749
1.998433
1.998736
1.998776
1.998906
2.000017
1.999287
2.000113
2.000414
1.997996
1.999085
2.000645
1.998825
2.000733
2.001087
2.001831
2.001993
1.999501
2.002086
1.999371
1.999676
1.998593
1.999483
1.999247
2.001680
2.000775
2.000019
1.998661
2.001471
1.999367
1.998637
2.000320
2.000342
1.999250
1.998055
2.000118
2.001008
1.999509
2.000961
1.999700
2.000374
1.999317
1.997690
1.998332
2.000060
2.002196
1.999820
1.998826
1.998995
2.000252
2.000679
2.001498
1.999978
2.001396
2.000283
1.998846
2.003198
2.002945
2.001019
1.999139
1.999666
1.998711
1.998145
1.997716
1.996970
1.999496
2.000082
1.999264
1.998873
2.000657
1.999020
2.000620
2.000984
2.001855
2.001156
2.002130
2.000339
1.998422
1.999129
1.998185
2.000296
2.000095
1.999788
2.001054
2.000416
2.003049
2.002725
2.001558
2.002337
2.000245
1.999710
1.999210
1.997626
2.001602
1.998708
2.000252
2.000823
2.002823
2.000478
1.998717
2.000759
1.999379
2.001251
2.002006
2.000699
1.998358
1.998117
1.999242
2.001315
2.001137
2.000836
2.002517
1.999871
2.000522
2.001515
2.000335
1.999460
1.998235
1.999855
2.000257
2.004150
1.998626
2.000777
1.999007
2.001503
2.000805
2.000815
2.001528
2.001681
2.003684
2.003873
1.999315
1.999307
1.999813
1.998954
1.997594
2.000394
2.000484
2.001225
1.999509
2.000234
2.000633
1.998961
1.999936
1.999399
1.997912
2.000351
2.001798
1.998662
2.000991
2.004760
2.002380
1.999958
1.999537
1.999692
2.000228
1.999816
1.998541
1.998819
1.999594
1.998251
2.000075
1.999703
2.001307
2.000732
2.017340
2.005700
2.000284
1.998852
1.999517
2.001090
2.001688
1.999313
2.000889
2.002493
2.000401
1.998733
1.998481
1.999334
2.000332
2.000599
1.999271
2.001302
2.000140
2.000747
2.000326
1.999124
1.998943
2.000651
1.997851
1.998186
1.999887
1.999574
1.999756
1.998272
1.997445
1.999550
1.999889
1.999486
2.008314
2.006005
2.003603
2.003852
2.000959
2.001647
2.000427
2.001128
2.001639
2.000364
1.999368
2.001548
2.000437
1.999158
2.000059
2.000154
1.998737
1.999558
2.000253
1.998986
1.999455
2.000103
1.998761
1.999269
2.001957
2.002240
2.001633
1.999207
1.999883
1.999932
1.999677
1.997944
1.998967
2.000424
1.999821
2.000495
1.999975
2.002176
2.000535
1.999797
1.999137
1.999420
1.999430
2.001609
2.005594
2.003134
1.999166
1.999270
1.997488
2.002903
1.999619
1.998707
1.998841
2.001122
2.000047
2.000004
2.000000
2.000215
1.999750
1.999882
2.000206
2.001912
2.001228
1.998420
2.001012
2.001040
2.002133
2.001179
1.996386
1.998257
2.000095
2.000481
1.999524
1.999810
1.998478
2.000266
1.998881
1.999098
1.999918
2.000070
2.002850
1.999909
1.998257
1.999881
1.999295
2.000633
1.998827
2.000019
2.000242
1.999879
1.999866
2.002045
2.000510
2.000590
1.999806
2.002335
2.000450
2.001168
1.999000
1.997529
1.998801
2.001519
1.999600
1.997542
1.999223
1.999598
2.000811
2.000925
2.001103
2.000820
1.998544
1.999423
1.999649
2.000268
2.000948
2.001007
2.002302
2.000245
1.999746
2.000400
1.998452
1.998409
2.000371
1.999851
2.000220
2.001529
1.999573
2.001111
2.000841
2.001058
1.998916
1.999237
1.998960
1.999958
1.999717
2.001281
2.000402
1.999020
1.999328
2.000757
2.001169
2.002178
2.000651
2.000999
1.999747
1.999193
1.998445
1.998361
2.000152
2.000596
2.001602
2.000202
2.003383
2.000012
2.000200
2.001372
2.000849
2.001502
2.001440
2.000603
2.001296
2.001466
1.999959
1.999712
2.000127
1.999485
1.999583
1.999883
2.000358
2.000321
1.999750
2.001240
2.001068
2.000594
2.002203
2.001074
2.001285
2.000734
2.000893
2.000536
2.000535
2.001671
1.999007
1.999826
1.998528
1.997812
1.997237
1.998872
1.999162
2.002853
1.999876
2.001010
2.001479
2.000292
2.001023
2.007283
2.000239
2.000487
2.001224
2.003579
2.002257
2.001429
1.999199
1.999789
2.000215
2.000014
1.998552
1.997617
2.000453
2.000064
1.998962
1.999647
2.002914
2.000533
2.001719
2.005250
2.000755
2.002061
2.000467
2.001252
2.000139
2.001160
1.998743
2.000543
2.002192
1.997984
2.000195
1.998539
1.998333
1.999707
2.000740
2.000444
2.000730
1.999688
1.998329
2.000401
2.000362
1.999439
1.998929
1.998215
2.000269
2.003241
2.001719
2.001274
2.000140
1.998483
1.998850
1.998939
2.005058
2.004145
2.000228
2.000479
2.000851
1.998501
1.996854
1.998626
2.000369
2.001830
2.001782
1.998163
1.999688
1.999202
2.000270
2.000464
2.000547
1.999183
1.999270
2.001172
1.999844
2.000227
1.998138
1.999161
2.000778
2.001084
1.999161
1.999615
1.998576
1.998254
2.001156
2.000540
2.000813
2.001177
1.998744
1.999644
1.999109
1.999923
1.999191
1.998468
1.996734
2.000722
2.001560
1.999576
2.000018
1.999994
2.002624
2.000111
2.001309
1.999405
1.999642
1.999253
2.000319
1.999782
2.000424
1.999421
2.000029
1.999962
2.000131
2.001350
2.000955
1.999787
1.999147
1.998599
2.001495
2.002130
2.000285
2.000707
2.000563
2.000152
1.999711
2.000842
2.001992
1.998737
1.999562
1.997173
2.000016
2.001290
2.001735
2.001467
1.999606
1.999020
1.999462
1.998236
1.998761
1.999070
2.000505
1.999432
2.001399
2.001494
2.001621
1.999394
2.001503
2.000868
1.999974
2.000052
2.001079
2.001069
2.000470
2.001511
2.001111
1.998085
1.999644
2.000577
1.999862
2.000652
2.000478
2.000179
2.004899
2.002065
2.001137
2.001990
1.999295
1.999041
1.999363
1.998861
2.000661
2.000440
2.001340
1.999365
2.000706
1.998936
1.999873
1.999479
1.999008
2.000425
1.999299
2.000202
1.999855
2.001074
2.000531
2.001065
2.001042
2.000782
2.000695
2.000190
1.998494
2.000011
1.999975
1.999259
1.999851
1.999492
2.000269
1.999563
1.999381
1.999664
1.999688
2.000809
1.997854
1.998295
1.999926
2.000057
2.000646
2.000007
1.998674
1.997527
1.999153
2.000430
2.000017
1.999544
1.999934
1.999818
1.999694
1.999913
2.000645
1.998962
2.000643
1.999848
1.999424
1.999630
1.999501
2.001794
2.000137
1.999840
2.000388
2.000592
1.999247
1.999528
2.000106
1.997846
1.997041
1.997675
1.999367
1.997844
1.997618
1.997725
1.998584
2.001264
2.000118
2.000541
2.000461
1.999912
1.999976
1.999078
1.999317
1.998116
1.998884
2.000135
2.000197
2.000905
1.998826
1.999004
1.998170
1.999792
1.999417
2.000057
2.001396
2.000848
2.001562
1.999726
2.001478
1.999682
1.999139
2.000034
1.999557
2.000695
2.002084
1.999955
1.999496
2.000871
1.999507
2.001805
2.004179
2.002851
2.000620
2.000225
2.000368
1.999049
2.000094
1.998925
1.998422
1.999461
2.001783
1.999477
1.997221
1.998451
2.001054
2.000490
2.000106
1.998852
2.004933
2.001312
2.000245
1.999531
1.999767
1.998982
1.998333
1.997971
2.000252
2.000947
2.001405
2.000161
1.998816
1.998176
1.999379
2.001617
2.004650
2.001145
2.001521
2.000561
1.999242
1.999469
2.000014
2.000014
2.000265
2.000735
2.000522
2.001393
2.002112
2.000590
2.000416
2.006020
2.000257
2.006540
2.002580
2.002465
2.002335
1.999470
2.000805
2.000738
2.000725
2.001370
1.998884
1.999018
1.999315
1.999829
2.000523
2.000428
2.000152
2.003976
2.000484
2.001310
1.999672
1.999020
2.004784
2.000772
1.999936
2.000167
2.000109
1.999775
1.999308
1.999955
2.000991
2.003684
2.001670
2.000845
2.001494
2.005186
2.000228
1.999879
1.998947
2.001692
2.000576
1.999670
2.000075
1.999756
1.999417
2.000037
1.998651
2.001187
2.000284
1.998773
2.001234
1.999075
2.000117
2.001337
2.000889
2.002045
2.000530
2.000999
2.000539
2.001192
2.000332
2.002209
1.998674
1.999346
1.998784
1.998478
2.000326
2.000047
2.001743
1.999369
1.998806
1.998776
1.999887
1.999598
1.998985
1.999808
1.999770
1.999831
1.999889
1.999935
2.000833
1.999547
1.999674
2.001597
2.000959
2.001120
2.000775
1.999854
2.000387
1.998752
1.999368
2.000576
2.002257
2.002076
2.003324
2.001723
1.998737
1.999798
1.998236
1.998972
1.998893
1.997916
1.998761
1.998806
2.000989
2.002021
2.002713
2.002121
1.999883
1.999978
2.003451
2.002713
2.003239
2.001575
1.999821
1.999837
2.000494
1.999546
1.999525
1.999578
1.999137
1.999464
2.001644
1.999873
2.000599
2.000709
1.999166
2.000097
1.999509
1.999695
1.998521
2.010424
1.998841
2.000416
1.999841
2.001096
2.002585
2.000012
1.999750
2.000758
1.998735
1.997069
1.998586
1.999558
2.001012
2.000813
2.000745
2.000148
2.000036
1.999817
2.000095
2.001297
2.001133
1.999877
1.999887
2.001323
1.998881
1.998433
1.997900
1.998655
1.998021
1.998300
1.998257
1.999664
1.998776
2.001859
2.000717
2.001910
2.000242
1.999902
1.998856
1.997206
1.998671
1.998896
1.999806
2.001314
2.000487
1.999452
2.000231
1.998642
1.998801
2.001384
1.999127
1.998483
2.001234
2.000382
2.000811
2.001164
2.001473
1.998896
1.998878
2.000722
1.999649
2.000279
2.001332
2.004155
2.001583
1.999710
1.999746
2.000532
2.000387
1.998966
1.999851
2.002545
2.000220
2.000788
1.998253
2.000421
1.999983
2.002826
1.998916
1.998020
1.999362
2.001061
1.999770
2.001686
2.000402
1.998506
1.997726
1.998991
2.000441
1.999230
2.000651
2.000445
1.998443
1.999284
1.998423
1.999663
2.000152
1.999533
2.000847
1.999814
1.999988
1.998585
2.000200
2.000169
1.999458
2.000813
2.009411
2.006300
2.001296
2.001668
2.001643
1.999704
2.000411
1.999439
1.999583
1.999636
2.000025
1.999786
2.001203
1.999234
2.001068
2.000299
1.998072
1.999908
2.000700
2.000283
2.000893
2.000404
1.999825
1.998265
1.998821
2.000140
1.998528
1.998213
1.997645
1.998278
1.999585
2.000501
1.999876
2.000681
2.003425
2.002978
2.000795
2.000692
2.000239
2.000492
2.002754
1.999935
1.998256
2.000146
1.999199
1.999855
1.999217
2.002099
2.000406
2.003863
2.000453
1.999590
1.997689
1.998075
1.998934
1.998334
2.001719
2.005310
2.002968
2.002603
2.001347
2.001008
2.000139
1.999975
1.996207
1.998075
1.999690
1.999489
2.000195
1.998066
1.999567
1.999646
1.997564
1.999789
2.000730
1.999569
2.000197
2.000665
2.001726
1.999411
1.998929
1.998055
1.998813
2.001001
1.999898
2.000950
2.000140
1.998713
1.998646
1.998845
1.999445
2.002827
2.000228
2.000404
1.998194
1.999731
2.000470
2.001869
2.000369
2.003120
2.003421
2.000770
2.001239
2.002435
2.000270
2.000261
2.000448
2.004035
2.002864
2.002450
1.999844
2.001486
1.999618
1.998820
1.997965
2.000420
1.999161
1.999025
2.000561
1.999719
2.000315
2.000572
2.000813
2.003298
1.999216
2.002731
2.001112
2.000831
1.999191
1.998267
1.996718
2.001276
1.999041
1.999288
2.000018
2.002744
2.000727
2.000583
2.002821
2.001677
1.999642
1.999160
1.997949
2.003066
2.000560
2.001009
2.000029
1.999003
1.999127
1.999691
2.000265
2.000231
1.999147
1.998085
1.996806
1.997009
1.999493
1.997888
2.000563
1.999882
2.001682
1.999103
2.000580
2.001540
1.999562
1.996695
1.997315
1.999500
2.001520
2.002134
1.999606
2.000245
2.000102
2.000682
2.005212
2.000884
2.000505
1.998812
1.996516
1.996125
1.998467
2.001708
2.001503
2.000633
2.001009
1.999525
1.999064
1.999825
2.000470
2.001358
2.002795
2.001493
2.000975
1.999965
1.999862
2.000236
2.002104
2.000229
1.998924
2.000685
2.001137
2.002701
1.999141
1.997654
1.997769
1.997770
2.000661
2.000373
2.003756
2.000152
1.998585
1.997492
1.999873
2.000105
1.999960
1.999424
1.999057
2.001465
1.999855
2.001013
2.001826
2.000208
1.999422
2.000023
2.000695
1.999627
2.000215
1.999880
1.998572
1.999577
1.999851
1.999075
1.999385
1.998954
2.000393
2.002048
1.999688
2.002841
1.999735
2.002209
2.002243
1.997668
2.000646
1.999905
1.998106
1.998844
1.999184
1.999110
2.000017
1.999424
1.999207
1.999835
1.999078
2.000142
2.000645
1.998661
2.000740
1.999839
1.998311
1.998600
1.999501
2.001411
1.998745
1.999846
1.999583
1.999947
1.999247
1.999719
2.001106
1.999460
1.999127
1.998179
1.999367
1.997855
1.998765
1.998420
1.999844
1.999980
2.000118
2.000257
1.997892
1.998707
1.999779
1.999323
1.999317
1.998082
1.997366
1.997078
1.996753
1.999303
1.998826
1.999264
1.997689
2.001488
2.002961
2.003343
2.001396
2.001133
1.999871
1.998515
2.000010
2.000519
1.999139
2.001011
1.998851
1.997883
1.999954
1.998430
1.999496
2.001895
1.997925
2.001068
1.999252
1.999175
2.000620
2.000445
2.001481
1.999967
2.001755
1.999149
1.998422
1.999655
1.998669
1.998496
1.999202
2.000599
2.001054
2.000427
1.999673
2.000815
2.000335
2.001854
2.000245
1.999883
1.999242
1.999700
2.001555
2.000110
2.000252
2.001119
1.999543
2.000384
2.003254
1.999488
1.999379
2.000887
2.001506
2.002723
2.000916
1.999153
1.999242
1.998868
1.997523
1.999091
1.998330
1.999310
2.000522
2.001099
2.002300
2.006516
2.004175
2.002321
2.000257
2.004251
1.999720
1.999646
2.001250
2.000175
2.000805
2.000905
2.000581
2.000591
1.999574
2.000678
1.999315
2.000533
2.002617
1.999316
1.998318
1.998416
2.000484
2.001698
1.999907
1.998107
1.998899
1.997731
1.999936
1.998891
1.997311
1.999353
1.997334
2.000120
2.000991
2.003426
2.000998
2.000413
1.999379
1.999775
2.000228
2.000017
1.998899
1.998694
1.997532
1.999750
2.000075
1.999053
1.997908
1.999134
1.998457
1.998750
2.000284
1.998413
1.997734
2.000232
2.000321
2.000349
2.000889
2.001662
2.002611
2.000574
2.002113
2.000252
2.000332
2.001419
2.001504
2.000224
2.002309
1.997581
2.000326
2.000378
1.997607
1.998702
1.999591
2.001101
1.999887
1.999313
2.001924
2.000260
1.999782
2.001086
1.999889
2.001317
2.000820
2.003071
2.000849
2.001206
2.000959
2.000994
1.999333
1.999898
2.001500
2.000034
1.999368
2.000447
2.002295
2.001106
2.000954
2.009761
1.998737
2.000217
2.000759
2.000807
2.001818
2.002146
1.998761
1.998914
1.998997
2.000185
1.998664
2.001362
1.999883
1.999931
2.002682
1.999891
1.999980
2.000898
1.999821
1.998909
2.001401
2.001084
1.999970
1.999114
1.999137
2.000569
1.999177
2.000875
2.002046
2.001480
1.999166
1.998954
1.998839
1.997810
1.996497
2.000057
1.998841
1.999781
2.000578
1.999484
1.999104
2.004383
1.999750
2.000933
2.002256
2.000653
1.999985
2.000253
2.001012
2.000707
2.002579
2.000002
2.004708
2.000089
2.000095
2.002267
1.998924
1.998062
2.000135
2.002871
1.998881
1.997884
2.000232
2.000097
2.000317
2.000141
1.998257
1.996926
1.993847
1.992806
1.991707
1.992901
2.000242
1.995832
1.997616
1.997272
1.993152
1.994564
1.999806
1.998271
1.999618
1.996687
1.994151
1.995761
1.998801
1.997258
1.996983
1.996625
1.992916
1.993860
2.000811
1.997606
1.997017
1.995905
1.992925
1.995423
1.999649
1.996474
1.996183
1.994736
1.993218
1.993930
1.999746
1.997655
1.994665
1.993704
1.991721
1.993032
2.000220
1.998288
1.999816
1.996419
1.992923
1.993208
1.998916
1.995040
1.997144
1.997616
1.994917
1.993902
2.000402
1.995484
1.997718
1.996231
1.991492
1.994585
2.000651
1.997994
1.997546
2.002724
1.996319
1.996580
2.000152
1.997847
1.998647
1.997880
1.993396
1.993042
2.000200
1.998465
1.998622
1.995909
1.992191
1.996490
2.001296
1.998921
1.998912
1.998929
1.995424
1.994601
1.999583
1.996747
1.996356
1.995427
1.993748
1.993491
2.001068
1.997970
1.996384
1.995054
1.993872
1.994140
2.000893
1.996846
1.996596
1.995857
1.992755
1.993505
1.998528
1.995307
1.998931
1.996189
1.992534
1.993865
1.999876
1.999004
1.997614
1.996167
1.992627
1.994397
2.000239
1.997024
1.997033
1.996637
1.994508
1.995804
1.999199
1.996758
1.996977
1.997775
1.994647
1.997586
2.000453
1.996749
1.996547
1.994706
1.992607
1.996370
2.001719
2.000042
1.998396
1.993830
1.993064
1.994004
2.000139
2.000963
1.997583
1.994502
1.992210
1.996864
2.000195
1.996275
1.995307
1.994963
1.993566
1.993375
2.000730
1.996432
1.995703
1.996372
1.993084
1.991878
1.998929
1.997425
1.995790
1.994073
1.992400
1.994176
2.000140
1.994839
1.994829
1.994804
1.991192
1.993716
2.000228
1.996295
1.997044
1.995723
1.991592
1.995439
2.000369
1.997720
1.998304
1.997974
1.995503
1.994707
2.000270
1.997187
2.001082
1.998778
1.994399
1.994444
1.999844
1.996446
1.998196
1.996125
1.996332
1.996148
1.999161
1.996735
1.997366
1.998528
1.993421
1.995271
2.000813
1.997520
1.997337
1.994048
1.991807
1.993040
1.999191
1.994055
1.995485
1.996730
1.994148
1.995788
2.000018
1.997611
1.997592
1.994810
1.990373
1.995605
1.999642
1.996661
1.997682
1.994788
1.993346
1.994469
2.000029
1.997128
1.997176
1.995920
1.995170
1.996285
1.999147
1.996204
1.995017
1.997653
1.994051
1.996016
2.000563
1.996821
1.998225
1.997902
1.993630
1.992706
1.999562
1.994980
1.994827
1.995628
1.991725
1.993400
1.999606
1.996537
1.996739
1.997476
1.996867
1.996570
2.000505
1.996971
1.996686
1.994961
1.992429
1.992330
2.001503
1.998892
1.997646
1.995996
1.991660
1.992421
2.000470
1.998264
1.999611
1.994839
1.991658
1.991105
1.999862
1.996105
2.000190
1.998744
1.994896
1.993529
2.001137
1.999023
1.998512
1.997034
1.993004
1.993282
2.000661
1.997635
1.997345
1.996800
1.994191
1.994792
1.999873
1.996698
1.995646
1.995518
1.992559
1.994293
1.999855
1.997095
1.997681
1.996907
1.993105
1.993144
2.000695
1.997564
1.997469
1.998124
1.994555
1.993978
1.999851
1.996274
1.995647
1.995566
1.990494
1.991433
1.999688
1.995354
1.994703
1.995202
1.991616
1.993458
2.000646
1.997565
1.996635
1.995720
1.991762
1.994326
2.000017
1.996717
2.001979
1.998061
1.992388
1.992370
2.000645
1.996120
1.997622
1.995254
1.992105
1.994038
1.999501
1.997839
1.998327
1.996738
1.995693
1.995426
1.999247
1.995608
1.997207
1.994881
1.990892
1.995852
1.999367
1.995855
1.995561
1.996490
1.993397
1.996512
2.000118
1.996836
1.995765
1.998769
1.994148
1.993802
1.999317
1.994563
1.998055
1.994958
1.991784
1.993687
1.998826
1.995608
1.995122
1.994146
1.992509
1.994543
2.001396
1.997811
1.995664
1.999592
1.997232
1.995891
1.999139
1.995547
1.997469
1.996164
1.993023
1.996939
1.999496
1.997030
1.998379
1.995022
1.994226
1.994534
2.000620
1.997642
1.998768
1.996705
1.992977
1.992895
1.998422
1.995619
1.993670
1.994945
1.993134
1.995354
2.001054
1.998023
1.999325
1.997889
1.993896
1.994012
2.000245
1.996607
1.996719
1.994551
1.991080
1.995631
2.000252
1.997740
1.997802
1.997154
1.994868
2.000354
1.999379
1.996885
1.999042
1.994186
1.993752
1.993441
1.999242
1.995321
1.998131
1.998163
1.993844
1.993285
2.000522
1.997619
1.998704
1.995893
1.994356
1.994536
2.000257
2.002481
1.997182
1.996812
1.992731
1.992701
2.000805
1.999408
1.997276
1.995473
1.992860
1.995812
1.999315
1.997826
1.995826
2.000411
1.994062
1.991668
2.000484
1.999096
1.997822
1.996647
1.993194
1.992016
1.999936
1.994742
1.995886
1.995580
1.991310
1.993159
2.000991
1.998179
1.996284
1.994019
1.989877
1.993112
2.000228
1.996059
1.996673
1.997346
1.994691
1.995909
2.000075
1.996047
1.996586
1.994335
1.992644
1.995796
2.000284
1.995610
1.997540
1.996520
1.993988
1.995098
2.000889
1.997189
1.995618
2.001638
1.995649
1.993710
2.000332
1.998059
1.994127
1.996057
1.990933
1.991157
2.000326
1.995671
1.995285
1.997540
1.992433
1.993240
1.999887
1.997259
1.997377
1.997070
1.992370
1.993366
1.999889
1.996414
1.995852
1.996556
1.994333
1.995470
2.000959
1.997135
2.000868
1.996707
1.992995
1.994697
1.999368
1.997356
1.997215
1.997756
1.992160
1.994587
1.998737
1.996941
1.997567
1.995512
1.993038
1.993695
1.998761
1.996588
1.996318
1.994048
1.992201
1.992467
1.999883
1.997541
1.998322
1.995480
1.994036
1.994508
1.999821
1.996356
1.997678
1.998878
1.993770
1.994419
1.999137
1.995286
1.996782
1.994244
1.991952
1.993984
1.999166
1.995615
1.996432
1.996349
1.991632
1.994552
1.998841
1.996478
1.997352
1.995776
1.992647
1.994255
1.999750
1.996256
1.995500
1.994584
1.992053
1.995853
2.001012
1.998753
1.996788
1.995333
1.992825
1.993827
2.000095
1.996354
1.996068
1.995187
1.994201
1.994206
1.998881
1.995404
1.995286
1.994857
1.993553
1.993887
1.998257
1.998475
1.998990
1.998058
1.998435
1.997625
2.000242
1.998549
2.006745
2.002041
2.000013
2.000519
1.999806
1.999203
2.001843
1.998696
1.997129
1.998842
1.998801
2.000659
1.998380
1.998931
1.996074
1.997149
2.000811
1.999444
2.001036
2.000602
1.998206
1.996580
1.999649
1.998705
2.001969
2.000937
1.999347
1.997794
1.999746
2.000210
1.999551
1.997648
1.997015
1.996732
2.000220
2.001497
1.999873
2.000603
1.997132
1.998354
1.998916
1.997792
1.996950
1.998043
1.999458
2.000149
2.000402
1.997896
1.998971
2.001293
1.999155
2.001840
2.000651
1.999748
2.000806
1.998960
1.996881
1.998497
2.000152
1.999793
1.999991
1.999776
1.996010
1.999414
2.000200
2.000352
2.002704
2.000580
1.997895
1.997142
2.001296
2.001462
1.999413
1.997696
1.996525
1.997914
1.999583
1.998234
1.997901
1.997323
1.996739
2.002133
2.001068
1.999916
2.008239
2.001949
2.001389
1.999920
2.000893
1.999355
1.998780
1.999011
2.000546
1.999015
1.998528
1.997025
1.996818
1.997922
1.997839
1.998016
1.999876
2.001582
2.000420
1.997739
1.999925
1.999586
2.000239
1.998672
1.998865
1.997960
1.995934
1.995674
1.999199
1.999139
2.000364
1.999508
1.996882
1.998512
2.000453
1.999106
1.998943
2.002145
1.999712
1.999648
2.001719
2.002137
2.000560
2.000250
1.997146
1.998899
2.000139
2.010959
2.001040
2.000961
2.003161
1.999644
2.000195
1.998712
1.999410
1.998980
1.996197
1.997536
2.000730
1.999152
1.999358
1.999646
1.998915
1.998893
1.998929
1.998319
2.000370
2.000096
1.995790
1.998684
2.000140
1.997190
1.999639
1.996764
1.996259
1.998514
2.000228
1.999089
2.000062
1.999622
1.996105
1.997757
2.000369
1.999840
2.000240
1.999875
1.999844
1.999532
2.000270
1.999444
2.000035
1.999199
1.997798
1.998787
1.999844
1.998847
1.998302
1.998029
1.995590
1.996509
1.999161
1.999063
1.999487
1.998240
1.996997
1.998432
2.000813
1.998921
1.997461
2.001075
2.001877
2.000395
1.999191
1.996378
1.997826
1.998698
1.997097
1.997630
2.000018
1.999387
2.000159
2.001089
1.999616
2.001399
1.999642
1.998201
1.998056
1.998775
1.997775
1.999817
2.000029
1.999149
1.999593
1.999367
1.998698
1.997866
1.999147
1.998230
1.997125
1.996431
1.995808
1.997324
2.000563
1.998677
1.999054
2.001307
1.997988
1.996890
1.999562
1.996730
2.000284
2.000518
1.997746
1.998661
1.999606
1.997939
1.998938
2.000242
1.996815
1.997219
2.000505
1.997902
1.998480
2.000292
2.000638
1.998439
2.001503
2.000520
2.001089
2.002733
1.998596
1.998110
2.000470
2.000573
2.001828
1.998707
2.000276
1.999984
1.999862
1.998517
1.998836
1.999809
1.995630
2.000764
2.001137
2.001325
2.000417
1.997760
1.996904
1.999163
2.000661
2.000002
1.998686
2.008948
2.003504
1.998596
1.999873
1.998927
1.997997
1.997419
1.999022
1.999166
1.999855
1.998703
1.999828
1.999958
1.997831
1.999918
2.000695
1.999628
1.998545
1.997033
1.995936
1.996992
1.999851
1.998225
1.997266
1.996685
1.998833
2.000595
1.999688
1.997070
1.997472
1.995604
1.994860
1.996061
2.000646
1.999753
1.998590
1.997728
1.996614
1.998337
2.000017
1.998944
1.999638
1.999004
1.998831
1.999350
2.000645
1.997818
1.999360
2.000098
1.999142
2.000268
1.999501
1.999447
1.998728
1.997659
2.002190
1.999575
1.999247
1.998140
1.999369
1.998517
1.997613
1.998540
1.999367
1.997456
1.998531
1.997463
1.998125
1.997535
2.000118
1.999186
2.002130
1.997532
1.995704
1.997497
1.999317
1.996850
1.998645
1.998811
1.995862
1.997344
1.998826
1.998166
2.005057
1.999691
1.998445
1.999188
2.001396
1.999942
2.000126
1.999700
1.998958
1.997439
1.999139
1.998117
1.998394
1.998361
1.997458
1.998242
1.999496
2.001634
1.999479
1.998147
1.997918
1.998868
2.000620
1.999199
2.000354
1.999925
1.998092
1.999507
1.998422
1.998518
1.998128
1.996586
1.998198
1.998428
2.001054
1.999757
1.998601
1.998901
1.996391
1.997558
2.000245
1.998856
1.997896
1.997689
1.997830
1.998115
2.000252
1.999889
2.001126
2.000991
1.999968
2.000006
1.999379
1.998947
1.999825
1.999319
1.997965
1.999565
1.999242
1.997946
1.998846
1.999146
1.998198
1.996391
2.000522
1.999154
2.002445
1.999500
1.998726
1.999995
2.000257
2.002546
1.999073
2.000199
1.998584
1.998584
2.000805
2.000523
1.999014
1.996405
1.997188
1.997441
1.999315
2.000020
1.999342
1.998644
2.000232
1.998897
2.000484
2.000263
2.001137
2.001294
1.998825
1.999543
1.999936
1.997078
1.997591
1.998656
1.997528
1.998081
2.000991
2.000621
2.000301
1.999075
1.998315
1.997742
2.000228
1.997830
1.996205
1.997992
1.998205
1.996640
2.000075
1.998824
1.997777
1.998905
1.996716
1.998246
2.000284
1.997918
1.999166
2.000777
2.000323
1.997682
2.000889
1.999645
1.998519
1.999698
1.998964
2.000395
2.000332
1.999956
1.998776
1.998452
1.998187
1.999777
2.000326
1.997680
1.997358
2.000646
1.997327
1.997618
1.999887
2.000161
1.997322
1.998593
1.997766
1.998484
1.999889
1.997640
1.997478
1.996374
1.993409
1.997288
2.000959
1.999536
1.999183
1.998244
1.997533
1.998498
1.999368
1.999050
2.001218
1.999129
1.998338
1.999396
1.998737
1.998781
2.000056
2.000688
2.000635
1.999709
1.998761
1.999012
1.997304
1.998344
1.997862
1.998577
1.999883
1.999435
2.003251
1.999343
1.997146
1.999511
1.999821
2.000592
1.997569
1.999276
1.999710
1.999273
1.999137
1.997380
2.001039
1.998730
1.997541
2.000499
1.999166
1.998031
1.998403
2.000126
1.998610
1.998792
1.998841
1.998489
1.999453
2.000785
2.001745
1.999306
1.999750
1.998651
1.999836
1.999458
2.000649
1.997917
2.001012
2.000593
1.999772
2.002754
2.000949
1.999624
2.000095
1.999546
2.000492
1.997381
1.999718
1.998340
1.998881
1.998764
1.999736
2.011127
2.010073
2.001893
1.998257
1.999215
1.999377
1.997720
1.998718
1.997570
2.000242
2.000013
1.999909
2.000440
1.998691
2.000913
1.999806
2.000008
1.999775
2.000055
2.001126
2.003161
1.998801
2.000923
2.001334
2.000143
1.998461
1.999942
2.000811
2.000420
2.001864
2.001658
1.999331
1.999225
1.999649
1.999256
1.999847
1.999917
2.002247
2.002204
1.999746
2.000270
1.999556
1.998635
1.998515
1.997341
2.000220
2.001313
2.001420
1.999921
2.003469
2.000790
1.998916
1.999088
1.999561
1.998604
1.996441
1.999744
2.000402
1.998886
2.001238
1.999893
1.999422
1.999689
2.000651
2.000086
1.998808
2.001488
1.998414
1.998848
2.000152
2.000899
2.000860
1.999479
1.999606
2.001257
2.000200
2.001495
2.002368
2.000609
2.000843
1.999832
2.001296
2.002612
2.001493
2.002344
2.002284
2.000206
1.999583
1.999236
2.003101
2.003718
2.001869
1.998062
2.001068
2.000666
2.001244
2.023786
2.009678
2.005583
2.000893
1.999902
1.999966
1.998282
2.000638
2.000576
1.998528
1.997508
2.002480
1.999063
2.002191
1.999490
1.999876
2.002944
2.003019
2.000500
1.999846
1.999626
2.000239
1.999322
2.001322
1.999815
1.997195
1.996451
1.999199
1.999471
2.001118
2.001972
2.000666
2.001284
2.000453
1.999698
1.998508
1.998504
1.998497
1.998657
2.001719
2.005098
2.002214
2.000302
2.000486
2.000485
2.000139
2.006528
1.999044
1.998025
1.996608
1.998348
2.000195
1.998982
2.000512
2.000938
1.999794
2.002314
2.000730
2.000124
2.000785
1.998619
1.999757
2.001085
1.998929
1.998743
1.998784
1.999614
1.999937
1.999003
2.000140
1.998220
1.999716
1.998301
1.999902
2.001661
2.000228
1.999932
2.000601
2.001311
2.000945
1.999614
2.000369
2.001477
2.004170
2.000697
1.999722
2.000889
2.000270
2.000330
2.001938
2.001945
2.000033
2.000196
1.999844
1.999571
1.998977
2.000439
1.998840
2.000673
1.999161
2.002308
2.003048
2.002593
2.003760
2.002106
2.000813
2.000417
1.998893
1.999118
1.998553
2.000161
1.999191
1.997491
1.997863
1.998189
1.998135
2.004399
2.000018
1.999963
2.001113
2.001171
2.001002
2.002830
1.999642
1.999531
1.999404
1.998462
1.998871
1.999498
2.000029
1.999630
2.000324
1.999104
1.997652
1.997385
1.999147
1.999070
1.999147
1.997651
1.996798
1.998589
2.000563
1.999726
2.001290
2.002511
2.000514
2.001805
1.999562
1.997601
1.999497
1.999398
2.001109
1.998392
1.999606
1.998766
1.999670
2.000744
1.999533
1.998571
2.000505
1.998848
1.998631
2.000038
2.001427
2.002980
2.001503
2.001478
1.999287
2.001278
1.998407
2.002069
2.000470
2.001261
2.001265
2.000922
1.999761
2.000786
1.999862
1.999380
1.999696
2.000212
2.002061
2.001566
2.001137
2.002665
2.001109
2.000610
2.001760
2.001004
2.000661
2.000486
2.002574
2.003570
2.001068
2.000941
1.999873
1.999308
2.000065
1.999360
2.000396
2.000416
1.999855
1.999149
1.998939
1.998950
1.999384
1.998426
2.000695
2.000792
2.000324
1.998921
2.000375
2.000828
1.999851
1.998800
2.001203
1.999049
1.997481
1.999244
1.999688
1.998679
1.998691
2.001468
2.000005
2.000404
2.000646
2.000605
2.000049
2.002211
2.001423
2.000622
2.000017
1.999433
2.000983
2.001385
1.998297
1.998555
2.000645
1.998927
2.000108
2.001590
1.999805
1.999089
1.999501
2.000411
1.998014
1.997757
1.999743
1.998140
1.999247
1.998845
1.999451
2.000367
2.000099
2.001036
1.999367
1.997938
1.998844
1.999156
2.001659
2.000254
2.000118
2.000148
1.999159
2.001528
2.001034
2.000286
1.999317
1.997291
1.997916
1.999092
1.998006
2.000832
1.998826
1.998662
2.002448
2.000566
2.002951
2.006369
2.001396
1.999922
1.997885
1.998122
1.999703
1.999891
1.999139
1.999459
1.997611
1.998459
1.996899
1.998816
1.999496
1.999817
1.998767
1.998608
1.997862
1.999161
2.000620
2.000416
1.997791
1.997548
1.997181
1.997586
1.998422
1.998915
1.998694
1.998351
1.998680
1.999623
2.001054
2.000242
1.999748
2.001704
2.001128
2.003077
2.000245
1.999609
2.002287
2.002876
2.000214
2.000512
2.000252
2.000861
2.007883
2.001708
2.000566
1.998731
1.999379
1.999635
1.999783
1.999027
1.997905
1.999108
1.999242
1.999354
2.002620
2.003523
2.000444
2.000283
2.000522
2.000890
2.001941
2.000370
1.998142
2.000890
2.000257
2.001953
1.999282
2.000444
2.000834
2.002424
2.000805
2.001393
2.001709
1.999550
1.999483
1.998492
1.999315
1.999885
2.001610
2.000608
2.000708
2.000098
2.000484
2.001323
2.000350
2.000316
1.999392
2.001316
1.999936
1.998711
1.999191
2.000211
2.002565
2.001592
2.000991
2.001990
2.002093
2.000672
1.999237
2.000059
2.000228
1.998710
2.000684
2.000654
1.999624
1.999776
2.000075
2.000280
2.001231
2.002590
2.005892
2.005509
2.000284
1.998104
2.001930
1.999482
2.002202
1.999124
2.000889
2.000705
2.001738
2.000697
1.999851
2.000946
2.000332
2.001094
2.002866
2.000898
2.001190
2.001091
2.000326
1.998512
2.000587
2.002421
1.999758
1.998967
1.999887
2.000284
2.000716
2.001132
1.999364
1.998437
1.999889
1.998795
1.999022
2.000824
1.999887
2.001017
2.000959
2.000125
2.002485
2.002306
2.000455
1.999732
1.999368
2.000042
1.999875
2.001893
1.999979
1.999832
1.998737
1.999231
2.000092
2.000499
1.999173
2.000045
1.998761
2.000346
2.000927
1.999507
1.999388
2.002055
1.999883
1.999623
2.004175
2.001186
1.998033
1.998944
1.999821
1.999420
1.999259
1.999873
2.000675
2.001620
1.999137
1.997697
2.000983
2.000685
2.004326
2.001228
1.999166
1.998787
1.997616
2.000611
1.998128
1.998944
1.998841
1.999303
2.000107
2.001850
2.001169
1.998940
1.999750
2.000107
2.001094
2.001332
1.998920
1.999036
2.001012
2.001608
2.003746
2.003254
2.000975
2.000866
2.000095
2.000644
1.997892
2.001814
2.001489
2.000051
1.998881
2.001958
2.001158
2.003799
2.000585
2.001130
1.998257
1.999252
2.001635
2.003904
2.002555
2.000664
2.000242
2.000087
2.000745
2.001516
1.998740
2.000703
1.999806
2.000561
2.007070
2.003535
2.002798
2.001935
1.998801
2.001826
2.001626
2.000132
1.999631
2.003694
2.000811
2.000540
2.002469
2.001215
2.000275
2.002738
1.999649
1.999703
1.999859
1.998037
2.000306
1.999394
1.999746
2.000531
1.999558
1.998945
1.998813
1.999477
2.000220
2.001632
2.005808
2.000919
2.001631
1.999122
1.998916
1.999794
2.000266
2.000170
2.001363
1.999140
2.000402
1.999126
1.998482
1.999446
1.997948
1.997939
2.000651
2.000513
2.001957
2.000293
2.001960
1.999204
2.000152
2.000665
2.003851
2.001082
2.001818
2.002233
2.000200
2.000972
2.002303
2.001851
2.000029
1.999108
2.001296
2.002529
2.001567
2.000152
2.000767
2.001311
1.999583
1.999625
1.999761
2.003095
2.003264
2.001150
2.001068
2.001210
1.999986
2.001235
2.001834
1.999313
2.000893
2.000121
2.000373
2.001735
2.001583
2.000226
1.998528
1.997735
1.998341
1.998559
1.997567
1.998517
1.999876
2.001875
2.001232
1.999694
1.999332
2.000958
2.000239
2.000116
1.999682
1.999104
1.998815
2.000923
1.999199
1.999246
1.999002
1.997998
1.997421
2.000371
2.000453
2.000207
2.001191
1.998538
1.998058
1.997179
2.001719
2.003792
1.999893
1.999386
1.998956
1.998023
2.000139
2.004902
2.014866
2.004475
2.004163
2.002928
2.000195
1.998943
2.000472
2.002292
2.003424
2.002238
2.000730
2.000356
2.004911
2.002310
2.001431
2.000488
1.998929
1.999297
1.999179
2.000863
2.001152
2.000330
2.000140
1.998326
1.999964
2.000461
2.000600
2.000136
2.000228
1.999995
2.000267
2.001192
2.002003
2.001607
2.000369
2.001929
2.002447
2.000432
1.999888
2.000655
2.000270
2.000333
2.001340
2.001762
2.000998
2.002497
1.999844
1.999707
2.000777
2.003157
2.001752
1.999402
1.999161
2.001262
2.002186
2.000629
1.999332
1.999059
2.000813
2.001463
2.001140
1.999854
2.000987
2.000220
1.999191
1.997914
1.997095
2.001037
2.001659
2.000012
2.000018
2.000700
2.000144
1.998453
1.999613
2.000908
1.999642
1.999377
2.002379
1.999251
2.000653
2.000346
2.000029
1.999927
2.000670
1.999477
2.003056
1.999861
1.999147
1.998535
1.998494
2.001570
2.000640
2.000613
2.000563
1.999328
2.000084
2.001957
2.001746
2.000373
1.999562
1.998197
1.999301
2.000580
2.001165
2.001835
1.999606
1.998857
2.000130
2.000886
2.001361
2.001054
2.000505
1.999011
2.002059
2.002556
2.000817
2.000205
2.001503
2.001828
1.999294
2.000525
1.999980
2.000665
2.000470
2.001607
1.999708
2.001525
2.000503
2.003755
1.999862
1.999799
1.999426
2.002807
2.002149
2.001076
2.001137
2.002346
2.004059
2.002644
2.001102
1.999867
2.000661
2.000920
2.000438
1.999522
1.999071
1.999964
1.999873
1.999706
2.000779
2.000132
2.001114
2.001754
1.999855
1.999778
1.998914
2.003677
2.002729
2.002085
2.000695
2.000456
2.001918
2.000871
2.000170
2.001094
1.999851
1.999041
1.998002
1.998811
2.000579
2.001116
1.999688
1.999012
1.997197
1.999020
1.998080
1.999584
2.000646
2.000443
2.001169
2.001074
2.000958
2.004920
2.000017
1.999051
2.001488
1.999186
1.999558
2.001454
2.000645
1.998720
1.998851
1.999786
1.999781
1.999200
1.999501
2.001397
2.002030
2.001451
2.001129
2.000479
1.999247
2.000012
2.000877
2.000478
1.998291
2.001914
1.999367
1.998106
2.000575
2.000271
1.999988
2.002875
2.000118
2.000038
2.000629
2.003828
2.008502
2.004807
1.999317
1.997837
1.997062
1.997701
1.999478
2.000976
1.998826
1.998869
1.998626
1.999260
2.000374
2.000369
2.001396
1.999688
2.005429
2.001389
2.001066
1.999837
1.999139
1.999129
1.999629
1.999505
2.003352
2.000861
1.999496
1.999863
2.000514
2.001184
2.002130
2.000406
2.000620
2.001071
2.002713
2.003943
2.002432
2.001936
1.998422
1.998983
1.999177
2.002871
2.001451
2.000697
2.001054
2.000763
2.001521
2.001574
2.001777
2.000664
2.000245
1.999997
1.999842
2.000495
1.998293
2.002591
2.000252
2.001404
2.001560
2.001213
1.999767
2.001513
1.999379
2.000218
1.999345
1.999656
1.999411
2.001071
1.999242
1.999117
1.998950
1.999924
2.001079
2.001870
2.000522
2.001703
2.001325
2.001882
1.999541
1.999770
2.000257
2.001774
1.998834
1.999710
2.001146
2.002676
2.000805
2.001192
1.999178
2.000323
1.998768
1.999664
1.999315
1.999880
2.001850
2.000712
1.997784
1.999909
2.000484
2.001138
1.999729
2.000377
2.000761
2.000616
1.999936
1.998483
2.000661
1.999515
1.998546
1.998691
2.000991
2.003305
2.003571
2.000191
2.001686
1.999839
2.000228
1.999109
1.997478
1.999058
1.997126
1.999681
2.000075
1.999999
2.027692
2.008808
2.006970
2.001906
2.000284
1.998215
1.997118
1.998591
1.997656
2.001762
2.000889
2.001286
2.001793
2.002915
2.002640
1.999554
2.000332
2.000771
2.001230
2.000379
1.998294
1.998994
2.000326
1.999095
2.000919
2.000455
2.001092
2.000621
1.999887
1.999699
2.000117
2.000101
1.999157
2.001283
1.999889
1.999566
2.001007
2.002458
1.999263
2.001448
2.000959
2.000191
2.000823
2.001283
2.001484
2.000904
1.999368
2.000252
2.002144
2.000126
2.001210
2.001982
1.998737
1.999518
2.007810
2.000675
1.999339
1.999921
1.998761
1.999825
2.000736
2.001850
2.001978
1.999742
1.999883
1.999779
2.002700
2.002911
2.003025
2.000041
1.999821
1.999908
2.003894
2.001347
2.000306
2.000864
1.999137
1.998229
1.998181
1.997587
1.998022
2.000646
1.999166
1.998609
1.999946
1.998843
2.001330
2.001507
1.998841
1.999646
1.999387
1.997849
1.998933
1.999604
1.999750
2.000336
2.000137
2.002868
2.001521
2.000833
2.001012
2.001405
2.000676
2.000222
2.002672
2.001845
2.000095
2.000266
1.999819
2.000452
1.998760
1.999712
1.998881
2.000110
1.999827
2.001173
2.000857
2.004789
1.998257
1.999446
1.999279
1.999206
1.999117
1.998924
2.000242
1.999778
2.000216
2.007743
2.002497
2.001508
1.999806
2.001479
2.002185
2.000713
1.998771
2.003881
1.998801
2.002626
1.999224
1.998409
1.998098
2.000669
2.000811
2.000078
2.000375
2.000275
1.999734
2.003341
1.999649
2.000036
2.003398
2.002197
1.999906
1.999263
1.999746
2.000078
1.998677
2.000943
2.000092
2.000480
2.000220
2.001685
2.000010
2.001855
2.000889
2.001388
1.998916
1.999939
2.000259
2.000754
1.998771
1.999015
2.000402
1.998698
1.998757
1.998100
1.998983
1.998138
2.000651
2.000253
1.998570
1.999412
2.000817
2.000735
2.000152
2.000458
1.999002
1.999679
1.998811
2.001320
2.000200
2.000607
2.002155
2.001605
2.000527
1.999936
2.001296
2.001966
2.000564
2.002598
2.000973
1.998906
1.999583
1.999120
2.000196
1.999528
1.998732
1.998721
2.001068
2.001501
1.999304
1.998900
1.998456
1.998919
2.000893
2.000123
1.999135
2.000546
2.000189
2.002255
1.998528
1.997999
2.000275
2.001055
2.000706
2.000334
1.999876
2.002124
2.001896
2.000990
2.000514
2.001044
2.000239
2.000536
2.000313
2.000735
1.999964
2.000981
1.999199
1.999280
2.030219
2.011415
2.007575
2.002369
2.000453
2.000775
2.001030
2.000584
2.001462
1.999397
2.001719
2.003423
2.001835
2.002363
1.998940
1.999300
2.000139
2.009089
2.002877
2.002619
2.002765
2.000815
2.000195
1.998997
2.000278
2.000860
2.000759
2.006502
2.000730
1.999756
2.001143
2.001735
2.002517
2.001725
1.998929
1.998998
1.998621
1.999242
2.001116
1.999384
2.000140
1.998412
2.000461
1.999993
2.001365
2.001270
2.000228
1.999870
2.000779
2.003679
2.003215
2.002171
2.000369
2.001926
2.001683
2.003151
2.001154
1.999872
2.000270
2.000536
2.001017
1.999382
2.000853
2.002655
1.999844
2.000029
1.999278
1.999331
1.999687
2.001792
1.999161
2.000741
2.000855
2.001066
2.003954
2.001094
2.000813
2.001471
1.999592
2.000185
2.000835
1.999168
1.999191
1.998766
1.999576
2.001928
2.000493
1.999216
2.000018
2.000074
2.001058
1.999968
1.999870
2.000237
1.999642
1.999544
2.001722
2.001735
2.002495
2.001957
2.000029
2.000922
1.999583
1.998112
1.999184
2.001291
1.999147
1.998484
1.997763
2.000364
2.001081
1.997854
2.000563
2.000819
2.002240
2.000827
1.999916
1.999410
1.999562
1.997529
1.997907
1.999452
1.996755
1.998752
1.999606
1.999059
2.001065
2.003837
2.001349
2.000597
2.000505
1.998734
2.001141
2.003198
2.002721
1.999547
2.001503
2.002471
1.999901
2.001421
2.001372
2.000203
2.000470
2.001797
2.001626
2.001342
2.002504
2.003264
1.999862
2.000167
1.998280
1.999587
1.997356
2.000687
2.001137
2.002291
2.002777
2.002279
2.001212
2.001703
2.000661
2.000914
2.001476
2.001485
2.002772
2.003394
1.999873
1.999500
1.999673
1.999042
2.000001
2.000548
1.999855
1.999853
2.001693
2.000978
1.999238
1.999772
2.000695
2.000554
1.999820
2.001476
2.000590
2.001050
1.999851
1.998989
1.998113
2.000174
2.000522
2.002288
1.999688
1.999000
2.000568
2.001189
2.001358
1.999397
2.000646
2.000118
2.000213
2.002319
2.000839
1.999179
2.000017
1.999178
1.998949
1.998650
1.999492
1.999017
2.000645
1.998668
1.999564
1.999884
1.998888
2.001217
1.999501
2.001744
2.004849
1.999897
2.000676
2.000721
1.999247
2.003502
2.000873
2.000434
1.998862
2.003822
1.999367
1.998830
1.999073
2.000028
1.999294
1.998676
2.000118
2.000513
2.000952
2.000498
2.000309
2.000210
1.999317
1.997961
1.998624
2.001203
1.999822
2.000367
1.998826
1.999014
2.001119
1.999215
1.999223
1.999958
2.001396
1.999708
2.001497
2.000927
2.001253
1.999107
1.999139
1.999127
2.001195
1.999894
1.999972
2.001130
1.999496
1.999978
2.000322
2.001053
2.000964
1.999046
2.000620
2.001223
2.005338
2.002537
2.001607
2.004363
1.998422
1.998604
1.998566
1.998437
2.000901
2.002152
2.001054
2.001274
2.000944
1.999503
2.000592
2.000537
2.000245
1.999600
1.998757
2.000615
2.001806
2.005539
2.000252
2.000848
2.001641
2.001385
1.998946
1.997685
1.999379
2.000579
2.002468
2.002412
2.000736
2.001047
1.999242
2.001632
1.998487
1.998951
1.999641
2.000953
2.000522
2.001297
2.000873
2.000853
1.999616
2.000011
2.000257
2.002317
2.001373
2.001790
2.001184
1.999714
2.000805
2.001282
2.000090
2.000735
2.000814
1.999979
1.999315
1.999976
1.999586
1.997903
1.999225
2.001448
2.000484
2.000891
2.001634
2.002121
2.002019
1.997881
1.999936
1.998885
2.000263
2.001214
2.000663
2.001065
2.000991
2.003972
2.001564
2.001786
1.999373
1.997013
2.000228
1.999017
2.001020
2.002331
1.999815
1.999943
2.000075
2.000009
2.001739
2.002664
2.002603
1.999413
2.000284
1.998454
2.000758
1.999977
1.999944
2.001325
2.000889
2.001174
2.002202
2.000650
2.001187
2.001017
2.000332
2.000630
1.998717
2.002203
2.000256
2.000785
2.000326
1.999479
2.002150
1.999782
2.000334
1.999529
1.999887
1.999067
1.999110
2.002258
2.002987
2.002922
1.999889
1.999678
2.000043
2.001295
1.998202
1.997873
2.000959
2.000768
2.001451
2.001903
2.002940
1.999799
1.999368
2.001358
2.000840
2.001788
2.002877
2.003535
1.998737
1.999457
2.000956
1.999677
1.999015
2.001667
1.998761
1.999287
1.999933
1.998920
1.997586
1.999557
1.999883
2.000001
2.000375
2.001453
2.000094
2.004270
1.999821
2.000165
1.999542
2.001128
2.002169
2.002509
1.999137
1.998552
1.999705
2.001587
2.001055
2.002342
1.999166
1.999262
1.998262
1.999022
2.002053
2.000487
1.998841
2.000013
2.001250
2.002063
2.001257
2.001754
1.999750
2.000117
2.000089
2.000957
2.000143
1.998972
2.001012
2.001999
2.001704
1.999509
2.001753
1.999573
2.000095
2.000472
2.001596
2.000867
2.002153
2.001674
1.998881
1.999097
1.998343
2.000470
1.999456
2.000087
1.998257
1.999564
2.001530
2.000140
1.999155
1.999116
2.000242
1.999693
2.001266
2.000046
2.000508
2.001184
1.999806
2.002149
1.999821
2.000315
2.000673
2.000348
1.998801
2.001158
2.001872
1.999397
1.998850
1.998512
2.000811
2.000389
2.000676
2.001618
2.000313
2.000824
1.999649
1.999628
2.001547
2.000854
1.999749
2.000294
1.999746
2.000380
2.001300
2.003925
2.002285
2.000089
2.000220
2.001359
1.999934
1.998861
1.999080
1.999163
1.998916
1.999721
2.000183
2.000381
1.999624
2.000272
2.000402
1.998929
2.001572
2.000753
2.002211
2.002166
2.000651
2.000127
2.001463
2.000577
2.000628
2.000486
2.000152
2.000204
1.999748
2.001492
1.999814
2.000516
2.000200
1.999673
2.002151
2.001059
2.000644
2.001211
2.001296
2.001811
2.000707
1.999671
2.000622
2.000152
1.999583
1.999430
2.000979
2.000028
2.000568
2.002099
2.001068
2.000801
2.000980
2.001095
1.999617
2.000262
2.000893
2.000232
1.999039
1.999064
2.001242
1.998658
1.998528
1.997963
1.997762
1.999074
2.001668
2.000898
1.999876
2.001754
2.001133
1.998367
1.998355
1.999012
2.000239
2.000812
2.002105
2.002094
2.001041
1.998878
1.999199
1.999847
2.000155
2.000667
2.000649
2.000003
2.000453
2.000455
2.000490
1.998035
2.003330
2.001775
2.001719
2.003105
2.000373
2.000616
2.000908
2.000822
2.000139
2.002779
2.000015
1.999993
1.999400
1.998755
2.000195
1.999091
2.000810
1.999125
2.002173
1.998448
2.000730
1.999624
1.998047
1.998309
1.997652
2.000855
1.998929
1.998449
2.000074
1.999944
2.001019
1.999556
2.000140
1.998319
2.000279
1.999265
2.000593
1.998673
2.000228
1.999663
2.002901
2.001121
2.001084
2.003652
2.000369
2.001951
2.001104
2.001542
2.001041
1.999435
2.000270
2.000394
2.001657
2.002973
2.002952
2.001226
1.999844
2.000341
2.002028
2.001406
2.006137
2.002139
1.999161
2.000453
2.000568
2.001925
2.001168
1.999598
2.000813
2.000638
2.000430
2.001290
2.001584
2.001311
1.999191
1.998620
1.998777
1.998812
1.999071
2.000980
2.000018
1.999516
1.999426
1.999369
1.997214
1.998962
1.999642
1.999306
1.997717
1.998377
2.000140
2.000708
2.000029
2.001007
2.000190
2.001885
1.999634
1.999265
1.999147
1.998417
1.998701
1.997818
1.998737
1.999524
2.000563
2.000289
2.002591
2.000478
2.001511
1.998714
1.999562
1.997438
1.997720
1.999764
2.000141
2.003552
1.999606
1.998750
1.999953
1.998678
1.997736
2.000498
2.000505
1.998978
2.002406
1.999052
1.998526
1.999057
2.001503
2.001270
1.999709
2.000104
1.998893
1.999608
2.000470
2.002046
2.000493
1.998632
1.998633
2.007110
1.999862
2.000810
1.999076
1.999120
1.997414
2.000941
2.001137
2.001929
2.000937
2.005663
2.003148
2.003429
2.000661
2.000526
2.002016
2.001575
2.002211
2.000457
1.999873
1.999474
1.998617
1.999629
1.999546
1.999009
1.999855
2.000001
2.001975
2.001283
2.000016
1.999985
2.000695
2.000694
2.001027
1.998586
2.001107
2.000454
1.999851
1.999399
2.000441
1.999264
1.998226
2.000243
1.999688
1.999964
1.999207
2.000199
2.000531
2.000727
2.000646
1.999689
1.998228
1.998556
1.998644
1.998700
2.000017
1.999228
1.999988
2.000258
1.997861
1.998927
2.000645
1.998771
2.000589
2.001008
2.001865
2.001903
1.999501
2.002018
1.999288
1.999483
1.998551
1.999445
1.999247
2.001584
2.000613
1.999894
1.998484
2.001012
1.999367
1.998591
2.000149
2.000119
1.999314
1.997935
2.000118
2.000947
1.999378
2.000947
2.000008
2.000547
1.999317
1.997641
1.998225
1.999864
2.002003
1.999631
1.998826
1.998935
2.000172
2.000581
2.001366
1.999885
2.001396
2.000231
1.998630
2.003181
2.002936
2.000814
1.999139
1.999613
1.998580
1.998030
1.997589
1.996866
1.999496
2.000017
1.999175
1.998750
2.000492
1.998881
2.000620
2.000936
2.001770
2.001108
2.002062
2.000175
1.998422
1.999070
1.998073
2.000232
2.000225
1.999738
2.001054
2.000362
2.002938
2.002515
2.001467
2.002221
2.000245
1.999647
1.998982
1.997373
2.001544
1.998555
2.000252
2.000787
2.002616
2.000284
1.998603
2.000604
1.999379
2.001185
2.001908
2.000468
1.998291
1.998150
1.999242
2.001244
2.001029
2.000640
2.002381
1.999715
2.000522
2.001445
2.000033
1.999323
1.998197
1.999775
2.000257
2.004115
1.998414
2.000577
1.998880
2.001600
2.000805
2.000759
2.001399
2.001518
2.003503
2.003714
1.999315
1.999244
1.999710
1.998758
1.997469
2.000225
2.000484
2.001165
1.999430
2.000152
2.000552
1.998872
1.999936
1.999325
1.997785
2.000125
2.001618
1.998476
2.000991
2.004670
2.002213
1.999415
1.999181
1.999430
2.000228
1.999772
1.998293
1.998563
1.999423
1.997999
2.000075
1.999664
2.001193
2.000551
2.017141
2.005572
2.000284
1.998796
1.999414
2.000954
2.001642
1.999331
2.000889
2.002426
2.000303
1.998644
1.998344
1.999212
2.000332
2.000532
1.999153
2.003627
2.000877
2.000904
2.000326
1.999067
1.998769
2.000521
1.997743
1.998135
1.999887
1.999531
1.999730
1.998102
1.997413
1.999547
1.999889
1.999431
2.008212
2.005826
2.003591
2.003661
2.000959
2.001573
2.000246
2.000992
2.001511
2.000153
1.999368
2.001500
2.000373
1.999129
1.999907
1.999898
1.998737
1.999498
2.000036
1.998845
1.999221
2.000003
1.998761
1.999183
2.001767
2.002388
2.001637
1.999029
1.999883
1.999864
1.999549
1.997916
1.998965
2.000397
1.999821
2.000481
1.999844
2.001964
2.000442
1.999695
1.999137
1.999347
1.999233
2.001500
2.005388
2.003076
1.999166
1.999208
1.997526
2.002942
1.999552
1.998592
1.998841
2.001014
1.999923
1.999890
2.000223
2.000138
1.999750
1.999837
2.000124
2.001681
2.000893
1.998213
2.001012
2.000977
2.002028
2.000990
1.996455
1.998240
2.000095
2.000436
1.999378
1.999537
1.998330
2.000036
1.998881
1.999045
1.999804
1.999830
2.002754
1.999814
1.998257
1.999825
1.999138
2.000488
1.998649
1.999778
2.000242
1.999825
1.999731
2.001990
2.000451
2.000416
1.999806
2.002244
2.000337
2.001197
1.999153
1.997525
1.998801
2.001467
1.999449
1.997376
1.998959
1.999406
2.000811
2.000874
2.000973
2.000685
1.998441
1.999304
1.999649
2.000214
2.000854
2.000910
2.002247
2.000165
1.999746
2.000339
1.998382
1.998299
2.000220
1.999560
2.000220
2.001465
1.999454
2.000951
2.000669
2.000899
1.998916
1.999182
1.998833
1.999823
1.999570
2.001138
2.000402
1.998961
1.999188
2.000616
2.000984
2.002041
2.000651
2.000940
1.999604
1.999091
1.998311
1.998197
2.000152
2.000546
2.001482
2.000109
2.003270
1.999873
2.000200
2.001300
2.000738
2.001313
2.001218
2.000414
2.001296
2.001401
1.999900
1.999537
1.999950
1.999224
1.999583
1.999828
2.000254
2.000166
1.999467
2.001050
2.001068
2.000540
2.002076
2.000884
2.001072
2.000637
2.000893
2.000481
2.000413
2.001559
1.998897
1.999722
1.998528
1.997752
1.997157
1.998762
1.999064
2.002740
1.999876
2.000954
2.001325
2.000029
2.000840
2.007101
2.000239
2.000421
2.001107
2.003402
2.002066
2.001234
1.999199
1.999730
1.999998
1.999908
1.998422
1.997501
2.000453
2.000004
1.998853
1.999604
2.002878
2.000472
2.001719
2.005184
2.000671
2.001983
2.000374
2.001162
2.000139
2.001100
1.998677
2.000485
2.002236
1.997951
2.000195
1.998481
1.998213
1.999562
2.000635
2.000220
2.000730
1.999628
1.998249
2.000330
2.000225
1.999276
1.998929
1.998164
2.000203
2.003109
2.001718
2.001203
2.000140
1.998424
1.998726
1.998855
2.004983
2.004128
2.000228
2.000414
2.000743
1.998215
1.996633
1.998417
2.000369
2.001779
2.001689
1.998033
1.999546
1.998992
2.000270
2.000403
2.000503
1.999101
1.999157
2.001058
1.999844
2.000169
1.997952
1.999048
2.000583
2.000934
1.999161
1.999560
1.998432
1.998423
2.001187
2.000566
2.000813
2.001122
1.998604
1.999492
1.998850
1.999754
1.999191
1.998408
1.996614
2.000566
2.001363
1.999399
2.000018
1.999950
2.002475
1.999964
2.001259
1.999307
1.999642
1.999200
2.000157
1.999603
2.000242
1.999340
2.000029
1.999923
2.000063
2.001221
2.000922
1.999696
1.999147
1.998541
2.001341
2.001961
2.000162
2.000568
2.000563
2.000099
1.999558
2.000752
2.001817
1.998548
1.999562
1.997123
1.999861
2.001110
2.001612
2.001281
1.999606
1.998962
1.999291
1.998126
1.998689
1.998896
2.000505
1.999366
2.001424
2.001383
2.001495
1.999264
2.001503
2.000816
1.999871
1.999943
2.001079
2.001023
2.000470
2.001452
2.000984
1.997919
1.999551
2.000423
1.999862
2.000580
2.000328
2.000004
2.004641
2.001885
2.001137
2.001932
1.999167
1.998874
1.999224
1.998724
2.000661
2.000383
2.001146
1.999219
2.000601
1.998853
1.999873
1.999425
1.998915
2.000312
1.999225
2.000142
1.999855
2.001026
2.000397
2.000987
2.000899
2.000668
2.000695
2.000140
1.998328
1.999847
1.999856
1.999078
1.999851
1.999428
2.000150
1.999480
1.999277
1.999463
1.999688
2.000718
1.997701
1.998150
1.999854
1.999943
2.000646
1.999960
1.998549
1.997445
1.998935
2.000117
2.000017
1.999476
1.999777
1.999775
1.999799
2.000108
2.000645
1.998902
2.000528
1.999773
1.999304
1.999498
1.999501
2.001743
2.000012
1.999715
2.000254
2.000448
1.999247
1.999480
1.999944
1.997694
1.996900
1.997550
1.999367
1.997790
1.997470
1.997593
1.998481
2.001167
2.000118
2.000491
2.000310
1.999703
1.999821
1.998990
1.999317
1.998067
1.998816
2.000035
2.000040
2.000784
1.998826
1.998940
1.998038
1.999651
1.999276
1.999882
2.001396
2.000795
2.001426
1.999635
2.001417
1.999579
1.999139
1.999974
1.999445
2.000482
2.001912
1.999584
1.999496
2.000788
1.999419
2.001780
2.004058
2.002684
2.000620
2.000176
2.000377
1.999010
2.000071
1.998761
1.998422
1.999403
2.001632
1.999345
1.997038
1.998310
2.001054
2.000436
1.999984
1.998588
2.004698
2.001167
2.000245
1.999472
1.999649
1.998908
1.998315
1.997877
2.000252
2.000881
2.001240
1.999994
1.998621
1.997983
1.999379
2.001545
2.004494
2.001011
2.001436
2.000422
1.999242
1.999404
1.999881
1.999833
2.000061
2.000510
2.000522
2.001329
2.002094
2.000419
2.000238
2.005879
2.000257
2.006492
2.002472
2.002324
2.002123
1.999412
2.000805
2.000685
2.000590
2.001203
1.998727
1.998901
1.999315
1.999763
2.000447
2.000354
2.000101
2.003632
2.000484
2.001243
1.999507
1.998853
2.004627
2.000564
1.999936
2.000094
2.000021
1.999554
1.999131
1.999729
2.000991
2.003620
2.001526
2.000734
2.001356
2.004915
2.000228
1.999829
1.998879
2.001622
2.000440
1.999540
2.000075
1.999688
1.999365
1.999877
1.998475
2.001044
2.000284
1.998715
2.001039
1.998904
2.000153
2.001374
2.000889
2.001992
2.000452
2.000853
2.000398
2.001045
2.000332
2.002160
1.998553
1.999242
1.998668
1.998407
2.000326
1.999993
2.001541
1.999166
1.998639
1.998609
1.999887
1.999541
1.998849
1.999674
1.999719
1.999706
1.999889
1.999863
2.000664
1.999478
1.999596
2.001423
2.000959
2.001062
2.000675
1.999691
2.000120
1.998588
1.999368
2.000519
2.002084
2.001959
2.003181
2.001564
1.998737
1.999741
1.998125
1.998875
1.998819
1.997785
1.998761
1.998752
2.000923
2.001854
2.002443
2.001897
1.999883
1.999918
2.003322
2.002569
2.002994
2.001339
1.999821
1.999784
2.000363
1.999442
1.999223
1.999354
1.999137
1.999404
2.001575
1.999728
2.000324
2.000590
1.999166
2.000026
1.999462
1.999613
1.998420
2.010494
1.998841
2.000345
1.999707
2.000913
2.002360
1.999845
1.999750
2.000705
1.998630
1.996983
1.998470
1.999471
2.001012
2.000744
2.000659
2.000436
2.000115
1.999875
2.000095
2.001223
2.001059
1.999757
1.999791
2.001101
1.998881
1.998375
1.997790
1.998439
1.997764
1.998231
1.998257
1.999619
1.998804
2.001798
2.000628
2.001794
2.000242
1.999859
1.998784
1.997139
1.998618
1.998757
1.999806
2.001261
2.000421
1.999277
2.000159
1.998646
1.998801
2.001340
1.999043
1.998438
2.001050
2.000300
2.000811
2.001117
2.001429
1.998819
1.998783
2.000577
1.999649
2.000234
2.001270
2.003802
2.001359
1.999546
1.999746
2.000494
2.000339
1.998822
1.999684
2.002339
2.000220
2.000738
1.998209
2.000270
1.999771
2.002703
1.998916
1.997976
1.999310
2.001012
1.999717
2.001636
2.000402
1.998461
1.997662
1.998862
2.000319
1.999133
2.000651
2.000405
1.998368
1.999226
1.998421
1.999631
2.000152
1.999494
2.000771
1.999740
1.999902
1.998506
2.000200
2.000123
1.999378
2.000669
2.009308
2.006218
2.001296
2.001623
2.001539
1.999643
2.000350
1.999410
1.999583
1.999589
1.999984
1.999740
2.001088
1.999188
2.001068
2.000253
1.997975
1.999847
2.000661
2.000209
2.000893
2.000368
1.999761
1.998167
1.998630
1.999958
1.998528
1.998168
1.997544
1.998144
1.999448
2.000436
1.999876
2.000642
2.003352
2.002901
2.000660
2.000507
2.000239
2.000447
2.002673
1.999828
1.998156
2.000010
1.999199
1.999806
1.999157
2.002039
2.000348
2.003734
2.000453
1.999548
1.997652
1.997982
1.998801
1.998178
2.001719
2.005254
2.002884
2.002461
2.001253
2.000891
2.000139
1.999930
1.996134
1.998006
1.999566
1.999304
2.000195
1.998023
1.999504
1.999473
1.997485
1.999658
2.000730
1.999524
2.000140
2.000615
2.001607
1.999330
1.998929
1.998010
1.998738
2.000909
1.999758
2.000915
2.000140
1.998668
1.998546
1.998764
1.999376
2.002737
2.000228
2.000355
1.998168
1.999644
2.000359
2.001822
2.000369
2.003082
2.003292
2.000649
2.001091
2.002308
2.000270
2.000213
2.000332
2.003850
2.002669
2.002251
1.999844
2.001454
1.999554
1.998702
1.997752
2.000323
1.999161
1.998978
2.000518
1.999691
2.000209
2.000442
2.000813
2.003256
1.999137
2.002638
2.000981
2.000839
1.999191
1.998222
1.996658
2.001355
1.999070
1.999228
2.000018
2.002718
2.000647
2.000501
2.002652
2.001612
1.999642
1.999117
1.997891
2.002975
2.000415
2.000877
2.000029
1.998963
1.998984
1.999612
2.000239
2.000161
1.999147
1.998045
1.996763
1.996936
1.999506
1.997813
2.000563
1.999837
2.001595
1.999016
2.000442
2.001416
1.999562
1.996654
1.997249
1.999408
2.001407
2.002067
1.999606
2.000207
2.000001
2.000567
2.005078
2.000660
2.000505
1.998763
1.996415
1.995999
1.998322
2.001595
2.001503
2.000594
2.000921
1.999410
1.998964
1.999748
2.000470
2.001315
2.002725
2.001394
2.000863
1.999839
1.999862
2.000183
2.002030
2.000211
1.998868
2.000613
2.001137
2.002651
1.999091
1.997620
1.997664
1.997683
2.000661
2.000330
2.003692
2.000066
1.998535
1.997351
1.999873
2.000063
1.999881
1.999329
1.999033
2.001405
1.999855
2.000970
2.001751
1.999970
1.999215
1.999897
2.000695
1.999578
2.000133
1.999834
1.998489
1.999444
1.999851
1.999033
1.999291
1.998917
2.000343
2.001937
1.999688
2.002793
1.999655
2.002161
2.002199
1.997658
2.000646
1.999855
1.997990
1.998715
1.999190
1.999030
2.000017
1.999375
1.999152
1.999742
1.999053
2.000098
2.000645
1.998614
2.000624
1.999760
1.998287
1.998552
1.999501
2.001375
1.998660
1.999804
1.999532
1.999920
1.999247
1.999675
2.001020
1.999410
1.999001
1.998025
1.999367
1.997814
1.998669
1.998300
1.999720
1.999856
2.000118
2.000214
1.997809
1.998576
1.999587
1.999155
1.999317
1.998042
1.997224
1.996981
1.996669
1.999276
1.998826
1.999226
1.997581
2.001431
2.002925
2.003217
2.001396
2.001090
1.999798
1.998439
1.999950
2.000436
1.999139
2.000970
1.998790
1.997822
1.999845
1.998355
1.999496
2.001846
1.997825
2.000960
1.999109
1.998945
2.000620
2.000400
2.001420
1.999909
2.001308
1.998999
1.998422
1.999611
1.998631
1.998440
1.999091
2.000476
2.001054
2.000383
1.999606
2.000750
2.000251
2.001688
2.000245
1.999844
1.999115
1.999598
2.001412
2.000089
2.000252
2.001071
1.999480
2.000300
2.003177
1.999423
1.999379
2.000840
2.001445
2.002615
2.000887
1.999145
1.999242
1.998821
1.997471
1.999038
1.998287
1.999189
2.000522
2.001052
2.002170
2.006404
2.004053
2.002155
2.000257
2.004196
1.999662
1.999570
2.001213
2.000189
2.000805
2.000858
2.000515
2.000488
1.999398
2.000541
1.999315
2.000490
2.002548
1.999217
1.998209
1.998350
2.000484
2.001645
1.999865
1.998013
1.998801
1.997641
1.999936
1.998851
1.997203
1.999234
1.997250
2.000009
2.000991
2.003373
2.000932
2.000313
1.999220
1.999721
2.000228
1.999976
1.998794
1.998723
1.997437
1.999669
2.000075
1.999003
1.997853
1.999049
1.998380
1.998618
2.000284
1.998372
1.997679
2.000082
2.000209
2.000209
2.000889
2.001616
2.002585
2.000506
2.002099
2.000155
2.000332
2.001378
2.001401
2.000103
2.002156
1.997434
2.000326
2.000353
1.997576
1.998626
1.999545
2.001022
1.999887
1.999269
2.001828
2.000139
1.999623
2.000918
1.999889
2.001230
2.000735
2.002962
2.000722
2.001192
2.000959
2.000952
1.999287
1.999821
2.001401
1.999951
1.999368
2.000401
2.002215
2.001066
2.000868
2.009853
1.998737
2.000174
2.000684
2.000725
2.001768
2.002107
1.998761
1.998869
1.998931
2.000112
1.998536
2.001208
1.999883
1.999886
2.002582
1.999752
1.999833
2.000756
1.999821
1.998865
2.001322
2.001007
1.999869
1.999009
1.999137
2.000545
1.999100
2.000824
2.001965
2.001384
1.999166
1.998915
1.998772
1.997730
1.996347
1.999929
1.998841
1.999737
2.000544
1.999362
1.998992
2.004262
1.999750
2.000881
2.002174
2.000558
1.999826
2.000134
2.001012
2.000656
2.002510
1.999949
2.004656
1.999967
2.000095
2.002221
1.998883
1.998003
2.000042
2.002847
1.998881
1.997842
2.000124
2.000005
2.000198
2.000040
