1.977439
1.979623
1.946283
1.970845
1.987426
2.008627
2.008875
1.997321
1.974905
1.996278
2.008260
2.023131
2.002167
2.013130
1.991491
1.982079
1.986315
1.970433
2.013023
1.996044
1.990200
1.972703
1.970430
1.965153
2.021398
2.021620
2.020810
2.021428
2.023116
2.019841
2.003380
2.000143
1.984795
1.976241
1.978775
1.982013
1.974912
1.975597
1.939634
1.960934
1.977307
1.998110
2.008992
1.998056
1.975690
1.994471
2.007968
2.030214
2.002747
2.014367
1.984586
1.984223
1.984630
1.968770
2.014356
1.997302
1.991723
1.973113
1.971043
1.965120
2.021559
2.021724
2.019923
2.019249
2.023242
2.019122
2.003191
2.000104
1.985608
1.977581
1.982363
1.986032
2.007090
2.018674
2.039721
2.034103
2.027090
2.007784
2.013497
2.020888
2.049451
2.048467
2.033396
2.015350
2.015959
2.004736
1.977977
1.963492
1.968427
1.987811
2.017303
2.013748
2.045660
2.034517
2.031489
2.020756
1.996660
1.996314
1.968254
1.989302
1.978072
1.983072
1.995528
2.005297
1.988038
2.010220
2.022616
2.025037
1.999931
2.008442
2.005644
2.004614
2.005343
1.992265
2.010122
2.016207
2.041326
2.046547
2.032264
2.019790
2.013881
2.003105
1.974939
1.960051
1.965220
1.977422
2.017054
2.016038
2.044119
2.036347
2.033888
2.025722
1.995932
1.993120
1.964144
1.989194
1.979572
1.989537
1.995016
2.004932
1.986134
2.008598
2.022899
2.023576
2.007455
2.014132
2.018069
2.007731
2.016378
2.015929
1.993164
1.994239
2.024886
2.011860
2.003651
2.001548
1.999790
2.010172
2.035056
2.044015
2.034430
2.033832
2.011503
2.021361
2.025773
2.011961
2.008926
1.995752
1.996933
1.997713
1.997851
1.995496
1.979310
2.006075
2.022314
2.014227
1.996057
1.988888
1.982031
1.993338
2.006579
2.013847
2.010196
2.001771
2.000637
2.004463
1.991641
1.993549
2.029810
2.022217
2.009619
2.009596
2.000687
2.011409
2.036081
2.039784
2.029283
2.031725
2.007525
2.013916
2.015268
1.995989
1.997514
1.993149
1.997717
1.998784
2.005002
2.000814
1.981119
2.005318
2.022046
2.014637
1.996066
1.987948
1.980607
1.991261
2.016308
1.999115
1.969866
1.983865
1.977232
1.968944
2.003088
2.001722
1.996027
1.992863
1.986977
1.985450
2.011056
2.010431
2.011048
2.010545
2.011738
2.017690
2.015590
2.021036
2.022021
2.044265
2.046649
2.039899
1.987793
1.976590
1.981385
1.995913
1.992236
2.008042
1.989808
1.987841
1.959440
1.962549
1.963852
1.981033
2.017251
2.005568
1.987368
1.999468
1.993815
1.976062
2.000748
2.000435
1.989481
1.989670
1.982695
1.983570
2.010309
2.009479
2.011467
2.009540
2.008634
2.017171
2.015186
2.021364
2.020327
2.044594
2.047891
2.038611
1.988468
1.977138
1.981090
1.993780
1.991779
2.007095
1.989456
1.987518
1.960539
1.966015
1.967613
1.984278
2.004134
1.997966
1.984293
2.006252
2.001782
1.993736
2.015762
2.030861
2.008744
2.010717
2.006034
2.004045
2.008738
2.017711
2.003294
1.972478
1.987450
1.991583
1.990349
1.991315
1.998440
1.968969
1.973984
1.971813
1.987170
1.983981
1.968061
1.999081
2.002131
1.994407
1.985933
1.983914
1.993772
2.003956
2.002103
2.010974
2.001423
1.996937
1.975483
2.014845
2.009327
2.004023
2.015238
2.030970
2.013170
2.010205
2.008872
2.013493
2.011866
2.020389
2.008302
1.988199
1.997296
1.995093
1.990396
1.990975
1.997142
1.970176
1.978896
1.977860
1.988077
1.985134
1.971011
2.002810
2.004157
1.995751
1.985670
1.983569
1.993245
2.004872
2.003289
2.011649
1.992969
1.991613
1.981040
1.992688
1.996437
2.016074
2.024763
2.028763
2.054898
2.036155
2.028674
2.044864
2.010214
2.009729
2.022257
2.029191
2.023220
2.010496
1.999693
1.994035
1.975077
1.946675
1.957584
1.984249
2.007501
2.001903
1.983336
1.989179
1.998384
2.003370
2.000908
2.012689
2.006352
2.012202
2.026945
2.021103
1.994174
1.994728
1.979521
1.984185
1.984511
1.999882
2.019461
2.022676
2.044057
2.021070
2.017591
2.036934
2.008773
2.007547
2.019920
2.040337
2.034587
2.018323
1.999395
1.992887
1.974962
1.945504
1.953356
1.978756
2.008951
2.003802
1.989236
1.991387
1.999994
1.999588
2.001441
2.014978
2.010439
2.016144
2.029431
2.020737
2.006014
2.008685
1.982969
1.972935
1.977781
1.961343
1.999302
2.008796
2.029683
2.008573
1.995555
1.996795
2.001500
1.995994
1.964129
2.003752
2.008314
2.041231
2.006163
2.010879
1.993412
2.001425
1.997900
2.015043
2.015578
2.011249
2.025498
2.042411
2.034622
2.001132
2.018829
2.011770
1.987820
1.976293
1.995234
1.995571
2.007893
2.014210
1.980545
1.984790
1.991836
1.988409
1.999738
2.011029
2.031509
2.020792
2.011981
2.005738
2.004121
2.001623
1.971167
2.010605
2.008003
2.029840
2.005062
2.009240
1.989402
1.995722
1.993950
2.012581
2.015519
2.010509
2.023692
2.042608
2.032862
1.995165
2.018829
2.011770
1.987820
1.976039
1.994303
1.994601
1.989630
1.995121
2.007239
2.007785
1.998973
1.998278
2.010428
2.004964
2.003032
2.014210
1.999438
1.983751
2.004960
2.007196
1.970978
2.004955
2.012587
2.013761
2.012034
2.014056
1.989793
2.014521
2.004113
2.010385
1.985818
1.976354
1.958905
1.985031
1.990537
1.984602
2.013367
2.014187
2.010259
2.030937
2.023048
2.015146
1.985878
1.991662
1.992659
1.996526
1.993744
2.002242
2.011013
2.006660
2.005035
2.007335
1.997635
1.973391
2.007835
2.007105
1.975329
2.009094
2.016441
2.014196
2.008589
2.009075
1.985273
2.010088
1.998262
2.004842
1.985296
1.975862
1.958146
1.984140
1.990725
1.985643
2.012942
2.013631
2.008527
2.028830
2.021598
2.011552
2.002855
2.007197
2.056325
2.051917
2.048484
2.031205
2.002285
1.984958
1.963826
1.989822
1.993631
1.993130
2.001305
2.003405
2.010628
1.976598
1.985115
1.998761
2.011546
2.016492
2.037182
2.042409
2.032383
2.003494
2.002844
2.017156
2.013393
2.007947
2.014709
1.982506
2.010030
2.011524
2.026332
1.993819
2.012013
2.026994
2.003356
2.006622
2.051659
2.051432
2.038427
2.021261
2.001020
1.983940
1.967472
1.986725
1.991174
1.988892
2.006673
2.008621
2.022809
1.996323
2.000347
2.007316
2.010134
2.014625
2.030817
2.043340
2.029393
2.002239
2.003500
2.018780
2.010234
1.997219
2.007937
1.985751
2.008936
2.010463
2.028910
1.997728
2.014041
2.026622
2.002333
2.007364
2.013993
1.984415
1.991243
1.996459
2.004045
2.012358
2.004326
1.992055
1.986078
1.980528
1.975137
1.973153
1.942615
1.948091
1.953205
1.983423
2.008365
2.018487
2.014864
2.058406
2.045914
2.007940
2.012321
2.024313
2.020026
2.023808
2.006479
1.992247
2.002075
1.990577
2.004064
2.015516
2.007735
2.029817
2.001223
2.004927
2.025679
1.997915
1.999537
2.008064
2.000190
2.005896
1.993451
1.997799
1.992517
1.986787
1.974372
1.971658
1.943007
1.950339
1.951699
1.980998
2.010247
2.020800
2.019427
2.066897
2.049456
2.005456
2.012437
2.024828
2.022112
2.027901
2.008454
1.993750
2.002175
1.990613
1.997874
2.009635
2.001932
2.025037
2.006077
2.020793
2.046181
2.025638
2.010969
2.021594
1.998199
2.000304
1.993732
2.003836
1.983987
2.001164
2.007576
2.016677
2.028324
1.987647
1.992418
1.988068
2.005318
2.015579
2.040597
2.018132
2.002244
1.982025
2.016061
2.018810
1.998891
1.996655
1.997930
2.002972
1.999796
1.994750
2.027650
2.037429
2.036074
2.029238
2.002394
2.012551
2.036675
2.013388
2.006577
2.021071
1.997160
1.997144
1.988687
2.001933
1.985163
2.000696
2.008297
2.015717
2.034175
2.012291
2.007377
1.988922
2.005173
2.013744
2.037656
2.010860
1.999322
1.985928
2.015415
2.018110
1.998028
1.996483
1.997410
1.997693
1.999313
1.993620
2.026125
2.037004
2.038354
2.034374
2.009368
1.997545
1.988021
2.014023
2.010316
1.999402
2.013848
2.025920
2.048897
1.974064
1.986181
1.988361
1.998003
2.000086
2.005015
1.996641
1.997146
2.004080
1.997289
2.000600
2.021887
2.022960
2.023827
2.033312
1.989513
1.997404
2.001895
2.004638
2.004656
2.008607
2.001786
1.993006
2.022435
2.001075
2.008712
2.007517
2.006257
1.994374
1.994719
2.012382
2.013018
2.007262
2.009496
2.016246
2.040041
1.977529
1.988136
2.003921
1.998910
1.999767
1.999564
1.992215
1.992497
2.000434
2.000544
2.004453
2.027331
2.029277
2.026977
2.034873
1.989513
1.997404
2.001954
2.003597
2.004662
2.008814
2.000783
1.992675
2.022033
2.003835
2.008379
2.001177
2.001068
2.008900
2.031932
2.019365
2.009769
2.020887
1.988141
1.987693
1.967121
1.960047
1.963927
1.981736
2.006127
2.006770
2.011183
2.014253
2.006801
2.034641
2.008564
2.007350
1.991494
1.995807
1.986095
1.983219
1.983274
1.988870
1.976689
2.006417
2.009850
2.018925
2.005470
2.007396
1.998694
1.987258
1.996888
1.979873
1.998657
2.008543
2.017869
2.003177
1.998879
2.032922
1.989831
1.990550
1.968988
1.963775
1.964824
1.974096
2.005033
2.005923
2.009727
2.015853
2.010874
2.037297
2.010734
2.010518
1.991223
1.993428
1.986167
1.983153
1.983354
1.989517
1.979934
2.008527
2.009444
2.011126
2.005343
2.006913
1.999596
1.986127
1.996542
1.979760
1.999589
2.005696
2.009996
2.009385
1.988645
1.979985
2.005853
2.017191
2.036781
2.040575
2.018248
2.021333
1.999454
2.005227
1.996628
1.984699
1.974696
1.977730
1.992040
2.003507
1.992748
2.029053
2.013318
1.999158
2.003559
1.996579
2.015481
2.019154
2.024347
2.034767
2.016717
2.015385
2.043708
2.021097
2.024769
2.027161
1.998656
2.003439
1.991974
1.984532
1.973814
1.979668
2.002211
2.011145
2.024636
2.041655
2.015944
2.019329
1.998845
2.005527
1.999468
1.988323
1.988364
2.001232
1.993027
2.003252
1.991551
2.027557
2.011090
1.994263
2.000295
1.992140
2.007914
2.014894
2.022813
2.036864
2.016582
2.015478
2.046091
2.024997
2.027484
2.029502
2.010220
2.011262
1.994939
1.984690
1.995662
2.001715
2.002520
2.006084
1.981365
1.994260
2.006965
2.001186
1.986849
1.998493
1.986883
1.992681
1.989550
1.973165
1.995335
2.005311
1.997888
1.987846
1.995724
2.027025
2.000244
2.014020
2.005274
2.004117
1.997486
2.011589
1.999299
1.996316
1.977197
1.994482
1.994949
1.998286
2.011629
2.011260
2.005012
1.990307
1.996028
2.010716
2.005954
2.013364
1.992148
2.001072
2.011586
2.006128
1.987394
1.998166
1.988227
1.998752
1.992774
1.973741
1.996511
2.005506
1.997482
1.991501
1.998903
2.025581
2.000473
2.014604
2.003078
2.003610
1.997890
2.011215
1.999549
1.996123
1.974291
1.991645
1.991238
1.996904
1.977375
1.979716
1.946224
1.971707
1.987908
2.008802
2.001108
2.015963
1.989827
2.011988
1.989247
1.983910
1.986068
1.981392
1.965034
1.994605
1.994765
1.984521
2.006100
2.011997
2.018731
2.029758
2.026765
2.013605
2.004330
2.009143
2.028503
2.011393
2.000100
1.980919
2.000406
2.001793
1.989513
1.983615
1.977667
1.997588
1.974848
1.975690
1.939375
1.961654
1.977605
1.998164
2.004793
2.022404
1.999164
2.022467
1.996776
1.993692
1.984952
1.981828
1.962696
1.988782
1.986588
1.979862
2.004803
2.008711
2.017238
2.026248
2.025881
2.015468
2.003156
2.005831
2.023684
2.009770
1.998759
1.980803
1.997896
1.998259
1.981459
1.978863
1.973037
1.995018
2.007544
2.019620
2.040895
2.034350
2.026837
2.004476
1.998765
2.012121
2.014856
2.007251
1.991780
1.967739
2.002815
2.001213
2.005717
2.005113
2.005931
2.000240
2.007623
2.014671
2.034762
2.020171
2.022324
2.017641
1.991437
1.991193
1.987652
1.987693
1.984978
1.975423
2.001556
1.996952
1.966981
1.952989
1.962530
1.965454
2.001242
2.010485
2.010548
2.009594
2.009171
1.992060
1.999698
2.013026
2.030639
2.019269
2.004784
1.981684
2.003044
2.003972
2.014851
2.012768
2.012632
2.012463
2.006984
2.013985
2.034190
2.020048
2.022535
2.015949
1.991095
1.989948
1.986556
1.987162
1.983696
1.975362
2.000961
1.995313
1.964308
1.951046
1.960910
1.963665
2.008898
2.016735
2.025019
2.013417
2.019318
2.019195
1.987920
1.995698
1.989175
1.987702
2.002458
2.022439
1.997645
2.001073
2.005879
1.974194
1.975831
1.946975
1.972396
1.976596
1.987073
1.995967
2.006759
2.021407
2.006544
2.009226
2.007611
2.006992
2.019246
2.035426
1.992726
1.996937
2.007315
2.008829
2.000668
2.000509
2.007312
2.015566
2.016021
2.007092
2.003735
2.008428
1.984416
1.992585
1.988971
1.986032
2.004163
2.026203
1.997093
2.001521
2.005051
1.980262
1.980418
1.952671
1.972431
1.976548
1.990642
1.996373
2.005249
2.018193
2.010305
2.014015
2.015904
2.020564
2.028811
2.041813
1.992726
1.996188
2.006713
2.007743
1.998037
1.993794
2.015997
1.998412
1.970117
1.984439
1.978099
1.969171
2.005079
2.016537
2.019096
2.022136
2.015606
2.036526
2.011834
2.012633
2.019013
1.986982
2.003091
1.967568
2.000207
1.998405
1.990414
1.985251
1.991435
1.982341
2.011779
2.017781
2.020563
1.996972
2.008168
1.998646
1.998026
2.007244
2.012307
2.032063
2.030933
2.017214
2.016940
2.004878
1.988207
2.000236
1.994894
1.978549
2.003098
2.015124
2.023921
2.011405
2.008142
2.029218
2.014986
2.017713
2.021738
1.991352
2.003480
1.963401
2.000357
1.998658
1.989917
1.981088
1.988129
1.981423
2.010843
2.016540
2.018162
1.996086
2.006551
2.000972
1.998026
2.007088
2.012538
2.031553
2.032155
2.018992
2.004477
1.998414
1.984037
2.006652
2.002475
1.992055
2.004657
2.005486
2.010641
2.025176
2.014353
2.027729
1.996695
1.986833
1.981022
1.983657
1.984124
1.968491
1.995491
1.997603
1.965262
1.990755
1.980349
1.990222
2.008441
2.000876
1.994971
1.979782
1.980727
1.989421
2.004755
2.023868
2.013308
2.016503
2.010494
2.026698
2.001767
1.997386
1.975227
2.015245
2.010387
2.003411
2.009039
2.011011
2.011601
2.018262
2.010294
2.021557
1.997066
1.986499
1.982298
1.990766
1.988617
1.969880
1.995430
1.996963
1.963154
1.992582
1.983702
1.996728
2.007716
2.000046
1.994092
1.979841
1.980603
1.989401
2.004522
2.022582
2.012034
2.008122
2.003871
2.023251
1.990714
1.988860
1.976290
1.988873
1.993534
2.013644
2.014192
2.011532
1.988743
1.992172
1.996405
1.986729
2.018331
2.011304
1.992331
2.009316
1.997944
2.010672
2.001229
2.009464
2.021128
2.016792
2.003250
1.988929
1.984908
1.992821
1.989814
1.993460
2.003268
2.006364
1.993763
1.984502
1.998896
1.989407
1.991630
2.017806
1.991918
1.991974
1.974770
1.980370
1.981608
1.997449
2.013240
2.007822
1.987515
1.989182
1.995498
1.984929
2.015181
2.004919
1.980332
2.001526
1.996274
2.011042
2.000011
2.009880
2.020832
2.018923
2.007627
1.994986
1.984714
1.992479
1.989967
1.995464
2.005961
2.008106
1.994931
1.987297
2.005900
1.995825
1.997221
2.018152
2.006042
2.008752
1.983401
1.973580
1.978406
1.961325
1.998720
2.009264
2.021026
1.970941
1.969822
1.994967
2.010344
2.014099
1.989401
1.979783
1.976304
1.965332
2.010439
2.007562
2.001707
2.014676
1.995399
2.011215
1.990830
2.000249
1.993550
2.003247
1.997668
1.991273
1.997556
2.001858
1.995548
1.982928
1.985023
1.988144
2.007921
2.014277
1.980978
1.985435
1.992827
1.988799
1.996366
2.009290
2.027629
1.974826
1.968155
1.992757
2.008420
2.011494
1.982394
1.971653
1.970819
1.966710
2.010046
2.006660
2.000651
2.014207
1.989250
2.002481
1.991411
2.001285
1.992440
1.998346
1.995613
1.990182
1.996786
2.001382
1.996546
1.982903
1.986590
1.987031
1.990363
1.995167
2.010631
2.008007
2.000863
1.996556
2.002223
1.994624
2.013524
2.020973
2.006983
2.004319
1.991987
1.986473
1.989278
1.981301
1.986664
2.007778
2.009103
2.005806
1.995795
2.017840
2.014490
2.011734
2.002322
2.009023
2.020290
2.006828
2.018637
2.018321
1.996308
2.008042
2.020352
2.026986
2.033253
2.025341
1.986892
1.992209
1.997508
1.996790
1.996138
2.001914
1.999230
1.991966
2.014555
2.017724
2.007005
2.002057
1.991439
1.987023
1.993598
1.989461
1.992845
2.004850
2.007143
2.005916
1.996476
2.014999
2.012526
2.008006
2.003633
2.009939
2.019117
2.005729
2.017826
2.016799
1.996571
2.008593
2.022758
2.027287
2.033207
2.025053
2.004851
2.008832
2.057384
2.051632
2.048204
2.031595
2.014265
2.009785
1.990648
1.993286
1.986379
1.995859
1.994051
1.999157
2.020070
1.978416
1.977143
1.987848
1.995130
2.008330
2.001457
1.994425
2.013429
2.007208
2.004233
1.994693
2.001904
2.005619
2.006448
2.021933
2.015272
2.016020
2.034362
2.003054
1.990231
1.977235
2.005352
2.008257
2.052718
2.051410
2.038259
2.021523
2.016476
2.011727
2.000453
2.005550
1.996045
1.997971
1.994777
1.999097
2.018888
1.981281
1.975068
1.986598
1.995274
2.008119
1.999426
1.990203
2.008263
2.008044
2.004792
1.995039
2.005231
2.012276
2.011271
2.024336
2.013581
2.014271
2.032167
2.002403
1.992034
1.984022
2.002138
2.007036
2.013034
1.983665
1.990463
1.997716
2.008380
2.011039
2.020475
2.023379
2.017055
2.023343
2.010150
2.001875
1.986189
2.008963
2.011062
2.020050
2.005220
2.010496
2.009081
1.979983
1.994939
1.984777
2.009253
2.012825
2.026075
2.008739
2.001866
1.994147
1.999637
2.002563
2.008762
2.027804
2.026730
1.994440
2.001028
2.004599
2.024721
1.997072
1.998851
2.009353
2.007064
2.008374
2.021768
2.017890
2.024715
2.039033
2.012238
2.005726
1.993828
2.018122
2.018571
2.027126
2.003028
2.007636
2.005515
1.983874
1.997819
1.987799
2.008256
2.011812
2.022678
2.006867
2.002314
1.991269
1.999042
2.002073
2.009727
2.025621
2.024612
1.996097
2.005784
2.020447
2.046191
2.025130
2.010624
2.021107
2.000653
1.998570
1.980284
1.977467
1.987900
1.992662
1.984167
1.989492
1.995630
1.996659
1.994422
2.008362
2.002381
1.990312
2.006414
2.006669
2.008099
1.998070
2.006213
2.003866
2.013494
1.972474
1.964410
1.982170
2.005303
2.004703
1.995732
1.998585
2.004531
2.007682
2.002101
2.012205
2.036685
2.012879
2.006232
2.020584
1.998173
1.994790
1.971221
1.968439
1.980614
1.988741
1.982744
1.986738
1.991964
1.996241
1.996039
2.008245
2.001733
1.989555
2.005635
2.008822
2.009321
2.000065
2.006658
2.004316
2.014459
1.973264
1.964147
1.980767
2.006174
2.005457
1.997692
2.000957
2.004845
2.009627
2.010011
1.998300
1.988602
2.013344
2.009822
1.998655
2.005591
2.006378
1.971487
1.966764
1.982017
2.012492
2.017330
2.021352
1.996413
1.989213
1.982401
1.971432
2.002544
1.996270
1.976698
2.013395
2.006176
1.999650
2.009085
2.004484
1.983773
1.978648
1.991357
1.999583
2.003731
2.004541
1.993065
2.016055
2.008054
1.999424
2.006901
1.995128
1.995300
2.011816
2.012447
2.006341
2.006492
2.011000
1.984661
1.980485
1.994304
2.027803
2.017470
2.019492
1.996873
1.989725
1.984999
1.977466
2.002665
1.996701
1.976042
2.013811
2.006493
2.003068
2.008078
2.003922
1.983036
1.980077
1.989863
2.000026
2.003823
2.004783
1.994347
2.018279
2.008219
1.998678
2.000762
2.008866
2.032764
2.020451
2.011156
2.021189
2.004911
2.008714
1.997264
2.018209
2.017500
2.013010
2.007254
2.001184
1.988808
2.015295
2.023692
2.016524
1.983592
1.979996
1.980532
1.992368
1.972340
2.004088
1.997879
1.995491
1.969047
1.976717
1.985672
2.002372
2.000498
2.014435
2.012577
1.980810
1.994081
1.997822
1.998351
2.008509
2.018702
2.003742
1.999723
2.031810
2.003517
2.004529
1.986471
2.003946
2.010632
2.011339
2.008990
2.003063
1.986880
2.018608
2.024317
2.014696
1.986659
1.985423
1.988288
1.997909
1.978735
2.004409
1.999213
1.997161
1.972971
1.982409
1.989262
2.005724
2.000533
2.014952
2.016898
1.989505
2.000623
2.002333
1.998360
2.004747
2.009319
2.009618
1.988537
1.979529
1.995274
2.002363
1.997525
1.999317
2.004015
1.983497
2.009819
2.012742
2.031051
2.006006
2.009037
1.999213
1.983489
1.991956
1.991273
1.971998
1.986821
1.994272
1.997527
2.000399
2.014030
2.025833
2.018295
2.030840
2.002651
1.995090
1.970628
2.012357
2.014739
2.018645
1.997615
2.002678
1.991187
1.983587
1.972753
1.978930
1.996037
2.001379
1.984739
1.985744
2.000485
1.984950
2.010166
2.013629
2.029555
2.008355
2.016003
2.012382
1.982521
1.989650
1.992588
1.978583
1.994593
2.004438
1.997424
2.000239
2.013103
2.022927
2.014895
2.029298
2.005008
1.999900
1.980070
2.024311
2.025110
2.023697
2.010320
2.011632
1.994600
1.984730
1.995816
2.001576
1.997307
2.004104
2.020056
1.998133
1.997836
2.006759
1.994329
1.998651
1.993723
1.982510
1.982048
1.973740
2.013487
2.008558
1.985256
1.999648
1.995095
1.989263
2.007852
2.023445
2.009296
1.999970
2.009281
2.029884
1.996732
2.000953
2.022028
2.034047
2.021140
1.990043
2.011729
2.011630
2.004673
1.990347
1.996181
2.010576
1.997066
2.004283
2.023148
2.002795
2.003120
2.005506
1.993278
1.999413
1.994252
1.989468
1.987117
1.984949
2.012950
2.007662
1.983803
1.996041
1.992405
1.995123
2.006327
2.021039
2.006032
1.996934
2.008671
2.030729
1.996616
2.000994
2.022315
2.034546
2.021346
1.993256
1.977362
1.979635
1.946141
1.971661
1.987851
2.008848
1.999279
2.002028
2.017781
1.980777
1.997595
1.999844
2.009457
1.999915
1.996823
1.998839
2.004539
1.994967
2.005075
2.013854
2.008930
2.014978
1.999869
1.996000
2.001841
2.014950
2.010259
2.028498
2.036040
1.991191
2.001685
1.997685
1.982766
2.007908
1.994851
1.997812
1.974835
1.975609
1.939492
1.961821
1.977839
1.998330
1.997667
1.999488
2.014470
1.975811
1.996891
2.002318
2.006717
1.995342
1.990218
1.994933
2.005294
2.003064
2.002848
2.012113
2.006554
2.006246
1.996234
1.994136
2.000978
2.013904
2.004542
2.029056
2.035806
1.995679
2.001273
1.996635
1.982886
2.007935
1.994217
1.997992
2.007109
2.018740
2.039899
2.033807
2.027232
2.007470
2.007987
1.996585
1.974802
1.995844
2.007589
2.024859
2.008222
2.009535
2.004208
2.010326
2.018040
2.020686
2.002584
2.007734
1.985738
1.989565
1.998133
2.004236
2.002198
2.017188
2.037883
2.037001
2.019624
2.014073
2.001723
2.005749
1.997579
2.021930
2.007018
2.008527
1.999950
2.008508
2.005822
2.004274
2.005321
1.991466
2.008104
1.997320
1.975587
1.994037
2.007169
2.031367
2.006939
2.007080
1.998788
2.013421
2.023398
2.027454
2.001848
2.007489
1.983435
1.977846
1.987550
2.002370
2.000562
2.015875
2.035006
2.038623
2.020193
2.015300
2.001723
2.005482
1.997579
2.022054
2.007985
2.010826
2.007921
2.014748
2.019487
2.005726
2.015662
2.015794
2.013315
2.020504
2.050467
2.047039
2.032037
2.013964
2.003631
1.999774
2.004350
1.978150
1.997433
2.003803
1.986548
1.989082
1.964770
1.959115
1.968406
1.989699
1.999971
2.011265
2.010822
2.022691
2.016717
2.033278
1.992729
1.990942
1.960569
1.970525
1.978723
1.995313
2.007045
2.014463
2.011613
1.999932
1.999918
2.004329
2.010311
2.016074
2.041869
2.044470
2.030402
2.017872
2.003175
1.998298
2.000685
1.981574
1.997224
1.992748
1.985481
1.988275
1.967254
1.963087
1.971395
1.994606
2.001188
2.013967
2.018681
2.023684
2.015278
2.032338
1.992977
1.991675
1.962370
1.971959
1.978984
1.995461
2.016225
1.998885
1.970059
1.983772
1.977192
1.968483
1.993502
1.994454
2.027945
2.016511
2.006724
2.004300
2.004786
2.008992
1.992803
1.958789
1.948751
1.968426
1.993826
2.003862
1.988018
1.944820
1.961111
1.968695
1.997825
1.998154
1.985695
2.009626
2.016220
2.007114
1.999125
2.010482
2.009772
2.000760
2.005050
1.997376
2.017168
2.005339
1.987561
1.999375
1.993775
1.975601
1.991979
1.993765
2.032869
2.026386
2.013171
2.013085
2.006016
2.008926
1.998417
1.964496
1.952005
1.972197
1.992710
2.002196
1.986871
1.942866
1.960725
1.972845
1.997740
1.997901
1.985740
2.012481
2.016783
2.006179
1.998663
2.009471
2.007329
1.999423
2.004184
1.997105
2.004863
1.999929
1.987399
2.010025
2.004477
1.992822
2.003080
2.001452
1.995930
1.993835
1.988491
1.985099
1.999446
2.006179
2.021551
2.018748
2.026536
2.014394
1.986826
1.983619
1.968970
1.981622
1.990051
2.004298
1.997296
2.014889
2.018936
2.009633
2.017699
2.018196
1.997240
2.004924
1.987482
1.999787
2.001359
1.988726
2.002153
1.998901
1.978589
2.018617
2.012390
2.004177
2.000741
2.000165
1.989384
1.990642
1.984210
1.983321
1.999122
2.007088
2.026151
2.023376
2.027611
2.015904
1.988129
1.985801
1.971997
1.977799
1.986990
2.004493
1.997700
2.014661
2.017290
2.011208
2.019480
2.018916
1.996216
2.002786
1.985383
1.999922
2.000796
1.989791
1.990369
1.988233
1.975987
1.984976
1.991527
2.014093
2.015371
2.029885
2.009502
2.012800
2.008514
2.006110
2.022580
2.035918
2.014420
2.008659
2.009902
2.031389
1.998459
2.002633
2.002822
1.982187
1.996915
2.004618
1.991921
1.985854
1.957992
1.971373
1.977451
1.984886
2.009901
2.009012
2.046849
2.038842
2.040532
2.034807
1.991430
1.990557
1.973128
1.975643
1.977424
1.996956
2.014847
2.029792
2.013436
2.011238
2.011046
2.015505
2.024454
2.038718
2.016412
2.009064
2.011617
2.030196
1.999280
2.002796
2.003814
1.982979
1.994066
2.004015
1.991010
1.985389
1.959658
1.972158
1.978681
1.982645
2.009669
2.009637
2.046249
2.044558
2.046611
2.038835
2.004872
2.008106
1.981331
1.972999
1.978470
1.961463
2.024692
2.028865
2.054908
2.034601
2.027902
2.045221
1.992675
1.994318
1.984120
1.966508
1.987730
1.996614
1.996792
2.014896
2.025437
2.003676
1.993341
2.003124
2.010724
2.018280
2.014989
2.018513
2.027671
2.009880
2.004046
2.011300
2.031950
2.018200
2.014596
2.002977
2.006750
2.013631
1.979364
1.984930
1.992722
1.987748
2.019390
2.022778
2.044141
2.018808
2.016799
2.037501
1.991543
1.991934
1.975895
1.949458
1.974889
1.983787
1.996049
2.014578
2.024193
2.010989
2.001041
2.006178
2.010937
2.016423
2.014378
2.016376
2.026231
2.012327
2.005715
2.013229
2.033554
2.021774
2.016501
2.004203
1.988600
1.992672
2.005700
1.999571
1.992776
1.997012
2.001091
2.010835
2.031409
2.009131
1.997123
1.999051
2.009670
2.016376
2.026745
2.024367
2.015875
2.017963
1.994233
1.996433
1.988447
1.976097
1.978188
1.965344
2.003068
1.995790
1.988400
1.996704
1.997897
2.001532
1.988083
1.991406
1.988701
1.997323
1.997174
2.003641
1.987017
1.992733
1.995171
1.992857
1.991801
2.001383
2.001832
2.013636
2.034682
2.021870
2.013909
2.007991
2.010027
2.016478
2.026850
2.026491
2.016972
2.018644
1.994822
1.995518
1.986210
1.977429
1.979938
1.964522
2.002641
1.995071
1.988477
1.999897
2.000965
2.004763
1.987321
1.990871
1.990417
1.996384
1.995232
1.998980
2.002598
2.006510
2.054732
2.049090
2.046765
2.030116
2.006845
2.000848
1.993278
2.008726
1.995300
1.982021
2.010168
2.018978
2.033926
2.032550
2.016184
1.986145
2.003781
1.998071
1.993544
1.995486
2.007391
2.015892
2.002097
2.000814
1.999770
2.001575
2.005165
2.025513
2.006142
1.994043
1.997950
1.985087
1.989105
1.993808
2.003100
2.005935
2.050066
2.049047
2.037734
2.020799
2.007338
2.002090
1.994534
2.000641
1.992042
1.971564
2.009336
2.018961
2.032383
2.031904
2.018398
1.987343
2.004209
1.997307
1.991895
1.997688
2.005398
2.010639
2.002978
2.001077
2.002571
2.003839
2.008633
2.025687
2.005112
1.992083
1.994729
1.978894
1.983696
1.989474
2.002944
2.007578
2.013718
1.983770
1.988998
1.996681
2.001569
1.987647
1.968194
1.994138
1.997806
1.995418
2.002324
2.007272
2.022965
2.003753
1.997959
2.013304
2.013722
2.020954
2.014070
2.027622
2.024686
2.028017
2.011863
2.007145
2.011356
1.989391
1.987849
1.977028
1.979824
1.995238
1.982853
1.978921
1.996868
1.994338
2.001834
2.005141
2.025405
1.997138
1.997386
2.008286
2.000303
1.986195
1.972068
1.991815
1.994132
1.991366
2.002796
2.008442
2.020878
2.005607
1.992297
2.009982
2.013203
2.018145
2.007095
2.020985
2.022069
2.027339
2.012141
2.006873
2.013344
1.991790
1.989843
1.979816
1.979819
1.995548
1.983676
1.981102
1.998919
1.992654
