0.140666
-0.195254
0.109032
-0.117456
0.059095
0.998628
0.389822
0.225280
-0.002383
2.435289
0.216963
-0.004608
0.058814
0.988163
0.392419
0.227858
-0.018553
2.979308
0.104833
-0.125741
-0.031574
3.060005
0.091262
-0.121159
-0.127220
4.228366
0.539974
0.274295
-0.079619
3.794463
0.265604
0.002428
-0.123041
4.128801
0.548196
0.282891
-0.099930
4.070513
0.392577
0.137138
0.067270
0.751664
0.128344
-0.098032
0.015621
1.469930
0.306209
0.093190
-0.001732
2.640894
0.082675
-0.146497
0.017236
1.408063
0.319938
0.106173
-0.087922
4.301228
0.308809
0.072460
0.087975
0.906653
-0.106222
-0.346279
-0.032433
3.113394
0.023067
-0.204757
-0.098299
4.049360
0.392963
0.135651
-0.040746
3.293926
0.012594
-0.212107
0.015268
2.377198
0.351705
0.082093
-0.069699
3.564013
0.287628
0.014111
0.197521
-1.245397
-0.009585
-0.269446
-0.072766
3.964650
0.315614
0.080659
0.195593
-1.217865
-0.003661
-0.264891
-0.063665
3.212670
0.264696
0.020702
-0.197041
5.857749
0.480229
0.252510
-0.077437
4.171005
0.199727
-0.070841
0.016208
2.340966
0.344466
0.077206
-0.067902
3.953948
0.200409
-0.069116
0.104411
0.845457
-0.017339
-0.265217
-0.097588
4.482900
0.186262
-0.016319
0.154430
-0.659014
0.202266
0.004128
-0.069114
3.341559
0.252776
0.010499
0.148092
-0.570927
0.199750
0.003856
0.027754
1.890418
0.203266
-0.014335
-0.181938
5.527866
0.324042
0.064728
-0.130488
5.316653
-0.004959
-0.215804
0.096844
0.966381
-0.015797
-0.260414
-0.131039
5.304217
-0.011040
-0.218232
-0.071838
3.755304
0.281509
0.017313
0.138707
-0.111539
0.089586
-0.134540
0.061644
0.918908
0.395037
0.228234
0.025552
1.933706
0.195329
-0.022260
0.058863
0.973161
0.403348
0.232885
-0.007289
2.744752
0.118772
-0.113395
-0.038381
3.197762
0.090211
-0.124696
-0.128586
4.340476
0.530604
0.263465
-0.069099
3.711128
0.272686
0.008880
-0.129026
4.334187
0.531492
0.265708
-0.100670
4.090657
0.387032
0.127610
0.062445
0.794999
0.161262
-0.067513
-0.018252
2.103025
0.337866
0.121694
-0.008931
2.735963
0.142099
-0.091631
0.006696
1.629469
0.331648
0.113985
-0.085546
4.223053
0.316046
0.083219
0.085296
0.969162
-0.097096
-0.333884
-0.040296
3.252446
0.034588
-0.192362
-0.086534
3.818266
0.387110
0.129755
-0.041413
3.326096
0.020321
-0.208212
0.030543
2.043366
0.343870
0.082062
-0.069725
3.589722
0.279588
0.010595
0.182597
-1.027151
0.048443
-0.214939
-0.086866
4.207865
0.336167
0.100147
0.194322
-1.213576
0.010580
-0.247392
-0.085358
3.601718
0.269680
0.032707
-0.233611
6.566265
0.540375
0.312457
-0.087593
4.403950
0.212009
-0.057420
0.033555
1.971789
0.352395
0.088905
-0.083651
4.282562
0.219898
-0.048814
0.098019
0.895574
-0.024641
-0.259663
-0.114524
4.748979
0.221207
0.014243
0.185042
-1.313130
0.206541
0.024994
-0.094659
3.746203
0.301026
0.062375
0.183982
-1.284897
0.206528
0.024252
0.017012
2.178247
0.176206
-0.039662
-0.179547
5.504379
0.333939
0.077140
-0.131745
5.360090
-0.022172
-0.230634
0.110609
0.740329
-0.056335
-0.293912
-0.129283
5.289720
-0.015089
-0.223824
-0.097444
4.147397
0.317915
0.050967
0.126962
0.090309
0.115535
-0.110955
0.051068
1.189247
0.359250
0.194362
-0.002493
2.537770
0.163558
-0.055698
0.054053
1.138245
0.367653
0.203212
-0.030210
3.174543
0.149488
-0.084424
-0.039080
3.217619
0.113856
-0.106871
-0.132066
4.372246
0.560087
0.293355
-0.104948
4.285673
0.316862
0.047427
-0.134326
4.431560
0.559140
0.291967
-0.115016
4.404279
0.391683
0.131307
0.058221
0.973998
0.161049
-0.064697
-0.013994
2.059333
0.321534
0.098761
-0.028154
3.080385
0.163300
-0.072421
-0.019105
2.065093
0.374134
0.149192
-0.092897
4.394479
0.319023
0.081425
0.073000
1.261736
-0.114783
-0.356732
-0.043519
3.305460
0.038464
-0.187435
-0.115633
4.397121
0.393450
0.131229
-0.035691
3.135903
0.039478
-0.182771
0.026470
2.097392
0.357743
0.094892
-0.072368
3.692646
0.266640
-0.006403
0.182271
-0.950036
0.005489
-0.253121
-0.104112
4.587163
0.351777
0.106218
0.184883
-1.004781
0.009310
-0.247995
-0.117296
4.159792
0.381524
0.139360
-0.231412
6.482520
0.526405
0.296195
-0.091709
4.399393
0.230499
-0.043038
0.026972
2.096720
0.348989
0.086289
-0.087132
4.356517
0.203468
-0.066809
0.113064
0.703551
-0.072447
-0.307496
-0.122889
4.972406
0.197840
-0.009082
0.181327
-1.385798
0.244935
0.074611
-0.111881
3.914512
0.395258
0.163626
0.181691
-1.422691
0.257919
0.088878
0.017560
2.260588
0.103519
-0.109843
-0.176953
5.411707
0.326076
0.072373
-0.130348
5.334179
-0.020067
-0.228044
0.123478
0.461449
-0.074857
-0.311173
-0.204971
6.724944
0.035576
-0.161248
-0.103883
4.206689
0.307893
0.041716
0.158933
-0.678867
0.108026
-0.113589
0.042481
1.327628
0.417451
0.246389
0.025719
2.090286
0.096616
-0.116063
0.054499
1.098812
0.363464
0.198605
-0.023556
2.969642
0.175915
-0.056924
-0.060313
3.624843
0.121150
-0.098821
-0.127935
4.397652
0.526094
0.256273
-0.112069
4.399651
0.303050
0.035929
-0.127354
4.389403
0.526714
0.257347
-0.115800
4.394425
0.435461
0.167580
0.053634
1.132497
0.106363
-0.126647
-0.002045
1.760688
0.351304
0.127161
-0.021926
2.942178
0.172660
-0.060622
0.000961
1.688112
0.353323
0.130262
-0.102883
4.602934
0.325126
0.082102
0.082905
1.193142
-0.173461
-0.413300
-0.047275
3.423771
0.028363
-0.199538
-0.121132
4.512848
0.438400
0.169400
-0.046835
3.416549
0.030141
-0.198495
0.054869
1.510279
0.360346
0.097040
-0.064591
3.568757
0.257729
-0.011746
0.183274
-0.968923
-0.016490
-0.271938
-0.100321
4.561565
0.307256
0.067249
0.189127
-1.049801
-0.025803
-0.280861
-0.126075
4.201035
0.397976
0.161745
-0.213893
6.131211
0.509830
0.279149
-0.083888
4.239957
0.215307
-0.052298
0.049532
1.672641
0.339725
0.076148
-0.084160
4.260599
0.212125
-0.054663
0.111754
0.706502
-0.074757
-0.310558
-0.121330
4.922754
0.192894
-0.015428
0.153154
-0.783689
0.249966
0.070322
-0.127494
4.245856
0.408505
0.172803
0.151812
-0.754259
0.252975
0.072673
0.011373
2.327262
0.113123
-0.097571
-0.177435
5.387662
0.360210
0.108937
-0.129611
5.271642
-0.018898
-0.227546
0.117894
0.592727
-0.072263
-0.308278
-0.121196
5.076573
-0.014528
-0.220049
-0.123941
4.621830
0.306158
0.038745
0.130783
0.008772
0.077296
-0.147994
0.050574
1.257633
0.358662
0.187011
0.024751
2.048687
0.114149
-0.095748
0.053617
1.189875
0.363085
0.191041
-0.041867
3.395197
0.159581
-0.072003
-0.071077
3.839970
0.119144
-0.096067
-0.136587
4.538736
0.541729
0.270104
-0.120465
4.570297
0.294182
0.028278
-0.136925
4.534607
0.550737
0.278690
-0.129588
4.664162
0.448636
0.180471
0.058747
1.019859
0.101662
-0.127988
-0.002085
1.799716
0.347876
0.125786
-0.039094
3.345291
0.155577
-0.077354
-0.008099
1.922289
0.351773
0.128820
-0.085148
4.209230
0.315960
0.077641
0.109132
0.641360
-0.193256
-0.431863
-0.054910
3.573905
0.019525
-0.208388
-0.148759
5.056877
0.450646
0.177134
-0.048908
3.422783
0.021583
-0.205327
0.064686
1.315090
0.358430
0.094166
-0.058588
3.416985
0.261471
-0.007349
0.164024
-0.557328
0.021113
-0.240148
-0.096401
4.453486
0.313929
0.073634
0.175692
-0.799228
0.007618
-0.250439
-0.126840
4.248673
0.411328
0.177565
-0.225776
6.368029
0.532816
0.302702
-0.098097
4.521018
0.237047
-0.035252
0.065080
1.331276
0.357074
0.094037
-0.101458
4.585818
0.232833
-0.039627
0.115571
0.638570
-0.091410
-0.327179
-0.136433
5.242598
0.196063
-0.011763
0.136959
-0.546302
0.254983
0.077634
-0.129075
4.293315
0.398066
0.162485
0.155737
-0.846767
0.242170
0.066428
-0.021165
3.011543
0.160538
-0.056402
-0.190977
5.630704
0.362912
0.115236
-0.142656
5.543190
-0.055266
-0.260920
0.114257
0.662087
-0.078282
-0.314409
-0.136744
5.415762
-0.047272
-0.251685
-0.130931
4.801767
0.307564
0.038271
