20.077001
20.127976
20.123159
19.974219
20.014604
20.007666
19.843864
19.751246
19.568667
19.755316
19.709538
19.809534
19.838377
19.804449
19.744329
19.488277
19.721532
19.715184
19.844753
19.754502
19.573587
19.759641
19.710684
19.810106
19.885349
19.823782
19.644764
19.903644
19.866466
19.923020
20.087130
20.056635
19.884010
19.782663
19.801603
19.907883
19.826188
19.690580
19.602434
19.603881
19.555858
19.717892
19.788988
19.663286
19.441888
19.834769
19.877288
19.814018
19.823865
19.692056
19.591222
19.592687
19.546282
19.707563
19.880080
19.773931
19.634128
19.638337
19.639577
19.513577
20.143850
20.027696
19.944934
19.711170
19.873845
19.932704
20.099378
20.083145
20.073387
19.836034
19.799089
19.922896
19.881379
19.824128
19.646103
19.900521
19.863583
19.917356
20.099353
20.086677
20.077425
19.837271
19.798122
19.927185
19.956310
19.915942
19.866076
19.888462
19.879590
19.677959
19.922230
19.829604
19.669069
19.681589
19.774895
19.657691
19.862424
19.844440
19.942886
19.649765
19.715289
19.915399
19.872361
19.752271
19.604798
19.618565
19.630565
19.499938
19.860896
19.845292
19.937848
19.621194
19.682044
19.873550
20.031491
20.045353
20.037996
20.230709
20.155008
19.886038
19.976822
19.880061
19.904178
19.818301
19.583709
19.609609
19.902679
19.824909
20.019253
19.992737
20.033682
20.201791
19.954950
19.916782
19.865772
19.888370
19.886104
19.678709
19.911357
19.829154
19.993606
19.964066
20.023306
20.129393
19.864561
19.757151
19.421570
19.437601
19.452528
19.800058
19.912553
19.957336
20.009366
19.845870
19.713797
19.806004
20.147190
19.900008
19.691610
19.671601
19.835987
19.902605
20.035365
20.058016
20.045233
20.237157
20.166184
19.908047
20.145941
19.897194
19.685480
19.653925
19.821479
19.885405
20.068000
19.947044
19.948795
20.038373
19.997421
20.201481
20.061338
19.903046
20.139099
19.911468
20.069161
20.138727
20.044695
20.132214
20.233196
20.122942
19.967635
20.160024
19.870402
19.766422
19.433279
19.433176
19.446959
19.794409
20.048761
20.138955
20.200218
20.068456
19.937008
20.138956
19.828366
19.798937
19.705822
19.491968
19.745613
19.721997
20.055832
19.986192
19.924534
19.740753
19.778384
19.861318
19.916672
19.774616
19.525270
19.604387
19.633058
19.845718
20.068186
19.948371
19.939745
20.033534
20.002481
20.200895
19.913046
19.770929
19.524861
19.597600
19.630966
19.856580
19.816598
19.687706
19.454463
19.850579
19.897731
19.835620
20.068986
20.123628
20.099582
19.954419
20.008906
20.006450
19.852923
19.766354
19.602027
19.766680
19.714578
19.816783
19.824225
19.790111
19.699036
19.480526
19.749177
19.723289
19.847705
19.764048
19.589719
19.759094
19.705026
19.815479
19.884771
19.823955
19.642167
19.885312
19.881759
19.956286
20.086437
20.065981
19.918353
19.834857
19.861880
19.923408
19.815165
19.689502
19.586232
19.573364
19.519673
19.686309
19.820612
19.689449
19.456254
19.859507
19.901232
19.831789
19.813033
19.684722
19.574572
19.570501
19.515364
19.688157
19.872940
19.759161
19.633715
19.656143
19.655427
19.501661
20.146235
20.021474
19.936452
19.705117
19.861291
19.883182
20.113183
20.112158
20.109605
19.879044
19.824907
19.937387
19.892884
19.834237
19.671732
19.909738
19.876767
19.875737
20.115402
20.113756
20.109064
19.875566
19.826289
19.923886
19.949994
19.895325
19.833728
19.848097
19.869136
19.671048
19.903727
19.811727
19.700885
19.683065
19.800598
19.720599
19.858112
19.847289
19.920478
19.599522
19.666935
19.867926
19.875085
19.768447
19.647893
19.674000
19.668208
19.521080
19.858924
19.851898
19.936543
19.613371
19.678321
19.864848
20.044214
20.067251
20.025350
20.207618
20.150003
19.887271
19.977680
19.880153
19.940914
19.865511
19.622289
19.623782
19.919839
19.832103
20.026911
19.981973
20.040943
20.198521
19.945875
19.886263
19.838922
19.861525
19.889887
19.705266
19.920915
19.836404
20.029887
19.981300
20.046278
20.202425
19.872720
19.779649
19.496233
19.472844
19.480004
19.812639
19.916825
19.965808
20.018062
19.837925
19.698679
19.805481
20.159979
19.931988
19.709873
19.708432
19.894665
19.934874
20.044619
20.061691
20.012053
20.193318
20.137612
19.879432
20.168107
19.933433
19.708344
19.698724
19.870953
19.940756
20.055729
19.953978
19.962684
20.060795
20.020733
20.202618
20.094172
19.952098
20.223704
19.971906
20.100431
20.158828
20.045916
20.128022
20.210985
20.102857
19.930035
20.141545
19.869292
19.778247
19.497337
19.478003
19.484894
19.816281
20.042532
20.125376
20.207888
20.104814
19.938037
20.147336
19.818466
19.777332
19.696999
19.468196
19.739759
19.743971
20.041828
19.979374
19.908173
19.744797
19.800899
19.877966
19.918509
19.786024
19.529337
19.618258
19.649419
19.850736
20.047269
19.946549
19.960375
20.055155
20.020486
20.213250
19.912128
19.775171
19.524103
19.631728
19.663132
19.869187
19.827580
19.682399
19.455834
19.857279
19.906954
19.820343
20.067305
20.127631
20.109333
19.930894
19.993133
19.993399
19.849968
19.765398
19.607844
19.778756
19.721783
19.829629
19.812477
19.764832
19.687629
19.483723
19.754258
19.746950
19.844940
19.763651
19.607144
19.773943
19.729461
19.827632
19.883669
19.820584
19.670522
19.893735
19.881132
19.940815
20.074297
20.051618
19.886896
19.810160
19.828931
19.901797
19.834406
19.716691
19.597110
19.591205
19.530010
19.705134
19.834985
19.691304
19.465813
19.873655
19.917783
19.838384
19.834813
19.714665
19.597112
19.602847
19.540569
19.677414
19.878457
19.765165
19.659097
19.644759
19.650680
19.493919
20.134262
20.007304
19.932184
19.724688
19.873894
19.904129
20.117009
20.109420
20.111003
19.875960
19.836440
19.928935
19.883817
19.816444
19.652311
19.868496
19.866843
19.927795
20.122583
20.111595
20.116586
19.876098
19.834648
19.925546
19.943690
19.902117
19.852563
19.861626
19.889891
19.695619
19.908947
19.815128
19.712764
19.728419
19.832267
19.725188
19.874944
19.870568
19.958231
19.637419
19.686711
19.872973
19.875920
19.765524
19.642148
19.621043
19.620780
19.485847
19.876116
19.863654
19.944644
19.591945
19.668290
19.866795
20.034004
20.046828
19.986498
20.190579
20.148112
19.884851
20.025989
19.930536
20.029716
19.949479
19.699784
19.688445
19.921222
19.829974
20.011348
19.992437
20.032559
20.188195
19.954066
19.905381
19.852865
19.858075
19.891256
19.695850
19.928956
19.824360
20.002385
19.970556
20.007127
20.153201
19.859486
19.763038
19.489340
19.452028
19.467825
19.794175
19.934728
19.968148
20.017931
19.848137
19.704410
19.828637
20.162700
19.921648
19.646984
19.617953
19.824452
19.884868
20.030955
20.049367
19.988358
20.173059
20.128836
19.875144
20.170024
19.945171
19.735155
19.687090
19.878032
19.932890
20.036888
19.935429
19.961042
20.029008
20.003863
20.216118
20.066269
19.929134
20.193327
19.958216
20.083710
20.166303
20.037552
20.143128
20.235841
20.157809
19.950276
20.112304
19.862930
19.768421
19.495848
19.458876
19.468345
19.798616
20.030193
20.131349
20.212330
20.140057
19.956051
20.142425
19.796717
19.770476
19.708486
19.490162
19.766476
19.753205
20.041977
19.977898
19.854417
19.723620
19.784202
19.910782
19.904532
19.749302
19.470117
19.618875
19.631356
19.821083
20.062861
19.984213
20.081042
20.127276
20.078086
20.293606
19.908536
19.750787
19.470190
19.605596
19.625627
19.802276
19.849411
19.707880
19.496962
19.922257
19.966398
19.892203
20.089089
20.139091
20.105336
19.940304
19.987132
20.021605
19.861223
19.778229
19.618260
19.783787
19.730888
19.847151
19.792930
19.756831
19.670344
19.461424
19.743339
19.744214
19.859865
19.773606
19.618325
19.789457
19.729746
19.863279
19.881130
19.827006
19.653946
19.862898
19.871547
19.933241
20.061620
20.026518
19.849436
19.835758
19.853090
19.916002
19.838737
19.727366
19.582060
19.551651
19.519905
19.689941
19.852979
19.707328
19.494221
19.915094
19.954879
19.884848
19.834055
19.719484
19.583831
19.567424
19.531546
19.694388
19.883921
19.786229
19.663578
19.643013
19.645037
19.520947
20.117622
19.972341
19.859569
19.707870
19.856526
19.904224
20.108214
20.092464
20.096689
19.848827
19.811248
19.894468
19.890481
19.843541
19.655944
19.870305
19.870577
19.926161
20.132207
20.120332
20.131727
19.892910
19.850880
19.930891
19.939803
19.897095
19.878361
19.875452
19.899631
19.660629
19.893940
19.821007
19.709290
19.724865
19.809395
19.717902
19.868458
19.868420
19.925271
19.584746
19.654984
19.874858
19.887026
19.794409
19.668298
19.645033
19.644786
19.520000
19.861795
19.860983
19.901460
19.581762
19.656318
19.874098
20.038098
20.040173
20.032049
20.203701
20.138440
19.857458
20.016265
19.918356
20.006317
19.916366
19.670848
19.667623
19.928754
19.814495
19.974264
19.982426
20.026992
20.156554
19.943691
19.904258
19.877469
19.874444
19.891530
19.669486
19.962830
19.869451
20.031712
19.960477
20.016292
20.159460
19.864825
19.770578
19.495732
19.455938
19.462935
19.804544
19.912463
19.946777
20.005856
19.847072
19.709751
19.823960
20.168999
19.939222
19.690525
19.656828
19.861277
19.917725
20.033149
20.036965
20.029116
20.209587
20.143204
19.857706
20.166892
19.938387
19.697072
19.658720
19.850683
19.901980
20.032083
19.949710
20.022714
20.087566
20.029606
20.257445
20.060079
19.935107
20.171169
19.955768
20.083010
20.151733
20.031952
20.132850
20.185246
20.100889
19.920832
20.129922
19.871427
19.778491
19.506631
19.464449
19.467816
19.815135
20.030216
20.139457
20.192531
20.107139
19.930151
20.129491
19.801910
19.751427
19.703163
19.470536
19.750825
19.707214
20.036293
19.971678
19.862539
19.739659
19.788290
19.910800
19.904455
19.748935
19.517374
19.634682
19.632869
19.766809
20.042696
19.941278
20.010541
20.053428
20.020113
20.220901
19.914652
19.761066
19.518308
19.617885
19.624406
19.769355
19.850884
19.703352
19.492476
19.913815
19.964061
19.899231
20.104715
20.148080
20.121474
19.911606
19.961908
20.016181
19.877553
19.800673
19.689901
19.883598
19.829453
19.906498
19.803497
19.755546
19.705992
19.478405
19.753263
19.737801
19.876669
19.786565
19.657050
19.809578
19.770064
19.873248
19.887246
19.811782
19.630512
19.843203
19.855035
19.966529
20.051393
20.031845
19.842119
19.818022
19.828110
19.903374
19.846839
19.735234
19.609604
19.611335
19.586871
19.745848
19.847815
19.701165
19.487371
19.911116
19.959815
19.881495
19.841187
19.729858
19.606177
19.609439
19.580721
19.742678
19.886673
19.800024
19.668685
19.663353
19.667142
19.541616
20.114815
19.978234
19.867605
19.712694
19.889948
19.954968
20.146728
20.122426
20.112259
19.881883
19.827888
19.908260
19.846455
19.750511
19.538577
19.765260
19.802229
19.946698
20.145291
20.119855
20.103558
19.883340
19.826904
19.907302
19.941843
19.894933
19.845336
19.847160
19.866545
19.656588
19.921037
19.846167
19.722384
19.734255
19.799552
19.711496
19.856478
19.849721
19.898252
19.631457
19.694380
19.908367
19.885851
19.798101
19.671164
19.665415
19.670364
19.542448
19.859249
19.858101
19.917509
19.625900
19.701051
19.919997
20.029657
20.045179
20.027135
20.208209
20.140204
19.859715
20.029891
19.946507
20.043657
19.968127
19.718330
19.728273
19.947927
19.850047
20.007169
19.995352
20.039019
20.137339
19.947043
19.893751
19.835344
19.841177
19.867655
19.655618
19.963341
19.875089
20.038944
19.984110
20.027477
20.132877
19.857496
19.759584
19.483053
19.448753
19.451203
19.786870
19.910166
19.952156
20.037904
19.857344
19.709534
19.767695
20.166670
19.936998
19.711119
19.686372
19.876598
19.916972
20.026614
20.046606
20.022971
20.207334
20.140626
19.859742
20.162079
19.937752
19.721057
19.669301
19.858552
19.910507
20.075648
19.973947
20.020240
20.088664
20.049903
20.260615
20.082505
19.966369
20.260358
20.006160
20.121954
20.166835
20.037317
20.136537
20.181497
20.128132
19.970150
20.184974
19.861743
19.757476
19.492452
19.447157
19.448093
19.766775
20.039612
20.135563
20.185060
20.129261
19.974427
20.183437
19.791885
19.737599
19.687332
19.476450
19.762788
19.767394
20.035552
19.968352
19.864854
19.747513
19.789028
19.913473
19.911436
19.752694
19.495484
19.577718
19.578813
19.755965
20.071991
19.974665
20.003751
20.084803
20.036622
20.257124
19.919541
19.772286
19.523788
19.641701
19.634583
19.774773
19.861095
19.698443
19.476043
19.900232
19.938376
19.861536
