1.999643
2.006369
1.993852
2.012987
2.014263
2.022944
2.013058
2.022015
2.055307
1.971565
1.983773
1.988387
2.008362
2.010240
1.981851
1.979858
1.981011
1.969413
1.991984
1.997225
1.972048
1.984589
1.989183
2.000969
2.022027
2.021131
2.020095
2.018011
2.018095
2.008799
2.002987
1.993893
1.970007
2.014757
2.017079
2.020333
1.998266
2.002962
1.984793
1.998664
1.996956
2.004760
2.006714
2.010491
2.046507
1.970495
1.983344
2.000973
2.005908
2.006510
1.973428
1.972033
1.975958
1.972197
1.993898
1.999934
1.982800
1.991703
1.990432
1.998772
2.022188
2.021235
2.019208
2.016097
2.018387
2.008080
2.005344
1.998703
1.979449
2.026711
2.027451
2.025384
2.006031
2.018659
2.022002
2.017258
2.016388
1.999996
1.991902
1.991362
1.977360
1.969608
1.975458
1.984705
1.991836
1.987695
1.987805
1.979955
1.988551
2.009826
1.976111
1.974310
1.969293
1.968632
1.979247
2.002699
1.994861
1.995833
1.966291
1.983845
1.971737
1.973015
1.996336
1.999992
2.021475
2.036913
2.023699
1.992009
2.001543
2.011925
2.007023
2.010502
2.011573
1.985461
1.993509
1.994631
1.980780
1.971959
1.974036
1.977411
1.991930
1.988316
1.991426
1.987350
1.993788
2.007077
1.976571
1.976173
1.976096
1.973383
1.984143
2.002126
1.994133
1.992639
1.962182
1.984224
1.973439
1.979520
1.996220
2.000033
2.021762
2.037413
2.023905
1.995222
2.000418
2.009597
2.013518
2.002125
2.008879
2.007286
2.004494
2.016849
2.037018
2.035861
2.020973
2.030359
1.993816
1.999890
2.020735
1.970476
1.968774
1.978485
2.017986
2.024943
2.004704
2.002108
2.005497
2.014983
1.995904
1.995158
1.993368
1.993157
1.975579
2.001315
2.002460
1.999294
1.986577
2.009601
1.996743
2.000004
1.999580
2.011601
2.014034
2.003610
2.001358
1.997867
2.000609
2.009156
2.024093
2.037674
2.017712
2.027504
1.994633
1.999763
2.019516
1.974430
1.968663
1.977583
2.017893
2.025995
2.008958
2.009120
2.010923
2.019747
1.998205
1.998342
2.003976
2.002500
1.980185
2.000878
2.002048
1.998244
1.986697
2.009627
1.996108
2.000184
2.006283
1.994529
1.994060
2.001761
1.990626
1.980878
2.006945
2.011081
1.993098
2.001483
2.010800
2.016186
2.008814
2.000612
1.977442
2.007785
2.011644
2.021408
1.987762
1.992049
2.011959
1.988158
1.994180
2.002285
1.991027
1.979330
1.985245
1.997202
1.992021
2.004169
2.000159
2.005286
2.000082
2.018311
2.004014
2.004830
2.010727
2.000956
2.002409
2.006063
1.998418
1.987587
2.009699
2.018136
2.002964
2.006570
2.011435
2.018183
2.010902
2.004463
1.985577
2.014688
2.017680
2.026921
1.984638
1.988065
2.005380
1.980967
1.992015
1.994105
1.991702
1.979877
1.984877
1.995247
1.991680
2.003415
2.000159
2.005019
2.000082
2.018434
2.004981
2.007129
2.002056
2.000794
2.008673
2.037277
2.026883
2.014102
2.000534
2.019242
2.009757
2.016784
1.994510
1.983927
1.984534
1.989019
1.991123
1.995638
1.993273
2.002378
2.001713
2.010358
2.014726
2.014157
2.020001
2.012892
1.988874
1.985396
1.964858
1.997437
2.001186
1.994902
1.994639
1.991264
1.962839
1.971262
1.979916
1.994536
1.998181
1.998292
2.000139
2.038436
2.024826
2.014704
2.003791
2.025010
2.021557
2.027479
2.001767
1.987447
1.982856
1.986058
1.987457
1.995201
1.994881
2.003123
2.001651
2.010225
2.015601
2.015179
2.022144
2.015542
1.989781
1.986549
1.967807
2.001166
2.003212
1.996246
1.994887
1.991997
1.964640
1.972697
1.980178
1.994684
2.007828
2.002321
1.999624
1.990387
1.996083
2.008446
1.997582
2.005385
2.009517
2.002247
1.985936
1.969436
2.014548
2.016409
1.992209
1.981089
1.976102
1.966034
2.007229
2.014061
2.029246
2.018688
2.011003
2.021156
2.007261
2.001726
1.983747
1.991010
1.998378
2.005097
1.999621
2.009349
2.005886
1.999072
2.004798
1.997189
2.008938
2.003101
1.992990
1.987935
1.988807
1.998619
1.997949
2.005164
2.020557
2.011869
1.996323
1.986621
2.015006
2.015097
1.994760
1.981788
1.978633
1.971728
2.004825
2.011524
2.017691
2.011120
2.006234
2.024374
2.008712
2.003624
1.989646
1.993218
2.000108
2.001316
1.999160
2.008338
2.003443
1.997734
2.003932
1.996918
2.000981
2.007555
1.971915
1.980824
1.982748
1.964225
1.995437
2.004079
2.002870
1.996836
2.005880
2.018753
2.004219
2.004067
1.980825
2.011266
2.021156
2.013869
2.019372
2.014463
2.025537
2.001072
2.000238
2.001221
2.016098
2.012399
2.026502
2.040353
2.032885
2.001866
1.998124
2.006404
1.990151
2.002476
2.002641
1.990962
2.004480
2.014340
1.975772
1.994465
1.994033
1.972821
1.992750
2.001780
2.003157
1.994885
2.007017
2.022670
2.005909
2.005006
1.978456
2.013507
2.021440
2.010985
2.021451
2.017489
2.028131
1.999730
1.997467
1.997400
2.016039
2.011659
2.024695
2.040550
2.031126
1.995899
1.997100
2.004266
1.988551
2.004050
2.002867
1.991804
1.991930
1.994605
2.000746
1.990395
1.978951
1.971535
2.008360
2.019207
2.029284
2.032070
2.019105
2.038697
2.004097
2.003987
2.015314
1.991803
2.000983
2.000210
2.000872
2.006426
2.007481
1.991632
1.980938
1.976875
1.983675
1.974212
1.958095
1.985230
1.988331
1.984147
2.012002
2.012168
2.049848
2.041034
2.040181
2.033319
1.986353
1.990995
1.985237
1.976550
1.973568
1.966440
2.005745
2.017901
2.031298
2.021637
2.011617
2.028898
2.005019
2.006391
2.022942
2.000440
2.011800
2.014699
2.003980
2.008502
2.013057
1.991398
1.981477
1.975114
1.983153
1.973720
1.957337
1.984339
1.988519
1.985188
2.011770
2.012794
2.049247
2.046750
2.046260
2.037347
1.999386
2.002911
2.033886
2.035435
2.032545
2.016297
2.001767
2.006249
2.010816
2.027364
2.014389
2.016172
1.995852
1.998776
1.995847
1.982260
1.979442
1.970536
2.000713
1.999876
1.995480
1.992656
1.991137
1.977554
2.002593
2.016136
2.008033
2.003988
2.010500
1.981324
2.003210
2.009872
2.031632
2.019572
2.015677
2.002512
2.000122
2.002492
2.029751
2.036633
2.022608
2.013591
2.005026
2.009384
2.006792
2.017602
2.009415
2.013271
1.994993
1.999802
1.996056
1.988997
1.984151
1.980979
2.000954
1.999539
1.997138
1.997675
1.995091
1.980753
2.003466
2.017930
2.004951
1.993829
2.004190
1.984507
2.004878
2.011800
2.033236
2.023146
2.017582
2.003738
1.997393
2.003224
2.003318
1.969413
1.980058
1.984726
2.021919
2.020888
2.009238
2.009643
2.012654
1.997196
2.005068
1.998726
2.006223
2.001744
2.005915
1.996236
1.995885
1.997213
1.990013
1.981436
1.990197
2.017738
2.014127
2.026558
2.020919
2.023175
2.007807
1.992403
1.987563
1.991628
1.987909
1.995226
1.998065
2.008484
1.997727
2.002100
2.020464
1.989969
1.988612
1.986919
2.020724
2.017055
2.007859
2.007676
2.013364
1.995742
2.002684
1.994867
2.000515
1.998595
2.007041
2.004322
1.997967
2.002505
2.003891
1.991447
1.996574
2.020126
2.014243
2.027072
2.022988
2.027470
2.009830
1.993906
1.986801
1.991093
1.989626
1.994287
1.996122
2.003824
2.013559
2.031755
2.057751
2.061598
2.043131
2.053584
1.998586
2.009545
2.032704
1.986780
1.980623
1.987775
2.008973
2.010858
2.008399
2.009748
2.016527
2.020517
2.008789
2.005351
1.993167
2.007863
1.999180
2.000248
2.016747
2.018527
1.996048
1.992536
1.994674
2.000280
2.005019
1.994761
2.001799
1.987361
1.991982
1.997585
2.011822
2.026227
2.051489
2.045912
2.035976
2.056147
1.995547
2.008873
2.032150
1.984591
1.977769
1.984715
2.007439
2.008012
2.002715
2.012208
2.021017
2.026447
2.007632
2.003301
1.985311
1.999810
1.991013
1.993364
2.016101
2.017827
1.995185
1.992364
1.994155
1.995001
2.003989
1.992800
1.998578
1.981168
1.986573
1.993250
2.006852
2.001681
1.987721
2.002651
1.998956
1.997700
2.006027
1.997605
2.009428
2.023221
2.007213
1.998888
2.000184
1.996727
1.998298
1.975036
1.995447
2.001629
2.010421
2.015686
1.986177
2.014918
2.024195
2.062583
1.990931
2.000852
2.002976
2.011104
2.009740
2.012510
1.981314
1.996942
1.982952
1.978357
1.995880
1.992082
2.003549
1.998621
1.998570
2.005254
2.003597
2.005519
2.002363
1.994104
2.009854
2.019819
2.006272
1.994019
1.999728
1.994499
1.993237
1.977685
1.993975
1.988664
2.008349
2.012006
1.980613
1.997999
2.009844
2.052214
1.990931
2.000852
2.003034
2.010064
2.009745
2.012718
1.981309
1.997252
1.983776
1.980538
1.997795
1.990399
1.997181
2.002277
2.021390
1.990198
1.988777
2.001206
2.014385
2.010326
2.005287
2.002199
1.998267
2.009976
2.005027
2.008535
1.990148
1.964146
1.952148
1.965024
2.007526
2.017613
2.026756
2.035143
2.032943
2.006523
1.982012
1.987043
1.969046
1.999901
2.001560
2.011312
2.009489
2.014180
2.005558
2.000451
2.002118
1.985215
1.992887
1.999149
1.999920
1.967435
1.971371
2.002152
2.018352
2.015221
2.020095
2.016543
2.004527
1.998192
2.006039
2.008730
1.995666
1.970275
1.957377
1.968354
2.008694
2.018459
2.024689
2.034762
2.028794
2.003263
1.982093
1.987690
1.972535
2.002648
2.001718
2.004498
2.010462
2.015477
2.005603
1.997274
1.994785
1.978308
1.996571
1.995885
1.986073
1.994777
1.981593
1.986932
2.011714
2.012525
2.015204
2.027419
2.021374
2.026651
1.997738
2.004148
2.011832
2.007387
2.017819
2.013879
2.015980
2.012743
2.031181
1.998959
1.990071
1.977227
2.003655
1.995372
2.015664
2.019406
2.026145
2.037697
2.011646
2.007231
2.015279
1.991296
1.988647
1.982382
1.998304
1.997936
1.985105
1.988212
1.976069
1.984150
2.009459
2.009170
2.015189
2.020991
2.030075
2.044633
1.996894
2.004407
2.016198
2.012093
2.019032
2.015621
2.017284
2.013489
2.027958
1.998513
1.988481
1.982766
2.000390
1.990933
2.008097
2.015107
2.024611
2.039874
2.010917
2.006879
2.013949
1.991719
1.989470
1.984260
2.018608
2.019033
2.005172
1.999154
2.012315
2.015071
2.000674
2.004267
1.997644
1.975809
1.992647
2.002595
2.021105
2.036875
2.019503
2.013260
2.013708
2.029223
1.984757
1.994345
2.003100
2.024099
2.016095
1.993115
2.000664
2.014445
2.007494
2.004989
1.998046
2.010451
2.000428
1.994845
1.992783
1.976808
1.977751
1.955286
2.015843
2.013544
2.004905
2.004223
2.011673
2.016033
1.998263
2.000895
1.994201
1.970690
1.985723
1.998387
2.022431
2.039432
2.022226
2.014792
2.016277
2.027962
1.982507
1.991205
1.997046
2.019911
2.012988
1.995272
2.000893
2.015029
2.005298
2.004481
1.998450
2.010077
2.000428
1.993767
1.993174
1.979009
1.979851
1.954262
1.999942
2.007021
1.994702
2.013055
2.014162
2.022920
2.002664
2.004692
1.970986
1.980706
1.991682
2.015232
1.992483
1.994287
1.981787
1.969537
1.993733
1.998525
1.999638
1.995994
2.012596
2.015697
2.007642
1.999113
2.005070
2.010301
2.034115
2.015179
2.002770
1.984870
2.009947
2.004265
1.985433
2.007150
2.011292
2.011043
1.998565
2.003614
1.985643
1.998732
1.996854
2.004736
2.004658
2.008821
1.982392
1.994845
2.002396
2.030434
1.991351
1.991904
1.973640
1.952487
1.980840
1.985689
1.999226
1.995968
2.012392
2.016865
2.010796
1.998273
2.003895
2.006990
2.029296
2.013556
2.001429
1.984754
2.010412
2.005168
1.986933
2.008506
2.012554
2.011509
2.005215
2.014973
2.012016
2.005888
2.008563
1.992160
2.007744
2.014949
2.009817
2.035525
2.030728
2.022005
2.011410
2.019583
2.034962
2.034135
2.026664
2.022781
2.001994
1.996695
2.010072
1.990689
2.003052
2.001228
1.991628
1.990092
1.985133
1.985063
1.982664
1.974301
2.010926
1.998197
1.982230
1.959330
1.964860
1.976392
2.001465
2.009123
2.007150
2.004020
2.008537
1.985075
2.006567
2.010908
2.000147
2.026472
2.026341
2.021505
2.011767
2.019840
2.035096
2.037008
2.029005
2.025538
2.002712
1.997815
2.019133
2.000631
2.009405
2.004963
1.991286
1.988847
1.984037
1.984532
1.981382
1.974240
2.010696
1.998704
1.982501
1.965275
1.966286
1.977875
1.997812
2.004401
2.010425
2.002340
2.009154
2.007276
1.999652
2.008528
2.005349
2.008224
2.008910
1.982686
2.011231
2.023192
2.043781
2.028076
2.013055
1.976583
2.005565
2.008263
2.008702
2.027987
2.029719
2.023926
2.005255
2.008918
2.006803
2.009413
2.018976
2.036016
2.000242
2.008202
2.036492
1.984268
1.987071
2.001307
1.998902
2.009722
2.013004
2.003852
2.003413
2.002688
1.999467
2.005813
1.991338
1.991313
2.002485
1.978959
2.011993
2.024121
2.042835
2.028170
2.015320
1.977879
2.005434
2.007581
2.006393
2.029329
2.032316
2.023395
2.009016
2.013707
2.015097
2.022837
2.028592
2.042404
2.001086
2.008718
2.036260
1.982229
1.985212
2.000650
2.006459
1.994246
1.994666
2.001994
1.990340
1.980568
2.002543
2.007644
2.033085
2.015844
2.008383
2.026360
1.997922
2.000767
2.013903
1.996781
1.991490
2.013426
1.987970
1.985271
1.983264
1.982557
1.986603
1.967418
2.010931
2.016207
2.018351
1.991573
2.004022
2.000531
1.996639
1.999110
2.003374
2.006690
2.012677
2.014060
2.010903
2.000673
2.003015
2.006296
1.998132
1.987205
2.002541
2.008561
2.035991
2.021828
2.014395
2.023313
1.998253
2.001778
2.011549
1.999046
1.985751
2.010407
1.987881
1.986660
1.986223
1.982210
1.988313
1.975426
2.009995
2.014966
2.015950
1.990687
2.002406
2.002857
1.998769
2.001369
2.007183
2.006703
2.013389
2.015884
2.002023
2.000645
2.008648
2.037492
2.027027
2.013843
1.998985
1.998515
2.029683
1.991139
2.000075
2.004644
2.005607
1.993324
2.008312
1.994243
1.988989
1.982037
1.986372
1.985986
1.969469
1.978917
1.980003
1.993620
2.007723
2.000088
1.994013
1.982024
1.981584
1.982254
2.002405
2.001334
2.007235
2.023664
2.020584
1.995050
1.998148
1.998143
2.000113
2.038651
2.024970
2.014458
1.995422
1.994492
2.021590
1.983927
1.998676
2.008012
2.005216
1.994079
2.006774
1.995099
1.993380
1.984891
1.987494
1.988285
1.972192
1.978582
1.981243
1.994711
2.006998
1.999258
1.993134
1.982082
1.981459
1.982305
2.002765
2.001550
2.007846
2.024092
2.022552
1.997595
2.005996
2.000129
1.998290
1.986353
1.993517
2.008381
2.007694
1.995254
1.971475
1.990835
2.001637
2.015828
2.015183
2.014311
2.020587
2.037752
2.039221
1.989251
1.999570
2.007252
1.999252
1.992215
1.994457
2.000994
1.983903
1.991225
1.988952
1.992376
2.001450
2.010238
1.996036
1.994562
2.018941
2.000806
2.002467
1.995967
2.007105
2.000909
1.991656
1.983954
1.986097
1.998158
2.006963
1.994760
1.971186
1.988991
2.000074
2.022059
2.011860
2.009377
2.020771
2.039403
2.038746
1.983894
1.999873
2.008779
1.998898
1.995841
1.995972
2.002854
1.983709
1.990883
1.989105
1.994379
2.004143
2.011981
1.996839
1.995121
2.018453
2.002804
2.002124
1.998898
2.001161
2.008144
1.969801
1.979078
1.982815
1.962855
2.014906
2.019759
2.039603
2.048284
2.033192
2.021619
2.000629
2.001645
2.010459
1.992100
1.997076
1.975196
2.001159
2.022986
2.039773
2.046559
2.021906
1.998822
1.991466
2.001197
1.992734
1.999404
1.996033
1.992974
2.010977
2.030290
2.007724
1.972308
1.976231
1.989083
2.005045
2.015438
1.976068
1.995634
1.995674
1.974782
2.013441
2.015671
2.030907
2.047266
2.033986
2.025342
2.003596
2.006300
2.015092
2.004792
2.009635
1.982820
2.001718
2.023133
2.043057
2.042446
2.020562
2.000159
1.992046
2.002232
1.991624
1.994503
1.993978
1.991883
2.010977
2.030228
2.008005
1.971708
1.975853
1.989712
1.992454
1.994402
2.001507
1.991439
1.980044
1.976572
1.992636
1.994523
2.023112
2.011220
2.004326
1.995727
2.001897
2.006355
2.017567
2.019163
2.018042
2.017994
2.004181
2.012011
2.019588
1.999258
2.006681
2.013825
2.001804
2.006595
2.013726
2.007207
2.019775
2.018854
2.010320
2.006916
1.976643
1.993631
1.989884
2.005456
1.986877
1.990792
1.985999
1.977593
1.974531
1.971546
1.991792
1.994112
2.027460
2.019031
2.005553
1.999618
1.999510
2.003813
2.013846
2.008097
2.011312
2.008693
2.004262
2.011080
2.016558
2.000757
2.007631
2.012404
2.002821
2.007347
2.012482
2.006108
2.018964
2.017333
2.011246
2.007341
1.975276
1.991850
1.989680
2.005092
1.999502
2.003034
2.033929
2.035227
2.032600
2.016587
2.004274
2.006156
1.997401
1.985792
1.980997
1.976115
2.000744
2.008242
2.036723
2.008658
2.007532
2.013659
2.014088
2.017598
2.024641
1.997358
1.999534
1.976602
2.002078
1.992962
1.998844
2.005329
2.006777
2.026046
2.001398
2.005428
1.977704
1.999194
1.996229
1.997595
2.000238
2.002615
2.029795
2.036425
2.022663
2.013880
2.001607
2.004755
1.992352
1.985272
1.979486
1.976946
2.001311
2.007567
2.038853
2.005100
2.005577
2.010766
2.014735
2.020337
2.024919
1.997213
2.002659
1.983312
2.002636
1.993308
2.002171
2.011986
2.011601
2.028450
2.002556
2.006938
1.976717
1.999414
1.997675
2.000703
1.997216
2.003427
2.002027
1.968575
1.980676
1.987237
2.012603
2.027142
2.022647
2.020249
2.009426
2.004179
1.995045
1.993671
2.006446
2.015963
2.000586
1.988326
2.001368
2.018891
2.033748
2.055573
2.025232
1.988753
2.008859
2.013610
2.028377
2.005312
2.000759
1.990842
2.010520
2.002460
2.013180
2.001954
1.998115
1.997801
1.998670
2.003875
2.021000
1.988873
1.986857
1.987167
2.009577
2.024315
2.023613
2.019041
2.015026
2.014502
1.992629
1.990971
2.002071
2.007710
1.993216
1.980667
1.993492
2.009381
2.017413
2.038823
2.012979
1.981981
2.008416
2.013658
2.026699
2.005127
2.001863
1.989522
2.009051
2.001503
2.008017
2.005200
2.000543
1.999383
2.013837
2.032824
2.058044
2.061520
2.042936
2.052933
2.018421
2.019694
2.035838
2.025465
2.018683
2.035794
1.993526
1.986424
1.984762
2.008546
1.998415
2.017286
1.995097
2.001963
2.009261
2.032203
2.021927
1.997394
2.005918
2.004088
2.015165
1.975349
1.968816
1.981159
2.004121
1.996516
2.008813
2.009129
2.003164
2.009259
2.012100
2.027296
2.051781
2.045619
2.035101
2.055128
2.014815
2.017388
2.032596
2.018864
2.015961
2.036493
1.994060
1.989360
1.991474
2.017507
2.001737
2.012483
1.993520
1.999978
2.004447
2.028396
2.020583
2.002442
2.006363
2.004537
2.016129
1.976139
1.968399
1.979420
2.003852
1.996332
2.006861
2.003825
1.997850
2.008421
2.006263
2.001242
1.985984
2.001804
1.999319
1.997889
2.001833
2.012024
2.027886
2.008355
1.992157
1.998674
1.997284
1.998035
1.981385
1.980153
1.980274
1.976420
2.002402
2.011834
2.021365
2.009058
2.015904
1.991935
2.007662
2.002916
1.983196
1.980659
1.992642
1.999467
1.994645
1.991031
1.966724
1.971118
1.984648
1.977610
2.002961
1.998181
1.996832
2.004408
2.003960
2.005708
2.001924
2.013317
2.030753
2.025047
2.012062
2.013229
2.001278
2.004092
1.987590
1.990032
1.985598
1.978795
2.003161
2.012086
2.020870
2.007693
2.011846
1.989060
2.006655
2.002354
1.982459
1.982074
1.991148
1.999910
1.993394
1.989435
1.965988
1.968247
1.982982
1.976059
1.997505
2.002283
2.021067
1.988370
1.987026
1.999759
2.012948
1.998563
1.988987
2.017205
2.002046
1.987347
1.998602
2.010937
2.018781
1.992760
2.002762
2.017395
2.011951
2.000694
2.023237
2.009361
2.008361
2.017435
1.997797
1.995267
1.970766
1.978310
1.984529
1.998827
2.009660
2.008947
1.984004
2.003491
1.995653
1.987909
1.993211
1.999270
2.000762
1.966129
1.969279
1.999630
2.012625
1.999131
1.991248
2.009536
1.998527
1.980783
1.997955
2.009953
2.015461
1.997639
2.004724
2.020923
2.013462
2.002793
2.025632
2.009841
2.008980
2.020290
1.999130
1.996936
1.974690
1.984002
1.988118
2.002118
2.009245
2.007936
1.981915
2.004398
1.996975
1.987092
1.997607
1.998260
1.990823
1.999345
1.984341
1.988274
2.006383
1.987677
1.959282
1.985492
1.994570
1.991039
1.988208
1.997683
1.978173
1.981541
1.993985
1.996367
2.003665
2.003032
2.008465
1.973118
1.972471
1.974971
1.997437
2.002365
2.016224
2.032128
2.022678
2.033872
2.010655
2.006245
2.019953
2.015947
2.012558
2.012312
2.000187
2.001632
1.990431
1.991967
1.977767
1.984726
2.006111
1.988331
1.967108
1.991010
1.999993
1.989945
1.986563
1.995471
1.976903
1.970189
1.985963
1.987180
2.005628
2.006476
2.013521
1.972655
1.974632
1.981278
1.997334
2.002205
2.015297
2.029408
2.019399
2.031712
2.010842
2.007403
2.022205
2.015682
2.013171
2.011521
2.018618
2.018910
2.004117
1.995378
2.009778
2.014227
2.006814
2.015073
2.008465
1.992226
1.989633
1.989268
1.994224
2.003646
2.013940
1.995856
1.998191
2.014917
1.998293
1.995986
1.998917
2.007443
1.993820
2.005766
2.006395
2.022258
2.010010
2.000045
2.008415
2.031127
2.006469
2.009963
2.016352
2.008528
1.991320
2.000991
2.015853
2.013421
2.003849
2.000448
2.009136
2.015238
2.002069
2.008856
1.997840
1.996349
1.993933
1.992972
1.993901
2.002454
2.010968
1.993492
1.998830
2.014996
1.996587
1.993888
1.991231
2.001317
1.987179
2.001150
2.004869
2.019852
2.006745
1.997009
2.007805
2.031972
2.006493
2.009731
2.016360
2.009413
1.993450
2.000574
1.999703
2.006790
1.993738
2.012800
2.014641
2.021975
2.003786
2.005540
1.996209
2.020007
2.002329
2.017610
1.993412
1.993640
1.988222
1.970340
1.969145
1.970907
1.999125
2.005127
2.000586
2.003640
1.995122
1.984181
1.998588
2.009879
1.996513
2.016365
2.026344
1.985628
2.000508
2.005942
2.022494
2.026141
2.004160
1.997209
1.998327
2.003383
1.984679
1.998477
1.997333
2.003791
2.002450
2.001948
1.989744
2.019661
2.002737
2.010472
1.994323
1.997593
1.996201
1.989828
1.979610
1.984063
1.999684
2.006786
1.997483
2.007616
1.996574
1.983168
1.997725
2.008833
1.990797
2.016924
2.026111
1.990116
2.000063
2.005484
2.021064
2.026591
2.004560
1.995835
2.004715
2.016562
2.017135
2.010275
2.012673
2.002065
2.014155
2.023335
2.059839
1.975375
1.987159
1.994443
1.997918
2.004649
1.978879
1.984680
1.987478
1.983088
2.000895
2.007391
2.002791
2.008426
2.024920
2.015530
2.005139
2.018289
2.037040
2.033856
2.017223
2.016801
1.982856
1.984471
1.960720
1.999152
2.010256
2.011552
2.001488
2.011088
2.009899
2.009428
2.012170
1.991637
2.007811
2.012049
2.051249
1.974186
1.986048
2.007721
1.998744
2.005270
1.978181
1.989887
1.990277
1.978418
2.001249
2.008667
2.005523
2.011837
2.026622
2.016997
2.003922
2.017905
2.035895
2.036313
2.018812
2.017955
1.982856
1.984339
1.960342
1.998114
2.009530
2.013891
2.000344
2.009175
2.016452
2.004154
2.010950
2.007866
1.992212
1.991211
1.976690
1.969201
1.974518
1.985566
2.004901
2.020081
2.035616
2.006614
2.001495
2.002049
2.034137
2.032626
2.042518
2.028619
2.009780
1.977295
1.999208
2.008619
2.011098
2.026123
2.020165
2.036625
1.984310
2.002701
1.979928
1.998676
2.006158
2.006897
1.999056
2.011084
2.014572
2.005673
2.003888
1.999276
1.993820
1.994480
1.980110
1.971451
1.973606
1.978190
2.006273
2.022078
2.038333
2.005216
2.001334
1.997049
2.032065
2.028052
2.030387
2.020357
2.006226
1.979869
2.000424
2.011320
2.018956
2.026954
2.018811
2.035725
1.983910
2.002259
1.980420
1.998986
2.007377
2.006871
2.006525
1.994456
1.994373
2.002401
1.991563
1.981864
2.000896
2.011452
2.024876
2.029258
2.016592
2.023684
2.015721
2.037643
2.040966
2.038400
2.020877
2.009970
2.010642
2.008124
2.013871
2.020118
2.004225
2.002909
1.998960
1.998482
1.985832
2.004670
2.014861
2.007202
2.003567
2.013988
2.019734
2.018420
2.018328
2.019662
2.010970
2.000884
2.002722
2.006703
1.999354
1.988574
1.997479
2.004844
2.012803
2.029564
2.011735
2.018323
2.012994
2.032684
2.035728
2.036807
2.023936
2.016051
2.008594
2.006140
2.011696
2.013730
2.000745
1.992324
1.998876
1.998230
1.985877
2.007525
2.015425
2.006267
2.004837
2.014248
2.018138
2.013529
2.018056
2.028601
2.002083
2.000003
2.006710
2.035266
2.026160
2.013468
2.006975
2.011378
1.993514
2.002136
2.010364
2.015856
2.003658
2.013124
2.020832
2.032122
2.017318
2.015808
1.990817
1.988552
1.986235
1.981875
1.983056
2.000290
1.998077
2.013726
2.016310
2.016178
2.026190
2.026900
1.997233
2.014963
2.024556
2.025928
2.011779
2.014611
1.998208
1.997502
1.998176
2.036426
2.024102
2.014097
2.009728
2.018433
2.003379
2.007223
2.010999
2.018365
1.999261
2.006261
2.008995
2.022759
2.014941
2.016923
1.990339
1.988717
1.988957
1.979264
1.980287
1.999413
1.998657
2.013815
2.014856
2.017753
2.027971
2.027620
1.997270
2.015138
2.024738
2.025001
2.010174
2.013309
2.006012
2.000029
1.998255
1.986227
1.993251
2.008143
2.000608
2.019543
2.011007
2.017807
1.996231
1.985168
1.995434
2.002659
2.014884
1.973127
1.986841
1.984012
2.004634
2.013401
2.018290
2.012740
2.006479
1.993267
1.993575
1.986403
1.963010
1.971003
1.974708
1.981016
2.002006
2.014789
2.045592
2.033915
2.025212
2.009426
2.007121
2.000809
1.991621
1.983828
1.985937
1.998388
2.003864
2.025142
2.021416
2.027476
2.002120
1.990400
1.997917
2.005660
2.019424
1.975193
1.988234
1.985509
2.006863
2.015129
2.020052
2.018137
2.011166
1.998649
1.992664
1.985938
1.964676
1.971788
1.975938
1.978775
2.000337
2.013738
2.042862
2.032831
2.025013
2.007096
1.998801
2.003178
1.962494
1.971862
1.974163
1.947375
1.997490
2.005152
2.008665
2.001601
1.986795
1.971561
1.995542
2.003834
2.017181
2.020486
2.019606
2.003783
1.998817
2.019359
2.022233
2.008872
2.014337
2.031906
2.011218
2.018091
2.012912
2.016931
2.026247
2.006838
2.007173
2.024509
2.038115
2.050500
2.029577
2.022056
2.002067
2.010326
1.967384
1.986482
1.985440
1.958554
1.997858
2.004930
2.019704
2.011402
1.997487
1.988746
1.996971
2.006005
2.017860
2.013146
2.015676
1.997113
1.996524
2.017322
2.026715
2.012773
2.019387
2.034621
2.011432
2.016235
2.012301
2.014794
2.024830
2.009285
2.006889
2.024425
2.038270
2.051171
2.030154
2.021555
1.991956
1.994605
2.000566
1.989678
1.978748
1.973312
1.995257
2.004601
2.005357
1.999784
2.009071
2.023694
1.997596
1.984674
1.958335
1.951897
1.969839
1.969031
1.999022
1.997032
1.991550
1.998390
1.997380
2.010782
2.004067
1.998071
1.990518
1.997738
1.998494
2.000922
2.008350
2.013723
1.993342
1.967105
1.987838
1.988922
1.986379
1.990995
1.985057
1.975833
1.973300
1.968216
1.992569
2.002302
2.005644
1.997833
2.010209
2.027611
1.995638
1.986255
1.966742
1.959071
1.976063
1.967845
1.998074
1.996872
1.995349
1.999916
1.997188
2.009770
2.003640
1.997352
1.990595
2.000864
2.000741
2.003600
2.006726
2.011638
1.992700
1.974919
1.995457
1.994229
1.999124
2.004320
2.034274
2.035704
2.031071
2.013919
2.008238
2.019426
2.029838
2.029549
2.018261
2.037663
2.003654
1.998561
1.989097
1.979532
1.981290
2.009993
1.997617
1.997163
1.980990
1.992303
1.981523
1.991808
1.996819
1.993922
1.987498
1.993225
1.999819
2.021056
2.020253
2.028162
2.063169
2.026106
2.012912
1.982686
1.999860
2.003902
2.030139
2.036903
2.021134
2.011212
2.005624
2.018120
2.031852
2.019116
2.010773
2.027632
2.002291
1.996892
1.984165
1.970345
1.973620
2.002159
1.997033
1.996164
1.977684
1.992394
1.982171
1.990784
1.997699
1.994185
1.990299
1.995594
2.003539
2.021337
2.020357
2.028306
2.063868
2.026851
2.011341
1.982902
1.996599
2.001575
2.001278
1.969440
1.979540
1.984775
2.001448
2.002636
2.009042
2.026311
2.012937
2.018471
1.992197
1.998685
2.002654
2.006174
2.008028
1.994349
2.006504
2.003958
1.982604
1.987383
1.990580
1.964313
2.010957
2.008070
2.012397
1.988884
1.986279
1.977281
2.004994
2.009177
1.991911
2.009108
2.005273
2.010495
1.997337
2.001292
2.019168
1.989973
1.988253
1.987228
2.005460
2.007161
2.008870
2.019733
2.010629
2.016190
1.993247
2.000810
2.002627
1.998870
2.003652
1.996058
2.009803
2.008349
1.991267
1.993977
1.997876
1.970547
2.011234
2.007798
2.014385
1.991046
1.988191
1.980068
2.004956
2.009557
1.992915
2.008882
2.003864
2.010588
