1.995645
1.984639
1.993548
1.984776
1.986178
1.993531
1.977899
1.990875
1.987615
1.970627
1.946871
1.961356
1.980500
1.985274
1.992633
1.990695
1.998734
1.996753
2.005842
2.007357
2.016569
2.019526
2.003959
1.978807
2.015840
2.011310
2.029332
2.020362
1.980289
1.976588
1.964076
1.954190
1.996216
2.011881
2.009532
2.004914
2.008805
2.003461
1.994519
2.004754
2.009655
2.022520
2.039120
2.031931
2.022697
2.017765
2.039185
2.001684
2.009379
2.018165
2.002512
1.994470
1.995691
2.005899
2.003133
1.992964
2.016574
2.019909
2.051944
2.027959
1.987216
1.991941
2.006126
2.000677
2.009998
2.013774
2.013478
1.983333
2.002851
2.009594
2.035413
2.040322
2.005384
1.990461
1.986460
2.010287
2.008148
2.012074
2.039592
2.001503
2.025064
2.022096
2.047418
2.002095
1.997850
1.997419
2.008746
2.015375
1.995930
1.992703
1.998570
2.008545
1.995086
1.980921
1.924131
1.970492
2.007285
2.008992
2.023068
2.001732
1.996859
1.986335
2.005228
1.993250
1.994451
2.007175
2.033111
2.025006
2.002410
1.995234
1.999626
1.988213
1.999229
2.001380
2.001779
1.975193
1.985062
1.982519
2.017340
2.014239
2.001675
2.013937
2.052876
2.040934
2.000743
1.997926
2.003613
1.997534
2.015464
2.014978
2.015710
2.007968
1.999290
1.990374
1.990939
1.999979
2.006034
2.002940
2.027599
2.023592
2.005821
2.000121
2.010111
2.017418
2.001096
2.008096
2.034945
2.013793
2.000292
2.006395
1.973999
2.009616
1.990877
1.981590
2.003306
2.001669
1.992147
1.984968
2.010078
2.010993
2.001110
1.999102
1.971934
1.975265
1.998571
2.005612
2.005733
1.990839
2.002343
2.005588
2.008827
2.011527
2.011650
2.004118
2.017806
2.015217
1.997577
1.984100
2.013589
2.010339
2.005162
2.011770
1.981888
1.970192
1.999135
1.995468
1.995535
1.998984
2.008266
2.000381
2.008092
2.020954
2.005803
2.009077
2.028957
2.037589
2.008114
2.008564
2.013315
2.016110
2.017453
2.015314
2.010907
2.017380
1.992496
1.999323
1.996675
1.982873
2.005537
2.001775
1.989016
2.011854
2.012080
2.000645
1.987863
1.984670
1.996145
2.001345
2.009380
1.987000
1.995114
2.011585
1.986610
1.971176
2.005203
2.002228
2.008337
2.023997
1.997498
1.996183
1.986875
1.995389
2.003871
2.007421
2.018824
2.007179
1.993196
1.987316
1.985976
1.993689
2.011780
2.003123
2.026575
1.965460
2.010995
2.005730
2.010220
1.978370
1.997766
2.003173
1.992779
1.983369
1.991068
1.994858
2.006058
1.985212
1.998697
1.991596
1.988460
1.968545
1.996798
1.986279
1.991097
1.994751
1.996072
1.992547
1.964525
1.979658
2.006640
2.016751
2.030841
2.025823
1.990367
1.972293
1.982032
1.997688
1.990842
1.979231
1.987860
1.977745
2.009823
2.022032
1.993039
2.007395
1.979812
1.969524
1.985298
2.008662
1.993669
1.982936
1.973859
1.987741
1.994275
1.971933
1.937930
1.948628
2.005609
2.015315
2.059944
2.019123
2.008089
2.009361
2.023457
2.036606
1.992359
1.997643
2.005298
1.997516
1.997250
2.016509
2.024128
2.020386
1.985377
1.980648
1.958209
1.974217
2.000770
2.008168
2.026877
2.040327
2.006139
2.009968
1.996145
1.985690
1.993141
2.001497
1.998733
1.992661
1.973739
1.964965
1.963700
1.955344
1.999127
2.003210
1.988734
1.994132
1.998507
2.002542
2.013637
1.972259
2.000653
2.000019
1.990936
1.991409
2.016154
2.012377
2.003199
2.025413
1.993866
1.998645
1.983629
2.013386
2.001035
1.999329
1.986416
1.971108
2.020385
2.028845
2.032869
2.033186
1.992187
1.996042
1.996061
2.010538
2.004766
2.016981
2.030908
2.013174
1.994400
2.004230
1.994149
2.003217
2.002613
1.997316
1.957834
1.981134
1.982210
1.983639
1.975818
2.006481
1.981155
1.984226
1.993741
1.975076
2.013352
2.009730
1.973751
1.959017
1.978944
1.995607
1.999806
1.983812
2.006049
1.995821
1.996839
2.006859
2.003044
2.002971
1.995066
2.018540
1.994473
1.989608
2.001087
1.988342
2.004824
1.998655
1.997495
1.996829
1.998766
1.992361
2.013005
2.022530
1.992113
1.996360
2.022509
2.015469
2.000275
2.006045
1.996791
1.987613
2.006240
2.002710
1.966014
1.984347
2.004702
2.000707
2.005664
2.001972
1.991845
1.990715
2.000046
2.013905
2.009601
1.996612
1.983775
1.989575
1.983379
1.975945
1.976113
2.006752
1.998269
1.997969
1.983762
1.997943
2.004610
2.022155
2.030359
2.013312
1.984689
1.984036
1.961983
1.966533
2.008162
2.020596
2.013580
1.988848
2.015797
2.016873
2.032789
2.015314
2.005222
2.009865
2.009079
1.994310
1.991364
1.988192
1.997536
1.988998
1.989586
1.984188
1.991207
1.993009
1.998496
2.013157
1.993229
1.988957
2.015569
2.014462
1.981217
1.964247
2.005758
2.001522
2.013783
1.997703
1.999494
1.992636
1.985397
1.973831
1.994371
1.987993
1.956395
1.952420
2.014055
2.031785
2.035032
2.047693
1.995790
1.984030
1.993193
1.984598
2.012643
2.010638
2.029588
2.004443
1.985440
1.979617
1.997104
1.996981
2.000596
2.007927
2.021359
2.024589
1.998947
1.996828
2.005854
2.007460
1.981734
1.975759
2.006253
1.998907
2.005953
2.004919
2.003152
2.031418
2.003138
2.004135
1.999874
2.009989
1.996339
2.012659
2.010231
2.005955
1.998766
1.998984
2.000033
1.990995
1.991549
1.986161
1.991530
1.982536
1.985193
1.989035
1.987165
2.001249
2.009552
2.018314
2.002902
1.994689
2.002187
2.000743
2.008557
1.996755
2.005802
2.000609
2.006500
1.995294
2.000824
1.996382
1.976694
1.986229
2.009306
2.013188
2.012577
1.983101
2.012337
2.008450
1.973142
1.996568
1.998710
1.985011
1.996534
2.000764
2.001604
1.993562
1.999880
2.011942
2.025075
2.022192
2.048409
2.002413
1.992434
2.002181
2.016879
2.014750
2.010753
2.013822
2.038122
2.036732
1.989884
2.004397
2.001029
2.030114
2.007524
2.008967
2.023765
2.001891
2.020560
2.017594
2.028444
2.021771
1.989158
1.989883
1.972194
1.995296
2.011950
2.021855
2.030325
2.010479
1.998362
1.998948
1.998498
1.972672
2.005200
2.019468
2.012485
1.999978
2.000197
1.984995
1.961820
1.997708
1.996067
1.998983
2.008961
2.009553
2.015547
2.013930
2.011946
2.006236
1.993321
1.988339
1.940086
1.961277
2.003349
1.995912
2.005485
1.991876
1.992258
1.991606
1.956241
1.994730
2.001123
2.008101
2.034951
2.012190
1.995831
1.998634
2.016592
2.026183
1.993049
2.002588
1.994090
2.012431
2.004012
2.014248
2.056862
2.044026
2.000578
1.998050
1.970881
1.973545
1.994774
1.990000
1.991925
1.970097
2.005403
1.996268
2.007721
2.001032
1.998784
1.999742
1.973822
1.989551
1.998156
1.984601
2.013777
2.010496
1.985821
1.993731
2.008719
2.007298
2.004285
2.005695
2.007517
1.988173
1.995733
2.003244
2.009724
1.997031
2.005503
2.008618
2.028643
2.037392
1.987818
1.985611
1.978693
1.985888
2.006926
2.003908
2.004686
2.002442
2.001123
2.009194
2.018636
2.002088
2.005504
2.002055
1.989066
2.011981
1.990967
1.999456
2.011471
1.993568
1.994659
1.995601
1.981601
1.978338
1.997825
1.995054
1.975573
1.986236
2.006464
2.004172
2.011497
2.022695
2.003177
1.997847
1.990794
1.989279
1.986849
2.006928
2.030352
2.005051
1.990793
1.994156
1.986653
1.995674
2.011578
2.003245
2.026482
1.965762
1.991545
1.996070
2.000043
1.983875
2.001481
2.016984
2.019935
2.017953
2.014153
2.011571
2.002106
2.020339
1.998655
1.991526
1.988556
1.967667
2.004227
2.005894
2.013263
2.015658
1.988195
2.000426
2.001616
1.984830
2.024500
2.025120
2.059456
2.050736
1.990935
1.972332
1.981579
1.998189
1.992449
1.991247
1.979476
1.964146
2.003148
2.018962
2.031633
2.023297
1.993231
2.007048
1.984972
1.992697
1.995052
1.983335
1.973263
1.987880
1.994107
1.987382
2.006754
1.997599
1.990132
1.987533
1.991395
1.994783
1.982011
1.984201
1.985586
1.978809
1.992579
1.997537
2.005237
1.997339
1.992940
1.996306
1.995045
1.978918
2.000200
2.006584
2.045669
2.024860
2.007393
2.017850
2.010099
1.997760
2.005435
2.009593
1.995906
1.985586
1.993836
2.004146
1.990662
2.001102
1.996310
1.998303
1.999002
1.996889
1.998784
2.005594
1.996174
1.999574
1.997993
2.002173
2.013455
1.972220
2.000709
2.018234
2.043397
2.027123
2.006582
2.008459
2.019634
2.005358
2.017553
2.011902
2.033067
2.022706
1.999879
1.998468
1.985453
1.968869
1.986894
1.992481
1.997584
1.996345
2.011209
2.014243
2.008887
1.988332
1.998084
1.987362
1.994736
1.995779
1.993831
2.003866
1.994611
2.005603
2.013887
2.017380
2.011377
1.997237
1.988578
1.997464
1.979087
1.992184
1.998485
1.993350
1.994309
2.004591
2.012100
2.008425
1.973679
1.963219
2.011804
2.004920
1.999301
2.035444
2.011253
2.006090
2.009422
2.012872
2.005036
2.008347
2.001700
2.007298
1.994126
1.989779
1.998681
1.985887
2.018286
2.012754
2.026246
2.007818
2.012331
2.015268
2.045380
2.036262
2.006399
2.004683
2.012805
1.985676
2.000020
2.005775
1.997393
1.987783
2.002007
2.010183
2.003321
2.010698
2.002414
1.998970
2.009373
2.004149
1.996049
1.983099
1.985606
1.984404
2.009499
1.996538
1.984195
1.989902
2.003402
2.011393
2.030239
2.003876
2.008743
2.013518
1.985128
2.002807
1.985030
1.990474
2.000531
1.985765
1.984749
1.984082
1.962082
1.966684
1.988004
1.977536
1.971153
1.949448
1.992066
1.979859
1.987819
1.993867
2.001178
1.995708
1.999652
1.989078
