1.989217
1.995899
1.986340
1.994004
1.982210
2.000839
2.000566
2.010667
2.008313
2.019395
2.022530
2.030150
2.009432
1.999921
1.963274
1.988696
1.990240
2.000215
2.014399
2.023799
2.042898
2.014767
2.009414
1.989216
2.018682
2.016769
2.028746
2.028693
2.028234
2.013171
1.996362
1.987136
2.002802
2.021122
2.013506
1.993226
1.993141
2.000388
1.995971
1.996763
1.981623
1.986690
2.000791
2.008672
2.001889
2.009369
2.014141
2.031426
2.010406
2.001358
1.967873
1.995654
1.997705
2.012747
2.015909
2.026906
2.043944
2.016220
2.012245
1.991767
2.018843
2.016872
2.028153
2.030899
2.031027
2.016140
1.998950
1.989989
2.010346
2.028818
2.018820
1.998181
1.997088
2.005881
1.994413
2.012231
2.010603
1.992316
2.005543
2.023917
2.018745
2.029470
2.029225
2.012376
1.982644
1.987006
1.988205
2.006181
1.997634
1.981822
1.996687
2.012421
2.020490
2.037729
2.011562
1.979942
1.987759
1.989408
1.964091
1.977028
1.968101
1.975475
1.998744
2.010164
1.976111
2.006183
1.998901
1.993958
1.994107
2.000899
1.984302
2.008776
2.010873
1.995790
2.003837
2.019289
2.011309
2.013874
2.020630
2.007824
1.979333
1.982556
1.980133
2.006036
2.000305
1.983843
1.989103
2.002179
2.004725
2.020223
1.998845
1.971680
1.988314
1.988532
1.962323
1.977098
1.967816
1.978251
1.998744
2.010164
1.975190
2.003481
1.997007
1.991631
2.008013
2.013801
2.018836
2.012213
2.018973
2.040047
1.996679
2.007527
2.020148
2.030272
2.022459
2.034168
2.009116
2.011056
1.979425
1.965177
1.969758
1.961311
2.006791
2.024550
2.049504
2.063051
2.043207
1.998146
1.994647
1.996784
1.994205
1.974994
1.968071
2.003324
1.987088
1.997520
2.009457
2.004854
2.015809
1.999448
2.005592
2.014401
2.016770
2.008198
2.006908
2.039435
1.994447
2.006499
2.024532
2.034323
2.027222
2.041865
2.011777
2.012136
1.980837
1.970125
1.974461
1.966308
2.004820
2.021972
2.044649
2.066193
2.046728
2.005826
1.996647
1.999842
2.002949
1.983367
1.976556
2.005879
1.986943
1.997229
2.008901
2.002725
2.013705
1.997612
2.002721
2.004457
2.013999
2.013859
2.016734
2.010313
2.003783
2.000662
2.022656
1.992737
2.001413
1.992039
2.006130
2.012890
2.001888
2.024491
2.023280
2.017438
2.006973
2.012989
2.013920
2.017904
2.023794
1.995600
1.991266
1.979885
1.976004
1.983195
1.982087
1.999801
1.996538
1.997467
1.994763
2.000611
1.994149
1.978261
2.004416
2.006130
2.022181
2.027203
2.024604
2.013865
2.001044
1.997378
2.015554
1.981090
1.992260
1.994995
2.007995
2.013976
2.001298
2.028083
2.027418
2.015648
2.006730
2.012685
2.013544
2.013827
2.018259
1.992977
1.991941
1.980432
1.976441
1.982036
1.982408
1.999355
1.996072
1.997678
1.995830
2.002441
1.995478
1.981231
2.008245
2.011232
2.014431
2.031287
2.037612
2.011370
2.010488
1.997996
2.003753
1.999253
1.999401
1.998379
2.006881
2.010409
2.031403
2.001902
1.998074
1.977261
2.004875
1.989911
2.012362
2.010263
2.013939
2.019497
1.989570
1.984190
1.965115
1.997468
2.003332
1.995199
1.992798
1.995917
1.976483
2.005206
2.007980
2.012142
2.008544
2.015221
2.024226
2.043666
2.041541
2.027666
2.010572
1.998153
1.999905
2.000648
2.002905
2.002821
2.006877
2.011034
2.032651
2.007397
2.003931
1.985575
2.007612
1.993358
2.016415
2.010955
2.015505
2.021156
1.990235
1.985093
1.967447
2.000217
2.004940
1.996652
1.992969
1.995694
1.974841
2.006437
2.009002
2.011195
2.011230
2.003515
2.004511
2.011307
2.009902
2.013697
2.005188
2.008750
2.022831
2.035534
2.021016
2.001616
1.996963
1.995494
1.989606
1.974568
1.973763
1.958029
2.003718
2.004652
2.006122
1.983356
1.985264
1.980782
2.007600
2.001518
1.976957
1.987322
1.998868
2.010612
2.004392
1.992105
1.994493
1.977555
1.961436
1.979572
2.012107
2.002447
1.987565
1.994617
2.002028
2.006598
2.006498
2.008434
2.013765
2.038748
2.025459
2.011751
1.996401
1.996337
1.992687
1.987121
1.981182
1.966358
2.004356
2.006504
2.008923
1.982813
1.985401
1.993482
2.009054
2.003303
1.982795
1.990121
2.001642
2.007803
2.005238
1.992938
2.003738
1.988206
1.971826
1.990794
1.996992
2.008231
1.974018
1.976967
1.983434
1.991904
1.995441
1.988223
1.992105
2.002347
2.009247
1.993307
2.005470
2.014484
2.023506
2.001743
2.008125
2.002075
1.996725
1.995655
2.014278
2.026245
2.010567
2.002143
2.011315
2.007799
2.012049
2.018843
2.012284
1.984012
2.016863
2.012759
1.997309
1.980509
1.995346
1.952287
2.001811
2.014148
1.977720
2.005432
2.002799
1.992773
1.995199
1.989180
2.000177
2.011564
2.007432
1.996817
2.005195
2.014312
2.023198
2.002804
2.012511
2.008497
1.995246
1.993865
2.006482
2.020210
2.004830
1.998454
2.011256
2.007058
2.010243
2.019053
2.011900
1.982893
2.016863
2.012455
1.997541
1.980033
1.994520
1.950649
2.001093
2.004989
2.006728
1.973384
1.980543
1.973853
2.001456
1.999002
2.007749
1.993236
1.982484
1.975772
2.012317
2.016526
2.005766
2.010674
2.012862
2.020978
2.003483
2.011152
2.009098
2.015919
2.008865
2.009017
1.985480
1.978037
1.971838
2.002457
2.001451
2.000043
2.003467
2.000491
1.984171
1.996176
1.993174
1.992282
1.996092
2.002419
2.002853
1.979434
1.990894
1.988548
1.999496
1.998477
2.006205
2.000376
1.984665
1.971172
2.010160
2.012376
1.999799
2.010096
2.010970
2.023787
2.002019
2.008447
2.008094
2.018567
2.008589
2.006641
1.985486
1.977941
1.971066
2.001533
2.001639
2.000060
2.002492
1.998965
1.980490
1.995275
1.992505
1.986934
1.992869
1.992736
2.004506
1.995320
1.988332
1.972555
2.009544
2.024757
2.023877
2.025952
2.013107
2.001728
2.002313
1.994908
1.996142
1.982766
1.997315
2.000519
2.005760
2.011254
2.000710
2.006347
2.021461
2.006386
1.998472
2.012272
2.004738
2.001286
2.013053
1.980159
1.990149
1.985473
1.941784
1.956414
1.971678
1.985079
1.993799
1.996757
2.011484
2.003328
1.989173
1.992827
2.003792
2.017158
2.019983
2.026810
2.018275
2.013607
2.001672
1.992267
1.991539
1.981037
1.994500
1.986527
2.007317
2.014631
2.008807
2.017404
2.027806
2.009782
1.999210
2.014608
2.003406
1.994758
2.009101
1.982472
1.989894
1.985255
1.940897
1.958708
1.973068
1.985055
1.999632
2.001924
2.024453
2.006964
2.010310
1.971183
2.009035
2.013476
2.025270
2.014239
2.014325
2.044902
2.015275
2.016214
1.999535
1.965158
1.961922
1.960709
2.034130
2.033277
2.036825
2.028758
2.008481
1.983156
2.016394
2.031151
2.039275
2.030315
2.013650
2.001812
2.020903
2.017128
1.996958
1.985141
1.985708
2.016852
2.002662
2.005268
2.043418
2.034728
2.026229
1.982446
2.009792
2.016569
2.025474
2.012060
2.014387
2.039642
2.015775
2.015931
2.004832
1.965990
1.960725
1.962418
2.032567
2.029595
2.028848
2.027650
2.010760
1.984684
2.016349
2.031199
2.038959
2.033461
2.015433
2.002829
2.020977
2.017215
1.999823
1.990753
1.990829
2.019638
2.015145
2.019529
2.015605
2.021712
2.018563
2.030382
2.000722
2.000325
2.013806
1.987294
1.987133
2.006572
1.998951
1.999526
2.014831
1.990227
2.007595
2.004831
2.007205
2.002003
2.012762
2.018615
2.010388
2.010222
2.018520
2.020186
2.004020
1.993151
1.994217
1.986091
2.010359
2.002887
1.981741
2.016269
2.008170
1.992335
2.010735
2.014491
2.000964
1.998047
1.995683
2.022245
2.001461
2.002705
2.017412
1.998283
2.002735
2.019301
1.997347
2.000165
2.016458
1.991481
2.011752
2.010414
2.005244
2.000512
2.014325
2.017078
2.009009
2.002028
2.018157
2.019943
2.006033
1.995457
1.994131
1.984450
2.011018
2.002602
1.983581
2.016301
2.008180
1.991697
2.012165
2.014063
2.008222
2.007280
1.995708
2.015311
2.022967
2.007644
1.992613
2.015254
1.993631
1.977998
2.023861
2.037888
2.023989
2.014998
2.009430
2.009530
1.993912
1.991358
2.003169
1.983634
1.980905
2.001666
1.991217
1.995883
1.988180
2.004919
2.007608
2.009496
2.009151
2.000644
1.989782
1.996613
1.996458
1.990177
2.014249
2.019338
2.021026
2.009190
1.995019
2.013438
2.022928
2.007997
1.995219
2.012194
1.993082
1.978233
2.024020
2.037962
2.020559
2.010779
2.008516
2.015579
1.992839
1.990596
2.003317
1.983738
1.981799
2.003991
1.991217
1.995883
1.987897
2.004018
2.007837
2.009692
2.009271
1.999519
1.989176
1.998424
1.996499
1.990821
2.000171
2.012256
2.035662
2.009115
2.014408
2.041580
2.009127
1.997105
1.967269
1.981360
1.991459
1.994277
1.998454
2.004977
2.016733
2.010731
2.015006
2.020777
2.006513
2.018585
2.033279
2.023117
2.008479
1.988026
1.984065
1.993299
1.970948
1.988482
1.994765
2.009382
2.002810
2.000215
1.993657
1.987190
1.999263
2.007587
2.002075
2.019117
2.042733
2.019036
2.020409
2.030244
2.008985
1.997791
1.972675
1.980246
1.990591
1.998205
1.996241
2.002024
2.009303
1.997607
2.003858
2.007663
2.009391
2.021220
2.036688
2.029788
2.015296
1.994741
1.984201
1.995215
1.976356
1.991327
1.995318
2.009862
2.002733
1.999823
1.991422
1.986446
2.000525
2.009721
1.991947
1.989721
1.981540
1.984454
1.965517
1.968451
2.011730
2.024248
2.030087
2.032266
2.022755
2.029794
2.011839
2.019080
2.025040
2.018186
2.013556
2.015951
2.001157
2.027276
2.032862
2.032307
2.028012
2.047166
2.003056
1.990197
1.999237
2.000635
2.004310
2.024579
2.016848
2.017402
2.007287
2.010097
2.006654
2.005571
1.993179
1.989744
1.982118
1.981862
1.965100
1.970764
2.008154
2.020246
2.022602
2.033783
2.030006
2.035460
2.012409
2.019426
2.026982
2.017608
2.014786
2.021891
2.003267
2.031071
2.048571
2.045335
2.038940
2.054590
1.998732
1.984890
1.990577
1.995826
2.002762
2.026457
2.016839
2.017575
2.005941
2.010699
2.007907
2.010143
2.013212
2.008025
2.021451
1.987602
2.000289
2.017953
1.996593
1.996580
1.988060
2.026105
2.016440
2.031498
2.008303
2.021739
2.033586
2.018559
2.012377
2.000507
1.999953
1.998409
1.991629
2.012427
2.009140
2.025656
1.999471
2.015105
2.017760
2.018785
2.005973
2.012281
2.000840
2.003753
2.027350
2.013879
2.009809
1.991322
2.009482
2.001379
2.014221
1.983807
1.994361
2.002728
1.998128
1.998381
1.994671
2.028535
2.011331
2.017171
2.008696
2.022187
2.037405
2.027634
2.021941
2.007273
1.998606
1.997703
1.992975
2.010916
2.007743
2.021793
1.997627
2.014808
2.018684
2.027742
2.015790
2.016899
2.000928
2.004856
2.030840
2.012538
2.008705
1.993549
1.989558
1.996071
1.986263
1.989915
1.981555
2.002002
2.006644
2.005968
2.018070
1.971361
1.983967
2.010860
2.001424
2.006363
2.009001
2.017233
2.006080
2.020727
2.003489
2.002229
1.976476
1.981528
1.976639
1.983058
2.002864
2.008906
2.026265
2.012936
2.000826
1.985570
2.011311
2.025910
2.003463
2.005308
2.002083
2.013108
1.993234
2.000526
1.995862
1.992759
1.980992
1.988256
2.006608
2.006787
2.018162
1.980346
1.997545
2.032923
2.000803
2.005240
2.001475
2.016437
2.006606
2.021863
2.002931
2.001818
1.974579
1.980687
1.975216
1.982182
2.003505
2.009063
2.026245
2.011627
1.999790
1.986177
2.011552
2.027296
2.007699
2.009530
2.007268
2.020376
1.997585
2.004473
1.994998
2.013899
2.010092
1.992416
2.004384
1.997802
1.988740
1.990352
1.992876
1.978344
2.006401
1.990400
2.008908
1.987055
1.987485
1.988427
2.005164
2.003061
1.979967
1.990232
1.991754
1.965087
1.995832
1.991112
1.993324
1.991286
1.991507
1.988549
2.011260
2.012079
1.992505
1.965677
1.984483
1.991612
1.991989
1.996258
1.980576
2.008159
2.008488
1.993586
2.006210
2.001123
1.991526
1.983764
1.989276
1.988143
2.004938
1.989365
2.004764
1.990920
1.991565
1.994217
2.007510
2.007019
1.988862
1.996248
1.998160
1.973736
1.995375
1.989390
1.991089
1.987439
1.988124
1.987055
2.011260
2.012079
1.990409
1.961985
1.982521
1.989536
2.006159
2.012170
2.015462
2.009960
2.017060
2.037554
1.996865
2.005748
2.011480
2.009641
2.006309
2.004745
2.014204
2.011889
2.020239
2.019876
2.027263
2.007920
2.010602
1.999692
2.018807
2.025989
2.024551
2.017306
2.002736
2.009059
2.006950
1.995707
2.005055
2.029905
2.008984
1.999433
2.021380
1.996037
2.006739
2.023283
2.004216
2.013466
2.014781
2.007056
2.005255
2.037353
1.991812
1.998238
2.003381
2.010967
2.004843
2.004183
2.012104
2.008835
2.019659
2.024646
2.028365
2.001878
2.009411
1.997484
2.015451
2.020459
2.019286
2.013897
2.005385
2.012443
2.010416
2.006217
2.010732
2.030994
2.007938
1.996808
2.015431
1.992732
2.003861
2.021594
2.002689
2.004272
2.015374
2.014582
2.016623
2.009139
1.999080
1.997121
1.977546
1.976742
1.978907
1.987755
1.998066
2.003433
2.007303
1.986788
1.983491
1.973265
2.010096
2.007366
1.987696
1.964490
1.978851
1.978297
2.006377
2.013459
2.015829
1.996822
2.003376
2.005887
2.001379
2.015957
1.983551
1.991032
1.997785
2.028470
2.004383
2.005945
2.023556
2.027926
2.024474
2.012691
1.999034
1.999527
1.983224
1.979154
1.978712
1.984548
2.000491
2.006877
2.013195
2.005764
2.000009
1.982359
2.010510
2.007310
1.988079
1.962881
1.979464
1.978539
2.005826
2.012870
2.015631
1.996999
2.002692
2.010197
2.001078
2.015228
1.982826
1.991832
1.996589
2.026356
2.008419
2.011514
2.015774
2.031111
2.037070
2.012819
2.000476
2.011474
1.997376
2.013894
1.988030
1.963663
1.991229
1.988568
1.992152
2.001110
2.014511
2.034247
2.006522
2.012222
2.013562
2.011455
2.025317
2.022596
2.010195
2.001936
1.996225
2.005281
1.999441
1.989506
1.987083
1.992743
1.991213
2.007561
2.013371
2.031762
2.008718
2.015229
2.023274
2.042009
2.040214
2.027488
2.000865
2.009753
1.995482
2.015349
1.987287
1.960078
1.993346
1.990879
2.001422
2.003399
2.015230
2.032101
2.005135
2.009583
2.014492
2.015891
2.029446
2.025974
2.007801
1.999142
1.993158
2.001398
1.996908
1.990542
1.988330
1.993211
1.991157
2.011413
2.017544
2.028738
2.011270
2.003718
2.003779
2.010631
2.008725
2.012339
1.993621
1.998326
1.989225
1.988565
1.987855
1.977083
2.004675
2.005036
2.018826
1.992777
1.993327
2.006620
2.004820
2.011434
2.022955
2.024848
2.015276
2.004124
1.981393
1.981213
1.984912
2.001179
2.004097
2.011955
1.997202
2.007613
1.992482
1.990418
2.006219
2.021770
2.012147
2.002649
1.986730
1.993941
2.000799
2.005240
1.996317
2.002161
2.003306
1.997057
1.992668
1.988303
2.004896
2.005786
2.025378
1.988159
1.987196
2.001741
2.003388
2.010257
2.018866
2.031395
2.019894
2.011046
1.981493
1.982127
1.984772
2.001780
2.007235
2.014789
1.996189
2.006760
1.991787
1.990788
2.005814
2.021493
1.997519
2.008177
1.975412
1.977789
1.984942
1.992346
2.004025
2.009482
2.015096
1.995229
2.009028
2.003531
1.989433
1.986331
2.003856
2.019530
1.993885
1.978118
1.999273
1.985958
1.983895
1.969768
1.983455
2.017752
1.995419
2.008216
2.001931
2.001794
1.999362
1.982672
1.995874
1.998589
1.985595
2.008140
2.000930
1.981966
2.002222
2.014168
1.979114
2.006298
2.004307
1.993214
2.003053
2.009430
2.017273
1.988963
2.001788
1.997213
1.985431
1.982449
1.995111
2.004268
1.984993
1.970241
1.999951
1.986226
1.984068
1.968130
1.981844
2.011039
1.996145
2.009196
2.001650
1.996916
1.996689
1.982507
1.996235
1.999130
1.985360
2.007290
2.000219
1.980104
2.000993
2.004981
2.006077
1.973686
1.980343
1.972939
2.006541
2.011381
1.996522
2.002575
2.000549
2.009206
1.997354
1.990900
2.001629
2.007411
1.994075
2.015092
2.013514
2.025905
2.036624
2.026358
2.010933
1.997858
1.998088
2.004833
2.016911
2.007056
2.018787
2.022484
1.998940
2.016448
2.017225
2.002009
2.000682
1.975494
1.995992
2.002411
2.002202
1.979516
1.990437
1.987404
2.003576
2.006976
1.989512
1.991103
1.988516
2.004415
1.998226
1.993704
2.007207
2.013582
1.997319
2.014113
2.014208
2.026319
2.036405
2.023390
2.010568
1.999142
1.998961
2.005273
2.015916
2.005614
2.018096
2.021805
1.997940
2.015694
2.012955
1.998930
1.996478
1.972715
1.993061
1.992850
2.005342
1.995891
1.988547
1.973186
2.003419
1.992485
1.974492
2.002321
1.998149
2.012200
1.997029
1.994191
1.972375
1.976935
1.979408
1.972415
1.995324
1.999752
1.976929
1.991870
1.980890
1.975537
2.008138
2.000217
2.010151
2.023146
2.025192
2.038070
2.010896
2.016114
2.008836
2.025021
2.011583
2.002587
1.993991
1.996870
2.012320
2.003899
1.989388
1.993458
2.006875
1.996431
1.977304
2.004457
2.006104
2.017378
1.998944
1.996412
1.973318
1.978969
1.976326
1.970302
1.996304
2.002184
1.975926
1.986960
1.979797
1.977644
2.008696
2.000563
2.013925
2.028174
2.027807
2.038740
2.011418
2.016378
2.009723
2.024078
2.009891
2.002297
1.999766
2.002299
2.023097
2.005931
2.009438
1.972209
2.029657
2.024946
2.015119
2.018710
2.027925
2.004396
2.001209
2.016634
2.032962
2.022548
2.014438
2.018674
1.995445
2.009626
2.011325
1.993790
1.991897
2.002388
2.000554
1.998266
2.009175
1.998370
1.996808
2.000295
1.998286
2.005565
2.014417
1.991552
2.002534
2.008114
2.002796
2.005643
2.042062
2.033695
2.025195
1.983472
2.027937
2.021081
2.010607
2.021838
2.032639
2.007841
1.999284
2.014263
2.027525
2.027625
2.022814
2.027602
1.997106
2.010694
2.011603
1.987150
1.989145
2.001305
2.000675
1.998755
2.009578
1.998742
1.997364
1.998571
1.998517
2.006524
2.015127
1.995004
2.005689
2.010879
2.014910
2.019529
2.014977
2.020199
2.018335
2.030035
1.997164
2.007644
2.026197
2.006419
1.993036
2.001028
1.989701
1.992911
1.976535
1.983748
2.002814
2.016856
1.994067
2.001822
2.016272
2.038004
2.019547
2.012311
2.008164
2.003767
2.015089
1.997418
1.993404
2.003825
1.986298
1.997608
1.986216
1.995737
1.994767
1.998691
2.010922
2.014902
2.000402
1.996535
1.995455
2.021898
1.993104
2.004982
2.018917
2.003324
1.988273
1.991416
1.989583
1.992426
1.977791
1.982513
2.004024
2.014346
1.994935
2.002835
2.015226
2.033169
2.014900
2.003517
2.008609
2.004383
2.016578
1.998342
1.994921
2.002922
1.986744
1.998253
1.989035
2.006762
2.005025
2.006475
2.012239
2.014142
2.008641
2.006799
1.995248
2.014964
2.012029
2.000394
2.022745
2.046328
2.027502
2.021887
1.997892
2.006727
2.015493
2.017601
2.014909
2.024103
2.006917
2.009605
1.984738
1.998661
2.012218
2.004975
2.010988
2.008395
1.981752
1.977620
1.982660
1.990561
2.002572
2.005316
2.020266
2.008229
1.993564
1.989170
2.014324
2.019417
2.021445
2.008624
1.994632
2.013299
2.010346
1.998988
2.023256
2.042730
2.027924
2.014950
1.996613
2.003832
2.012031
2.013735
2.012666
2.024681
2.007109
2.009960
1.981071
1.996850
2.012462
2.008035
2.008353
2.004135
1.978783
1.975553
1.979294
1.986155
2.002349
2.005333
2.020098
2.005338
1.991570
1.987518
1.999577
2.011066
2.032326
2.009104
2.014280
2.041554
2.013980
2.014533
2.023527
2.013297
1.999917
1.990079
1.996227
2.000742
1.989996
1.977595
1.967806
1.968400
2.001878
2.005136
2.029414
2.016475
2.024832
2.017417
2.004236
2.005683
1.983866
1.990091
1.992522
2.001078
1.995705
1.984471
1.999837
1.965726
1.960858
1.966116
2.001481
2.017927
2.039397
2.019024
2.020113
2.030398
2.013227
2.017322
2.027893
2.021047
2.009324
1.993329
1.995839
2.001490
1.993234
1.995918
1.978711
1.978468
2.003167
2.006299
2.032166
2.019249
2.028353
2.020468
2.005158
2.006255
1.985653
1.995615
1.996399
2.003774
1.995732
1.984281
2.000000
1.964888
1.960793
1.964423
1.991930
1.989638
1.981282
1.984763
1.966030
1.968531
2.008238
2.013759
2.013214
2.023079
2.004935
1.995545
2.003115
2.003870
1.985634
1.972291
1.984780
1.988595
1.999848
1.991738
2.001221
2.026537
2.011372
2.022997
1.997648
2.002918
2.015379
2.024339
2.014527
2.030350
2.007804
2.018643
2.030872
2.036770
2.018485
2.004796
1.993161
1.989662
1.981860
1.982019
1.965525
1.970844
2.008159
2.012922
2.010830
2.022646
2.012744
2.010186
2.004447
2.005275
1.982323
1.975240
1.988908
1.994067
1.996757
1.989896
2.005084
2.027341
2.012574
2.022305
1.997880
2.003871
2.016934
2.024623
2.014850
2.031442
2.007610
2.020859
2.033565
2.045613
2.026309
2.005065
2.013322
2.008412
2.021688
1.987387
2.001024
2.019021
2.004615
2.004046
1.991805
1.990137
1.998172
1.993771
2.007834
2.019992
2.032890
2.006818
1.999613
2.008838
2.005762
2.016185
2.017512
2.022666
2.020739
2.008158
2.008157
2.025295
2.011756
2.010610
2.016687
2.015397
2.002886
1.995017
1.999086
2.001797
1.992772
2.008416
2.009126
2.001145
2.013617
1.979833
1.992484
2.002667
2.001846
2.000110
1.982396
1.987007
1.992264
1.985679
2.007654
2.019211
2.028566
2.009359
2.002825
2.013034
2.004300
2.014605
2.013428
2.015126
2.012188
2.004371
2.007085
2.022775
2.008125
2.008400
2.017941
2.016297
2.002929
1.994855
1.998684
1.998439
1.992906
2.010534
1.989075
1.995750
1.987146
1.995983
1.983249
2.001533
1.991355
1.996709
1.966012
1.988040
1.996843
2.009091
2.008206
2.033706
2.036523
2.039823
2.029223
2.022466
1.991364
1.996884
1.988042
1.982286
1.987794
1.977085
2.000369
2.009732
1.993682
2.007451
2.020597
1.987701
2.000304
2.003414
2.021203
2.029142
2.009316
2.003653
1.992503
2.000350
1.996763
1.998827
1.982763
1.987222
1.997194
2.003074
1.976260
1.988804
1.993879
2.011760
2.003392
2.024816
2.026191
2.036529
2.028007
2.021778
1.988365
1.993978
1.986869
1.973417
1.981600
1.966431
1.999806
2.009344
1.987425
2.009058
2.022341
1.993205
2.000304
2.003085
2.020621
2.027494
2.008734
2.004013
1.996988
2.006140
1.994985
2.012410
2.008759
1.989579
2.000094
2.009663
2.007456
2.018575
2.021388
2.030016
2.002487
2.014615
2.002363
2.012900
2.003907
2.031936
1.999138
2.001194
1.991849
1.989133
2.001118
2.016603
2.003326
2.015986
2.021102
2.008172
1.999659
2.003058
1.999622
2.003270
2.006792
1.997949
1.990616
1.998038
1.994006
2.001158
1.984873
2.008955
2.009129
1.993619
2.000318
2.007668
2.001032
2.008549
2.013206
2.031292
1.999260
2.010627
1.998173
2.011378
2.001737
2.028897
2.001458
2.004243
1.997558
1.990544
1.995664
2.014840
2.002632
2.016901
2.024320
2.015205
2.004212
2.005732
1.999310
2.003144
2.006039
1.998285
1.990537
1.997286
2.006183
2.012174
2.015175
2.009978
2.017239
2.038270
2.005514
2.024213
2.018330
2.026714
2.027149
2.008043
1.998707
2.007394
2.023505
1.976893
1.981880
1.967698
2.021629
2.033312
2.032791
2.000755
2.000235
1.994285
2.002683
2.009541
2.006758
2.023250
2.013480
2.030104
2.010870
2.003524
2.033934
2.009784
2.011815
2.003411
2.003888
2.013148
2.014341
2.007298
2.005472
2.038009
2.003807
2.019585
2.010894
2.011410
2.018130
2.005271
1.999886
2.008850
2.020773
1.979798
1.983363
1.969988
2.021098
2.033961
2.030147
1.999928
1.999736
1.993870
2.002055
2.008804
2.005372
2.021447
2.012647
2.031539
2.009365
2.001535
2.034851
2.013512
2.014804
2.002628
2.002431
2.003967
2.014070
2.013557
2.015053
2.008919
1.996950
2.007727
2.019517
2.029354
2.022112
2.034932
1.996784
2.005282
2.006929
2.003811
2.001359
1.984417
2.015807
2.000764
1.992133
1.975566
1.973391
1.959913
2.002760
2.005301
1.996916
1.996004
2.006112
2.005337
2.003943
2.009100
2.020327
1.996247
1.993194
2.003464
2.004126
2.005640
2.022303
2.026901
2.022953
2.012471
1.994718
2.006698
2.023900
2.033405
2.026875
2.042629
1.997284
2.006389
2.007288
1.998746
2.002817
1.988122
2.016470
2.001783
1.993688
1.978533
1.977447
1.968172
2.002676
2.005049
1.997267
1.997557
2.006005
2.002832
2.002617
2.008695
2.016249
1.994455
1.990471
2.002700
2.008170
2.011104
2.015375
2.028427
2.035580
2.013386
2.003200
1.999183
2.019810
1.988555
1.999033
1.989826
2.007180
2.001666
1.990030
1.966770
1.980671
1.991926
2.017117
2.014056
2.049769
2.033938
2.033571
2.031894
1.998524
2.009191
2.008497
2.006100
2.021976
2.034830
2.011353
2.015317
2.014493
1.991839
1.993491
1.999181
2.008793
2.015240
2.024117
2.039692
2.038958
2.027559
2.000461
1.995809
2.012709
1.976908
1.989795
1.992782
2.002813
1.997853
1.984453
1.962336
1.979197
1.985705
2.015863
2.015738
2.048199
2.037848
2.034104
2.034618
1.998836
2.009159
2.006931
2.006162
2.022409
2.035550
2.012035
2.016726
2.019955
1.999570
1.995389
1.998007
2.011500
2.003835
2.005759
2.014558
2.013102
2.010089
2.009689
1.993555
1.993388
1.991078
1.995306
2.000900
2.003094
1.997678
1.983258
1.988521
1.989775
2.002698
2.006345
2.015244
2.032131
2.011121
2.011125
2.014400
1.994629
1.990112
1.968884
1.964283
1.974907
1.980253
2.020198
2.026381
2.020262
2.001063
2.006954
1.993521
2.012767
2.003090
1.988909
2.000155
2.006807
2.005152
2.009773
1.993712
1.989540
1.993487
1.999378
2.005957
2.002943
1.997825
1.982208
1.986669
1.988575
2.005028
2.003331
2.010477
2.027201
2.005266
2.008479
2.013470
1.993763
1.989453
1.970410
1.964767
1.975839
1.978460
2.020090
2.026762
2.022089
2.003858
2.009070
1.996640
1.996960
2.007837
1.973687
1.976862
1.983020
1.991599
2.005634
2.008285
2.023663
2.033803
2.019768
2.000108
2.003732
2.007309
2.013398
2.019012
2.010845
1.989981
2.013971
2.017552
2.012632
2.021614
2.022532
2.022936
2.012397
2.021960
2.014578
2.023889
2.030666
2.004239
1.988492
1.995868
2.004535
2.000765
2.010168
2.019015
2.001779
2.013753
1.977389
2.005328
2.002385
1.992468
2.006944
2.007969
2.014597
2.037017
2.024211
2.010243
2.006518
2.010707
2.013968
2.009770
2.006208
1.993844
2.010268
2.012519
2.006213
2.009732
2.013569
2.017820
2.012055
2.019516
2.013010
2.020743
2.027989
2.005319
1.987633
1.994411
2.001549
2.001042
2.009860
2.016091
2.000789
2.004466
2.007020
1.973859
1.980700
1.973598
1.995238
1.987034
1.990042
2.000401
2.009229
1.991665
1.996750
2.006133
2.005519
2.005991
1.998743
1.989093
1.994149
2.002853
2.020823
1.978656
1.984806
1.992314
2.003941
2.000565
1.989977
2.010489
1.999580
2.011683
2.005983
2.019247
2.000888
1.977142
1.990732
2.004461
1.995788
2.001896
2.003146
1.979909
1.991051
1.988133
1.994995
1.987991
1.998113
2.009619
2.007414
1.995175
1.995088
2.003339
1.998453
1.998040
1.993750
1.980940
1.994576
2.001829
2.019430
1.978665
1.987395
1.998105
2.002589
1.998754
1.986987
2.014325
2.001772
2.012701
2.006179
2.019785
2.000557
1.976210
1.987974
2.000563
1.992635
1.991800
2.001837
1.994225
1.987938
1.972529
2.001471
1.998952
2.007979
1.992459
1.980890
1.975454
2.001364
2.000846
1.966512
1.968253
1.984676
1.983774
2.004283
1.992028
1.981873
1.960800
1.969645
2.003295
1.997966
1.999170
1.993979
1.989335
1.991907
2.035946
2.007119
2.013761
2.013408
2.021218
2.007220
2.002489
1.993632
1.995688
2.008812
2.001379
1.988184
1.992013
1.999511
1.998427
2.006435
1.999598
1.983086
1.971039
2.001966
2.000298
1.964232
1.970519
1.984263
1.988330
2.003734
1.990587
1.980821
1.959261
1.965834
1.999542
1.999564
1.999735
1.997468
1.992300
1.995824
2.035901
2.007562
2.014407
2.016469
2.023711
2.011600
2.004303
1.999862
2.002389
2.023894
2.006147
2.009492
1.972323
2.010829
2.026524
2.025473
2.026716
2.013522
2.001735
1.991502
1.999408
1.976629
1.977967
1.983492
1.965159
2.007800
2.007929
1.994375
2.006847
2.006129
2.011723
2.020999
2.017615
2.030190
2.011290
1.999233
1.984968
2.008621
2.019191
2.012320
2.003263
1.993327
1.988153
2.002892
2.005733
2.042859
2.033911
2.025365
1.983684
2.005078
2.018977
2.021478
2.027645
2.018722
2.013327
1.993482
2.002279
1.977655
1.980283
1.984149
1.967530
2.007955
2.008365
1.993142
2.007935
2.006479
2.008983
2.020120
2.015850
2.026287
2.006989
1.996052
1.984637
2.007404
2.016203
2.009030
2.001013
1.991212
1.986317
