19.760030
19.700577
19.631954
19.701213
19.951170
19.867756
20.052226
20.179958
20.532687
20.335958
20.069424
19.891501
19.931667
19.891467
19.914691
19.799677
19.814276
19.872611
20.042385
20.169926
20.519277
20.321555
20.059584
19.896155
20.006930
19.813671
19.730542
19.790592
19.889369
19.920869
19.838893
19.729665
19.630018
19.905507
19.873076
19.922369
20.217258
20.125611
20.402166
19.944225
20.049108
20.155700
20.030280
20.009750
20.021215
20.087456
20.186435
20.163652
20.225774
20.140342
20.438247
19.963138
20.060119
20.160080
20.044497
20.149667
20.148163
20.194531
19.980046
20.070204
19.906976
19.856535
19.990728
19.862181
19.879022
19.883807
19.986790
20.032685
19.960136
19.847937
19.779907
19.963764
20.015535
19.821512
19.765367
19.801472
19.900824
19.917886
19.996477
20.048517
19.947135
19.822555
19.758385
19.953357
20.020490
19.895646
19.817896
19.779745
19.720654
19.695265
19.862233
19.744696
19.912669
19.909584
19.880744
19.651695
20.032605
20.171480
20.230342
20.054251
20.008157
19.918114
20.040726
20.147044
20.145034
20.185581
19.981497
20.068570
20.036595
20.173347
20.234449
20.069079
20.023169
19.923106
19.883625
19.723264
19.602258
19.818070
19.799957
19.970255
19.968733
19.855066
19.856832
19.870333
19.955737
19.773414
20.046216
20.012725
19.776951
19.604041
19.709000
19.779084
20.017687
19.895207
19.808809
19.768323
19.720918
19.714545
20.045564
20.020730
19.780856
19.595129
19.700709
19.760331
19.835444
19.804629
19.415562
19.209789
19.304570
19.708021
20.045372
20.083905
19.942999
20.208334
20.239310
19.938949
20.048790
19.952761
19.987326
19.567272
19.719571
19.955930
19.879235
19.722701
19.599761
19.817408
19.799091
19.960657
20.043145
19.942567
19.990280
19.604165
19.736410
19.963253
19.975087
20.049810
20.094340
19.901041
19.843159
19.941609
19.825657
19.706814
19.257939
19.344353
19.432717
19.718868
19.957571
19.901557
19.738573
19.771953
19.694634
19.664287
19.836200
19.798432
19.409385
19.212659
19.309392
19.701450
19.963789
19.908461
19.734603
19.742755
19.694726
19.676596
19.902727
19.851447
19.833813
19.759394
19.791858
19.867590
20.072152
19.980675
20.056946
19.848550
19.783221
19.961513
20.031768
19.976859
19.968901
20.101823
19.971977
19.975249
19.982491
20.055915
20.075452
19.908971
19.850721
19.958639
20.031702
19.972386
19.963119
20.104648
19.967322
19.953943
20.031807
20.012671
20.022917
20.072347
20.167243
20.150756
19.755473
19.705451
19.653588
19.731809
19.976344
19.882980
20.042841
20.160965
20.517787
20.339734
20.106453
19.937190
19.902848
19.859609
19.817769
19.755530
19.798758
19.849930
20.033321
20.151141
20.518325
20.328191
20.101470
19.940229
20.019554
19.837460
19.789113
19.813877
19.911156
19.944066
19.854523
19.749610
19.633616
19.905583
19.874132
19.911541
20.230877
20.145336
20.447912
19.946056
20.043264
20.160811
20.034531
20.015888
20.022630
20.087824
20.179086
20.153566
20.228914
20.145178
20.453479
19.954379
20.052057
20.175222
20.039029
20.143740
20.148887
20.171950
19.976034
20.039285
19.908425
19.868827
20.015336
19.931325
19.929881
19.896915
19.986985
20.054712
19.957817
19.829598
19.766416
19.948653
20.012320
19.828522
19.786606
19.807784
19.902542
19.937034
19.985475
20.051764
19.953713
19.822621
19.754423
19.942130
20.036262
19.921394
19.825306
19.794989
19.734364
19.750917
19.871435
19.750597
19.948360
19.934912
19.881855
19.644716
20.026216
20.175585
20.291258
20.101363
20.040951
19.929257
20.049332
20.161332
20.159168
20.188663
19.977047
20.068914
20.038989
20.178974
20.303528
20.108432
20.045644
19.939182
19.882704
19.737944
19.638377
19.820499
19.795930
19.947197
19.981349
19.881070
19.859198
19.890942
19.954540
19.752422
20.043391
19.995318
19.787016
19.613488
19.707559
19.766159
20.014064
19.915468
19.821123
19.777915
19.731474
19.743226
20.030425
19.984648
19.770020
19.612503
19.708470
19.777019
19.818944
19.769689
19.368555
19.186751
19.281966
19.685175
20.048933
20.080575
19.963577
20.216861
20.243887
19.930061
20.027482
19.925062
19.958979
19.592361
19.719982
19.956689
19.890360
19.744130
19.650385
19.820478
19.790909
19.936818
20.036445
19.938358
19.991727
19.624564
19.745321
19.949271
19.979234
20.037698
20.071424
19.878552
19.826541
19.951082
19.800292
19.676496
19.251814
19.308160
19.404791
19.704691
19.945428
19.904519
19.724162
19.725846
19.660381
19.641991
19.823641
19.770370
19.365475
19.183622
19.282882
19.683655
19.945711
19.905536
19.719901
19.747402
19.676213
19.654262
19.887141
19.842669
19.800964
19.748569
19.781217
19.855903
20.070325
19.979907
20.046392
19.827154
19.761729
19.940017
20.031362
19.984081
19.989523
20.091942
19.980471
19.974869
19.988555
20.045154
20.065804
19.875907
19.829132
19.956446
20.028972
19.979567
19.992071
20.098908
19.984149
19.975860
20.036679
20.013192
20.010446
20.078529
20.165946
20.148956
19.763466
19.735797
19.676240
19.739795
19.984332
19.893397
20.028590
20.137624
20.512288
20.299891
20.067502
19.893381
19.890080
19.836763
19.786075
19.717609
19.738155
19.814819
20.023637
20.136400
20.503997
20.296549
20.072246
19.908775
19.997980
19.827963
19.781777
19.780266
19.886075
19.921181
19.849853
19.731178
19.612819
19.893088
19.849960
19.904354
20.213814
20.140804
20.432064
19.909890
20.018412
20.139528
20.021513
19.995260
19.989999
20.064086
20.156107
20.099986
20.212886
20.145253
20.448396
19.918996
20.031297
20.164132
20.035261
20.156052
20.192363
20.214324
19.978781
20.066798
19.903816
19.841472
19.977073
19.909971
19.908956
19.888355
20.007152
20.081243
19.989551
19.849168
19.789447
19.960108
19.996999
19.821179
19.770652
19.782016
19.873037
19.904415
19.998068
20.059804
19.966695
19.846559
19.772356
19.956885
19.995230
19.901945
19.798128
19.749815
19.707889
19.707582
19.872494
19.777372
19.936117
19.907487
19.862151
19.638723
20.040700
20.192568
20.309170
20.093310
20.037348
19.953845
20.034884
20.156202
20.195008
20.236062
19.993029
20.070912
20.039435
20.191484
20.306108
20.114622
20.058190
19.968218
19.870078
19.721495
19.647264
19.837270
19.805231
19.958317
20.003505
19.911002
19.895186
19.931864
19.985150
19.749842
20.030342
19.976887
19.785677
19.590939
19.698326
19.777338
19.996404
19.906984
19.808390
19.763284
19.720581
19.717914
20.026057
19.973950
19.784878
19.586612
19.691472
19.773608
19.820652
19.765092
19.375011
19.212426
19.294769
19.678236
20.076884
20.090466
19.982383
20.235415
20.274052
19.971059
20.026438
19.930136
19.990385
19.624483
19.739642
19.947503
19.868453
19.721950
19.642858
19.833421
19.801867
19.969103
20.028388
19.932597
19.974342
19.608372
19.726125
19.954265
19.977545
20.036738
19.996788
19.811798
19.783408
19.893892
19.802506
19.682220
19.261188
19.328007
19.425485
19.720063
19.945101
19.900613
19.761195
19.721498
19.668570
19.660038
19.812353
19.769537
19.382155
19.223690
19.292007
19.675764
19.940256
19.895719
19.773720
19.734146
19.678717
19.658325
19.889009
19.851378
19.793929
19.738857
19.767369
19.839143
20.064626
19.953034
19.998957
19.794206
19.747392
19.892054
20.064072
20.028829
20.025447
20.137716
20.022364
19.996351
19.971473
20.025115
19.985004
19.822299
19.785146
19.893635
20.042458
19.995057
19.985846
20.082754
19.981223
19.992969
20.018565
20.000594
20.003689
20.078602
20.160990
20.116160
19.784588
19.766566
19.742295
19.788823
20.036707
19.940946
20.021668
20.131338
20.510835
20.307591
20.087486
19.919610
19.894713
19.859271
19.801689
19.767942
19.787288
19.845540
20.044527
20.167506
20.567295
20.364637
20.133708
19.949136
19.995348
19.832751
19.788199
19.766034
19.878053
19.902072
19.840236
19.739472
19.639865
19.912786
19.886232
19.935786
20.194722
20.113828
20.433276
19.902503
20.026024
20.144586
20.015109
19.989908
19.988967
20.068282
20.149661
20.134651
20.197686
20.103097
20.424829
19.904872
20.021601
20.130701
20.027832
20.146039
20.190876
20.204017
19.969913
20.023803
19.887833
19.826051
19.958500
19.841717
19.855530
19.859092
20.007761
20.059442
19.966209
19.851561
19.793434
19.988564
19.994355
19.826452
19.776704
19.771985
19.882555
19.909561
20.021838
20.074067
20.009576
19.896036
19.821470
19.989455
20.003134
19.899088
19.828771
19.784166
19.728701
19.718113
19.881549
19.765792
19.929774
19.892834
19.847801
19.619210
20.024669
20.179378
20.293393
20.089535
20.027613
19.920168
20.020892
20.143623
20.186011
20.207790
19.962899
20.008802
20.023022
20.176080
20.290613
20.093712
20.026745
19.911896
19.869112
19.716906
19.631428
19.797361
19.769728
19.939630
20.009784
19.909233
19.895764
19.913123
19.979205
19.741421
20.050515
20.000457
19.791263
19.581012
19.700623
19.758085
19.992568
19.890682
19.814978
19.773886
19.722787
19.714096
20.051096
20.001727
19.796729
19.585443
19.701925
19.757977
19.809248
19.748736
19.342593
19.184821
19.268768
19.668230
20.053668
20.068508
19.983964
20.223734
20.252400
19.993785
20.027889
19.928808
19.958857
19.587420
19.726539
19.962183
19.860763
19.711817
19.634783
19.789747
19.779103
19.950155
20.028382
19.929890
19.949493
19.585157
19.723614
19.967262
19.977647
20.038031
19.971832
19.832569
19.801067
19.893836
19.794455
19.683544
19.284565
19.317676
19.404311
19.685145
19.947450
19.912780
19.789739
19.738911
19.683798
19.680460
19.810416
19.757031
19.350750
19.204041
19.289558
19.696149
19.949050
19.913422
19.787123
19.731829
19.681795
19.671151
19.891104
19.854957
19.785878
19.762506
19.773936
19.843545
20.060091
19.945684
20.007390
19.801887
19.753031
19.927369
20.045708
19.987698
19.974528
20.133147
20.017205
19.978122
19.978889
20.049272
20.014724
19.843846
19.799154
19.907213
20.051522
19.996282
19.982659
20.131397
20.015281
19.992449
20.027763
20.016069
20.037880
20.115338
20.180475
20.121884
19.785340
19.785686
19.741901
19.780101
20.013755
19.936864
20.036559
20.156180
20.531103
20.311473
20.082355
19.904797
19.893370
19.857704
19.784357
19.753308
19.768479
19.829925
20.049275
20.174716
20.560756
20.359679
20.121947
19.952500
20.011934
19.832872
19.794551
19.769512
19.887812
19.900002
19.845144
19.748533
19.643482
19.909729
19.887432
19.927324
20.200832
20.113990
20.423063
19.903371
20.002444
20.138108
20.018825
20.004070
20.029661
20.119073
20.176071
20.102572
20.205017
20.116489
20.419729
19.920479
20.019103
20.143517
20.022234
20.149215
20.196535
20.214250
19.986950
20.013367
19.899376
19.822491
19.973571
19.859663
19.851371
19.848630
20.009342
20.046331
19.959028
19.832781
19.774375
19.929942
20.022152
19.856702
19.836571
19.767659
19.893775
19.892953
20.009467
20.047277
19.956394
19.823471
19.770124
19.936271
20.008698
19.900309
19.823561
19.788228
19.748134
19.733699
19.865916
19.757285
19.909016
19.894194
19.850177
19.653529
20.018539
20.154110
20.283185
20.081409
20.013446
19.911497
20.031451
20.157703
20.202356
20.208150
19.989042
20.028238
20.019150
20.152549
20.280303
20.076536
20.009924
19.911690
19.866659
19.732122
19.640654
19.812696
19.795947
19.965374
20.011656
19.912779
19.903080
19.925857
19.980126
19.749818
20.045845
19.987021
19.761535
19.551507
19.672450
19.741464
20.010376
19.904173
19.836996
19.789627
19.747468
19.719719
20.047757
19.991580
19.773618
19.571343
19.689694
19.785688
19.787192
19.714653
19.275979
19.161607
19.271195
19.691921
20.058283
20.060353
19.996949
20.233961
20.261075
19.999054
20.019674
19.920170
19.919569
19.571527
19.712062
19.922282
19.862020
19.728390
19.653947
19.820168
19.805159
19.960623
20.020072
19.920917
19.921974
19.575154
19.715140
19.925943
19.976690
20.051740
20.046472
19.869934
19.827134
19.893175
19.809841
19.694661
19.324948
19.361640
19.442315
19.671974
19.963715
19.937179
19.773918
19.763683
19.731443
19.709222
19.798291
19.736051
19.306653
19.162834
19.257460
19.651474
19.969445
19.944213
19.791844
19.777871
19.745147
19.725455
19.904509
19.868608
19.817314
19.776159
19.785301
19.833535
20.057750
19.955540
20.003542
19.754331
19.722482
19.932148
20.062599
20.019424
19.993922
20.131911
20.005243
19.976432
19.978597
20.057021
20.062906
19.892475
19.843628
19.932520
20.051750
20.002250
19.966133
20.111164
19.977365
19.953434
20.033814
20.002010
20.032491
20.110354
20.175102
20.110680
