2.008585
2.017125
2.000255
1.991726
2.002127
2.001092
1.988632
1.989958
1.998432
2.003375
2.035484
1.990251
2.001195
2.004058
1.996768
2.019600
2.013443
2.018738
2.033689
2.006686
2.001733
2.004386
2.012247
2.022591
1.996283
2.003777
1.993178
1.959838
2.016437
2.018240
2.032490
2.025796
2.009823
1.997668
1.980813
2.004728
1.998038
2.005292
2.000494
1.996782
1.998288
2.015493
2.026859
2.016282
2.001518
2.004575
2.005329
2.023565
1.995806
1.998264
2.014266
2.033672
2.000577
2.012942
2.016274
2.015994
2.011457
2.011978
2.024914
2.019387
2.010999
2.016456
2.015288
1.995536
2.005429
2.001860
1.995087
1.980590
2.000165
1.986813
1.991317
2.008735
1.996019
1.990844
1.969637
1.980098
2.002103
2.003984
1.976371
1.963193
2.013881
2.014388
2.014840
2.006565
2.007098
2.003726
1.966331
1.984089
1.997561
1.995078
2.021626
2.011200
2.004101
2.012964
2.052758
2.030959
2.004697
2.003412
2.006750
1.996137
1.998322
1.993612
1.981432
1.961881
1.991027
1.986054
1.981535
1.978661
2.007808
2.008463
2.021794
2.022921
1.989601
1.984691
1.982389
1.961928
2.014672
2.013034
1.998180
1.994887
2.002085
2.003215
2.007254
2.025072
2.000825
1.998059
2.006030
1.994688
2.001432
2.003035
1.991846
2.016318
1.993229
1.989073
1.969223
2.004973
2.004093
2.001565
1.976561
1.979718
1.998498
1.994872
1.987688
1.985801
2.012020
2.010582
2.010995
2.012917
1.995797
1.996261
2.027113
2.017004
2.014371
2.023172
2.000418
2.011961
1.976040
1.973041
1.974723
1.979173
2.004900
2.000726
1.988296
2.010375
2.012783
2.010676
2.027746
2.003964
1.987763
1.984168
1.992113
2.014755
2.014090
2.015512
2.040714
2.035005
2.018157
2.011313
2.019946
2.010496
2.007266
1.995897
2.003407
2.014864
1.990363
1.996106
2.007784
2.023730
2.006523
2.008925
2.003821
2.026124
1.987800
1.989025
1.993250
1.989668
2.000766
1.999613
2.022471
2.028555
2.009071
2.016274
2.056872
2.003659
1.999309
2.006239
1.973422
1.997268
2.005911
2.008265
2.017833
2.006769
1.998321
2.003019
2.030166
2.040404
1.987620
1.990703
1.992225
2.007758
2.015564
2.016542
2.037328
2.008041
2.012824
2.002795
1.983601
1.987042
1.986642
1.977506
1.997738
1.996195
1.989844
1.994956
1.998017
1.984682
2.000562
2.000244
2.020346
2.012151
1.993842
1.982645
1.971271
1.987176
1.991820
2.001286
2.011648
2.010151
2.012580
2.012779
1.999767
2.004632
1.993659
1.988407
1.990023
1.973992
1.988789
1.995937
2.006755
2.023821
1.998763
2.001780
1.997156
2.001693
2.009852
2.009898
2.016482
2.006893
1.992758
1.990586
1.985999
1.996966
1.997438
2.006051
2.034377
2.027232
2.000162
1.996477
1.992185
1.999505
1.991113
1.994413
2.007143
1.990099
2.005151
2.005607
2.000483
1.981148
1.991149
1.993006
1.978635
1.962316
1.996803
1.989695
2.002786
1.989068
2.004175
1.994489
1.982924
1.980058
2.011420
2.014171
2.055581
2.036203
1.992221
1.991154
1.974401
1.990684
1.995952
1.995460
2.016259
1.979097
1.990039
1.997674
2.013752
2.027631
2.000228
1.999038
2.001535
2.013913
1.993546
2.004400
1.994801
2.004796
1.995081
1.991499
1.992667
1.970097
1.998334
1.997478
1.993162
1.959790
1.987702
1.993731
1.978082
1.992099
2.008980
2.002589
2.029902
2.031096
2.006248
1.995609
1.995042
2.012326
1.999144
2.003947
2.004268
2.035058
2.002515
2.001598
2.007593
1.992896
1.995819
1.992805
2.003500
1.985813
1.987457
1.983216
1.981560
1.993155
1.995874
1.980099
1.961154
1.993114
1.997387
1.997490
1.990758
1.994382
2.009812
2.014481
2.026811
2.024522
1.997807
2.010610
2.007698
2.002435
1.989483
1.984625
1.969448
1.979108
1.981759
1.975860
1.956441
1.969590
2.007279
2.007428
2.014604
2.032518
1.990176
1.985648
1.991306
1.997213
2.006252
2.013579
2.016739
1.964503
1.990029
1.990805
2.005995
2.020413
1.985190
1.984000
1.965444
1.967391
1.991739
1.997072
1.999280
1.981793
1.987006
1.993052
2.001359
2.031195
2.015028
2.025971
2.023128
1.989025
2.006027
2.001471
2.018402
2.004938
2.009395
1.999793
2.011699
2.019197
2.002853
2.004726
1.992926
2.009825
2.004862
2.003571
2.012643
2.020863
1.996591
1.993958
1.989067
2.006627
2.005051
2.007350
2.015288
2.009033
1.994969
2.015983
2.040152
2.024173
2.000428
1.989993
1.991199
1.946474
2.008078
2.003937
1.987367
1.989979
1.993278
1.994220
1.999504
1.975140
2.000555
1.995015
1.983164
1.980014
1.981693
1.975127
1.954696
1.976701
2.002888
2.000344
1.987093
1.998760
1.990426
1.998806
2.012424
2.013107
1.992484
1.983282
1.980086
2.033133
2.003345
2.010333
2.010217
2.015667
1.996914
2.012499
2.007007
2.005399
1.994214
2.004117
1.990595
2.002437
1.996398
1.989472
1.974618
1.967375
1.996944
1.986044
1.963092
1.994723
2.001695
2.017277
1.992029
1.994473
2.003025
2.000650
2.002546
2.018601
2.005194
2.004772
2.035608
2.020475
2.010774
1.999526
1.992697
1.991576
2.012824
2.029998
2.030998
2.042387
2.004713
2.021032
2.028974
1.994340
1.999792
2.011817
2.022426
2.007731
2.009295
2.001601
2.022584
2.001599
1.966271
1.953056
1.950659
1.974465
1.983002
1.975065
2.002168
2.022360
2.011669
2.010815
2.026018
2.024513
1.998328
2.016437
2.025396
2.021682
1.993740
1.997405
2.030044
2.025475
1.999372
2.007613
1.996103
1.990130
1.998717
2.000746
1.980570
1.993626
1.991160
1.979928
1.977494
2.000178
1.998896
2.000690
2.003392
1.977782
2.017655
2.012234
2.025928
2.007674
1.999900
2.003397
1.970575
1.966727
1.999852
2.017586
2.031122
2.037998
2.003137
1.989108
1.982201
1.976059
2.006802
2.007667
2.005585
2.007573
2.009528
2.000208
1.975100
1.988154
1.996541
1.977717
1.980997
2.009039
2.011130
2.013567
2.020975
1.969380
1.998889
1.999393
2.021096
2.001773
1.995170
1.997175
1.992171
2.006878
2.010814
2.010016
2.023379
1.982462
1.997077
1.988740
1.974694
1.988925
1.993162
2.002585
2.033694
2.031410
1.993274
1.992206
1.985684
1.993158
1.998422
2.009010
2.025949
2.013087
2.005717
1.993310
1.994225
1.990374
2.013602
2.018720
1.990512
1.995412
2.007618
1.992882
2.001041
2.011077
2.000284
2.000746
1.995529
1.987491
2.004399
2.007408
2.028277
2.035913
1.994995
2.009188
2.019271
2.028749
1.990000
1.996318
2.006483
2.001293
2.019963
2.021605
2.023825
2.010355
1.986816
1.991498
2.019231
1.993199
1.985620
1.994726
1.981788
1.970671
2.006079
1.998324
1.990461
1.997374
1.995047
1.994787
1.987669
1.991903
1.998333
2.003673
1.970162
1.987114
2.006133
1.998572
1.971150
1.995062
2.014563
2.014468
2.015025
1.989050
1.980349
1.978586
2.002280
2.016870
1.980662
1.994326
2.013354
2.024448
1.991095
2.001592
2.013530
2.003740
2.002154
1.998538
2.008091
1.993632
1.999180
1.991861
2.010026
1.999174
2.006134
2.009644
2.012757
2.030134
2.010638
2.011126
2.034766
2.003427
1.997201
1.994857
1.958674
1.965516
1.996136
1.995439
1.974901
1.990297
1.990778
1.974715
1.984528
2.001678
1.996001
2.006482
2.002723
1.993864
1.989191
1.996617
1.987695
1.969866
2.018162
2.014212
2.005798
2.016194
2.015194
2.008768
2.034884
2.032135
1.981699
1.986555
1.977224
2.004140
1.995654
1.990195
2.019792
1.980162
2.007941
2.016686
2.003046
1.970511
2.004390
2.013375
2.004367
1.985814
1.998995
2.005100
2.017579
1.983719
1.998387
1.985787
1.978246
1.978201
1.992613
1.986528
1.983376
1.971410
2.013325
2.022238
2.026945
2.030728
1.999013
1.991325
1.984217
1.976119
1.998190
1.998880
1.996150
1.980283
2.009447
2.019846
2.002324
2.021470
1.998637
1.990945
1.977049
1.979166
2.004375
2.011370
2.011980
1.996466
2.001422
1.999553
2.008844
2.010055
1.989148
1.999176
2.023346
1.996630
2.000910
1.999048
1.984541
1.970988
2.000564
1.992414
1.991583
2.000321
2.015711
2.012015
2.029061
2.020873
2.002227
2.001482
1.971757
2.006071
1.997691
2.000765
2.009957
2.021899
1.997293
1.998846
1.980654
1.988594
2.000052
2.020556
2.015793
1.998224
2.002212
1.989651
1.985298
1.985198
1.989520
1.989835
1.976539
1.998085
2.000624
2.012125
2.019936
2.000495
1.997976
1.999590
1.990055
1.982539
2.001050
2.007753
1.999692
1.990967
1.995243
1.997658
1.985801
2.000977
1.992626
1.998894
2.002875
1.995116
2.000542
2.009622
2.027352
2.013559
1.991567
1.979645
1.977063
1.981289
2.014190
2.009604
2.008508
2.016608
2.002842
2.005886
2.014109
2.011592
1.997247
2.001050
2.009989
1.996439
2.001607
2.012822
2.014078
2.016867
2.011861
2.000155
1.990244
1.993007
2.011841
2.000681
1.988207
1.983010
1.993939
2.005726
2.029143
2.023076
2.004410
2.005922
2.020885
1.982173
1.999865
2.013623
2.000149
2.005032
1.993193
1.997024
1.997006
2.008035
1.997969
2.006113
1.998287
2.017313
2.002497
2.017833
2.035788
2.010760
1.996493
1.984274
1.971160
1.970656
2.006934
1.989843
1.967455
1.972476
2.004662
2.007682
1.999572
2.019884
1.994688
1.996608
2.018385
2.030385
1.998596
1.997461
1.944488
1.977893
2.008187
2.003053
1.974039
1.953332
2.008669
2.012371
1.993207
2.011196
1.995524
1.999264
1.992785
2.009077
2.006469
2.010638
2.015350
2.024945
2.018913
2.019843
2.038864
2.007534
2.007983
1.999281
1.998157
2.011525
2.015977
2.019871
2.052729
2.021594
2.000692
1.998489
2.005752
2.008095
1.995077
1.972257
1.939230
1.951026
1.998249
1.996191
1.996813
1.997188
1.984255
1.982007
1.993714
1.998012
1.997352
2.003031
2.009555
2.002783
1.996168
1.987978
2.016437
2.030151
2.006281
2.005678
2.019311
2.039087
2.009410
2.015863
2.013436
2.020473
1.990007
1.994749
1.994033
1.967314
2.001910
2.003192
2.021126
2.005434
2.004633
2.006083
1.996128
1.979480
2.008164
2.010483
2.022759
2.022240
2.001346
1.997479
1.961408
1.945113
2.004524
1.997315
1.949531
1.991221
2.008800
2.015912
2.010051
1.983240
2.005368
2.007881
2.002744
1.995866
1.992008
1.988049
2.018124
1.995123
2.015789
2.006302
2.014114
2.007077
1.989002
2.002265
2.023723
2.004012
1.994601
2.001641
1.996823
1.992107
2.006194
2.007988
2.020503
1.999310
2.002752
1.996397
1.955046
1.978595
1.996775
1.993314
1.966371
1.980130
2.005337
2.002803
1.999636
1.972686
1.997207
1.985630
1.994005
2.012520
1.998683
1.989570
1.995658
2.009385
1.995439
1.993425
1.987288
1.966598
2.008906
2.017857
2.043583
2.073575
1.981510
1.988252
1.980802
1.982593
1.998703
1.994500
1.983753
1.990504
1.993518
1.997049
1.992454
2.012166
2.006402
1.997829
2.034311
2.027557
2.003536
2.001262
1.972734
1.985190
1.999651
1.996351
2.000245
2.006715
1.988316
1.996611
2.000526
2.013755
1.986277
1.996731
2.003016
1.984628
2.009346
2.015396
2.036034
2.027629
1.993374
1.993661
1.978579
2.003285
2.002839
2.008588
2.015352
2.018892
1.993502
1.986034
1.983176
1.967785
1.997262
1.984354
2.016481
2.009633
2.008591
2.021205
2.013630
1.986909
2.016315
2.012566
2.003131
2.025726
1.995840
2.005950
2.003784
2.029093
1.984789
1.988918
1.975177
2.007218
2.003017
2.006804
1.989643
2.002340
1.997241
1.991354
1.985437
1.966940
1.981697
1.986601
1.965604
1.976947
1.985985
1.994144
2.001114
2.020346
2.002791
1.993825
2.019519
2.011681
1.985592
1.986562
1.999096
1.986104
2.005072
2.007911
1.989735
2.000520
1.993888
1.978332
1.956154
1.963668
1.992349
1.992982
1.990982
1.973430
1.996760
1.985713
2.000246
2.003856
2.001903
1.998715
1.997767
1.955007
2.002476
2.000797
1.978945
1.980411
1.999817
2.007051
2.017444
1.993878
2.006277
2.012233
2.004841
1.989571
1.999265
2.000337
2.013369
1.998806
1.999781
1.992432
1.991352
1.969664
1.999224
1.999317
1.999327
1.989734
2.004468
2.000443
2.005087
2.000143
1.996123
1.987676
1.970307
1.992732
2.000312
1.994649
2.025309
2.023879
1.984811
1.994656
1.995550
1.973685
1.991228
1.993489
2.031646
2.032944
2.003673
2.007065
2.037648
2.005356
1.989197
1.994675
1.984160
1.997352
1.984249
1.996544
2.007564
2.013292
1.995229
2.000704
2.003823
2.019140
2.001737
1.998296
1.967937
1.976081
1.994577
1.992244
1.969756
1.985962
2.012395
2.015174
2.010546
1.990366
2.008720
2.005924
2.011580
2.017452
2.025256
2.021702
2.007458
1.996432
1.994954
1.995451
1.998593
2.012241
1.994084
1.998631
2.007266
2.029164
2.013495
2.015259
2.027728
2.035870
1.993614
1.996271
1.965766
1.985479
1.997315
2.001920
2.012291
1.970887
2.004901
2.020211
2.013310
1.999419
1.985170
1.979926
1.995987
1.992774
1.984730
1.990020
1.972078
1.978141
1.997697
2.000722
2.021133
2.013069
2.005637
2.002370
1.999670
1.971225
2.024455
2.024560
1.999439
1.981835
2.003107
2.007109
2.027584
2.018243
2.017607
2.025408
2.018514
2.022018
2.001670
1.989020
1.980500
1.993410
2.009101
2.014085
2.012533
2.012246
1.997182
1.985105
1.958751
2.005241
1.990925
1.981588
1.955633
1.953260
1.999951
2.011161
2.023617
1.989663
1.977688
1.965372
1.954523
1.977610
1.999536
2.010305
2.011482
1.993291
2.010413
2.010645
2.002660
1.981694
1.992006
1.995497
2.011677
2.004173
2.002772
2.000323
2.012461
1.992253
2.004928
2.006775
1.988732
2.003639
1.999454
2.004092
1.993359
1.985416
1.986931
1.984522
1.976197
1.979942
2.010321
2.013333
2.037771
2.035207
1.995532
2.004610
1.989000
2.014942
1.993805
1.983774
1.990604
1.988855
1.994415
1.997606
1.988714
1.949447
2.008324
2.014059
1.985775
2.004270
1.982892
1.973637
1.993446
1.988168
2.005391
2.010655
2.003833
2.005888
2.030869
2.034449
2.023987
2.001764
2.012157
2.002935
2.011595
1.974443
1.997873
1.986002
1.986159
1.993260
1.986071
1.974679
1.985878
1.980752
1.977079
1.992479
1.957085
1.972120
1.993727
1.994724
2.024242
1.996375
1.994707
2.009488
2.025995
1.978478
1.990276
1.981784
1.971599
1.986114
2.009298
2.023257
2.010840
1.979985
1.998048
1.986566
1.984852
2.003602
1.993048
1.999401
1.996196
1.980671
1.995067
1.983678
1.990322
1.980853
1.992536
1.991119
1.980816
1.966019
2.005430
1.995328
2.007748
2.000744
2.004957
2.011043
2.009937
1.999343
2.010615
2.010212
2.009843
1.996580
1.995689
2.004295
2.013467
2.019720
1.989307
1.991368
2.011461
2.035316
2.000767
2.004794
1.997517
1.986197
1.995513
1.998004
2.002235
2.014174
2.002536
2.010709
2.018828
1.989699
2.004774
1.997633
1.988812
1.979028
2.007722
2.008611
1.985899
2.006568
2.002475
1.995091
1.990561
1.986181
1.999693
1.988233
1.974296
2.000342
2.002570
2.005803
2.005748
2.015825
1.991311
1.983240
2.005645
2.010450
2.009121
2.006505
2.048943
2.020543
1.997103
1.992753
1.993104
2.009788
1.996324
2.006179
2.001437
2.004394
1.978080
1.968299
1.971502
1.974526
2.023726
2.019502
2.043070
1.997441
1.987030
1.993319
1.997602
1.993156
2.001537
2.017047
2.020647
2.020676
2.011893
2.008894
2.039492
2.033011
2.013207
2.025101
2.045794
2.024592
1.984778
1.978464
1.951595
1.948434
2.005368
1.995665
1.989222
1.998498
1.991246
1.995900
1.994192
2.000007
2.009123
2.014220
1.996305
1.994854
2.007592
1.994238
1.989713
2.002181
2.003353
2.011812
2.041143
2.016703
1.996257
1.979196
1.957223
1.957915
2.000952
1.996397
2.001026
2.010759
2.007660
2.021578
2.035801
2.045273
2.002464
2.020337
2.018807
2.007055
2.012390
2.016387
1.994446
1.992549
1.999673
2.004216
2.001610
2.008363
1.992228
1.998694
1.999870
2.018626
1.996297
1.999760
1.984233
2.004304
1.990586
2.006185
2.016089
2.011487
