19.842020
19.808868
19.681515
19.673372
19.902328
19.862991
20.098469
20.274209
20.702903
20.400482
20.162677
20.022498
19.888197
19.854500
19.799450
19.822698
19.773627
19.887842
20.100041
20.274028
20.710306
20.406398
20.169712
20.024802
20.041677
19.924739
19.914381
19.838017
19.942149
19.913575
19.947400
19.850718
19.727207
19.941116
19.892027
20.000437
20.210517
20.137867
20.306488
19.810173
19.896497
20.108284
20.037185
20.011123
20.163428
20.201344
20.193114
20.048635
20.207922
20.143401
20.359984
19.840048
19.918156
20.121682
20.028700
20.180549
20.278774
20.253255
20.041257
20.037237
19.937502
19.887844
20.097417
19.938916
19.893439
19.914841
20.038030
20.077361
20.006172
19.863170
19.780182
19.932295
20.044414
19.932690
19.955100
19.864153
19.974711
19.927711
20.039652
20.077977
20.005246
19.861777
19.779624
19.929865
20.014827
19.889949
19.859250
19.836449
19.800333
19.706932
19.855041
19.738638
20.043400
19.927059
19.841802
19.663234
20.057579
20.138670
20.150742
20.045893
20.006840
19.934485
20.025338
20.172082
20.265038
20.215610
20.013227
20.010865
20.047908
20.129197
20.139604
20.034075
19.996190
19.919556
19.880322
19.719969
19.667965
19.790579
19.819904
19.956664
20.045196
19.938949
20.103959
20.068270
20.110931
19.804477
20.088324
20.025488
19.698187
19.509718
19.645998
19.709396
20.013297
19.885198
19.862159
19.845341
19.806275
19.721797
20.060841
19.997106
19.706693
19.470957
19.599041
19.660698
19.846488
19.788582
19.425567
19.208539
19.328679
19.739023
20.026208
20.028866
20.029210
20.265824
20.286771
20.054807
19.988467
19.917119
19.875176
19.471024
19.596362
19.897740
19.896462
19.737274
19.698857
19.783688
19.812865
19.927151
19.995536
19.917668
19.910118
19.493748
19.610518
19.913729
19.975865
20.078084
20.068897
19.897754
19.847174
19.879480
19.830562
19.703520
19.364124
19.494023
19.502661
19.736249
19.975998
19.960015
19.834433
19.854144
19.770102
19.802221
19.846547
19.788405
19.437572
19.217679
19.330650
19.752286
19.982061
19.961945
19.829276
19.845582
19.762179
19.808581
19.889511
19.853717
19.795789
19.848923
19.797652
19.876929
20.094006
20.053643
20.063521
19.788670
19.695650
19.835614
20.061334
20.024319
19.873692
20.089512
19.961247
19.865439
19.984018
20.102611
20.118615
20.001598
19.922466
19.883736
20.058000
20.024206
19.875456
20.114884
19.986379
19.920369
20.025814
20.004052
20.187872
20.235534
20.224297
20.080666
19.853963
19.815921
19.692853
19.676211
19.892721
19.829027
20.110497
20.282061
20.742843
20.430263
20.194167
20.032278
19.897100
19.859319
19.796550
19.850943
19.792289
19.872031
20.110699
20.274970
20.740027
20.438196
20.195113
20.031711
20.056309
19.939208
19.929068
19.850935
19.963294
19.921573
19.949939
19.852408
19.749891
19.945339
19.899345
19.996764
20.225446
20.161022
20.381449
19.871237
19.932340
20.125573
20.023004
19.994647
20.178868
20.230155
20.215624
20.066412
20.223178
20.166581
20.387235
19.873383
19.946811
20.123748
20.025859
20.155020
20.227622
20.219363
20.021754
20.031594
19.946213
19.899389
20.092574
19.969232
19.910576
19.926945
20.030287
20.072741
20.041878
19.877995
19.815404
19.992320
20.056083
19.944225
19.926350
19.849624
19.961945
19.926466
20.031462
20.075260
20.043138
19.887600
19.816339
19.970933
20.007968
19.884552
19.843760
19.841355
19.792086
19.728625
19.865421
19.744176
20.065401
19.941309
19.879149
19.714784
20.036460
20.101985
20.088292
19.993582
19.962682
19.854658
20.038541
20.157026
20.223167
20.224427
20.021804
20.031607
20.057112
20.133729
20.116140
20.019439
19.989479
19.889872
19.878979
19.719764
19.689189
19.789994
19.827481
19.965652
20.074901
19.963463
20.145646
20.086114
20.133594
19.828952
20.087491
20.036273
19.689619
19.469897
19.614421
19.691319
20.010340
19.882962
19.851733
19.850031
19.799052
19.732814
20.085863
20.032639
19.694588
19.484980
19.633775
19.697461
19.857925
19.796411
19.482279
19.230729
19.357485
19.770069
20.010976
20.028888
20.061235
20.258876
20.290818
20.064757
19.982960
19.908130
19.879421
19.505512
19.577265
19.889115
19.877837
19.722447
19.684608
19.788886
19.825484
19.971451
19.986370
19.902224
19.877252
19.526468
19.600658
19.915021
19.989217
20.092261
20.066132
19.942775
19.878465
19.884198
19.839818
19.711315
19.367406
19.563663
19.571623
19.770390
19.974749
19.960912
19.826526
19.824506
19.755419
19.791658
19.854031
19.798083
19.484791
19.232835
19.353329
19.772829
19.974944
19.961317
19.824961
19.822935
19.752166
19.796343
19.895426
19.865584
19.796571
19.840859
19.786221
19.892271
20.100382
20.061494
20.073992
19.812663
19.736518
19.859982
20.046108
20.014092
19.871715
20.099208
19.990590
19.922324
19.987935
20.098850
20.076761
19.944833
19.857605
19.863065
20.046662
20.013641
19.868253
20.092157
19.971625
19.894031
20.019485
20.003868
20.193013
20.242442
20.215254
20.073438
19.848230
19.818251
19.686312
19.664197
19.882832
19.840386
20.105267
20.278289
20.734302
20.408248
20.188360
20.009270
19.902016
19.864760
19.780891
19.840795
19.789074
19.887498
20.109590
20.275611
20.724924
20.415816
20.198835
20.020309
20.058432
19.944699
19.963279
19.924496
20.015675
19.924985
19.968267
19.896635
19.794090
19.989687
19.939933
20.028356
20.232426
20.176892
20.429278
19.908556
19.970393
20.133805
20.025738
20.009654
20.196076
20.227725
20.208603
20.050567
20.225078
20.179055
20.416250
19.898505
19.966529
20.123059
19.992501
20.103690
20.199975
20.193268
19.984342
19.990610
19.968212
19.933872
20.129910
20.006125
19.936592
19.949496
20.045058
20.070341
20.038087
19.892616
19.820942
19.987359
20.072368
19.953086
19.976231
19.930259
20.024014
19.951387
20.044204
20.073241
20.045943
19.896380
19.816160
19.977624
20.012171
19.867615
19.817337
19.841142
19.814254
19.737906
19.890009
19.768544
20.138651
20.013682
19.925592
19.741191
20.047588
20.109795
20.087764
20.010386
19.962938
19.868946
20.008917
20.127129
20.205553
20.214063
20.016828
20.035099
20.058873
20.119017
20.122469
20.026555
19.974368
19.871456
19.885630
19.722702
19.672246
19.755857
19.807897
19.984649
20.080018
19.969740
20.155195
20.084408
20.127042
19.796224
20.067883
20.012886
19.712808
19.533155
19.661056
19.699158
20.006643
19.863625
19.821725
19.845828
19.822729
19.732418
20.064875
20.012354
19.710265
19.517835
19.643891
19.681949
19.843331
19.786826
19.455310
19.250134
19.357792
19.770415
20.025218
20.049494
20.087721
20.287331
20.308559
20.090905
19.982108
19.920881
19.883024
19.505372
19.590647
19.888885
19.868794
19.708723
19.651571
19.727802
19.776661
19.961858
19.983835
19.922517
19.886484
19.504462
19.587575
19.896627
19.975282
20.078022
20.068262
19.954498
19.873646
19.873523
19.823554
19.703909
19.374295
19.540896
19.547283
19.748388
19.975809
19.957581
19.833062
19.872734
19.783105
19.831642
19.838167
19.777171
19.445344
19.239108
19.348645
19.765608
19.977561
19.956954
19.825807
19.876259
19.784480
19.839399
19.891699
19.846841
19.780960
19.851574
19.798485
19.898882
20.104952
20.077302
20.112063
19.833478
19.746826
19.871758
20.043494
20.004976
19.857729
20.082744
19.966070
19.873699
19.977295
20.076537
20.038827
19.934123
19.883223
19.876636
20.045907
20.003155
19.870257
20.107678
19.988112
19.893541
20.019344
20.011975
20.195250
20.265023
20.238638
20.080080
19.861008
19.829465
19.686490
19.632336
19.876128
19.854030
20.116523
20.281307
20.743581
20.404121
20.177516
20.015925
19.878066
19.819535
19.754186
19.823694
19.782783
19.894090
20.114875
20.283642
20.757807
20.410638
20.185960
20.027040
20.053092
19.934556
19.961892
19.932786
20.023781
19.935654
19.954816
19.876001
19.831157
20.021211
19.982330
20.051420
20.241711
20.198509
20.424968
19.904438
19.965580
20.108441
20.027673
20.018022
20.204728
20.254518
20.231489
20.072965
20.239980
20.198676
20.429108
19.902983
19.966134
20.113181
19.987469
20.113396
20.203418
20.203962
20.002883
20.028046
19.956294
19.919523
20.107023
20.003716
19.927117
19.952538
20.040732
20.091398
20.057695
19.929363
19.852499
19.992605
20.045804
19.932441
19.965285
19.936875
20.025364
19.931248
20.043574
20.092001
20.056361
19.924669
19.849645
19.991480
20.006860
19.867202
19.836535
19.848594
19.831749
19.745276
19.879310
19.780313
20.100729
19.983343
19.893599
19.736503
20.059123
20.130072
20.119452
20.010278
19.958061
19.867028
19.992426
20.112616
20.189451
20.189343
19.990597
20.029792
20.061414
20.129658
20.124108
20.018102
19.972546
19.877733
19.884121
19.714648
19.669933
19.764446
19.819099
19.993489
20.069515
19.961260
20.126513
20.068895
20.125008
19.818204
20.051698
19.974185
19.645752
19.440064
19.582426
19.646158
20.013290
19.877998
19.848555
19.833370
19.819368
19.726426
20.052033
19.975591
19.653407
19.448563
19.591248
19.656923
19.839566
19.793058
19.475623
19.321680
19.423239
19.830690
20.011219
20.027008
20.053849
20.256234
20.262494
20.022333
19.984882
19.929741
19.892086
19.523474
19.592393
19.887904
19.886958
19.715583
19.666909
19.756372
19.814791
19.989331
19.996968
19.965102
19.941268
19.550971
19.611342
19.884306
19.974470
20.076911
20.072023
19.957249
19.906309
19.900344
19.857344
19.718090
19.386736
19.555525
19.590120
19.819872
19.970749
19.953463
19.848615
19.868829
19.787923
19.862066
19.851047
19.800925
19.474354
19.316892
19.430739
19.824641
19.973264
19.950332
19.845331
19.865054
19.784184
19.859912
19.873541
19.804544
19.750672
19.830789
19.775193
19.913351
20.103110
20.073907
20.091256
19.830879
19.736119
19.855650
20.030804
20.011525
19.878200
20.106289
19.973803
19.876687
19.983293
20.086312
20.074502
19.952707
19.905306
19.938555
20.035295
20.002849
19.837838
20.094903
19.974326
19.886748
20.055022
20.057738
20.183165
20.290539
20.249307
20.115294
19.887846
19.884186
19.844971
19.725021
19.949711
19.927859
20.111856
20.295803
20.752790
20.386840
20.169938
19.993848
19.874925
19.803813
19.757446
19.831185
19.774531
19.918691
20.112727
20.285749
20.745525
20.392610
20.171024
19.992488
20.067518
19.948079
19.970833
19.922069
20.015541
19.913040
19.965710
19.881561
19.854239
20.010120
19.982661
20.059618
20.228864
20.177534
20.398675
19.907844
19.977229
20.116653
20.028279
20.024752
20.167101
20.240590
20.213761
20.080349
20.235381
20.192159
20.426716
19.923028
19.990286
20.107486
19.980637
20.112602
20.224847
20.213947
19.986987
20.020802
19.956073
19.920043
20.087064
19.981077
19.920612
19.963685
20.051339
20.087034
20.005137
19.896836
19.829529
19.978660
20.063276
19.949696
19.981586
19.941102
20.015580
19.916868
20.058665
20.086917
20.004664
19.884560
19.827097
19.982248
20.006880
19.868303
19.843303
19.847484
19.826911
19.730120
19.874214
19.757240
20.082572
19.951577
19.877654
19.722521
20.040976
20.110125
20.097515
20.005252
19.974234
19.879562
19.986455
20.111734
20.175781
20.173325
19.972341
20.008191
20.048966
20.122880
20.115837
19.990077
19.962276
19.865309
19.894428
19.708679
19.659217
19.729449
19.782360
19.953089
20.075101
19.982897
20.153522
20.079746
20.136299
19.853930
20.065154
19.990188
19.686223
19.491766
19.629998
19.676589
20.012902
19.880902
19.850849
19.846160
19.829876
19.740084
20.068013
19.987608
19.676449
19.489436
19.632214
19.673661
19.854269
19.791746
19.452327
19.327257
19.440876
19.830399
20.017063
20.043284
20.059335
20.287856
20.278663
20.027763
19.990111
19.960056
19.937396
19.543893
19.610624
19.899565
19.899339
19.719015
19.676092
19.751151
19.802451
19.960171
19.989782
19.956249
19.923662
19.542109
19.608045
19.904893
19.985506
20.084463
20.068576
19.947631
19.906190
19.935498
19.866128
19.724336
19.387329
19.570089
19.607563
19.809778
20.013683
20.018114
19.878153
19.875132
19.786570
19.808198
19.857362
19.777016
19.424577
19.296835
19.419508
19.822293
19.996586
19.985148
19.864322
19.816991
19.740314
19.823053
19.871411
19.796135
19.763690
19.801690
19.748130
19.898273
20.092603
20.067112
20.071112
19.821855
19.741394
19.882650
20.047107
20.028366
19.889308
20.103170
19.973887
19.899433
19.989054
20.092809
20.074025
19.972263
19.921240
19.950668
20.038340
20.024494
19.919710
20.141927
20.001658
19.929086
20.060235
20.059388
20.203055
20.287444
20.256884
20.099104
