2.000274
2.000082
1.997367
1.988959
2.002232
2.012281
2.009617
1.991333
2.003968
2.004507
2.030809
2.007382
1.996073
2.004223
1.992041
2.018427
2.003932
2.015676
2.021573
1.986681
2.006626
1.984279
1.967769
1.984832
2.013009
2.009888
1.999823
2.004961
2.007638
2.017469
2.003841
1.996706
2.006726
2.011695
2.002678
2.006002
1.992589
1.997155
1.986362
1.973072
1.987334
1.996124
2.027456
2.013764
1.995967
2.001311
1.968973
1.960896
2.011395
2.010985
1.984448
1.995676
1.975527
1.990824
1.955585
1.963573
2.006474
2.010330
2.005651
1.974487
1.998363
2.005968
2.011596
2.023468
2.001888
2.000019
2.021770
2.043770
2.017503
2.018133
2.044592
2.037104
1.998856
1.986985
1.979403
1.999863
1.998332
1.986287
2.003113
1.980146
2.010292
2.003219
2.016626
1.975166
2.011001
2.005795
2.015204
1.992115
2.010069
2.004213
2.012388
2.025975
2.003725
2.010063
2.004079
1.995622
2.004879
2.004847
2.037575
2.025241
2.007270
2.017082
2.017503
2.020196
2.012191
2.006914
2.000722
1.991379
1.992797
1.993860
2.004734
2.014641
1.996432
1.998106
2.003373
2.011081
2.011214
2.017007
2.006737
2.016956
1.990557
1.998018
1.998899
2.005564
2.001192
2.000719
2.003718
2.007836
2.008135
2.005683
2.013262
2.004954
1.998355
1.986950
1.974312
1.997249
1.986754
1.994656
1.993021
1.977905
2.000182
2.005262
1.983881
1.979632
1.987783
1.991806
1.981539
1.983079
1.989381
1.998968
2.019307
1.996802
1.998412
2.010445
2.005592
2.009066
1.997176
2.010830
2.004587
2.015458
1.999128
2.004113
1.984202
1.988685
1.987178
1.992709
1.990530
1.983397
2.010862
2.012349
2.027365
2.054468
2.012942
2.010882
2.039936
2.030418
1.994758
1.990522
1.974964
1.992713
1.983920
1.982463
1.980840
1.988406
2.003646
2.002675
1.994851
1.998310
1.990506
1.992686
2.001664
1.984601
2.008870
2.014601
1.996873
1.992859
1.987482
1.982280
1.949353
1.971442
1.986728
1.980260
1.992388
2.004213
2.006349
2.008770
2.037244
2.029478
1.995320
1.994396
2.000366
2.030624
2.009835
2.023720
2.038390
2.049181
2.004006
2.008895
1.994794
1.975351
1.996652
1.996619
2.008139
1.999579
1.992969
1.989141
1.999694
2.029344
2.015027
2.006464
1.964745
1.976979
1.997419
2.001903
1.994020
2.002234
2.003588
2.002393
1.974790
2.016692
1.997398
2.003645
2.010061
2.003042
1.998053
1.991639
1.992826
1.996253
1.992854
1.987502
1.991103
1.969740
2.003008
1.985819
1.966450
1.972923
2.006799
2.018866
2.018347
1.996082
1.997583
2.003152
2.024139
2.019681
1.989886
1.985050
1.980836
1.984662
2.003503
2.003272
2.011944
1.995409
2.001948
2.008031
1.973688
1.965852
2.002280
2.006723
1.990625
1.991090
1.996229
1.997282
2.009843
2.007961
2.017818
2.017885
2.006580
2.029096
2.002084
1.990871
1.986328
1.971855
1.996505
2.001901
1.955355
1.967672
2.006614
2.009151
2.021370
2.041730
2.002386
2.012579
2.001148
2.006744
2.001091
1.996780
1.961215
1.973722
2.008893
2.007798
1.993047
2.002871
1.991985
2.005888
1.997483
2.017546
1.990306
1.992029
2.009398
2.003890
2.000255
1.994642
2.009680
2.001976
2.003612
1.995546
1.987814
1.974237
2.010477
2.023900
2.040415
2.038135
2.004641
2.012729
2.037898
2.004301
2.004929
2.012374
2.020416
2.017357
1.988300
1.977615
1.976846
1.978443
2.006529
2.002163
2.005051
1.979128
2.019218
2.023943
2.029483
2.017519
2.011473
2.015983
2.017165
2.026376
1.974063
1.979887
1.962211
1.985295
1.999110
1.995852
2.005513
2.025169
2.004494
2.002972
2.000548
1.985688
1.998242
1.992793
2.005112
2.026099
2.004839
2.008382
2.016308
1.994000
2.011133
2.013007
2.004974
2.016191
2.001036
2.007037
2.005019
1.994862
1.995790
1.982671
2.000307
1.980940
2.007383
1.997289
1.987429
1.988547
1.979016
1.990983
1.979068
1.997563
2.007333
1.998672
2.009521
2.018031
2.004135
1.996616
1.991866
1.963527
2.018728
2.015585
1.996732
2.012776
1.999893
2.008813
2.045953
2.029177
2.002963
2.012053
2.028352
2.046654
1.998825
2.005739
2.013866
2.008885
2.008936
2.008197
1.982226
1.972772
2.000678
1.990416
1.982971
1.985575
1.992208
1.996865
1.990262
2.009552
1.990440
1.977560
1.978177
2.011480
2.001996
2.016744
1.992296
1.978561
1.993900
1.997540
1.981350
2.011301
1.999593
2.006511
1.992649
2.007548
1.999251
1.994772
2.008501
2.011592
2.010754
2.013435
2.016546
2.010121
1.976529
1.960842
1.968916
1.987388
2.015125
2.000928
1.991544
2.017252
2.001412
2.007839
1.968893
1.982804
2.010184
2.018680
2.008714
2.007317
1.984668
1.980300
1.950782
1.954324
2.002118
1.991403
1.981693
1.992204
1.999754
2.006562
2.025505
2.010142
1.991431
1.990877
2.009328
2.026467
2.018713
2.015710
2.005524
2.014147
2.007992
2.016137
1.999584
2.001221
2.005549
1.995995
1.975575
1.989229
2.009328
2.003690
1.987582
1.989190
2.003232
2.004231
2.030098
2.035760
2.004718
2.010221
1.994094
1.982152
2.003378
2.004005
2.024926
2.009620
2.002737
2.010614
2.030573
1.984138
2.011086
2.014652
2.033487
2.017171
2.012006
2.002391
2.001140
2.009605
1.983101
1.992210
1.987574
2.009104
2.004539
2.006035
2.020213
2.004341
2.010809
2.015256
1.993157
1.990697
2.016664
2.007606
1.986950
1.968198
1.997363
1.992369
2.001228
2.012830
1.994957
1.997076
2.030075
2.031547
2.004409
2.013339
2.020587
2.028940
1.994610
2.014248
2.014900
2.011856
2.008642
2.000146
2.013433
2.025671
2.002375
1.996119
1.988253
1.986738
2.004097
2.016803
1.985655
2.010185
2.001895
1.990067
1.974011
1.992101
2.013513
2.013324
2.015525
1.991153
2.010182
2.012674
1.973548
1.981677
1.995336
2.009289
2.024700
2.019165
1.997608
1.995455
1.990973
1.987219
1.993307
1.987884
1.987475
1.974086
1.979777
1.983263
1.977130
1.949483
2.004214
1.994992
1.962653
1.975403
1.996359
1.990983
1.980304
1.970681
1.992112
1.976664
1.972151
2.010170
2.020178
2.015430
2.022368
2.033353
1.998405
1.996352
1.981172
1.986682
1.993661
1.992503
1.988251
1.967585
2.006232
2.017835
2.039177
2.037573
2.003412
2.009337
1.993194
2.002637
1.986815
1.990662
2.011969
2.015508
1.995950
1.997876
2.017667
1.988002
1.994645
1.998507
2.009639
1.995510
1.992777
1.993186
1.993697
1.976897
1.990158
1.992393
2.000018
2.012687
1.992218
1.990371
2.000470
2.011035
1.987713
1.997900
2.012803
2.015176
1.988986
1.990207
1.987789
1.963321
1.999959
2.014955
2.007515
1.990080
1.998130
1.995774
2.007104
1.994762
2.006553
1.998971
2.022759
2.049220
1.991541
2.005176
2.005576
1.988299
2.020528
2.032908
2.039993
2.032123
2.001339
2.008000
2.038897
2.002587
2.011844
2.003627
2.002975
2.004392
2.000580
1.996278
2.005769
1.978586
1.997520
2.004226
2.007744
1.988374
2.005989
2.007687
2.005612
2.007695
2.002607
1.993373
1.947733
1.957970
2.004647
2.018766
2.010418
1.992415
2.001513
1.989485
1.963513
1.980860
2.000833
2.002115
2.010986
2.043457
2.015465
2.015751
1.972923
1.947495
2.007315
2.002119
1.992297
2.014630
1.998924
1.999017
1.985112
1.991089
2.002032
2.005973
1.994324
2.016324
1.987058
1.997522
2.010329
2.011368
1.999234
2.001277
1.957156
1.977126
2.003909
2.017454
1.998973
2.001236
2.000585
2.005049
2.037125
2.028375
1.993773
1.994616
1.984325
2.004485
1.992326
1.977981
1.974120
1.994748
2.011451
2.009806
2.040698
2.049340
1.989218
1.986445
1.975447
1.976335
2.006753
2.003429
1.995112
1.993240
2.000822
2.007968
1.994235
2.013469
2.007711
2.021089
2.043991
2.039295
1.998536
1.989758
2.003839
2.025492
2.011586
2.007252
1.998091
2.011344
1.996143
1.980581
1.968363
1.964704
1.983827
1.981570
1.996085
1.944763
1.990781
1.991632
1.992789
2.000823
1.992146
1.990816
1.997625
1.987865
2.002208
1.999434
1.976774
1.974419
2.005777
2.006732
2.004754
2.033214
2.006556
1.999262
1.986725
1.995015
2.003713
2.011952
2.007921
2.023814
1.997410
1.977565
1.977054
1.990539
1.991131
1.998344
2.015426
2.000972
1.989057
1.971161
2.001998
2.008551
1.998516
1.996877
2.017173
2.005971
2.007150
2.023567
2.004269
1.982656
1.997301
1.990478
2.009538
1.990998
1.993089
1.990434
1.985713
1.983229
2.001088
1.999823
1.994048
2.008943
1.988545
1.993304
1.959985
1.996568
1.994054
2.003613
2.022524
2.023527
2.008607
1.999041
1.982610
1.983640
2.000311
1.989263
1.955563
1.980780
1.986590
1.995617
1.970385
1.993096
1.992752
1.999582
2.017603
2.028964
1.990211
1.988056
1.999597
2.008707
2.008328
2.016631
2.004839
1.994611
2.008587
2.006434
2.008359
2.015732
1.992173
1.995302
1.989192
2.000647
1.995528
2.014345
2.027610
1.994237
2.000862
2.019597
2.020140
2.017251
2.006420
2.005991
2.012453
2.027743
1.993786
1.997677
2.027942
1.999937
2.012249
2.006387
1.990918
1.999069
1.999224
1.994364
1.998958
1.984765
1.995825
2.001510
2.010176
2.016848
1.998299
2.016807
2.029110
2.019133
2.007786
2.015324
2.026181
2.014493
1.997069
1.994583
1.964691
1.994841
1.990449
1.977743
1.979789
1.964632
1.985925
1.983617
1.985201
1.977054
2.006774
2.013354
2.000633
1.984750
1.996273
2.000446
1.993630
2.002249
1.995173
2.000823
2.011037
2.013538
2.000390
2.019749
2.006814
1.997551
2.003142
2.008876
2.017487
2.023623
2.016616
2.017430
2.011593
2.005187
1.992024
1.987956
2.019891
2.019962
2.004819
2.008168
2.000762
1.982081
2.001303
2.022616
2.010349
2.025104
1.988016
1.988561
2.000719
2.016987
1.996616
1.988449
1.974491
1.957807
1.984911
1.982037
1.989243
2.012162
1.994988
1.985553
1.992720
1.992695
2.000313
2.000007
1.978213
2.011266
1.992417
2.001193
2.005825
1.971702
1.998383
1.999503
1.997101
2.005467
1.993766
1.988011
1.993717
1.995183
2.004210
1.995833
1.982519
1.981573
1.977475
1.975033
1.990368
1.992236
1.999487
2.006401
2.016967
2.002589
1.999725
1.996715
1.996498
1.989341
2.004470
2.019258
2.033153
2.000086
1.999866
2.002654
2.004906
2.000328
2.005725
2.011093
2.016917
2.006039
2.000190
2.000898
2.021213
2.000500
2.010642
1.998914
1.982508
2.010012
2.008982
2.011219
2.009799
2.010130
1.991540
2.004879
2.004355
1.986927
1.986212
1.995370
1.999739
2.017255
1.991394
1.987483
2.021146
2.036792
2.001945
1.995302
2.013826
2.019972
1.993045
1.994006
1.957598
1.971837
2.004438
1.995089
2.006157
2.002538
2.009495
2.008518
1.998871
1.990576
1.991910
1.988504
1.983322
1.972829
2.005267
2.016132
2.035125
1.993744
1.995248
2.001162
1.973846
1.961808
2.003188
2.005367
2.002292
1.993123
2.002061
2.015077
2.015700
2.034671
2.000537
2.018171
2.010808
2.009742
2.012201
2.014568
2.026508
1.979053
2.013392
2.017638
2.000881
1.999494
2.003626
2.005516
2.024365
2.002770
2.016401
2.027420
2.018470
1.996922
2.008280
2.011187
1.993294
1.976585
1.991081
1.980895
1.975425
2.003194
1.987140
1.971911
1.977510
1.959943
2.008805
2.011676
2.022787
2.013991
1.989480
2.005529
1.985071
2.015117
2.000611
1.995804
2.015661
1.977874
1.997882
2.000502
2.003603
2.003130
2.018517
2.012620
1.999752
1.999714
2.016117
2.029873
2.044446
2.050233
2.012263
2.018616
2.019079
2.000568
1.992877
1.996934
1.988187
2.001734
2.003108
2.004695
2.017909
2.009265
1.989359
1.978946
1.989326
1.980469
2.013818
2.008304
2.040795
1.993876
2.011078
2.013862
1.992233
1.972242
1.997572
1.993444
2.002131
1.990534
2.013541
2.016204
2.058486
2.053337
1.988998
1.992519
1.974297
1.996060
2.003382
2.005696
1.993364
1.951528
1.977765
1.979966
1.980814
2.009849
1.984371
1.989627
1.982248
1.958131
2.001085
2.011159
2.011870
2.012412
2.022358
2.028070
2.035038
2.036901
2.003128
1.998045
2.009659
2.001206
1.992565
1.991526
2.001317
2.031101
2.003023
1.996633
1.979130
1.981970
2.005548
1.997213
2.007358
2.012592
1.992570
1.981104
1.955741
1.989602
1.990267
1.989489
1.971871
1.971864
2.016138
2.004713
2.032400
2.011373
1.999549
1.995053
2.001941
2.004038
1.999122
1.987508
1.980370
2.008133
2.005837
2.014242
1.994674
2.012288
1.994606
1.980430
1.964724
2.003598
2.011803
2.001437
1.990207
1.998367
2.007041
2.000376
2.019453
2.009112
1.988506
1.988218
1.965000
1.975680
2.001761
2.004911
2.024417
1.997888
1.989181
2.006008
2.013659
2.011573
1.996194
2.007176
1.986372
2.000943
2.017534
2.019984
2.038638
2.012842
1.983541
1.976521
1.955621
1.974965
1.977378
1.968887
1.962321
1.995616
1.989534
1.984210
1.958920
1.962606
2.005270
2.015216
2.021441
2.004009
2.006301
1.997062
2.006335
2.013585
2.011268
1.999618
2.014625
2.024677
1.999573
2.011715
2.013296
2.015946
1.995292
2.005424
2.029062
2.023934
2.002825
2.010184
2.012770
1.987389
1.998010
2.003607
1.980168
2.008636
1.995688
2.013641
2.039108
2.022738
2.004225
2.001491
2.028338
2.016227
1.982586
1.973395
1.960440
1.961853
2.002380
2.009335
2.021520
2.022930
2.000070
2.004703
2.010386
2.013204
1.978487
1.979561
1.965291
1.962929
2.005880
2.013032
2.026689
2.007888
2.010787
2.014115
2.020822
2.031437
1.999817
1.981139
1.962184
1.978489
2.007100
2.012173
2.022291
1.994476
1.999183
2.011949
1.999196
1.990341
1.984639
1.976787
2.008059
1.999762
1.996741
1.987659
1.982916
1.991291
1.992593
1.988387
1.997409
2.007401
1.987621
1.986581
1.971847
1.979748
2.007354
2.002692
1.994074
2.015146
1.988569
1.980582
1.988573
1.993875
1.997039
2.009800
2.022329
1.996482
1.981472
1.987124
1.990630
1.979984
1.973324
1.972558
1.985687
1.975135
1.997945
2.006992
2.024356
2.008167
1.992482
1.992037
2.019065
2.020024
1.986270
1.984539
1.966455
1.973680
2.001574
2.004363
2.000067
1.988713
2.006844
2.010969
1.994523
2.001420
2.001258
2.013461
2.014372
2.011591
1.999588
1.998492
1.967502
1.991685
1.991149
1.987901
1.989994
1.993723
2.012395
2.015535
2.022808
2.002985
2.005548
2.022122
2.037462
1.995386
1.992389
1.993502
1.994355
1.970709
2.022204
2.014745
2.031050
2.029666
1.992633
2.005443
2.029620
2.038016
1.993703
1.993122
1.983034
2.002844
2.005875
2.001977
1.978765
2.000194
1.999569
2.004342
2.008007
2.017023
1.997104
1.993922
2.014823
2.003911
1.991399
1.991570
2.010355
2.013733
1.987951
2.005192
1.991719
2.024276
1.978217
1.981689
2.004273
2.013060
1.992888
1.997109
1.978833
2.000276
2.014037
2.017123
2.022566
1.994568
2.007230
2.011510
2.008399
2.000441
1.999310
1.995161
2.010649
1.983973
2.000309
2.005756
1.998352
2.012398
1.997033
2.000223
2.012087
2.029424
1.983812
1.981618
1.993128
1.989472
1.988547
1.978586
1.953592
1.951611
1.993088
1.986310
1.977859
1.994296
2.001446
2.000065
1.998114
2.002826
2.003790
2.009603
2.035182
2.025713
1.984235
1.992115
2.011334
2.015481
1.998633
2.002001
2.006250
2.012602
1.978005
1.983706
1.995357
1.994382
1.989838
1.990307
2.020931
2.022866
1.983720
1.990192
1.968009
1.963730
1.997717
1.992629
2.033547
2.024077
2.022393
2.009767
2.026738
2.016043
1.981656
1.978556
1.952004
1.986816
2.001717
2.002368
2.020878
1.998139
2.016360
2.018464
2.015685
1.996591
1.993710
1.995827
1.971148
1.961001
1.994147
1.986713
1.990033
1.998659
2.006439
2.005887
1.988639
1.990997
2.005037
2.007789
2.006515
2.005674
1.996607
1.986063
1.992959
1.999365
2.004764
2.004975
1.987538
1.982050
1.996773
1.995686
2.004546
2.030479
2.006491
2.001466
1.989304
1.995585
2.000730
2.004347
2.007547
2.017011
