1.994579
2.006529
2.008984
2.004837
1.992699
2.024259
2.005412
2.001762
2.025481
2.049155
2.035719
2.011068
1.998948
1.992785
1.964005
1.994418
1.998146
2.026376
2.016886
2.016661
2.013728
2.007837
2.000860
1.998724
2.019097
2.017258
2.018209
2.018668
2.019067
2.005736
1.999553
2.004547
2.020286
1.983337
1.989936
2.010627
1.994620
2.007506
2.007027
1.999409
1.990476
2.014168
2.005652
2.000702
2.015006
2.043696
2.032619
2.014499
2.003073
1.999742
1.976580
2.009933
2.005539
2.020056
2.019838
2.019553
2.014388
2.008738
1.999924
2.003365
2.019258
2.017362
2.017322
2.016755
2.019202
2.005017
1.999785
2.005507
2.020335
1.983566
1.990574
2.010975
1.996136
2.008209
2.019949
2.008207
2.017354
2.007050
1.993078
1.986811
1.991679
1.988600
1.988057
1.973421
2.003133
2.005044
1.974617
2.010937
2.011493
2.011031
2.003385
1.989603
1.976254
1.998934
2.002563
2.039958
1.991772
1.993258
1.969929
1.981761
1.971814
1.974425
1.987725
2.000083
1.985617
1.990679
1.995421
1.995528
1.991979
1.998296
2.006485
2.007017
2.013940
2.006919
1.991635
1.985561
1.998908
1.997100
1.992114
1.977576
2.004296
2.004147
1.975057
2.010073
2.013225
2.012425
2.003641
1.989476
1.976007
1.999497
2.001471
2.038774
1.991044
1.990063
1.965820
1.982479
1.974099
1.980922
1.987934
2.000539
1.988149
2.000883
2.003554
2.001756
1.995463
2.002566
2.001836
1.989113
1.994460
2.009838
2.006527
1.999127
1.993458
1.985367
1.986298
1.981256
2.000781
2.004018
2.008709
1.979322
1.987784
2.000123
1.993671
2.011540
2.007990
2.002813
1.995268
2.004676
1.996750
1.997503
1.991710
1.985185
1.973202
2.004424
2.003774
2.007512
2.016876
2.003377
1.986722
1.979233
1.993105
2.002757
1.989387
1.983249
1.990222
2.009002
2.002907
1.995496
1.984605
1.979190
1.977224
1.969635
2.005619
2.008102
2.018432
1.994744
1.998464
2.012055
1.992176
2.010174
2.001974
2.002443
1.993081
1.998341
1.997534
1.998574
1.998861
1.990343
1.974922
2.003706
2.003883
2.008045
2.017042
2.001624
1.984958
1.979839
1.998806
2.002072
2.004321
2.009614
2.003876
2.007777
2.007499
2.013139
2.017238
2.023172
2.017980
2.003642
1.991686
1.995676
1.978462
1.984752
1.982706
1.999744
1.994204
1.991628
1.992463
1.976004
1.981345
1.997777
1.994463
1.982295
1.987201
1.991641
1.990835
2.010736
1.996243
1.984428
1.997564
1.967289
1.962169
1.963915
2.002075
2.006458
2.009048
2.010483
2.005871
2.011956
2.003565
2.009378
2.022209
2.039287
2.031564
2.022792
1.991162
1.995015
1.978827
1.984752
1.981172
2.003363
1.995039
1.993587
1.992759
1.973793
1.980686
1.993645
1.995138
1.982842
1.987638
1.990205
1.990999
2.010136
1.996143
1.984276
1.997916
1.966801
1.962809
1.963796
1.996688
1.998657
2.004749
2.005280
2.005179
2.002005
2.005335
2.010233
2.028500
2.016543
2.016163
2.044724
2.008898
2.008682
2.010084
1.982190
1.986573
1.995932
2.014460
2.022512
2.012982
2.011115
2.001742
1.993255
1.989274
1.985079
1.962991
1.993499
1.997849
1.993230
2.004884
2.016242
2.024642
2.032574
2.021444
2.007472
1.996912
2.001769
2.007114
2.013364
2.008047
2.002699
2.001715
2.009571
2.021970
2.008113
2.009967
2.042188
2.009398
2.007454
2.013244
1.996890
1.996049
1.997908
2.015179
2.022994
2.016093
2.011119
2.002686
1.993602
1.990181
1.986232
1.965941
1.997227
1.999875
1.994574
2.005399
2.017994
2.027955
2.039978
2.027938
2.009939
2.007834
2.001254
2.005831
2.000584
2.001549
1.986670
2.003128
2.003090
2.012059
1.986918
1.978255
1.998430
2.003404
2.009637
2.005515
1.996794
2.000175
1.996103
2.001763
2.013011
2.032178
2.023775
2.011927
2.014991
2.005120
2.000827
1.977842
1.989131
1.999504
2.010896
2.002692
1.998384
2.005533
2.005645
1.999644
2.014711
2.009121
2.000358
1.995005
1.996979
1.994565
1.972572
2.003805
2.005069
2.014031
1.998983
1.993810
2.010716
2.001965
2.007499
1.998351
1.990107
1.993345
1.986100
1.999453
2.010456
2.023271
2.014553
2.004745
2.012737
2.006571
2.002726
1.983741
1.991338
2.000865
2.007384
2.002735
1.998223
2.005131
2.002287
1.999459
2.016375
1.997110
1.996887
1.985544
1.990640
1.997437
1.981513
2.015488
1.998079
2.003888
2.010137
1.992733
1.979466
2.001836
2.004475
1.997796
2.008711
1.994066
2.018436
1.991629
1.978353
1.993308
1.995218
1.981403
1.974227
2.018038
2.013800
2.023061
2.045166
2.038948
2.005829
1.998696
2.003096
2.025467
2.031790
2.015362
2.000239
1.996514
1.996754
1.978789
1.991126
1.995148
1.977793
2.015622
1.999274
2.003426
2.005118
1.991646
1.977766
2.003078
2.007388
2.003620
2.014153
1.999621
2.023263
1.992746
1.979362
1.994115
1.995051
1.984043
1.978748
2.017979
2.013059
2.021255
2.045363
2.037218
1.999927
1.998696
2.002767
2.024792
2.030205
2.014701
2.000425
1.995366
2.000768
1.989607
1.993539
2.002582
2.014500
2.020043
2.013348
1.991313
1.996360
1.994892
1.992090
2.007730
2.012536
2.006830
1.981262
1.985307
1.984871
1.987727
1.994339
2.003378
2.029008
2.020869
2.001733
1.982865
1.973078
1.958185
1.987109
1.989249
1.985547
1.992335
1.996977
1.999342
1.993200
1.987149
1.990361
1.992234
1.998232
1.989618
1.989858
1.998059
2.000255
2.021556
2.015666
1.993641
1.996128
1.993616
1.985147
2.008073
2.013966
2.008029
1.983773
1.990902
1.989467
1.987906
1.994704
2.006336
2.035545
2.025322
2.001750
1.982343
1.972586
1.957427
1.986887
1.990099
1.987068
1.992023
1.996814
1.998716
1.993227
1.986386
1.989986
1.991045
1.988327
1.992511
2.008179
2.009610
2.000483
2.010582
2.020079
2.024265
2.028885
2.014423
2.023880
1.982175
1.985177
1.959193
1.984500
1.977244
1.962742
1.989298
1.992181
1.986650
2.007458
1.993362
2.005268
1.998806
2.010799
1.999626
2.001422
2.010567
1.972633
2.011314
2.002659
2.036324
2.012638
2.009497
2.001178
1.990668
1.987598
1.999668
2.005264
1.999335
2.002758
2.006541
2.013726
2.014116
2.025534
2.014178
2.025036
1.982959
1.986682
1.960583
1.987919
1.981799
1.965015
1.989705
1.992639
1.987773
2.011807
1.995000
2.009717
1.999678
2.012695
1.997010
1.990688
2.004497
1.976605
2.009810
2.000671
2.037241
2.016374
2.012869
2.001256
2.002848
2.007855
2.018148
2.011487
2.009187
1.979382
1.993971
1.998057
1.994551
2.018586
2.015677
2.037874
1.989739
1.984757
1.972606
2.008064
2.003334
2.000527
1.994196
2.015516
1.996701
1.996043
2.003775
1.991116
2.014529
2.025082
2.020737
2.022727
2.006718
1.991832
2.006721
2.016446
2.034557
2.004541
1.995602
2.001621
2.002540
2.006919
2.024083
2.024354
2.015034
1.977672
1.992010
1.995026
1.987627
2.006674
2.005575
2.027491
1.989320
1.986252
1.972564
2.004549
1.997914
1.998750
1.992279
2.011565
1.989220
1.986668
1.994935
1.990483
2.014645
2.025596
2.022848
2.027022
2.009490
1.993886
2.005395
2.016042
2.030479
2.002496
1.992869
2.001210
2.014279
2.022783
2.016759
2.039152
2.030432
2.057401
2.011820
2.012160
2.016319
1.962730
1.981297
2.001979
1.993436
1.993526
2.004555
2.000350
2.002050
1.995607
1.996704
2.007345
2.007572
1.987437
1.981901
1.979657
2.018278
2.017308
1.998767
1.996716
1.997953
1.994351
2.010218
2.016637
2.009307
1.985405
1.989642
1.999313
2.008393
2.014205
2.001650
2.022982
2.017537
2.053528
2.008876
2.008483
2.014315
1.977770
1.992013
2.022367
1.996451
1.998798
2.018419
2.014878
2.013000
2.007500
1.995138
2.006455
2.007036
1.986175
1.983496
1.979390
2.017632
2.016607
1.997924
1.996543
1.997181
1.989138
2.010900
2.018045
2.015274
1.993744
1.991815
1.998884
2.003143
2.008634
1.985595
2.010503
1.995830
1.995486
2.003957
1.998082
1.976239
1.977580
1.996178
2.009098
2.001007
2.006385
2.027933
1.985990
1.987074
1.955597
2.009624
2.019625
2.009202
2.005102
1.992042
1.991869
1.994443
2.002273
2.004193
2.009843
2.008177
2.005757
2.021378
2.026823
2.023801
2.008765
2.013453
1.996125
1.998587
2.003972
1.988720
2.014790
1.996080
2.004799
2.005193
2.001135
1.981663
1.987368
2.000267
2.005217
2.001192
2.008041
2.024446
1.990220
1.990070
1.959901
2.010800
2.019967
2.015783
2.006376
1.992200
1.991462
1.994443
2.002273
2.004251
2.009429
2.008765
2.006234
2.021270
2.027056
2.024715
2.008737
2.014960
1.997587
1.990790
2.002701
2.023471
1.979278
1.983201
1.999619
2.003271
2.015168
2.008894
1.996661
1.996182
1.996654
2.009110
2.004666
2.014047
1.972080
1.985937
1.966402
2.001778
2.005522
2.013672
1.991655
1.992538
2.010900
1.981449
1.987947
1.972167
2.002694
2.007903
2.019763
1.989659
1.995819
2.000923
1.995089
2.004258
2.007418
1.986972
2.000167
2.012872
1.977966
1.977825
1.995184
1.999200
2.007736
2.001329
2.006980
2.000933
2.002903
2.010875
2.006682
2.009373
1.967744
1.978035
1.959213
2.003105
2.008038
2.015371
1.995911
1.993865
2.012719
1.981530
1.988594
1.975411
2.005579
2.007963
2.011924
1.988987
1.994858
1.997980
1.995441
2.003867
2.005324
1.988025
1.989861
1.985878
2.006730
1.992630
1.996148
1.998717
1.996326
1.968284
1.989199
2.000753
1.996233
1.989738
1.982646
1.985470
1.990842
1.984774
1.964283
2.014055
2.012289
1.992717
1.999784
2.006163
2.003291
2.006186
1.995815
2.009262
2.016351
2.025849
2.038150
2.007553
2.023628
2.003862
1.979075
1.987863
2.004773
1.989359
1.992185
1.996937
2.016717
1.999718
2.006407
2.001392
2.002856
1.978113
1.994223
2.001040
1.999663
1.989835
1.981668
1.984108
1.994846
1.987118
1.964706
2.014174
2.012357
1.992227
2.001524
2.008879
2.002450
2.002922
1.991377
2.001695
2.012091
2.024301
2.040327
2.007750
2.024166
2.003634
1.980961
1.989020
2.008234
2.020358
2.014582
2.003027
1.976416
1.996441
2.030254
2.002558
2.013783
2.001102
2.003710
1.987162
1.960338
2.014265
2.007303
1.986940
1.992191
1.986420
1.993936
2.003310
2.003157
2.006009
2.046643
2.013550
2.004415
2.002589
2.014808
2.013862
2.012564
2.004300
2.016131
2.007445
2.012982
2.014595
2.026536
2.018280
2.008194
2.014575
2.007650
1.994486
1.974575
1.994323
2.025933
2.005582
2.018525
2.010951
2.016189
1.992395
1.967315
2.012520
2.002349
1.975837
1.987271
1.987163
1.993538
2.000968
2.001542
2.007128
2.046331
2.013807
1.999412
2.002818
2.015391
2.011666
2.012057
2.004704
2.015607
2.007888
2.013628
2.017656
2.029049
2.022969
2.010239
1.994659
2.006906
2.009767
2.005244
1.993125
2.022991
1.998173
2.004916
2.015594
2.001661
1.991285
1.980484
1.997329
1.994780
1.949837
1.956882
1.966429
1.962912
2.008416
2.027069
2.033717
2.034083
2.017753
2.001598
2.004649
2.007989
2.023572
2.011650
1.998456
1.978827
2.006468
2.016335
2.007393
2.001477
1.989732
1.977665
1.994701
2.007883
2.007480
1.999983
1.990939
2.013412
1.998985
2.005043
2.022204
2.007469
1.995463
1.996938
1.994631
1.989895
1.941401
1.951645
1.964756
1.969075
2.008810
2.027900
2.031749
2.031620
2.019558
2.003022
2.003474
2.004677
2.018753
2.010027
1.997115
1.978710
2.005029
2.012934
2.003306
1.999227
1.987628
1.976273
1.996325
2.007978
2.020754
2.009207
2.019832
2.009974
2.002486
2.009507
2.011871
2.003661
2.016603
2.009178
1.995087
1.989946
1.990069
1.967255
1.974484
1.996548
2.008091
2.010383
2.011743
2.018821
2.025688
1.995389
1.992830
1.991226
1.993031
1.992959
1.990737
1.979833
2.003951
1.996608
1.976591
1.968423
1.983085
1.975923
1.992168
1.998065
2.007540
2.009136
2.017646
2.009683
1.999881
2.007847
2.011272
2.000089
2.013774
2.010497
1.996510
1.992930
1.994068
1.975538
1.978761
1.995546
2.007661
2.010260
2.011735
2.018291
2.027138
1.997498
1.992487
1.989981
1.991937
1.993526
1.991111
1.982145
2.002609
1.994488
1.971959
1.963506
1.980039
1.972599
1.995626
2.002700
2.002022
1.988097
1.994429
2.010188
2.013994
2.018443
2.026436
2.031380
2.016677
2.018453
1.995625
2.002366
2.014628
1.977620
1.976559
1.982076
2.002374
2.008488
1.999906
2.014703
2.004658
1.999979
2.005100
2.010111
2.011421
2.010648
2.018555
2.038912
1.994767
1.993561
2.013626
2.019312
2.004351
1.997108
1.993268
2.002891
1.989644
1.982239
1.990179
2.008937
2.011963
2.016135
2.028197
2.026539
2.016232
2.022295
1.998054
2.004908
2.022253
1.992585
1.986924
1.987865
2.000195
2.004408
1.993953
2.015257
2.002207
1.994575
2.008861
2.014901
2.019715
2.024060
2.028082
2.045083
1.994767
1.993374
2.009696
2.016960
2.003018
1.996162
1.998933
2.002138
2.004460
2.011120
2.004213
2.006520
1.996888
1.994901
1.988220
2.013497
2.000524
1.997307
2.009528
2.001642
1.973989
2.011701
2.014462
2.017739
1.993400
1.989071
1.996418
1.998235
1.997022
1.996157
2.007895
2.013766
2.015897
1.991089
1.998995
1.994613
2.010690
2.003337
1.995728
1.998975
1.994286
2.001367
2.002201
2.006524
2.009187
2.011989
2.006208
2.011651
1.999800
1.998194
1.986559
2.006549
2.000747
1.997047
2.009465
2.003074
1.979405
2.018431
2.021668
2.023948
1.993412
1.990255
2.001771
1.999176
1.997914
1.993765
2.006960
2.012525
2.014065
1.993057
1.999986
1.999181
2.010100
2.002047
1.993850
1.999177
1.996057
2.002277
1.997509
1.999361
2.006808
2.003467
2.003882
2.001072
2.020619
2.015765
2.006118
2.006332
2.005500
1.987241
1.983302
1.985915
1.999582
2.004002
1.994734
1.993204
1.996910
2.007396
1.990179
1.995956
1.996962
2.010359
2.005721
1.998491
1.991360
1.983900
1.985630
1.989735
2.010215
2.023533
2.039235
2.018003
2.009144
2.005031
1.997734
2.002474
2.009173
2.011638
2.006561
2.001773
2.021180
2.013535
2.006299
2.007120
2.008827
1.986158
1.981188
1.982835
1.994341
2.002295
1.996711
1.992704
1.995954
2.006885
1.985059
1.989878
1.990072
2.008100
2.004117
1.996792
1.989834
1.982101
1.983578
1.989782
2.010679
2.023982
2.040928
2.018589
2.008994
2.002669
2.007363
2.000854
2.005654
2.001139
2.000948
1.985266
1.995580
2.000729
2.016679
1.986241
1.981688
1.996368
2.014397
2.015475
1.985363
1.975901
1.976551
1.966015
1.994304
1.997439
1.982030
2.015892
2.007616
2.018507
1.984819
1.991966
1.988909
1.992695
2.000273
2.006666
2.003108
2.014691
2.025437
2.016322
2.017497
1.998160
2.009320
2.001039
1.995866
1.997281
1.993830
1.971295
1.990962
1.996268
2.007864
1.976968
1.973671
1.988392
2.014996
2.013245
1.986090
1.975743
1.978659
1.970142
1.994839
1.998023
1.985915
2.023522
2.013437
2.018209
1.984624
1.991624
1.989104
1.994699
2.002716
2.008317
2.003481
2.015355
2.026249
2.016942
2.017864
2.000323
1.997468
1.997903
1.986883
1.991481
1.998491
1.979441
1.996743
1.990609
2.005418
2.036221
2.019810
2.012920
1.998118
2.001335
1.976350
1.986773
2.002910
2.014934
1.998564
1.997183
2.005819
2.022375
2.015861
2.018114
1.991785
2.003315
2.000392
2.001133
1.998731
1.994411
1.978692
1.998928
2.001555
2.022685
2.014454
2.005790
1.996871
1.997769
1.980129
1.991966
1.996202
1.975721
1.992985
1.986913
2.003535
2.034053
2.018893
2.010208
1.999046
2.001612
1.973968
1.986440
2.001017
2.009967
1.996938
1.995064
1.998255
2.015317
2.009851
2.009563
1.992366
2.004351
1.998872
1.996266
1.997209
1.993865
1.980224
2.000222
2.006258
2.025611
2.018841
2.009190
1.995275
2.000549
1.989365
1.992815
2.002164
2.014480
2.018497
2.029210
2.037866
2.026272
2.014863
2.017174
2.002888
2.004688
2.025982
2.009571
2.013345
2.008013
2.016121
2.000603
1.998963
2.013168
2.026745
2.034155
2.002150
2.009687
2.026344
2.010017
2.021012
2.015267
2.003128
2.009001
2.014182
1.998032
1.984037
2.004099
1.992143
1.998013
1.989376
1.989134
1.997845
2.000280
2.020591
2.032013
2.036967
2.028197
2.014183
2.008092
2.003992
2.007483
2.034353
2.021345
2.022194
2.016730
2.013440
1.997051
1.993711
2.009856
2.025435
2.040008
2.003167
2.010439
2.025100
2.008918
2.020201
2.013771
2.003077
2.009462
2.014902
1.998574
1.985048
2.004194
1.992645
1.991017
1.998773
2.010942
2.013007
2.000977
2.013595
2.020939
2.017535
2.023100
2.020064
2.019067
1.991843
1.994958
1.987593
1.986023
1.979078
1.960784
1.999282
1.995836
1.971084
1.947446
1.962829
1.978951
2.003590
1.996972
2.006264
2.006343
2.005568
2.018375
1.999205
2.004887
2.005903
2.008135
2.015444
1.993273
1.992268
1.990287
2.005930
2.008028
2.002732
2.003253
2.012042
2.016206
2.016332
2.022749
2.033229
2.034364
1.991451
1.996520
1.987824
1.995277
1.987554
1.972536
1.998908
1.995309
1.971041
1.947523
1.963830
1.977407
2.004149
1.997318
2.009591
2.013000
2.010392
2.020778
1.999488
2.006072
2.007282
2.012542
2.017094
1.993649
2.002689
2.007449
2.017700
2.011874
2.009658
1.979569
2.006925
2.000790
2.002422
1.994012
2.006029
2.001626
2.006985
2.007159
2.008593
2.002779
2.010336
2.009242
2.019404
2.014293
2.030220
2.040089
2.029280
2.011796
2.003861
2.006950
2.018488
1.996754
1.995952
1.993403
2.002442
1.995402
2.004527
2.016378
1.999268
1.983718
2.002380
2.006513
2.023635
2.024742
2.015504
1.977859
2.004620
2.000273
1.999423
1.991828
2.003044
1.999244
2.005338
2.004126
2.002601
1.997273
2.010902
2.018275
2.019664
2.017203
2.035463
2.044674
2.033052
2.016551
2.003419
2.006998
2.016810
1.996530
1.996978
1.991626
2.001975
1.995116
2.004861
2.015936
1.999002
1.982205
2.014078
2.023061
2.017756
2.037692
2.029600
2.058040
1.991245
1.991477
1.957687
1.971090
1.976367
1.998745
2.012690
2.021264
2.012582
2.011887
2.011902
2.013342
1.990642
1.999269
1.979921
1.991894
1.990734
1.995398
2.001591
1.993334
1.994445
1.962115
1.963431
1.983819
1.997137
2.001886
2.009132
2.016851
2.009773
1.996899
2.008193
2.014456
2.002647
2.021522
2.016705
2.054167
1.992204
1.991668
1.960403
1.981067
1.980884
2.003123
2.010695
2.018960
2.009195
2.010985
2.012603
2.018375
1.992843
2.002797
1.989772
2.000599
1.993393
1.994597
2.002036
1.993784
1.995410
1.962845
1.962967
1.982017
1.997625
2.002812
2.008516
2.019052
2.010864
1.998138
2.003224
2.008812
1.985297
2.010328
1.995376
1.994662
2.001871
2.014186
2.006247
2.009061
2.015940
2.024455
1.998040
1.993967
2.004414
1.989519
2.002936
2.006034
1.975883
1.975949
1.975547
1.973172
1.980246
2.005115
2.009285
2.006645
1.989162
1.982754
1.992975
1.998911
1.988011
1.980543
1.947249
1.974981
1.983510
1.984047
1.998668
2.004149
1.988422
2.014614
1.995627
2.003975
2.000674
2.010496
1.993993
1.992424
2.001944
2.020268
1.997193
1.991666
1.999329
1.991171
2.000890
1.991708
1.976005
1.977178
1.980387
1.975730
1.984115
2.006066
2.008278
2.006083
1.988425
1.984117
1.991481
1.999243
1.987336
1.980356
1.946196
1.974330
1.983164
1.982706
1.992489
2.006025
2.024991
1.979036
1.982111
1.999162
2.004003
2.011839
2.000171
2.010255
2.007270
1.985820
2.005413
2.006288
1.988164
1.961733
1.953248
1.960441
2.013826
2.017174
1.994560
1.992861
1.990451
2.007561
2.001841
2.002242
1.976254
1.976890
1.984767
2.000354
1.994638
1.987258
1.972990
2.003697
2.008810
1.977491
1.989134
2.002952
2.014336
1.977033
1.974993
1.990504
2.002668
2.006909
1.986648
1.988033
1.995144
1.975318
2.006402
2.006197
1.993312
1.969194
1.959567
1.967957
2.013733
2.018226
1.998676
1.999285
1.996286
2.012698
2.003175
2.003911
1.980178
1.982582
1.988357
2.003802
1.995836
1.989085
1.976672
1.999634
2.002574
1.974520
1.988382
1.989720
1.988908
2.008139
1.993764
1.998114
1.985963
1.996199
1.991049
2.001429
2.005239
2.034196
2.001988
2.003046
2.011288
2.001438
2.008225
2.007429
1.986339
1.987152
2.003212
1.981189
1.993107
2.000040
1.997248
2.001278
2.012310
2.023078
2.018278
2.035946
2.015041
2.026408
2.026527
2.019339
2.004150
1.992875
1.989277
1.991589
2.000152
2.018718
2.001330
2.008344
1.988626
2.000682
2.002641
2.014171
2.015213
2.038927
2.003285
2.005880
2.025156
2.013614
2.017000
2.016271
1.983215
1.983168
1.997732
1.976510
1.992709
1.998216
1.997479
2.002132
2.014211
2.022860
2.017869
2.036944
2.013111
2.025559
2.025369
2.017088
2.004930
1.994103
2.021262
2.015859
2.008188
1.979310
1.998170
2.028213
1.995323
1.996165
2.015540
1.993125
1.999443
1.986373
2.017217
2.031241
2.015507
2.009374
2.003998
2.013393
2.001453
2.009716
2.017212
2.013904
2.018391
2.008430
2.007313
2.019741
2.005476
1.992517
1.999510
2.019183
1.997259
2.000267
2.018888
2.029171
2.032062
2.019304
2.015479
2.008915
1.999861
1.978333
1.996862
2.024463
1.992941
1.992698
2.006827
1.983283
1.993685
1.986344
2.018941
2.034074
2.022075
2.009674
2.007897
2.015568
2.001391
2.009612
2.018087
2.015173
2.020534
2.011139
2.005584
2.017215
2.002211
1.989481
1.998900
2.020029
1.997064
2.000371
2.021862
2.035812
2.036996
2.019218
1.994375
2.008204
2.008351
2.002977
1.992299
2.021992
2.007598
1.992608
2.002367
2.005941
2.007156
2.010635
1.996385
2.001508
1.982099
1.972033
1.996865
2.001267
2.001260
2.007552
2.024209
2.010966
2.012452
2.024397
2.007445
2.019971
2.011903
2.030560
2.041253
1.993088
2.011763
2.003741
2.046890
2.044564
2.044682
2.043963
1.994398
2.009648
2.007339
2.002420
1.992184
2.011423
2.005147
1.989893
1.999639
2.003732
2.006719
2.021847
1.995344
2.000696
1.976746
1.954663
1.985120
1.992281
1.998621
2.004735
2.011121
2.001323
2.005310
2.024510
2.006582
2.018925
2.005992
2.031119
2.041020
1.997576
2.011184
2.002960
2.046270
2.044851
2.044833
2.042922
1.996644
2.009365
2.021179
2.008859
2.017896
2.006434
2.005046
2.001383
2.025008
2.049763
2.035573
2.010617
2.009241
2.020073
2.034679
2.027245
2.014614
2.015694
2.023689
2.017536
2.024858
1.998244
1.996136
1.999266
2.008080
2.022972
2.036148
2.034287
2.017803
2.014617
2.004428
2.005545
2.002349
1.987658
1.993037
2.002215
1.992487
1.999452
2.007716
2.007668
2.014613
2.006304
2.005434
2.000347
2.014532
2.044305
2.032473
2.014047
2.010047
2.021060
2.035973
2.032473
2.018975
2.022033
2.026215
2.020901
2.028591
1.997868
1.994206
1.995566
2.006863
2.022589
2.034983
2.036744
2.019570
2.015831
2.004302
2.005268
2.003256
1.988548
1.992683
2.000893
1.995755
2.002383
2.000762
1.987638
1.994842
2.011164
1.993352
1.985612
1.990210
1.986792
1.985016
1.974375
2.012809
2.026476
2.033652
2.012448
2.000820
1.984604
2.001023
2.003360
2.010187
2.002323
1.989958
1.984991
1.996561
2.007457
2.005811
2.020011
2.017258
2.035852
1.990748
1.989747
2.007989
1.993861
2.003213
2.004215
1.993397
2.002574
1.988384
1.981781
1.990591
2.009742
1.991909
1.984362
1.997110
1.996184
1.989350
1.978438
2.015489
2.030476
2.041547
2.020411
2.010170
1.991180
2.003912
2.005223
2.015486
2.001809
1.989021
1.979251
1.997778
2.010159
2.013670
2.020842
2.015864
2.035439
1.986899
1.985546
1.998053
1.984807
1.996075
2.001005
1.998026
2.001569
2.002953
2.010903
2.004524
2.008465
2.006226
1.999532
1.994100
1.983775
1.983052
1.980354
1.998229
1.999519
2.016730
2.006772
1.998382
2.015536
1.999435
1.997023
1.988097
1.987954
1.992448
1.983066
1.997163
1.997900
1.990154
2.003843
2.014514
2.004943
1.990708
1.985879
1.983123
1.994609
1.987641
1.998017
2.001295
2.005955
2.007680
2.011772
2.006314
2.013723
2.002606
1.995900
1.985735
1.978336
1.975152
1.969813
1.998663
1.999537
2.012031
2.008011
1.993116
2.008545
1.999600
1.996304
1.988439
1.988684
1.992917
1.984587
1.997079
1.997648
1.990199
2.006698
2.015074
2.004008
1.987552
1.981914
1.978866
1.993398
1.986162
2.001941
1.997657
1.999521
2.006800
2.005157
2.004822
1.999040
2.007480
2.012963
2.016665
2.023679
2.018555
2.002944
2.003328
1.991462
2.012111
1.993304
1.992770
1.982340
1.997081
1.999095
1.984110
1.982377
1.989085
2.011481
1.997844
2.010987
2.012665
2.015656
2.023998
2.018140
1.999369
1.999503
1.994411
1.975208
1.959192
1.980389
1.997881
2.002633
2.009165
2.013281
2.007690
1.999734
2.003545
2.009202
2.021636
2.039795
2.032072
2.022095
2.002722
1.992178
2.012303
1.994680
1.997742
1.985344
1.998662
2.004115
1.996495
1.993091
1.995607
2.015331
1.998424
2.011076
2.011210
2.016908
2.025195
2.018854
1.997974
1.998034
1.992187
1.972766
1.958382
1.975982
2.008260
2.001386
2.006004
2.000800
2.001505
1.986548
2.005671
2.011086
2.027179
2.015979
2.016809
2.045370
2.014920
2.015674
2.019471
2.031133
2.033021
2.002415
2.009184
1.999184
1.983715
2.006300
2.001127
2.003513
1.996589
1.993335
1.978762
1.981310
1.982807
1.979141
2.003809
2.011508
1.994731
1.998198
1.990571
2.011602
2.009547
2.000490
1.995177
1.997195
1.994521
1.972306
2.001796
2.009552
2.020307
2.008354
2.011056
2.043532
2.012233
2.011310
2.019231
2.034651
2.036132
1.998353
2.007615
1.996535
1.974334
1.998074
1.992743
1.996708
1.995678
1.992870
1.980428
1.982291
1.984105
1.976900
2.001302
2.008783
1.988974
1.997227
1.988535
2.008631
1.998219
1.997021
1.984477
1.993057
1.998867
1.981434
2.003229
2.003206
2.011873
1.986578
1.977601
1.996600
1.996646
1.996740
1.998647
1.983980
1.986353
1.967091
2.006990
2.008951
1.983912
2.004136
2.017671
2.049340
2.012728
2.021445
2.015822
2.020664
2.028594
2.011776
1.996953
1.998758
2.015676
1.987728
1.985364
1.988765
1.997623
1.996887
1.977723
1.993474
1.996464
1.977780
2.003906
2.005185
2.013845
1.998643
1.993156
2.008886
1.999160
1.999770
2.002107
1.992832
1.994929
1.969458
2.005526
2.006345
1.977486
1.986135
2.002422
2.039800
2.012942
2.019589
2.015210
2.017990
2.026877
2.014605
1.997212
1.998083
2.015923
1.987811
1.985288
1.989012
1.995356
2.000690
1.989702
1.993337
2.002437
2.014585
2.015463
1.998267
2.003569
2.010659
1.993270
1.979340
1.998840
2.012158
2.017635
2.026976
2.026369
2.023240
2.006386
2.016525
2.021001
2.028368
2.023976
2.008667
2.004154
2.000055
1.991918
2.001931
2.000195
2.003245
1.997562
2.008097
2.018771
1.986839
1.987489
2.010872
1.992225
1.998154
1.989713
1.989656
1.998221
2.000490
2.015597
1.999462
2.003107
2.005640
1.992183
1.977641
1.996505
2.009147
2.018712
2.022430
2.025267
2.022428
2.007554
2.017449
2.019976
2.028115
2.019981
2.004780
2.002802
1.998243
1.989070
2.002901
2.000391
2.002828
1.996479
2.007766
2.019624
1.985766
1.988139
2.013036
1.992086
1.990374
1.997321
2.009801
2.010204
1.999512
2.019946
2.013156
1.990986
1.996175
1.995245
1.992148
2.005950
2.010678
2.031966
2.005991
2.001630
2.005646
2.014254
2.009010
2.024575
1.989840
1.987653
1.984583
1.997019
1.995574
1.990666
1.991564
1.998443
2.031187
2.009267
2.011939
2.002432
2.005073
2.003730
1.983256
1.991710
1.989644
2.004477
2.008291
2.000644
2.002362
2.021459
2.015474
1.993314
1.995942
1.993969
1.985223
2.006188
2.009500
2.033288
2.002166
1.999876
2.003462
2.015856
2.010641
2.023189
1.990239
1.987860
1.991888
1.997899
1.995271
1.993454
1.993932
2.002095
2.031467
2.008384
2.010907
2.002798
2.008644
2.005710
1.986207
2.002722
2.007590
2.017781
2.012520
2.010165
1.980290
2.011904
2.020923
2.036694
2.036665
2.019546
2.024194
1.994761
1.990013
1.994674
2.001599
1.995239
1.978848
1.987914
2.002070
2.015823
2.025291
2.013423
1.985178
2.013117
2.010704
2.020268
1.996163
1.990958
1.975828
2.015814
2.001141
1.984311
1.997186
1.997352
1.985883
2.002413
2.006654
2.023716
2.025388
2.016011
1.978580
2.008103
2.015248
2.024835
2.032177
2.019179
2.025912
1.993864
1.988813
1.990757
1.996047
1.990105
1.975185
1.985664
1.999025
2.009412
2.021526
2.009984
1.986862
2.013394
2.010377
2.022257
1.998325
1.992763
1.978616
2.015237
2.001462
1.987020
1.997071
1.996975
1.984537
