2.002776
2.007729
2.032369
2.023959
2.003407
2.006071
2.018032
1.998930
1.996133
2.019096
2.010409
1.993799
1.985315
1.984084
1.992676
2.000000
2.016182
2.021321
2.012873
2.012179
1.983520
1.989465
1.964838
1.964083
1.996501
2.001876
2.037990
2.035386
1.994738
1.998156
2.033837
2.040660
1.989594
1.993864
1.991731
1.965893
1.995347
1.984860
1.950472
1.969273
2.015501
2.017077
2.014645
1.993901
1.998824
1.997807
1.970603
1.976823
1.998784
1.996932
1.999084
1.993525
2.005819
1.999646
1.950213
1.992768
2.009426
1.992459
1.996644
2.018732
1.997185
1.986039
1.998846
1.998124
2.000636
2.006075
2.008664
2.020896
1.994486
2.007072
2.027459
2.019713
1.987405
1.999178
2.020032
2.003875
2.003661
2.000667
2.015313
1.995834
1.995706
1.976625
1.987944
2.004788
2.007732
2.031011
2.026413
2.015972
1.993915
1.998865
2.006677
1.977374
2.003033
2.001837
1.995526
1.969976
1.999350
2.006194
2.014163
2.027007
1.979343
1.985464
1.978518
1.990816
2.021575
2.021993
1.998582
1.982512
2.005266
1.993410
1.981274
1.985211
1.980085
1.984182
1.976202
1.981347
2.007520
2.012826
2.013307
1.988431
1.996854
1.980559
1.971469
1.976664
1.993200
1.987298
1.963056
2.015411
1.990306
1.989664
1.998203
1.995293
1.998205
1.994684
1.999944
2.003438
1.986158
1.978388
1.990541
1.979779
2.005453
2.016331
1.997120
2.019860
2.005009
2.003004
2.000908
1.982872
2.017356
2.017035
2.024758
2.037593
2.003556
2.008596
2.014083
2.021144
2.000025
1.995400
1.999993
2.020742
2.001511
2.002233
1.995864
1.989916
1.988394
1.989939
1.985179
1.981934
1.992934
1.994653
2.023326
2.016075
1.996150
2.006866
2.004370
2.031180
1.996943
2.011254
2.010142
2.023773
1.997223
2.000631
1.978452
1.981942
2.006778
2.009389
1.987462
2.002147
2.029663
2.024406
2.040953
2.009110
1.986785
1.995033
2.001822
2.021467
1.999567
1.992164
1.981199
1.989649
1.999585
2.004409
1.990268
1.976243
2.000341
1.987912
1.986374
1.996075
2.016972
2.011134
2.027431
2.000792
1.992445
1.992479
1.992978
1.973428
1.993348
1.987977
1.989373
1.970576
2.001201
1.992038
1.990920
2.001331
1.989557
1.980469
1.969602
1.981239
2.002267
1.998862
2.009915
2.010897
2.006115
2.012982
2.006757
1.987038
2.003585
2.002179
1.997556
1.982839
2.005279
1.994356
1.985763
1.995472
1.993749
1.993681
1.988600
1.970328
1.998228
1.985079
1.996419
1.978186
1.994166
1.984549
1.959520
1.985639
2.005982
2.001883
1.999808
2.010449
1.994012
2.002464
2.005731
2.022963
1.992990
1.997257
2.015352
2.046815
1.987541
1.995829
1.993328
1.980412
1.987729
1.993671
1.983985
1.996344
1.990401
1.984927
1.983244
1.991000
2.009155
2.013077
2.005857
2.030396
2.007556
2.009507
1.992997
2.010436
2.009968
2.004812
2.013519
2.013225
2.011008
2.015636
2.015802
1.994145
1.999599
1.983675
1.990849
2.000049
1.997971
1.997054
1.981395
1.996738
2.011069
2.009842
2.050921
2.013425
1.999997
1.981272
1.986528
1.992849
2.014958
2.016868
2.029792
2.037628
1.978910
1.985348
1.989057
1.983225
2.007185
2.003743
2.012555
2.014261
1.992455
2.000841
2.012663
2.000242
1.988927
1.997918
1.988571
1.982626
1.982972
1.991613
1.975348
1.979796
1.994700
1.986594
1.969582
1.959288
1.999176
1.986446
1.981754
2.011860
2.000126
1.986412
1.974503
1.996555
1.987533
1.986584
1.997021
2.008500
2.016755
2.022821
2.018452
2.023000
2.000436
1.993723
1.986129
2.001712
2.003583
2.002089
1.991259
1.976255
1.996797
1.983976
1.967426
1.962584
1.992525
1.984703
2.008582
2.009509
2.001556
2.012554
2.022980
1.990500
1.998861
1.992448
1.957512
1.975348
2.005800
2.007209
2.002319
2.003728
1.996188
2.000571
1.995810
2.011510
1.979461
1.984319
1.964440
1.980176
2.001878
1.999760
2.009386
1.990140
1.989342
1.982761
1.995384
1.996977
2.005547
2.007295
2.015631
1.992501
1.995661
1.999654
2.021095
2.005995
1.992302
2.000623
1.995415
1.997549
1.995495
2.003799
1.989609
2.016443
2.010644
2.010692
2.027949
2.001353
1.998044
1.996034
2.014262
2.011707
1.995922
1.990974
1.981382
1.947209
2.012336
2.019642
2.032439
2.022292
2.006821
2.011592
2.003453
2.006628
1.988559
1.986926
2.015192
2.018650
1.990563
1.990945
1.991087
2.005751
2.015357
2.010948
2.026762
1.999828
1.993157
2.007591
1.994618
1.997388
1.976486
1.992004
1.957454
1.965254
1.997677
2.006560
2.000507
2.033332
1.977532
1.994541
2.004897
1.981142
2.001854
2.010211
2.018601
1.992577
2.000410
2.000101
1.986803
1.982435
1.997605
1.985850
1.977541
1.999502
1.985041
1.988962
1.998755
1.991683
1.998766
1.990135
2.024449
2.004263
1.987374
1.997433
1.976838
1.989042
2.003568
2.004140
2.030822
2.007373
2.004792
2.010599
2.009630
1.998210
1.997953
2.000237
2.010160
2.019992
2.005991
2.013159
1.999508
2.010450
2.002534
2.003361
2.019282
2.007201
2.007578
2.018054
2.003953
1.995393
1.995549
1.996410
2.001453
2.010907
1.983123
1.984359
1.986729
2.000510
1.988842
1.986501
1.989191
1.975869
2.007715
2.001439
2.013017
2.028725
2.011541
2.011338
1.984603
1.998100
1.998267
1.986957
1.974636
1.997815
1.985815
1.986643
1.992672
2.014840
1.995409
1.994605
1.986880
1.956400
2.003727
2.010589
2.020808
1.988133
2.017713
2.018029
2.043551
2.036434
1.997941
2.009713
2.004177
2.006604
1.990242
2.012891
2.001004
2.027592
2.004685
1.996325
2.005661
1.993768
1.999929
2.001661
2.009079
2.013026
2.011318
2.005878
2.013637
2.028787
2.013311
2.011038
2.038163
2.030880
2.011303
2.001138
2.002342
2.003055
1.985703
1.995149
1.995509
1.973452
1.991558
1.998309
1.994432
2.027116
1.992807
1.993811
2.003753
2.013911
2.009386
2.014853
1.996709
1.992838
1.990257
1.982320
1.990474
1.975330
1.987750
1.993861
1.988112
2.015169
1.997710
1.993917
1.968110
1.986665
2.007180
2.004275
2.009142
2.001426
2.009510
2.023464
2.036771
2.047667
2.000922
2.009541
2.005586
1.972019
2.024554
2.021036
2.004261
1.997822
2.000616
1.990184
1.976169
1.979922
1.988990
1.998202
2.019144
1.996161
1.997441
2.001847
1.993033
2.002104
1.991736
1.976918
1.956172
1.983946
1.990253
1.996203
2.001462
1.973205
2.002058
2.011223
2.008438
1.993646
2.010886
2.012074
2.025968
2.052082
2.001996
1.983988
1.959326
1.967727
2.013323
2.012176
2.015586
2.008372
2.004806
1.997541
1.996752
1.985534
2.011875
2.009647
1.999155
2.006087
1.990620
1.992696
2.001025
1.983829
2.001770
2.008549
1.975140
1.966771
2.005863
2.008939
1.993138
1.996729
2.004785
2.003824
2.005756
1.999550
1.994827
2.000355
1.965825
1.960534
1.994315
1.993458
1.999734
2.030183
1.997021
2.002327
1.956688
1.969267
1.991249
2.002341
2.014741
1.980115
1.997481
2.002731
2.003029
1.986578
2.001610
1.999482
2.022177
2.045351
2.014483
2.006378
1.970048
1.978075
1.991976
2.006103
1.996538
2.017506
2.006139
2.024281
2.049327
2.041833
1.996835
2.000720
1.990367
1.976918
2.009148
2.004583
2.011861
1.987816
1.992460
1.987307
1.991814
1.970373
2.003509
2.011940
2.034155
2.001706
2.000634
2.013265
2.006259
2.028533
2.000284
2.003279
2.007881
1.953697
2.010618
2.005741
1.999855
1.990513
2.002213
2.001582
2.009755
1.995452
2.010987
2.014722
2.016075
2.025396
1.997052
1.987430
1.976234
1.977209
2.011152
2.002008
2.014768
1.977050
2.003217
2.002674
2.006896
2.008937
2.002713
1.992191
1.987401
1.974387
2.004975
2.009461
2.017658
1.994548
1.989418
1.993706
1.996192
1.984017
1.995004
2.010620
2.030777
1.974500
1.989093
1.993714
1.985223
1.983876
2.007814
2.007704
1.991778
2.003387
1.979046
1.991548
1.980590
1.999416
2.014084
2.004353
2.014808
2.035824
1.994293
1.978839
1.986384
1.983430
1.988530
1.994119
1.992409
1.984471
2.011357
2.024275
2.041684
2.041366
2.003037
2.010750
2.025801
2.040175
2.003602
2.003095
1.978096
1.973608
2.001726
2.011731
2.039269
2.021318
2.003753
2.002045
1.992222
1.998254
2.018823
2.023935
2.028996
2.017091
1.990910
1.978498
1.978126
2.011213
1.995402
1.998226
2.007411
2.007788
2.006492
1.995461
1.983376
1.979021
2.006976
2.009147
2.039562
2.030679
1.999080
1.995189
2.007818
2.027543
2.009243
2.012543
2.012609
2.006884
2.001380
2.009282
2.022524
2.004005
1.986139
1.978084
2.000598
2.014469
1.995423
1.989975
2.000192
2.029127
2.008683
1.998704
1.990335
1.992377
1.985112
1.981611
1.951666
1.955072
1.998477
1.994354
1.982883
1.976344
2.016586
2.010398
2.028510
1.982796
1.999611
1.994869
1.995106
1.996458
2.000505
2.009449
2.047597
2.033073
2.007811
2.016434
2.001075
2.001238
2.003675
2.009529
2.037002
2.028671
1.981976
1.979491
1.953015
1.950898
1.988939
1.984125
1.976812
1.978162
1.991339
1.996718
1.989081
2.007049
2.003578
2.004617
2.028333
2.011670
1.997530
1.998915
2.010391
2.019007
2.003674
2.005803
2.037008
2.007293
2.017226
2.017394
2.007001
2.027359
1.999915
1.995165
2.010381
2.014572
2.004594
2.006411
2.019991
2.003942
2.009976
2.008773
2.007839
2.025328
2.008592
2.009754
1.980774
1.981032
2.001379
1.996793
1.958789
1.973603
2.009896
2.018139
2.007323
2.005581
2.004129
2.012801
2.019319
2.026144
2.007360
2.014891
2.019171
2.038370
2.001104
2.001015
1.993951
1.985609
2.002470
1.995214
1.987048
1.972851
2.018906
2.015699
2.006498
2.016438
2.001737
1.989990
1.975343
1.996654
2.003042
2.009695
2.012382
1.973605
2.007608
1.985909
1.966086
1.983601
2.006956
2.002242
2.005010
1.980390
2.005610
2.011687
1.994865
1.983502
1.994273
1.989115
1.989719
1.975967
1.984870
1.981247
1.955095
1.954636
1.988013
1.995912
2.028322
2.015316
2.003849
2.002706
1.997119
1.990926
1.982121
1.990784
1.989373
2.011583
2.018673
2.013109
2.016446
2.029640
1.992962
1.986352
1.995249
1.972284
1.998319
2.004842
2.010839
2.022389
1.996575
1.983786
1.998589
1.981498
1.993600
1.995725
2.028483
2.030008
1.986858
1.990462
2.012076
2.017248
2.004161
2.011339
2.021600
1.997695
2.011886
2.004459
2.015319
1.976827
2.017566
2.015585
1.997146
2.014414
2.004508
2.016201
1.987098
2.012153
1.991498
1.990350
1.999819
2.011960
1.987607
1.983198
1.971501
2.001600
2.009099
2.018978
2.024263
2.024435
2.003985
1.992780
1.984222
1.987782
1.997976
1.994851
1.990144
1.985992
2.008061
2.000566
2.024328
2.052622
2.001508
2.012877
2.036621
2.042595
1.991635
1.996759
2.001617
2.006857
2.000010
2.007046
1.991626
2.007093
1.990946
1.975278
1.968258
2.005836
2.000428
1.995843
2.003450
1.977558
2.006244
2.006516
1.999064
1.985331
1.999266
2.004040
1.980900
1.976706
2.001225
2.007768
1.968218
1.981768
2.003642
2.009295
1.991691
2.000304
2.001712
1.990015
1.965178
1.981727
2.003485
2.010316
1.997532
1.981092
1.999199
2.005423
1.985542
1.991615
1.992822
1.993199
2.010632
2.029456
1.989879
1.992604
2.001167
2.011471
2.001662
2.005856
1.994670
2.017219
1.984624
1.974401
1.992252
2.008572
1.984426
1.983071
1.981064
1.986408
2.003134
2.003609
2.029923
2.034653
1.999148
1.996768
2.005506
1.992561
1.993455
1.993265
1.982375
2.002740
2.000566
2.011847
2.010297
1.999007
1.986858
1.980949
1.997409
2.008113
2.012802
2.005222
2.002280
2.011201
2.011575
2.003747
2.002892
2.003839
2.000650
2.007640
1.994916
2.014395
1.989888
1.985310
1.961225
1.983802
1.997822
1.998463
2.012703
2.002192
1.996849
1.992997
2.000179
2.012937
2.005630
2.019909
2.010243
1.993163
1.984156
1.982330
1.997123
1.945321
1.998743
2.004938
2.012607
1.978256
1.998030
2.002960
2.009132
2.001180
2.002846
1.995651
1.987816
1.982407
1.998809
1.999049
1.986143
1.992085
2.005791
1.998617
1.986146
1.994487
2.001569
2.013216
2.029909
1.996766
1.997413
2.003776
2.025343
2.016920
1.995204
2.007583
2.022147
2.017382
2.000446
2.004901
2.036136
2.027754
1.999021
1.996591
2.016723
2.005823
1.996694
1.997106
1.972061
2.007048
1.998188
2.001024
2.014900
2.009048
1.996653
1.991696
1.982467
1.972240
2.007229
2.003604
1.996290
1.993847
1.988879
1.993548
1.961523
1.997285
2.011482
2.004301
2.029976
2.007640
2.003266
2.012558
2.003104
2.010819
2.007931
2.018841
2.041906
2.040648
1.996181
1.981306
1.969527
1.967951
1.993067
2.000005
2.018341
2.028807
2.007147
2.006649
2.007697
2.012882
2.001328
1.994643
2.004911
2.000068
1.993114
1.994708
1.997287
1.978526
2.007641
2.008023
2.005664
2.036204
1.994940
2.013304
2.024966
1.993173
2.005511
2.014865
2.009990
2.025512
1.987381
1.974941
1.974649
1.978001
1.999262
2.013986
2.004019
1.989287
1.988858
1.971990
2.002506
2.008857
1.998283
1.993402
1.998184
1.984027
1.987317
1.990746
1.954945
1.983745
2.001279
1.999484
2.007710
2.028340
2.000533
2.006826
2.036622
2.003026
2.001207
2.000975
1.993666
2.007192
1.991009
1.977795
1.979486
1.964139
1.999705
2.000450
2.004691
1.988053
1.999794
2.004644
2.004163
1.994173
2.003249
1.994849
1.948720
1.958779
1.987287
1.994636
1.970250
1.992800
2.000726
2.019859
2.006042
1.998976
1.998800
2.011015
2.009593
1.986340
2.003333
1.996672
1.990190
1.964542
2.008664
2.003756
1.994723
2.016206
1.992951
1.995798
1.988965
2.002557
2.000815
2.022185
2.010495
2.025828
1.994254
1.995463
1.994894
1.974616
2.012245
2.011135
1.988134
1.977687
2.004984
2.019519
2.000049
2.001807
2.012672
2.006484
1.991077
1.998250
2.001033
2.001303
1.978652
2.013004
2.004401
2.011620
2.001609
2.028610
1.995359
1.999447
1.987913
2.014700
1.988656
1.987406
1.975226
1.974334
1.996614
1.994203
1.967659
1.994736
1.979231
1.977070
1.997165
1.998882
1.994642
1.993777
2.006132
1.993756
2.013418
1.997139
1.987461
2.012956
2.010951
2.006935
1.998376
2.010886
1.995256
2.001355
2.012163
2.015453
2.005488
2.011226
2.016628
2.005659
1.992119
1.997622
1.993340
2.001861
1.998143
2.005799
2.029815
2.014020
2.001263
1.999598
1.977543
1.978593
2.003526
2.006670
1.999188
1.980480
1.985904
1.994784
1.999699
2.017003
2.001495
2.004025
2.009196
2.016792
2.008766
2.001815
1.985459
1.983676
1.990447
1.997574
2.012433
1.999806
1.995134
1.985798
1.991816
1.992009
2.008230
2.007528
1.998756
1.990255
1.994683
1.999326
2.015750
2.010511
2.010552
2.014509
2.032455
2.015776
1.991910
1.988282
1.984367
1.981501
2.004621
1.994712
1.982628
1.983272
2.000810
2.013252
2.013260
2.034567
2.022723
2.019990
2.026150
2.023921
2.016847
2.008527
1.995112
1.971698
1.999998
1.988350
1.956322
1.980557
1.999318
2.001875
2.003921
2.000400
2.014709
2.026002
2.015369
1.991971
2.016388
2.025709
2.039981
2.002825
2.006415
1.998304
2.006716
2.022678
2.006523
2.003737
2.006863
2.015081
1.992339
2.006181
2.006446
1.987653
1.989905
2.005685
1.985017
2.014259
2.002997
1.999134
1.999694
2.028344
2.009703
2.013165
1.976816
1.982780
1.993866
1.998146
2.029665
1.999606
2.003847
1.994780
2.007127
2.006525
2.012385
2.018749
2.020818
2.001570
2.012708
2.009245
2.038734
2.043807
2.004216
1.994188
1.958272
1.970328
2.007506
2.015402
2.025308
2.013395
2.002971
2.004040
2.000438
1.992229
2.010856
2.013774
1.993562
1.972769
1.988663
1.976689
1.958558
1.970123
1.997334
1.997790
1.996131
1.975922
1.996723
2.001080
1.994629
1.999933
2.004054
2.006466
2.025306
2.005112
1.977426
1.979931
1.980711
2.009664
2.004390
2.001442
2.039549
2.021860
