1.998414
2.006107
2.029079
2.011781
2.007825
2.002999
1.994154
2.015922
1.999883
1.996072
1.997592
1.962035
1.989907
1.993953
2.020872
2.013217
1.991406
1.995139
1.976917
1.987842
2.008524
2.002098
1.985852
1.985229
2.006046
2.019456
1.997426
1.995520
2.003778
2.002456
2.000386
1.990809
2.008521
2.018272
2.008930
2.009872
1.996971
2.005632
2.006122
2.026597
2.010262
2.014222
2.031984
2.016905
1.988771
1.986771
1.975571
1.970197
2.007296
2.012683
2.025894
2.020563
1.990493
1.992913
1.991811
1.998288
1.980934
1.975470
1.977931
1.977271
2.016018
2.007494
1.991942
1.968603
2.011993
2.007576
1.998829
2.012346
1.987390
1.982808
1.983743
1.994810
1.994553
1.999733
2.003694
2.005084
2.008647
2.022218
2.036494
2.032029
2.006939
1.998397
2.007112
2.023260
2.001441
1.999411
1.978839
1.978976
1.986975
1.992623
2.002846
2.032719
2.011256
2.027314
2.027434
2.040204
2.009784
2.020642
2.025679
2.031024
2.011223
2.015032
1.975871
1.986087
1.990795
1.998258
2.014467
2.000792
2.006410
2.005928
2.017281
2.014213
2.004127
2.004023
1.973536
2.017595
2.005723
1.999420
1.977709
2.002937
2.005459
1.995597
1.959014
1.969222
1.992307
1.989009
1.985801
1.982133
2.010912
2.006609
1.987596
1.988358
1.995319
1.993286
2.007439
2.030837
1.982311
1.962699
1.949155
2.000090
1.996711
1.997115
1.995049
1.974978
2.000950
1.990133
1.957375
1.982646
1.993062
1.999706
2.016908
2.010618
1.995997
2.002541
2.026725
2.020485
1.999425
2.003209
1.989032
1.995610
1.996439
2.000052
2.010031
1.995603
2.007327
2.004752
2.006491
2.014981
1.998481
1.991366
1.978386
1.971185
2.002944
1.992012
1.995578
2.009988
2.006679
2.023217
2.033124
2.020202
1.987880
1.988268
1.987896
1.963276
1.993735
1.997149
2.027941
1.996310
2.013206
2.001411
1.992262
1.990051
2.015330
2.017827
2.023047
2.019991
2.015566
2.013228
2.017355
2.030414
2.020753
2.032420
2.038482
2.032200
2.007902
2.015659
2.026113
2.013789
1.967542
1.954175
1.951375
1.972495
1.994131
1.999966
1.998645
2.004049
1.996203
1.993245
2.011274
2.002692
2.005228
2.007405
2.005955
2.007390
1.995760
2.000157
1.994558
2.001826
1.998590
2.008577
2.000117
1.993638
2.006288
2.007283
2.004389
1.996727
1.996789
1.991505
1.981765
1.967433
2.015234
2.014743
1.972997
1.947792
1.991257
1.987147
2.018920
2.021453
1.996415
1.998401
1.969670
1.958275
2.003764
2.012478
2.058341
2.049184
1.999512
2.013358
2.020850
2.009630
1.998822
2.001138
1.957211
1.976419
1.984847
1.981850
1.989472
2.011534
1.998252
1.980684
1.983837
2.015699
1.990409
1.984650
1.993210
1.953113
1.995187
1.986181
1.961662
1.959309
2.009522
2.009808
2.042533
2.052917
1.992997
1.987625
1.992419
1.995666
1.997279
1.989773
1.977847
1.987612
2.007532
1.998124
2.014103
1.992253
2.016027
2.009025
2.016622
2.028937
1.999590
1.990388
2.005083
2.026644
2.005347
2.019670
2.034140
2.000682
2.014954
2.019039
1.990366
1.990037
1.979873
1.981424
1.991038
1.970232
1.996207
1.996297
1.958215
1.968884
1.990295
1.988848
1.995092
1.988237
2.007917
2.008326
2.005467
2.011423
1.991037
1.995815
2.004939
2.002308
1.990183
1.992297
1.983007
1.987984
2.026135
2.016735
1.998225
2.028236
2.002021
1.984895
1.984826
1.996483
1.993801
1.994435
1.959260
1.973221
1.996598
1.995039
1.983541
1.990910
1.988852
1.995002
2.000063
1.987515
1.990519
1.987674
1.973040
1.997279
1.997367
1.990528
2.010178
1.995280
1.995233
1.999762
1.973426
1.963221
1.981395
1.994472
2.018270
2.029734
2.015414
2.022375
2.026397
1.988478
1.999683
1.991123
1.986648
2.015600
2.008549
1.998267
1.980955
1.982941
2.013539
2.018160
2.002676
1.999876
2.009447
2.007537
2.025338
1.994151
2.016681
2.016189
2.016058
2.025635
1.990574
1.991561
1.976434
1.961425
2.009144
2.016822
2.005295
1.995609
1.987939
1.972826
1.978231
1.963390
1.989459
1.994525
1.983925
1.968881
2.005852
2.014056
2.009091
1.996636
1.992852
2.003128
2.009953
2.004095
2.006106
2.005724
2.009410
2.026740
2.018404
2.012207
2.002757
2.001351
2.010752
2.017920
2.008963
1.969575
2.002830
1.997046
2.016046
1.993050
1.995864
1.997776
1.973661
1.993716
1.998342
2.016763
2.026908
2.017668
1.989739
1.979872
1.987388
1.977251
2.015355
2.027153
2.032629
2.038180
2.002964
2.000087
2.000676
1.995785
1.988784
1.990987
2.010007
2.001369
2.007415
2.014184
2.003773
1.986232
1.989755
1.993120
1.974903
1.997072
2.003570
2.010039
2.013306
2.001802
2.010809
2.015193
2.012679
2.008119
1.997700
2.002802
2.002447
2.015148
2.016424
2.016471
2.013258
2.007967
2.021560
2.027627
2.034737
2.041112
2.014213
2.011421
2.025818
2.020813
2.004851
2.006891
1.997160
2.004907
2.000258
2.005600
1.991723
2.025703
1.995710
1.988956
1.969943
1.956149
1.991580
1.979822
1.953098
1.987763
2.001192
1.989489
1.987858
1.983876
1.998821
2.000420
1.980951
1.953997
1.993030
1.989134
2.008217
2.008977
1.997449
1.999131
1.996109
2.004552
2.006085
2.013220
1.996159
2.014050
1.996336
1.999267
1.986510
1.999711
1.988098
1.985477
1.994386
1.991758
1.976454
1.977561
1.977600
1.994231
1.998598
1.994535
1.992298
1.990322
2.001894
2.004641
2.023142
1.997400
2.004600
2.009653
2.020862
2.022807
1.984309
1.982753
2.004499
2.001084
2.004445
2.003425
1.986587
2.009816
2.011018
1.999367
1.984678
2.010403
1.977350
1.969377
1.966334
1.997661
1.996115
2.008215
2.037587
2.028968
2.001532
1.998908
1.996280
1.990813
2.008465
2.004447
2.012965
1.995844
2.001955
1.995041
2.012416
2.020544
2.001420
2.014053
2.017621
2.016397
1.999228
2.012282
2.028419
2.006635
2.009315
2.023754
2.029540
2.019535
1.987729
1.986636
1.986632
1.997338
2.006236
2.015634
2.034140
1.990699
2.001813
1.999449
2.027749
2.014405
1.996257
1.996282
1.941640
1.976544
1.987208
1.981305
1.993223
2.023519
1.981799
1.978959
1.961913
1.971628
2.013995
2.015698
2.027478
1.980352
2.006187
2.013287
2.024562
2.006764
2.016254
2.019248
2.035181
2.009624
1.990573
1.987523
2.009081
2.008645
1.995445
1.999265
2.036395
2.036543
1.990797
1.980002
1.972795
2.000763
1.984823
1.976826
2.006263
1.999266
2.003103
2.002939
2.003322
2.000642
1.991907
1.992502
1.981877
1.986053
1.997331
1.996326
1.991670
1.992147
1.997750
2.000190
2.004534
2.004613
1.988091
1.979009
1.985315
1.992716
2.006445
2.012485
2.013699
2.024143
2.001852
2.003405
2.023153
2.022102
1.999779
2.008657
2.035081
2.039712
2.001587
2.003673
2.016044
2.008729
1.993137
1.992797
2.019454
2.022570
2.002679
1.995553
1.961765
1.945476
1.998211
1.989018
2.002293
1.987536
2.014642
2.013990
2.015021
2.000076
2.013122
2.015668
2.057011
2.050144
1.998012
1.997553
1.968890
1.991537
2.019726
2.009816
2.016062
2.004973
1.989743
1.985219
1.979973
1.992937
2.005715
2.010802
2.021727
2.018844
2.000145
2.011711
2.014286
2.012775
2.020791
2.013812
2.030781
2.028789
1.995651
1.993988
1.973254
1.987069
1.992549
2.000470
2.040549
2.049986
2.004612
2.001458
2.004887
2.021448
2.004993
1.997093
2.006322
2.014468
1.997933
1.994683
2.016346
2.006429
2.007245
2.014924
2.037797
2.067479
2.002731
1.996730
1.973450
1.987575
2.001684
1.993348
1.998860
2.049816
1.999455
1.988948
1.980324
2.006435
2.014773
2.017359
2.020505
1.991961
2.006776
2.002537
1.974052
1.984560
1.996990
1.984167
1.990987
1.996896
1.998169
2.002027
1.981431
1.985125
1.988030
1.987398
1.965622
1.975004
1.984216
1.981585
1.994393
1.990636
1.994709
1.994255
1.974570
2.003774
2.004822
1.994945
2.001902
2.002666
2.017035
2.011056
2.035403
2.058990
1.983832
1.975954
1.954627
1.973666
1.983986
1.991534
2.008762
2.013116
2.014027
2.016038
2.008573
2.028263
2.000707
2.004643
1.997109
2.021031
1.983592
1.984331
1.989707
1.996390
2.011098
1.999547
2.011151
2.023759
1.998132
1.993483
2.035253
2.024139
1.981769
1.987111
1.965006
1.985467
2.007778
1.998193
1.984555
2.007207
1.996661
2.000630
1.994178
1.985813
1.993888
2.011181
2.035602
2.021222
1.993179
1.995433
1.972143
1.962405
1.992402
1.976736
1.951372
1.962600
2.000435
2.011964
2.012550
2.015593
1.997827
1.989906
1.978870
1.982416
1.978694
1.980293
1.964274
1.963156
2.005281
2.006056
1.987084
1.980296
1.999221
2.008062
2.023494
1.999606
1.996202
1.993127
1.977910
1.986744
1.993227
1.988668
2.002104
1.999912
1.999877
2.011959
1.999314
1.987807
2.007200
2.003961
2.017909
2.029709
2.004583
2.000404
2.004734
2.005103
2.002330
2.011980
2.050307
2.023426
2.005938
2.007696
1.988539
1.987726
2.008305
2.003946
1.996001
2.015231
1.995344
1.992502
1.984908
1.995364
2.002178
2.007649
2.043413
2.010673
1.988898
1.983827
1.979808
1.962538
2.002473
1.993490
2.006085
2.019710
1.997795
2.008283
2.023234
2.010099
2.015573
2.006557
1.984370
1.974245
1.995674
1.993142
1.967585
1.983169
1.993526
1.989571
1.972858
2.005981
2.000285
1.992083
1.985193
2.007058
2.000563
2.013825
2.015556
2.014029
1.997300
1.994747
2.000632
1.999150
1.992629
1.996278
2.002042
2.027759
2.013318
2.023612
2.001153
2.014071
2.005470
2.017599
2.004277
1.991744
1.993234
1.995774
1.996324
1.973141
2.005141
2.023409
2.051820
2.024587
1.982886
1.981768
1.995491
2.000102
2.010182
2.010590
2.029029
2.030995
1.991687
1.994788
1.994909
2.010864
1.998432
2.002671
2.008143
2.016620
2.002520
2.015448
2.008051
1.992750
2.004438
2.007471
2.024483
2.010142
1.986392
1.989116
1.993069
1.988642
1.985582
1.983905
1.987996
1.996881
1.993084
1.998749
1.982515
2.002157
2.003153
1.992898
1.962351
1.966720
1.993960
1.987346
1.963691
1.956210
2.001555
2.008571
2.036658
2.039771
2.003226
2.010281
2.029840
2.002730
1.995734
1.998169
2.009746
2.028486
2.021985
2.025331
2.026820
2.018028
1.990568
1.995623
2.008215
2.009786
1.991957
1.998930
1.997027
1.987637
1.996304
2.007390
2.008041
2.019923
2.004218
2.009780
2.036313
2.025787
2.000675
2.009540
2.004065
2.010507
2.008219
2.012324
2.035190
2.031830
1.994110
1.991008
2.000164
1.981845
2.003373
2.007508
2.008480
1.972319
1.983674
1.990743
1.969064
1.964695
1.991266
1.974239
1.966197
1.957524
1.985000
1.974565
1.995390
1.993570
1.998060
2.006206
2.035209
2.030324
1.994268
1.990684
1.976733
1.999780
2.016139
2.018625
2.016845
1.999053
1.982799
2.001138
2.019352
2.014043
1.986160
1.978581
1.990938
1.978019
2.000421
1.995416
2.013341
1.997091
2.007647
2.004113
2.026248
2.027447
1.997338
1.985435
1.996133
1.996034
1.986814
1.979984
1.924284
1.950774
2.010392
2.022865
2.016469
1.985716
1.989763
1.994970
2.011014
2.029714
1.983007
1.980497
1.990214
1.997126
1.995220
1.976279
1.986579
2.003736
1.990187
1.999470
2.001408
1.999821
2.005579
1.994750
2.004163
1.995446
1.988815
1.995055
1.988231
1.999419
2.000697
2.012372
2.031599
2.027175
1.978784
1.984408
1.977526
1.988596
1.993082
1.987930
1.948555
1.958129
1.997131
2.005051
1.996782
1.984230
1.997573
1.993127
2.003470
1.991729
2.002876
1.996013
2.013238
2.010486
1.998250
1.981136
1.971106
1.975405
1.982983
1.980619
1.970627
1.991194
2.004372
1.999110
1.993000
1.989992
1.996484
2.008888
2.003996
2.001779
1.996424
1.994610
1.983167
1.979284
2.006428
2.017376
1.999421
2.023370
2.013065
2.005336
2.013218
2.009841
1.997429
1.991937
1.993848
2.004331
2.005322
2.012803
2.016229
1.963880
1.993485
2.001009
1.976717
1.996049
2.002242
2.003550
1.996060
1.992233
1.994623
1.999402
2.018669
2.024656
1.996186
2.014112
2.013548
2.017920
2.015888
2.027424
2.024748
1.991853
2.008287
2.014626
2.013214
1.988025
1.997558
2.001370
1.979478
1.981793
1.995011
2.002627
1.978494
2.005477
1.987754
1.990204
1.987557
1.997135
1.996697
1.992858
1.989962
2.006078
1.989192
1.982822
1.977832
1.984656
2.000001
2.002785
1.988451
1.977119
1.995165
2.004047
2.026975
2.031872
2.003103
2.000328
2.005956
2.015123
1.994546
1.995542
1.998985
1.971677
1.994928
1.992306
2.007237
1.987413
2.000783
1.992597
1.991575
2.001265
1.996931
1.989195
2.008465
1.998143
1.992978
2.000280
2.001157
2.018048
1.993102
1.984253
1.983718
2.032924
2.013677
1.999207
1.991522
1.970947
2.005304
1.993448
1.984729
1.993714
2.009119
2.017105
1.983738
2.014307
1.993689
1.993299
1.994001
1.993359
1.996567
1.986259
1.960832
1.992989
2.003167
2.012189
2.030531
2.034629
1.994479
2.003495
2.008824
2.025258
2.010381
2.017071
2.036841
2.033390
1.997176
1.986731
1.983622
2.011764
2.012353
2.029561
2.026979
2.039702
1.994158
1.994611
1.983219
1.990178
2.009384
2.013092
2.007199
2.031960
2.007017
1.998128
1.980128
1.999655
2.008325
2.005848
2.015996
1.986082
1.984083
1.975709
2.005000
2.028793
1.995770
2.007197
2.004138
2.001090
1.997501
1.997656
1.985204
1.997392
2.017361
2.031601
2.043959
2.029759
1.981001
1.973374
1.976982
1.983441
1.998742
2.002463
1.984344
1.996241
2.008125
2.012959
2.011636
1.995505
2.008534
2.005512
2.014263
2.019643
1.997872
2.001531
1.992410
1.995294
2.016197
2.017529
2.046896
2.042140
1.999092
2.019364
2.027805
2.029468
2.013339
2.017506
2.034436
2.007650
1.999233
1.985374
1.981324
2.015354
1.996694
1.992788
1.998538
1.983989
1.998848
2.005746
2.024395
2.036418
2.011201
2.013545
2.020453
1.973880
1.996067
2.004007
1.998251
1.997738
2.002315
2.001227
1.989195
1.975511
2.008738
2.015332
2.012203
1.993237
2.005532
2.001579
2.014824
2.023810
1.991134
2.001721
2.034466
2.032126
2.013372
2.013361
2.024683
2.020072
2.005352
2.005564
1.998740
2.002423
1.991509
1.993975
2.012735
1.990189
1.995844
1.998759
2.011629
2.007798
2.009281
1.994395
2.004480
2.013412
2.003375
2.004771
1.977042
1.965156
2.006028
2.007964
2.018596
1.994504
1.995245
2.010980
2.022348
2.015547
2.001353
2.000788
2.004163
1.988740
2.020990
2.021652
2.023663
2.011208
2.004928
2.002274
2.005802
1.995628
1.998694
1.997123
2.017180
2.013967
1.988196
1.997356
1.956846
1.979983
1.991022
2.005155
1.982883
1.965775
1.999887
2.005219
1.975174
1.987604
2.013887
2.012502
1.995748
1.994785
1.990667
1.992490
1.992755
2.010086
2.003218
2.005286
2.020578
2.041199
2.003796
1.993234
1.986203
2.009660
1.991243
2.002130
2.013732
2.002067
2.004590
2.002703
1.978580
1.984069
1.977148
1.994028
2.005593
1.982099
2.002892
2.010990
1.989557
2.003163
1.998315
2.005377
1.985406
1.949419
1.995868
1.996138
1.962192
1.968977
1.975847
1.973339
1.976028
1.980466
1.998345
1.990176
2.025144
2.010912
1.982008
1.998911
2.002358
1.969069
1.986619
1.986574
1.984794
1.980445
2.017691
2.014305
2.004500
2.014781
2.017916
2.010903
2.019870
2.010142
2.004887
2.012161
1.994946
2.005714
1.990858
1.986736
2.001797
2.027471
2.005835
2.009263
2.031821
2.023683
2.005091
2.012438
2.000691
1.985314
2.001808
2.000731
2.022907
2.029367
1.988874
1.986480
1.990286
1.977765
2.006980
2.000301
1.977686
1.982823
1.991166
1.992861
2.004325
2.001486
2.000107
1.993628
1.989382
1.975565
1.988351
1.992307
2.000048
2.010751
1.996810
1.995666
1.988152
1.957908
1.991395
1.996952
1.965529
1.982228
1.987467
1.996339
2.004444
2.023968
1.998329
1.997324
2.006364
2.009735
1.999855
1.999967
2.018784
2.009878
