2.000971
1.996118
1.990004
1.980899
1.988263
1.979417
1.970812
1.950261
1.998659
2.018821
2.009307
1.992923
2.003155
2.013543
2.027327
2.044890
2.001083
2.012178
2.028847
1.994893
2.001356
2.003231
1.991044
1.987879
2.000292
1.998259
2.014084
2.020025
1.995558
1.995515
2.031353
2.040259
1.988820
1.977379
1.977555
2.014899
1.995870
1.996102
1.976931
2.011454
2.000464
2.003080
1.994621
1.985242
1.982990
1.983325
1.985472
2.020599
1.997114
1.994260
1.997240
1.993076
2.008985
2.012899
2.013490
2.010968
2.010577
2.004910
2.029940
2.008590
1.993387
1.979950
1.977069
1.980608
1.998276
2.010717
2.020492
2.025957
1.993799
2.004337
2.023311
2.015171
1.985477
1.980215
1.951817
1.952430
2.005802
2.004212
2.006725
2.011182
2.013184
2.004523
1.997032
1.998805
2.017714
2.023177
2.004739
1.973981
1.993876
2.000818
2.006214
1.977318
2.005790
2.016383
2.004589
2.007182
2.004844
2.014474
2.009595
2.024206
1.993016
1.997000
1.990056
2.003444
1.999395
2.009923
2.029657
2.015035
2.005358
1.995182
1.986303
1.994315
2.005082
2.006992
2.030742
2.012668
1.985847
1.990186
1.954010
1.981821
2.007114
2.010022
2.007331
2.027759
2.004108
1.998076
1.994396
2.003839
1.987229
1.986447
1.992723
1.990307
2.004769
2.006529
2.019998
2.002081
1.999124
2.001223
2.006901
1.988663
1.996526
2.001780
1.993217
2.007428
2.001756
1.992796
1.996904
2.005497
2.017017
2.016683
2.023269
2.035840
2.003985
2.012331
2.019317
2.024623
1.997575
2.009969
2.006740
1.988470
2.001522
2.000013
2.004162
2.011202
1.996711
1.984102
2.008872
1.993344
1.994389
1.996541
2.023292
2.007213
2.000891
1.989994
1.972728
1.994207
1.994353
1.995502
1.991955
1.973586
1.998477
1.989251
2.009966
2.026102
1.983702
1.971495
1.954985
1.967632
2.028884
2.023848
2.041431
2.009930
1.994126
1.988658
1.990251
1.975858
2.004054
2.010621
2.002062
2.027356
2.003578
2.002376
1.990378
1.973245
1.983102
1.996714
1.997996
2.001966
2.013861
2.006909
2.014816
1.997673
2.022327
2.018558
2.024274
2.033530
1.994693
1.993939
2.008980
1.995025
2.005844
2.008650
2.006840
1.997779
2.007008
1.999871
2.000733
2.000988
2.002579
2.000925
2.015775
2.011378
1.987441
1.990949
2.012515
2.011526
1.992203
1.997065
1.990907
1.997423
2.004579
2.007482
2.011801
1.998608
2.004834
2.012660
1.985163
1.975062
1.996527
1.984367
1.992124
1.977171
1.993226
1.990370
2.002000
2.010428
2.001946
2.004778
2.009431
2.014718
1.995586
1.989996
2.004057
2.009727
2.002474
1.999199
1.979092
1.988311
1.986453
1.993960
1.994807
1.981053
2.006193
1.996974
2.021671
2.050460
1.994654
1.999417
2.016174
2.012994
1.992859
1.998552
1.996473
2.015932
2.003861
2.001453
1.992466
1.985845
2.011771
2.008199
2.012968
2.015905
2.002600
1.997349
2.006175
1.981973
2.022229
2.019065
2.026137
2.023921
1.983257
1.993656
1.997911
1.983121
1.990121
1.985697
1.987113
1.977449
2.001985
1.984503
1.992863
1.997387
2.001700
1.989931
1.968143
1.981239
2.015858
2.025299
2.040867
2.003350
1.996874
1.983927
2.014602
2.009539
1.998229
1.985804
1.989821
1.995400
1.988010
1.996707
1.990520
1.987092
2.001788
2.007680
1.992856
2.011853
2.004056
2.000691
2.003934
2.032825
2.002157
2.003816
1.982114
1.991832
2.009495
2.000710
2.004047
1.982818
1.989328
1.987242
1.995330
2.007181
1.992667
1.993326
1.985415
2.004390
2.012937
2.008886
2.034632
2.042773
1.986206
1.985659
1.992935
1.979160
2.026475
2.020379
2.003170
2.013394
1.992370
1.982751
2.006650
2.007452
2.001203
2.006244
1.993481
2.012231
1.989843
1.979396
1.961111
1.972718
1.997393
1.995152
1.995753
1.955494
2.006281
1.986836
1.961504
1.976379
1.978858
1.984848
1.962522
1.975571
1.983808
1.981882
1.995036
1.942156
2.003330
1.999979
2.035591
2.020668
1.998286
1.989760
1.998836
1.980755
2.001272
2.001396
1.989795
1.995796
1.991882
2.000646
2.000545
2.000130
2.008999
2.001242
1.984668
1.995989
1.997724
1.999681
1.970458
1.978434
1.982904
1.992239
1.992157
1.970195
1.995059
2.003349
1.994308
1.957956
2.012332
2.019590
2.025563
2.021319
1.999529
1.998265
2.016747
2.004601
2.002170
2.006329
2.025467
2.017254
1.990219
1.993350
1.995833
2.019425
1.998196
2.002154
1.997833
2.019385
1.992536
2.006838
1.990459
1.994975
1.988379
1.993412
1.960607
1.997188
1.991114
1.984571
1.936648
1.964792
2.025016
2.019379
1.998745
1.986705
2.004849
2.000958
1.996089
1.978596
1.999961
2.001083
1.988280
1.983765
1.988488
1.994901
2.005806
2.020359
2.001791
2.013590
1.996808
2.001651
1.996090
2.001351
2.013942
1.976985
2.009383
2.008200
1.975855
1.986684
2.004021
2.003354
2.025401
2.001648
1.994924
2.014137
2.023396
1.994118
1.990891
1.980834
1.979576
1.996772
2.004584
2.003199
2.000138
1.979133
1.989240
1.984860
1.980490
1.977764
2.007118
2.017450
2.000381
1.990291
1.998466
1.994012
1.988132
1.981420
1.996448
1.997429
1.996233
2.003285
2.010723
2.015762
2.013679
2.008104
2.001557
1.999438
2.003138
1.989726
2.010128
2.008273
1.981437
1.996107
1.990639
1.977706
1.981086
1.965198
1.975264
1.970888
1.964028
1.973553
2.000766
2.007733
2.008173
1.986864
2.010145
2.006619
2.007508
2.018868
2.019469
2.016186
2.035856
2.034007
2.000871
2.019351
2.005986
1.996869
1.979116
1.987307
2.003373
2.010677
1.994950
2.001744
1.989813
1.984993
2.013994
2.010401
2.029348
2.005041
2.010381
2.004046
2.013862
2.027243
2.003143
2.023851
2.011517
2.027750
1.983775
1.975431
1.976117
1.969570
1.993327
1.996738
1.995377
1.950927
1.991706
1.998886
2.011790
2.030089
1.991680
1.993997
1.998311
2.008703
1.999459
2.000076
1.983635
2.017591
1.990788
1.983403
1.967085
1.963473
2.013862
2.004878
2.014897
1.967874
1.998676
2.005166
1.973606
1.997750
2.008293
2.005733
2.014778
2.003935
1.980428
1.978302
1.992942
1.995894
2.016389
2.011581
1.999970
2.017341
1.995854
2.012679
2.035169
1.989060
2.011428
2.000359
1.986212
1.987421
1.989292
1.997297
2.015427
1.990458
2.003423
2.007940
2.010533
2.005690
1.983923
1.982131
1.995009
2.004133
1.994965
1.980370
1.988340
1.981847
1.992667
1.998439
2.009827
2.008849
2.011638
2.010443
2.022820
2.046221
1.984907
1.992151
1.994010
2.008944
2.014997
2.037091
2.059407
2.029634
1.998110
2.006132
2.024961
2.022996
2.009703
2.009632
2.013540
2.003054
1.990138
1.991129
1.994755
1.988638
2.009954
2.009386
2.003911
1.993752
1.998511
2.001398
1.994329
2.013339
2.004749
1.996932
1.990910
1.975781
2.004363
2.005655
2.002942
1.980928
1.995097
1.994449
2.000139
2.028781
1.999946
2.011640
2.012817
2.032375
2.006445
2.012601
2.026639
2.046434
1.989338
1.979810
2.002936
2.007878
1.991922
1.989680
1.973707
1.994787
2.014192
2.008622
1.969908
1.978914
2.014225
2.028568
2.020692
1.999704
2.009791
1.999839
1.965585
1.980062
2.019732
2.016591
2.039811
1.994581
1.993773
1.990358
1.990828
1.969426
1.993538
1.988304
1.989873
1.969995
1.991470
2.005907
1.982560
2.015129
1.984255
1.986305
2.004419
2.019258
1.986409
1.982363
1.955028
1.946054
1.998108
2.002672
2.001358
2.029721
2.001775
2.001969
2.012591
1.993877
2.014647
2.021620
2.022747
2.003135
2.007403
2.008004
2.013952
2.008771
2.001717
2.007133
2.032365
2.003802
1.995439
1.994887
1.989646
1.991992
2.003264
1.993362
1.985465
1.975379
2.012543
2.016785
1.993755
1.971835
2.009061
2.006663
1.999298
1.979104
2.010627
2.014245
1.985532
1.979149
2.007490
2.006981
2.016399
2.031054
2.005755
2.007232
1.984364
1.996141
1.978811
1.984254
1.982971
2.009892
2.006665
2.010462
2.006921
2.021120
1.999480
1.996708
1.973108
1.980620
1.993492
1.999016
2.002405
1.983371
2.009698
2.021316
2.037464
2.031876
1.991271
1.992483
2.002787
2.029786
2.003836
2.001102
2.008620
1.994437
2.012132
1.987660
1.963153
1.986667
2.002136
2.001665
1.989288
2.005920
2.019141
2.026270
2.030731
2.014764
2.016647
2.006861
2.036019
2.014630
2.003393
1.984678
1.971850
1.983161
1.983403
1.989782
2.014297
2.003656
1.998325
1.987596
1.986463
1.945965
1.995530
1.992754
2.003103
2.023978
2.010202
1.998100
1.985955
1.993967
2.002481
2.005576
1.999696
2.027611
1.990650
1.997489
2.001254
2.014639
2.002523
1.998769
1.988945
2.000805
2.006769
1.999104
1.996322
1.995035
1.997495
2.008064
1.987553
2.000126
2.006272
2.008193
2.026189
2.020978
2.013000
2.004318
2.020898
1.973518
1.991927
2.001903
1.987576
2.002808
2.001036
2.012440
2.051095
2.039863
2.005963
2.012709
2.016352
2.004467
2.001677
1.993744
2.025928
2.003901
2.008228
2.016393
2.009648
2.014771
2.003817
2.002681
2.035297
2.014627
1.988835
1.999052
1.994280
2.009336
2.001283
2.007620
2.011605
1.988113
2.013537
2.015588
2.019767
2.015570
1.986904
1.991123
1.992555
1.995641
2.009796
2.001302
2.023460
1.998602
1.993432
1.989658
2.003588
2.006388
2.000509
2.005014
2.007788
2.019860
1.999184
1.997875
2.017275
2.057043
1.999947
2.002461
1.974937
1.968919
1.995453
1.998967
2.025465
2.020963
2.008379
2.015340
2.002025
2.001101
1.997884
1.979260
1.963019
1.980562
1.998251
1.999428
1.985158
1.999591
2.004162
2.006157
1.990318
1.988909
2.017914
2.012951
2.025420
2.007025
2.018098
2.015498
2.007739
2.017882
1.991763
1.986115
1.994448
2.004278
2.009145
2.009152
2.018131
1.993095
1.980696
1.983186
1.974609
1.992882
2.010493
2.001246
1.972939
1.988366
2.008635
2.011470
1.993013
1.980469
1.983036
1.990195
1.992451
1.986036
2.004783
1.998181
1.996267
2.002696
1.990517
1.984068
1.994974
2.004751
2.013251
2.009975
2.022297
1.981782
1.987009
1.995183
1.995968
2.017451
2.000326
2.002648
2.000411
1.986373
1.989893
1.980194
2.006875
2.008119
1.995195
2.000545
2.022660
2.020523
2.008278
1.994553
1.999399
1.995321
1.997263
2.000077
2.028690
2.032230
2.012678
2.015325
2.020073
1.999388
1.999724
1.990227
2.014662
2.006253
1.994878
1.992812
2.005325
1.992032
1.997838
2.010095
2.021841
2.030033
2.008422
2.021664
1.994863
2.013558
1.993848
1.994237
1.989474
2.007010
1.994339
1.997606
1.995362
1.995912
1.997572
2.005106
2.028780
2.021217
2.004541
1.997867
1.989091
1.997655
1.998138
1.996059
1.992196
1.994952
1.986441
2.003690
1.984238
2.017283
2.003867
2.005961
2.004954
1.985019
1.996502
1.997330
2.003813
1.999187
1.980924
1.980407
2.004315
2.019615
1.988969
1.971104
1.967413
2.007668
1.999242
1.996113
2.012731
1.993460
2.000812
1.988838
1.984204
1.980171
2.004947
2.013242
2.005675
2.008672
2.004994
2.007423
2.008916
2.029451
2.006152
2.012153
1.993869
2.007497
1.992413
1.986718
1.977819
1.999143
2.006210
1.997821
2.020357
2.001795
2.003251
2.003555
2.014365
1.998022
1.996203
2.004276
1.998066
1.991539
1.990778
1.994366
1.995466
2.009801
1.979589
1.984831
1.995651
1.993592
1.999863
2.009697
1.994422
1.988689
1.989148
1.978347
1.971755
1.971150
1.993546
1.989814
2.016837
1.976052
2.000850
1.995919
2.001419
1.990678
1.983798
1.980978
1.958982
1.992549
2.003979
1.998877
1.998821
1.983663
1.998346
1.990632
1.989848
2.024284
1.991816
1.985792
1.981521
1.969489
2.011578
2.001282
2.004020
1.999570
2.006075
2.004013
1.985847
1.988109
2.006381
1.995566
2.000832
1.999000
2.002064
2.005018
2.005542
1.995170
2.000755
1.991582
1.978894
1.979419
2.008500
2.022379
2.016849
1.999473
2.008163
2.002154
1.994626
1.996711
2.004816
2.020437
2.036827
2.022056
2.008321
2.009955
2.008411
1.982281
2.003315
1.992216
1.987775
1.995100
1.998512
1.998227
1.980325
1.993963
1.996198
1.982463
1.925941
1.972226
1.994999
1.993519
1.991811
2.016197
2.015060
2.006893
1.981125
1.974426
1.999556
2.019031
2.012458
1.990654
1.997483
1.997412
2.025511
2.020701
1.984044
1.993338
1.983712
2.004387
1.997751
1.992330
1.998986
2.019538
1.995990
1.999594
1.992680
2.013439
1.999715
2.006721
1.995396
1.988869
2.004698
1.999949
1.994486
1.998383
1.995139
1.993606
1.996651
1.966920
1.997707
1.993787
1.981718
1.973452
2.011695
2.000980
1.997798
2.030362
2.014740
2.010079
2.008604
2.015780
1.994250
1.979561
1.963186
1.961525
2.005449
2.010454
2.017471
1.978686
2.007163
2.025457
2.050055
2.017856
2.000365
2.007377
2.038836
2.015148
2.010148
1.999541
1.984041
1.984190
2.005511
2.005784
2.002882
2.032379
2.011967
2.004841
2.020770
2.015764
1.998780
1.994223
2.009994
1.981315
2.012748
2.003984
1.987024
1.982054
1.999146
2.006227
1.996312
2.017220
1.986609
1.968476
2.000541
2.010782
1.989496
2.002663
1.996356
1.997157
1.988244
1.983747
1.964865
1.966568
2.014352
2.016620
2.036142
2.023328
1.997662
1.999894
2.022239
2.030032
2.002739
2.002239
1.995802
2.008704
1.987866
1.988816
1.983715
1.974332
2.003357
2.018917
2.023242
2.012255
2.015907
2.002257
1.989409
1.977341
2.008573
2.011097
2.016882
2.026362
1.987053
1.995085
1.973266
1.989381
2.001469
2.009214
1.989442
1.996279
1.992004
1.992142
2.017976
2.013426
2.006953
2.000370
2.011796
2.025789
1.999046
1.977549
1.952544
1.959257
1.991555
1.992651
1.973633
1.994914
1.994208
1.998549
2.010831
1.989349
2.005114
2.009513
2.000615
1.988881
2.009406
2.014761
1.973956
1.986863
2.007685
2.009860
2.020867
2.036883
2.012637
2.005335
1.993829
2.001143
2.018789
2.018390
2.029021
2.020318
1.985629
1.963770
1.961191
1.992244
2.002435
1.996555
1.963348
1.987326
2.008117
2.010492
2.023287
2.023482
1.998015
1.992310
1.959851
1.989918
2.016552
2.016026
2.011637
2.036492
1.991019
1.981315
2.031434
2.025188
2.001819
2.004074
2.008852
1.994516
1.992691
1.988660
2.015650
1.994115
1.995087
2.004651
2.013838
2.014421
1.997499
2.000647
1.977701
1.999232
1.990836
1.995775
2.010534
2.036415
1.989616
1.995329
2.000578
1.984469
2.002627
1.995928
1.954513
1.973601
2.003651
2.004670
2.002981
1.984616
1.998912
2.003397
1.991102
1.997848
1.991418
1.987186
2.000079
1.986063
1.990393
1.992608
1.987845
1.961944
1.996590
1.994794
1.983151
1.963898
1.994191
1.984269
1.986383
1.993005
1.994996
1.995375
2.002711
2.005046
2.005383
1.988131
1.973133
1.985547
2.021318
2.031647
2.026333
2.021897
2.006991
1.996971
2.036099
2.025814
2.002514
1.992808
1.980940
1.982100
2.000541
2.003807
2.003913
2.007335
1.984536
1.988370
1.980172
1.961976
2.004766
2.006673
2.009100
2.006906
2.007621
2.013889
2.034732
2.029201
2.001497
2.004149
2.007830
2.000389
2.011891
2.011730
2.017892
2.035200
1.997939
1.984042
1.990917
2.005116
2.012222
2.010973
1.973964
1.956101
2.007043
2.018575
2.008107
1.985484
1.989268
2.001890
2.002484
1.986968
1.990642
1.995026
2.020825
2.014573
1.992733
2.007989
2.023367
2.005134
1.997354
1.996414
1.960448
1.974746
1.995140
1.991212
1.985498
1.962757
2.004532
1.994060
2.004963
2.004608
2.008450
2.018419
2.010641
2.009641
2.003341
1.994208
1.991666
2.001586
2.015397
2.015981
2.044363
2.054746
2.002146
2.004367
1.987115
1.996854
2.002135
2.005175
2.003619
1.990181
1.989712
1.991791
1.989458
1.998861
1.994697
1.992478
1.955780
1.943325
2.002277
1.986702
2.000167
2.022759
2.002542
2.001624
1.986338
1.979757
2.005679
2.007426
2.029422
2.004812
1.993955
1.999163
2.003054
1.997047
1.995640
1.988319
1.968109
1.991247
