1.993370
1.999758
1.986413
1.981396
1.996812
1.996085
2.008520
2.012520
1.988311
1.996033
1.980693
1.966488
1.995139
2.013490
2.022114
1.992784
2.016449
2.016318
2.009759
1.996768
1.991175
1.993530
1.990791
1.944668
1.994215
2.000491
2.003389
2.038099
2.011282
2.018014
2.006016
1.966710
2.000288
1.996263
1.996405
1.985756
2.003033
1.998542
2.000908
1.984606
2.013280
2.007151
2.017680
1.971070
1.997321
1.997098
1.963536
1.986353
2.013442
2.023463
2.026103
2.029567
1.990158
1.977823
1.981857
1.968888
2.001532
1.999346
1.975703
1.973079
1.998623
2.014261
2.035699
1.984736
1.999485
1.989452
1.979923
1.986718
2.001468
2.007435
2.009249
1.996209
2.000719
2.019604
2.005427
1.994959
1.993255
1.987093
1.976055
1.949030
1.994886
1.981054
1.986916
1.988042
1.999225
2.008016
2.006450
1.986616
2.013740
2.008907
2.022894
2.016732
2.002625
2.023229
2.010669
2.026446
2.001306
1.998804
2.014108
1.994165
2.000320
2.012756
2.031760
2.019945
2.010984
2.009280
2.004021
2.010534
2.000395
1.988716
1.983516
1.983500
2.000336
2.001056
1.983821
2.017176
1.996990
2.002349
1.999846
2.015211
2.002923
1.994902
1.985955
1.978536
1.993765
1.999724
1.967551
1.957711
1.995278
1.995224
1.979588
1.997590
1.982396
1.981446
2.000175
1.997492
2.003664
2.000886
1.979241
1.950129
1.989286
1.982034
2.006839
2.014694
2.003412
2.001662
2.022391
2.043096
2.002275
2.004913
2.015123
2.012914
2.004266
2.009694
2.013144
2.006013
2.020734
2.026066
2.019490
2.014743
2.019401
2.019917
2.042039
1.998638
2.011600
2.006447
2.008911
1.986553
1.995939
2.008862
2.035463
2.028985
1.985230
1.993266
1.995066
2.008320
2.002868
2.004442
2.019585
2.020618
1.985798
1.983966
1.956220
1.951772
2.011328
2.006633
2.001768
1.988992
2.001100
2.015543
2.030562
2.007141
2.009549
2.008925
2.001851
1.991104
2.003838
1.992968
1.993749
2.014343
2.003525
2.007388
2.030681
1.996986
2.003573
2.007148
2.017793
2.022437
1.997876
1.998422
1.943281
1.977312
2.000336
2.011961
2.012567
2.032230
1.990105
1.987036
1.985908
2.000169
2.010388
2.012337
1.981553
1.976250
1.989900
1.995985
1.991966
1.992799
2.019742
2.022302
2.041265
2.010272
2.015423
2.029309
2.020561
1.997580
1.988355
1.980999
1.996851
2.029660
2.001785
2.000130
1.979383
1.981364
1.992315
1.999424
1.994482
1.988419
2.001907
2.001506
2.001266
1.998632
1.990675
2.005827
1.981568
2.014068
2.011105
2.021124
2.021759
2.025715
2.011879
1.987878
1.960287
1.982238
2.006326
2.002365
1.999921
2.000015
2.009561
2.015343
2.016971
2.019003
2.013121
2.019354
2.021775
2.000902
2.001968
2.014817
2.041546
2.028670
1.985088
1.993769
2.022735
2.008571
2.007921
2.007355
2.041080
2.030217
2.002359
1.996809
1.956905
1.941720
2.011860
2.015219
1.993302
1.972334
1.998941
2.004603
2.012581
1.973377
1.990757
1.996554
2.001373
2.017179
1.992071
1.983760
1.999446
2.027701
2.019141
2.009682
2.019558
2.010481
1.978876
1.984034
1.983849
2.010892
2.002301
2.006907
2.007346
2.002835
2.012125
2.001714
2.018922
1.975712
2.002925
1.996682
1.994161
1.994185
1.995921
1.994487
1.972974
1.986447
1.991568
1.991480
2.002689
2.030542
1.997885
1.998349
2.007529
2.022913
2.007822
2.015451
2.012644
2.014145
1.986868
1.981891
1.971834
1.969840
2.009623
2.017626
2.043477
2.072225
2.015905
2.006448
2.034259
2.013312
1.977315
1.976802
1.963683
1.949803
1.981827
1.986611
1.992405
1.999079
2.018035
2.017648
2.008640
2.026111
2.005656
2.000254
1.970499
1.984016
2.010484
1.999103
1.987021
1.994325
2.000376
2.000594
2.038237
2.051602
1.998588
2.001284
1.971834
1.967385
1.999044
1.994223
1.959464
1.970232
1.991938
1.992104
1.972235
2.001636
1.997647
2.008603
1.987898
1.998430
1.988518
1.988590
1.970027
1.954782
2.002989
2.006448
1.988506
1.987709
2.001502
1.993763
1.984898
1.973286
2.014767
2.014054
2.006915
2.026911
2.005893
2.012457
2.013966
2.003465
1.996350
1.992406
1.999877
1.982669
1.982654
1.986428
1.978834
1.996218
2.010365
2.009161
2.011142
1.983365
1.982577
1.987954
1.965749
1.978432
2.001183
2.008127
2.012663
1.988195
1.995213
1.996369
1.975264
1.993902
1.989842
1.982133
1.995034
2.007181
2.004441
2.003253
2.002170
1.993882
1.992724
1.977256
1.955910
1.963229
2.000403
2.005350
2.009204
2.019918
2.019535
2.007346
2.022561
2.023737
1.997693
1.998375
2.012645
2.015476
1.998299
1.987435
2.002019
1.982642
2.001844
2.008204
2.021657
1.997956
1.998855
1.979837
1.962501
1.981530
2.004113
2.015515
2.043356
2.008550
1.996259
1.995055
2.004131
1.999631
2.015757
2.013514
1.986071
2.008928
2.003423
2.001306
2.007827
2.004282
1.992177
1.986006
1.995236
2.004598
2.003433
2.008023
2.025073
2.004005
1.998311
2.004780
2.029642
2.024123
2.006283
1.996735
1.991631
1.992220
2.005288
2.009685
2.044261
2.011804
1.982685
1.989911
1.989568
1.982187
2.001115
1.999334
2.007349
1.996525
1.998168
1.996694
2.002726
2.001338
1.997236
2.004274
1.986517
2.006164
1.997054
1.995284
1.972255
1.988627
1.999836
2.002856
1.999067
1.986837
2.003417
2.014255
2.007052
2.023371
2.001913
2.009547
2.001365
2.011812
2.001503
2.005130
1.975121
1.989426
1.994783
1.998679
2.003934
2.028123
2.011698
2.014319
2.020828
1.999574
2.001234
2.001104
1.976521
2.010408
2.002801
1.998625
2.009075
1.996154
1.991418
1.993073
2.008312
2.024796
1.983867
1.980314
1.996082
1.997197
1.994363
1.994278
1.987834
2.005135
1.993219
1.988767
1.991126
1.977031
1.989236
1.977377
1.973021
1.969767
2.000609
2.000759
2.034888
2.036088
2.004168
2.007120
2.025914
2.016327
1.986288
2.004206
1.987653
2.019318
1.994089
1.992876
2.023277
2.031670
2.002499
1.997296
2.000764
2.028984
2.008377
1.999587
1.993631
2.000009
1.990993
1.982468
1.955613
1.951553
1.999952
1.995184
2.011697
1.988227
1.986520
1.981377
1.987134
2.001960
2.000309
2.004314
2.010992
1.998335
1.992211
1.989546
1.996614
2.004776
1.991075
1.997085
2.012164
2.005427
1.991244
1.984937
1.976360
1.996336
1.990195
1.998735
2.027152
2.029761
2.007926
2.007361
2.002480
1.974811
2.004318
2.000086
1.992138
1.992078
2.009484
2.013469
2.038212
2.032672
1.979239
1.983906
1.994196
1.992834
1.996336
1.987062
1.978423
1.959785
2.014841
2.006693
1.982349
1.974921
1.993551
2.005915
2.024655
2.016224
1.985576
1.975142
1.999703
1.995862
1.983034
1.980167
1.957597
1.991331
1.997051
1.971638
1.974603
1.970678
1.995058
1.998123
1.991124
2.014737
1.994139
1.990733
1.979355
1.975165
1.986554
1.977257
1.987097
1.977959
2.004933
2.003504
1.985795
1.988508
2.002114
2.006804
2.002913
2.010661
2.010599
1.997737
1.992188
2.022142
2.009675
2.022212
2.046075
2.042752
2.009621
2.023474
2.015424
1.984409
2.006863
2.001674
1.994516
1.997883
1.994470
1.993236
2.001573
1.983862
1.999710
2.006309
2.032751
2.013335
1.992677
1.992460
1.985545
1.973469
2.005931
1.997173
2.005694
2.002304
1.995931
1.982868
1.925099
1.971472
2.011084
2.015737
2.026845
2.024238
2.012111
2.005075
1.993420
1.986292
2.002912
2.017907
2.008736
1.995972
1.997414
2.002514
1.991584
1.978610
1.984801
1.994061
1.985678
2.006557
1.997978
1.990351
2.011093
1.998398
2.015212
2.016120
2.040151
2.023205
1.999554
2.005954
2.031959
2.004331
2.002488
1.995902
1.991343
1.986368
1.995050
1.992052
1.994952
1.968497
2.019324
2.013592
2.009329
2.023480
2.015530
2.004302
1.996626
1.978004
2.003197
1.992308
1.950776
1.956378
1.996642
1.990093
1.994670
2.013220
2.005003
2.011628
2.019214
1.981272
2.016893
2.009014
2.017159
1.997647
2.006478
1.996752
2.008277
2.023326
2.010340
2.006969
2.000872
2.028354
2.000292
2.017341
2.019667
2.020081
2.011713
2.004692
2.020753
2.015722
1.989724
1.989840
1.972288
1.985024
2.009587
2.016792
1.976311
1.983665
2.004269
2.017649
2.004664
2.007185
1.989393
1.992316
1.989526
1.999816
1.990375
2.003877
1.997809
1.994502
1.991715
1.990138
1.989859
1.990462
1.999258
1.992947
1.958649
1.981936
1.990193
1.986905
1.968047
1.968045
2.001149
1.998434
2.003852
2.010344
1.988311
1.989693
1.983682
1.973433
2.015891
2.004526
1.998575
1.998002
2.001280
2.004862
2.009320
1.993249
2.009135
2.002437
1.995828
2.011658
1.992871
2.001255
2.001670
2.017652
2.002883
2.010264
1.991765
1.999169
1.996571
2.005354
2.016492
1.985135
1.990146
1.993930
2.003101
1.986530
1.995830
1.995128
1.971176
1.972607
1.996133
1.996671
2.001077
2.000081
1.993584
1.998062
2.010443
1.987716
1.988010
1.982353
1.977844
1.991899
1.990553
1.993496
1.986517
1.957304
1.991654
2.000067
2.013336
1.995401
1.996284
1.987628
1.993514
2.019495
2.016512
2.018269
2.029488
2.020077
2.003898
2.013190
2.024820
2.027166
2.024516
2.034340
2.033248
2.025347
1.989993
1.984992
1.983141
1.983857
2.009601
2.008460
2.013872
1.988955
2.017921
2.018236
2.015115
2.035438
1.986370
1.998555
2.030033
2.014592
2.004433
2.008275
2.006487
2.005484
2.001657
1.990577
1.957324
1.984651
1.984151
1.973842
1.977377
1.978878
1.997275
1.999713
1.976960
1.999001
1.990682
1.992120
1.989310
2.010406
2.008933
2.006382
1.968297
1.951760
2.007854
2.004525
1.999256
2.011076
2.012813
2.015182
2.045975
2.039558
1.999985
2.005149
1.995485
2.001404
1.985287
1.994837
2.009173
1.987629
1.998592
1.996163
1.954277
1.966867
1.994903
1.998327
2.028355
1.996234
1.999928
2.008380
2.029981
2.039926
1.996131
1.996904
2.004687
2.006392
1.985200
1.985293
2.014990
2.019899
2.011957
2.011049
2.040091
2.052412
2.008727
2.018075
2.030429
2.010943
2.007446
2.002925
2.020705
2.026861
1.998187
2.000599
2.002203
2.006268
1.992416
1.979743
2.011662
2.004083
1.999047
1.983194
1.990980
2.018842
1.995671
1.998077
1.992086
1.997858
1.995577
1.998274
2.020923
2.013772
2.012262
2.011831
2.018511
2.037157
1.995414
1.991200
1.997970
1.969166
1.993400
1.991475
2.005529
1.992969
1.989449
1.988109
2.017389
2.017290
2.001818
1.999308
2.003425
1.986857
1.990461
1.994029
2.021041
2.016029
2.005683
2.012832
2.040042
2.012682
2.000200
1.983297
1.981022
1.991632
1.983345
1.979876
1.984769
2.003569
1.992997
2.007448
1.986507
1.965475
2.007952
2.018924
2.010408
2.010632
1.994382
2.002516
1.986475
2.002380
1.992892
1.986311
2.011822
2.000984
1.991943
1.985960
1.985958
1.990959
2.005569
1.995105
1.986693
2.008884
1.990064
1.992338
1.989588
1.998592
2.001584
2.004383
2.041579
2.038348
2.012439
2.003183
1.986720
1.988358
2.004742
2.018380
2.027153
2.002189
2.002347
2.013405
1.999664
1.957676
1.994253
2.000077
2.002439
1.997653
2.002547
2.002167
2.007678
2.011205
2.008578
2.017653
2.011649
1.999382
2.006882
2.007792
2.014814
2.022222
1.989093
1.992532
1.993157
1.984382
2.010995
2.027403
2.030117
2.042815
2.001276
2.000679
2.001367
1.989977
2.001174
2.004856
2.011178
2.015745
1.999093
2.000749
1.975754
1.982366
2.009197
2.013293
2.037652
2.024597
2.004894
2.006359
1.973550
2.015979
2.002453
1.995208
2.018147
2.003338
1.996306
2.015907
2.024143
2.020702
1.994670
1.999611
1.974661
1.970615
1.993306
1.995892
2.009620
2.002807
1.996164
1.992206
2.008021
2.030918
1.995296
2.009994
2.000668
1.966794
2.010321
2.017260
2.018322
1.999854
2.014348
2.018179
1.992338
1.991100
1.986645
1.994316
1.998757
2.020366
1.995493
2.002374
2.027324
2.018482
2.003326
2.009598
2.014455
1.978933
2.013884
2.010954
2.010851
2.007593
1.989385
1.978530
1.983442
1.975775
1.991275
2.005512
2.019269
2.004519
2.000694
1.991296
1.994459
2.011231
2.000828
2.009786
1.995671
2.018360
1.994490
1.985561
1.965097
1.955463
2.019418
2.010636
2.000530
2.003361
2.002183
1.990138
1.998278
2.019200
2.015224
2.018647
2.023265
2.021941
1.985220
1.991169
1.986601
1.983038
2.001034
2.000189
1.998460
2.013292
1.988701
1.976401
1.987817
1.979684
1.991628
1.983094
1.949353
1.967880
1.994548
2.001569
2.003283
2.006211
1.987055
1.987758
1.981717
1.953205
1.998515
1.993285
1.990941
1.982655
1.988675
1.995250
1.976469
1.991953
2.005180
1.996232
1.995195
1.986822
2.006406
2.007508
2.001679
1.997296
2.005371
2.018752
2.054994
2.034349
2.010348
2.001030
1.989338
2.013685
2.019089
2.026799
2.030702
2.031578
1.992155
1.977105
1.983989
1.986108
2.003720
2.013809
2.060497
2.048562
2.011831
2.021794
2.007230
2.017674
2.004069
1.994515
2.005614
2.017489
1.990041
1.978370
1.955652
1.994217
2.003245
2.008315
2.020704
2.016970
1.990993
1.983450
1.992500
1.952407
2.005589
2.022861
2.030216
1.990125
2.007295
2.016574
2.044243
2.000092
2.005301
2.017339
2.004537
2.017851
2.001543
2.008650
2.034343
2.025203
2.007915
1.998784
2.015273
1.994042
1.996300
2.005969
2.003365
2.018269
2.016041
2.017946
2.029783
1.989328
1.999643
2.002532
2.017539
1.992729
1.996278
2.001405
2.027764
2.006509
1.979632
1.981607
1.988866
1.971666
2.013359
2.018454
2.028901
2.042038
1.991808
1.980930
1.974578
1.992117
1.980245
1.973818
1.968496
1.998238
2.003950
1.996531
1.994417
1.979249
1.991859
1.994257
1.986138
1.988965
2.006669
2.013559
2.027916
2.016842
2.001494
2.007421
2.010438
2.009240
1.999935
2.012782
2.016670
2.010150
1.994399
1.997521
1.990642
1.980601
1.990878
1.996858
2.000332
1.988165
1.993744
1.993815
2.000330
1.977512
1.994502
1.997645
2.015390
1.998448
2.002966
2.000378
2.024992
2.011858
1.989564
1.980670
1.964444
1.990511
2.015444
2.022556
2.026730
1.988051
1.984305
1.986748
2.002408
2.014549
2.011329
2.014683
2.060727
2.046932
2.005888
2.013256
2.026742
2.008097
2.003904
2.022332
2.028139
2.035305
2.015841
2.014907
2.015213
2.025550
1.977398
1.975933
1.970945
1.979961
2.001341
2.014034
2.008363
2.008761
1.983209
1.974720
2.003325
1.999228
1.992434
1.980104
1.985452
2.011385
2.006977
2.015004
2.007531
1.995843
1.996807
1.991298
2.020791
1.999191
2.003847
1.991234
1.992069
2.003350
1.986940
1.977296
1.980201
1.986352
1.991866
2.002911
1.984441
1.972227
2.002191
1.997290
2.018543
1.993217
1.996532
1.990248
1.992050
1.993959
1.999376
1.986383
1.971624
1.997427
1.993866
1.991349
2.019650
2.021165
2.007373
1.997311
2.019999
1.989289
2.003159
2.000244
2.002831
1.997464
2.013407
2.009600
2.022497
2.019348
1.986130
1.985573
1.968744
1.977083
1.996892
1.997147
1.972751
1.989857
1.997671
1.995096
2.025885
2.040701
2.011603
2.015786
2.015466
2.007838
2.004535
1.995259
1.980572
1.986018
1.981832
1.977019
1.955411
1.964045
2.021280
2.015244
2.030969
2.029382
2.018291
2.017705
2.025109
2.018869
2.003153
2.006567
2.000545
2.001772
1.981900
1.992180
1.991788
1.999860
2.012570
2.003906
2.018437
2.023695
1.996903
1.995164
2.018272
2.006059
2.004645
2.005166
2.001115
1.968183
1.997684
1.997754
1.978312
1.954431
2.013512
2.014370
2.014163
1.992857
1.998187
2.016971
2.041950
2.028520
2.015821
2.017999
2.028245
1.991324
2.008138
1.996094
1.981598
1.994912
1.986045
1.983201
1.993753
1.991999
1.990910
2.006178
1.995930
2.019318
1.977270
1.974592
1.955151
1.964386
1.980531
1.978262
1.987417
1.992528
1.994231
2.000805
2.009378
2.007183
1.984050
1.983966
2.006150
2.001558
1.996934
2.001392
2.016227
2.009478
