2.006518
2.014708
2.006204
1.999139
2.004777
1.998570
1.960223
1.971596
1.995130
2.000073
2.007656
1.978495
1.998545
2.003424
1.991466
2.001292
1.993865
1.999241
2.006846
1.961150
2.004223
2.003857
2.002895
2.021322
1.998493
1.996714
1.978833
1.962477
2.006221
1.993461
1.982520
1.984176
1.996836
1.997601
2.004787
1.995901
1.986055
1.986400
1.972287
1.973407
1.998628
2.018091
2.029683
2.023000
2.006683
1.997181
2.042456
2.026697
1.988887
1.987514
1.997522
1.994895
1.998364
2.002988
2.003887
2.003649
1.990737
1.981243
2.016592
2.022808
2.005928
2.013800
2.011846
1.991755
2.008417
2.014772
2.035119
2.035066
2.015800
2.015349
2.026474
2.039559
2.014292
2.013958
2.021932
2.040020
2.002588
1.994300
2.015721
2.022185
2.015741
2.014551
2.011514
2.006218
2.008368
2.019182
2.015499
1.984824
1.993251
1.996219
2.022847
2.015062
1.989217
1.993823
2.020304
2.013246
1.994333
2.009617
2.001780
2.001419
1.995330
1.988695
1.968692
1.963310
1.992900
1.988734
1.983383
1.955556
2.030603
2.025494
2.042631
2.010398
2.009882
2.019851
2.013169
2.012511
1.993590
1.990011
1.991894
1.989854
1.998354
1.998672
1.996546
2.003496
1.999551
2.000246
1.984944
1.990177
2.016750
2.010671
2.026347
2.000982
1.990800
1.993224
1.992162
1.997576
2.003573
2.005412
2.002513
2.008621
1.999570
1.996729
1.995183
1.993760
2.002435
2.002912
1.990727
1.988366
2.001676
1.997963
2.010628
2.008950
1.994286
2.000021
2.004503
2.001813
1.987319
1.993232
2.004289
2.001809
2.009569
1.996730
1.982038
2.011419
2.003307
2.006246
2.012831
1.993523
1.998339
1.985135
1.993881
1.976894
2.011784
2.029254
2.031075
2.044098
2.018160
2.023445
2.017675
2.017181
2.003943
1.996171
2.010732
2.020749
1.995864
1.999431
2.034247
2.033775
1.987075
1.996763
1.994659
1.981209
2.004977
2.005883
1.973877
2.019001
2.003982
2.009509
1.992439
1.987165
2.005402
2.015445
2.036648
1.998528
1.999355
1.999012
1.972981
1.977201
2.011519
2.006145
2.013342
2.014511
1.994758
1.994068
2.006465
2.029934
2.001319
2.004058
2.043494
2.023355
2.012934
2.014444
2.023437
1.977654
2.000093
2.006271
2.007760
2.020095
2.001303
1.983369
1.992823
1.993978
1.995637
2.002050
2.028053
2.021002
1.996787
2.003704
2.006723
2.012787
1.990386
1.979163
1.972613
1.998302
2.007679
2.029539
2.026176
2.014043
1.987955
1.997694
1.990039
1.982876
2.002835
1.991680
1.994533
2.010229
2.006246
1.996891
2.009707
1.982693
1.998889
2.001864
2.007890
2.007576
2.022371
2.022736
1.997033
1.978679
1.987984
1.987225
1.995704
2.008189
2.015494
2.017699
2.021794
2.019036
2.001487
1.997599
1.976242
1.984970
1.998941
2.000733
2.016742
2.007191
1.993315
1.986897
1.962707
2.016256
1.992933
1.984962
2.007874
2.008853
1.994394
2.000310
1.998790
2.005696
2.006249
2.006951
2.030958
1.999009
2.011108
2.013157
2.056926
2.045785
2.005575
2.003592
2.003551
1.984199
1.979005
1.984162
1.964294
1.980937
2.006329
2.007112
2.001354
1.996955
2.005372
2.002285
2.003346
1.993084
2.000903
2.011305
2.011399
2.009802
1.989326
1.989601
1.986508
1.982401
1.992528
2.000589
1.995507
1.997539
2.003381
2.012185
2.057403
2.046075
1.990346
1.989730
2.002188
1.981630
2.002692
1.994500
2.001373
2.010901
2.006886
2.009640
1.985307
2.001860
2.011024
2.018928
2.031219
2.022299
1.989810
1.983692
1.993147
1.954076
1.998342
1.990195
2.000305
1.988199
2.001108
1.990662
1.980477
2.003112
2.002365
1.989383
1.989904
1.997482
1.994813
2.009396
1.993289
1.996098
2.007279
1.998764
2.014996
1.992673
1.995905
1.981183
1.954976
1.957497
1.986011
1.986638
1.965565
1.972623
1.987277
1.978198
1.965699
1.980206
1.999123
1.998873
1.987711
1.983863
1.979022
1.980822
1.986862
1.969084
2.004070
2.006723
2.001439
2.017321
1.985778
1.978789
1.954691
1.973914
1.994607
1.994570
1.988359
1.969358
2.003306
2.003178
2.027975
2.005546
1.991465
1.992853
1.984695
1.988733
1.988022
1.994615
1.995632
1.980195
2.011958
2.001681
2.017385
2.029399
1.992239
1.995599
2.012948
2.047586
2.007791
2.019149
2.003915
1.995827
1.989219
1.995105
2.000671
1.988684
2.006742
1.993045
2.014557
2.016887
1.994578
2.012445
2.033505
2.022445
2.008491
2.009579
1.992507
2.010703
2.010914
2.010931
1.984519
1.999346
2.016421
2.022181
2.026636
1.987809
2.007812
1.996727
1.979001
1.976433
1.979040
1.980562
1.962552
1.963050
2.010230
2.008973
2.051215
2.015216
2.018071
2.017381
2.043268
2.036751
2.016946
2.016656
2.015408
2.026713
2.005017
2.008763
2.004399
2.012528
1.999457
2.011708
2.000971
1.990215
1.991633
1.999768
2.012458
2.000870
2.011670
2.005825
2.013321
2.028491
2.005930
2.014555
2.008775
1.995413
1.998688
2.004399
1.990709
2.012236
2.004953
2.003683
1.995058
2.013521
2.001679
1.988735
1.978684
1.997189
1.992303
1.993573
2.002503
2.012444
2.002165
1.996324
2.016882
1.992550
2.000167
1.994258
2.014562
2.021588
1.997780
2.009611
2.022557
2.004621
1.997163
1.984649
1.965639
1.964329
2.007592
2.003480
2.008964
2.002179
2.002894
1.999805
2.000386
1.997138
2.000425
2.003965
1.971026
1.977163
2.001413
2.015640
2.018326
2.016085
1.996933
2.001386
1.998388
2.009475
1.989540
1.998123
2.018472
1.995136
2.011150
2.015600
2.014331
2.008383
1.986683
1.985472
1.981509
1.990493
1.993825
1.996504
1.994652
1.971230
1.996818
2.002861
2.027123
2.011449
2.010044
2.010622
2.025207
2.052142
2.004144
2.006248
1.996674
2.005173
2.004562
1.993706
1.971830
1.974253
2.001424
2.004967
2.007568
2.018169
1.997031
1.991860
1.980965
1.948596
1.992440
1.994654
2.000769
1.985635
1.998166
1.998751
1.978325
1.952952
1.989307
1.996606
1.988728
1.976564
1.992692
1.996827
1.983694
1.999757
2.014599
2.009476
2.026474
2.002924
1.993649
1.992486
1.999285
2.029586
1.987600
1.984739
1.995611
1.992242
2.002985
2.027050
2.013458
1.996524
1.995669
2.001276
2.013667
2.030850
2.001364
2.009736
2.017420
1.992466
2.014436
2.006509
1.971164
1.979073
1.985290
1.984436
2.006235
2.002693
1.998611
1.998409
1.983904
2.009801
2.003277
2.008984
2.032722
2.026712
1.988452
1.997548
1.978334
1.989622
1.992635
1.987816
1.992031
1.968345
2.002128
2.000038
1.997534
1.991839
1.996572
1.996985
1.984560
1.992579
1.984153
1.991047
1.970357
1.962709
2.004292
2.005850
2.020999
2.009044
2.002123
2.001744
2.009750
1.994604
2.008895
2.023693
2.030554
2.021198
2.016953
2.021353
2.018258
1.981561
2.015104
2.015658
2.012142
1.994417
2.007991
2.000397
2.014005
2.028427
2.003017
1.992663
1.986837
1.976884
1.987591
1.981564
1.993655
2.023513
1.986983
1.985830
1.985623
1.995776
1.998403
1.989647
2.007203
2.003325
2.004274
2.011769
2.022876
1.989508
2.007895
2.008541
1.993362
2.004312
1.989307
1.985669
2.005930
2.007979
2.019780
2.020795
2.036461
2.022995
1.995802
1.979542
1.992854
2.009376
1.998787
2.001198
2.008461
2.011674
2.011246
2.024493
2.039698
2.040678
1.990571
1.991157
1.981878
1.986083
2.001351
2.005897
1.976957
1.983554
1.977857
1.984366
1.975842
1.993848
1.992623
2.000085
1.995347
2.029473
2.019516
2.023842
2.030740
2.018268
2.002012
2.002976
2.022554
2.021795
2.015396
2.017326
2.031181
1.994935
1.995720
1.980182
1.974811
1.976310
1.996099
1.992525
1.961793
1.983576
1.997644
1.994121
2.008608
2.029339
1.997534
1.986689
1.999721
1.983781
2.003312
2.014007
2.018305
2.011486
2.005016
2.018079
2.000518
2.023035
1.999786
1.988617
1.978385
1.981765
2.008481
1.998830
1.988272
1.987875
1.990356
1.985102
1.980407
1.993242
1.998496
1.996289
2.020560
2.022933
2.001122
2.000938
1.990883
1.980159
2.000769
2.009040
2.003271
1.991077
2.000739
2.010553
2.047339
2.034544
1.991053
1.999761
2.039145
2.048382
2.021025
2.017036
2.028686
2.033883
1.997676
2.000960
1.980596
1.983983
2.010827
2.008462
1.999320
2.005681
1.991676
1.997827
1.989694
2.007952
2.000598
1.993805
1.965072
1.982358
1.983222
1.980477
1.984922
1.986828
1.999086
2.003509
1.990518
1.979342
1.995644
2.001414
1.967252
1.961726
1.996903
1.994422
2.009031
2.014489
1.998492
1.986795
1.993501
1.996689
1.995304
1.998044
2.001089
2.016211
2.000133
1.988286
1.984020
1.993728
2.002182
2.000501
2.021864
2.044881
2.009203
2.016427
2.006408
2.005783
2.004116
1.994749
2.002561
2.001803
2.003152
2.001303
2.004086
2.019316
2.006130
1.997068
1.990192
1.997331
2.009822
2.004488
2.011367
1.989604
2.018572
2.015121
2.006634
2.019082
2.000088
2.003932
1.995805
2.020363
1.994190
1.989944
1.989314
1.997578
1.995711
2.003703
2.005392
2.019485
2.010879
2.007185
2.000560
1.991114
2.005962
2.012355
1.995724
1.982748
2.007722
1.997925
1.982844
2.005559
2.005580
2.011830
2.026337
2.022647
2.010381
2.012274
2.007960
2.027227
2.003647
2.003756
2.007513
2.009267
1.984312
1.993451
1.990742
2.012486
2.000589
2.011942
2.012017
2.014708
1.994842
1.998005
1.993841
2.012118
1.998763
2.000791
1.987260
1.998163
1.990458
1.995258
1.985749
1.985701
1.995910
1.998104
2.028345
2.030489
1.996379
1.992953
1.976759
1.985879
2.001062
2.006099
2.005065
2.009724
2.005568
2.003426
2.010834
2.013093
1.989254
1.994562
1.993018
1.982720
2.005358
2.018922
1.989162
2.011952
2.002337
2.011902
2.049553
2.023268
1.982546
1.986599
1.984449
1.992795
1.998989
1.984006
1.984745
2.016946
2.002724
2.000198
1.992131
1.998372
1.997839
1.995029
1.990599
1.986178
1.988161
1.983796
1.977499
1.959280
2.003631
2.010585
1.999354
1.999759
2.002092
1.999777
1.990008
1.976562
2.006501
2.008894
2.038427
2.032079
1.990601
1.974488
1.966648
2.005170
1.993824
1.990266
1.974950
2.007750
1.999797
1.994997
1.998117
1.989177
2.006072
2.005945
2.004976
2.003879
1.992402
1.988523
2.001970
2.030334
2.002809
2.008945
1.993106
1.997037
2.014358
2.023281
2.001187
2.014029
2.013445
2.017028
1.969181
1.955189
2.005067
2.007208
2.015481
1.991304
2.000777
1.996094
1.996942
1.997542
1.989110
1.991454
1.996022
2.010308
2.011899
2.012403
2.035758
2.034286
1.986634
1.986039
1.998882
1.983593
1.998239
1.994310
2.015623
2.013388
1.988244
1.982913
1.978176
1.976075
1.999180
1.996273
2.002985
1.990415
1.986442
1.988253
1.992788
1.989334
1.987522
1.993336
1.979277
2.005848
1.994011
1.997732
2.000559
2.014538
2.017675
2.018223
2.008091
2.027562
2.013015
2.003205
2.002859
2.004175
2.001975
2.008711
2.037419
2.040470
2.008785
2.006052
2.009025
1.981942
1.980534
1.996663
2.005744
1.986949
2.001843
1.995872
1.958982
1.971405
2.008868
2.023822
2.016456
1.996010
1.991417
1.998989
1.998548
1.990557
2.002136
2.003706
1.990170
1.979603
1.998143
1.989862
2.022173
2.006312
2.002183
1.994325
1.985435
1.973915
1.997777
1.998213
1.985415
1.991757
1.993196
1.990226
1.994245
1.976497
1.994749
1.987647
1.999474
2.012564
2.004760
2.008953
1.989737
2.006726
2.008904
2.005681
2.004287
1.981567
1.999325
2.003258
2.033941
2.027207
1.998095
2.007195
2.034483
2.028927
1.985095
1.996908
2.003057
2.018392
1.988799
1.987048
1.990740
1.977863
2.005574
2.003235
2.002266
1.992844
2.007150
2.003410
1.996635
1.992354
2.000327
1.993772
2.010311
1.996385
1.985218
1.987874
1.996032
1.967744
1.995297
1.993817
1.983815
1.957306
1.997052
1.984422
1.998775
1.981217
1.995336
1.980655
1.967770
1.961466
1.989795
1.995501
2.011818
2.031042
2.000329
2.013745
2.006587
2.033951
2.003559
1.995217
2.002400
1.986230
2.018596
2.016239
1.995037
2.012704
2.007920
2.008179
2.007579
2.037169
1.988584
1.994708
1.987069
1.999580
1.994825
1.996549
2.006350
2.002915
1.984593
1.994190
1.993423
1.971726
2.004248
1.993854
1.984235
1.987760
1.989576
1.971381
2.001707
2.009692
1.996311
1.993087
2.003105
1.988616
1.996820
2.005766
1.995511
1.989177
1.988432
1.993485
1.989077
2.017436
2.000956
2.007450
1.989349
2.005079
2.002150
2.002456
1.994606
2.009765
1.996109
2.008777
2.005233
2.004464
1.995997
1.999581
2.010953
2.029792
2.024499
2.021348
2.004353
1.997199
1.999202
2.003144
1.968030
1.982506
1.987147
1.994473
1.971859
1.992661
2.006075
2.014225
2.018929
1.967963
2.007505
2.009415
2.005842
2.014185
1.988436
1.994240
2.001496
1.975080
1.992799
1.993999
2.011490
2.029407
1.992276
1.994476
1.982240
1.997803
2.015401
2.027783
2.024214
1.991301
1.991955
2.001061
2.005512
2.005514
2.004632
1.998022
1.994735
1.987831
2.002435
2.004257
2.031419
2.036206
2.013431
2.007927
1.995424
2.001612
1.996776
1.993425
1.990630
2.006762
1.994972
2.000851
1.969856
1.993349
2.003775
2.005201
2.004427
2.004033
2.010077
2.001905
1.996227
2.005835
1.997748
1.994415
1.967673
1.993677
1.994066
1.994965
1.998714
1.971458
1.998981
2.000501
2.042190
2.031973
1.996906
2.000503
2.000609
1.987171
1.996019
1.992381
1.996463
2.009934
1.996015
2.002649
2.013008
2.015136
1.993137
1.983835
1.984065
2.033657
2.007210
2.015936
2.032230
2.032494
1.996901
2.002896
1.992110
1.980852
2.003792
1.998303
1.989414
1.983866
2.003604
2.006858
2.000336
1.981401
1.996223
1.984828
1.957431
1.990998
2.016437
2.018905
2.006632
2.019531
1.996899
2.001514
2.004578
1.953198
1.995763
2.008570
2.023006
2.017524
1.993925
1.984736
1.990402
1.994295
2.012279
2.029640
2.026630
2.039532
2.004261
1.994678
2.007320
2.013601
2.011037
2.000275
2.012620
1.974127
1.997078
1.990949
1.980736
1.973104
2.004448
1.993962
1.982950
1.984296
1.983266
1.975826
2.005188
2.028519
1.993891
2.003452
2.006523
2.009365
1.997889
2.013936
2.031486
1.975744
2.009532
2.020181
2.043932
2.042130
1.999498
2.001861
2.004072
1.999619
1.999055
2.001745
1.983723
1.995162
2.005570
2.004022
2.001913
2.003154
1.993978
1.978699
1.987413
1.985670
1.992149
1.992720
1.991841
1.971981
1.991200
2.003031
2.001766
1.984835
1.998484
2.018610
2.030371
2.038467
2.003683
2.030260
2.029164
2.034330
1.998945
2.010133
2.038352
2.026231
1.998969
2.013259
2.002862
1.989442
2.004028
1.994949
2.007379
2.005568
2.011283
2.013133
2.020733
1.969085
2.002259
1.998288
2.001271
2.009622
2.004419
1.993392
1.976263
1.971081
1.998257
2.004846
2.034760
2.001171
2.002342
2.003518
2.003716
1.994890
1.989862
1.997520
2.026307
2.026425
1.998262
1.996932
1.996167
2.011190
1.987191
1.979072
1.999542
2.011657
2.002941
1.994554
1.951136
1.959115
2.004462
2.006159
2.026664
2.006641
2.009218
1.994607
2.002928
2.011443
1.988965
2.000379
2.013757
1.998848
2.013967
2.009300
2.026941
1.985230
2.008118
2.003483
1.995827
2.019482
2.008929
2.013146
2.022439
2.009771
2.020738
2.020681
2.025284
2.011428
1.987520
1.993695
1.991024
1.992936
1.984741
1.981055
1.953600
1.951711
2.004369
2.020967
2.001326
2.003323
2.015725
2.027292
2.041019
2.046844
1.999483
2.005550
1.976148
1.988714
2.020027
2.019074
2.019582
1.940931
2.002699
2.004293
2.036343
2.000611
1.989242
1.986260
1.973079
1.969752
2.015080
2.009218
2.040471
1.995553
1.991115
2.002138
2.013724
2.001463
1.996687
1.978959
1.979849
1.984323
2.008755
2.009956
1.983576
1.981683
2.011091
2.007887
1.999821
2.010618
2.003512
2.005757
1.991311
1.949467
1.997632
1.997029
1.964790
1.968989
2.007081
2.013269
2.023939
2.004461
