2.004797
2.020502
2.040682
2.044655
1.989131
2.003030
2.009406
2.012071
2.041494
2.045603
2.035180
2.036046
1.997565
1.987105
2.018968
2.021340
2.026075
2.045482
2.095554
2.023153
1.992021
1.991734
1.962534
1.954767
2.002291
2.017171
2.041739
2.052491
1.984639
1.996761
1.999932
2.026551
2.035253
2.038937
2.030996
2.038619
1.997274
1.990028
2.023088
2.028964
2.026443
2.045574
2.096821
2.021736
1.986916
1.982210
1.949401
1.948825
2.004797
2.020502
2.040682
2.044655
1.989131
2.003030
2.009406
2.012071
2.041494
2.045603
2.035180
2.036046
1.997565
1.987105
2.018968
2.021340
2.026075
2.045482
2.095554
2.023153
1.992021
1.991734
1.962534
1.954767
2.002291
2.017171
2.041739
2.052491
1.984639
1.996761
1.999932
2.026551
2.035253
2.038937
2.030996
2.038619
1.997274
1.990028
2.023088
2.028964
2.026443
2.045574
2.096821
2.021736
1.986916
1.982210
1.949401
1.948825
2.004797
2.020502
2.040682
2.044655
1.989131
2.003030
2.009406
2.012071
2.041494
2.045603
2.035180
2.036046
1.997565
1.987105
2.018968
2.021340
2.026075
2.045482
2.095554
2.023153
1.992021
1.991734
1.962534
1.954767
2.002291
2.017171
2.041739
2.052491
1.984639
1.996761
1.999932
2.026551
2.035253
2.038937
2.030996
2.038619
1.997274
1.990028
2.023088
2.028964
2.026443
2.045574
2.096821
2.021736
1.986916
1.982210
1.949401
1.948825
2.004797
2.020502
2.040682
2.044655
1.989131
2.003030
2.009406
2.012071
2.041494
2.045603
2.035180
2.036046
1.997565
1.987105
2.018968
2.021340
2.026075
2.045482
2.095554
2.023153
1.992021
1.991734
1.962534
1.954767
2.002291
2.017171
2.041739
2.052491
1.984639
1.996761
1.999932
2.026551
2.035253
2.038937
2.030996
2.038619
1.997274
1.990028
2.023088
2.028964
2.026443
2.045574
2.096821
2.021736
1.986916
1.982210
1.949401
1.948825
2.004797
2.020502
2.040682
2.044655
1.989131
2.003030
2.009406
2.012071
2.041494
2.045603
2.035180
2.036046
1.997565
1.987105
2.018968
2.021340
2.026075
2.045482
2.095554
2.023153
1.992021
1.991734
1.962534
1.954767
2.002291
2.017171
2.041739
2.052491
1.984639
1.996761
1.999932
2.026551
2.035253
2.038937
2.030996
2.038619
1.997274
1.990028
2.023088
2.028964
2.026443
2.045574
2.096821
2.021736
1.986916
1.982210
1.949401
1.948825
2.004797
2.020502
2.040682
2.044655
1.989131
2.003030
2.009406
2.012071
2.041494
2.045603
2.035180
2.036046
1.997565
1.987105
2.018968
2.021340
2.026075
2.045482
2.095554
2.023153
1.992021
1.991734
1.962534
1.954767
2.002291
2.017171
2.041739
2.052491
1.984639
1.996761
1.999932
2.026551
2.035253
2.038937
2.030996
2.038619
1.997274
1.990028
2.023088
2.028964
2.026443
2.045574
2.096821
2.021736
1.986916
1.982210
1.949401
1.948825
2.004797
2.020502
2.040682
2.044655
1.989131
2.003030
2.009406
2.012071
2.041494
2.045603
2.035180
2.036046
1.997565
1.987105
2.018968
2.021340
2.026075
2.045482
2.095554
2.023153
1.992021
1.991734
1.962534
1.954767
2.002291
2.017171
2.041739
2.052491
1.984639
1.996761
1.999932
2.026551
2.035253
2.038937
2.030996
2.038619
1.997274
1.990028
2.023088
2.028964
2.026443
2.045574
2.096821
2.021736
1.986916
1.982210
1.949401
1.948825
2.004797
2.020502
2.040682
2.044655
1.989131
2.003030
2.009406
2.012071
2.041494
2.045603
2.035180
2.036046
1.997565
1.987105
2.018968
2.021340
2.026075
2.045482
2.095554
2.023153
1.992021
1.991734
1.962534
1.954767
2.002291
2.017171
2.041739
2.052491
1.984639
1.996761
1.999932
2.026551
2.035253
2.038937
2.030996
2.038619
1.997274
1.990028
2.023088
2.028964
2.026443
2.045574
2.096821
2.021736
1.986916
1.982210
1.949401
1.948825
2.004797
2.020502
2.040682
2.044655
1.989131
2.003030
2.009406
2.012071
2.041494
2.045603
2.035180
2.036046
1.997565
1.987105
2.018968
2.021340
2.026075
2.045482
2.095554
2.023153
1.992021
1.991734
1.962534
1.954767
2.002291
2.017171
2.041739
2.052491
1.984639
1.996761
1.999932
2.026551
2.035253
2.038937
2.030996
2.038619
1.997274
1.990028
2.023088
2.028964
2.026443
2.045574
2.096821
2.021736
1.986916
1.982210
1.949401
1.948825
2.004797
2.020502
2.040682
2.044655
1.989131
2.003030
2.009406
2.012071
2.041494
2.045603
2.035180
2.036046
1.997565
1.987105
2.018968
2.021340
2.026075
2.045482
2.095554
2.023153
1.992021
1.991734
1.962534
1.954767
2.002291
2.017171
2.041739
2.052491
1.984639
1.996761
1.999932
2.026551
2.035253
2.038937
2.030996
2.038619
1.997274
1.990028
2.023088
2.028964
2.026443
2.045574
2.096821
2.021736
1.986916
1.982210
1.949401
1.948825
2.004797
2.020502
2.040682
2.044655
1.989131
2.003030
2.009406
2.012071
2.041494
2.045603
2.035180
2.036046
1.997565
1.987105
2.018968
2.021340
2.026075
2.045482
2.095554
2.023153
1.992021
1.991734
1.962534
1.954767
2.002291
2.017171
2.041739
2.052491
1.984639
1.996761
1.999932
2.026551
2.035253
2.038937
2.030996
2.038619
1.997274
1.990028
2.023088
2.028964
2.026443
2.045574
2.096821
2.021736
1.986916
1.982210
1.949401
1.948825
2.004797
2.020502
2.040682
2.044655
1.989131
2.003030
2.009406
2.012071
2.041494
2.045603
2.035180
2.036046
1.997565
1.987105
2.018968
2.021340
2.026075
2.045482
2.095554
2.023153
1.992021
1.991734
1.962534
1.954767
2.002291
2.017171
2.041739
2.052491
1.984639
1.996761
1.999932
2.026551
2.035253
2.038937
2.030996
2.038619
1.997274
1.990028
2.023088
2.028964
2.026443
2.045574
2.096821
2.021736
1.986916
1.982210
1.949401
1.948825
2.004797
2.020502
2.040682
2.044655
1.989131
2.003030
2.009406
2.012071
2.041494
2.045603
2.035180
2.036046
1.997565
1.987105
2.018968
2.021340
2.026075
2.045482
2.095554
2.023153
1.992021
1.991734
1.962534
1.954767
2.002291
2.017171
2.041739
2.052491
1.984639
1.996761
1.999932
2.026551
2.035253
2.038937
2.030996
2.038619
1.997274
1.990028
2.023088
2.028964
2.026443
2.045574
2.096821
2.021736
1.986916
1.982210
1.949401
1.948825
2.004797
2.020502
2.040682
2.044655
1.989131
2.003030
2.009406
2.012071
2.041494
2.045603
2.035180
2.036046
1.997565
1.987105
2.018968
2.021340
2.026075
2.045482
2.095554
2.023153
1.992021
1.991734
1.962534
1.954767
2.002291
2.017171
2.041739
2.052491
1.984639
1.996761
1.999932
2.026551
2.035253
2.038937
2.030996
2.038619
1.997274
1.990028
2.023088
2.028964
2.026443
2.045574
2.096821
2.021736
1.986916
1.982210
1.949401
1.948825
2.004797
2.020502
2.040682
2.044655
1.989131
2.003030
2.009406
2.012071
2.041494
2.045603
2.035180
2.036046
1.997565
1.987105
2.018968
2.021340
2.026075
2.045482
2.095554
2.023153
1.992021
1.991734
1.962534
1.954767
2.002291
2.017171
2.041739
2.052491
1.984639
1.996761
1.999932
2.026551
2.035253
2.038937
2.030996
2.038619
1.997274
1.990028
2.023088
2.028964
2.026443
2.045574
2.096821
2.021736
1.986916
1.982210
1.949401
1.948825
2.004797
2.020502
2.040682
2.044655
1.989131
2.003030
2.009406
2.012071
2.041494
2.045603
2.035180
2.036046
1.997565
1.987105
2.018968
2.021340
2.026075
2.045482
2.095554
2.023153
1.992021
1.991734
1.962534
1.954767
2.002291
2.017171
2.041739
2.052491
1.984639
1.996761
1.999932
2.026551
2.035253
2.038937
2.030996
2.038619
1.997274
1.990028
2.023088
2.028964
2.026443
2.045574
2.096821
2.021736
1.986916
1.982210
1.949401
1.948825
2.004797
2.020502
2.040682
2.044655
1.989131
2.003030
2.009406
2.012071
2.041494
2.045603
2.035180
2.036046
1.997565
1.987105
2.018968
2.021340
2.026075
2.045482
2.095554
2.023153
1.992021
1.991734
1.962534
1.954767
2.002291
2.017171
2.041739
2.052491
1.984639
1.996761
1.999932
2.026551
2.035253
2.038937
2.030996
2.038619
1.997274
1.990028
2.023088
2.028964
2.026443
2.045574
2.096821
2.021736
1.986916
1.982210
1.949401
1.948825
2.004797
2.020502
2.040682
2.044655
1.989131
2.003030
2.009406
2.012071
2.041494
2.045603
2.035180
2.036046
1.997565
1.987105
2.018968
2.021340
2.026075
2.045482
2.095554
2.023153
1.992021
1.991734
1.962534
1.954767
2.002291
2.017171
2.041739
2.052491
1.984639
1.996761
1.999932
2.026551
2.035253
2.038937
2.030996
2.038619
1.997274
1.990028
2.023088
2.028964
2.026443
2.045574
2.096821
2.021736
1.986916
1.982210
1.949401
1.948825
2.004797
2.020502
2.040682
2.044655
1.989131
2.003030
2.009406
2.012071
2.041494
2.045603
2.035180
2.036046
1.997565
1.987105
2.018968
2.021340
2.026075
2.045482
2.095554
2.023153
1.992021
1.991734
1.962534
1.954767
2.002291
2.017171
2.041739
2.052491
1.984639
1.996761
1.999932
2.026551
2.035253
2.038937
2.030996
2.038619
1.997274
1.990028
2.023088
2.028964
2.026443
2.045574
2.096821
2.021736
1.986916
1.982210
1.949401
1.948825
2.004797
2.020502
2.040682
2.044655
1.989131
2.003030
2.009406
2.012071
2.041494
2.045603
2.035180
2.036046
1.997565
1.987105
2.018968
2.021340
2.026075
2.045482
2.095554
2.023153
1.992021
1.991734
1.962534
1.954767
2.002291
2.017171
2.041739
2.052491
1.984639
1.996761
1.999932
2.026551
2.035253
2.038937
2.030996
2.038619
1.997274
1.990028
2.023088
2.028964
2.026443
2.045574
2.096821
2.021736
1.986916
1.982210
1.949401
1.948825
2.004797
2.020502
2.040682
2.044655
1.989131
2.003030
2.009406
2.012071
2.041494
2.045603
2.035180
2.036046
1.997565
1.987105
2.018968
2.021340
2.026075
2.045482
2.095554
2.023153
1.992021
1.991734
1.962534
1.954767
2.002291
2.017171
2.041739
2.052491
1.984639
1.996761
1.999932
2.026551
2.035253
2.038937
2.030996
2.038619
1.997274
1.990028
2.023088
2.028964
2.026443
2.045574
2.096821
2.021736
1.986916
1.982210
1.949401
1.948825
2.004797
2.020502
2.040682
2.044655
1.989131
2.003030
2.009406
2.012071
2.041494
2.045603
2.035180
2.036046
1.997565
1.987105
2.018968
2.021340
2.026075
2.045482
2.095554
2.023153
1.992021
1.991734
1.962534
1.954767
2.002291
2.017171
2.041739
2.052491
1.984639
1.996761
1.999932
2.026551
2.035253
2.038937
2.030996
2.038619
1.997274
1.990028
2.023088
2.028964
2.026443
2.045574
2.096821
2.021736
1.986916
1.982210
1.949401
1.948825
2.004797
2.020502
2.040682
2.044655
1.989131
2.003030
2.009406
2.012071
2.041494
2.045603
2.035180
2.036046
1.997565
1.987105
2.018968
2.021340
2.026075
2.045482
2.095554
2.023153
1.992021
1.991734
1.962534
1.954767
2.002291
2.017171
2.041739
2.052491
1.984639
1.996761
1.999932
2.026551
2.035253
2.038937
2.030996
2.038619
1.997274
1.990028
2.023088
2.028964
2.026443
2.045574
2.096821
2.021736
1.986916
1.982210
1.949401
1.948825
2.004797
2.020502
2.040682
2.044655
1.989131
2.003030
2.009406
2.012071
2.041494
2.045603
2.035180
2.036046
1.997565
1.987105
2.018968
2.021340
2.026075
2.045482
2.095554
2.023153
1.992021
1.991734
1.962534
1.954767
2.002291
2.017171
2.041739
2.052491
1.984639
1.996761
1.999932
2.026551
2.035253
2.038937
2.030996
2.038619
1.997274
1.990028
2.023088
2.028964
2.026443
2.045574
2.096821
2.021736
1.986916
1.982210
1.949401
1.948825
2.004797
2.020502
2.040682
2.044655
1.989131
2.003030
2.009406
2.012071
2.041494
2.045603
2.035180
2.036046
1.997565
1.987105
2.018968
2.021340
2.026075
2.045482
2.095554
2.023153
1.992021
1.991734
1.962534
1.954767
2.002291
2.017171
2.041739
2.052491
1.984639
1.996761
1.999932
2.026551
2.035253
2.038937
2.030996
2.038619
1.997274
1.990028
2.023088
2.028964
2.026443
2.045574
2.096821
2.021736
1.986916
1.982210
1.949401
1.948825
2.004797
2.020502
2.040682
2.044655
1.989131
2.003030
2.009406
2.012071
2.041494
2.045603
2.035180
2.036046
1.997565
1.987105
2.018968
2.021340
2.026075
2.045482
2.095554
2.023153
1.992021
1.991734
1.962534
1.954767
2.002291
2.017171
2.041739
2.052491
1.984639
1.996761
1.999932
2.026551
2.035253
2.038937
2.030996
2.038619
1.997274
1.990028
2.023088
2.028964
2.026443
2.045574
2.096821
2.021736
1.986916
1.982210
1.949401
1.948825
2.004797
2.020502
2.040682
2.044655
1.989131
2.003030
2.009406
2.012071
2.041494
2.045603
2.035180
2.036046
1.997565
1.987105
2.018968
2.021340
2.026075
2.045482
2.095554
2.023153
1.992021
1.991734
1.962534
1.954767
2.002291
2.017171
2.041739
2.052491
1.984639
1.996761
1.999932
2.026551
2.035253
2.038937
2.030996
2.038619
1.997274
1.990028
2.023088
2.028964
2.026443
2.045574
2.096821
2.021736
1.986916
1.982210
1.949401
1.948825
2.004797
2.020502
2.040682
2.044655
1.989131
2.003030
2.009406
2.012071
2.041494
2.045603
2.035180
2.036046
1.997565
1.987105
2.018968
2.021340
2.026075
2.045482
2.095554
2.023153
1.992021
1.991734
1.962534
1.954767
2.002291
2.017171
2.041739
2.052491
1.984639
1.996761
1.999932
2.026551
2.035253
2.038937
2.030996
2.038619
1.997274
1.990028
2.023088
2.028964
2.026443
2.045574
2.096821
2.021736
1.986916
1.982210
1.949401
1.948825
2.004797
2.020502
2.040682
2.044655
1.989131
2.003030
2.009406
2.012071
2.041494
2.045603
2.035180
2.036046
1.997565
1.987105
2.018968
2.021340
2.026075
2.045482
2.095554
2.023153
1.992021
1.991734
1.962534
1.954767
2.002291
2.017171
2.041739
2.052491
1.984639
1.996761
1.999932
2.026551
2.035253
2.038937
2.030996
2.038619
1.997274
1.990028
2.023088
2.028964
2.026443
2.045574
2.096821
2.021736
1.986916
1.982210
1.949401
1.948825
2.004797
2.020502
2.040682
2.044655
1.989131
2.003030
2.009406
2.012071
2.041494
2.045603
2.035180
2.036046
1.997565
1.987105
2.018968
2.021340
2.026075
2.045482
2.095554
2.023153
1.992021
1.991734
1.962534
1.954767
2.002291
2.017171
2.041739
2.052491
1.984639
1.996761
1.999932
2.026551
2.035253
2.038937
2.030996
2.038619
1.997274
1.990028
2.023088
2.028964
2.026443
2.045574
2.096821
2.021736
1.986916
1.982210
1.949401
1.948825
2.004797
2.020502
2.040682
2.044655
1.989131
2.003030
2.009406
2.012071
2.041494
2.045603
2.035180
2.036046
1.997565
1.987105
2.018968
2.021340
2.026075
2.045482
2.095554
2.023153
1.992021
1.991734
1.962534
1.954767
2.002291
2.017171
2.041739
2.052491
1.984639
1.996761
1.999932
2.026551
2.035253
2.038937
2.030996
2.038619
1.997274
1.990028
2.023088
2.028964
2.026443
2.045574
2.096821
2.021736
1.986916
1.982210
1.949401
1.948825
2.004797
2.020502
2.040682
2.044655
1.989131
2.003030
2.009406
2.012071
2.041494
2.045603
2.035180
2.036046
1.997565
1.987105
2.018968
2.021340
2.026075
2.045482
2.095554
2.023153
1.992021
1.991734
1.962534
1.954767
2.002291
2.017171
2.041739
2.052491
1.984639
1.996761
1.999932
2.026551
2.035253
2.038937
2.030996
2.038619
1.997274
1.990028
2.023088
2.028964
2.026443
2.045574
2.096821
2.021736
1.986916
1.982210
1.949401
1.948825
2.004797
2.020502
2.040682
2.044655
1.989131
2.003030
2.009406
2.012071
2.041494
2.045603
2.035180
2.036046
1.997565
1.987105
2.018968
2.021340
2.026075
2.045482
2.095554
2.023153
1.992021
1.991734
1.962534
1.954767
2.002291
2.017171
2.041739
2.052491
1.984639
1.996761
1.999932
2.026551
2.035253
2.038937
2.030996
2.038619
1.997274
1.990028
2.023088
2.028964
2.026443
2.045574
2.096821
2.021736
1.986916
1.982210
1.949401
1.948825
2.004797
2.020502
2.040682
2.044655
1.989131
2.003030
2.009406
2.012071
2.041494
2.045603
2.035180
2.036046
1.997565
1.987105
2.018968
2.021340
2.026075
2.045482
2.095554
2.023153
1.992021
1.991734
1.962534
1.954767
2.002291
2.017171
2.041739
2.052491
1.984639
1.996761
1.999932
2.026551
2.035253
2.038937
2.030996
2.038619
1.997274
1.990028
2.023088
2.028964
2.026443
2.045574
2.096821
2.021736
1.986916
1.982210
1.949401
1.948825
2.004797
2.020502
2.040682
2.044655
1.989131
2.003030
2.009406
2.012071
2.041494
2.045603
2.035180
2.036046
1.997565
1.987105
2.018968
2.021340
2.026075
2.045482
2.095554
2.023153
1.992021
1.991734
1.962534
1.954767
2.002291
2.017171
2.041739
2.052491
1.984639
1.996761
1.999932
2.026551
2.035253
2.038937
2.030996
2.038619
1.997274
1.990028
2.023088
2.028964
2.026443
2.045574
2.096821
2.021736
1.986916
1.982210
1.949401
1.948825
2.004797
2.020502
2.040682
2.044655
1.989131
2.003030
2.009406
2.012071
2.041494
2.045603
2.035180
2.036046
1.997565
1.987105
2.018968
2.021340
2.026075
2.045482
2.095554
2.023153
1.992021
1.991734
1.962534
1.954767
2.002291
2.017171
2.041739
2.052491
1.984639
1.996761
1.999932
2.026551
2.035253
2.038937
2.030996
2.038619
1.997274
1.990028
2.023088
2.028964
2.026443
2.045574
2.096821
2.021736
1.986916
1.982210
1.949401
1.948825
2.004797
2.020502
2.040682
2.044655
1.989131
2.003030
2.009406
2.012071
2.041494
2.045603
2.035180
2.036046
1.997565
1.987105
2.018968
2.021340
2.026075
2.045482
2.095554
2.023153
1.992021
1.991734
1.962534
1.954767
2.002291
2.017171
2.041739
2.052491
1.984639
1.996761
1.999932
2.026551
2.035253
2.038937
2.030996
2.038619
1.997274
1.990028
2.023088
2.028964
2.026443
2.045574
2.096821
2.021736
1.986916
1.982210
1.949401
1.948825
2.004797
2.020502
2.040682
2.044655
1.989131
2.003030
2.009406
2.012071
2.041494
2.045603
2.035180
2.036046
1.997565
1.987105
2.018968
2.021340
2.026075
2.045482
2.095554
2.023153
1.992021
1.991734
1.962534
1.954767
2.002291
2.017171
2.041739
2.052491
1.984639
1.996761
1.999932
2.026551
2.035253
2.038937
2.030996
2.038619
1.997274
1.990028
2.023088
2.028964
2.026443
2.045574
2.096821
2.021736
1.986916
1.982210
1.949401
1.948825
2.004797
2.020502
2.040682
2.044655
1.989131
2.003030
2.009406
2.012071
2.041494
2.045603
2.035180
2.036046
1.997565
1.987105
2.018968
2.021340
2.026075
2.045482
2.095554
2.023153
1.992021
1.991734
1.962534
1.954767
2.002291
2.017171
2.041739
2.052491
1.984639
1.996761
1.999932
2.026551
2.035253
2.038937
2.030996
2.038619
1.997274
1.990028
2.023088
2.028964
2.026443
2.045574
2.096821
2.021736
1.986916
1.982210
1.949401
1.948825
2.004797
2.020502
2.040682
2.044655
1.989131
2.003030
2.009406
2.012071
2.041494
2.045603
2.035180
2.036046
1.997565
1.987105
2.018968
2.021340
2.026075
2.045482
2.095554
2.023153
1.992021
1.991734
1.962534
1.954767
2.002291
2.017171
2.041739
2.052491
1.984639
1.996761
1.999932
2.026551
2.035253
2.038937
2.030996
2.038619
1.997274
1.990028
2.023088
2.028964
2.026443
2.045574
2.096821
2.021736
1.986916
1.982210
1.949401
1.948825
