1.992768
1.995688
1.994590
1.969392
1.996196
2.014352
2.028487
2.017929
1.991759
1.976541
1.980172
1.984200
2.008664
2.002683
2.018951
2.013560
1.993424
1.989121
1.990701
1.977123
2.001113
2.002949
2.007221
2.015917
1.988163
1.996295
1.954268
1.979569
2.004823
2.008799
2.023595
2.024270
1.988364
2.001915
1.990148
1.992282
1.995254
1.994125
2.022659
2.029107
1.992397
1.996554
1.982046
2.000365
2.001429
2.003849
2.019061
2.040898
2.000995
2.009111
2.034982
2.022073
1.988383
1.989879
1.984797
1.972542
1.986942
1.983648
1.987796
2.002166
1.996257
2.001067
2.013437
2.030845
2.003099
2.011015
1.989834
2.003823
1.998597
2.002875
2.027703
2.003610
2.001281
2.009032
1.989625
1.998822
1.988983
1.996451
2.022166
2.024589
2.002203
2.007651
2.029422
2.020427
1.981964
1.999063
2.004160
1.971503
2.001551
1.993442
1.987378
1.972587
1.994595
1.998325
2.010476
1.989394
1.996477
1.986333
1.976809
1.961200
1.984969
1.991606
1.970814
1.966170
1.991981
1.987237
2.000335
2.028818
1.994626
1.998062
1.987558
1.978729
2.017182
2.019934
2.032830
2.020282
1.995860
1.969225
1.971680
1.969256
2.015119
2.016734
2.012645
1.993908
2.008050
2.001523
1.974556
1.982001
1.988573
1.978849
1.961913
1.984069
2.017458
2.018090
2.013711
2.035015
2.000900
2.005905
1.999682
2.008070
1.998470
1.989459
2.006610
2.004114
1.989354
1.993896
1.960078
1.976475
2.001630
2.019560
2.027081
2.034288
1.995126
1.998468
1.978753
1.998257
1.995840
1.995291
2.005635
1.986245
1.995589
1.978851
1.989757
2.006029
1.988267
1.981411
1.984786
1.980650
1.995167
1.984023
1.988086
2.009798
1.998358
2.003044
1.991116
2.000039
2.011257
2.014337
2.024516
2.024173
1.977884
1.984438
1.974894
1.991395
1.988469
1.993044
1.987830
1.988519
1.993516
2.004188
1.986293
1.970868
1.996182
1.996235
2.002843
1.999114
1.998304
1.990029
2.010826
1.995821
1.996014
1.980439
1.976288
1.975347
1.997442
2.010171
2.018849
1.988044
2.006125
1.996174
2.016654
1.988701
1.998449
2.003638
2.003854
2.003513
2.018848
2.012893
2.008155
2.021872
2.005001
2.018326
1.999890
2.021701
2.012045
2.018741
2.010754
2.007415
1.996830
1.995753
2.028206
2.036687
2.012096
2.012996
2.021455
2.039558
2.014713
2.006595
2.014366
1.997871
2.000428
2.000157
1.992087
1.983039
2.004753
2.004490
2.002224
1.987958
2.018091
2.015900
2.022408
2.015605
1.989791
1.993849
2.020844
2.012867
1.989959
1.990872
1.974782
1.986910
1.997194
2.001356
1.981107
1.983663
2.011015
2.019900
2.008680
2.001968
2.004211
2.003259
2.000860
1.968005
2.009715
2.019686
2.013571
2.012739
1.990524
1.989924
1.988189
1.989949
1.998360
2.003621
1.991865
1.978683
1.985105
1.979310
1.962181
1.979503
2.008063
1.996279
1.981962
1.993667
1.990297
1.992871
1.990059
1.995256
2.017277
2.005439
1.998613
1.997197
2.002012
1.990528
1.987428
1.997926
2.013208
2.015246
2.020183
1.998438
1.997005
2.003261
2.012161
2.012932
1.994397
1.999064
2.001989
2.002194
1.996586
2.005255
2.011448
1.981739
2.005940
1.997216
1.990358
1.996682
1.996876
1.992289
1.949260
1.964118
1.987181
1.973278
1.978085
1.999503
2.011148
2.027677
2.025322
2.036956
1.988253
1.982882
1.978833
1.993312
1.993853
2.001398
2.003198
2.019462
2.014426
2.008972
2.005410
2.003670
2.009885
2.025729
2.039670
2.020173
2.004659
2.005409
1.972928
2.017220
2.004292
2.013755
2.028201
2.027458
2.009374
2.011412
2.007261
2.027603
2.001681
1.998100
2.011280
1.992606
1.993933
1.986042
1.961673
1.974935
1.994800
1.993087
2.008319
2.030416
1.986554
1.999825
2.030512
2.016536
1.999205
1.999041
1.984405
1.998222
2.015288
2.021998
2.039403
2.015417
2.007833
2.003714
2.020299
1.995123
1.995625
2.001913
2.027881
2.021873
1.990381
1.992730
1.992533
2.012689
2.006209
2.003512
2.011555
2.012244
1.993624
2.004391
2.028487
2.007991
2.007831
2.012285
2.023247
2.048085
2.003100
1.991925
1.994002
2.010766
1.984121
1.993152
2.006913
1.985948
1.998690
1.984030
1.983741
2.016973
2.014968
2.016721
2.029188
2.030480
2.014951
2.009186
2.019938
2.023581
2.015686
2.017842
2.021611
2.019184
1.984990
1.985453
2.013292
2.017106
2.002118
1.999667
1.985146
1.973950
1.984465
1.979292
1.982809
2.015205
2.001222
2.004565
2.020634
1.999397
1.994577
2.000062
1.997606
2.004914
1.992946
1.980852
2.010079
2.001799
2.005401
2.005626
2.004154
2.002737
2.008385
2.004648
1.974614
2.007025
2.001395
2.008782
1.993399
2.000801
2.006480
2.006716
2.000812
1.996366
1.994062
1.989068
1.995084
1.975178
2.005471
2.007509
2.015540
1.991847
1.996278
1.994131
2.019931
2.007815
2.018862
2.021609
2.040293
2.020628
2.002504
2.010677
2.054911
2.045107
2.006044
2.012873
2.039877
2.012448
1.997970
1.994317
2.014646
2.012180
1.991726
1.985818
1.970523
1.991842
1.993557
2.004518
1.979879
1.973325
1.989904
1.983341
1.991749
1.952915
1.994815
2.002558
1.988400
2.005771
1.993146
1.997091
1.999086
2.011534
1.995442
1.985050
1.995506
2.002183
2.016959
2.018261
2.021452
2.020405
2.007108
1.998341
2.014810
1.993166
2.001531
2.005763
2.045851
2.039463
1.979403
1.994392
2.002411
1.983783
2.006819
1.999506
2.021314
2.031892
2.010065
2.023937
2.017805
2.000549
1.979067
1.980820
1.986201
1.968840
2.000670
2.002418
2.006002
2.009957
1.997335
1.989160
2.019684
2.006272
2.010875
2.014030
2.011124
1.996268
1.996779
2.002763
2.008227
2.010856
1.990569
1.991803
1.980733
1.986223
2.000185
2.000780
2.004578
1.992112
2.005808
2.011755
1.996042
2.009837
1.980257
1.992172
2.016298
2.020562
2.013411
2.015929
2.025155
2.014507
1.989479
1.995586
2.000168
1.987570
2.002404
1.995362
2.018386
2.002868
1.988228
1.986252
1.989311
1.977619
1.992063
1.997038
1.995146
1.997151
1.997943
2.004860
1.992053
1.971538
2.016258
2.022740
2.027155
1.988740
1.995378
2.009417
1.999319
1.968484
1.995154
1.994168
1.983246
1.957531
2.002860
2.002588
2.037124
2.007069
1.997988
2.001289
2.017000
2.033105
2.016771
2.016290
2.015137
2.026010
2.003084
2.009420
2.013700
1.979528
2.005197
1.996704
2.004877
1.991782
1.986191
1.979496
1.969478
1.952355
2.000026
1.996306
1.974451
1.963094
2.005830
2.014418
2.009880
1.996706
2.002485
2.011313
1.999365
2.019922
1.984338
1.994186
1.993903
1.970972
2.001792
2.001751
2.017928
2.017133
2.005582
2.010793
1.988687
2.011166
2.002305
1.996855
2.017101
1.993206
1.985700
1.991446
1.987359
1.982129
1.988296
1.994574
1.990534
2.019217
1.983453
1.982294
1.980342
2.014221
1.994494
1.996029
1.988044
1.963713
2.002924
1.999954
2.000208
1.995872
1.988979
1.988621
1.982188
1.953214
2.024271
2.020828
2.003557
1.997035
1.997837
2.008955
2.023827
2.029789
2.000657
1.990610
2.011235
1.991453
2.011219
2.015743
2.014484
2.007976
2.005207
2.017324
2.053453
2.033733
1.989295
1.993450
1.996079
1.971123
2.020473
2.029528
2.008484
1.974241
1.996222
1.992586
2.028209
2.010318
2.003632
2.005428
1.996025
2.003076
2.011279
2.020877
2.005400
2.017576
2.004710
1.997022
1.993472
1.985312
2.001580
2.008172
2.031618
2.015730
2.018749
2.016515
2.010072
1.979061
1.998336
1.999031
1.978947
1.953084
2.004335
2.021587
2.028771
1.988680
2.004681
2.005919
2.006134
2.002316
2.005472
2.000612
1.998986
2.013788
1.990869
1.986707
1.989414
1.964304
1.987559
1.985255
1.995317
1.992074
1.994694
2.004495
2.004357
2.019696
1.997494
2.001944
2.001829
1.989975
1.998689
1.991702
1.992782
1.999548
1.991310
2.001194
2.004440
1.999375
1.984766
1.984444
2.006182
2.002459
2.013453
2.018426
2.028440
2.044052
1.994653
1.999599
1.987849
1.973475
1.995723
1.987534
2.014075
1.990103
2.010045
2.015011
2.016594
2.027399
2.002110
1.999333
1.996825
1.991307
2.006765
2.013087
2.026978
2.016194
1.997192
2.000900
2.005089
1.953028
1.981126
1.970269
1.954483
1.974371
1.995125
1.998067
1.968463
2.005562
2.008342
2.023236
2.029953
2.020320
1.993255
1.992630
1.996958
1.975266
2.011383
1.999936
2.013435
1.974168
1.985320
1.995848
2.000559
2.001508
2.003667
2.007726
2.001289
1.987234
1.987413
1.981490
1.992820
2.022187
1.985151
1.987484
2.000681
2.013985
1.998116
2.014492
2.034389
1.976794
2.010379
2.004586
2.008937
2.003518
1.986433
1.998444
1.983862
2.015920
1.989730
1.986167
2.007490
2.008658
1.977683
1.977485
1.972042
1.979058
1.993794
1.978633
1.985486
1.984120
2.006394
2.014740
1.993170
1.984397
2.008770
1.999351
2.007565
2.026255
1.990354
1.990779
1.980943
1.985618
1.997396
1.992849
2.022364
2.001857
1.999546
2.009947
2.039258
2.025001
2.005681
2.001949
1.977355
1.981874
2.003478
2.004532
1.998453
2.008352
2.002364
2.003540
2.024034
2.022102
1.996512
1.989801
1.990858
1.990947
2.006460
1.996965
1.981965
1.974429
2.007957
2.011160
1.997600
1.991686
2.002375
2.012935
2.040075
2.029276
1.998559
1.989016
2.001646
1.985652
2.012466
2.008130
2.019407
2.017262
1.987071
1.977829
1.998426
2.010508
1.991095
1.984741
1.983979
1.973858
1.983224
1.986660
1.997197
1.987488
1.990538
1.984834
1.980642
1.994809
2.005280
1.997008
1.980748
1.984728
2.014772
2.009237
2.025864
1.985243
1.995808
1.982369
1.983150
1.998167
1.992850
1.986995
2.011774
2.010614
1.990062
1.998054
2.036415
2.047077
1.982380
1.992785
1.991876
2.002298
1.984074
1.980878
1.953731
1.952585
2.009532
2.000726
1.997456
1.979114
1.972628
1.979927
1.991910
2.009149
1.999651
1.992848
1.964215
1.981937
2.012447
2.013364
2.011633
1.994613
2.003109
2.005627
2.037435
2.004296
2.026494
2.020634
1.998434
2.010729
1.997875
1.980813
1.950486
1.980696
1.998219
1.986336
1.993000
1.998509
1.990956
2.007095
1.995188
2.019208
2.008708
2.009524
1.982496
1.979647
2.009944
1.995860
1.971190
1.978089
2.020673
2.027845
2.020528
2.023889
2.004255
1.994136
2.001828
2.003646
1.997134
2.001608
2.016315
2.010531
2.002242
2.001775
1.993493
1.985251
1.999062
2.000699
1.990136
1.996158
2.002576
2.006131
2.019304
2.009148
1.999366
2.003354
1.995354
2.020336
2.009223
2.015157
2.038532
2.032369
2.010668
1.988069
1.967604
1.980310
1.995351
2.003230
2.004847
1.971959
1.993569
1.970749
1.958138
1.954869
2.007745
1.998020
1.983068
2.005407
2.006524
1.995276
1.972583
1.949938
1.986657
1.995320
2.023132
2.012999
2.001076
2.002147
1.996572
2.015596
2.001727
1.998679
1.983865
1.949827
2.000480
2.011758
2.015365
2.016658
1.989525
1.998202
1.976421
1.979986
1.995593
2.003256
2.009792
2.022247
2.003557
1.997579
1.984834
1.969891
1.975192
1.974802
1.980626
1.971125
1.995752
1.991760
1.974332
1.984290
2.008792
2.000409
1.949095
1.954678
2.011077
2.003836
2.018229
1.975022
2.006828
2.007335
1.985249
1.985429
1.984980
1.978890
1.958787
1.977369
2.002427
2.012014
2.049878
2.023068
1.993821
2.000884
1.985616
1.992246
2.008236
2.019095
2.017970
2.020976
1.988857
1.980466
1.976070
1.972519
1.987133
1.980463
1.978292
1.959207
1.987973
1.983382
1.977596
1.959743
1.984287
1.983323
1.971627
1.984830
1.989652
1.995082
2.002463
2.008465
2.000668
1.997898
1.993056
1.985889
1.995379
2.001832
1.976523
1.983806
1.993661
1.990113
1.974248
2.007317
1.988523
1.985719
1.991672
1.987247
1.997966
2.004293
1.981359
1.979044
2.013091
2.009767
2.010896
2.019489
2.001007
1.995455
1.995561
1.984270
2.013782
2.023442
2.000781
2.013410
2.003877
1.996397
1.975580
1.994191
1.999550
2.005624
1.986953
1.987577
2.013362
2.008816
2.035812
2.007927
2.006559
1.999118
2.006054
2.011127
2.011675
2.012951
2.036183
2.034591
2.003877
1.991892
1.993264
1.978100
1.984580
1.984010
1.979315
1.986082
1.993159
2.000049
2.005407
2.032763
1.994622
1.971531
1.977447
2.000268
1.986160
1.987955
1.993249
1.989758
2.011366
2.021983
2.051544
2.039076
1.986595
1.979849
1.991923
2.001750
1.998843
2.009301
1.978652
2.001092
1.991199
1.992322
1.993998
2.001387
2.001932
2.008260
2.037014
2.040801
2.010217
2.012261
2.022120
2.007240
1.999042
1.999226
2.015346
2.006967
2.010548
2.002274
1.987037
1.991859
1.986200
1.991563
1.980396
1.990427
1.991603
1.999164
1.999038
1.989249
2.004869
2.016211
2.013626
2.026904
1.996210
1.999799
2.008309
1.997887
1.994915
2.002693
2.012136
2.007950
1.996655
2.012413
1.991756
1.993905
1.994079
1.991358
1.999785
1.981439
2.002275
1.996818
2.006040
2.024245
1.997540
2.004754
2.025574
2.017644
2.009828
2.008164
2.008608
1.997992
1.992649
1.989653
2.001536
1.978503
1.997551
2.006529
2.035357
2.029791
2.002945
2.018393
2.009615
2.037036
1.998430
1.999884
2.009789
2.004610
2.001450
2.002389
2.000073
1.970836
1.996715
2.009652
2.004593
1.991410
2.000397
1.993948
2.010893
1.995821
1.997431
2.002409
2.027045
2.013221
2.002915
2.011651
1.999378
2.008588
1.994606
1.991083
1.969029
1.987129
2.000865
2.006184
2.013097
1.998645
1.989742
1.995469
2.011764
2.030995
2.014651
2.010065
2.033568
2.029747
2.002017
1.994551
2.004734
1.995829
1.993485
1.991517
1.993759
1.973197
2.004598
2.002679
2.013530
2.000974
1.989218
1.995172
1.987887
1.999512
1.993494
1.990184
1.971303
1.975261
1.987679
1.976473
1.981020
1.980277
1.996047
2.001762
1.995640
2.017498
1.982507
1.991770
1.956971
1.960142
1.996645
1.992858
2.002823
1.988754
1.988982
1.995174
1.991297
2.006889
2.000013
1.997720
2.006619
2.028045
1.992605
1.992856
1.984260
1.987886
1.995355
2.008023
1.970715
1.991077
1.996591
2.009479
2.004990
2.002799
2.000614
1.997824
2.005703
1.989741
1.999545
2.004175
2.005364
1.993505
2.008038
2.005278
2.012091
2.029480
1.989525
1.987486
1.994733
2.016194
2.006191
2.014312
2.018621
1.967946
1.989192
1.995306
2.002064
2.013039
2.005023
1.999834
1.994362
1.974479
1.992545
1.996817
1.997315
1.984829
2.006449
1.999128
2.007094
1.991324
2.014890
2.027222
2.023961
1.991685
2.009207
2.012034
2.020737
2.042329
2.011965
2.011504
1.987741
1.977541
2.001148
2.001249
1.989617
2.001693
1.985658
1.995163
1.979399
1.985257
1.996936
1.993287
1.990097
2.005735
1.998637
1.992145
1.999678
2.014327
1.994076
1.997048
1.984916
2.014691
1.998774
1.993317
1.997365
1.954360
2.006690
2.008259
2.043304
2.010574
1.994398
1.996220
1.998968
1.971429
1.985723
1.997215
2.005189
2.019407
2.010903
1.993622
1.985538
2.015252
2.005996
2.004567
1.995422
2.006911
2.008699
2.014347
2.003463
2.038219
1.993502
1.984645
1.983840
2.033479
2.002289
2.002528
2.017454
2.024874
1.995861
2.003497
2.030122
2.015832
1.988583
2.001208
1.992343
1.998979
1.993505
1.991849
1.978201
1.978329
1.996359
1.985159
1.957803
1.990690
1.997274
1.990128
1.978403
1.991304
2.007067
2.001667
1.986677
1.984913
2.003122
2.001729
2.032231
2.013239
2.005954
2.009792
2.031362
2.032814
2.012421
2.029926
2.027322
2.040007
1.973294
1.973937
1.952832
1.972357
2.009451
2.012187
2.028571
2.010689
2.011961
2.004027
2.019085
1.994659
1.994957
1.996037
1.947271
1.984190
1.983462
1.975844
2.004716
2.028213
2.004390
2.010876
2.021420
1.985765
2.017147
2.008289
1.994184
1.968722
1.996735
2.001978
2.027722
2.027321
2.004250
2.015437
2.043309
2.030162
1.998783
2.001954
1.984027
1.996152
2.005882
2.029208
2.066811
2.030038
