2.013360
2.013263
2.011585
2.003545
2.009876
2.010843
2.017411
2.020634
2.003574
2.008641
2.019337
2.007556
1.991338
1.995065
2.005726
1.984890
2.001689
2.007852
2.036473
2.014603
2.012405
2.001120
1.987541
1.984588
1.998035
2.003413
1.992923
1.983308
2.006720
2.016833
2.028995
2.027265
2.000106
1.997151
1.969389
1.972837
1.996024
1.995635
1.984333
1.996864
1.997144
1.993048
1.966492
1.980145
1.979696
1.969124
1.985041
2.008544
1.998806
1.985595
2.015857
2.012548
2.010830
2.005801
2.010027
1.979551
2.009656
2.021996
1.992466
2.007274
2.008394
2.009351
2.025436
2.037801
2.005504
2.008887
2.029974
2.039429
1.996591
1.986176
1.991094
1.993243
2.005791
2.015496
2.061436
2.019823
2.001190
2.008389
2.028258
2.039978
2.005004
2.001409
1.988394
2.011468
1.991148
1.979741
1.987829
1.978510
1.985103
1.980331
1.957697
1.972764
1.999101
2.002888
1.988921
1.995791
2.005839
2.003514
2.008383
2.025382
1.994925
1.972358
1.938329
1.949366
1.973724
1.965467
1.963715
1.955452
1.993753
1.998924
1.984432
2.012768
2.012111
2.003417
2.026642
1.965869
1.997582
2.018748
2.022658
2.017396
2.016414
2.012765
2.003087
2.025356
2.005029
2.017410
2.031982
2.013405
1.998523
1.991721
1.988900
1.967882
1.993780
2.003510
1.997826
1.991610
1.992954
1.997171
1.999291
2.012168
1.981389
1.984496
1.993263
1.975198
1.990677
1.973541
1.983280
2.000408
2.000547
1.999428
1.989722
1.990908
1.982543
1.984070
1.976373
2.006822
2.001531
2.001509
1.993165
2.016695
1.994536
1.982922
1.972029
1.987111
2.019577
2.028428
2.032081
2.031449
2.005804
1.995078
1.997536
2.004158
1.992358
1.996752
2.022065
2.016091
1.992516
1.997664
2.006107
1.997679
2.003413
1.998541
1.960246
1.981609
1.998846
1.992623
2.015060
2.025544
1.991872
1.990708
2.000148
2.014020
2.006963
2.010161
1.997545
1.988096
1.979483
1.996242
2.001135
1.985497
2.004321
2.000668
2.005835
2.002987
2.003549
2.021077
2.029492
2.013009
1.999308
2.002165
2.012049
1.970347
2.004998
1.998512
1.997339
1.996992
1.998142
1.997842
1.983679
1.997233
2.004700
2.008961
2.008938
1.994101
1.999271
1.997874
1.984270
1.968517
2.005586
2.001912
1.964947
1.981143
2.016048
2.016850
2.031223
2.014008
2.015645
2.014811
1.981403
1.964120
1.994199
2.004015
1.993116
2.002975
1.983791
1.976613
1.978144
2.006599
1.998449
2.012945
1.993662
1.989085
2.014061
2.031890
2.035065
2.047423
2.011765
2.008804
1.975565
1.963580
2.007459
2.020149
2.012198
1.983578
1.993744
1.987604
1.954997
1.951091
2.000143
2.007764
2.022187
2.025830
1.994431
1.989828
1.999569
1.985959
1.990277
1.985935
1.995282
1.995686
1.985565
1.979047
1.997152
1.997142
2.002086
2.002289
1.998609
2.009228
1.999658
2.007151
1.998688
1.989037
2.000098
1.993135
1.986250
1.976376
2.004589
2.003714
2.003058
2.031021
1.985459
1.988642
1.984584
2.000700
2.009194
1.996436
1.985280
1.990569
2.012586
2.011455
2.030498
2.005804
1.991869
1.985584
1.988575
1.979405
2.000504
1.995721
1.976502
1.986125
1.986076
1.985624
1.962927
1.965365
1.981295
1.973593
1.999501
1.997324
2.006276
2.000942
2.007457
1.994729
2.001895
1.993336
1.999449
2.011156
1.991064
1.988606
1.997706
1.986857
1.998740
1.999006
1.999003
1.990996
1.998943
1.986717
1.999343
2.001717
1.991517
2.006000
2.004979
2.031177
2.004970
2.000821
2.013277
1.997895
2.001065
1.999707
2.008218
1.996394
2.011055
2.014027
2.038838
2.035922
2.011889
2.021909
2.030597
2.010436
1.995655
1.983328
1.992373
1.984378
2.013414
2.010062
1.978450
2.000419
1.989162
1.989802
1.972235
1.995502
1.996143
1.998980
2.009161
2.010823
1.999199
1.997193
2.007236
2.007754
1.990917
1.999860
2.010258
2.011344
2.000127
1.984774
1.962056
1.998167
1.992268
1.991333
1.956643
1.995729
1.995517
2.011326
2.009529
2.001819
2.020014
2.016930
2.030275
2.020984
2.003489
1.996248
2.004774
1.991396
2.004414
2.014252
2.057089
2.044356
2.009574
2.017956
2.002910
1.994758
2.005240
2.018443
2.009580
1.997467
1.993366
2.002808
1.993931
2.013220
1.998582
1.999624
1.973441
1.988353
2.007787
2.012025
2.011263
1.983389
1.993234
1.988681
1.939767
1.960938
2.006397
1.997329
2.009684
2.002271
1.995697
2.002799
2.009244
1.996556
2.024610
2.022004
2.048258
2.002165
1.996961
2.000061
2.017933
2.024195
2.003788
2.005109
2.004050
1.983414
1.999844
2.007807
2.017558
1.998461
2.007792
2.009963
2.024264
2.000881
1.995267
1.991542
1.991859
1.968932
2.006891
2.004175
2.004599
2.001039
1.997713
1.993861
1.972480
1.985780
2.000266
2.002210
2.002438
1.975631
1.985462
1.993235
2.008767
2.006012
1.994455
1.995475
1.981436
1.977827
1.990629
1.993993
1.986588
1.996173
2.013421
2.013117
2.011043
2.002536
1.988434
1.985720
1.978116
1.986338
1.987004
2.007105
2.030395
2.005276
2.013386
2.010948
2.001516
2.018973
2.000986
2.006998
2.031657
2.011675
1.990739
1.999143
2.009667
1.992115
2.001472
2.017036
2.019169
2.019015
2.024377
2.024961
2.058956
2.051168
2.000644
1.998354
1.969654
1.972666
2.002348
1.996198
1.986266
1.987600
1.988345
2.000848
2.002100
1.985344
1.990091
2.003467
1.981596
1.990021
1.998985
1.985804
2.015915
2.012907
1.991547
1.996040
1.999586
1.983417
2.003233
2.018919
2.031885
2.023676
1.981816
1.984461
1.986581
1.979251
2.005311
2.008516
2.028872
2.038739
2.005544
2.008588
2.018188
2.022241
1.990398
1.987241
1.990732
1.994327
2.007569
2.017950
2.010122
1.997944
2.005125
2.001349
1.988303
2.011127
1.992206
1.991130
1.980029
1.965809
1.999680
2.005807
2.043624
2.025179
1.998821
2.005556
1.995777
1.998028
2.005883
2.003585
2.008885
2.024354
1.993917
1.986826
2.006751
1.997261
1.996920
1.997713
1.998496
1.996603
2.017712
2.012023
2.032816
2.021929
2.014027
2.005786
2.031093
1.967368
1.992922
1.996197
1.995422
1.978522
2.006438
2.007576
2.015791
2.003377
1.998392
1.988051
1.998153
1.996538
1.998621
1.991697
1.988584
1.969330
1.994057
2.004075
1.991169
2.001634
2.011749
2.014825
2.010099
1.988819
1.998494
1.993554
1.994359
2.004870
1.990444
1.971887
1.980094
1.997768
2.000474
2.017780
2.041780
2.023200
1.988420
1.997390
1.979210
1.992557
2.004956
2.008338
2.001559
2.007507
1.993569
1.982716
1.972291
1.987400
1.987281
1.992225
1.998002
1.997527
2.011668
2.006162
2.008402
2.011571
2.007331
2.005548
2.013493
1.987423
1.992877
1.998653
2.009025
1.997772
2.014454
2.017671
2.010146
1.996043
2.012540
2.015509
2.045009
2.035917
1.996276
1.983052
1.985966
1.984542
2.006624
2.010223
1.997003
1.987974
2.011517
2.004530
1.998874
2.035297
2.002604
1.999066
2.009876
2.005096
1.985340
1.990508
2.000018
1.985213
1.999406
2.002371
2.012674
1.971904
2.018741
2.011983
2.024788
2.007354
2.008745
2.013064
1.985495
2.002918
2.001203
1.995378
2.000044
1.989548
2.000799
1.999578
1.986797
1.971391
2.003056
2.010956
2.005140
2.011004
1.991897
1.979725
1.987639
1.994729
2.003162
1.998614
1.988533
1.983258
1.993904
2.003731
1.993512
2.003870
2.002411
2.010880
2.029419
2.007646
1.992824
2.006633
2.020129
2.056311
1.999898
2.015396
2.007029
2.009951
2.012245
2.009063
1.973612
1.958246
1.988447
1.977703
1.970684
1.949283
2.005545
2.004884
2.010026
1.991904
2.004783
2.015944
2.013825
2.016586
1.994598
1.989894
1.999946
1.986550
1.998601
1.994257
1.975523
1.975206
1.983194
1.975911
1.946960
1.951511
1.998112
1.999566
2.010131
2.030989
2.000155
2.006262
1.999217
1.988844
1.995258
2.009530
2.018438
2.032365
1.992776
1.987592
2.007452
2.009412
1.973191
1.982375
2.010712
2.007307
2.009188
1.996429
1.984293
1.988916
1.990507
2.001166
1.999821
2.002556
1.995225
1.991964
1.955151
1.984362
1.993285
1.993020
1.985501
1.985794
1.985319
1.985362
1.962240
1.965006
1.985288
1.993543
1.977934
1.991637
2.009293
2.014263
2.004601
1.985429
2.003354
1.992540
2.007143
2.014790
1.991280
1.989157
1.997931
1.987270
2.016219
2.019156
2.003725
1.978859
1.988359
1.990737
1.990941
1.982123
1.981570
1.982178
1.954404
1.952435
2.004916
2.002398
2.014521
1.998951
2.008951
2.002609
1.994251
2.002789
1.995744
1.992642
1.990843
1.996549
1.987927
1.980969
2.025861
2.019683
1.995581
1.983558
1.993028
1.984636
1.996071
2.005365
2.000210
1.991416
1.993256
1.987413
1.992951
2.015896
1.992196
1.996308
1.982224
1.980449
1.998874
1.997087
2.007191
2.007845
2.002169
2.008394
2.034637
2.039260
2.006198
1.992055
2.013245
2.000998
1.990990
2.001593
2.040460
2.050178
1.995715
2.011477
2.010187
2.005904
1.998420
1.998040
2.010451
2.017410
1.994240
1.996134
1.996186
1.998045
1.998899
2.000704
2.005378
2.002575
2.009430
2.017873
2.003022
1.994076
1.996653
1.985911
2.005005
1.993028
1.993183
2.006905
2.021257
2.004775
2.004970
1.990646
1.964386
1.982733
2.008306
2.012552
2.012038
1.983726
1.986945
1.985146
2.020530
2.014961
1.993307
2.006684
2.027821
2.039220
2.017417
2.017436
2.026448
2.029485
2.024560
2.021461
2.046856
1.999038
1.999343
1.990648
1.990984
2.000200
2.003918
1.996712
1.992289
1.987094
2.002484
1.986282
1.975937
1.969024
