2.016684
2.027027
2.017244
2.018573
2.012599
2.028862
1.992763
1.990031
1.975173
2.008828
2.007202
2.030510
2.005075
2.007198
1.987613
1.973687
1.986959
1.991334
1.998736
2.006739
1.997573
1.975040
1.988419
1.990284
2.002036
1.999091
2.011729
2.013547
2.004160
2.012448
1.993324
2.003604
1.977931
1.999295
2.004085
1.983744
2.012067
2.021551
2.007667
2.002807
1.997422
2.023219
1.994298
1.991804
1.981826
2.012081
2.001398
2.013668
2.006408
2.008603
1.984302
1.976636
1.990956
1.996539
1.997271
2.005322
1.996958
1.971414
1.986251
1.994406
2.001135
1.997256
2.009163
2.009797
1.999810
2.012034
1.993682
2.004323
1.976113
1.999306
2.004314
1.985823
2.008028
2.011277
2.009130
2.017419
2.004176
2.012851
2.004991
2.007309
2.013867
1.975008
1.988756
2.014124
2.008242
2.020164
2.034521
2.006017
2.000730
2.009350
1.982294
1.980774
1.957556
1.984801
2.000712
2.021437
2.005127
2.007064
2.032041
2.009101
2.014647
2.020267
2.000199
2.003363
2.001267
1.991038
1.995844
2.020471
2.010141
2.016379
2.020789
2.016253
2.000548
2.012639
2.005791
2.009251
2.012562
1.980301
1.998596
2.032663
2.008062
2.019383
2.030197
2.008134
2.003427
2.012616
1.983579
1.982230
1.960314
1.983395
2.001233
2.023466
2.005729
2.007617
2.028176
2.010465
2.013566
2.020515
1.999922
2.003062
2.001060
1.990114
1.994632
2.021505
1.997802
2.005347
2.029913
2.001870
2.011782
2.048842
2.004094
2.000979
1.981972
1.990671
1.995962
1.980200
2.011062
2.032378
2.034162
2.037691
2.028423
2.019070
2.004393
2.002375
1.997166
1.986716
1.997615
2.006210
2.013475
2.012876
2.034101
2.031362
2.024282
2.004989
1.998878
2.010086
1.996439
2.008581
2.011251
2.012152
2.000161
2.012764
2.037114
2.017019
2.022173
2.038706
2.005208
2.003750
1.983428
1.983819
1.991204
1.989638
2.006248
2.023463
2.023311
2.034777
2.027438
2.018344
2.005425
2.002681
1.998500
1.989476
1.998141
2.006544
2.013186
2.012422
2.032088
2.028626
2.022929
2.007738
1.999019
2.009814
1.995868
2.008942
2.010796
2.009107
1.987225
1.979166
1.973035
1.974918
1.959347
1.970990
2.001249
2.009260
2.017339
2.011986
2.005309
2.004566
2.003726
2.012375
2.002969
2.013458
2.002463
2.026695
1.994943
2.014937
2.018498
1.996943
1.989187
2.002742
2.002548
2.006781
2.026267
2.003130
1.989091
1.992627
1.993102
2.001081
2.001569
2.027860
2.029769
2.022852
1.988721
1.979067
1.972100
1.976141
1.963598
1.974336
1.995948
2.001686
2.007867
2.013881
2.005998
2.006253
2.000815
2.008836
1.999116
2.010637
1.998989
2.022599
1.993845
2.014556
2.016765
1.999172
1.993661
2.002575
2.001390
2.005179
2.021032
1.999614
1.987206
1.994420
1.993222
2.001392
2.003072
2.032051
2.035450
2.027170
2.013076
2.004187
2.016546
1.976377
1.988852
2.009313
1.996997
1.993863
1.977367
1.976868
1.979317
1.983959
1.994794
2.000271
2.004779
1.967703
1.972157
1.963117
1.991792
1.989978
1.972074
1.971460
1.969378
1.982493
2.000048
2.019730
2.006116
1.972241
1.980205
2.005139
2.010025
2.015300
2.036332
2.016521
2.029947
2.037479
2.007435
1.997355
2.008932
1.975468
1.986054
1.994594
1.996650
1.995682
1.981762
1.978870
1.978426
1.981425
1.997046
2.003979
2.007531
1.975481
1.978783
1.969810
1.992687
1.988723
1.969843
1.972342
1.971248
1.987324
1.999515
2.021098
2.013188
1.973117
1.982074
2.010328
2.009902
2.015143
2.036952
2.015910
2.028104
2.038173
1.989439
1.997353
1.987162
1.993242
1.984185
1.999092
1.999176
2.010585
1.995463
2.009814
1.986530
1.967164
1.997382
2.007298
2.005375
1.999950
1.997764
1.980024
2.010213
2.003968
2.015689
1.986902
1.997749
2.014400
1.994967
1.989906
2.029059
2.025701
2.014512
1.979765
2.008518
2.005395
1.993351
2.003477
1.996379
1.987033
1.995673
2.004684
1.997609
1.995880
1.987131
1.991243
1.999565
2.008864
1.993707
2.011030
1.985027
1.962244
1.998172
2.008687
2.004878
1.995491
1.999278
1.983477
2.010008
2.003307
2.011539
1.988371
1.996544
2.010546
1.994750
1.988606
2.028270
2.026559
2.014131
1.978953
2.006512
2.004084
1.989826
2.002662
1.996077
1.989596
1.998795
2.012985
2.008300
2.023249
2.021345
2.010211
1.992025
1.995484
1.988076
1.989543
1.985665
1.978785
2.005452
2.000713
1.986476
1.966292
1.981391
1.996463
2.011744
2.019162
2.021499
2.040777
2.035101
2.026280
2.010658
2.001029
1.981705
1.990934
1.983918
1.992971
2.016520
2.024281
2.028798
1.988472
1.996066
1.990577
1.995735
2.006568
1.998503
2.021831
2.020984
2.015857
1.994721
1.999230
2.002526
1.997625
1.990628
1.991784
2.001265
1.997115
1.980548
1.962901
1.980773
1.990685
2.012250
2.018469
2.020329
2.037597
2.033866
2.026769
2.012018
2.001506
1.984997
1.992547
1.984877
1.991628
2.016529
2.023645
2.028703
1.987280
1.995629
1.991137
2.003733
2.009155
2.007046
2.007764
2.012084
2.036538
2.006514
2.016463
2.019000
1.999175
2.006982
1.995251
2.003700
1.999789
1.991139
1.995829
1.996271
2.011446
1.993583
1.996972
1.978544
1.980657
1.986608
2.002324
2.000201
1.996246
1.986754
1.986247
1.999611
2.020935
2.017169
2.020804
2.030214
2.026565
2.022235
2.022157
2.001605
2.008870
2.003602
2.002377
1.998506
2.038563
2.007526
2.018453
2.023851
1.998694
2.003706
1.994894
2.003729
2.000248
1.990796
1.994831
1.996114
2.014402
1.995147
1.998056
1.985556
1.985192
1.989894
2.006439
1.999515
1.996887
1.988897
1.988712
2.001044
2.023630
2.016927
2.019704
2.030143
2.026603
2.022125
2.020931
2.001221
2.009880
2.017867
2.020236
2.020670
2.015948
2.009716
2.012004
1.993607
2.003777
2.001424
2.005879
2.004744
2.009128
2.016755
2.018413
2.010044
1.990870
2.014694
2.013914
2.011269
2.044555
2.035893
2.005585
1.999196
2.003928
2.018490
2.006428
2.000918
1.982494
1.981253
1.987587
1.961471
1.950312
1.965037
1.982976
2.002702
2.011264
2.024801
2.036761
2.034547
2.021025
2.007665
2.008687
1.990938
1.995759
1.992947
2.007420
2.007529
2.013013
2.019303
2.010943
2.007527
1.995916
2.013965
2.012951
2.015510
2.044970
2.035116
2.008137
1.998428
2.004406
2.019160
2.001457
1.996955
1.971972
1.978161
1.982313
1.955529
1.949605
1.965249
1.979844
2.005562
2.012579
2.020812
2.031729
2.033607
2.010439
1.999367
1.989065
1.972290
1.996588
1.995867
2.010041
1.996919
2.007115
2.009421
2.007209
2.001577
1.986777
2.005028
1.988919
1.976846
1.949558
1.960617
1.979106
2.006918
2.017194
2.026963
2.011214
2.012793
2.030848
1.991806
1.982098
1.948017
1.965037
1.970114
1.972272
2.005589
2.014715
2.026472
2.037358
2.034044
2.020031
2.002789
1.993270
1.974898
1.998667
2.004117
2.015706
1.995290
2.004172
2.002511
1.999650
1.996870
1.979182
2.004935
1.990708
1.979553
1.955609
1.963001
1.979253
2.006036
2.014998
2.024904
2.009879
2.011644
2.028293
1.991763
1.982035
1.947683
1.965559
1.971921
1.975216
2.008412
2.003156
2.004455
2.002781
2.000945
2.002382
2.029183
2.026574
2.022077
2.020463
2.028434
1.999173
2.001461
2.001298
1.965289
1.968006
1.984399
1.984300
1.999387
2.002680
2.019149
1.993372
1.993608
2.005822
2.005748
2.017693
2.020812
2.036355
2.017397
1.996068
2.015777
2.016797
2.018967
1.993321
2.001445
2.011853
2.008825
2.002002
1.988434
1.986761
1.994254
1.998760
2.028024
2.023067
2.017764
2.023879
2.033695
2.003527
2.002063
2.000750
1.963094
1.970379
1.983985
1.988856
2.000115
2.002525
2.018310
1.994655
1.994801
2.003090
2.005213
2.017563
2.019694
2.035148
2.015806
1.997187
2.016699
2.017752
2.020243
1.995102
2.004110
2.011929
2.002546
2.012746
1.985397
1.985810
1.990882
1.995920
1.996625
2.006076
2.024153
2.003520
1.990359
1.992504
1.991279
1.998571
1.975479
1.983228
1.987017
1.966054
1.999529
2.003912
1.982760
1.993322
1.989728
1.992946
1.998918
1.988953
1.971211
1.979615
1.982508
1.987800
2.000131
2.004332
2.005257
2.002993
2.003827
1.985576
2.004963
2.015443
1.983191
2.010393
2.009090
1.995507
1.992886
2.003455
2.016873
2.000497
1.985694
1.983930
1.993259
2.001602
1.976506
1.985544
1.987166
1.968347
1.997385
2.001829
1.980002
1.990773
1.989258
1.993723
1.998653
1.988511
1.970512
1.980180
1.984393
1.991830
1.999136
2.003006
2.002892
1.992735
1.998838
1.983189
2.000859
2.003374
2.004561
1.983638
1.988423
1.989960
2.009185
2.001438
2.024928
2.043247
2.028698
2.023081
2.010224
1.998496
1.981015
1.956389
1.971185
1.982225
1.991254
2.007721
2.022667
1.983651
1.992871
1.999422
2.020677
2.018867
2.015210
2.015769
2.016138
1.978987
2.000395
2.019834
2.025437
2.009206
2.002249
1.998434
1.996112
2.000979
2.002028
1.988214
1.996857
2.001078
2.007716
1.999966
2.023662
2.037430
2.025175
2.015076
2.007861
1.996620
1.977938
1.956153
1.969687
1.979535
1.990895
2.007550
2.023252
1.978827
1.986525
1.994365
2.019967
2.018290
2.015975
2.020520
2.021468
1.983872
2.000395
2.019834
2.025277
2.008826
2.003207
2.000034
1.988983
1.990345
1.978253
1.968331
1.969505
1.972672
2.014693
2.016642
2.024148
2.010251
1.995420
1.989696
2.004500
2.012413
2.037274
2.032635
2.018986
2.017796
2.008591
2.004599
1.991854
1.987018
1.987014
1.986103
1.994449
2.004158
1.995154
2.021630
2.017921
1.997023
2.007236
2.010943
2.015250
1.998311
2.004073
1.996549
1.989675
1.994480
1.987858
1.981848
1.972291
1.990905
2.014297
2.020058
2.026552
2.016150
2.004690
1.993821
2.003736
2.011711
2.036587
2.034467
2.019805
2.018147
2.011737
2.007210
1.992795
1.990575
1.989362
1.995279
1.993930
2.003316
1.993641
2.022272
2.017594
1.998167
2.007898
2.012215
2.015035
2.000310
2.006595
1.998904
2.001256
2.003829
2.017690
2.013918
2.010278
1.965489
2.007757
2.015764
2.011625
2.019271
2.001094
1.996349
2.010101
2.009823
2.004211
2.002285
2.008212
2.021906
2.003933
1.992532
1.977804
2.003430
2.004947
2.026999
2.018307
2.019297
2.007578
2.011302
2.009516
2.005221
2.009915
2.012998
2.000653
2.022020
2.019201
2.008978
2.005413
2.010217
2.038376
2.038158
2.024227
1.976394
2.007678
2.014928
2.009241
2.018255
2.009098
2.009966
2.009966
2.010766
2.007677
2.003367
2.006977
2.021667
2.002472
1.990753
1.974760
1.998475
1.998988
2.025396
2.019570
2.021388
2.009348
2.012402
2.011220
2.008835
2.010077
2.011865
1.997538
2.017799
2.015475
2.006282
2.014957
2.026102
2.015042
2.016801
2.012117
2.027096
2.006744
2.006917
1.998220
1.997516
2.001289
1.997910
2.004424
2.008788
1.992078
1.979509
1.994146
2.000386
1.994163
2.013025
2.014233
2.007281
1.997920
2.019683
1.993461
1.999600
1.986550
1.970929
1.971562
2.007617
2.008526
1.999573
1.981383
1.996992
1.996188
1.987151
2.010638
2.021103
2.006464
2.002978
1.997948
2.022452
2.004145
2.003724
1.990971
1.993732
1.995831
1.993398
2.006924
2.010637
2.001229
1.989793
2.001683
2.004861
1.993136
2.012299
2.009569
2.008116
1.997043
2.014631
1.995200
2.000562
1.991147
1.976401
1.976381
2.011610
2.008051
1.999354
1.981191
1.997528
1.995435
1.986642
2.008225
2.012057
2.009243
2.018261
2.004949
2.014077
1.987184
1.991437
1.957505
1.976765
1.988759
1.999092
2.007888
2.012071
2.025037
2.024439
2.008249
1.997099
1.996995
2.000891
2.010626
1.991907
1.992753
1.997307
2.000064
1.997589
2.018158
1.999191
1.996677
1.997566
1.990155
1.984235
1.962206
1.969357
1.970624
1.978595
2.010338
2.017159
2.020902
2.017095
2.001320
2.013865
1.993023
1.997958
1.968587
1.978235
1.985569
2.002753
2.004432
2.007295
2.020948
2.023048
2.011832
1.997107
1.996873
2.001478
2.010849
1.989477
1.990609
1.993194
1.999083
1.996156
2.017921
1.998237
1.996776
1.996610
1.989827
1.983787
1.961702
1.969617
1.970743
1.979243
1.998059
2.005392
2.029327
2.001423
2.011110
2.049895
2.004385
2.012489
2.005991
2.008201
2.012773
2.015683
1.999434
1.996954
1.977449
2.001931
2.002212
2.025824
2.006419
2.007926
1.984859
2.007430
2.004892
1.990955
2.014175
2.028163
2.058993
2.055530
2.027294
2.019673
2.008104
2.014517
2.021071
2.001604
2.005432
2.012902
2.000204
2.012910
2.035878
2.016966
2.021359
2.039574
2.003994
2.010344
2.000259
1.999010
2.004327
2.017748
2.001997
2.001890
1.983948
2.004169
2.004531
2.032913
2.007421
2.008955
1.994489
2.015166
2.011628
1.996842
2.012736
2.026075
2.060919
2.061587
2.030437
2.017903
2.007888
2.013738
2.020793
2.001297
2.004542
2.012533
1.990421
1.981709
1.977531
1.982055
1.966165
1.970881
2.005914
2.023076
2.011910
2.021247
2.021974
2.006227
2.002427
2.006393
1.965673
1.998423
1.998096
2.002981
2.003974
2.015067
2.035492
2.011819
2.003221
2.007588
1.992641
1.993092
2.005073
1.982424
1.984982
2.012056
2.014226
2.012767
1.987980
1.960605
1.974592
1.976518
1.991210
1.980703
1.976582
1.980512
1.966755
1.971461
2.004207
2.018462
2.004394
2.004676
2.012334
2.001325
2.001366
2.003673
1.961780
1.996058
1.997910
2.000720
2.005430
2.017656
2.028539
2.004118
1.997322
2.007337
1.992109
1.993081
2.004760
1.982439
1.986112
2.011933
2.014760
2.015353
1.990266
1.961579
1.976456
1.977797
2.013075
2.005889
2.023641
1.981352
1.992081
2.010764
1.994671
2.003210
2.015494
2.027237
2.021072
2.035266
2.003847
2.008741
2.010628
1.984269
1.980522
2.006318
2.002889
1.995503
2.016987
2.014899
1.996030
1.974707
2.003241
1.996559
1.968401
2.000506
1.989907
1.978311
2.002137
2.006387
2.016268
1.991986
1.971219
2.003328
2.007534
1.999056
2.015883
1.979576
1.988703
1.997645
1.992655
2.002245
2.019773
2.031360
2.028303
2.044872
2.010754
2.016632
2.026623
1.999547
1.991319
2.012402
2.004066
1.995894
2.014623
2.006791
1.993649
1.975832
2.002864
1.997026
1.968645
2.002710
1.991991
1.980460
2.001738
2.005782
2.016149
1.990652
1.971683
2.005384
1.989655
1.997290
1.987197
1.990592
1.981262
1.995246
2.003047
2.001142
2.022835
1.996950
2.003847
1.993606
1.992155
2.000415
1.988340
2.001466
1.998290
2.002123
1.993561
1.998439
2.002184
2.025038
2.010928
1.982806
2.011502
2.018653
2.047262
2.020004
2.009927
1.990247
2.022741
2.035562
2.039231
2.037868
2.034162
2.000180
1.995889
2.004621
1.997778
1.993479
1.984467
1.988110
2.000308
1.997768
2.016096
1.986093
1.995702
1.996854
1.992209
2.000552
1.991903
2.008086
2.004314
2.004934
1.993740
1.999017
2.005724
2.032186
2.014848
1.980920
2.011963
2.019737
2.049576
2.021121
2.010081
1.989636
2.021254
2.034007
2.037260
2.036334
2.031644
1.997287
1.998180
2.012247
2.006658
2.022037
2.020704
2.010583
2.011913
1.998848
2.012614
2.008228
2.006622
2.000596
2.013034
2.020336
2.012396
1.995285
1.995407
1.978469
1.990809
1.992094
1.991288
2.009484
1.990624
2.003978
1.997248
1.998887
1.998865
2.012001
2.020900
1.989746
1.993641
2.001003
1.977805
2.020604
2.006499
1.987869
1.995120
2.005830
1.996861
2.019475
2.019187
2.015358
2.010530
1.997670
2.008272
2.007139
2.008132
2.001887
2.013075
2.019472
2.019571
2.010501
2.005960
1.974960
1.991216
1.992552
1.992411
2.014024
1.992015
2.009182
1.997083
1.998957
1.995341
2.008472
2.015542
1.980719
1.994125
2.001319
1.973860
2.017066
2.002602
1.983015
2.003598
2.010120
2.015936
2.013662
2.016317
2.037419
2.003710
2.004967
2.022579
2.030218
2.013625
1.989804
1.997272
1.997137
1.972599
1.981538
1.985537
1.998467
1.993693
2.015857
1.998726
2.003360
2.005297
1.981678
2.009802
2.015854
2.038305
2.001224
2.006843
2.000019
1.994600
2.003475
2.023474
2.023366
2.005490
2.002863
2.001745
2.010075
2.013640
2.008549
2.003001
2.040390
2.005229
2.004867
2.014088
2.034377
2.018740
2.000246
1.997332
1.996609
1.971163
1.979604
1.982781
1.994340
1.990347
2.011103
1.990755
1.990466
1.992862
1.971654
2.009089
2.015211
2.036824
1.993237
2.001996
1.995187
1.995204
2.004197
2.025728
2.023575
2.006143
2.003591
2.001506
2.011393
2.023216
2.031199
2.027001
2.018254
1.991821
1.981269
1.974799
1.987750
1.996267
1.985818
2.005896
2.007271
2.011358
2.027773
2.009277
2.015836
1.993798
1.999508
1.999203
1.971938
1.974651
1.976264
1.999760
2.006410
2.004929
1.990579
1.999057
1.992807
1.996603
2.001618
2.038869
2.035314
2.028063
2.008930
2.003308
2.012853
2.030338
2.047463
2.040107
2.022513
1.994730
1.986209
1.989957
2.002839
1.998833
1.994553
2.004852
2.005882
2.012643
2.030564
2.013951
2.018156
1.992162
1.998360
1.998051
1.971280
1.976868
1.978381
2.000319
2.006836
2.003570
1.987133
1.999962
1.994728
1.996673
2.000974
2.032616
2.033222
2.025982
2.012449
2.004919
2.011422
2.020305
2.030397
2.031436
2.008861
2.005401
2.000331
2.005623
2.000255
1.990724
1.983294
2.004161
2.010247
2.002440
1.997679
1.990364
1.965609
2.007392
2.017380
2.004679
2.001717
2.000637
1.992726
2.008188
2.003893
2.005307
2.033697
2.027801
1.989611
2.009268
2.005834
2.019173
1.974962
1.986175
1.995852
2.004816
2.013322
2.024136
2.036713
2.032740
2.019930
2.002943
1.998583
2.004272
2.006345
1.991858
1.975144
2.005637
2.013395
2.008629
2.000725
1.997050
1.968652
2.007313
2.015993
2.006618
1.998418
1.999100
1.998234
2.009184
2.004749
2.004423
2.035128
2.029107
1.997125
2.009808
2.006105
2.019757
1.977719
1.988755
1.998380
2.007856
2.002786
2.003439
2.002003
2.000473
2.002128
2.009836
2.023850
2.025676
2.020358
2.007393
1.991402
1.985684
1.992931
1.960839
1.996052
1.989640
1.967414
1.998570
2.002395
2.004103
1.987844
2.000309
2.021475
2.006664
2.023275
2.020094
2.007054
2.004539
1.998863
2.014241
2.028384
2.018963
2.032351
2.023286
2.024717
2.008268
2.001631
1.987418
1.985983
1.993674
1.998290
2.004266
2.016617
2.019906
2.021691
2.012219
2.004530
1.986647
1.993424
1.962344
2.001207
1.996454
1.981293
1.996936
2.002278
2.001302
1.981908
1.994379
2.023262
2.009969
2.026082
2.026043
2.017424
2.012504
2.012596
2.013930
2.028445
2.019834
2.032941
2.024234
2.024067
2.002359
2.012311
1.984740
1.984422
1.989615
1.995572
2.004692
2.008380
2.017540
2.008624
2.012331
2.039748
1.990719
1.989916
1.990532
2.017123
2.010134
1.999949
2.012950
2.011773
2.005687
2.003573
2.003048
2.011888
2.014707
2.022070
2.021377
2.011950
1.984515
1.993814
2.010280
2.030528
2.035744
1.985677
1.987637
1.985676
2.004776
2.015007
1.982534
2.009146
2.007822
1.995159
2.004847
2.011954
2.018634
2.005002
2.011780
2.035347
1.990723
1.991994
1.990698
2.016621
2.009611
2.004596
2.014069
2.012521
2.007263
2.004930
2.003946
2.009695
2.013333
2.020719
2.019512
2.010100
1.981121
1.994312
2.010707
2.032551
2.036391
1.985890
1.987503
1.984022
2.000416
2.002462
2.004434
1.982925
1.988111
1.988644
2.000943
1.998134
2.009756
1.987775
1.989494
2.009937
2.002208
2.001268
2.019735
2.004220
2.000882
1.995050
2.008109
2.006914
2.011563
2.044716
2.011222
1.977393
2.002556
2.022212
2.021107
2.022559
2.017673
2.003035
2.005815
2.008118
1.984732
1.982040
1.980272
2.000593
1.995727
1.999998
2.002193
1.987891
1.996454
1.999571
2.001433
2.000237
2.012875
1.996853
2.002879
2.020899
2.004285
2.005871
2.027996
2.014069
2.007314
2.002137
2.006293
2.005722
2.011868
2.042011
2.008649
1.973072
2.001877
2.021610
2.019963
2.019056
2.015137
2.001775
2.006489
2.008309
1.985278
1.982395
1.981077
1.999499
1.988713
1.989869
1.978017
1.968209
1.969604
1.972685
2.022191
2.009294
1.999116
2.014313
1.996019
1.977877
2.005965
2.017460
2.056304
2.025211
2.023745
1.996793
2.011668
2.029941
2.036524
2.041559
2.020140
2.008640
1.996682
2.008628
1.991593
2.004043
2.014615
1.995184
1.995522
1.998359
2.005390
2.008037
2.019542
2.025076
1.989404
1.994004
1.987622
1.981726
1.972391
1.990918
2.023582
2.010520
2.002615
2.010457
1.995256
1.978624
2.006315
2.018981
2.054340
2.030619
2.026329
1.997059
2.012181
2.030701
2.035663
2.037935
2.019172
2.005137
1.996099
2.005703
1.984834
1.996043
2.009311
1.986823
1.996480
1.999099
2.004214
2.008251
2.020896
2.022849
2.001058
2.004818
2.018584
2.013794
2.010119
1.965450
2.011226
2.003468
1.977578
1.986465
1.994750
2.001849
2.007294
2.004711
1.998896
1.967358
1.980838
1.978136
2.006115
2.012646
2.017791
2.019708
2.023843
1.988257
1.986405
2.002410
1.995735
2.004783
2.000069
1.987832
1.996243
1.999738
1.988241
2.016275
2.009565
2.014544
2.005284
2.011318
2.038802
2.037414
2.022540
1.975068
2.010097
2.003840
1.981463
1.984401
1.993644
2.001879
2.010966
2.011053
2.016889
1.978521
1.985060
1.975137
2.005685
2.012543
2.017934
2.015427
2.024066
1.990709
1.986590
2.002164
1.997751
2.008585
1.998548
1.983945
1.996671
2.000075
1.988968
2.011578
2.008274
2.009416
2.016541
2.026808
2.017146
2.018985
2.012509
2.029039
2.013300
2.023576
2.031389
2.032018
2.018936
2.025924
1.994216
1.986644
1.986496
1.982659
1.985085
1.972526
2.000210
2.003820
1.990223
2.002152
1.995842
2.004206
1.990299
1.980876
1.972991
1.963357
1.968641
1.988082
1.995496
2.000139
1.984924
2.000723
1.996347
1.978669
2.012367
2.021829
2.007953
2.003240
1.997358
2.023449
2.009001
2.019193
2.023904
2.032800
2.025745
2.031960
1.995379
1.987458
1.987753
1.988397
1.989811
1.977020
1.997876
2.000086
1.984361
2.001135
1.991605
1.996069
1.989840
1.979365
1.966960
1.958659
1.965503
1.982666
1.994787
1.999548
1.984499
1.999669
1.994860
1.979927
2.008746
2.013117
2.010485
2.019805
2.005535
2.012857
1.993429
1.989737
1.975019
2.014071
2.010041
2.032340
2.012957
2.003448
1.984544
1.996263
1.992711
2.002603
1.990830
1.984269
1.993079
2.013112
2.006619
1.995041
1.995700
1.988472
1.986874
1.996659
1.994497
2.010152
1.993413
1.995207
2.023651
2.021411
2.014785
2.014377
2.010451
2.017611
2.019697
2.015360
1.998295
2.011316
1.994300
1.990780
1.980295
2.014366
2.003142
2.015090
2.009875
1.996742
1.972507
1.984422
1.985440
1.997619
1.992081
1.985985
2.001287
2.017836
2.009734
1.992890
1.995064
1.988934
1.987800
2.000088
1.995841
2.010400
1.992708
1.994516
2.022326
2.023094
2.015983
2.013502
1.997453
2.004485
2.023809
1.997644
2.008385
2.047743
2.005209
2.007807
2.015756
1.972321
1.988758
2.015239
1.999500
1.995069
1.955458
1.950950
1.961702
1.961761
2.007842
2.020417
2.025737
2.020015
2.013714
2.019757
2.005272
2.004331
2.029904
2.024624
2.008719
2.010254
2.004838
2.004087
1.968358
1.968390
1.971593
1.985699
1.999812
2.011901
2.030956
2.012806
2.018868
2.037607
2.006009
2.009749
2.014451
1.977483
1.998533
2.033804
1.998179
1.992778
1.948792
1.948702
1.959355
1.963408
2.006538
2.018964
2.023416
2.016283
2.007795
2.019561
2.005576
2.004011
2.026421
2.024341
2.007919
2.005953
2.004483
2.003414
1.967444
1.967608
1.968641
1.985444
1.990269
1.981425
1.976556
1.977853
1.961452
1.973021
2.003510
2.000645
1.981470
1.990905
1.995689
1.980410
1.994097
1.988606
1.995534
1.979107
1.978454
1.989935
1.989527
1.994923
1.987811
2.013251
1.997642
2.003161
2.011156
2.014730
2.013232
2.018385
2.014272
1.999223
1.998703
2.001045
2.001623
1.960935
1.960763
1.990788
1.990973
1.980203
1.973903
1.975044
1.963457
1.972671
2.004625
2.003416
1.982926
1.983852
1.990931
1.989848
1.992961
1.987056
1.994365
1.984855
1.986048
1.992554
1.991563
1.997286
1.989635
2.012305
1.997741
1.999063
2.011205
2.015170
2.010643
2.012568
2.011667
1.998621
1.999371
2.003128
2.003963
1.960951
1.962117
1.990057
2.013306
2.005235
2.022290
1.979830
1.990159
2.009977
2.001374
2.009284
2.016998
2.010108
2.002557
2.004657
1.995580
2.004504
2.015269
1.999211
1.993692
2.008986
1.994588
1.988814
1.984050
2.001997
2.006552
2.024244
1.984757
1.985174
1.970304
1.992987
1.975315
1.976883
2.004867
2.018612
1.992555
1.975129
1.987857
2.023294
2.007665
1.998403
2.014390
1.978705
1.987084
1.996195
1.996073
2.001710
2.007526
2.013729
2.005417
2.008885
1.996363
2.006173
2.019191
2.007480
1.999048
2.014592
1.993084
1.986515
1.977888
2.002448
2.004994
2.017352
1.985416
1.986330
1.974900
1.994356
1.976152
1.976315
2.004567
2.018719
1.992746
1.970690
1.982419
2.018318
1.989013
1.996429
1.987882
1.993302
1.983768
1.999039
1.997088
1.993595
1.975541
1.972408
1.976958
1.984832
2.008266
1.999199
1.958915
1.989874
1.989937
2.000921
2.013920
1.998057
1.993536
1.997157
2.012990
2.025461
2.001995
1.998680
1.988857
1.977637
1.984686
1.996687
1.998592
1.991808
1.975928
1.975212
1.971047
1.979805
1.995248
2.003760
1.998329
1.995940
1.986738
1.991142
1.996741
1.995414
1.979936
1.974411
1.976075
1.981831
2.008791
2.000301
1.963116
1.995671
1.997375
2.014154
2.014548
1.998085
1.994083
2.002636
2.017940
2.033564
2.001032
1.996124
1.987068
1.985086
1.993329
2.000237
1.997938
1.990658
1.973019
1.973730
1.969715
1.976641
1.998109
2.012055
2.006727
2.024268
2.022157
2.010805
1.999014
2.009899
1.992583
2.008301
1.985858
1.967082
1.982383
1.985914
1.987881
2.008233
1.997922
1.981086
1.999889
1.992959
1.967006
1.960573
1.977034
1.983668
1.980385
1.964266
1.957252
1.957482
1.969736
1.987311
1.986440
1.993367
1.993979
2.004625
1.988455
1.981149
1.995049
2.005638
1.996931
2.021706
2.020639
2.014758
1.999403
2.008178
1.990689
2.009745
1.984517
1.962976
1.979071
1.981464
1.979810
2.007398
2.000532
1.983215
1.999690
1.992288
1.965657
1.959409
1.976606
1.982863
1.980289
1.964058
1.955415
1.952759
1.967512
1.987753
1.986511
1.992554
1.990817
2.004554
1.990193
1.983563
2.003615
2.010238
2.015949
2.013515
2.016347
2.037606
1.992956
1.996101
1.988863
1.987287
1.984026
1.977145
2.009186
2.009559
1.979353
1.963300
1.967632
1.959139
2.016295
2.010742
2.015428
2.033898
2.027665
2.005553
1.999798
2.005047
1.976933
1.988190
1.993247
2.021266
2.010857
2.008508
2.038281
2.009066
2.013232
2.022396
2.001762
2.010194
2.013654
2.008403
2.003030
2.040578
1.995652
1.999858
2.003313
1.995369
1.988989
1.990144
2.011848
2.010411
1.980765
1.967915
1.972318
1.964469
2.016428
2.012822
2.019895
2.038099
2.029505
2.010095
1.999344
2.005110
1.977265
1.988874
1.994277
2.021692
2.010712
2.008302
2.036718
2.007963
2.012239
2.020986
2.003810
2.012444
2.024830
2.033761
2.028038
2.019953
2.004838
2.013565
2.016603
1.994634
2.007074
1.998841
2.006015
2.011130
2.000141
2.021456
2.020450
2.018139
1.991568
1.997335
1.983105
2.002475
1.995021
2.012502
1.997622
2.001395
1.995281
2.004116
2.005575
1.998208
2.019711
2.018301
2.005910
2.001607
2.006814
2.018851
2.004995
2.013779
2.032071
2.050345
2.041490
2.024346
2.005850
2.015676
2.021454
1.994153
2.003869
1.997479
2.007881
2.012176
1.999550
2.025058
2.024588
2.015881
1.992145
1.996394
1.985607
2.005681
1.995680
2.010900
1.996679
2.000165
1.993188
2.007273
2.009940
2.000517
2.019912
2.018094
2.007664
2.004772
2.009455
2.019797
2.005648
2.012322
2.021761
2.032272
2.033758
2.010479
2.008295
2.010616
1.995593
2.003935
2.002036
2.006472
2.005956
2.008618
2.031663
2.001413
1.997853
1.976784
1.966601
1.965287
1.964451
1.963427
1.974399
1.991973
2.009618
2.008151
1.965245
1.972002
1.974725
2.008889
1.996522
1.992957
1.966245
1.974284
1.970654
1.987210
2.005675
2.014458
2.027204
2.039511
2.035171
2.021457
2.006528
2.007286
1.990844
1.995539
1.993149
2.007439
2.005953
2.009258
2.032983
2.007541
2.004627
1.984752
1.967000
1.966426
1.968469
1.966052
1.976658
1.987866
2.010537
2.009868
1.973882
1.981031
1.979595
2.014632
1.996883
1.993103
1.967954
1.976090
1.971746
1.985576
