1.999318
1.995795
1.993172
1.987527
2.006475
2.003645
1.968491
1.971356
2.003052
2.000952
2.012065
1.998705
1.991976
1.990840
2.003219
2.013687
2.010878
2.016111
2.030089
2.021842
2.004400
1.982174
1.966102
1.987355
1.998484
1.998843
1.983025
1.968468
1.979445
1.988419
1.953441
1.957039
2.005656
1.998265
2.022489
2.051916
2.016140
2.015894
2.004826
1.973660
1.987249
1.996865
2.027763
2.014986
2.005005
1.999510
2.039454
2.021692
1.996677
2.009078
1.969555
1.992409
2.000805
1.996276
2.005284
1.978721
2.013311
2.003209
1.982395
1.985118
2.000041
2.007232
2.008164
2.015740
2.007490
2.014403
2.034420
2.035685
1.989796
1.987273
1.991679
2.010794
2.001281
1.989467
1.964931
1.980736
1.997098
2.011502
1.998917
2.019304
2.010173
2.004083
2.015410
1.971527
2.007138
2.015574
2.011500
1.987242
2.006587
1.999998
2.009801
1.993227
2.001575
2.005241
1.993524
2.015684
2.000198
2.008010
2.001724
1.989181
2.007436
2.015741
2.014549
2.014872
1.992877
1.987289
1.982967
1.960735
1.985676
1.994554
1.980197
1.988533
1.991320
1.992080
1.980934
2.002805
2.007833
2.007716
1.999599
1.997816
1.991365
1.998405
2.004847
2.010630
1.997367
2.000396
1.982710
1.990619
2.005984
2.007549
2.037650
2.008745
2.000483
2.007049
1.992614
2.013710
1.996575
2.005212
2.018548
1.990532
1.996544
1.997924
1.974237
1.970668
2.003519
2.004504
2.000455
1.997020
2.008440
2.015625
2.005445
2.039659
1.984540
1.982522
1.997308
1.944597
2.020190
2.023723
2.017046
1.990283
1.998999
2.007339
1.988140
1.993676
2.004013
2.007334
2.013104
1.993878
1.995900
1.993707
1.981391
1.980837
2.006965
1.999585
1.986523
1.993456
1.991195
1.987472
1.994005
1.993970
1.983808
1.983811
1.985136
1.989378
1.995855
2.002747
2.038958
2.035510
2.005555
2.009844
2.032666
2.033201
1.997085
1.995018
2.015248
2.004027
1.994638
1.997960
1.993514
2.010309
1.988786
1.984982
1.995264
2.007526
1.997916
2.000177
1.971230
1.978864
1.994079
1.993848
1.943900
1.987947
1.988612
1.992655
1.960398
1.993775
2.005259
1.998583
1.999768
1.991444
1.999385
2.000287
2.005806
1.996832
1.998885
2.004747
2.005168
2.019907
2.006091
2.016383
2.047941
2.029459
1.991938
1.998254
2.017315
2.027077
2.016087
2.035624
2.067239
2.075752
1.995185
2.001821
2.007467
2.003931
2.004647
2.027006
2.024229
2.012830
1.990661
1.988541
1.990550
1.999191
1.994709
2.013439
2.026066
1.993213
1.992166
1.983864
1.963464
1.978358
1.994984
1.999624
2.026104
2.012144
2.024321
2.023492
2.002310
1.990602
2.001830
1.997890
1.961390
1.971129
1.999943
1.994575
2.000666
1.982961
2.012679
2.016994
2.004806
1.991802
1.997933
1.999389
2.007411
2.002062
1.994032
1.988444
1.968045
2.019559
1.992033
2.000428
1.979523
1.991856
1.989948
1.978150
1.978452
1.964865
1.980772
1.984821
1.970166
1.991909
2.003944
2.010208
1.996918
2.000601
2.003998
2.000177
1.998039
1.983832
2.010731
2.026706
2.054118
2.069889
1.998463
2.017378
2.001610
1.995700
1.985643
1.993810
1.985904
1.988950
1.997647
1.993738
2.012273
2.004236
1.987083
1.989925
1.982967
1.983063
1.989423
1.998731
1.983513
1.993532
2.002207
2.022253
2.010295
2.024394
2.000566
1.991752
1.952897
1.984487
1.989516
1.978661
1.974101
1.976045
2.005372
2.007257
1.978508
1.998083
2.002156
2.005246
2.020095
2.010068
2.000389
2.001843
1.978156
2.013184
1.998882
1.991611
1.981859
1.987404
1.999741
1.997683
2.006605
2.021476
1.998374
1.987633
1.985046
1.998362
2.007596
2.022134
2.043473
2.009526
1.978943
1.977045
1.998572
1.998763
1.997082
1.998933
1.965284
1.954971
2.001175
2.006320
2.006367
1.998731
1.992805
1.982939
1.974401
1.983507
2.013106
2.023644
2.042503
2.036687
2.006631
2.012821
2.016954
2.007440
1.994267
2.000499
1.991363
2.043264
2.005590
1.998041
1.991442
1.967593
1.993451
1.992797
1.988162
1.970073
1.995209
1.982008
1.988215
1.993038
1.985431
1.995265
1.999366
2.016877
1.996792
1.995930
1.988612
1.975989
2.008197
2.008492
1.981361
1.969849
1.994781
1.997739
2.016587
2.044382
1.991862
1.990664
1.985018
2.000784
2.007982
2.005988
1.998522
1.989961
2.013682
2.008385
2.003233
2.009085
1.992490
1.994702
1.976212
2.010739
2.006952
2.010708
1.989942
2.006199
2.018739
2.028415
2.033415
2.006983
2.002220
2.014996
2.014988
2.035035
1.989382
1.993101
2.006191
2.015222
2.013076
1.998644
1.987103
2.012674
2.014227
2.011645
2.048442
2.011383
2.001484
1.997217
1.999163
1.988168
2.015514
2.026929
2.018707
1.994430
2.010117
2.020102
1.995252
2.008199
1.996898
2.003033
2.017951
1.998821
1.992224
1.997609
2.009086
2.000923
1.992188
1.992123
1.962090
1.984388
1.991034
2.006639
1.986168
2.015125
1.988073
1.987149
1.986463
1.951952
2.012131
2.009412
1.994717
1.990369
2.001351
1.986888
1.969537
1.992644
1.973594
1.974588
1.978227
2.001214
2.012135
2.019038
2.019320
1.999264
1.999137
2.002937
2.014989
2.020634
2.010919
2.013827
2.038387
2.021348
1.993662
1.980955
1.964231
1.961153
1.985388
1.990705
2.001003
2.015585
2.011007
2.013575
1.991631
1.970150
1.986670
1.988248
1.983132
1.954680
2.018282
2.008392
1.981648
1.963909
1.997088
2.002235
1.990930
2.008634
2.008958
2.003832
1.986044
1.974205
1.980267
1.983826
1.983271
2.011881
2.014043
2.017212
2.017937
2.000673
2.007292
2.001398
2.013065
2.030080
1.999004
2.003770
2.024687
2.007889
2.001756
1.991245
2.012066
1.999867
1.993359
1.992006
2.000508
2.033520
2.011810
2.013486
2.036647
2.024149
2.010074
2.014328
1.973616
1.974452
1.996150
1.990125
1.979071
1.944904
1.994317
1.981204
1.981075
1.978880
2.016422
2.005137
2.031808
2.011942
1.993157
1.994561
1.978833
1.967715
2.005166
1.995882
1.964303
1.971956
2.014841
2.011802
2.028341
1.998253
1.995000
1.990066
1.979011
1.994821
2.010949
1.999654
1.987964
1.997063
2.001976
2.008502
2.011734
2.012106
1.992578
1.992994
1.988677
1.972286
2.000007
2.011366
2.017743
1.991864
1.988067
1.991418
1.972613
1.965735
1.996556
2.007499
1.986337
2.000561
1.991250
1.987050
1.988680
2.009373
1.994887
1.999934
2.004658
1.992919
1.987092
1.996536
1.978072
1.984734
1.996953
1.999230
2.000572
1.984140
2.006159
2.015002
2.020990
2.003401
1.986822
1.985039
1.999645
2.017398
1.990161
1.987385
1.985149
1.964238
2.002921
2.004397
2.023144
2.016064
2.004997
2.007496
2.014236
2.013402
2.002877
2.009323
2.011481
1.989032
1.997951
2.004803
1.994468
1.980427
2.015827
2.029029
2.043075
2.034099
2.007782
2.002380
2.010521
2.026511
2.013999
2.017726
2.043244
2.049375
2.003733
2.010625
2.021968
2.023845
1.995276
1.982853
1.986869
1.973658
2.002384
2.006415
2.005986
2.007578
2.003949
2.010555
2.018714
1.993862
2.003500
2.008784
1.989447
1.995001
1.999191
1.980845
1.962458
1.981095
2.001195
2.020393
2.035054
2.007128
2.014448
2.014747
1.974061
1.950724
1.998995
2.000719
2.009592
2.017925
1.996211
2.018811
2.010046
1.995827
1.993153
1.989237
1.997002
2.005283
1.981732
2.005015
1.985075
2.013327
2.002293
2.008360
1.962856
1.979383
1.992615
1.997771
1.990465
2.011438
1.996670
2.002105
2.038619
2.047205
1.981021
1.987453
1.992110
1.982074
2.004113
2.015849
2.004090
2.030737
2.010651
2.011789
2.040712
2.048206
1.997634
1.992924
1.969312
1.989850
1.998192
1.996534
1.999346
1.991768
2.001356
2.004468
2.000851
1.988990
2.007807
2.004269
1.991010
1.987951
1.993497
1.983176
1.992760
2.020764
2.001298
1.991311
1.982353
1.990684
1.993664
2.006738
2.029790
2.020871
2.012063
2.014229
2.021411
2.002508
2.001016
1.997010
2.019372
2.030332
1.994434
1.994506
2.000358
1.989083
2.003024
2.013305
2.009192
1.991054
1.993514
1.998269
2.005236
1.976508
1.993664
1.992573
1.984378
2.003877
1.998838
2.008922
2.030898
1.996107
1.998392
1.979442
1.979232
1.989409
2.009076
2.005419
2.000458
2.000684
2.003826
1.990844
1.976879
1.983182
1.987937
2.004655
1.990504
2.021230
1.997114
1.991849
1.999804
2.007091
1.995739
1.988236
2.001964
1.985197
1.996892
2.003319
1.971817
1.961969
1.988684
1.987017
1.997103
1.994860
1.999828
1.995886
2.011178
1.984948
2.000535
2.004365
2.006658
2.017109
2.008764
1.998500
1.977754
1.977300
1.999996
1.999895
2.023177
2.038832
2.017973
2.017305
2.022971
2.034997
1.994311
1.986871
1.976759
1.994344
2.001648
2.005153
2.016565
2.035116
2.008503
2.016670
2.004375
1.997141
2.010695
2.006613
2.014792
1.992422
1.994935
1.998323
2.023226
2.013740
1.978901
1.985795
2.000565
1.996267
1.992072
1.987671
1.982865
1.998972
2.003354
2.001146
2.001007
2.023000
2.011998
2.008762
2.001293
1.992568
2.028249
2.023269
2.035313
2.005597
1.982631
1.980290
1.951793
1.986476
1.998167
1.992308
2.000550
2.034228
1.994706
2.014989
2.025130
2.016234
2.000729
2.000058
2.000138
2.005979
2.017328
2.011949
2.026563
1.999731
2.005536
2.005148
1.987561
1.991071
1.994503
1.992738
2.028305
2.016561
2.004717
2.010665
1.997196
1.980097
1.989586
1.995079
1.985421
1.986296
2.003490
1.999825
2.011589
2.010541
2.006590
2.002425
1.991846
1.996663
2.000610
2.001422
1.994179
2.011097
2.018846
2.019240
2.016963
2.004290
1.987924
1.993346
1.993690
1.985459
1.999446
1.987392
1.996875
1.976395
1.997474
1.985885
1.931700
1.973391
1.992244
1.983030
1.985153
1.977422
1.995144
1.987321
1.975276
1.965221
2.002908
2.001286
1.985655
1.991186
1.989502
1.998656
1.997569
1.986119
1.983990
1.993160
1.982816
2.002700
1.998646
1.987696
1.953720
1.987030
1.996280
1.993634
1.992343
1.998443
2.006488
2.007419
2.033560
2.025306
2.009853
2.003780
2.007966
2.010922
1.995365
1.991479
1.994637
1.967725
1.990739
2.004649
2.004282
2.004261
2.000304
1.993402
1.995927
1.984383
1.993788
1.990176
2.001794
2.033711
1.998317
1.979475
1.987913
1.990898
2.005600
2.010695
2.020056
1.982744
1.994468
1.989600
1.984894
1.984385
2.009741
1.998209
1.980004
2.011856
1.998053
1.991159
1.988997
1.995441
1.990269
1.997952
1.991381
1.984877
2.006827
2.001726
2.018718
2.011865
2.004782
2.017484
2.022877
2.039801
2.002419
1.998182
2.018823
2.020815
1.986674
1.983426
1.976426
1.980381
1.988047
1.987721
1.997992
2.007875
1.988348
2.000820
1.990855
1.992500
2.014365
2.024358
2.029799
2.025293
2.004618
2.017423
2.038359
1.994569
2.019417
2.020181
2.002916
2.023593
1.991606
1.982149
2.003364
2.004154
1.989626
1.991108
1.987778
1.975080
1.992201
2.001712
1.994151
2.012258
2.010617
2.009411
2.018000
1.970935
2.001777
1.998003
1.961878
1.976079
1.980205
1.983950
1.963897
1.979886
2.001846
2.011426
1.993032
2.000449
1.999678
2.001017
2.010129
2.011971
1.990232
1.981193
1.981990
2.010157
2.001600
1.993602
1.986479
1.975842
1.995014
2.004642
1.999255
2.001886
1.996185
1.998581
2.010838
1.991496
1.999183
2.005116
2.006801
1.982023
1.991706
1.992583
1.993720
1.998749
2.007287
2.003653
2.011221
1.982172
2.011427
2.018884
2.030220
2.021973
2.017343
2.020245
2.032906
2.020606
1.994273
1.998714
1.996054
1.997923
2.002975
2.007317
2.019289
2.009032
2.002828
2.000507
1.996791
1.986879
1.995402
2.009955
1.997348
2.000499
2.017969
2.018207
2.014852
2.036340
1.993992
2.003865
2.008640
2.022987
2.012380
2.015237
2.056047
2.054411
1.993806
1.981209
1.999753
1.980833
2.001972
2.002563
1.989359
1.986115
1.995235
2.000790
1.977896
1.997931
1.999253
1.998151
2.003271
1.993915
2.003361
2.011559
2.015869
2.019768
2.018901
2.016043
2.001777
2.013070
2.003625
2.004334
2.032183
2.008122
1.999186
2.004161
1.992369
1.997500
1.998251
2.009599
2.014296
2.031809
2.006439
2.000620
2.010204
2.015022
2.003603
1.993192
1.985592
1.984092
2.007943
2.017396
2.000577
1.996266
1.995558
1.996194
2.004798
1.999092
2.001876
1.992593
2.013328
2.028998
1.997879
1.988041
1.972866
2.005982
1.999186
2.005736
1.991818
2.009158
2.010924
2.010224
1.985657
1.994634
1.998317
2.004239
2.004527
2.003604
2.015197
2.005963
2.020981
2.018540
1.987508
1.987357
1.962908
1.973652
2.002821
2.009749
1.971181
1.986108
2.020187
2.022016
2.050449
2.039825
2.013251
2.012674
2.021899
2.039520
1.993389
1.984823
2.017951
2.031813
1.983730
1.977408
1.964415
1.984512
1.991103
1.990262
2.007318
2.023565
2.009600
2.002872
2.011231
2.026584
1.991007
1.994753
2.019972
2.012527
1.985595
1.991388
1.998591
2.013034
2.013096
1.998274
2.012928
2.021789
2.002078
2.003889
2.031256
2.036500
1.993288
1.994425
2.005170
2.014925
2.009028
2.019229
2.011561
2.010042
1.989631
1.997813
2.013032
1.991152
1.993339
2.010127
2.033915
2.020307
2.012789
2.003244
2.002266
2.011536
2.008755
2.007473
2.016303
2.008998
1.991287
1.994390
1.991717
1.998203
2.000124
1.998324
1.981673
1.965737
1.981023
1.980308
1.964136
1.965382
1.999180
1.995115
2.004078
2.013357
1.988709
1.998187
2.017185
1.996304
1.995143
2.000748
2.008317
2.007636
2.008407
2.020331
2.034552
2.012510
1.997416
2.007332
1.997350
1.984754
2.001268
1.994891
1.986823
1.986198
2.012522
2.013986
2.028006
2.055511
2.011552
2.028921
2.030488
2.038651
2.007315
2.004009
2.008870
2.014221
2.009508
2.003492
1.997445
2.015898
1.997675
2.011602
2.030108
2.027067
1.994619
1.997305
2.005340
1.992183
2.003996
2.004785
1.975426
2.019291
2.009160
2.008568
2.050066
2.037312
1.994699
2.006626
2.020537
2.007511
1.997028
1.994214
1.988045
1.973818
1.995975
1.993685
1.999951
2.030779
1.995332
1.993598
2.010946
2.033710
2.008372
1.998374
1.990935
1.999183
2.001382
2.013220
2.012499
2.014064
2.005957
2.015960
2.031877
2.030001
2.016057
2.008837
1.970513
1.980290
1.996134
2.003404
2.027901
2.019055
1.984598
1.973191
1.966132
1.955578
1.992249
1.995344
1.998595
1.973913
1.994254
1.993794
1.994797
1.981514
1.993739
1.987098
1.988453
1.966110
2.002698
1.992625
1.994389
2.009983
1.993278
1.997247
1.993766
2.018985
2.003428
2.007579
2.010296
2.013670
1.999010
2.012947
2.002671
1.987673
2.003068
2.003607
2.010801
1.998194
2.016055
2.018032
2.023627
2.020031
1.997818
1.989349
1.962715
1.963610
1.995395
1.999103
1.980224
1.998638
1.999661
2.004098
2.036476
2.002511
2.002738
1.992706
1.990700
1.968505
1.995418
2.000533
1.998891
2.005273
2.005716
2.007581
1.988698
1.983260
1.998513
2.001850
2.015692
2.030707
2.004564
1.994556
1.948380
1.957685
2.006881
2.006266
1.991421
2.001509
2.005993
2.007468
2.004293
1.996180
1.996475
1.984621
1.993079
2.017362
2.002928
2.009198
2.033922
2.029963
2.006984
2.001916
1.993966
2.013611
2.011959
2.024813
2.041938
2.039026
2.003097
2.011717
2.056985
2.047334
2.013318
2.027178
2.045056
2.050140
1.983632
1.990180
1.973158
1.967225
2.005406
2.018787
1.999398
1.998143
2.019564
2.023018
2.029897
2.017846
1.990026
1.984676
1.994495
1.955374
1.983258
1.983743
1.961877
1.998144
2.016264
2.019395
2.010637
1.993299
1.989141
1.986573
1.974173
1.975767
1.997282
1.992757
2.001703
2.024661
2.008347
1.999317
2.014950
1.993375
1.993612
1.985706
1.977656
1.968784
1.996530
1.986008
1.993016
2.000392
2.011886
2.008309
1.999350
2.014995
2.006817
1.997721
1.987146
1.989434
1.978350
1.979355
1.988053
1.969224
1.992334
1.997685
2.016308
2.017719
