2.015834
2.020961
2.013748
2.022232
2.021224
2.033164
1.997746
2.009138
2.020782
2.032666
2.024122
2.037050
2.009955
2.018134
2.022757
2.017476
2.014112
2.016789
1.998394
2.001419
2.004576
1.989622
1.989542
1.995560
2.002369
1.997779
2.011128
2.011721
2.002366
2.010796
1.995770
1.987527
1.995172
2.028326
2.021407
2.013848
2.011424
2.015923
1.999104
1.999180
1.999033
2.025313
1.995514
2.008110
2.025165
2.036717
2.028885
2.044746
2.010525
2.018480
2.024699
2.017353
2.015984
2.022138
1.998272
2.002264
2.004602
1.986344
1.986121
1.990376
2.001467
1.995944
2.008562
2.007972
1.998015
2.010382
1.995245
1.987184
1.995652
2.028296
2.021800
2.012583
2.011437
2.011909
2.006638
2.007803
1.996318
2.013809
2.004340
2.001249
2.023430
1.992920
1.999420
1.989977
2.009012
2.022123
2.034352
2.020011
2.015852
2.003042
2.007183
2.009447
1.988175
2.008507
2.006648
1.991244
2.005406
2.006218
2.031491
2.008645
2.014859
2.017246
1.992225
1.986286
1.990837
1.997573
2.010548
2.010833
2.013522
2.017119
2.018840
2.010048
1.995809
2.011891
2.001601
1.997875
2.016328
1.981273
1.990215
1.992933
2.009404
2.022572
2.038172
2.029133
2.025065
2.010891
2.008185
2.010476
1.997805
2.016244
2.013384
1.997131
2.006008
2.006771
2.027625
2.010009
2.013778
2.017493
1.990913
1.983408
1.989273
1.996461
2.009553
2.014232
2.000117
2.011954
2.033560
2.007298
2.013288
2.042060
2.008044
1.993809
1.997733
1.995115
1.996991
1.998701
2.001235
2.007221
2.010667
2.018540
2.006440
2.018950
2.005205
2.015383
2.037396
2.014201
2.004377
2.008209
2.015036
2.013698
2.036095
2.031849
2.024827
2.006599
1.994705
1.987013
1.960561
2.012636
2.022102
2.011849
2.002139
2.019291
2.042809
2.018577
2.019049
2.029818
2.008128
1.993965
1.993714
1.996578
2.000679
2.003040
2.000614
2.006097
2.003141
2.017744
2.006966
2.020086
2.006463
2.017717
2.029284
2.006246
1.997651
2.007077
2.014748
2.013244
2.034083
2.029113
2.023474
2.009348
1.994245
1.985594
1.956311
2.007498
2.015721
2.013244
1.993299
1.990227
1.984396
1.989964
1.970002
1.971319
2.005768
2.008167
2.023265
2.030671
2.017220
1.996936
2.005403
1.989702
2.008075
1.984837
1.985934
1.987318
2.003085
1.995272
2.017914
2.014774
1.996931
1.975530
2.001930
2.006573
2.025094
1.999507
1.987209
1.989972
1.997411
2.007883
1.985458
2.012985
2.022319
2.022999
1.994531
1.990251
1.985024
1.986396
1.969398
1.973541
2.007077
2.007851
2.014199
2.033886
2.021663
2.007071
2.003940
1.988667
2.003932
1.988701
1.990014
1.993108
2.004262
1.995663
2.015550
2.007013
1.994553
1.976504
2.000772
2.004970
2.020626
1.997893
1.986254
1.994038
1.997874
2.008900
1.987448
2.012082
2.025789
2.030640
2.013925
2.011150
2.024184
1.990449
2.000991
2.020788
1.994919
1.987669
1.992248
2.001067
2.009384
1.992328
2.014507
2.011986
2.019459
2.017608
2.025108
2.006430
1.995248
1.998200
2.002571
2.026163
2.012100
1.987657
2.000646
2.018861
2.009041
1.972609
1.981775
2.007475
2.023662
2.026641
2.021279
2.036928
2.030947
2.031881
2.009502
2.003663
2.014400
1.980986
1.992762
2.004848
1.994676
1.988626
2.000319
2.010284
2.007569
1.995634
2.012590
2.009087
2.018970
2.023158
2.026960
2.000380
1.995426
1.998779
2.006110
2.033311
2.016020
1.985771
2.000113
2.020229
2.016114
1.973485
1.983644
2.012782
2.024957
2.029352
2.026378
2.046561
2.040061
2.034132
1.986896
1.994029
1.986469
1.992837
1.982645
2.002004
2.002461
1.999543
2.009142
1.994528
1.984577
1.978016
1.997477
2.003419
2.006775
1.986991
1.984095
1.971629
1.990929
1.991958
1.991607
2.013232
1.992849
2.006923
1.994013
1.989688
2.029268
2.022620
2.013989
1.980949
1.998689
2.007510
2.009599
1.974368
1.980050
1.991236
1.991973
1.999331
1.995958
1.997763
1.984526
1.991237
2.000501
1.999018
2.007780
2.001106
1.986095
1.972789
1.999902
2.006863
2.012666
2.005966
2.000613
1.980722
1.991336
1.992416
1.992730
2.017772
1.994240
2.012121
1.993797
1.988388
2.027645
2.022393
2.013284
1.981412
1.998689
2.007432
2.009649
1.975631
1.980251
1.988525
1.997415
2.006528
1.996398
2.017488
2.013949
1.995590
2.008894
2.023517
2.022949
2.023862
2.012164
2.002689
1.992418
1.990255
1.987323
1.996175
2.009031
2.029800
1.992664
2.014169
1.994532
2.002581
2.005940
1.983888
2.011405
2.001433
1.983541
1.994245
1.984896
1.994257
2.004779
2.010457
1.987776
1.972822
1.976877
1.998782
1.994046
2.000974
1.985625
2.012840
2.013671
1.999457
2.003232
2.016322
2.018835
2.024720
2.017307
2.014573
1.994534
1.992566
1.996593
1.998464
2.009774
2.027654
1.989317
2.009414
1.986560
1.990001
1.993510
1.974009
2.012764
2.001910
1.986834
1.995857
1.985814
1.992915
2.004565
2.010140
1.988136
1.972954
1.976829
2.001447
2.007295
2.013504
2.014389
2.009006
2.014988
2.036515
2.008427
2.012731
2.024218
2.011832
2.012004
2.046110
2.002786
2.003348
2.014970
1.993043
1.993930
2.008334
1.993503
1.998543
1.996312
1.969501
1.973956
1.976376
1.998777
1.993925
1.979502
1.981634
1.995929
2.021446
1.997468
2.002960
2.004505
2.002780
1.999056
2.000776
2.005440
2.014149
2.014043
2.004569
2.002213
2.035342
2.009184
2.016286
2.024905
2.010025
2.011717
2.040576
2.003007
2.004098
2.022191
1.988526
1.988626
2.003245
1.991867
1.997396
1.995160
1.968843
1.976173
1.978494
1.998091
1.994565
1.981646
1.984099
1.997362
2.024141
1.997801
2.003559
2.008406
2.003637
1.998878
2.005227
2.001812
2.005975
2.016224
2.017629
2.019196
2.011137
2.000900
1.999807
2.013042
1.985989
1.986031
2.003587
1.991149
1.988250
2.004387
2.018624
1.993255
1.977971
2.007658
2.017747
2.004368
1.998457
1.996404
1.989941
2.000030
2.005179
2.018175
2.007599
2.001368
1.981536
1.993580
2.003700
1.980630
2.003418
2.006109
1.985621
2.004250
2.008130
2.024932
2.031417
2.029946
2.015389
2.001639
2.002187
2.016648
1.996977
2.001613
2.016317
1.988208
1.985197
1.996387
2.005225
1.986225
1.972572
2.007580
2.016361
2.006307
1.995159
1.994867
1.995494
1.999261
2.005657
2.018846
2.002628
1.997404
1.971014
1.993938
2.004419
1.978812
2.003429
2.006339
1.987700
2.009131
2.011148
2.014140
2.028837
2.036081
2.009266
2.021405
2.006246
1.995475
2.013995
1.994955
1.978393
1.996599
1.989451
1.998285
2.005356
1.993279
2.013932
1.998734
2.001238
1.999846
1.983214
1.996921
2.022833
2.007319
2.018652
2.029189
2.015649
2.015500
2.029952
2.001832
2.005170
2.004664
1.993884
1.997698
2.021612
2.009430
2.014863
2.021519
2.039545
2.039335
2.023886
2.022303
2.007032
1.999235
2.010490
1.994072
1.978214
1.997471
1.992255
2.003863
2.011528
1.996523
2.012954
1.997101
2.001121
1.997046
1.977422
1.991021
2.024620
2.006437
2.016455
2.027131
2.014314
2.014649
2.027225
2.001555
2.004869
2.004457
1.992961
1.996486
2.022647
2.009495
2.002121
2.001653
2.006587
2.005580
2.008847
2.008395
1.997556
1.969961
1.980864
1.990992
1.997379
1.996880
1.993301
1.970536
1.977299
1.979144
1.973934
2.011402
2.010246
2.002543
2.003303
2.004488
2.011232
2.007239
2.019009
2.024143
2.039010
2.018999
1.997421
1.998084
2.009340
1.995482
2.007983
2.011112
2.011068
2.010120
2.000963
1.984921
1.989645
1.997723
2.002762
2.007658
1.997316
1.972544
1.979448
1.990029
2.000304
1.998795
1.995522
1.971478
1.979333
1.975906
1.971500
2.012521
2.010994
2.004119
2.004660
2.005386
2.009039
2.006704
2.018879
2.023024
2.037803
2.017408
1.998540
1.998224
2.009068
1.994910
2.008345
2.010657
2.008023
1.998668
2.008024
1.975417
1.972696
1.979647
1.988529
2.010902
2.023031
2.029018
2.032523
2.022218
2.032440
2.000891
2.016280
2.033234
2.022308
2.015038
2.018386
2.007160
2.005529
2.010082
2.041831
2.007251
1.973301
1.997921
1.990482
1.972528
1.979664
1.982955
1.989384
1.993225
2.000697
2.000833
2.027098
2.029661
2.024145
2.003589
2.014252
1.978694
2.000753
2.000044
1.990668
2.007326
2.019029
2.021533
2.034040
2.029469
2.038106
1.998965
2.013909
2.027797
2.027386
2.023429
2.027313
2.005344
2.004337
2.010388
2.038993
2.004491
1.968748
1.997913
1.990316
1.972121
1.980229
1.984827
1.993414
1.993345
2.001008
2.002336
2.031290
2.035342
2.028463
1.998797
2.003686
2.005219
1.974887
1.981606
1.977250
1.996758
1.994536
1.981318
2.017297
2.009426
2.030642
1.989140
1.993633
1.979425
1.984115
2.002039
2.016135
2.011164
2.029037
2.034498
2.038552
2.019563
2.008926
2.021149
2.019136
2.014384
2.013314
2.015605
1.979972
2.009381
2.016348
2.037293
2.016803
2.028462
2.035574
1.994049
2.001249
2.001420
1.980181
1.991674
1.990668
1.998294
1.996336
1.987970
2.019896
2.004239
2.015424
1.989022
1.993148
1.980681
1.982880
2.004108
2.011391
2.011677
2.029798
2.033637
2.034524
2.018109
2.005167
2.020438
2.018559
2.015149
2.018065
2.020935
1.984857
2.009258
2.016191
2.037913
2.016263
2.026709
2.036269
1.989243
1.989666
1.984269
1.978562
1.978509
1.969606
2.007476
2.007609
2.019149
1.972587
1.984111
2.013690
1.997028
2.004933
2.013379
2.015405
2.013781
2.023656
2.005737
2.010568
2.015945
2.017264
2.020510
1.985288
1.995222
2.005691
1.996535
2.019182
2.016035
1.997354
2.007861
2.004945
1.993168
1.997702
1.992470
1.984109
1.990433
1.993760
1.991477
1.987490
1.979787
1.989751
2.007643
2.008711
2.018846
1.983576
1.998970
2.035913
1.995748
2.002039
2.009917
2.011704
2.011767
2.024142
2.005438
2.011002
2.016938
2.014652
2.021644
1.989396
1.994703
2.004849
1.995021
2.019823
2.015707
1.998497
2.005855
2.003634
1.989643
1.996886
1.992168
1.986671
1.999564
2.002571
2.019644
2.006814
2.007402
1.969610
2.004553
1.997144
1.985599
1.988762
1.991059
1.976571
1.996504
2.001015
1.990628
1.977423
1.968180
1.969516
1.998802
2.003250
1.987832
2.003699
1.996589
2.005406
2.017378
2.017642
2.006060
2.010592
2.009226
2.004914
2.016641
2.025787
2.032880
1.989313
1.996234
1.989512
2.004462
2.008198
2.043199
2.036872
2.024965
1.982169
2.006379
2.000547
1.988384
1.982081
1.987459
1.986483
1.996117
2.001763
1.993867
1.995746
1.979085
1.979584
1.996468
1.999516
1.981970
2.002682
1.992352
1.997268
2.018642
2.019732
2.007830
2.011691
2.010930
2.008528
2.016651
2.025151
2.032785
1.988121
1.995796
1.990040
2.015661
2.020767
2.013508
2.022252
2.021461
2.033383
1.998612
2.007312
2.016097
2.004090
2.002115
2.001930
2.002414
2.003611
1.982346
1.969397
1.983299
1.988394
1.993287
1.987838
1.999513
2.012214
2.003583
1.990344
1.993668
1.999980
1.987580
1.971128
1.971773
2.005598
2.016914
2.020799
2.030025
2.026976
2.022819
2.022070
2.011250
2.015730
1.998999
1.999094
1.999270
2.025506
1.992399
1.998428
2.005079
2.005944
1.999542
2.000421
2.003746
2.005016
1.979036
1.972345
1.987296
1.993593
1.994538
1.989554
2.007721
2.016938
2.006698
1.988193
1.995407
2.000943
1.992176
1.976599
1.976592
2.009591
2.016672
2.019699
2.029953
2.027014
2.022710
2.020843
2.011944
2.012288
2.006683
2.008157
1.996367
2.014633
1.999221
1.997458
1.980312
1.980096
1.981165
1.986774
2.006960
2.019603
2.032478
2.004068
1.999409
2.009886
2.006102
2.019940
2.027882
2.020902
2.015498
2.022735
2.000513
1.997992
2.018183
1.999779
1.996668
1.997855
1.982106
1.987971
1.960765
1.950519
1.965378
1.982412
2.014029
2.017498
2.018885
2.010405
1.995858
2.012654
1.999088
1.999615
1.985258
1.982857
1.980440
1.984271
2.006780
2.018822
2.028155
2.006610
2.002514
2.014087
2.004798
2.018487
2.025561
2.017486
2.009775
2.022646
1.999533
1.996559
2.017946
1.998824
1.996218
1.996328
1.979013
1.982697
1.954823
1.949812
1.965590
1.979281
1.999789
2.011623
2.033085
2.006824
2.013355
2.042288
2.000483
2.011255
1.997979
2.014458
1.989617
1.965303
2.008944
2.033494
2.036421
2.039034
2.026923
2.020509
1.989419
1.992899
1.983461
2.007608
1.995257
2.002898
2.013520
2.028472
2.059061
2.057860
2.030346
2.020295
1.989701
1.978752
1.950531
1.972294
1.976784
1.976431
2.001811
2.018960
2.042334
2.018104
2.019117
2.030046
2.000873
2.009534
1.996085
2.015914
1.988735
1.961403
2.004130
2.024604
2.026089
2.036122
2.025858
2.019783
1.991456
1.995261
1.985285
2.006509
1.995373
1.998619
2.012082
2.026384
2.060987
2.063916
2.033711
2.018481
1.989658
1.978690
1.950196
1.972139
1.977668
1.978146
1.992447
1.988078
1.976853
1.982495
1.964324
1.966021
1.993347
1.997125
1.986854
1.987645
1.986233
1.975178
2.002745
2.014445
2.002972
2.016386
2.006243
2.032183
1.995017
1.988866
1.984012
2.003905
2.008071
2.025617
1.993045
1.993092
2.004505
1.979223
1.982188
2.008749
2.015753
2.016236
2.017615
1.992254
2.001720
2.016460
1.992639
1.986948
1.977597
1.980509
1.964710
1.968693
1.996043
2.000961
2.001093
1.995608
1.991710
1.987051
1.999518
2.010457
1.998781
2.014865
2.004072
2.029145
1.993513
1.986567
1.978063
2.004357
2.006623
2.018518
1.992513
1.993080
2.004193
1.979238
1.983317
2.008626
2.016675
2.017191
2.018891
1.994035
2.004385
2.016537
2.014002
2.011315
2.024160
1.990716
2.001834
2.021557
2.005894
2.013486
2.016379
1.998617
2.009171
2.000834
1.997857
2.006433
2.022877
1.976098
1.981587
1.969299
2.012122
1.995150
1.991437
1.997547
2.012192
2.023127
2.003626
1.995934
1.968084
2.000034
1.988898
1.975939
2.000099
2.004229
2.005630
2.003929
2.004408
1.986265
2.009580
2.003828
2.014376
1.981253
1.993605
2.005667
2.004922
2.013235
2.018732
1.992682
2.001868
1.994082
1.999035
2.007889
2.020144
1.979004
1.983069
1.971589
2.012751
1.995178
1.991984
2.003026
2.017141
2.031230
2.003249
1.996401
1.968328
2.002238
1.990982
1.978087
1.999104
2.002903
2.003265
1.993671
1.999419
1.983879
1.986783
1.993962
1.986333
1.992681
1.982320
2.001955
2.008040
2.011962
1.997323
2.001215
1.998440
2.006021
2.000580
2.008182
2.008769
2.007487
2.003281
1.987095
1.999366
1.992729
1.966535
1.959043
1.975267
1.983079
2.011165
2.019936
2.050018
2.021591
2.012151
1.992615
2.000130
2.019239
2.024661
2.009912
2.003727
1.997580
1.991861
1.999264
1.995823
1.997607
1.984201
1.991188
2.005425
2.007685
1.990312
1.989618
1.986644
2.001832
2.001080
2.009289
2.008936
2.001820
2.004332
1.990185
1.999168
1.992057
1.965187
1.957878
1.974839
1.982275
2.011626
2.021020
2.052332
2.022708
2.012305
1.992004
2.000130
2.019239
2.024501
2.009533
2.004685
1.999181
1.997420
2.006093
1.995130
2.016368
2.014148
1.996740
2.003128
1.994797
1.976423
2.003126
1.998519
2.012920
2.007063
2.001736
1.990412
1.966167
1.980718
1.993492
2.014255
2.010418
2.017844
2.033340
2.025864
2.000924
1.997275
1.999419
1.998934
2.012820
2.019549
1.987006
2.006048
2.011266
2.012863
1.998891
2.005111
1.997812
1.994051
2.000540
1.984357
2.011783
2.013870
2.000606
2.006372
1.998750
1.979046
2.004516
2.006555
2.018087
2.002696
1.997923
1.984835
1.961973
1.979291
1.986737
2.014388
2.012498
2.022311
2.037541
2.027704
2.005466
1.997109
1.999490
1.995410
2.009291
2.014191
1.977979
2.006710
2.012537
2.012648
2.000889
2.007632
2.000167
2.004654
2.011435
2.012734
2.008622
2.015166
2.036401
2.030480
2.026357
2.017133
2.019275
2.028549
2.005708
2.004019
1.998848
1.986648
1.991084
1.992010
2.004682
1.992243
1.997856
1.981958
2.000605
1.994524
2.012035
2.009490
2.014829
2.036280
2.000513
2.005413
1.999911
2.009265
2.012309
1.996471
2.019945
2.014543
2.005810
2.003059
2.012722
2.012349
2.003934
2.001999
2.035074
2.028760
2.022493
2.012621
2.022402
2.033264
2.009184
2.004048
1.999306
1.986305
1.990020
1.991854
2.007383
1.993189
1.997079
1.984460
2.004378
1.996008
2.010713
2.008777
2.014186
2.034798
1.992527
2.000566
1.995078
2.009427
2.011175
1.993356
2.015570
2.010817
2.003114
2.001780
2.006026
2.015358
2.017646
2.018920
2.011794
1.997653
2.008082
2.026966
2.006484
1.993459
2.002846
2.002892
2.006562
2.015252
2.016865
2.011180
1.988855
1.968383
1.966862
1.966973
1.967960
1.976901
1.993132
1.999897
2.006845
2.005949
1.989270
1.997607
1.992275
2.010173
2.001237
1.983288
1.998370
1.997126
1.986989
2.004218
2.008181
2.023978
2.030835
2.029092
2.016120
1.993593
2.005420
2.019686
2.003389
1.988593
1.993277
2.005678
2.009961
2.014330
2.005909
2.005721
1.993171
1.968782
1.968001
1.970992
1.970586
1.979160
1.989025
2.000456
2.007271
2.004590
1.985824
1.998512
1.994196
2.009697
2.001017
1.983096
1.998906
1.996373
1.986480
2.008745
2.011339
2.012416
2.026832
2.034819
2.009722
2.011121
2.000535
2.023620
2.047056
2.030251
2.021361
1.996344
2.006168
2.005223
2.007068
2.000048
1.991746
2.013053
2.018562
2.005893
2.002308
1.990891
2.005986
2.007571
2.005059
2.003795
2.025583
2.020333
1.986398
1.989956
1.984387
1.962556
1.967666
1.969081
1.976730
2.009045
2.015053
2.019795
2.037540
2.038073
2.024342
2.009437
1.998787
2.023507
2.042553
2.028230
2.013049
1.994683
2.003373
1.998157
1.999117
1.995055
1.983602
2.012482
2.019018
2.009649
2.004968
1.994234
2.011878
2.008568
2.005915
2.002911
2.027014
2.021639
1.993912
1.989628
1.983939
1.962052
1.967925
1.969199
1.977378
2.009570
2.002010
2.001872
2.006826
2.005369
2.009144
2.012724
2.012097
2.021155
2.013617
1.999300
1.989069
2.000495
1.999997
1.966492
1.967591
1.983386
1.981356
1.986490
1.993145
2.017321
2.003593
2.013232
2.003963
2.005348
2.022745
2.016997
2.007594
2.008113
1.997867
2.009720
2.016327
2.025358
2.004140
2.008727
2.017007
2.010195
2.000851
1.985141
1.989934
1.997643
2.003060
2.012328
2.015841
2.023841
2.020403
2.008871
1.991924
2.001097
1.999449
1.964212
1.969857
1.982973
1.985912
1.984307
1.989840
2.013727
2.006883
2.020539
2.006984
2.008399
2.024946
2.022190
2.017380
2.017017
2.011985
2.009505
2.015548
2.025079
2.003832
2.007838
2.016638
1.998366
2.008227
1.976774
1.975855
1.980978
1.988773
2.008649
2.014537
2.014938
2.022209
2.004489
1.995471
1.991390
1.998679
1.976927
1.979340
1.985194
1.965110
2.004800
2.015046
2.020867
2.018783
2.018490
2.002510
2.014613
2.021011
2.019011
2.012641
1.984839
1.994206
2.013397
2.011670
1.985012
1.958882
1.973168
1.977028
2.003287
2.014456
1.980052
2.003912
2.001374
1.990842
2.008570
2.013701
2.012630
2.021194
2.012559
2.010002
1.993370
2.001550
1.977954
1.981656
1.985343
1.967405
2.003880
2.013721
2.020594
2.017100
2.018456
2.010914
2.013239
2.019661
2.017145
2.010791
1.981444
1.994704
2.013931
2.014255
1.987298
1.959856
1.975032
1.978307
1.998930
2.003714
2.004860
1.974033
1.980708
1.977435
2.004145
2.003920
1.992622
1.989313
1.996507
1.992459
2.009852
1.998895
1.981569
1.956252
1.970771
1.980564
2.007635
2.016675
2.031822
2.023107
2.022204
2.030340
2.001118
2.020039
2.019472
2.022308
2.018747
2.004788
2.000849
2.006214
2.014743
1.993086
1.973425
2.003583
1.994183
2.001277
2.001061
1.979327
1.990776
1.990852
2.001376
1.999984
1.983213
1.986183
1.990598
1.984368
2.007683
1.996450
1.977491
1.954519
1.968696
1.978877
2.004655
2.012652
2.020316
2.014173
2.015786
2.028633
2.000439
2.019438
2.018327
2.018805
2.016211
2.003528
2.000450
2.005609
2.014624
1.991752
1.973889
2.005639
1.987323
1.987288
1.981999
1.976387
1.977097
1.968777
1.990692
1.996733
1.966275
1.987411
1.995660
2.008147
2.002956
2.010504
2.033374
2.030516
2.017541
2.015431
2.018518
2.013626
2.028058
2.004647
2.006886
2.011454
1.996417
2.008592
1.995522
2.007933
2.018849
1.994756
2.021969
2.034120
2.035958
2.035466
2.032946
1.998529
1.988608
1.991502
1.989558
1.985464
1.978194
1.988615
1.996531
2.003254
1.976932
1.988526
1.992879
2.011003
2.002191
2.009801
2.032687
2.032677
2.018400
2.016248
2.019983
2.015493
2.028126
2.000395
2.003574
2.005873
1.995834
2.005666
1.988763
1.999933
2.013620
1.986395
2.020482
2.032565
2.033987
2.033932
2.030428
1.995637
2.002170
2.004837
2.024282
2.009303
2.010438
1.970441
2.001218
2.010255
2.009116
2.018877
2.023715
2.031319
2.009860
2.010451
2.005958
2.006833
2.011658
2.023757
2.000201
2.004763
1.999238
1.988382
1.981776
1.975283
1.985635
2.001975
1.993706
2.003274
1.998884
1.987083
1.993987
2.001178
1.977306
2.022526
2.008052
1.989552
2.005767
2.009032
2.045182
2.037228
2.026810
1.983043
2.001442
2.008402
2.004025
2.009548
2.015747
2.032600
2.009725
2.011394
2.009424
2.007873
2.010423
2.023518
2.002445
2.006390
2.000160
1.988234
1.981031
1.973589
1.985821
2.001729
1.995660
2.007179
1.997276
1.983194
1.994471
2.001494
1.973361
2.018988
2.004154
1.984697
2.016045
2.021337
2.013630
2.021615
2.021500
2.034310
2.005909
2.023765
2.018474
2.024981
2.026277
2.007388
2.001874
2.006275
1.987156
1.982186
1.996590
2.005511
2.000651
1.998550
1.982754
1.980550
1.988431
1.973030
1.988935
1.980682
1.966225
1.958601
1.966134
1.985988
1.994443
2.003720
2.023129
2.022262
2.004671
2.005687
2.011635
2.016299
1.999121
1.998350
1.998929
2.025790
2.004202
2.019137
2.011462
2.009937
2.018110
2.006303
2.004659
2.008607
1.995469
1.993719
2.005279
2.009868
1.998979
1.995868
1.977017
1.975254
1.986612
1.974485
1.988475
1.979368
1.961508
1.954396
1.963948
1.981269
1.995047
2.004442
2.025384
2.022471
2.005324
2.006415
2.012105
2.012276
2.006729
2.007450
1.996024
2.014642
1.997057
2.007923
2.018569
2.030531
2.022701
2.035386
2.010806
2.015552
2.025712
2.028854
2.010863
1.999988
1.993644
1.994121
1.971573
1.960634
1.964649
1.998037
1.994539
1.987356
1.981228
1.994271
1.991919
2.011205
1.996646
2.002071
2.040919
2.037545
2.029694
2.007485
2.014190
2.017486
2.018931
2.009702
1.995515
2.012624
1.994825
2.006895
2.022952
2.034582
2.027464
2.043082
2.007349
2.010777
2.021623
2.027674
2.014630
2.000575
1.995224
1.999221
1.984576
1.970312
1.971507
1.998266
1.993903
1.987818
1.982154
1.997701
1.993263
2.011452
1.996715
2.001426
2.034666
2.035453
2.027613
2.011003
1.999847
2.011807
2.033499
2.007520
2.013581
2.042345
2.003585
1.998993
2.020993
1.989116
1.999169
1.991172
2.000281
1.997973
1.978858
2.005815
2.002629
2.031549
2.008817
1.999874
1.983343
1.987777
1.983042
1.981522
2.004660
2.002667
2.028066
2.022179
2.007575
2.010495
2.008454
2.005469
2.015309
1.972123
1.983573
1.994405
2.001751
2.018669
2.040686
2.017441
2.019111
2.031071
2.000846
1.995619
2.013892
1.977469
1.989964
1.994128
2.003812
2.004330
1.986788
2.012954
2.009614
2.040263
2.007634
1.998406
1.978987
1.986657
1.980590
1.980136
2.004964
2.002347
2.024583
2.021897
2.006775
2.006194
2.008994
2.005741
2.015893
1.974880
1.986153
1.996933
1.993283
1.990893
1.984255
1.990122
1.968386
1.971623
2.007545
1.992581
1.996800
1.994417
1.996205
1.997649
2.002739
2.005414
1.963296
1.997148
1.999426
2.002144
2.009225
2.013211
1.981239
1.988817
2.007050
2.039975
2.010825
2.013925
2.011310
2.012269
2.009042
1.994915
2.013699
2.028186
2.019920
2.034658
2.026305
2.026335
1.994515
1.990917
1.984762
1.986554
1.967765
1.973948
2.007629
1.992738
1.992782
1.995880
1.999893
2.001989
2.002191
2.003270
1.961724
1.997485
2.001476
2.002364
2.005782
2.008270
1.974914
1.975508
1.993622
2.035476
2.010874
2.014365
2.008720
2.006452
2.006629
1.994613
2.013388
2.028247
2.020791
2.035249
2.027253
2.025454
2.013614
2.010764
2.023993
1.990258
2.001452
2.020847
2.005889
2.008659
2.022906
2.030907
2.017727
1.996502
2.003715
2.006045
2.005023
1.983069
1.977904
2.001870
2.002954
2.011461
2.021906
2.024961
2.030812
2.021775
1.985840
1.985147
1.966211
1.983702
1.968905
1.973968
2.008405
2.028504
2.032155
1.982806
1.986034
1.984159
2.009192
2.003277
2.014210
1.980796
1.993223
2.004958
2.007199
2.008344
2.013841
2.034122
2.022171
2.006637
2.010622
2.013936
2.021018
1.998535
1.988980
2.007903
2.002833
2.011478
2.020126
2.025418
2.027542
2.022337
1.986499
1.986467
1.971314
1.985071
1.969805
1.973545
2.008831
2.030528
2.032802
1.983019
1.985900
1.982546
1.987758
1.994220
1.986480
1.994637
1.984836
2.003759
1.994732
1.987680
1.993126
2.003012
2.010865
1.993504
1.994449
2.002685
1.987520
1.992872
1.993763
2.003553
2.007587
2.003396
2.005538
1.969278
1.969777
1.961778
2.002549
1.999581
1.986490
1.984808
1.989321
1.999559
2.005656
2.007381
1.983486
1.979292
1.977926
2.000594
1.992133
1.998983
1.995165
1.997764
1.985642
1.992698
1.994490
1.988637
2.001197
2.012230
2.009050
1.996912
1.994503
2.002547
1.989807
1.999292
1.999308
2.005227
2.008099
2.003168
1.999701
1.964474
1.966617
1.967777
2.001888
1.996822
1.983178
1.985916
1.991967
2.002492
2.006330
2.007572
1.984032
1.979646
1.978731
1.999500
1.998912
2.008159
1.997394
2.016000
2.011126
1.993287
2.001466
1.999206
2.008254
1.991102
1.981884
1.975593
2.012902
2.022335
2.026139
2.005249
2.000704
1.978069
1.984610
1.995881
2.007027
2.034317
2.027541
2.000560
1.980352
1.962663
1.955863
1.956121
1.969804
1.987609
1.995124
1.997888
2.006213
2.009127
2.020139
2.023814
1.995472
2.002380
1.986385
2.010810
2.010530
1.996970
1.999506
1.998681
2.006851
1.997680
1.983401
1.970366
2.012943
2.021078
2.031543
2.016616
2.009114
1.973630
1.980889
1.991241
1.998865
2.027168
2.020797
1.995031
1.980256
1.962456
1.954027
1.951398
1.967423
1.987495
1.996082
1.998628
2.005037
2.009341
2.021492
2.021586
2.006947
2.013257
2.015323
2.008259
2.015217
2.036400
2.008637
2.022584
2.022331
2.023710
2.012288
2.001885
1.996760
1.995032
1.970178
1.980689
1.983754
1.995208
2.009472
2.004285
2.015774
2.028205
2.014910
2.005659
2.001303
2.007034
1.981593
1.991901
1.996274
2.021919
1.996086
2.000440
1.986052
2.014708
2.008015
2.013700
2.005093
2.013902
2.014977
2.003830
2.002558
2.035509
2.003596
2.016373
2.019939
2.025191
2.017125
2.013680
1.996820
1.994504
1.968743
1.978737
1.980833
1.991082
2.008572
2.004019
2.017963
2.034017
2.020229
2.006239
2.000849
2.007097
1.981926
1.992585
1.997304
2.022346
1.996514
2.000777
1.986779
2.010083
2.006721
2.008572
2.001328
2.005549
2.014423
2.016449
2.017450
2.011130
2.008525
2.013127
2.025905
2.013520
2.013218
2.044454
2.006812
2.008401
2.008112
2.023215
2.007700
2.019981
2.006904
2.000094
2.012684
1.993586
1.999360
1.999623
1.999420
2.002487
1.996041
2.004215
2.005663
1.999528
1.995108
1.999812
1.984019
1.999888
1.995412
1.978396
2.002786
2.006912
2.023066
2.030130
2.028041
2.015216
2.009282
2.016219
2.026004
2.011511
2.014073
2.040140
2.005811
2.007062
2.010701
2.028256
2.013733
2.023039
2.005930
1.998573
2.016522
1.998206
2.003795
2.000977
1.998478
2.001256
1.993948
2.007372
2.010091
2.001837
1.994399
1.999222
1.983594
1.998834
1.993925
1.979671
2.009113
2.011275
2.014075
2.028794
2.035486
2.008751
1.999821
1.998865
2.012910
1.985815
1.985510
2.005629
2.004081
2.011642
2.004509
2.003239
1.994751
1.965412
2.007190
2.016464
2.009258
2.016513
2.024764
2.030033
2.009862
2.008707
1.966577
1.970817
1.973475
2.008147
1.993598
1.994474
2.022933
2.020190
2.012867
2.016695
2.009413
2.014990
2.021454
2.039502
2.038740
2.023371
2.000560
2.001245
2.016516
1.996804
2.001092
2.018358
2.005065
2.014163
2.009321
2.006196
2.001713
1.972713
2.007697
2.016668
2.009602
2.020450
2.027989
2.029472
2.010781
2.010424
1.975214
1.979845
1.978344
2.013890
1.992893
1.993782
2.021608
2.021873
2.014064
2.015820
