2.010585
2.019287
2.027266
2.039429
2.031012
2.053944
2.017102
2.019672
2.031872
2.024060
2.013480
2.009117
2.000381
2.006310
1.986331
1.999884
1.999573
1.994097
2.009999
2.021497
2.008492
2.002859
1.986782
1.991375
2.001339
1.997483
2.010416
2.024267
2.016725
2.014122
1.984766
1.985420
1.961413
1.983792
1.993039
1.997657
2.005924
2.012419
2.013791
2.021511
2.019451
2.052963
2.018840
2.021454
2.031862
2.027641
2.013745
2.000418
1.998429
2.003106
1.978377
1.990597
1.992992
1.985037
2.011175
2.021839
2.015073
2.004133
1.986653
1.988805
2.000490
1.995994
2.009070
2.021081
2.012528
2.013825
1.984827
1.984856
1.962651
1.984953
1.992969
1.996858
2.011248
2.013883
1.995061
2.015199
2.000465
1.996207
2.011429
2.016776
2.018724
2.028796
2.022524
2.018795
2.001367
1.999111
1.954792
1.963517
1.980324
1.987296
2.003531
2.007823
2.009234
1.995311
1.997957
2.018348
2.005304
2.005330
2.033676
2.007760
2.013907
2.022950
2.011514
2.013255
2.001631
2.012692
1.999295
1.999344
2.006513
2.008671
1.998005
2.006067
1.994354
2.000459
2.009696
2.011997
2.014925
2.030178
2.037473
2.038982
2.001299
1.998443
1.954902
1.967845
1.984372
1.993939
2.004367
2.010038
2.010665
1.998469
1.998935
2.019895
2.005905
2.005482
2.028628
2.007769
2.012341
2.019902
2.012193
2.013899
2.004995
2.009500
1.995999
1.997697
1.998466
2.002322
2.029839
1.997560
1.989226
1.999249
2.002440
2.001194
1.996029
1.985908
2.004105
2.008928
1.995364
2.004709
1.974091
1.974865
1.978271
1.973544
2.012338
2.011179
1.990740
2.000845
2.006974
2.007582
2.011242
2.007868
2.024095
2.020390
2.017920
2.001045
1.994546
1.997502
2.011456
2.007440
2.010293
1.998478
1.994335
2.000543
2.016976
1.990534
1.987625
2.010392
2.000346
2.000491
1.992320
1.982128
1.998043
2.003598
1.997634
2.008922
1.969862
1.979763
1.978972
1.973256
2.012458
2.011247
1.990240
2.002584
2.009572
2.006454
2.011139
2.007612
2.022273
2.019396
2.017566
2.008151
1.994845
1.998084
2.012109
2.009106
2.010670
1.995024
1.989672
1.990763
1.988111
1.992585
1.978401
1.991412
1.995042
1.994834
1.954453
1.978050
1.988653
2.013142
2.012268
1.998791
1.979848
1.957117
1.965977
1.981377
2.006173
2.008834
2.009394
2.050076
2.013092
2.004034
2.001081
2.005732
2.019699
1.992545
1.980792
1.986298
2.008665
2.005483
2.007701
2.010902
2.007535
2.015913
1.992369
1.992227
1.992476
1.987071
1.972014
1.989632
1.998941
2.000996
1.969533
1.993148
1.998259
2.021530
2.010384
1.996622
1.978365
1.955510
1.963922
1.974801
2.003831
2.007221
2.010300
2.049367
2.012466
1.999429
2.000749
2.005110
2.017215
1.992744
1.982663
1.992901
2.008152
2.004901
2.007890
2.011419
2.007396
2.015422
2.019662
2.016576
2.016833
1.987048
2.003284
2.033594
2.001251
2.015490
2.025748
2.036416
2.036893
2.035329
2.004784
2.008646
2.037367
2.044172
2.031234
2.026666
2.009581
2.025943
2.027919
2.031245
2.016721
2.002749
1.997510
2.016749
2.007430
1.981034
1.990019
2.011713
1.995036
1.987078
1.995238
2.022857
2.014960
2.007926
2.016975
2.010321
2.008131
1.984422
1.997455
2.026279
2.000977
2.012294
2.012947
2.024355
2.028084
2.033536
2.005406
2.009426
2.037764
2.042141
2.028673
2.024440
2.010067
2.026567
2.028594
2.028619
2.019398
2.004327
1.996977
2.018117
2.014502
1.982494
1.992968
2.018990
1.994511
1.986735
1.995718
2.022829
2.015186
2.006652
1.997752
2.010927
2.007540
2.005281
1.999988
2.024969
2.003995
2.016536
2.007119
2.017928
2.015266
1.983381
2.011920
2.013966
2.013683
2.016032
2.015306
2.019743
2.008823
2.010926
2.014987
2.022378
2.027530
1.992440
1.993818
1.985753
2.023021
2.022130
2.012133
1.987371
1.992437
1.984925
1.992155
2.000963
2.017583
2.019231
1.997361
2.009916
2.009015
1.996469
1.994175
2.011029
2.002857
2.011058
1.993112
1.997119
2.004892
1.981999
2.011450
2.013941
2.015205
2.014681
2.013545
2.022139
2.008524
2.011339
2.015577
2.022694
2.030175
1.997519
1.993601
1.985049
2.022679
2.022343
2.012307
1.987944
1.991125
1.982048
1.990591
1.999781
2.016660
2.022574
2.001244
2.013080
2.016084
2.016254
2.019534
2.010423
1.992684
2.006214
2.012985
2.011776
2.007930
2.028372
2.001330
2.009985
1.991544
1.975180
1.990965
1.999251
2.005506
2.010460
2.005877
2.017192
2.009920
2.005780
2.008075
1.996683
1.970599
1.989303
1.980479
1.994716
1.994650
1.986629
1.966652
2.023474
2.032889
2.021492
1.994851
2.002474
2.000433
2.007473
2.012238
1.998894
1.991715
2.006943
2.019830
2.022232
2.018247
2.036478
2.003923
2.012154
1.996249
1.989067
1.998370
1.999669
2.004226
2.007782
2.000778
2.019388
2.006382
1.997281
2.008701
1.995692
1.972395
1.990894
1.981303
1.994148
1.994191
1.985338
1.962402
2.018249
2.026478
2.022844
2.007712
2.017163
2.032911
2.004701
2.013973
2.025746
1.997778
1.993963
2.017448
1.987987
1.997871
1.993692
2.006766
2.008893
2.014090
2.018237
2.012893
2.002727
1.994359
1.988328
1.997843
2.003821
2.001172
1.999477
1.992166
1.986806
1.967432
1.963290
1.980451
2.009491
1.995005
2.006082
1.985932
2.005332
2.020949
2.029551
2.002851
2.016085
2.014353
1.993003
1.999235
2.012841
1.995629
1.990868
2.008434
1.975645
1.989950
1.993676
2.003739
2.005081
2.011997
2.024107
2.017555
2.002182
1.994371
1.989564
2.003196
2.004941
2.002388
1.998430
1.991176
1.986832
1.968099
1.962330
1.978709
2.009563
1.995266
2.006279
1.986984
2.003281
2.023892
2.036202
2.000707
2.001653
2.005983
2.013743
2.007667
1.992790
2.008249
1.992635
1.992308
1.996162
2.000617
2.004609
2.004391
1.997454
1.973739
2.004938
2.009648
2.039331
2.000182
2.010516
1.996884
1.991586
1.993449
2.012242
1.994820
1.997072
2.004613
2.015419
2.006291
1.984568
2.020895
2.020926
2.011393
2.021682
2.016571
2.011378
2.003934
2.005227
2.012211
2.008896
2.007770
1.999495
2.006617
1.990463
1.988385
1.993714
1.999286
2.014580
2.007619
2.003406
1.982437
2.013894
2.011224
2.028390
1.999227
2.010006
1.991764
1.985661
1.986684
2.009982
1.994326
1.998097
2.004938
2.010196
2.000824
1.977579
2.020881
2.021446
2.015663
2.026855
2.020498
2.013208
2.006153
2.011305
2.022342
2.029865
2.023874
2.022644
2.004552
2.005248
2.021214
2.049292
2.038522
2.014146
2.005429
2.008893
1.969441
2.004205
2.008753
2.006087
1.992696
1.995558
1.975657
2.006272
2.000877
2.013045
2.009160
2.021898
2.033372
2.019160
2.018645
2.042547
1.999128
2.006986
2.013596
1.979034
1.981139
1.994405
2.006086
2.013837
2.021361
2.037523
2.023771
2.024406
2.004707
2.003213
2.008828
2.041750
2.033923
2.016631
2.007245
2.008036
1.972199
2.005730
2.012855
2.009166
1.993232
1.996142
1.979543
2.013750
2.006470
2.012747
2.008420
2.019379
2.030478
2.017424
2.017829
2.040780
1.998985
2.007100
2.014010
1.981294
1.981659
1.992131
2.009315
2.000041
2.008975
2.011468
2.011782
2.007437
1.995181
1.989675
2.006510
2.000314
1.993285
1.979432
2.003252
2.004813
2.001777
1.976572
1.983704
2.002971
1.998565
1.993430
1.994670
2.015473
2.008956
2.016157
2.008640
2.020623
2.040310
2.056066
2.035237
2.005653
2.004104
2.008553
1.985323
1.967588
1.970816
1.992976
2.009643
1.998973
1.996754
2.009099
2.004803
1.995534
1.993533
1.988605
2.013134
2.010863
1.998431
1.986047
2.009190
2.010184
2.014466
1.995169
1.996288
2.010186
1.997143
1.991669
1.988663
2.013291
2.005813
2.006054
2.008105
2.020493
2.039191
2.053443
2.033026
2.006287
2.003889
2.008237
1.985465
1.967720
1.971092
1.995772
1.991371
1.994881
1.958423
1.992654
1.996225
1.975883
2.007678
2.007703
2.008283
2.000149
1.991918
1.985277
1.992462
1.994768
1.975046
1.983204
1.982809
1.999065
2.014380
1.994552
1.994333
2.006939
2.021540
2.028815
2.001098
1.994462
1.990304
1.994338
2.000702
1.997990
1.997209
1.997795
1.996889
2.001185
1.999279
2.018507
1.992581
1.997702
1.955704
1.996431
1.992661
1.972561
2.004727
2.004806
1.998672
1.994028
1.984029
1.979746
1.992159
1.994169
1.975074
1.983269
1.981315
2.001428
2.011699
1.991001
1.989081
2.003627
2.020229
2.034663
2.000100
1.992838
1.986947
1.989812
1.997916
1.997808
1.996968
1.998058
1.998166
2.001817
1.998720
2.022045
1.997023
2.005210
2.004008
1.987488
1.997202
2.002210
2.008321
2.018228
2.015243
2.030087
2.024356
2.012376
2.006304
2.012502
2.020559
1.991405
1.991706
1.987298
1.998008
1.996077
1.968768
1.943684
1.959407
1.976847
2.018056
2.013599
1.990898
2.007150
2.018891
1.985723
1.991027
2.002630
1.984977
2.008522
2.009329
1.991307
1.991383
2.000123
1.990797
1.972565
1.986370
1.983255
2.003816
2.013228
2.017322
2.041776
2.036193
2.030078
2.006805
2.011274
2.023718
2.006201
2.000914
1.988420
1.997848
1.995085
1.968670
1.943838
1.960393
1.975350
2.018905
2.014811
1.992811
2.014108
2.024310
1.992881
1.991782
2.004223
1.984202
2.007882
2.007708
1.992218
1.987538
1.986343
2.007402
2.020641
2.020060
1.993411
2.011927
2.015582
2.031016
2.014477
2.010450
2.044602
2.003906
2.008451
1.997938
1.996718
1.993608
2.001207
2.016700
2.012244
2.028574
2.042880
2.029880
2.011814
1.998257
2.005056
2.000196
2.026205
2.020481
1.996385
2.003661
2.006768
2.003470
1.988294
1.993390
2.023698
1.990750
1.992077
2.025279
2.025578
2.016301
1.999239
2.008883
2.013949
2.026877
2.007823
2.006127
2.041979
2.003660
2.007868
1.993847
1.991973
1.987469
1.992907
2.016959
2.015154
2.033817
2.047465
2.033652
2.016569
1.997173
2.004272
1.997629
2.019348
2.014212
1.992594
2.003385
2.006467
2.003264
1.987319
1.992177
2.024425
2.001260
2.006235
2.021637
2.007614
2.007997
1.979907
2.001164
2.002206
2.012410
1.987799
1.980893
2.000778
2.005504
2.007212
1.999791
2.010194
1.997722
2.025798
1.992987
2.001014
1.978886
1.988714
1.987182
1.997651
2.016571
2.015539
2.000016
2.015663
2.016556
2.007856
2.000876
2.015799
2.006095
2.019318
2.013781
2.011151
2.000346
2.005034
2.029980
2.021531
2.012498
1.976664
2.002702
2.004968
2.018036
2.007218
2.002631
2.015523
2.005093
2.007742
2.001764
2.018230
2.005667
2.033339
1.995555
2.004885
1.991101
1.997036
1.989820
1.996694
2.018642
2.018294
2.001962
2.015673
2.016858
2.010353
2.000194
2.014752
2.002782
2.018114
2.010671
2.009030
2.010507
2.019574
2.027482
2.040148
2.032236
2.055036
2.016378
2.000956
2.003096
2.023776
2.000099
1.985147
2.003835
2.011190
2.001212
1.992036
1.981079
1.967481
1.974073
1.971262
1.964927
1.966677
1.975715
2.001312
1.994591
1.999720
1.983443
1.970941
1.972594
1.999712
1.994964
2.003591
2.018496
2.038734
2.037131
2.020299
2.005846
2.012707
2.013842
2.022048
2.020590
2.054055
2.015142
2.000749
2.000789
2.015749
1.998156
1.980135
2.004203
2.012960
2.004650
1.996573
1.992277
1.986702
1.974194
1.972491
1.969767
1.969235
1.979584
2.002264
1.996330
2.000683
1.988040
1.976308
1.976142
2.002954
1.995085
2.003902
2.019999
2.042959
2.042457
2.024327
2.011328
2.013760
1.995832
2.015883
2.000074
1.995814
2.013630
1.997419
1.972825
1.974305
1.980694
1.987181
1.986780
1.993347
1.972577
1.993112
1.986617
1.969098
2.014704
2.020444
2.004723
2.003879
1.999032
2.011842
2.001258
2.001989
2.020785
1.991741
1.988968
1.987847
2.008032
2.011979
2.028482
2.020104
2.029362
2.035977
2.006592
2.008548
1.998777
2.006832
1.993809
2.000067
2.013568
1.996839
1.974157
1.974002
1.981057
1.982580
1.987404
1.993182
1.972600
1.996519
1.988325
1.970508
2.014611
2.021496
2.008839
2.010352
2.004803
2.017031
1.999153
1.999255
2.017949
1.989118
1.986664
1.984567
2.007908
2.011822
2.029101
2.019781
2.027784
2.037117
1.998392
2.002730
2.030756
1.996512
1.988469
1.998542
2.014681
2.024508
2.025771
2.019990
2.006801
2.012573
1.986242
1.982468
1.965471
2.011105
2.006504
1.995696
1.986909
1.992066
2.008086
1.980301
1.990616
1.998527
2.010187
2.022573
2.053919
2.053218
2.027586
2.023946
2.007127
2.003587
1.994802
1.989855
1.986142
1.988606
1.994262
2.000951
2.017892
1.989486
1.986869
2.009686
2.009987
2.019179
2.015840
2.020660
2.010226
2.015442
1.985822
1.983688
1.965429
2.007590
2.001120
1.994185
1.983784
1.988082
2.002408
1.975274
1.989965
1.995227
2.009783
2.021328
2.055836
2.059651
2.032759
2.024987
2.005347
2.002208
1.991109
1.987343
1.984720
1.990734
1.988702
1.986146
1.981076
1.990074
1.975259
1.990149
2.001604
2.005530
2.005472
2.035080
2.021884
2.035561
1.998797
1.999806
2.001452
1.998857
2.001164
2.000050
2.000225
2.009709
2.016291
2.018046
2.023496
2.014644
1.996380
1.996449
2.013333
1.988239
1.988631
2.015449
2.012485
2.017045
2.020735
1.980973
1.990368
2.000002
1.990540
1.987135
1.985866
1.984936
1.970145
1.988732
2.000623
2.003311
2.001694
2.029637
2.016422
2.026743
2.000659
2.003663
2.010010
2.009278
2.007932
2.007578
2.000162
2.009605
2.017167
2.019108
2.025639
2.017293
1.995513
1.995877
2.014463
1.993224
1.992961
2.013733
2.012495
2.016409
2.020640
1.980102
1.990266
2.001007
2.020047
2.017366
2.017572
1.987328
2.003519
2.036576
2.015153
2.020713
2.030395
1.971279
1.985558
2.002086
2.000673
2.006948
2.030337
1.994869
1.995799
1.958439
2.007853
2.015590
2.034092
2.013079
2.009416
2.023945
2.003567
1.994713
1.970655
2.001273
1.995551
1.984018
2.019012
2.022816
2.036358
2.031787
2.029775
2.023478
2.016780
2.010631
2.008506
1.984869
1.997837
2.027796
2.011341
2.015251
2.026668
1.980373
1.992988
2.018093
2.000884
2.008434
2.028576
2.000330
1.999746
1.962968
2.005215
2.012773
2.021004
2.003500
2.002223
2.024203
2.003690
1.996872
1.972787
2.005759
1.999562
1.988617
2.018501
2.021667
2.036399
2.032905
2.031123
2.024016
1.997312
2.010512
2.006946
2.005146
1.999946
2.024301
2.004393
1.999587
1.995224
1.981044
1.990456
2.000044
2.005654
2.003334
2.003433
1.975968
1.986120
1.966549
2.022061
2.016847
2.019672
1.994706
1.997110
2.005177
2.012511
2.022206
2.056156
2.022297
2.015153
1.999574
1.979669
1.985728
1.955912
1.946895
1.961449
1.982362
1.996921
2.009501
2.008421
1.996335
1.994133
2.010361
2.006361
2.003551
2.001402
1.991455
1.994526
1.995741
2.007737
2.007033
2.003912
1.977335
1.984056
1.961502
2.024330
2.019957
2.023405
1.994330
1.995180
2.001476
2.012817
2.023134
2.058246
2.023098
2.015286
1.998435
1.976576
1.980454
1.949970
1.946211
1.961706
1.978713
2.001025
2.013218
2.016125
2.016465
2.018315
2.008563
2.000277
2.009515
2.008086
2.003337
1.996161
2.007112
1.985035
1.973986
1.962342
1.974203
1.975040
1.960116
2.000817
2.003071
2.005104
1.993728
1.986024
1.982396
1.995508
1.995785
1.997277
2.011998
2.017801
1.982404
1.988415
1.978123
1.943316
1.971299
1.977438
1.982402
1.994631
2.002612
2.000474
2.007699
2.011020
1.996924
1.996753
2.004366
2.000317
2.008822
1.997972
2.009626
1.985002
1.972934
1.960980
1.978208
1.977630
1.961227
2.003924
2.005147
2.010681
1.993547
1.986180
1.979463
1.995743
1.996393
1.994285
2.007718
2.013144
1.977617
1.988373
1.978060
1.943641
1.971350
1.979371
1.985125
2.007003
2.015284
2.030410
2.004427
2.012988
2.025185
1.998458
1.997920
1.963924
1.986917
1.997290
1.997679
2.019797
2.012431
1.998667
2.008052
1.998006
2.002451
1.996182
1.993632
1.981401
1.980799
1.984137
1.975607
2.006612
2.009032
2.024188
1.995059
1.997108
1.993214
2.015327
2.015075
2.018894
1.999832
2.004143
2.011790
2.002142
2.014205
2.011851
1.992848
1.998452
2.012276
2.000833
2.004625
1.973494
1.990737
1.998418
2.000150
2.018144
2.007850
1.991303
2.006023
1.999848
2.001162
1.996347
1.993081
1.981743
1.981336
1.984449
1.975527
2.005899
2.008318
2.022475
1.985703
1.992307
1.989034
2.016248
2.016030
2.020169
2.001613
2.006808
2.011515
2.000700
2.001719
2.006168
2.014497
2.008318
1.993236
2.006113
2.016349
2.008862
2.012143
1.988903
1.964761
2.000027
2.000225
1.964238
1.959718
1.967491
1.958556
1.996063
1.997996
1.983796
1.982662
1.991185
2.013312
1.998038
2.006044
2.004912
1.991674
1.998564
1.999747
1.995598
2.001964
2.003079
2.006686
2.006348
1.986669
2.003927
2.005292
2.012396
2.009502
2.008177
1.999636
2.008007
2.019668
2.016742
2.023355
1.994149
1.972331
1.997465
1.995823
1.955812
1.951767
1.962783
1.961354
1.997644
2.003096
1.996653
1.992583
1.997412
2.017498
1.997917
2.005572
2.003439
1.987334
1.996595
2.001762
1.994602
2.000637
2.000714
1.997739
2.002161
1.984540
2.006863
2.012767
2.024015
2.031223
2.024675
2.022926
1.997926
2.005039
2.007988
1.991652
1.985685
1.973870
1.994712
1.991570
1.991793
1.967153
1.973602
1.997273
2.011942
2.007700
1.997828
2.014928
2.009067
2.010163
2.007435
2.007811
2.011785
2.029970
2.028089
1.989967
1.998325
2.015449
2.027199
2.019856
2.014433
1.994575
2.006796
2.015299
2.023035
2.038909
2.024640
2.025618
1.998409
2.004362
2.014260
1.998756
1.991418
1.989930
1.995988
1.994520
1.996569
1.973902
1.978043
1.996261
2.010372
2.005051
1.988447
2.006196
2.000000
2.002605
2.009267
2.009466
2.013033
2.035508
2.029052
1.995761
1.998325
2.015449
2.027039
2.019395
2.015265
1.995715
2.009304
2.000396
2.010728
2.011108
2.011949
2.005413
1.998144
2.006541
2.012022
2.010434
2.020716
2.019563
1.995120
2.002088
2.016465
1.973052
1.972718
1.977725
2.008988
2.009882
1.979092
2.002102
2.016183
2.055299
2.001671
2.017850
2.008276
1.993881
1.995735
1.995502
2.007788
2.013668
2.014841
2.003339
2.004681
2.003055
2.009440
1.999042
1.998213
2.008247
2.004735
1.994121
1.995401
2.004251
2.010475
2.005742
2.017515
2.022338
1.996781
2.003627
2.020079
1.984329
1.980329
1.977327
2.007524
2.007276
1.972698
1.984006
2.001124
2.045741
2.005114
2.020962
2.016817
2.004117
2.005927
2.006419
2.008376
2.015249
2.014375
2.005380
2.008311
2.006321
1.991978
1.996044
1.960095
1.993659
1.996978
1.975792
2.013019
2.017969
2.013126
2.019014
2.009373
2.016370
2.011398
2.001120
1.977177
2.006957
2.010615
2.016500
2.005065
2.016365
2.021342
2.031986
2.029454
2.008122
2.012508
2.022459
2.010291
2.021162
1.992713
2.000011
2.008802
2.016339
2.005365
2.030228
2.025015
2.008370
1.993188
1.998865
1.957376
1.997069
1.992990
1.971756
2.009387
2.014679
2.012862
2.011449
2.006231
2.014138
2.012481
2.003658
1.983315
2.012308
2.016622
2.021716
2.006233
2.017211
2.019274
2.031664
2.025052
2.004891
2.011468
2.021173
2.008426
2.019128
1.989089
2.000507
2.008711
2.016594
2.005883
2.029022
2.022957
2.006207
1.996958
2.004842
2.002664
1.986864
1.996712
2.001538
1.999135
1.999362
1.995421
2.025765
2.009255
2.005303
1.981153
1.986044
1.995133
1.999003
1.994441
1.994463
2.016021
2.011834
2.026291
1.990884
1.987579
1.979725
2.006227
2.026823
2.023720
2.006919
2.010784
2.012043
2.004816
1.998727
1.975632
1.995903
1.995521
1.991632
1.991318
1.999755
1.989453
1.971941
1.985880
1.982582
2.001695
2.002231
1.994205
2.020100
2.008909
2.005673
1.979039
1.982964
1.989855
1.996665
1.995255
1.992393
2.017326
2.012581
2.023067
1.990438
1.986274
1.985501
2.005397
2.025574
2.022132
2.004364
2.010364
2.009567
2.004276
1.998084
1.976446
1.996090
1.994623
1.990726
1.987144
1.986245
2.006404
2.021639
2.020030
1.991929
2.025461
2.023637
2.005396
2.008615
2.011829
1.991443
2.014954
2.016166
1.987244
1.981953
1.977722
1.972831
1.984988
1.996853
2.010159
2.021796
2.014567
1.989129
1.998376
2.010231
2.004162
2.015092
2.024337
1.996613
1.990190
1.982485
1.953093
1.966938
1.969236
1.976487
1.990355
1.991979
2.024367
2.026619
2.016364
1.997333
2.025511
2.020391
2.002614
2.010430
2.015688
1.992623
2.015720
2.014622
1.989690
1.983621
1.982161
1.978144
1.982738
1.993808
2.003748
2.018031
2.011636
1.990887
1.997945
2.007296
1.996114
2.003270
2.017786
1.990975
1.989863
1.982038
1.952589
1.967269
1.969661
1.975462
2.001462
2.007115
2.023599
2.008678
2.008342
1.980483
1.993722
2.000902
2.010639
1.976093
1.977714
2.003723
1.999576
2.002530
1.978749
1.999308
2.007890
2.014244
2.002631
1.998896
2.018047
2.024229
2.013238
1.997805
1.985204
1.999397
1.997135
2.015856
2.010698
1.998952
2.012946
2.023094
2.031224
2.006303
2.006093
2.011412
2.000548
2.005913
2.031942
2.022595
2.013022
1.977706
1.990194
1.998789
2.006281
1.970076
1.969874
1.994008
2.000504
2.002847
1.976367
1.998882
2.006010
2.009630
2.002469
1.999016
2.017843
2.025037
2.016489
1.997593
1.984251
1.997560
1.998191
2.019391
2.010229
1.996668
2.012731
2.022315
2.030945
2.006455
2.005649
2.013901
2.009971
2.018217
2.024272
2.038077
2.029754
2.050188
2.002593
1.994268
2.012178
2.037928
2.015872
2.012102
2.004110
2.003902
2.025473
1.996678
2.002144
2.004852
2.005760
1.996030
2.013659
1.993911
2.003476
1.996728
1.991722
1.980189
1.973790
1.968853
1.971401
2.001044
2.014421
2.012356
1.994929
1.957382
1.962920
1.970524
2.005311
2.011349
2.010797
2.020137
2.018194
2.049207
1.998101
1.990148
2.011443
2.034454
2.015940
2.008350
2.005364
2.006825
2.033441
2.005111
2.010942
2.015383
2.006225
1.996382
2.023254
2.004446
2.011261
1.999412
1.990820
1.978821
1.970222
1.963089
1.967243
1.997605
2.014955
2.014942
1.997109
1.958373
1.964215
1.971515
2.011140
2.012556
1.993282
2.014788
1.999906
1.995174
2.018200
2.021408
2.033963
2.024770
2.013055
2.005685
1.990217
1.991920
1.989852
1.980491
1.976591
1.962672
2.006927
2.012404
2.010936
2.023429
2.025380
2.019807
1.994329
1.986485
1.987995
2.009939
2.000651
2.016752
2.001052
2.004473
2.010871
1.994410
1.974614
1.996005
2.006404
2.007344
1.996226
2.005738
1.993641
1.999427
2.019938
2.023190
2.033953
2.027788
2.012627
1.995603
1.989592
1.993301
1.989966
1.989596
1.984830
1.974248
2.007509
2.013051
2.011989
2.027835
2.029823
2.021007
1.993693
1.986948
1.988816
2.013089
2.003804
2.018209
2.001428
2.006366
2.013500
1.995502
1.976390
1.998728
1.998007
2.002471
2.030914
1.998688
1.990076
1.999820
2.011385
2.017031
2.021745
2.029927
2.023332
2.016414
2.011434
2.014344
2.025327
2.014264
2.018006
2.009698
1.988853
1.984612
1.980695
1.988065
1.991609
1.971758
2.007439
2.006607
2.034964
2.040459
2.031285
2.024984
2.021072
2.032714
2.032904
2.045654
2.035151
2.010441
1.993877
2.000692
2.018050
1.991662
1.988476
2.010879
2.009652
2.012251
2.017945
2.031310
2.038281
2.036601
2.009010
2.010594
2.018189
2.007517
2.016754
2.018341
1.988764
1.986089
1.983538
1.988175
1.994500
1.980080
2.008146
2.007150
2.036404
2.042068
2.030138
2.022414
2.019585
2.031159
2.030933
2.044120
2.033303
2.007717
1.991110
1.992544
1.990806
1.994820
1.979338
1.992709
2.002522
2.001185
1.995967
1.985751
2.004037
2.009136
2.008791
2.014108
2.005354
2.006330
2.012263
2.012258
1.984054
1.983716
1.961594
1.968199
1.976067
1.994895
2.010149
2.011743
2.003632
2.001819
1.994344
1.995725
1.990717
1.994360
1.969407
2.002454
2.000042
1.989299
1.993158
1.993506
1.994321
1.990172
1.973414
1.990638
2.000428
2.000482
1.992257
1.981971
1.997975
2.003806
2.007313
2.011659
2.002191
2.007647
2.015404
2.017583
1.985176
1.986015
1.964178
1.968047
1.977332
1.995990
2.010013
2.012214
2.001670
1.997329
1.992881
1.995153
1.991201
1.994676
1.965832
1.996706
1.994748
1.988509
2.019861
2.016936
2.017685
1.988727
2.004112
2.034101
1.995082
1.994851
1.954485
1.978167
1.988479
2.012017
2.001967
1.996244
2.003777
1.984101
1.999984
2.008454
2.001638
2.007435
2.007944
1.994775
1.996852
2.007596
1.987582
1.987825
1.974178
1.984296
1.971029
1.974990
1.993947
2.006343
2.026780
2.030613
2.007832
2.009897
2.017174
2.010681
2.008982
1.986101
1.998252
2.026785
1.998980
2.001013
1.969565
1.993163
1.997828
2.020241
2.001120
1.993725
1.998364
1.985179
1.997244
1.994965
2.001941
2.008962
2.007590
1.998791
1.999087
2.009557
1.988490
1.989928
1.979726
1.987143
1.972678
1.977906
1.994551
2.007121
2.029790
2.031586
2.009354
2.012355
1.996084
2.010633
2.011903
2.007049
2.003359
2.029061
2.001095
2.015715
2.026471
2.036927
2.037225
2.035819
2.009139
2.012266
1.991216
1.963056
1.950502
1.954589
2.002555
2.020932
2.039455
2.043148
2.022020
2.000693
2.004089
2.002854
1.995756
1.995207
2.002265
2.017705
1.999594
2.007603
2.048450
2.042155
2.036628
2.016117
1.995693
2.009622
2.013547
1.999235
1.998407
2.015411
2.000820
2.012519
2.013671
2.024866
2.028417
2.034176
2.010128
2.012273
1.996499
1.970898
1.958009
1.962769
2.000827
2.017595
2.037596
2.034567
2.018078
2.001563
2.003060
1.999773
1.991926
1.995268
2.005058
2.022573
1.998913
2.005769
2.041806
2.037842
2.033785
2.019966
2.001096
2.014552
2.016910
2.018119
2.019071
2.010116
2.003483
2.015127
2.005318
2.014482
2.012820
1.983129
1.998129
2.000566
2.004819
1.999994
2.011571
2.010804
2.000974
2.008066
2.011587
1.991200
2.003784
2.018465
1.979193
1.963652
1.954986
1.953237
1.966783
1.981142
2.012857
2.007477
2.007648
1.975228
1.987962
1.997254
1.994702
2.003902
2.001985
2.010575
2.013739
1.998960
2.002344
2.009650
1.991311
1.993604
2.002445
1.981399
1.999251
2.003254
2.019355
2.012143
2.019795
2.017818
2.001054
2.007135
2.008558
1.992850
2.004855
2.018062
1.979097
1.963444
1.953216
1.947944
1.964544
1.979622
2.013396
2.007748
2.008232
1.977827
1.990516
1.998519
2.007361
2.014921
2.028850
2.003503
2.014353
2.026545
1.992028
2.004992
2.012804
2.010546
2.007211
2.027369
2.019175
2.033854
2.023717
2.018699
2.014501
2.027013
2.013688
2.019738
2.026931
2.000558
2.000068
1.977751
1.996248
2.001950
1.973009
1.995749
2.011202
2.016990
2.015062
2.027485
2.019465
2.031610
2.027394
2.025507
2.002500
2.013843
2.010291
1.991925
1.999531
2.013158
1.991059
2.005720
2.019649
2.021003
2.017528
2.035564
2.020840
2.036438
2.029033
2.020767
2.018875
2.028361
2.014335
2.022294
2.027200
2.000402
2.002969
1.984467
1.995863
2.002262
1.975020
1.999059
2.013666
2.018077
2.014330
2.027085
2.021111
2.032244
2.028086
2.022743
2.000522
2.001653
2.006117
2.013863
2.007682
1.992427
1.994544
1.991754
2.013744
1.985058
1.995524
1.994554
1.992817
1.996823
1.982509
1.975304
1.997891
1.999665
1.998766
2.017701
2.033936
2.053678
2.021699
1.983946
1.999305
2.004437
2.002561
2.004101
2.000464
1.991736
2.010356
2.028657
2.036897
1.983702
1.984563
1.971885
2.003750
2.005227
2.012345
2.009016
2.007785
1.998966
1.992395
1.988660
2.004669
1.973592
1.988049
1.995133
1.991588
1.995152
1.975753
1.959528
1.985950
1.988465
1.990890
2.008038
2.017602
2.036929
2.009220
1.975299
1.998100
2.002703
1.999473
2.006677
2.003607
1.992141
2.010782
2.030680
2.037063
1.983739
1.984345
1.970458
2.005862
2.011570
2.021005
2.023148
2.020160
2.022019
2.008448
1.992798
1.988347
1.995667
2.002796
2.007953
2.012997
2.022243
2.039188
2.036881
2.023690
2.019481
1.996561
2.008108
2.018054
2.044736
2.027815
1.996662
2.010423
2.010637
1.978616
1.975930
1.974128
2.007340
2.004395
2.004655
1.978983
1.992503
1.996981
2.009058
2.006469
2.015125
2.020818
2.033344
2.021709
2.024122
2.007201
1.990777
1.985381
1.994437
2.001950
2.016816
2.013747
2.023026
2.039979
2.040637
2.026783
2.024374
1.994611
2.005898
2.013190
2.042094
2.026974
2.002369
2.009951
2.009059
1.979784
1.978805
1.975488
2.011258
2.004862
2.004699
1.977880
1.990446
1.995534
2.007873
