2.012236
2.025889
2.060612
2.039647
1.999893
2.012426
2.019878
1.996130
2.018127
2.012804
1.982941
1.962036
1.994305
1.988282
2.014086
2.026320
1.995506
2.015275
2.037143
1.967500
1.991071
1.998039
1.963963
2.032953
2.013563
2.029073
2.074433
2.061860
2.002130
2.014844
2.035732
2.004115
2.018520
2.014570
1.984340
1.955155
1.995307
1.991652
2.017094
2.033944
1.994820
2.015668
2.044972
1.974510
1.992165
1.998756
1.961757
2.032089
2.012236
2.025889
2.060612
2.039647
1.999893
2.012426
2.019878
1.996130
2.018127
2.012804
1.982941
1.962036
1.994305
1.988282
2.014086
2.026320
1.995506
2.015275
2.037143
1.967500
1.991071
1.998039
1.963963
2.032953
2.013563
2.029073
2.074433
2.061860
2.002130
2.014844
2.035732
2.004115
2.018520
2.014570
1.984340
1.955155
1.995307
1.991652
2.017094
2.033944
1.994820
2.015668
2.044972
1.974510
1.992165
1.998756
1.961757
2.032089
2.012236
2.025889
2.060612
2.039647
1.999893
2.012426
2.019878
1.996130
2.018127
2.012804
1.982941
1.962036
1.994305
1.988282
2.014086
2.026320
1.995506
2.015275
2.037143
1.967500
1.991071
1.998039
1.963963
2.032953
2.013563
2.029073
2.074433
2.061860
2.002130
2.014844
2.035732
2.004115
2.018520
2.014570
1.984340
1.955155
1.995307
1.991652
2.017094
2.033944
1.994820
2.015668
2.044972
1.974510
1.992165
1.998756
1.961757
2.032089
2.012236
2.025889
2.060612
2.039647
1.999893
2.012426
2.019878
1.996130
2.018127
2.012804
1.982941
1.962036
1.994305
1.988282
2.014086
2.026320
1.995506
2.015275
2.037143
1.967500
1.991071
1.998039
1.963963
2.032953
2.013563
2.029073
2.074433
2.061860
2.002130
2.014844
2.035732
2.004115
2.018520
2.014570
1.984340
1.955155
1.995307
1.991652
2.017094
2.033944
1.994820
2.015668
2.044972
1.974510
1.992165
1.998756
1.961757
2.032089
2.012236
2.025889
2.060612
2.039647
1.999893
2.012426
2.019878
1.996130
2.018127
2.012804
1.982941
1.962036
1.994305
1.988282
2.014086
2.026320
1.995506
2.015275
2.037143
1.967500
1.991071
1.998039
1.963963
2.032953
2.013563
2.029073
2.074433
2.061860
2.002130
2.014844
2.035732
2.004115
2.018520
2.014570
1.984340
1.955155
1.995307
1.991652
2.017094
2.033944
1.994820
2.015668
2.044972
1.974510
1.992165
1.998756
1.961757
2.032089
2.012236
2.025889
2.060612
2.039647
1.999893
2.012426
2.019878
1.996130
2.018127
2.012804
1.982941
1.962036
1.994305
1.988282
2.014086
2.026320
1.995506
2.015275
2.037143
1.967500
1.991071
1.998039
1.963963
2.032953
2.013563
2.029073
2.074433
2.061860
2.002130
2.014844
2.035732
2.004115
2.018520
2.014570
1.984340
1.955155
1.995307
1.991652
2.017094
2.033944
1.994820
2.015668
2.044972
1.974510
1.992165
1.998756
1.961757
2.032089
2.012236
2.025889
2.060612
2.039647
1.999893
2.012426
2.019878
1.996130
2.018127
2.012804
1.982941
1.962036
1.994305
1.988282
2.014086
2.026320
1.995506
2.015275
2.037143
1.967500
1.991071
1.998039
1.963963
2.032953
2.013563
2.029073
2.074433
2.061860
2.002130
2.014844
2.035732
2.004115
2.018520
2.014570
1.984340
1.955155
1.995307
1.991652
2.017094
2.033944
1.994820
2.015668
2.044972
1.974510
1.992165
1.998756
1.961757
2.032089
2.012236
2.025889
2.060612
2.039647
1.999893
2.012426
2.019878
1.996130
2.018127
2.012804
1.982941
1.962036
1.994305
1.988282
2.014086
2.026320
1.995506
2.015275
2.037143
1.967500
1.991071
1.998039
1.963963
2.032953
2.013563
2.029073
2.074433
2.061860
2.002130
2.014844
2.035732
2.004115
2.018520
2.014570
1.984340
1.955155
1.995307
1.991652
2.017094
2.033944
1.994820
2.015668
2.044972
1.974510
1.992165
1.998756
1.961757
2.032089
2.012236
2.025889
2.060612
2.039647
1.999893
2.012426
2.019878
1.996130
2.018127
2.012804
1.982941
1.962036
1.994305
1.988282
2.014086
2.026320
1.995506
2.015275
2.037143
1.967500
1.991071
1.998039
1.963963
2.032953
2.013563
2.029073
2.074433
2.061860
2.002130
2.014844
2.035732
2.004115
2.018520
2.014570
1.984340
1.955155
1.995307
1.991652
2.017094
2.033944
1.994820
2.015668
2.044972
1.974510
1.992165
1.998756
1.961757
2.032089
2.012236
2.025889
2.060612
2.039647
1.999893
2.012426
2.019878
1.996130
2.018127
2.012804
1.982941
1.962036
1.994305
1.988282
2.014086
2.026320
1.995506
2.015275
2.037143
1.967500
1.991071
1.998039
1.963963
2.032953
2.013563
2.029073
2.074433
2.061860
2.002130
2.014844
2.035732
2.004115
2.018520
2.014570
1.984340
1.955155
1.995307
1.991652
2.017094
2.033944
1.994820
2.015668
2.044972
1.974510
1.992165
1.998756
1.961757
2.032089
2.012236
2.025889
2.060612
2.039647
1.999893
2.012426
2.019878
1.996130
2.018127
2.012804
1.982941
1.962036
1.994305
1.988282
2.014086
2.026320
1.995506
2.015275
2.037143
1.967500
1.991071
1.998039
1.963963
2.032953
2.013563
2.029073
2.074433
2.061860
2.002130
2.014844
2.035732
2.004115
2.018520
2.014570
1.984340
1.955155
1.995307
1.991652
2.017094
2.033944
1.994820
2.015668
2.044972
1.974510
1.992165
1.998756
1.961757
2.032089
2.012236
2.025889
2.060612
2.039647
1.999893
2.012426
2.019878
1.996130
2.018127
2.012804
1.982941
1.962036
1.994305
1.988282
2.014086
2.026320
1.995506
2.015275
2.037143
1.967500
1.991071
1.998039
1.963963
2.032953
2.013563
2.029073
2.074433
2.061860
2.002130
2.014844
2.035732
2.004115
2.018520
2.014570
1.984340
1.955155
1.995307
1.991652
2.017094
2.033944
1.994820
2.015668
2.044972
1.974510
1.992165
1.998756
1.961757
2.032089
2.012236
2.025889
2.060612
2.039647
1.999893
2.012426
2.019878
1.996130
2.018127
2.012804
1.982941
1.962036
1.994305
1.988282
2.014086
2.026320
1.995506
2.015275
2.037143
1.967500
1.991071
1.998039
1.963963
2.032953
2.013563
2.029073
2.074433
2.061860
2.002130
2.014844
2.035732
2.004115
2.018520
2.014570
1.984340
1.955155
1.995307
1.991652
2.017094
2.033944
1.994820
2.015668
2.044972
1.974510
1.992165
1.998756
1.961757
2.032089
2.012236
2.025889
2.060612
2.039647
1.999893
2.012426
2.019878
1.996130
2.018127
2.012804
1.982941
1.962036
1.994305
1.988282
2.014086
2.026320
1.995506
2.015275
2.037143
1.967500
1.991071
1.998039
1.963963
2.032953
2.013563
2.029073
2.074433
2.061860
2.002130
2.014844
2.035732
2.004115
2.018520
2.014570
1.984340
1.955155
1.995307
1.991652
2.017094
2.033944
1.994820
2.015668
2.044972
1.974510
1.992165
1.998756
1.961757
2.032089
2.012236
2.025889
2.060612
2.039647
1.999893
2.012426
2.019878
1.996130
2.018127
2.012804
1.982941
1.962036
1.994305
1.988282
2.014086
2.026320
1.995506
2.015275
2.037143
1.967500
1.991071
1.998039
1.963963
2.032953
2.013563
2.029073
2.074433
2.061860
2.002130
2.014844
2.035732
2.004115
2.018520
2.014570
1.984340
1.955155
1.995307
1.991652
2.017094
2.033944
1.994820
2.015668
2.044972
1.974510
1.992165
1.998756
1.961757
2.032089
2.012236
2.025889
2.060612
2.039647
1.999893
2.012426
2.019878
1.996130
2.018127
2.012804
1.982941
1.962036
1.994305
1.988282
2.014086
2.026320
1.995506
2.015275
2.037143
1.967500
1.991071
1.998039
1.963963
2.032953
2.013563
2.029073
2.074433
2.061860
2.002130
2.014844
2.035732
2.004115
2.018520
2.014570
1.984340
1.955155
1.995307
1.991652
2.017094
2.033944
1.994820
2.015668
2.044972
1.974510
1.992165
1.998756
1.961757
2.032089
2.012236
2.025889
2.060612
2.039647
1.999893
2.012426
2.019878
1.996130
2.018127
2.012804
1.982941
1.962036
1.994305
1.988282
2.014086
2.026320
1.995506
2.015275
2.037143
1.967500
1.991071
1.998039
1.963963
2.032953
2.013563
2.029073
2.074433
2.061860
2.002130
2.014844
2.035732
2.004115
2.018520
2.014570
1.984340
1.955155
1.995307
1.991652
2.017094
2.033944
1.994820
2.015668
2.044972
1.974510
1.992165
1.998756
1.961757
2.032089
2.012236
2.025889
2.060612
2.039647
1.999893
2.012426
2.019878
1.996130
2.018127
2.012804
1.982941
1.962036
1.994305
1.988282
2.014086
2.026320
1.995506
2.015275
2.037143
1.967500
1.991071
1.998039
1.963963
2.032953
2.013563
2.029073
2.074433
2.061860
2.002130
2.014844
2.035732
2.004115
2.018520
2.014570
1.984340
1.955155
1.995307
1.991652
2.017094
2.033944
1.994820
2.015668
2.044972
1.974510
1.992165
1.998756
1.961757
2.032089
2.012236
2.025889
2.060612
2.039647
1.999893
2.012426
2.019878
1.996130
2.018127
2.012804
1.982941
1.962036
1.994305
1.988282
2.014086
2.026320
1.995506
2.015275
2.037143
1.967500
1.991071
1.998039
1.963963
2.032953
2.013563
2.029073
2.074433
2.061860
2.002130
2.014844
2.035732
2.004115
2.018520
2.014570
1.984340
1.955155
1.995307
1.991652
2.017094
2.033944
1.994820
2.015668
2.044972
1.974510
1.992165
1.998756
1.961757
2.032089
2.012236
2.025889
2.060612
2.039647
1.999893
2.012426
2.019878
1.996130
2.018127
2.012804
1.982941
1.962036
1.994305
1.988282
2.014086
2.026320
1.995506
2.015275
2.037143
1.967500
1.991071
1.998039
1.963963
2.032953
2.013563
2.029073
2.074433
2.061860
2.002130
2.014844
2.035732
2.004115
2.018520
2.014570
1.984340
1.955155
1.995307
1.991652
2.017094
2.033944
1.994820
2.015668
2.044972
1.974510
1.992165
1.998756
1.961757
2.032089
2.012236
2.025889
2.060612
2.039647
1.999893
2.012426
2.019878
1.996130
2.018127
2.012804
1.982941
1.962036
1.994305
1.988282
2.014086
2.026320
1.995506
2.015275
2.037143
1.967500
1.991071
1.998039
1.963963
2.032953
2.013563
2.029073
2.074433
2.061860
2.002130
2.014844
2.035732
2.004115
2.018520
2.014570
1.984340
1.955155
1.995307
1.991652
2.017094
2.033944
1.994820
2.015668
2.044972
1.974510
1.992165
1.998756
1.961757
2.032089
2.012236
2.025889
2.060612
2.039647
1.999893
2.012426
2.019878
1.996130
2.018127
2.012804
1.982941
1.962036
1.994305
1.988282
2.014086
2.026320
1.995506
2.015275
2.037143
1.967500
1.991071
1.998039
1.963963
2.032953
2.013563
2.029073
2.074433
2.061860
2.002130
2.014844
2.035732
2.004115
2.018520
2.014570
1.984340
1.955155
1.995307
1.991652
2.017094
2.033944
1.994820
2.015668
2.044972
1.974510
1.992165
1.998756
1.961757
2.032089
2.012236
2.025889
2.060612
2.039647
1.999893
2.012426
2.019878
1.996130
2.018127
2.012804
1.982941
1.962036
1.994305
1.988282
2.014086
2.026320
1.995506
2.015275
2.037143
1.967500
1.991071
1.998039
1.963963
2.032953
2.013563
2.029073
2.074433
2.061860
2.002130
2.014844
2.035732
2.004115
2.018520
2.014570
1.984340
1.955155
1.995307
1.991652
2.017094
2.033944
1.994820
2.015668
2.044972
1.974510
1.992165
1.998756
1.961757
2.032089
2.012236
2.025889
2.060612
2.039647
1.999893
2.012426
2.019878
1.996130
2.018127
2.012804
1.982941
1.962036
1.994305
1.988282
2.014086
2.026320
1.995506
2.015275
2.037143
1.967500
1.991071
1.998039
1.963963
2.032953
2.013563
2.029073
2.074433
2.061860
2.002130
2.014844
2.035732
2.004115
2.018520
2.014570
1.984340
1.955155
1.995307
1.991652
2.017094
2.033944
1.994820
2.015668
2.044972
1.974510
1.992165
1.998756
1.961757
2.032089
2.012236
2.025889
2.060612
2.039647
1.999893
2.012426
2.019878
1.996130
2.018127
2.012804
1.982941
1.962036
1.994305
1.988282
2.014086
2.026320
1.995506
2.015275
2.037143
1.967500
1.991071
1.998039
1.963963
2.032953
2.013563
2.029073
2.074433
2.061860
2.002130
2.014844
2.035732
2.004115
2.018520
2.014570
1.984340
1.955155
1.995307
1.991652
2.017094
2.033944
1.994820
2.015668
2.044972
1.974510
1.992165
1.998756
1.961757
2.032089
2.012236
2.025889
2.060612
2.039647
1.999893
2.012426
2.019878
1.996130
2.018127
2.012804
1.982941
1.962036
1.994305
1.988282
2.014086
2.026320
1.995506
2.015275
2.037143
1.967500
1.991071
1.998039
1.963963
2.032953
2.013563
2.029073
2.074433
2.061860
2.002130
2.014844
2.035732
2.004115
2.018520
2.014570
1.984340
1.955155
1.995307
1.991652
2.017094
2.033944
1.994820
2.015668
2.044972
1.974510
1.992165
1.998756
1.961757
2.032089
2.012236
2.025889
2.060612
2.039647
1.999893
2.012426
2.019878
1.996130
2.018127
2.012804
1.982941
1.962036
1.994305
1.988282
2.014086
2.026320
1.995506
2.015275
2.037143
1.967500
1.991071
1.998039
1.963963
2.032953
2.013563
2.029073
2.074433
2.061860
2.002130
2.014844
2.035732
2.004115
2.018520
2.014570
1.984340
1.955155
1.995307
1.991652
2.017094
2.033944
1.994820
2.015668
2.044972
1.974510
1.992165
1.998756
1.961757
2.032089
2.012236
2.025889
2.060612
2.039647
1.999893
2.012426
2.019878
1.996130
2.018127
2.012804
1.982941
1.962036
1.994305
1.988282
2.014086
2.026320
1.995506
2.015275
2.037143
1.967500
1.991071
1.998039
1.963963
2.032953
2.013563
2.029073
2.074433
2.061860
2.002130
2.014844
2.035732
2.004115
2.018520
2.014570
1.984340
1.955155
1.995307
1.991652
2.017094
2.033944
1.994820
2.015668
2.044972
1.974510
1.992165
1.998756
1.961757
2.032089
2.012236
2.025889
2.060612
2.039647
1.999893
2.012426
2.019878
1.996130
2.018127
2.012804
1.982941
1.962036
1.994305
1.988282
2.014086
2.026320
1.995506
2.015275
2.037143
1.967500
1.991071
1.998039
1.963963
2.032953
2.013563
2.029073
2.074433
2.061860
2.002130
2.014844
2.035732
2.004115
2.018520
2.014570
1.984340
1.955155
1.995307
1.991652
2.017094
2.033944
1.994820
2.015668
2.044972
1.974510
1.992165
1.998756
1.961757
2.032089
2.012236
2.025889
2.060612
2.039647
1.999893
2.012426
2.019878
1.996130
2.018127
2.012804
1.982941
1.962036
1.994305
1.988282
2.014086
2.026320
1.995506
2.015275
2.037143
1.967500
1.991071
1.998039
1.963963
2.032953
2.013563
2.029073
2.074433
2.061860
2.002130
2.014844
2.035732
2.004115
2.018520
2.014570
1.984340
1.955155
1.995307
1.991652
2.017094
2.033944
1.994820
2.015668
2.044972
1.974510
1.992165
1.998756
1.961757
2.032089
2.012236
2.025889
2.060612
2.039647
1.999893
2.012426
2.019878
1.996130
2.018127
2.012804
1.982941
1.962036
1.994305
1.988282
2.014086
2.026320
1.995506
2.015275
2.037143
1.967500
1.991071
1.998039
1.963963
2.032953
2.013563
2.029073
2.074433
2.061860
2.002130
2.014844
2.035732
2.004115
2.018520
2.014570
1.984340
1.955155
1.995307
1.991652
2.017094
2.033944
1.994820
2.015668
2.044972
1.974510
1.992165
1.998756
1.961757
2.032089
2.012236
2.025889
2.060612
2.039647
1.999893
2.012426
2.019878
1.996130
2.018127
2.012804
1.982941
1.962036
1.994305
1.988282
2.014086
2.026320
1.995506
2.015275
2.037143
1.967500
1.991071
1.998039
1.963963
2.032953
2.013563
2.029073
2.074433
2.061860
2.002130
2.014844
2.035732
2.004115
2.018520
2.014570
1.984340
1.955155
1.995307
1.991652
2.017094
2.033944
1.994820
2.015668
2.044972
1.974510
1.992165
1.998756
1.961757
2.032089
2.012236
2.025889
2.060612
2.039647
1.999893
2.012426
2.019878
1.996130
2.018127
2.012804
1.982941
1.962036
1.994305
1.988282
2.014086
2.026320
1.995506
2.015275
2.037143
1.967500
1.991071
1.998039
1.963963
2.032953
2.013563
2.029073
2.074433
2.061860
2.002130
2.014844
2.035732
2.004115
2.018520
2.014570
1.984340
1.955155
1.995307
1.991652
2.017094
2.033944
1.994820
2.015668
2.044972
1.974510
1.992165
1.998756
1.961757
2.032089
2.012236
2.025889
2.060612
2.039647
1.999893
2.012426
2.019878
1.996130
2.018127
2.012804
1.982941
1.962036
1.994305
1.988282
2.014086
2.026320
1.995506
2.015275
2.037143
1.967500
1.991071
1.998039
1.963963
2.032953
2.013563
2.029073
2.074433
2.061860
2.002130
2.014844
2.035732
2.004115
2.018520
2.014570
1.984340
1.955155
1.995307
1.991652
2.017094
2.033944
1.994820
2.015668
2.044972
1.974510
1.992165
1.998756
1.961757
2.032089
2.012236
2.025889
2.060612
2.039647
1.999893
2.012426
2.019878
1.996130
2.018127
2.012804
1.982941
1.962036
1.994305
1.988282
2.014086
2.026320
1.995506
2.015275
2.037143
1.967500
1.991071
1.998039
1.963963
2.032953
2.013563
2.029073
2.074433
2.061860
2.002130
2.014844
2.035732
2.004115
2.018520
2.014570
1.984340
1.955155
1.995307
1.991652
2.017094
2.033944
1.994820
2.015668
2.044972
1.974510
1.992165
1.998756
1.961757
2.032089
2.012236
2.025889
2.060612
2.039647
1.999893
2.012426
2.019878
1.996130
2.018127
2.012804
1.982941
1.962036
1.994305
1.988282
2.014086
2.026320
1.995506
2.015275
2.037143
1.967500
1.991071
1.998039
1.963963
2.032953
2.013563
2.029073
2.074433
2.061860
2.002130
2.014844
2.035732
2.004115
2.018520
2.014570
1.984340
1.955155
1.995307
1.991652
2.017094
2.033944
1.994820
2.015668
2.044972
1.974510
1.992165
1.998756
1.961757
2.032089
2.012236
2.025889
2.060612
2.039647
1.999893
2.012426
2.019878
1.996130
2.018127
2.012804
1.982941
1.962036
1.994305
1.988282
2.014086
2.026320
1.995506
2.015275
2.037143
1.967500
1.991071
1.998039
1.963963
2.032953
2.013563
2.029073
2.074433
2.061860
2.002130
2.014844
2.035732
2.004115
2.018520
2.014570
1.984340
1.955155
1.995307
1.991652
2.017094
2.033944
1.994820
2.015668
2.044972
1.974510
1.992165
1.998756
1.961757
2.032089
2.012236
2.025889
2.060612
2.039647
1.999893
2.012426
2.019878
1.996130
2.018127
2.012804
1.982941
1.962036
1.994305
1.988282
2.014086
2.026320
1.995506
2.015275
2.037143
1.967500
1.991071
1.998039
1.963963
2.032953
2.013563
2.029073
2.074433
2.061860
2.002130
2.014844
2.035732
2.004115
2.018520
2.014570
1.984340
1.955155
1.995307
1.991652
2.017094
2.033944
1.994820
2.015668
2.044972
1.974510
1.992165
1.998756
1.961757
2.032089
2.012236
2.025889
2.060612
2.039647
1.999893
2.012426
2.019878
1.996130
2.018127
2.012804
1.982941
1.962036
1.994305
1.988282
2.014086
2.026320
1.995506
2.015275
2.037143
1.967500
1.991071
1.998039
1.963963
2.032953
2.013563
2.029073
2.074433
2.061860
2.002130
2.014844
2.035732
2.004115
2.018520
2.014570
1.984340
1.955155
1.995307
1.991652
2.017094
2.033944
1.994820
2.015668
2.044972
1.974510
1.992165
1.998756
1.961757
2.032089
2.012236
2.025889
2.060612
2.039647
1.999893
2.012426
2.019878
1.996130
2.018127
2.012804
1.982941
1.962036
1.994305
1.988282
2.014086
2.026320
1.995506
2.015275
2.037143
1.967500
1.991071
1.998039
1.963963
2.032953
2.013563
2.029073
2.074433
2.061860
2.002130
2.014844
2.035732
2.004115
2.018520
2.014570
1.984340
1.955155
1.995307
1.991652
2.017094
2.033944
1.994820
2.015668
2.044972
1.974510
1.992165
1.998756
1.961757
2.032089
