1.999464
1.991021
1.991171
1.974930
1.997805
2.006490
2.005026
1.993538
1.998079
1.984492
1.990654
1.977108
1.991805
1.993551
1.985576
1.988777
1.990367
1.986818
1.991605
2.002582
1.983168
1.994478
1.993599
1.974696
1.994272
1.991258
2.016409
1.970266
1.987828
1.996863
1.993639
1.981329
1.989871
1.995246
1.999213
1.986327
1.986468
1.979862
1.974176
1.988061
1.990546
1.994313
1.989508
2.017671
1.991705
1.984815
1.979433
1.969198
2.012961
2.008116
2.014453
2.015740
2.014409
2.021006
2.025502
1.988684
1.995743
1.993202
1.979148
1.992392
2.024417
2.020850
2.002609
1.996832
1.997501
1.987521
1.970002
1.973883
2.001682
1.983339
1.993352
1.999252
2.016686
2.016595
2.015721
2.027710
1.994253
1.998618
1.985932
1.983653
1.996508
2.001132
2.009476
1.977967
2.003984
1.991184
1.984220
1.990555
1.988514
1.998816
1.992739
1.982610
2.006347
2.014730
2.007775
1.994667
1.996737
1.978884
1.956890
1.960709
2.007568
2.001535
1.998345
1.987299
1.997584
2.016735
2.009734
1.988951
1.988908
1.987522
1.997374
2.005113
2.002680
1.997374
2.018742
1.994148
2.001266
2.002980
1.993171
2.018288
2.009399
2.013562
2.019422
2.015268
2.001738
2.009270
1.997188
1.988614
1.991675
1.983164
2.005283
2.008521
2.002784
1.999875
2.002903
1.998059
1.990246
1.995506
2.018638
2.030610
1.999899
2.004807
2.008471
1.987283
2.015679
2.011428
2.013729
2.014600
1.977029
1.981307
1.961871
1.980118
2.011406
2.015908
2.015183
2.009339
2.004810
2.013536
2.004612
1.993436
1.994557
2.000122
1.991320
1.984860
2.007669
1.997528
1.985326
1.981389
1.992612
2.001683
1.998068
1.997837
2.003146
2.006049
1.999072
2.005920
2.008257
2.009917
1.988268
2.012728
1.993096
1.994909
1.991556
1.947057
1.999083
2.006020
1.996200
2.021033
2.011112
2.019768
2.030859
2.022555
1.997771
1.997984
1.978856
1.954759
2.008821
2.019111
2.022278
2.010537
2.013649
2.005092
2.018339
1.974115
1.997294
1.997699
2.020833
2.028535
1.994213
2.009698
1.994575
1.999199
1.987591
1.984187
1.996311
1.992683
2.013638
2.019969
2.029712
2.013640
2.001023
2.018132
2.041297
1.986405
2.005167
2.008024
2.011087
2.021739
2.000551
2.000878
1.988673
1.983192
1.984943
1.984895
2.008201
2.003544
1.992230
1.985318
1.979948
2.004877
1.995330
1.982927
1.990884
1.988406
1.997839
1.976625
1.954188
1.964315
2.002381
2.001732
2.024538
2.000836
2.002462
1.999012
1.994517
1.988402
2.005110
1.991401
1.978749
1.994451
1.999127
2.011211
2.032293
2.021209
2.010598
2.015687
2.027818
2.044535
2.007371
2.017548
2.004284
1.994396
2.009301
2.023868
2.029874
2.022127
1.989595
1.998119
1.987690
2.000276
2.001492
1.990462
1.978852
1.974873
2.005495
2.007935
2.017822
2.020242
2.010151
2.010663
1.984289
2.001302
1.987314
1.981670
1.995291
2.025065
1.999879
1.996174
1.981342
2.006690
1.989167
1.980778
2.004490
2.013193
1.994238
1.987909
2.018481
1.996229
2.019617
2.018120
2.039950
2.034511
1.989738
1.985764
2.006628
2.007877
2.000755
2.008298
1.989717
1.982175
2.019151
2.016688
2.032757
1.989726
2.001616
1.995980
1.955432
1.969839
2.012028
2.005551
2.015520
2.027568
1.990885
1.991319
1.980205
1.985269
1.988224
1.993714
2.009512
1.964690
1.983563
1.977889
1.946666
1.937862
2.000343
1.998749
1.980634
1.959874
1.991955
1.992783
1.998471
2.009782
1.998289
1.997282
2.012416
2.016732
1.990942
1.996849
1.992743
2.033116
2.004108
2.005821
2.029652
1.997373
2.006338
1.997995
2.039083
2.025831
2.007244
2.004471
2.009054
2.001916
1.996490
1.986506
1.999065
1.980994
1.991676
1.985226
1.970409
1.980894
2.008278
2.009090
1.980824
1.980461
2.008269
2.012805
2.031605
2.034905
1.989628
1.998355
2.017495
1.991533
1.990416
1.985016
1.979571
1.990680
2.013047
2.008060
2.023865
2.037349
2.003853
2.002253
1.989833
1.979230
2.007034
2.016874
2.011303
1.984527
2.010293
2.010462
2.024563
2.049984
1.991286
1.999164
2.037154
2.047485
1.988676
1.982203
1.976331
1.989059
2.010879
1.989903
1.968403
1.986656
1.993159
1.989354
1.982134
1.957169
1.991677
1.992964
1.997181
1.985942
2.003315
1.996855
1.971119
1.987003
2.012664
2.014194
2.035605
2.008891
1.986845
1.998233
2.029371
2.010527
2.001281
2.003211
1.987604
1.992324
1.994346
1.993795
2.001671
2.029528
1.997786
1.985996
1.994005
1.997734
1.989498
1.999775
2.010257
2.019724
1.991806
1.998430
2.004814
2.019317
2.001897
2.001919
1.989523
1.984625
2.013581
2.006714
1.970476
1.979855
2.002967
1.994522
2.002365
2.001588
2.009070
1.997663
1.985901
2.019536
2.012006
2.005267
2.016799
1.972374
2.004079
2.005249
2.011424
1.991464
1.993354
1.989174
1.992864
1.973136
2.000024
2.002942
1.996158
2.021163
2.000689
2.000511
1.998501
2.005299
2.007934
2.017086
2.010937
2.014142
1.994832
1.998626
2.037042
2.035450
2.001439
2.001894
2.009682
1.993320
2.008515
1.998121
1.983003
2.006149
2.001207
2.005921
2.007316
1.999486
1.985906
1.990542
2.001520
2.006772
2.000993
2.000155
1.972209
1.981934
2.002794
1.992575
1.985141
1.977799
2.000152
2.012873
2.013995
2.013900
1.993158
2.007711
1.968311
1.968095
2.000274
2.003426
1.969123
1.964126
1.997662
2.000462
2.000627
2.014292
2.007517
2.007594
1.992036
2.003393
1.995641
1.991938
1.975363
1.984239
1.996502
1.991441
1.989456
1.978502
2.000350
2.004696
1.988372
1.987843
2.005209
2.025249
2.022020
2.011911
2.009514
2.021539
2.039259
2.036503
2.002647
2.012627
2.051350
2.025501
1.985307
1.983267
1.964290
1.991202
1.982870
1.985852
1.976634
1.984082
2.021095
2.021176
1.995762
1.978175
2.018224
2.022789
2.027395
2.015761
1.988709
1.983856
1.976577
1.960730
1.987463
1.975828
1.987171
1.986221
1.989841
1.983063
1.997729
2.010222
1.991726
1.984762
1.960276
2.013673
1.996194
1.992482
2.007536
2.026360
1.992493
1.988133
1.972877
2.006139
2.015894
2.027116
2.025739
2.008940
1.998253
1.999595
2.011592
2.010909
2.007269
2.004777
2.002646
1.982328
2.008503
1.999334
1.992996
1.993011
2.013837
2.023165
2.000708
2.012694
2.008360
2.021079
2.034092
2.050444
1.996379
1.999548
2.007428
2.000273
1.988671
1.988027
1.987840
1.986295
2.000967
2.009991
2.047932
2.034957
2.012100
2.012830
2.036626
2.033498
1.993385
2.001359
2.004440
2.012220
1.997722
2.006169
2.027369
2.023436
2.007886
2.011326
1.984759
2.004334
1.989921
1.998639
1.990073
2.007578
1.986742
1.988740
1.993535
1.990605
2.001891
1.990309
1.950035
1.978767
1.998325
1.999658
2.005410
2.000632
2.002311
1.987118
1.989713
1.997776
1.996069
1.993204
2.007332
2.011230
2.000815
2.006364
2.035190
2.041345
1.993507
1.990654
2.028138
2.045789
2.006000
2.013929
2.002997
2.012071
1.988549
1.979768
1.970224
1.983441
2.008647
2.016684
2.004154
2.004077
1.990845
1.998047
1.999043
1.986042
2.006050
2.014679
2.002257
1.983554
2.004002
1.997873
2.014085
1.998835
1.994644
1.994143
1.990958
1.969169
2.017072
2.012831
2.001802
2.014654
1.994460
1.990779
1.993615
1.976054
2.004643
1.994915
2.016719
2.027885
1.986887
1.974405
1.972238
1.973260
1.991079
1.991159
2.008216
2.037559
2.005897
2.011892
1.993691
1.982000
1.998126
2.006873
2.034258
2.031656
1.994109
1.983875
1.978807
1.965532
1.999284
1.993995
1.996837
2.025084
2.007647
2.007671
1.990415
2.009628
1.986999
1.996546
1.997933
2.018463
1.999601
1.992768
2.007021
1.992167
1.992661
1.992569
2.001257
1.982114
2.002282
2.007425
2.009115
1.998085
2.012281
2.011453
2.053899
2.018724
1.997092
2.000285
2.029753
2.030968
1.989549
1.995152
2.011966
2.030085
1.994609
1.987651
2.000624
2.012453
2.006631
2.004486
1.999325
1.975002
1.988071
1.997483
2.007998
1.999430
2.005843
2.019876
1.990392
2.011389
1.989199
1.994873
1.985274
1.997556
1.999131
1.996424
1.985242
1.987016
2.014332
2.008804
1.986735
1.978195
2.000899
1.987279
1.974280
1.994093
1.997297
1.995924
1.992115
1.990475
1.995663
1.993349
2.004860
1.988831
2.004602
2.001466
2.009915
1.991033
1.995489
1.999214
1.995653
2.019820
1.998635
1.985120
1.965287
1.963373
1.989052
1.972702
1.968159
2.006498
1.996736
2.009757
2.004402
2.004859
2.002562
2.018729
2.015107
2.047194
2.008429
1.993942
1.988664
2.016965
1.996907
2.001579
1.999951
2.010718
2.001764
2.006206
1.988007
1.999043
2.004941
2.012754
2.016113
1.964822
2.004958
1.995862
1.996308
1.984859
1.997820
2.004337
2.032990
2.015555
2.000574
2.007796
2.030708
2.010605
1.989299
1.991953
1.994839
2.010996
2.014533
2.025677
2.024263
1.990123
2.005961
2.015722
2.037280
2.003259
2.010995
2.004652
1.990880
1.983684
1.996764
1.991668
1.981204
1.948433
1.999321
1.996031
2.003123
1.991322
1.996977
1.994079
1.988884
2.004825
1.995965
1.999344
2.007928
1.994249
2.009969
2.009738
2.031715
2.015648
2.013609
2.007056
2.025917
2.003511
2.011746
2.001471
2.003294
2.004503
1.994796
1.996262
1.999446
1.972308
1.987107
1.992301
2.026184
2.035241
2.019348
2.009560
1.993334
1.974082
1.998459
2.005861
2.012301
1.986967
2.006609
2.018832
2.011575
1.996733
1.992304
1.982659
1.980641
2.031944
2.002845
1.995176
2.009378
1.993783
2.008913
1.999420
2.007379
2.028526
1.984970
1.994857
1.976611
1.988003
1.997395
1.996727
1.984247
1.992362
1.996042
1.984587
1.957125
1.991514
1.985271
1.995184
1.986387
1.955076
2.006895
2.013449
1.974498
1.979611
2.003215
2.005445
2.020091
2.007176
2.000093
2.002821
2.034403
2.026262
2.011626
2.029243
2.027140
2.040777
1.991284
2.004251
1.968042
1.975941
2.002020
1.995586
1.956256
1.979620
2.009629
2.003426
2.016443
2.025655
2.007375
2.004027
1.998497
1.995987
1.982337
1.975056
2.002309
2.025130
2.015816
2.020585
2.024252
2.024337
1.996907
1.999734
2.000101
1.984742
2.004939
2.010900
2.021237
1.987446
1.995274
1.981171
1.965600
1.961836
1.999990
2.003049
1.984021
1.996795
2.009926
2.006156
2.006925
1.995836
1.991627
1.995977
2.004612
1.985953
1.997845
1.999017
2.008728
2.010671
2.006335
2.007442
2.007516
2.034705
1.997728
2.017035
2.029750
2.038907
1.998503
1.997948
2.014118
2.020167
1.991270
1.994944
1.984272
1.961711
1.993970
2.000863
2.000029
2.034325
1.989816
1.971486
2.002688
2.007845
2.011831
2.014900
2.023005
1.973199
1.997483
1.998494
2.009589
2.031499
2.022172
2.032941
2.036313
2.020458
1.997595
1.994238
1.961547
1.981560
2.002113
2.002520
1.996284
2.010755
1.991283
2.001373
2.034601
2.032956
1.988836
1.988082
1.991188
1.969004
2.006168
2.010694
2.007364
2.005201
1.998240
1.987891
1.978879
1.986782
1.986972
1.995354
1.970154
1.990543
2.007803
1.992768
2.001359
2.011944
1.989728
1.994639
2.006865
2.001069
2.010375
2.008802
1.969847
1.950761
2.000223
2.007860
2.004257
1.991081
1.991976
1.993131
1.976628
1.999354
2.020676
2.021333
2.025804
2.011830
2.000613
2.001678
2.009900
2.004337
1.998284
2.000310
1.961793
1.974598
2.010326
2.008604
2.001656
2.008174
2.012704
2.005283
1.991730
2.000721
1.998492
2.005398
1.974868
1.989663
2.011636
2.012685
2.051953
2.037934
2.009838
2.009036
2.039259
2.053044
1.994583
2.000276
1.967373
1.960698
1.995781
1.991692
1.959315
1.989938
1.991402
2.001976
2.015095
2.002096
1.992033
1.981897
1.983686
1.992976
1.998591
1.986954
1.995647
2.022671
2.001476
2.000130
2.017714
2.041602
1.994097
2.001904
2.013025
2.012955
1.997699
1.996102
1.965539
1.969444
2.004743
2.009487
2.002243
2.001367
1.992317
1.990644
2.002261
1.992133
2.009620
2.005103
2.003138
1.983157
2.003017
2.005390
2.004265
1.981418
2.017782
2.013145
2.003984
2.013776
2.003129
2.001762
1.994258
1.994897
2.000648
1.982712
1.982457
1.996083
2.010519
2.007139
2.007251
1.995875
1.994844
1.985708
1.990059
1.993825
2.004280
2.012957
2.001174
1.985556
2.023985
2.011032
2.008295
2.010340
1.993638
1.987402
2.006583
1.991166
2.003266
2.004595
2.013723
2.016735
2.003492
1.993020
1.985634
1.984764
1.998885
1.992111
1.986973
1.976057
1.987814
1.983490
1.961608
1.993530
2.012545
2.004097
1.989425
1.992220
1.990546
1.996333
1.990727
1.991192
1.997847
2.000993
2.005249
2.001127
2.000344
1.998383
2.007008
2.009390
2.002860
2.008746
2.005846
1.977895
2.007832
2.016589
2.007196
1.998785
1.988775
1.995032
1.992704
1.985969
1.989550
2.002254
2.003456
1.986404
2.000897
1.999467
1.968233
2.003571
1.994664
2.007750
2.023904
2.003185
2.002520
2.003140
2.004255
2.020951
2.005945
2.003005
1.998912
2.002176
2.004279
1.994424
2.008892
2.006846
1.989361
1.990273
1.978543
2.005458
1.993663
1.986141
1.965158
1.972123
1.998832
2.018326
2.027360
2.021679
2.007104
2.006927
2.039432
2.029316
2.001842
2.003695
2.004430
1.992954
1.994413
2.002004
2.009393
1.996250
1.985263
1.987722
1.992867
1.994755
2.005623
2.013882
2.007876
1.992236
1.992829
1.988189
2.002679
2.031736
2.005496
2.008059
2.030617
2.007408
1.995182
1.998076
2.002199
1.990753
1.984473
1.989773
2.001464
2.011224
2.013666
2.011936
2.006392
2.004724
2.000735
1.995752
1.996077
1.991973
2.009656
2.011891
2.021658
2.009020
2.006783
2.009695
2.027448
1.986307
1.994453
1.988750
2.007239
2.005587
1.993492
1.986993
1.970141
1.961520
1.988600
1.984899
1.980399
1.973994
2.015838
2.027242
2.039786
2.047057
1.998618
1.985551
1.973668
1.972043
1.989723
1.985451
1.992294
2.010904
1.998987
1.999540
1.996662
2.007660
2.016851
2.016745
2.005936
2.023995
2.014541
2.007639
2.038100
1.993762
2.006607
2.001529
1.973390
1.953435
1.999835
1.994272
2.037326
1.997751
1.997338
1.992278
1.994568
1.984187
1.999748
1.994527
1.956467
1.969076
2.004290
2.007576
1.994003
1.949320
2.007464
1.999275
1.996955
2.011517
1.991650
1.982808
1.980612
1.972617
2.009649
1.998898
1.985192
2.011353
2.001308
1.994441
1.984612
1.972464
2.003495
1.996700
2.006564
1.998193
1.986531
1.984816
1.993407
1.998777
1.997931
2.003338
1.997424
1.993629
2.003692
1.994789
2.007665
2.018347
2.008697
2.005322
2.007408
1.982612
1.989424
1.986730
1.967794
1.969616
1.990477
1.995271
1.993710
1.966020
2.020058
2.032148
2.027450
2.027122
2.007526
2.018361
2.047081
1.997723
2.005564
2.003715
2.004329
1.996221
1.994057
1.980182
1.962974
2.002292
2.005223
1.998359
1.949549
1.992112
1.993132
1.989791
2.000245
2.030371
2.015708
2.019045
2.030175
1.991226
1.998717
1.986342
2.000070
1.981391
1.988006
2.002667
2.010214
2.013441
1.988576
2.001249
2.021939
2.003212
2.001146
2.000205
2.019225
2.026057
1.988918
1.977915
1.972173
1.991025
2.017178
2.014899
1.989796
2.010834
1.984972
1.978810
1.950155
1.957463
2.003012
2.000011
1.995332
1.967981
1.989703
1.973734
1.978342
2.003570
1.999740
2.005414
2.015066
2.014950
2.004854
1.994738
1.987678
1.987308
1.996107
2.004235
2.027697
2.023403
1.980398
1.986147
1.975625
1.982128
1.996422
2.007034
2.000573
2.021321
1.997650
2.000257
2.023413
2.009067
1.996506
2.004588
1.989537
2.006468
1.981667
1.972829
1.956086
1.959106
1.997659
1.995019
1.999419
2.004131
2.008529
2.025523
2.037530
2.022578
2.010504
2.014100
2.061438
2.050083
2.002166
2.006544
1.977705
1.988350
2.012253
2.016897
2.032075
2.037834
2.003749
2.009484
2.015351
2.020703
1.993974
2.002190
2.001263
2.008988
