0.185595
-0.836707
-0.017513
-0.218253
-0.011364
3.062118
-0.045064
-0.250138
-0.024380
3.022049
0.104075
-0.124278
0.004518
2.727618
-0.058270
-0.258037
-0.044455
3.465494
0.132819
-0.092769
-0.000907
2.384902
0.078647
-0.151662
-0.298497
7.222731
0.821252
0.642649
-0.013715
2.455489
0.256307
0.058794
-0.275678
6.811618
0.803523
0.623334
-0.067525
3.426183
0.403618
0.128124
-0.067516
3.491805
0.124440
-0.158498
0.130455
-0.397036
0.115957
-0.096381
-0.019219
2.995958
0.106765
-0.118688
0.163795
-0.978360
0.020522
-0.188630
-0.003543
3.039216
0.205228
-0.029900
-0.080575
4.387025
-0.174690
-0.386001
-0.000062
2.862565
-0.078495
-0.291975
-0.063780
3.322969
0.418067
0.145965
0.004232
2.744645
-0.069689
-0.284385
0.218147
-1.439178
0.104343
-0.133193
0.003688
2.286396
0.279878
0.037226
0.148574
-0.350847
0.096391
-0.087204
-0.020931
3.354196
0.222293
-0.017068
0.143711
-0.269946
0.110942
-0.073820
-0.240572
6.577304
0.529991
0.318042
0.090789
1.004390
0.048488
-0.112634
-0.061279
3.724248
0.180837
-0.062506
0.212829
-1.307483
0.098579
-0.140818
-0.057307
3.650526
0.177614
-0.065969
0.040087
1.419904
0.158173
-0.086604
0.099408
0.946062
0.051993
-0.194989
0.245907
-1.874546
0.039588
-0.201080
-0.255812
6.866768
0.538342
0.322207
0.243108
-1.822413
0.040530
-0.199152
-0.005790
2.694455
0.105822
-0.123919
0.008171
2.257347
0.108849
-0.128778
-0.103929
4.480024
0.102628
-0.184645
0.052093
1.215452
0.139881
-0.106453
-0.103007
4.456914
0.107446
-0.180936
-0.014529
2.552771
0.257777
0.051989
0.185742
-0.840985
-0.017379
-0.217528
0.013829
2.512461
-0.035548
-0.230482
-0.012439
2.827414
0.109735
-0.120252
0.017640
2.489412
-0.063579
-0.259035
-0.009910
2.830348
0.126321
-0.100303
0.013863
2.069444
0.091648
-0.137610
-0.250063
6.266824
0.797648
0.619729
-0.017712
2.621418
0.248231
0.046096
-0.247286
6.231110
0.791349
0.611571
-0.069581
3.469739
0.421735
0.145757
-0.067242
3.534088
0.107339
-0.169518
0.153018
-0.801539
0.063086
-0.146772
-0.000502
2.650985
0.119842
-0.106230
0.147029
-0.732469
0.078067
-0.132196
-0.025817
3.470200
0.202814
-0.033689
-0.080735
4.389739
-0.163089
-0.373444
0.013094
2.606489
-0.078606
-0.288331
-0.068009
3.456229
0.408421
0.132625
0.013519
2.602268
-0.076329
-0.286909
0.217000
-1.363753
0.089522
-0.147213
0.003887
2.274022
0.271364
0.030014
0.144431
-0.317696
0.120714
-0.066159
-0.013392
3.266552
0.202541
-0.035598
0.143397
-0.295708
0.120413
-0.065815
-0.236291
6.601718
0.517732
0.297156
0.094498
0.931812
0.057050
-0.106371
-0.068421
3.756319
0.237561
-0.011895
0.207135
-1.138330
0.087062
-0.152156
-0.064263
3.634721
0.224542
-0.020974
0.086001
0.637312
0.139644
-0.108281
0.110692
0.677685
0.049955
-0.182968
0.259850
-2.164122
0.045115
-0.196220
-0.248566
6.795936
0.517096
0.296186
0.267281
-2.324130
0.034689
-0.205060
-0.028227
3.082247
0.104902
-0.116196
0.017420
2.080045
0.085899
-0.152804
-0.116269
4.589913
0.162148
-0.113902
0.080627
0.747661
0.122775
-0.125534
-0.116795
4.594105
0.163782
-0.110231
-0.029521
2.836022
0.280779
0.073149
0.182214
-0.740656
-0.023067
-0.224460
0.017736
2.458472
-0.038720
-0.238899
-0.022262
2.990187
0.093153
-0.127534
0.009343
2.658218
-0.057484
-0.257830
0.003969
2.556035
0.115870
-0.107365
0.010478
2.156476
0.091347
-0.136264
-0.281166
6.834580
0.826899
0.647916
-0.031713
2.869643
0.287151
0.079297
-0.260457
6.462316
0.812892
0.637307
-0.040888
2.936378
0.373502
0.100413
-0.074049
3.595220
0.129846
-0.146902
0.140666
-0.493610
0.063755
-0.141612
-0.008291
2.754332
0.135644
-0.088750
0.142155
-0.558255
0.072965
-0.133968
0.001146
2.971606
0.197011
-0.041063
-0.073352
4.244667
-0.151560
-0.362989
0.013915
2.531215
-0.071853
-0.280810
-0.051225
3.126373
0.378664
0.100588
0.008617
2.643028
-0.066849
-0.274014
0.199751
-1.059498
0.130174
-0.112054
0.001558
2.334118
0.266024
0.026003
0.141178
-0.309579
0.113237
-0.071801
0.005593
2.888347
0.203739
-0.033000
0.146570
-0.385689
0.103351
-0.079230
-0.219763
6.259628
0.507668
0.285820
0.090583
1.058623
0.055795
-0.110031
-0.068916
3.750582
0.234013
-0.014297
0.198242
-1.017192
0.124244
-0.116342
-0.069972
3.768605
0.239357
-0.009194
0.088996
0.545406
0.129306
-0.120352
0.109950
0.719023
0.037391
-0.193920
0.258989
-2.141935
0.048829
-0.196769
-0.229926
6.398821
0.526904
0.306042
0.261116
-2.183071
0.047041
-0.197882
-0.025187
3.052853
0.095593
-0.122160
0.005159
2.330531
0.080171
-0.158408
-0.112063
4.448380
0.174626
-0.100743
0.073206
0.851430
0.117523
-0.133919
-0.114035
4.477076
0.192979
-0.088826
-0.027489
2.801638
0.265680
0.060080
0.185312
-0.762177
-0.033599
-0.232453
0.002621
2.767551
-0.050105
-0.244579
-0.012202
2.832689
0.059245
-0.156386
-0.000821
2.858079
-0.060692
-0.256146
0.015766
2.347681
0.115500
-0.109582
-0.035226
3.010180
0.095022
-0.132880
-0.272682
6.690935
0.817280
0.639522
-0.023858
2.715458
0.261519
0.058278
-0.281109
6.791298
0.838246
0.662197
-0.065917
3.444239
0.414841
0.136329
-0.054524
3.249238
0.085088
-0.187140
0.160772
-0.955990
0.083054
-0.120980
0.013979
2.409237
0.102682
-0.122792
0.157980
-0.844049
0.091966
-0.112658
-0.003320
3.177612
0.169034
-0.066314
-0.071841
4.178243
-0.127420
-0.340867
-0.010567
3.058122
-0.077161
-0.294885
-0.086154
3.758600
0.479409
0.197768
0.004105
2.737911
-0.065908
-0.277893
0.189861
-0.822675
0.123274
-0.122428
0.004520
2.306578
0.271577
0.029539
0.156661
-0.588209
0.097413
-0.082302
-0.000691
3.124279
0.171293
-0.064598
0.155313
-0.546052
0.098814
-0.080676
-0.215129
6.181660
0.497117
0.275272
0.099814
0.822793
0.051771
-0.106233
-0.071942
3.822661
0.221016
-0.021930
0.188515
-0.772239
0.108783
-0.136496
-0.073819
3.847824
0.220372
-0.022306
0.067567
0.991112
0.125271
-0.127262
0.080874
1.308301
0.045926
-0.189060
0.253918
-2.004559
0.044858
-0.201197
-0.213928
6.148418
0.502861
0.279031
0.251276
-1.958135
0.049979
-0.196934
-0.023751
3.020073
0.076464
-0.145958
-0.004000
2.506482
0.091905
-0.148610
-0.119668
4.656566
0.170112
-0.108512
0.066886
0.996756
0.130032
-0.122838
-0.114342
4.554825
0.164974
-0.113952
-0.026503
2.756364
0.267160
0.063843
0.173685
-0.511474
-0.050414
-0.247751
-0.002021
2.850209
-0.039673
-0.236302
-0.028876
3.150543
0.061623
-0.160039
0.011700
2.578240
-0.038269
-0.236591
0.023653
2.250301
0.103433
-0.125046
-0.040255
3.137883
0.087171
-0.137346
-0.280740
6.787380
0.826235
0.647810
-0.034635
2.925582
0.280369
0.078336
-0.279383
6.775702
0.824354
0.644972
-0.075738
3.607347
0.430772
0.150137
-0.034090
2.923980
0.129508
-0.145761
0.171771
-1.134780
0.080374
-0.125442
0.020006
2.326555
0.109279
-0.119785
0.170800
-1.111568
0.089723
-0.118359
-0.010195
3.299465
0.194395
-0.045576
-0.101100
4.686056
-0.085234
-0.305526
-0.028021
3.349160
-0.037667
-0.254007
-0.074050
3.598405
0.432866
0.151068
-0.008315
2.975890
-0.049821
-0.265937
0.198411
-0.932053
0.079326
-0.160644
-0.004260
2.525222
0.221561
-0.018867
0.132387
-0.148762
0.132626
-0.044191
-0.019306
3.449239
0.216427
-0.027540
0.141260
-0.264998
0.099069
-0.076492
-0.229722
6.497432
0.496581
0.273276
0.100763
0.817735
0.054531
-0.102628
-0.066497
3.707296
0.226199
-0.017575
0.197341
-0.896720
0.074511
-0.164061
-0.068684
3.806044
0.202426
-0.036781
0.060421
1.121203
0.133836
-0.115435
0.089908
1.103530
0.035909
-0.195247
0.255965
-2.043510
0.039587
-0.206713
-0.233884
6.558963
0.510176
0.287097
0.255851
-2.025953
0.034579
-0.211690
-0.026684
3.090106
0.082437
-0.137544
-0.005927
2.577378
0.064351
-0.173099
-0.128525
4.849604
0.196786
-0.082847
0.049940
1.368560
0.103529
-0.144068
-0.127951
4.828701
0.202815
-0.076395
-0.037355
3.046629
0.254004
0.055923
