2.014200
2.013285
2.007997
2.002624
2.006935
2.015822
1.989961
1.981407
1.995615
1.998907
1.991060
2.016221
1.991351
1.991412
1.981705
1.985062
2.009141
2.002200
2.008296
2.007591
1.994870
1.988439
1.967736
1.958647
2.005596
2.003159
1.979473
1.987411
2.009836
2.016455
2.021149
1.988827
2.002391
2.002620
2.023565
2.022475
2.011162
2.022341
2.019763
2.010991
1.999517
1.997803
1.992851
2.006833
2.006568
2.007361
1.996574
1.987893
2.005536
2.002087
1.990043
1.959061
1.996682
1.987181
2.000208
1.978618
1.992292
1.978384
1.988338
2.000075
1.998017
1.994144
1.994143
1.985031
1.988634
1.983648
1.985263
1.975415
1.989802
1.999104
2.004626
1.989620
1.990313
1.984897
1.979308
1.989594
2.002224
2.002039
2.017732
2.024092
2.010044
2.000571
1.990330
2.014674
1.997585
1.983749
1.986848
1.998614
2.000722
1.979932
1.942217
1.951233
1.991383
2.000650
2.040929
2.050511
2.021966
2.026907
2.039956
2.038759
2.003319
1.993065
2.006850
2.018237
2.008593
1.997088
2.001289
1.986070
1.998922
2.018847
2.009961
1.981819
2.003236
1.997052
1.971114
1.987056
2.009531
2.007481
2.000530
2.025940
2.006163
2.017291
2.049441
1.998116
2.024666
2.016490
1.997866
2.008186
2.007759
2.020724
2.017090
2.032665
1.997078
1.985092
1.993473
1.997911
2.004093
2.016422
2.022477
2.017643
2.016617
2.018440
2.028092
1.990711
2.006925
1.989621
1.964343
1.976279
1.996772
2.017852
2.022986
2.000522
2.003261
1.993254
2.000309
1.998115
1.995997
1.998393
1.985038
1.987878
1.989158
1.977587
1.972071
1.992048
2.002721
2.004257
1.993182
1.995992
2.006166
1.999554
1.999562
1.991648
2.000054
2.003645
1.996361
2.018591
2.006658
2.016893
2.047115
2.035176
2.004170
2.008831
2.017181
2.014986
1.993790
2.000264
1.992051
1.960058
2.000478
2.012242
2.047597
2.029716
2.009033
1.998596
1.983862
2.004287
2.010342
2.022024
2.041049
2.057847
1.995578
1.998511
2.021074
2.005129
1.999820
2.002125
1.998809
2.016046
1.986385
1.986959
1.991519
2.006520
2.000662
2.012882
2.013318
2.015063
1.982448
1.989795
1.976014
1.977935
2.009604
2.012886
2.057121
2.049326
2.003618
1.998212
1.991042
1.978708
1.991256
1.987437
1.982569
1.994703
1.996053
1.992847
1.975458
1.984398
2.014804
2.013163
2.018866
2.004196
2.002782
2.014764
2.011539
2.013693
2.007305
2.007310
1.981545
1.983895
1.995801
1.990292
1.995124
1.994037
2.002102
2.012139
2.051186
2.026109
2.003288
2.021521
2.021874
2.012171
2.002896
1.992095
1.997005
2.004939
1.989466
1.983560
1.981172
1.974013
2.011563
1.999216
2.003781
2.019317
1.988849
1.984273
1.979446
1.959671
2.003054
2.011707
2.026109
2.000025
2.001617
1.988826
1.975703
1.996512
2.002634
1.998913
2.000790
1.989305
1.996333
2.010677
1.998050
2.004979
1.992819
1.989701
1.972576
2.005094
1.985032
1.983389
1.936252
1.965462
1.985687
1.983909
1.966288
1.970254
2.011440
2.006655
2.006669
2.016489
1.986686
1.979577
1.996869
2.004457
2.014001
2.023186
2.000426
2.013043
1.995355
1.995834
1.991947
2.019092
1.984125
1.978634
1.955420
1.969074
2.013881
2.009653
2.035163
2.013210
2.017416
2.020479
2.055824
2.034724
2.012201
2.013078
2.036927
2.033469
1.997401
2.001395
2.028292
2.038033
2.010825
2.002862
2.015730
2.026118
1.993764
2.002327
2.009179
2.030316
1.986806
1.991733
2.007970
2.009462
1.987843
1.989983
1.994677
1.989330
1.992818
1.986791
1.985238
2.006016
1.994533
2.011880
2.038552
2.025077
1.997948
2.005115
1.975757
2.001023
1.998981
2.009205
2.044012
2.016480
2.001011
2.006727
2.036720
2.043259
1.981953
1.974072
1.977860
1.982825
1.974970
1.973814
1.954788
1.963592
2.009001
1.999618
1.985392
1.988945
2.004819
2.003317
2.007574
1.992613
1.990774
1.997833
1.998782
1.986484
1.996886
1.983595
1.993693
2.000837
1.996074
2.006587
1.998135
1.996741
1.993272
2.000604
2.009403
2.004813
2.004328
2.001943
2.024356
2.020449
1.994340
1.990405
1.993632
1.975453
1.996841
1.989196
1.996404
1.977277
2.000630
1.998649
1.990475
2.012337
2.010935
2.009800
2.014463
2.000163
1.999400
2.012455
2.034962
2.027921
1.998759
2.007970
2.036325
2.030760
1.997459
1.989817
1.958944
1.970446
2.000018
2.010680
2.027286
2.009374
2.002387
2.004067
2.001690
1.974374
2.014384
2.012671
2.014951
1.998002
1.998802
1.992208
2.006446
1.991885
1.996935
2.010103
1.999228
1.995902
2.001188
2.019935
2.029812
2.023199
1.992759
1.991382
1.969894
1.990892
1.999134
2.002653
1.997453
2.008385
1.990183
1.995551
2.013257
2.032606
1.993038
2.004326
2.019375
2.029232
1.993916
1.994417
1.994507
1.965174
1.993326
1.991017
1.995135
1.972290
1.994555
2.001531
2.008477
1.988096
1.988785
1.994199
1.980968
1.994126
1.980270
1.995558
1.974552
1.980579
2.007815
2.012578
2.011025
2.018889
1.996798
2.002080
1.998885
2.030991
1.997803
2.003429
1.999705
1.997655
1.995540
1.993332
2.004158
1.988353
2.008509
2.007687
1.991919
1.965329
1.992664
1.995698
1.985994
2.007256
1.992402
1.991965
1.985887
1.991221
1.989718
1.998517
1.996639
1.978782
1.997043
2.009757
2.004588
2.004714
1.998138
1.995751
2.000654
2.021501
2.001314
2.007597
2.020133
2.015185
2.007435
2.007209
2.012996
2.029288
1.989533
1.976731
1.979170
1.975494
2.005242
2.012855
2.016688
1.963404
2.004102
2.027877
2.006137
2.001371
2.004444
2.008979
2.032969
2.028312
1.993310
1.999267
2.003788
1.988687
2.006582
2.014507
2.060291
2.018133
2.014083
2.025253
2.023845
1.989923
2.006251
2.011276
2.019608
1.990606
1.983836
1.992527
1.974018
1.969712
2.002027
2.001038
1.987542
2.003119
1.989915
1.987438
2.015541
1.999464
1.996014
1.993039
1.989010
2.003483
1.997523
1.985763
1.966951
1.966968
2.015493
2.013135
2.012663
1.994055
1.997359
1.989863
1.990366
1.950932
1.995108
2.005349
2.027564
2.026178
1.993948
1.995832
1.998847
1.973149
1.995300
1.988895
2.006777
2.011367
1.999063
1.992543
2.013304
2.005619
2.004737
2.002654
1.993933
2.008791
2.012922
2.011973
2.025503
1.988984
1.992287
1.982976
1.981109
2.031732
1.990560
1.998028
1.990146
2.016807
1.995481
1.977447
1.986167
2.006456
1.989867
2.000936
1.989204
1.995522
1.982361
1.984020
1.980058
2.006372
1.997211
1.985684
1.957234
1.992166
2.001903
2.001188
2.017581
2.006346
1.977749
1.985169
1.977167
1.995855
2.006262
2.006760
2.037868
2.021246
1.974639
1.965051
1.955533
1.978685
2.011815
2.029398
2.027029
2.041416
2.000756
2.000156
2.003979
2.007837
1.996176
1.983137
1.977612
1.977601
2.010973
2.003149
2.022996
1.995969
2.003381
2.001086
2.011620
2.004941
1.982691
1.975425
2.002094
2.025330
2.000231
1.998497
1.991595
2.007310
2.007352
2.018543
2.005705
2.029688
1.996827
2.001784
2.026777
2.024375
1.995720
1.991969
1.987310
2.002831
1.998835
2.001511
1.981950
1.993794
1.996477
2.007123
1.992493
2.020128
2.000252
1.998537
1.996134
1.987180
2.018085
2.013901
2.024990
2.005397
2.015401
2.016775
2.031537
2.014909
1.997852
2.016832
2.029359
2.038825
1.990238
1.986122
1.993645
2.014462
1.999636
2.002265
1.989174
1.983424
2.010939
2.003126
1.979820
1.991594
1.987419
1.991566
2.029472
2.003329
2.011952
2.014853
2.022060
1.972609
2.007930
1.992253
2.001461
2.006624
2.002085
2.003584
1.995141
1.981634
2.016875
2.013855
2.023212
1.981294
1.990101
1.995086
2.016074
2.010455
1.991367
2.001343
2.035292
2.034040
1.992928
1.990797
2.007938
2.001277
1.996408
1.985728
1.984676
1.989737
2.009034
1.996320
1.999593
1.998914
1.990961
1.994258
1.988336
2.004144
2.007223
1.992049
1.999118
2.010626
2.004191
2.003765
2.010255
1.988952
2.005310
1.999451
1.992765
1.992338
1.997976
2.009328
2.016930
2.033512
1.990238
1.985995
1.985823
1.984014
2.021455
2.021632
2.025790
2.012104
2.005077
1.986029
2.006402
2.025340
1.991972
1.998010
1.997423
2.009457
2.001922
1.995397
1.986764
1.996307
1.997203
1.997560
2.012393
1.996087
1.999064
2.005284
1.973469
1.988532
2.005382
2.006536
2.011539
1.989129
2.008752
2.011442
2.011489
2.030630
1.980999
1.979500
2.002219
2.015965
1.994764
1.980375
1.957605
1.993809
1.991138
2.001821
2.013606
2.001330
1.989726
1.981215
1.974278
1.992908
1.998307
2.002238
1.988513
1.997069
2.005842
2.009989
2.011739
2.033401
2.000384
2.006014
2.001307
2.016526
1.997764
1.996114
1.963981
1.967851
1.992146
1.988818
1.984662
1.992951
2.000787
1.998954
2.007232
2.011534
1.996024
2.004964
2.002557
1.992829
1.998923
1.982772
1.957187
1.993591
2.019149
2.015176
2.005017
2.016826
2.001160
2.001521
1.998862
2.002809
2.000557
1.987435
1.997855
2.017878
1.992976
1.990490
2.015927
1.970255
1.999147
2.012137
1.993149
2.002784
2.004343
2.012689
2.001196
1.985980
1.987913
1.985090
1.983435
2.000867
2.001899
1.999397
1.985484
1.971816
1.992720
1.987727
1.983931
1.971846
2.001434
1.988467
1.986300
2.001080
1.998697
1.991937
1.987246
1.975483
1.985529
1.984948
1.960467
1.957274
2.005120
2.009629
2.008350
2.004111
1.994988
1.984696
1.966105
1.970568
2.016968
2.024367
2.037542
2.014600
2.001318
1.999364
2.009080
2.010351
2.004616
2.018500
2.012826
1.988508
2.004232
2.005836
2.011345
1.995351
2.002681
1.990971
1.985291
1.992173
2.008855
2.006545
2.006398
2.000003
2.001139
2.000417
1.969840
2.005458
2.002965
1.997916
2.015843
2.012756
1.999082
1.995908
2.015908
2.015070
1.997482
2.016785
2.012027
1.991531
2.000724
1.992101
2.009508
2.008927
1.989949
1.990716
1.979416
2.004766
1.993717
1.995970
1.998396
1.996822
1.994034
1.998328
2.003975
2.014054
2.001411
2.008474
1.996165
1.987511
1.989884
1.983156
1.980790
2.010006
1.994523
2.001913
2.008771
1.996605
2.008890
2.018234
2.037724
2.008979
1.983334
1.997571
2.009740
1.988323
2.015429
2.011004
2.012666
2.015873
1.999413
2.001991
1.999789
1.988216
1.995028
1.998034
2.001419
1.990229
2.009481
2.018339
2.037287
2.043431
2.000132
1.991662
2.024999
2.011126
2.008051
1.998319
1.984355
1.982104
2.002999
2.018138
2.031030
2.022013
2.006927
2.009163
2.026588
1.985286
2.001679
1.995253
1.962602
1.969380
2.003159
2.006126
1.991222
2.003153
1.999387
2.004690
1.991477
2.015656
1.993346
1.987548
1.996699
2.001780
1.998692
1.984911
1.971894
1.971089
1.997187
1.987493
1.991120
2.005971
1.989862
1.987488
1.989572
1.976228
1.997140
1.998555
2.022742
2.030870
1.990460
1.967385
1.943175
1.961028
2.006147
2.001015
1.972140
1.953126
2.004409
2.009524
2.025003
2.005806
1.997694
1.996263
1.993172
1.966320
2.006098
2.010090
2.016249
2.025399
1.998239
2.003878
1.994370
1.992303
2.007182
1.999247
1.995073
2.011552
1.997297
1.999390
1.974578
1.979329
2.003032
1.994375
1.991916
1.978590
1.997746
1.976508
1.953967
1.963651
2.008884
2.012933
2.009571
1.988960
1.986978
1.984728
1.993671
2.000951
2.021904
2.018449
2.035579
2.045690
1.983781
1.993804
1.995078
1.973476
2.010575
2.015597
2.028742
2.044397
2.006195
2.008464
2.022757
1.997944
1.990430
1.995469
1.994262
1.966917
2.002388
2.005761
1.996621
1.997919
1.990031
1.994311
1.987151
2.013419
2.004139
2.006798
2.016618
2.018896
1.992192
1.992752
2.012848
2.010412
2.005275
1.998248
1.949092
1.992185
2.001757
2.001453
1.995197
2.014139
2.024458
2.020666
2.003564
1.993669
1.994152
1.988907
2.020352
1.999024
2.009804
1.990639
2.008223
2.009647
1.987534
1.999942
2.020567
2.004792
1.998957
1.986624
1.989213
2.005436
1.996965
2.001423
2.009568
1.977892
2.003274
1.997587
1.956567
1.973221
2.008664
2.011441
1.984419
2.002499
2.003469
2.000668
1.996348
1.970655
1.994661
2.006088
2.012016
1.995003
2.005558
1.998654
1.990795
1.982681
2.001111
1.999024
1.983630
1.962715
1.997101
1.995722
1.993729
2.010155
1.981257
1.986775
1.976738
1.982868
2.006968
1.996323
2.015003
2.024771
2.009428
2.012878
2.019075
2.015083
2.006001
1.997120
2.038502
2.024785
1.994873
1.997938
1.994712
1.953190
1.996831
1.993450
1.998677
2.004305
1.993151
1.995454
1.997762
2.023481
2.000453
2.005708
2.010711
1.989410
2.007722
2.012807
2.030403
2.032853
1.986382
1.975784
1.989450
2.021854
2.003341
2.009327
2.016381
2.021904
2.016225
2.034296
2.029483
1.997161
1.993512
1.998356
1.989364
1.981890
2.006147
2.015864
2.011571
1.984171
1.993524
1.991236
2.003972
2.009338
1.996097
2.006826
2.005648
2.032215
1.987103
1.987564
2.002912
2.004878
1.992835
1.993879
1.990801
1.948204
1.993401
1.989282
1.981362
1.957298
1.991756
1.992614
1.994912
1.951836
1.986021
1.994653
2.003933
2.024007
1.995766
1.993730
2.017345
2.013626
2.014025
2.006422
2.022651
1.976003
2.002366
2.002692
1.984107
1.992046
2.006384
2.000256
1.984319
2.016789
1.991519
1.992454
1.990921
1.971102
2.009739
2.020779
2.031790
2.002597
1.999263
2.014850
2.039038
1.983602
2.001858
2.001519
1.989905
1.985540
1.999047
1.996825
1.993963
2.002130
2.005749
2.013422
2.004708
1.988293
1.993927
1.989876
1.998906
1.994864
1.994923
1.981535
1.986024
1.988997
2.004127
2.004770
2.008335
1.989099
1.991057
1.985830
1.993086
2.015219
1.992768
1.984080
1.960967
1.984527
1.993987
2.014686
2.021419
2.048899
1.998944
2.010079
2.028236
2.017846
1.994708
1.998786
2.034857
2.034459
2.006762
2.019364
2.041205
2.025658
1.987923
1.993270
1.983594
1.994685
2.005413
2.017367
2.027718
2.042671
2.001841
1.990898
1.980073
1.974819
1.999180
1.998389
1.969136
1.980694
2.002174
1.998781
2.006750
1.989495
2.012446
2.014984
2.011932
1.991448
1.995375
1.994690
1.987312
1.975189
1.989072
1.981480
2.007148
2.014805
1.997722
2.001248
2.003436
2.016190
2.004265
2.017195
2.035255
2.034348
2.014722
2.017927
2.029733
2.038674
2.001313
1.995423
1.986242
2.002390
2.018102
2.016123
2.030653
1.987103
2.005470
2.026085
2.023934
2.012591
2.006382
2.000068
1.994789
1.991896
1.984502
1.990799
1.974647
1.979647
1.990656
1.981361
1.984977
1.984789
1.983040
1.978215
1.946696
1.944888
2.021312
2.021007
1.993598
1.978042
2.008965
2.013416
2.019581
2.023191
2.017041
2.024678
2.019594
2.023105
2.009164
1.996128
1.997622
2.000684
2.004348
2.007725
2.032689
1.999425
1.994081
1.986950
1.962483
2.013785
1.994382
1.986698
2.001607
2.011355
2.000011
2.012158
2.023506
1.990032
1.993645
1.995598
2.014537
1.995677
2.009094
2.009492
1.980737
1.981529
2.007820
2.005460
2.003041
1.980975
1.996290
1.987776
1.952374
1.984039
2.001685
1.999848
2.009912
1.992605
1.995967
2.002995
2.029353
2.018682
2.003940
2.002819
1.988749
1.979447
1.989203
1.988046
1.983585
1.981625
1.997916
2.002860
2.034152
1.996109
1.996209
2.004635
1.990304
2.016527
2.008098
1.998497
2.014275
2.025313
2.011861
1.989831
1.966601
1.988390
2.007885
2.011540
1.986229
2.004203
2.016729
2.017388
2.027853
2.024626
2.007407
2.011194
2.004043
2.007088
1.990712
1.990486
1.999024
1.995802
1.986570
1.996601
2.025553
2.009087
2.003305
1.987151
1.986075
1.994413
1.992822
1.995976
2.009457
2.032213
1.975913
1.991511
1.956538
1.967780
1.980801
1.985121
2.000346
2.042163
1.990479
1.998586
2.008020
2.022860
1.986911
1.977723
1.963918
1.981255
1.998158
1.985386
1.988787
2.012734
1.998393
1.986627
1.981918
2.001309
1.988608
1.987844
1.959628
1.968861
