2.015923
2.017491
2.014933
2.006181
1.992465
1.991791
1.992006
1.982389
2.018448
2.015870
2.006675
2.017844
2.003090
2.011909
2.028601
2.047699
2.000203
2.013182
2.005409
2.028602
1.996722
1.989449
1.975169
1.961561
1.999464
2.013535
2.005841
1.988729
2.005027
2.011343
1.995005
1.982106
1.990488
1.977988
1.975695
2.009191
1.997037
1.987285
1.976119
1.976827
1.996827
1.997890
1.992829
2.002362
2.000181
2.007035
2.038418
2.003680
1.982268
1.992002
1.989475
2.010838
2.010687
2.014660
2.016994
2.009867
1.989700
1.994124
1.996322
1.983490
2.000843
1.996064
1.997531
1.991309
2.003036
1.993526
1.948466
1.957215
1.994448
1.996844
2.029471
2.029656
1.984599
1.980242
1.951041
1.950032
2.013792
2.004163
2.014403
2.036015
2.011161
1.999761
1.980730
2.008660
2.006129
2.000781
1.990184
2.010966
2.004225
2.015940
1.984928
2.010400
2.008181
2.016590
1.997363
2.000412
2.004608
2.003993
1.979057
1.978080
2.004855
1.998727
2.016498
2.022055
2.004535
2.018170
1.997105
1.998036
1.996799
1.995171
1.994581
1.992332
2.003616
2.004382
2.027309
2.010676
1.995713
1.997790
2.007599
2.009381
2.004023
2.014857
2.035019
1.992784
1.988397
1.984813
1.972247
1.974537
1.991632
1.975883
1.971107
2.009003
2.005547
2.008033
2.021411
2.005576
2.002686
2.011417
2.024036
2.004456
2.011672
2.012338
2.024691
1.979039
2.012252
2.008094
1.998245
2.013200
2.003158
2.009258
1.992512
1.999723
2.004081
2.013066
2.018184
2.026805
1.998539
1.995227
1.983770
1.977744
1.991771
1.981470
1.976000
2.005228
2.002991
1.999668
1.977812
1.977859
1.990125
1.993163
2.000308
2.012350
2.001955
1.990622
1.973866
1.996350
2.003309
2.008827
2.036699
2.027954
1.997896
1.999268
2.001138
2.002916
1.990931
1.998817
2.014606
1.998388
1.997996
1.995610
2.007421
1.995762
1.993618
1.988210
1.989615
1.975792
1.997158
1.998951
2.010407
2.018080
2.001762
2.004557
2.017709
2.009493
1.993363
1.990981
1.987208
1.982646
2.013925
2.004516
2.004018
2.004755
2.020249
2.015798
2.022292
2.033173
2.010736
2.009258
2.008000
2.025121
2.013472
2.014321
2.055437
2.053088
1.999064
1.988574
1.957410
1.981414
2.006798
2.021648
2.015303
1.994054
1.986263
1.990180
2.011431
2.016205
2.007806
2.014643
2.019649
2.038129
2.001907
2.010694
2.012444
2.019599
2.006632
2.004485
2.006537
2.013867
1.999161
1.997573
1.983913
1.985455
1.992495
1.991202
2.002582
2.012628
2.002426
2.009218
2.012277
1.973560
2.005937
1.998408
2.012534
2.015077
1.992953
1.995805
2.029281
2.000778
2.001760
2.006590
2.037433
2.026771
2.005293
1.998355
2.023036
2.050936
1.984608
1.982168
1.958444
1.955471
2.000320
1.988817
1.980553
2.011709
2.007151
2.014333
2.025555
2.016125
2.007080
2.004472
1.995971
1.994101
2.000982
1.996376
2.005795
1.978905
1.992860
1.986504
1.993999
1.971362
1.988217
1.987626
1.964759
1.977117
1.996507
2.000165
1.992851
2.001622
1.994923
1.980162
1.968035
1.964150
2.001021
1.989213
1.965022
1.981313
2.004395
2.011731
2.022564
1.999545
1.983295
1.977023
1.958765
1.977026
1.991633
1.987654
2.022411
2.024334
2.006335
2.007192
2.008351
2.036220
2.001913
2.006315
1.995234
2.016826
1.988074
1.983605
1.972475
2.002421
2.014248
2.001391
2.019287
2.027529
1.985628
1.983180
1.988858
2.010785
1.988762
1.971451
2.002067
2.012101
1.992621
1.993430
1.983171
2.004006
2.001512
2.012695
2.036722
2.042598
1.993819
2.009770
2.033930
2.022714
1.992801
1.988918
1.996350
1.993463
2.001486
2.000895
1.996940
2.012349
2.001183
2.008069
1.993599
2.012435
2.005967
2.008007
1.998865
1.987544
1.979568
1.978366
1.965318
1.963906
2.003985
2.017774
2.029689
1.999090
1.986856
1.995206
1.971259
1.993168
1.984162
1.982409
1.998695
1.946334
2.003469
2.010295
1.997601
1.981793
1.999866
2.011402
1.999437
1.987314
2.006500
2.008238
2.005777
2.010116
1.992780
1.996294
1.990212
2.003890
2.006527
1.998658
1.986107
1.995068
1.985434
1.975168
1.992003
2.009254
2.007074
2.001259
1.994891
2.008157
1.992175
1.992360
1.956804
1.972117
2.012613
2.006915
1.991185
1.998654
1.997585
1.995366
2.015056
2.004125
1.999737
2.011577
2.009822
1.998152
1.997534
2.008923
2.022197
2.009104
1.994067
2.001796
1.972446
1.960314
1.996456
1.994538
1.965273
1.994408
1.988560
1.992326
1.960311
1.996569
1.990703
1.985282
1.960418
1.984334
2.000620
2.012402
2.011103
2.010941
2.012281
2.016715
1.999911
1.996685
1.996482
2.002804
2.013182
2.017012
1.992011
1.998915
2.016995
2.027005
1.998627
2.004919
2.011895
1.978876
1.993367
1.995231
1.997632
1.974485
1.986763
1.971226
1.977075
1.959382
2.004437
2.007850
2.000633
1.982615
1.995434
2.013748
2.027524
1.994120
2.001427
2.013288
2.030170
1.995015
2.002266
2.007560
2.008556
2.016279
2.018160
2.012166
1.998565
2.000125
1.996019
1.986124
1.991223
1.990390
1.999894
1.994564
1.999047
1.984526
1.996837
1.997769
1.972741
2.007644
1.992635
1.996377
1.977630
1.999817
1.991338
1.981322
1.995333
1.987464
2.004336
1.996422
1.983305
1.982772
1.988777
1.975672
1.975680
1.963402
2.011608
2.004074
2.030082
2.007950
1.998651
2.001370
2.010910
2.028330
1.989150
1.992689
1.977126
1.996510
1.999044
2.001869
2.000959
1.998371
1.999264
2.018939
2.005080
1.997109
2.007488
2.006804
2.008640
2.014130
2.002879
2.008177
2.035133
2.027409
2.021182
2.027658
2.034549
2.038673
1.993562
2.007168
2.006546
1.988664
2.001623
2.021583
2.010409
2.023973
2.005596
2.014383
2.009165
2.025547
1.983101
1.989395
1.967209
1.961819
1.992038
1.981887
1.956767
1.990421
2.004014
1.995496
2.007151
2.005911
2.000137
2.000119
1.977963
2.011882
1.987662
1.990871
1.954943
1.984063
2.016208
2.017835
2.015048
1.995306
2.005629
2.013951
1.994497
2.013146
2.002697
2.004630
2.001854
1.994015
1.978641
1.976762
1.997801
2.000880
1.999060
1.999964
2.004171
1.987767
1.997078
1.985802
1.994974
1.999274
2.002233
2.006531
2.023450
1.997005
2.003123
2.004545
2.024863
2.004623
2.005385
2.010637
2.015392
2.005216
1.998142
2.010843
2.011765
1.987384
1.998252
1.981471
1.992670
2.003188
1.975535
1.966336
1.960980
1.994060
2.008752
2.011383
2.022513
2.012856
1.986324
1.995640
1.999979
2.016355
1.995043
1.996528
1.995223
1.974851
1.977032
1.981953
1.975594
1.985695
2.000849
2.012362
2.016280
2.017707
2.016832
2.030129
2.042914
2.049734
2.009541
2.007781
1.998858
1.989904
2.004944
2.012177
2.002075
2.028084
1.996320
1.981109
1.969530
1.973063
2.004160
2.002358
2.027448
2.015331
2.013495
2.008573
2.041212
1.992880
2.002002
2.014920
2.014928
2.035504
1.995475
1.994788
2.006931
1.995342
2.003403
2.013714
1.998123
2.023942
2.004909
2.012238
2.025887
2.008527
2.002954
2.005560
1.992771
1.949792
2.015392
2.026451
2.018262
1.997680
1.992130
1.997470
1.994071
2.004155
2.001944
2.002065
1.991478
1.989146
1.985247
1.978019
2.010276
2.001537
2.003759
1.999145
2.010499
2.002618
1.990299
2.006450
1.986150
2.014914
2.001436
2.004211
2.010312
2.017915
1.998879
2.000927
1.979442
1.974050
1.990142
1.981777
1.992342
1.996915
1.990447
1.989984
1.972289
1.971480
2.011480
2.017487
2.017539
1.998893
1.995293
1.999546
2.016704
2.013246
2.001898
2.003632
1.986772
1.978584
1.990978
1.991551
2.017422
2.017664
1.994426
1.980801
1.966086
2.004487
2.011452
2.014369
1.993024
1.972120
2.021326
2.017625
2.022976
2.022371
2.002450
1.995127
1.992883
2.001850
1.999351
1.998000
1.966316
1.992641
1.989063
2.006782
2.013490
2.009666
1.978035
1.979960
1.981263
2.010892
2.017069
2.026868
2.042296
2.004817
2.004915
1.991560
1.981110
1.990021
2.021463
2.012787
2.032257
2.029683
1.989294
1.983722
1.959482
1.963081
1.991953
1.991293
2.001304
2.030428
2.004403
2.000461
2.002291
2.029253
1.994931
2.005248
2.008111
2.024241
1.998852
1.995846
2.013768
2.007356
1.995337
2.005183
2.030284
2.023275
2.017073
2.005957
2.032805
2.010646
2.012881
2.009648
2.039232
2.045505
2.006868
2.010358
2.004890
2.030407
2.014585
2.019146
2.026179
1.999116
1.982491
1.974032
1.962309
1.963293
2.010406
1.998910
1.988048
1.994698
1.988764
1.977125
1.958056
1.969993
1.997927
1.997945
1.982585
1.991855
1.984805
1.980618
1.992501
1.989481
2.009761
2.013079
2.022225
2.030894
1.996564
2.007411
1.985056
1.999423
2.003755
2.000974
2.037251
2.021330
2.007520
2.003418
2.009029
2.017480
1.985258
1.992402
2.011784
2.012372
1.996839
1.987067
1.982117
1.991333
2.005689
2.016119
2.024085
2.004860
1.996888
1.998444
1.968074
1.979752
1.997633
1.983701
1.979294
2.012976
1.997619
1.992920
2.034884
2.023585
1.996880
2.009799
2.021777
1.996056
2.002468
2.010155
2.012279
1.987186
2.002092
2.005606
2.025941
2.017541
2.002271
2.002237
1.988149
1.974039
1.992779
1.995529
1.970735
1.963484
1.986604
1.984932
1.967647
1.973999
2.002244
2.007375
2.016035
2.021805
1.988344
1.980123
1.933408
1.963393
2.004004
2.005103
1.999944
2.003676
2.005447
2.006449
1.990499
1.982450
1.992836
1.988452
1.992124
1.996589
1.999329
1.980423
1.962422
1.982700
2.002373
2.016196
2.000752
2.005075
2.003594
2.009050
2.019749
1.994892
2.006962
2.002531
2.015361
2.023809
1.993691
2.007855
2.035786
2.043814
1.992958
1.988883
1.997692
2.003876
1.988596
1.979414
1.977095
1.995055
1.999820
1.999971
2.015844
2.008689
1.996262
1.993989
1.984638
1.994801
1.990534
1.989773
2.009293
2.013011
1.981840
1.987531
1.991502
1.980458
1.997862
2.000045
1.996970
2.006120
1.992780
1.994066
1.996340
2.016853
2.016016
2.007412
1.984814
1.966846
2.006913
2.011410
2.008722
1.999558
2.001678
2.004890
2.001894
1.989523
1.975038
1.970325
1.958153
1.968886
1.977289
1.994311
2.001396
1.977387
1.998790
1.996515
2.003031
2.002295
1.988517
1.978484
1.950581
1.950135
2.012863
2.014604
2.022524
2.003061
1.979682
1.988251
2.003263
2.013216
1.996928
1.988925
2.022697
2.010355
2.006778
2.024095
2.052511
2.025472
1.998946
2.001704
2.006430
2.012867
1.994223
1.993051
1.983889
2.004125
1.985105
1.978126
1.979019
1.972056
2.004667
2.012820
1.993191
1.999588
2.001305
2.015593
2.008495
1.991229
2.021206
2.008749
2.026666
2.018044
1.987666
2.004818
1.991107
2.024116
1.991473
1.983419
1.965546
1.963653
1.987211
1.986540
1.992236
1.980675
2.002254
1.990856
1.961067
1.968352
1.994666
1.987367
1.989504
1.998506
1.999667
1.995207
2.011326
1.984554
2.017660
2.012960
2.003083
2.016855
1.995537
1.993659
1.985400
1.953780
2.022116
2.024548
2.029473
2.018003
1.995806
1.993901
2.001209
2.027573
1.993669
1.986852
1.978176
1.994636
1.983835
1.982411
1.994194
2.008025
2.004411
1.998285
2.003560
1.988857
2.001130
2.009250
2.001186
2.007078
1.997955
2.003201
2.035173
2.006268
1.978230
1.983786
1.994912
1.992417
2.014537
2.035789
2.057824
2.028134
1.982798
1.988832
1.993780
1.973750
1.988662
1.970660
1.960317
1.955957
2.012126
2.016998
2.043194
2.048905
1.982361
1.979160
1.951253
1.985884
1.999420
2.002042
1.993991
2.013555
1.986240
1.991094
1.982574
2.010145
1.982529
2.001172
2.020696
2.016561
1.995850
2.003046
2.011369
1.989753
2.005257
2.004557
1.986553
1.991330
2.004653
2.011358
2.025102
2.046159
2.025366
2.022333
2.010803
2.001484
1.987461
1.981987
1.925260
1.947635
2.006824
2.010234
1.998975
2.000046
2.006693
2.002290
1.992008
1.997185
2.009304
2.000666
1.967650
1.979709
1.987934
1.994111
1.999993
1.967702
1.992062
1.999504
2.000477
2.001943
2.005746
1.996943
2.012000
1.989474
1.997106
1.985307
1.930971
1.970448
1.985095
1.987714
2.005836
2.018247
2.002603
1.993709
1.993573
1.981756
1.993562
1.987646
1.952349
1.959815
1.991956
1.987657
1.987284
1.992932
1.984001
1.993887
1.983276
2.005112
2.008235
2.008762
2.016206
2.009441
2.004804
2.006767
2.005920
2.006184
1.982544
1.979418
1.967042
1.986550
1.992389
1.988851
1.989866
1.987905
1.995171
1.990688
1.994931
1.968427
2.009158
2.007296
2.000176
1.978147
1.995970
2.000825
2.002573
1.988022
2.012644
2.003637
2.014572
2.010492
2.012445
2.021027
2.016685
2.017083
2.004973
2.009880
2.016642
1.980602
2.005306
2.008077
2.000623
2.015778
1.996145
1.998919
1.988922
1.973354
1.994837
2.002957
2.020459
2.024982
1.996012
1.998469
1.996977
1.978498
2.005819
2.000249
2.015134
2.007843
2.005321
2.002073
2.012758
1.998885
2.001688
2.003557
2.007632
1.948802
1.994913
2.000993
1.980933
2.008765
2.008666
2.015135
1.987881
1.972754
1.988281
2.001119
1.990851
1.992785
2.003251
1.985250
1.973255
1.985545
2.010319
2.002077
2.012979
1.973740
1.994564
2.003420
2.024750
2.026924
2.000428
2.007885
2.010183
2.007491
1.989392
1.990484
1.985877
1.974258
2.002161
2.005923
1.998741
2.027736
1.993798
2.009459
2.028564
1.976920
1.995546
1.986828
2.005052
1.996851
1.996689
1.996856
2.015758
1.993344
2.001319
2.010730
1.992444
2.000232
2.005031
2.006590
2.025386
2.021996
1.991711
1.978538
1.989383
1.984689
2.009008
2.016108
1.985393
2.017858
2.019265
2.019814
2.032564
2.020961
1.994430
1.997570
2.008598
1.988069
2.001952
1.992573
2.023836
2.002788
2.002499
2.012417
2.037452
2.018126
2.010465
2.017889
2.036636
2.032828
2.004063
2.010091
2.047782
2.062960
2.017194
2.019595
2.033153
2.021039
2.015096
2.018732
2.024344
2.016888
2.006682
1.995638
1.983567
1.977358
2.007315
1.999534
1.983500
2.000742
1.993610
1.989763
1.968793
1.959743
2.017760
2.017578
2.015188
2.035995
1.999134
1.998425
2.018338
2.057899
1.987262
1.982122
2.000044
2.016734
2.017141
2.033055
2.043255
2.028382
2.014358
2.021342
2.017060
1.978380
1.994747
1.998899
1.976846
1.995360
1.998268
2.000603
1.985936
2.000728
2.018316
2.009691
2.025877
1.978741
1.996815
2.000748
1.988283
1.994001
1.992653
1.995440
2.008804
2.013040
1.999318
2.004080
1.992324
1.997589
2.006735
2.007453
2.015130
1.992659
1.982146
1.977968
1.950916
1.947679
1.994283
1.991135
1.999362
1.980177
1.990537
1.978518
1.960648
1.974205
1.995069
1.996356
2.004047
1.998973
2.004454
1.997415
1.993935
2.000177
2.005514
2.006839
2.039427
2.012485
2.005936
2.010320
2.009329
1.986743
1.989002
1.982544
1.994839
2.025645
1.997882
2.003661
2.003922
2.003270
1.989643
1.979331
2.004552
2.008262
2.007427
2.007080
1.976448
1.978901
1.992006
1.994305
2.011522
1.989330
1.996307
2.001180
1.993049
1.973589
2.012406
2.012332
2.018949
2.036837
2.000809
1.992690
2.016744
2.008912
1.998392
1.997195
1.993081
1.986249
1.993361
2.007520
2.019550
2.013998
1.993724
1.996504
2.001540
1.990636
1.990634
1.994580
2.019387
2.012766
1.994071
1.998605
1.995883
1.995800
2.005579
1.984195
1.973039
1.988590
1.989166
1.999080
1.960180
1.981661
1.979720
1.977572
1.992032
2.005550
2.009033
2.019177
2.010185
2.009317
2.004976
2.007428
2.007142
1.985804
1.988595
1.996209
2.031215
2.019059
2.002618
2.004620
2.018058
2.036995
1.992263
1.986269
1.988499
1.984139
1.990387
1.993422
1.990951
1.998324
1.999338
1.987895
1.983944
1.980705
1.999002
2.006315
2.010370
2.020769
2.004322
2.012655
1.992333
2.001235
1.997278
2.002993
2.023273
2.020006
1.994967
1.999776
2.004613
2.006185
2.003074
1.996419
2.018527
1.999954
