2.000636
2.019374
1.970851
1.980078
2.025456
2.024909
1.976595
1.977829
2.009394
2.008616
2.006912
1.970537
1.995596
1.987322
2.017250
2.021571
2.001554
1.987772
2.026189
1.985682
2.011669
1.993568
2.001609
2.016572
1.993729
2.011483
1.978212
1.975685
2.021826
2.020207
1.963311
1.988048
2.027352
2.033303
2.067378
1.997001
1.996597
1.990691
2.020258
2.029195
2.000121
1.985282
2.023527
1.989633
2.011669
1.993568
2.001654
2.016572
2.000636
2.019374
1.970851
1.980078
2.025456
2.024909
1.976595
1.977829
2.009394
2.008616
2.006912
1.970537
1.995596
1.987322
2.017250
2.021571
2.001554
1.987772
2.026189
1.985682
2.011669
1.993568
2.001609
2.016572
1.993729
2.011483
1.978212
1.975685
2.021826
2.020207
1.963311
1.988048
2.027352
2.033303
2.067378
1.997001
1.996597
1.990691
2.020258
2.029195
2.000121
1.985282
2.023527
1.989633
2.011669
1.993568
2.001654
2.016572
2.000636
2.019374
1.970851
1.980078
2.025456
2.024909
1.976595
1.977829
2.009394
2.008616
2.006912
1.970537
1.995596
1.987322
2.017250
2.021571
2.001554
1.987772
2.026189
1.985682
2.011669
1.993568
2.001609
2.016572
1.993729
2.011483
1.978212
1.975685
2.021826
2.020207
1.963311
1.988048
2.027352
2.033303
2.067378
1.997001
1.996597
1.990691
2.020258
2.029195
2.000121
1.985282
2.023527
1.989633
2.011669
1.993568
2.001654
2.016572
2.000636
2.019374
1.970851
1.980078
2.025456
2.024909
1.976595
1.977829
2.009394
2.008616
2.006912
1.970537
1.995596
1.987322
2.017250
2.021571
2.001554
1.987772
2.026189
1.985682
2.011669
1.993568
2.001609
2.016572
1.993729
2.011483
1.978212
1.975685
2.021826
2.020207
1.963311
1.988048
2.027352
2.033303
2.067378
1.997001
1.996597
1.990691
2.020258
2.029195
2.000121
1.985282
2.023527
1.989633
2.011669
1.993568
2.001654
2.016572
2.000636
2.019374
1.970851
1.980078
2.025456
2.024909
1.976595
1.977829
2.009394
2.008616
2.006912
1.970537
1.995596
1.987322
2.017250
2.021571
2.001554
1.987772
2.026189
1.985682
2.011669
1.993568
2.001609
2.016572
1.993729
2.011483
1.978212
1.975685
2.021826
2.020207
1.963311
1.988048
2.027352
2.033303
2.067378
1.997001
1.996597
1.990691
2.020258
2.029195
2.000121
1.985282
2.023527
1.989633
2.011669
1.993568
2.001654
2.016572
2.000636
2.019374
1.970851
1.980078
2.025456
2.024909
1.976595
1.977829
2.009394
2.008616
2.006912
1.970537
1.995596
1.987322
2.017250
2.021571
2.001554
1.987772
2.026189
1.985682
2.011669
1.993568
2.001609
2.016572
1.993729
2.011483
1.978212
1.975685
2.021826
2.020207
1.963311
1.988048
2.027352
2.033303
2.067378
1.997001
1.996597
1.990691
2.020258
2.029195
2.000121
1.985282
2.023527
1.989633
2.011669
1.993568
2.001654
2.016572
2.000636
2.019374
1.970851
1.980078
2.025456
2.024909
1.976595
1.977829
2.009394
2.008616
2.006912
1.970537
1.995596
1.987322
2.017250
2.021571
2.001554
1.987772
2.026189
1.985682
2.011669
1.993568
2.001609
2.016572
1.993729
2.011483
1.978212
1.975685
2.021826
2.020207
1.963311
1.988048
2.027352
2.033303
2.067378
1.997001
1.996597
1.990691
2.020258
2.029195
2.000121
1.985282
2.023527
1.989633
2.011669
1.993568
2.001654
2.016572
2.000636
2.019374
1.970851
1.980078
2.025456
2.024909
1.976595
1.977829
2.009394
2.008616
2.006912
1.970537
1.995596
1.987322
2.017250
2.021571
2.001554
1.987772
2.026189
1.985682
2.011669
1.993568
2.001609
2.016572
1.993729
2.011483
1.978212
1.975685
2.021826
2.020207
1.963311
1.988048
2.027352
2.033303
2.067378
1.997001
1.996597
1.990691
2.020258
2.029195
2.000121
1.985282
2.023527
1.989633
2.011669
1.993568
2.001654
2.016572
2.000636
2.019374
1.970851
1.980078
2.025456
2.024909
1.976595
1.977829
2.009394
2.008616
2.006912
1.970537
1.995596
1.987322
2.017250
2.021571
2.001554
1.987772
2.026189
1.985682
2.011669
1.993568
2.001609
2.016572
1.993729
2.011483
1.978212
1.975685
2.021826
2.020207
1.963311
1.988048
2.027352
2.033303
2.067378
1.997001
1.996597
1.990691
2.020258
2.029195
2.000121
1.985282
2.023527
1.989633
2.011669
1.993568
2.001654
2.016572
2.000636
2.019374
1.970851
1.980078
2.025456
2.024909
1.976595
1.977829
2.009394
2.008616
2.006912
1.970537
1.995596
1.987322
2.017250
2.021571
2.001554
1.987772
2.026189
1.985682
2.011669
1.993568
2.001609
2.016572
1.993729
2.011483
1.978212
1.975685
2.021826
2.020207
1.963311
1.988048
2.027352
2.033303
2.067378
1.997001
1.996597
1.990691
2.020258
2.029195
2.000121
1.985282
2.023527
1.989633
2.011669
1.993568
2.001654
2.016572
2.000636
2.019374
1.970851
1.980078
2.025456
2.024909
1.976595
1.977829
2.009394
2.008616
2.006912
1.970537
1.995596
1.987322
2.017250
2.021571
2.001554
1.987772
2.026189
1.985682
2.011669
1.993568
2.001609
2.016572
1.993729
2.011483
1.978212
1.975685
2.021826
2.020207
1.963311
1.988048
2.027352
2.033303
2.067378
1.997001
1.996597
1.990691
2.020258
2.029195
2.000121
1.985282
2.023527
1.989633
2.011669
1.993568
2.001654
2.016572
2.000636
2.019374
1.970851
1.980078
2.025456
2.024909
1.976595
1.977829
2.009394
2.008616
2.006912
1.970537
1.995596
1.987322
2.017250
2.021571
2.001554
1.987772
2.026189
1.985682
2.011669
1.993568
2.001609
2.016572
1.993729
2.011483
1.978212
1.975685
2.021826
2.020207
1.963311
1.988048
2.027352
2.033303
2.067378
1.997001
1.996597
1.990691
2.020258
2.029195
2.000121
1.985282
2.023527
1.989633
2.011669
1.993568
2.001654
2.016572
2.000636
2.019374
1.970851
1.980078
2.025456
2.024909
1.976595
1.977829
2.009394
2.008616
2.006912
1.970537
1.995596
1.987322
2.017250
2.021571
2.001554
1.987772
2.026189
1.985682
2.011669
1.993568
2.001609
2.016572
1.993729
2.011483
1.978212
1.975685
2.021826
2.020207
1.963311
1.988048
2.027352
2.033303
2.067378
1.997001
1.996597
1.990691
2.020258
2.029195
2.000121
1.985282
2.023527
1.989633
2.011669
1.993568
2.001654
2.016572
2.000636
2.019374
1.970851
1.980078
2.025456
2.024909
1.976595
1.977829
2.009394
2.008616
2.006912
1.970537
1.995596
1.987322
2.017250
2.021571
2.001554
1.987772
2.026189
1.985682
2.011669
1.993568
2.001609
2.016572
1.993729
2.011483
1.978212
1.975685
2.021826
2.020207
1.963311
1.988048
2.027352
2.033303
2.067378
1.997001
1.996597
1.990691
2.020258
2.029195
2.000121
1.985282
2.023527
1.989633
2.011669
1.993568
2.001654
2.016572
2.000636
2.019374
1.970851
1.980078
2.025456
2.024909
1.976595
1.977829
2.009394
2.008616
2.006912
1.970537
1.995596
1.987322
2.017250
2.021571
2.001554
1.987772
2.026189
1.985682
2.011669
1.993568
2.001609
2.016572
1.993729
2.011483
1.978212
1.975685
2.021826
2.020207
1.963311
1.988048
2.027352
2.033303
2.067378
1.997001
1.996597
1.990691
2.020258
2.029195
2.000121
1.985282
2.023527
1.989633
2.011669
1.993568
2.001654
2.016572
2.000636
2.019374
1.970851
1.980078
2.025456
2.024909
1.976595
1.977829
2.009394
2.008616
2.006912
1.970537
1.995596
1.987322
2.017250
2.021571
2.001554
1.987772
2.026189
1.985682
2.011669
1.993568
2.001609
2.016572
1.993729
2.011483
1.978212
1.975685
2.021826
2.020207
1.963311
1.988048
2.027352
2.033303
2.067378
1.997001
1.996597
1.990691
2.020258
2.029195
2.000121
1.985282
2.023527
1.989633
2.011669
1.993568
2.001654
2.016572
2.000636
2.019374
1.970851
1.980078
2.025456
2.024909
1.976595
1.977829
2.009394
2.008616
2.006912
1.970537
1.995596
1.987322
2.017250
2.021571
2.001554
1.987772
2.026189
1.985682
2.011669
1.993568
2.001609
2.016572
1.993729
2.011483
1.978212
1.975685
2.021826
2.020207
1.963311
1.988048
2.027352
2.033303
2.067378
1.997001
1.996597
1.990691
2.020258
2.029195
2.000121
1.985282
2.023527
1.989633
2.011669
1.993568
2.001654
2.016572
2.000636
2.019374
1.970851
1.980078
2.025456
2.024909
1.976595
1.977829
2.009394
2.008616
2.006912
1.970537
1.995596
1.987322
2.017250
2.021571
2.001554
1.987772
2.026189
1.985682
2.011669
1.993568
2.001609
2.016572
1.993729
2.011483
1.978212
1.975685
2.021826
2.020207
1.963311
1.988048
2.027352
2.033303
2.067378
1.997001
1.996597
1.990691
2.020258
2.029195
2.000121
1.985282
2.023527
1.989633
2.011669
1.993568
2.001654
2.016572
2.000636
2.019374
1.970851
1.980078
2.025456
2.024909
1.976595
1.977829
2.009394
2.008616
2.006912
1.970537
1.995596
1.987322
2.017250
2.021571
2.001554
1.987772
2.026189
1.985682
2.011669
1.993568
2.001609
2.016572
1.993729
2.011483
1.978212
1.975685
2.021826
2.020207
1.963311
1.988048
2.027352
2.033303
2.067378
1.997001
1.996597
1.990691
2.020258
2.029195
2.000121
1.985282
2.023527
1.989633
2.011669
1.993568
2.001654
2.016572
2.000636
2.019374
1.970851
1.980078
2.025456
2.024909
1.976595
1.977829
2.009394
2.008616
2.006912
1.970537
1.995596
1.987322
2.017250
2.021571
2.001554
1.987772
2.026189
1.985682
2.011669
1.993568
2.001609
2.016572
1.993729
2.011483
1.978212
1.975685
2.021826
2.020207
1.963311
1.988048
2.027352
2.033303
2.067378
1.997001
1.996597
1.990691
2.020258
2.029195
2.000121
1.985282
2.023527
1.989633
2.011669
1.993568
2.001654
2.016572
2.000636
2.019374
1.970851
1.980078
2.025456
2.024909
1.976595
1.977829
2.009394
2.008616
2.006912
1.970537
1.995596
1.987322
2.017250
2.021571
2.001554
1.987772
2.026189
1.985682
2.011669
1.993568
2.001609
2.016572
1.993729
2.011483
1.978212
1.975685
2.021826
2.020207
1.963311
1.988048
2.027352
2.033303
2.067378
1.997001
1.996597
1.990691
2.020258
2.029195
2.000121
1.985282
2.023527
1.989633
2.011669
1.993568
2.001654
2.016572
2.000636
2.019374
1.970851
1.980078
2.025456
2.024909
1.976595
1.977829
2.009394
2.008616
2.006912
1.970537
1.995596
1.987322
2.017250
2.021571
2.001554
1.987772
2.026189
1.985682
2.011669
1.993568
2.001609
2.016572
1.993729
2.011483
1.978212
1.975685
2.021826
2.020207
1.963311
1.988048
2.027352
2.033303
2.067378
1.997001
1.996597
1.990691
2.020258
2.029195
2.000121
1.985282
2.023527
1.989633
2.011669
1.993568
2.001654
2.016572
2.000636
2.019374
1.970851
1.980078
2.025456
2.024909
1.976595
1.977829
2.009394
2.008616
2.006912
1.970537
1.995596
1.987322
2.017250
2.021571
2.001554
1.987772
2.026189
1.985682
2.011669
1.993568
2.001609
2.016572
1.993729
2.011483
1.978212
1.975685
2.021826
2.020207
1.963311
1.988048
2.027352
2.033303
2.067378
1.997001
1.996597
1.990691
2.020258
2.029195
2.000121
1.985282
2.023527
1.989633
2.011669
1.993568
2.001654
2.016572
2.000636
2.019374
1.970851
1.980078
2.025456
2.024909
1.976595
1.977829
2.009394
2.008616
2.006912
1.970537
1.995596
1.987322
2.017250
2.021571
2.001554
1.987772
2.026189
1.985682
2.011669
1.993568
2.001609
2.016572
1.993729
2.011483
1.978212
1.975685
2.021826
2.020207
1.963311
1.988048
2.027352
2.033303
2.067378
1.997001
1.996597
1.990691
2.020258
2.029195
2.000121
1.985282
2.023527
1.989633
2.011669
1.993568
2.001654
2.016572
2.000636
2.019374
1.970851
1.980078
2.025456
2.024909
1.976595
1.977829
2.009394
2.008616
2.006912
1.970537
1.995596
1.987322
2.017250
2.021571
2.001554
1.987772
2.026189
1.985682
2.011669
1.993568
2.001609
2.016572
1.993729
2.011483
1.978212
1.975685
2.021826
2.020207
1.963311
1.988048
2.027352
2.033303
2.067378
1.997001
1.996597
1.990691
2.020258
2.029195
2.000121
1.985282
2.023527
1.989633
2.011669
1.993568
2.001654
2.016572
2.000636
2.019374
1.970851
1.980078
2.025456
2.024909
1.976595
1.977829
2.009394
2.008616
2.006912
1.970537
1.995596
1.987322
2.017250
2.021571
2.001554
1.987772
2.026189
1.985682
2.011669
1.993568
2.001609
2.016572
1.993729
2.011483
1.978212
1.975685
2.021826
2.020207
1.963311
1.988048
2.027352
2.033303
2.067378
1.997001
1.996597
1.990691
2.020258
2.029195
2.000121
1.985282
2.023527
1.989633
2.011669
1.993568
2.001654
2.016572
2.000636
2.019374
1.970851
1.980078
2.025456
2.024909
1.976595
1.977829
2.009394
2.008616
2.006912
1.970537
1.995596
1.987322
2.017250
2.021571
2.001554
1.987772
2.026189
1.985682
2.011669
1.993568
2.001609
2.016572
1.993729
2.011483
1.978212
1.975685
2.021826
2.020207
1.963311
1.988048
2.027352
2.033303
2.067378
1.997001
1.996597
1.990691
2.020258
2.029195
2.000121
1.985282
2.023527
1.989633
2.011669
1.993568
2.001654
2.016572
2.000636
2.019374
1.970851
1.980078
2.025456
2.024909
1.976595
1.977829
2.009394
2.008616
2.006912
1.970537
1.995596
1.987322
2.017250
2.021571
2.001554
1.987772
2.026189
1.985682
2.011669
1.993568
2.001609
2.016572
1.993729
2.011483
1.978212
1.975685
2.021826
2.020207
1.963311
1.988048
2.027352
2.033303
2.067378
1.997001
1.996597
1.990691
2.020258
2.029195
2.000121
1.985282
2.023527
1.989633
2.011669
1.993568
2.001654
2.016572
2.000636
2.019374
1.970851
1.980078
2.025456
2.024909
1.976595
1.977829
2.009394
2.008616
2.006912
1.970537
1.995596
1.987322
2.017250
2.021571
2.001554
1.987772
2.026189
1.985682
2.011669
1.993568
2.001609
2.016572
1.993729
2.011483
1.978212
1.975685
2.021826
2.020207
1.963311
1.988048
2.027352
2.033303
2.067378
1.997001
1.996597
1.990691
2.020258
2.029195
2.000121
1.985282
2.023527
1.989633
2.011669
1.993568
2.001654
2.016572
2.000636
2.019374
1.970851
1.980078
2.025456
2.024909
1.976595
1.977829
2.009394
2.008616
2.006912
1.970537
1.995596
1.987322
2.017250
2.021571
2.001554
1.987772
2.026189
1.985682
2.011669
1.993568
2.001609
2.016572
1.993729
2.011483
1.978212
1.975685
2.021826
2.020207
1.963311
1.988048
2.027352
2.033303
2.067378
1.997001
1.996597
1.990691
2.020258
2.029195
2.000121
1.985282
2.023527
1.989633
2.011669
1.993568
2.001654
2.016572
2.000636
2.019374
1.970851
1.980078
2.025456
2.024909
1.976595
1.977829
2.009394
2.008616
2.006912
1.970537
1.995596
1.987322
2.017250
2.021571
2.001554
1.987772
2.026189
1.985682
2.011669
1.993568
2.001609
2.016572
1.993729
2.011483
1.978212
1.975685
2.021826
2.020207
1.963311
1.988048
2.027352
2.033303
2.067378
1.997001
1.996597
1.990691
2.020258
2.029195
2.000121
1.985282
2.023527
1.989633
2.011669
1.993568
2.001654
2.016572
2.000636
2.019374
1.970851
1.980078
2.025456
2.024909
1.976595
1.977829
2.009394
2.008616
2.006912
1.970537
1.995596
1.987322
2.017250
2.021571
2.001554
1.987772
2.026189
1.985682
2.011669
1.993568
2.001609
2.016572
1.993729
2.011483
1.978212
1.975685
2.021826
2.020207
1.963311
1.988048
2.027352
2.033303
2.067378
1.997001
1.996597
1.990691
2.020258
2.029195
2.000121
1.985282
2.023527
1.989633
2.011669
1.993568
2.001654
2.016572
2.000636
2.019374
1.970851
1.980078
2.025456
2.024909
1.976595
1.977829
2.009394
2.008616
2.006912
1.970537
1.995596
1.987322
2.017250
2.021571
2.001554
1.987772
2.026189
1.985682
2.011669
1.993568
2.001609
2.016572
1.993729
2.011483
1.978212
1.975685
2.021826
2.020207
1.963311
1.988048
2.027352
2.033303
2.067378
1.997001
1.996597
1.990691
2.020258
2.029195
2.000121
1.985282
2.023527
1.989633
2.011669
1.993568
2.001654
2.016572
2.000636
2.019374
1.970851
1.980078
2.025456
2.024909
1.976595
1.977829
2.009394
2.008616
2.006912
1.970537
1.995596
1.987322
2.017250
2.021571
2.001554
1.987772
2.026189
1.985682
2.011669
1.993568
2.001609
2.016572
1.993729
2.011483
1.978212
1.975685
2.021826
2.020207
1.963311
1.988048
2.027352
2.033303
2.067378
1.997001
1.996597
1.990691
2.020258
2.029195
2.000121
1.985282
2.023527
1.989633
2.011669
1.993568
2.001654
2.016572
2.000636
2.019374
1.970851
1.980078
2.025456
2.024909
1.976595
1.977829
2.009394
2.008616
2.006912
1.970537
1.995596
1.987322
2.017250
2.021571
2.001554
1.987772
2.026189
1.985682
2.011669
1.993568
2.001609
2.016572
1.993729
2.011483
1.978212
1.975685
2.021826
2.020207
1.963311
1.988048
2.027352
2.033303
2.067378
1.997001
1.996597
1.990691
2.020258
2.029195
2.000121
1.985282
2.023527
1.989633
2.011669
1.993568
2.001654
2.016572
2.000636
2.019374
1.970851
1.980078
2.025456
2.024909
1.976595
1.977829
2.009394
2.008616
2.006912
1.970537
1.995596
1.987322
2.017250
2.021571
2.001554
1.987772
2.026189
1.985682
2.011669
1.993568
2.001609
2.016572
1.993729
2.011483
1.978212
1.975685
2.021826
2.020207
1.963311
1.988048
2.027352
2.033303
2.067378
1.997001
1.996597
1.990691
2.020258
2.029195
2.000121
1.985282
2.023527
1.989633
2.011669
1.993568
2.001654
2.016572
2.000636
2.019374
1.970851
1.980078
2.025456
2.024909
1.976595
1.977829
2.009394
2.008616
2.006912
1.970537
1.995596
1.987322
2.017250
2.021571
2.001554
1.987772
2.026189
1.985682
2.011669
1.993568
2.001609
2.016572
1.993729
2.011483
1.978212
1.975685
2.021826
2.020207
1.963311
1.988048
2.027352
2.033303
2.067378
1.997001
1.996597
1.990691
2.020258
2.029195
2.000121
1.985282
2.023527
1.989633
2.011669
1.993568
2.001654
2.016572
2.000636
2.019374
1.970851
1.980078
2.025456
2.024909
1.976595
1.977829
2.009394
2.008616
2.006912
1.970537
1.995596
1.987322
2.017250
2.021571
2.001554
1.987772
2.026189
1.985682
2.011669
1.993568
2.001609
2.016572
1.993729
2.011483
1.978212
1.975685
2.021826
2.020207
1.963311
1.988048
2.027352
2.033303
2.067378
1.997001
1.996597
1.990691
2.020258
2.029195
2.000121
1.985282
2.023527
1.989633
2.011669
1.993568
2.001654
2.016572
2.000636
2.019374
1.970851
1.980078
2.025456
2.024909
1.976595
1.977829
2.009394
2.008616
2.006912
1.970537
1.995596
1.987322
2.017250
2.021571
2.001554
1.987772
2.026189
1.985682
2.011669
1.993568
2.001609
2.016572
1.993729
2.011483
1.978212
1.975685
2.021826
2.020207
1.963311
1.988048
2.027352
2.033303
2.067378
1.997001
1.996597
1.990691
2.020258
2.029195
2.000121
1.985282
2.023527
1.989633
2.011669
1.993568
2.001654
2.016572
2.000636
2.019374
1.970851
1.980078
2.025456
2.024909
1.976595
1.977829
2.009394
2.008616
2.006912
1.970537
1.995596
1.987322
2.017250
2.021571
2.001554
1.987772
2.026189
1.985682
2.011669
1.993568
2.001609
2.016572
1.993729
2.011483
1.978212
1.975685
2.021826
2.020207
1.963311
1.988048
2.027352
2.033303
2.067378
1.997001
1.996597
1.990691
2.020258
2.029195
2.000121
1.985282
2.023527
1.989633
2.011669
1.993568
2.001654
2.016572
