1.991116
1.989162
1.999368
1.990481
2.008425
2.016862
1.983223
2.013749
2.001553
1.993944
1.989075
1.974499
1.992759
1.983371
1.960309
1.985498
1.999563
2.001135
2.013015
1.996805
2.000454
1.982453
1.981205
1.994249
2.009690
2.016698
2.028077
2.020895
1.994923
1.998236
1.989010
1.979212
1.987632
1.993289
1.983371
1.996290
1.998493
1.994248
1.996721
2.006199
1.995530
1.988509
2.007728
1.996135
2.006239
1.997840
1.976777
1.997184
1.987952
1.979085
1.962902
1.983584
2.012271
2.015299
2.014989
1.993224
2.003401
2.009003
2.025957
2.012648
2.013247
2.004641
1.983518
1.988369
2.013531
2.028049
2.036761
2.022656
2.003436
2.021629
2.028596
2.033683
2.013781
2.016746
2.028452
2.037753
2.003309
1.994017
1.984810
1.985883
2.006615
2.015604
2.007855
1.999716
1.998970
2.001790
1.990614
1.998599
1.994902
1.984967
1.988258
2.010472
1.984582
1.991276
1.974413
1.979748
2.004169
1.997341
2.007346
1.998913
2.002659
2.002867
2.001100
2.019668
1.997411
1.993677
1.997948
1.988420
1.992807
2.004604
1.984747
1.969526
2.017085
2.023767
2.019460
2.024211
2.002604
2.001034
2.030950
2.036079
1.999102
2.020083
2.027926
2.025219
2.008270
2.014509
2.014585
1.993189
2.006451
1.997167
2.018951
1.989578
2.000501
2.011951
2.023026
1.988254
2.002333
2.010675
2.007446
2.006720
2.005530
2.013058
2.005539
1.987720
1.992723
1.994517
2.017133
1.996902
1.996567
1.995198
2.025797
2.033871
2.002111
1.999678
2.009440
1.990705
1.995235
1.996475
1.992725
1.973225
2.015139
2.014128
2.010057
2.004734
1.994575
2.010812
2.020415
2.015425
2.018500
2.016599
2.022517
2.015948
1.996001
2.004289
1.990141
2.016989
1.994369
2.000331
1.989887
1.984822
1.993806
1.987046
1.974260
1.967536
1.986758
1.994528
1.953095
1.976700
2.003588
2.004666
2.002601
1.969645
2.007836
2.012049
2.004605
2.009559
1.985140
1.990459
1.987291
1.998556
2.000494
2.003826
2.005195
2.009997
2.000452
2.000308
2.014591
2.036203
2.008057
1.996242
1.982768
1.994145
1.975504
1.990499
1.953989
1.963628
1.988977
1.986767
1.996323
1.977058
1.998106
1.996233
1.995611
1.990926
2.003501
2.012109
1.992690
2.004947
1.995324
2.001375
2.009845
2.009608
1.998070
1.986049
1.980863
2.002122
2.003818
2.002073
2.010629
2.000011
2.009074
1.997375
1.984266
2.013247
1.979178
1.996560
2.001604
1.969155
1.987588
1.972484
1.976328
1.997959
2.004219
2.009825
2.004900
1.994971
1.997774
2.012254
1.972902
1.963350
2.002623
1.995062
2.011426
2.019283
1.991165
1.986552
2.000625
2.033594
2.009835
2.025621
2.040129
2.022578
1.994584
1.995156
2.001976
2.011019
1.995019
2.006138
2.010434
2.003915
2.006811
2.018426
2.040859
1.998349
2.008244
2.002509
1.974715
1.979177
1.993374
1.985736
1.961959
1.976500
1.999696
1.988339
1.976887
1.997641
1.997966
2.012841
2.005805
2.021903
2.014487
2.017156
2.028649
1.983277
1.988647
1.992982
1.956036
1.976354
2.008833
2.004754
2.022288
1.992405
1.997910
2.008784
2.003233
2.006055
2.003335
2.009991
2.018208
2.005763
1.988866
1.976149
1.969417
1.989768
1.987609
1.980890
1.985733
1.981942
2.008042
2.013620
2.025778
2.050540
2.012962
2.010391
2.038672
2.030401
2.002152
1.997196
1.982879
2.000395
1.998643
2.001651
2.009939
2.008712
1.989574
1.994662
1.988615
1.988912
2.014375
2.008568
2.019681
2.019217
2.008614
2.014149
1.997239
1.992214
1.999116
1.991575
1.991332
2.003701
1.997606
1.998945
2.017881
2.002721
1.998477
2.011189
2.021640
1.991246
2.001344
2.003429
2.017079
1.997879
2.009230
2.021850
2.035412
2.045678
1.995163
1.991698
1.991875
1.975410
2.010773
2.013108
2.060120
2.046816
2.012122
2.018480
2.014479
2.013201
2.001593
2.009823
1.993344
2.003635
1.997851
2.001414
1.988455
2.002062
1.996573
2.008169
1.989256
1.984188
2.001644
2.012896
2.010794
2.011456
2.005631
2.005599
2.004226
1.989288
2.017591
2.020997
2.039676
2.020051
2.002869
1.985982
1.966911
1.972620
2.005136
2.001587
2.019155
2.010933
2.004208
1.995370
2.001735
2.009867
2.012009
2.020090
2.010070
2.003849
1.992931
2.001952
1.970745
1.968056
2.003039
2.008840
1.975674
1.966579
2.011502
1.989963
2.010517
2.008868
1.999439
1.989236
1.972328
1.999805
1.986582
1.981007
1.968060
1.982708
2.014992
2.016233
2.019751
2.020219
1.996961
2.002215
1.958549
1.969708
2.011033
2.003550
1.994529
1.979797
1.988350
1.988479
1.968695
1.975915
2.012636
2.014557
2.015879
1.997117
2.009249
2.023514
2.019233
2.000461
1.991704
2.005723
1.996402
2.017099
2.008726
2.011345
2.019962
2.010399
1.984580
1.979645
1.957235
1.974229
1.998533
1.994668
1.949837
1.964113
1.999081
2.005711
2.012127
2.013376
2.004057
2.012374
2.035586
2.001972
2.019433
2.013940
1.995213
2.009003
2.012674
2.001943
2.016810
2.030589
2.017126
2.012040
2.013466
2.008620
2.014001
2.015810
2.026688
2.015520
2.010985
2.014712
2.016530
2.027089
1.988720
1.965921
1.961912
1.949235
1.994703
2.013348
2.038612
2.024119
2.003392
2.001841
2.013570
1.992447
2.000055
2.007000
1.994173
1.970539
2.004748
2.008504
2.014207
1.992345
1.991643
1.991961
2.024018
1.995084
1.977634
1.977336
1.957681
1.962517
2.014192
2.021903
2.039541
2.016855
1.996133
1.998005
2.014908
2.031340
1.979637
1.991719
1.982606
1.997592
2.007651
2.002659
2.012665
2.033417
2.001438
2.015786
2.005871
1.992997
1.994185
2.004883
2.029758
2.007669
2.001088
1.996452
1.974737
1.962539
2.002394
2.011113
2.028915
2.045958
2.010245
2.014962
2.028946
2.021944
2.004574
2.003789
1.995922
2.015070
2.014156
2.014268
2.025971
2.027769
2.005628
2.012154
1.989502
2.012373
1.989211
1.977555
1.977277
2.010630
2.015833
2.014654
2.004311
1.967505
1.998801
2.008219
2.025377
2.008018
1.982578
1.978177
1.982805
2.016501
1.994224
1.996480
1.989684
1.964887
2.009987
2.013555
2.015265
2.009194
2.012667
2.002245
1.982183
1.983991
2.000648
2.015582
2.013393
2.015762
2.007869
2.004403
1.972968
2.002407
2.000694
1.990491
2.011876
1.991671
1.985919
1.981845
1.953168
1.957600
1.996933
2.010628
1.995278
2.014214
1.992334
1.995417
1.993792
1.970171
1.996288
1.993921
2.020830
2.008193
1.997659
1.992588
2.029416
2.011623
2.007758
2.016639
2.002962
2.005894
2.001679
2.009818
2.006573
1.992588
2.003502
2.008912
2.010515
2.021525
1.993428
1.987365
1.971635
1.992033
2.019854
2.017344
2.009447
1.978781
2.004034
2.004887
2.028080
2.013459
2.007248
2.006922
1.999843
1.998335
1.992205
1.997009
1.986013
2.005631
1.993675
1.982197
1.993839
2.000847
1.991565
1.987995
1.988223
1.964342
2.004228
2.005727
2.018947
2.003125
1.997051
2.005991
2.020439
1.994845
1.998741
2.003816
2.018145
2.030050
2.007571
1.999844
2.021941
2.033524
1.991727
2.001274
2.005614
2.002059
2.003192
2.012275
2.019415
2.027795
2.019389
2.021900
2.015274
1.989707
2.002900
2.008725
2.033514
2.024924
2.011204
2.012654
2.008229
1.992793
2.009563
2.015043
2.016842
2.027226
2.001685
1.990348
1.973406
1.990215
1.992411
1.989596
1.996252
1.991414
1.983700
1.990831
1.968980
1.964583
1.978773
1.988602
2.012261
2.019662
1.996136
1.998680
1.968997
2.009649
1.995453
1.989642
1.990261
1.973980
1.997018
2.000997
1.998972
2.012883
2.015373
2.014167
2.010244
1.994481
1.992339
1.997960
1.996801
2.001319
2.004548
2.010156
2.003719
1.986701
2.020490
2.015503
2.021437
2.033051
2.005525
1.999102
2.004396
1.995544
1.998136
1.989445
2.008919
2.005239
2.004120
2.004944
2.039393
2.009065
1.985418
1.996891
1.983950
2.016786
1.987303
1.990376
2.012115
2.014441
2.017467
2.038242
2.072836
2.079516
1.996110
1.979468
1.988762
2.010245
1.985828
1.977186
1.966030
1.950569
2.007676
1.996138
2.003147
2.022569
1.992486
1.990609
2.001741
2.011850
1.992000
1.983941
1.964126
1.977512
1.974956
1.982483
1.975215
1.992717
2.001941
2.001508
2.018747
2.020456
2.003584
2.004267
1.998258
2.010256
2.006673
1.997726
2.021157
2.051648
2.012962
2.017424
2.005760
1.995466
1.996051
1.980306
1.974209
1.975486
1.983126
1.980850
1.977883
2.011534
2.001294
2.011865
2.040818
2.031166
2.000812
1.996430
2.003299
1.977780
1.980466
1.983993
1.969957
1.990098
2.006117
2.019455
2.003234
2.022976
1.999547
2.010279
2.025855
2.031185
1.983967
1.986308
1.995716
1.981595
2.001872
1.989810
1.964742
1.981344
1.986065
1.993295
1.985232
1.990454
2.000948
1.998583
1.992557
1.978797
2.020242
2.029983
2.009657
1.975252
1.992014
1.985075
2.008503
2.006446
2.002116
2.007155
1.995126
2.014459
2.001387
1.992487
1.956273
1.984425
1.998871
2.003088
1.983875
1.979688
2.001873
2.008638
2.032138
2.014863
1.973401
1.980742
1.993341
2.010163
1.993092
1.992975
1.982520
2.001957
1.999698
1.992110
1.983635
1.987958
2.000061
2.004711
1.992700
1.980784
2.004999
2.000288
1.997164
2.014072
1.998965
1.982302
1.949675
1.981537
2.001646
2.007909
1.994889
2.012484
1.997389
1.998444
1.964517
1.953856
2.000583
1.993143
1.990836
1.996170
1.999746
1.993182
1.992895
1.999616
2.023762
2.032826
2.031380
2.028278
1.984390
1.982825
1.998041
1.944144
1.992532
1.999606
1.991676
2.041104
2.004822
1.997959
1.995247
1.999990
1.996311
1.986106
2.013975
1.991978
2.002704
2.006647
2.020817
2.009679
2.005164
1.997078
1.983363
1.993828
1.999110
1.998063
1.990514
1.977646
1.994019
2.001757
2.001024
2.014453
1.981824
1.969756
1.954421
1.973844
1.994803
1.972634
1.959153
1.956059
1.999626
1.997290
2.017725
2.005082
2.014392
2.009389
2.003929
2.010606
2.009508
2.012172
2.012600
2.030112
1.987010
1.997513
1.997462
1.999216
2.002051
1.998833
1.984582
1.949443
1.988771
1.993673
1.961365
1.998945
1.990607
1.993680
2.008307
2.016108
1.996342
2.001028
1.987336
1.994355
2.010403
2.004626
2.011021
2.006556
1.974873
1.975090
1.981328
1.971474
1.992809
2.000275
2.016995
2.025926
2.008174
2.018517
1.996656
2.009327
2.003106
2.001326
2.008472
2.009447
2.007529
2.015962
1.993033
1.981301
1.984893
1.979188
1.958668
1.975999
1.995450
2.013719
2.026319
1.994414
1.988402
1.987571
1.987738
1.951852
2.001025
1.985271
1.991751
2.019009
2.005279
2.001342
1.974712
1.979420
1.986948
1.980420
1.977342
1.957398
1.997741
1.992616
1.994100
1.982236
1.998616
2.002652
2.015436
2.019079
2.002338
1.998231
1.988495
1.975382
2.007752
2.010227
1.996424
1.990411
1.995864
2.001658
1.975585
1.980956
1.990321
1.977504
1.978692
1.967318
1.986995
1.988352
1.982897
1.954887
2.005584
2.005057
2.003493
2.001480
1.988550
1.984104
1.983874
1.974546
2.000342
1.994849
1.995161
1.984817
2.000946
2.019653
2.004964
1.993882
2.013512
2.016569
2.017843
2.000661
2.003905
2.004241
2.011593
1.989951
1.997299
1.983825
1.984417
1.999391
2.006410
1.998381
2.005520
2.009799
2.003022
2.023727
2.011466
2.025834
2.012171
2.013964
2.036671
2.024989
1.997498
1.993124
2.014550
2.014004
2.008885
1.998946
1.996510
1.979156
1.995534
1.972255
1.977585
2.001142
2.000753
2.000959
1.979555
2.011779
1.994383
1.995205
1.978175
1.967117
1.993872
1.999074
1.999931
2.011625
2.026272
2.020033
1.998778
2.008305
1.990386
1.990294
1.992120
2.001104
1.979439
1.977499
1.995443
1.998337
2.001257
2.005757
2.010921
2.014539
1.981002
1.995533
2.006489
1.988077
2.009413
1.993561
1.968096
1.975918
1.985706
1.990920
1.978556
1.990105
2.005163
2.011314
2.017276
2.007341
1.991500
1.987329
1.989520
2.011351
1.999869
1.990346
2.021759
2.005887
1.998620
1.999113
1.986570
1.993425
1.996852
2.012155
1.992050
1.993991
1.985670
1.994364
1.996915
2.015397
1.984872
1.982688
1.997026
2.013639
2.002252
2.005848
1.988921
2.006327
1.994837
2.002911
1.999634
1.964580
1.992397
1.989330
1.999979
1.977547
2.009540
2.008653
1.999990
1.989465
1.997262
2.004407
1.992897
1.978168
1.987526
1.985530
1.989422
1.978361
2.002359
2.004055
1.998703
2.017111
1.997285
2.010056
2.003612
1.992299
2.001449
2.014027
2.015445
2.034949
1.994124
1.981720
1.984814
1.971002
1.994476
1.993201
1.986547
1.961229
2.004264
1.999660
1.991997
1.973995
2.000802
2.006606
2.013527
1.997379
2.015237
2.028870
2.019122
1.995328
2.002913
2.021646
2.035305
2.010007
2.004529
1.996547
2.003107
1.986500
2.007466
2.007434
1.984538
1.987449
2.005596
2.003870
2.014024
1.998229
1.990277
2.005693
1.982798
2.014071
1.984301
2.007106
1.986177
2.014602
1.985017
1.995234
1.993297
1.974040
1.989503
1.982656
1.980868
1.973828
1.981752
1.990631
1.955836
1.960332
2.012131
2.018632
2.020661
2.000155
2.002692
2.013297
2.001970
2.032008
1.987982
1.993140
1.987730
2.014601
2.002027
1.998895
1.995313
1.988608
1.994661
2.007674
1.971226
1.990741
2.010588
2.013842
1.992545
1.971844
2.007700
2.004188
1.989913
1.982936
2.024219
2.021386
2.005741
1.997595
2.012604
2.008338
2.009406
2.014622
1.988786
1.985271
1.994086
2.014368
1.978330
1.982046
1.982228
2.011324
2.000960
1.996282
2.018313
2.030895
1.991587
1.997697
1.998883
1.976756
2.011559
2.009058
2.036486
2.008667
2.006452
1.999676
2.007260
1.992600
1.992384
1.991423
2.000050
2.030705
2.000018
2.009534
2.029366
1.996016
2.004971
1.998349
1.996728
1.979224
1.993435
2.001389
2.007698
2.032569
1.985089
1.994548
1.980461
1.986655
2.016007
2.006635
2.034195
2.013001
1.996743
1.991154
1.998642
2.005758
2.004445
2.005689
2.003034
2.002009
1.998597
2.007629
1.978939
2.000984
2.007367
2.008997
2.044188
2.012462
2.011436
2.001790
1.989218
1.997408
2.001834
2.005124
2.008293
2.014284
1.998888
2.003479
2.006646
1.990455
2.009738
2.001533
1.988277
1.991376
2.009085
2.013366
2.001607
2.037122
1.997430
2.008569
1.985505
1.999912
2.002526
2.007078
2.017818
2.037024
1.995260
2.001636
1.992000
1.978555
1.994582
2.003203
2.011073
2.005966
1.995272
1.993141
1.980152
1.980625
2.006466
2.014751
2.020594
2.006288
1.990711
1.987107
1.981225
1.997906
1.994755
1.997146
1.995429
1.949522
2.009573
2.009119
2.008337
1.998338
2.006563
2.010982
2.031975
2.033508
2.001966
2.009266
2.012613
1.987636
1.998361
1.992718
2.002612
2.034848
2.014711
2.005064
2.016640
1.978439
2.002129
2.005847
2.002707
1.972957
1.995822
1.997544
1.948819
1.984834
2.003470
2.009892
2.022937
2.025707
1.997911
1.998301
2.031818
2.019134
1.999708
2.017041
2.037666
1.983188
1.994702
1.991273
1.970091
1.985824
2.003527
2.014172
2.042697
2.029824
1.999201
1.980638
1.961936
1.980064
1.999964
2.000727
1.994736
2.011622
1.996077
1.982221
1.991234
1.988041
1.993925
1.991600
1.990886
1.971783
1.989401
1.987442
1.991220
1.995335
1.992861
1.988027
1.998395
2.008717
1.991127
1.981983
1.982489
1.975675
1.998347
2.007898
2.033635
2.022834
1.995124
2.000447
1.992510
2.018917
2.003993
2.002547
1.966720
1.976454
1.981108
1.987550
1.989352
1.980216
1.997535
1.986236
1.951138
1.984433
2.004349
1.995353
1.978921
1.968720
1.992864
1.992942
1.987085
1.989132
1.990761
1.998042
1.977883
1.992196
1.999587
2.002642
2.001288
1.987687
1.991345
2.004994
2.003015
2.003777
1.988262
1.980313
2.002226
2.008680
2.007273
2.004192
2.011879
2.030017
2.011136
2.025509
2.051565
2.065022
2.012313
2.015271
2.022515
2.000844
1.994406
1.989371
1.987325
1.985294
