1.994365
1.999077
1.982527
1.998705
2.000069
2.015525
2.019065
2.020488
2.038012
2.024775
2.019943
2.040288
1.995285
1.995350
2.005763
2.018054
2.002462
1.990978
2.002060
2.001961
2.001623
1.995860
1.993825
1.981187
2.022183
2.020795
2.021308
2.019609
2.020452
2.010585
2.000112
2.004148
2.009902
2.030751
2.028123
1.993839
1.993544
1.996181
1.973606
1.984147
1.983215
1.997786
2.015459
2.018182
2.034770
2.017357
2.015466
2.038030
1.992868
1.992650
2.001730
2.009400
1.995354
1.983005
2.002076
2.001413
2.002138
2.001676
1.998945
1.985928
2.022344
2.020898
2.020421
2.017695
2.020744
2.009866
1.999517
2.003657
2.010867
2.028568
2.026005
1.995495
2.005254
2.018023
2.027402
2.018343
2.016612
1.998805
2.001893
2.011583
2.028490
2.008827
1.992668
1.995684
1.993825
1.987052
1.984034
2.009901
2.000297
2.018805
1.995527
1.997461
1.989881
1.979954
1.989209
2.015591
1.995124
1.996533
1.968267
1.985039
1.973427
1.975858
2.007067
2.006852
1.996186
1.998286
2.003726
2.008033
2.000250
2.011245
2.010181
2.004545
2.007174
1.983802
2.002212
2.013044
2.031509
2.026025
2.013364
2.010821
1.994359
1.989988
1.990746
2.018770
2.003619
2.014634
1.997609
2.002753
2.003053
1.989434
1.995291
2.017215
1.994396
1.993339
1.964158
1.985419
1.975129
1.982363
2.007939
2.007606
1.998146
2.000658
2.004040
2.009585
2.001115
2.010254
2.018431
2.006908
2.014703
2.011162
2.010429
1.997370
1.988982
2.015744
1.999904
1.984907
1.998187
1.999463
1.982752
1.982321
1.980896
1.976478
2.008883
2.006293
1.992126
2.007510
1.999964
1.999528
1.997801
1.997174
1.991278
1.987036
1.971701
2.001110
2.001085
2.001052
1.988115
2.011763
2.004914
1.997092
1.999558
2.011661
2.016377
2.006497
2.005852
2.001626
2.010105
1.998001
1.991243
2.008075
1.996214
1.978245
2.002181
2.005520
1.988958
1.992200
1.986191
1.978852
2.007727
2.004244
1.984270
1.999457
1.991797
1.992644
1.998586
1.998148
1.998744
1.992772
1.974507
2.002457
2.001177
2.001293
1.989396
2.013987
2.005080
1.996346
2.008065
1.992125
1.981000
1.999120
1.988297
1.976992
2.006062
1.987832
1.960322
1.992703
1.999725
1.994587
1.998018
2.009520
2.017275
1.990874
2.000747
2.019561
2.012243
2.017014
1.991060
2.015283
2.023185
2.059764
1.989698
1.978534
1.984679
1.995203
1.990818
2.003599
2.000260
2.015941
2.014859
1.982950
1.994377
2.000319
2.012469
2.000602
2.001401
2.007288
1.997597
1.983078
2.005411
1.987678
1.965417
1.992307
1.999878
1.991683
1.997371
2.008536
2.013955
1.995753
2.002709
2.023089
2.010298
2.014085
1.981399
1.996168
2.007685
2.048984
1.990373
1.979082
1.984384
1.993070
1.990361
2.002653
2.000295
2.016458
2.019180
1.991645
2.000918
2.004830
2.003276
2.000980
2.002119
2.027218
2.020394
2.009737
2.005912
2.013873
2.003778
1.988432
1.986232
1.985483
1.988169
1.997554
1.980686
1.983717
1.996139
1.997486
2.008511
2.018327
2.027538
2.034876
2.032512
2.006093
1.989488
1.986847
1.967405
2.000304
2.002957
1.996208
2.001903
1.992967
1.969526
2.015533
2.018027
2.020931
1.999605
1.998800
1.993044
2.030600
2.021517
2.013323
2.001334
2.007596
1.993449
1.992555
1.990869
1.989514
1.986523
1.995342
1.979415
1.972366
1.988118
1.988298
2.009679
2.019172
2.025470
2.034496
2.028364
2.002833
1.990396
1.988000
1.970355
2.004032
2.005100
1.997552
2.004261
1.997777
1.978968
2.027487
2.028398
2.025983
2.005955
2.003563
1.999015
1.998671
1.999698
2.008853
2.003444
2.004554
1.993669
2.016443
1.998288
2.014848
1.994815
2.003314
2.017244
1.996166
1.997855
2.015938
2.015307
2.011896
2.031800
1.999679
1.991935
1.978576
2.006994
2.001821
1.982375
1.988244
1.996002
2.004261
1.996192
2.000205
2.021719
2.036873
2.024572
1.992894
2.007215
2.004676
1.995418
1.999147
1.994817
2.000095
2.002494
2.001825
1.988889
2.015718
1.999480
2.009557
1.994492
2.002123
2.014413
1.993773
1.998279
2.016431
2.016611
2.012642
2.028576
1.999232
1.990344
1.984115
2.008444
2.003719
1.988274
1.990452
1.997732
2.000480
1.996076
2.000246
2.022006
2.037373
2.024778
1.996107
1.998360
2.005589
1.967445
1.974167
1.977030
1.961681
2.016166
2.024490
2.056015
1.975176
1.988259
1.995278
1.993757
1.993814
1.987363
1.968687
1.970419
1.972772
1.985290
1.995553
2.002151
2.022936
2.015611
1.993447
2.015263
2.011503
2.027999
2.039328
2.031692
2.001535
2.002397
1.999504
1.986347
2.009516
1.996556
1.999883
2.002029
2.012908
1.973368
1.989618
1.988647
1.972371
2.009822
2.012967
2.046890
1.974117
1.986861
2.007511
1.994668
1.997768
1.995342
1.988174
1.980883
1.985929
1.983040
1.992413
1.996097
2.018748
2.012504
1.995604
2.015204
2.010762
2.026193
2.039525
2.029933
1.995569
2.001984
1.998453
1.986468
2.009542
1.995922
2.000064
1.988826
1.991197
2.003593
1.986210
1.979915
1.973644
1.991376
1.992269
1.975867
1.968640
1.973660
1.983328
1.997324
2.004690
1.976219
1.983474
1.987206
1.983496
1.999038
1.995704
2.009363
2.015295
2.007367
1.999263
1.983946
1.974222
1.958014
1.984841
1.987962
1.983310
2.000064
2.004731
2.000209
2.019973
2.005620
2.005346
1.983992
1.987963
1.988135
1.973168
1.973581
1.971068
1.992983
1.995538
1.979185
1.969837
1.971480
1.974951
1.998150
2.005310
1.975201
1.988212
1.989822
1.980418
1.998626
1.995678
2.009159
2.016463
2.010521
1.998424
1.983425
1.973730
1.957255
1.983950
1.988150
1.984350
2.000064
2.004465
2.000209
2.020096
2.006586
2.007645
1.999489
2.004518
2.042339
2.044994
2.040312
2.020244
2.005225
2.017810
2.034265
2.032050
2.015282
2.022210
2.003709
2.020497
2.031011
2.003260
2.000999
2.000982
2.002762
1.997844
2.009794
1.990184
2.000407
1.998135
2.002207
2.016694
2.010073
2.004986
2.010388
1.979321
1.994831
1.991504
1.960647
1.969617
1.978071
1.992646
1.998844
2.002445
2.035897
2.045703
2.032118
2.018875
2.001340
2.010290
2.021722
2.033863
2.012092
2.019581
2.005081
2.022494
2.033554
2.001863
2.000206
1.995486
2.003598
1.999104
2.020474
2.000247
2.007336
2.002332
2.003079
2.018488
2.006992
1.994828
2.004077
1.982504
1.995079
1.992236
1.962448
1.971051
1.978333
1.992793
1.997210
2.003128
2.001198
1.969790
1.979470
1.982254
2.007668
2.012709
1.995566
2.004497
2.015150
2.015167
2.014601
2.037659
2.040232
2.037520
2.019251
2.007330
2.005904
2.008020
2.008908
2.029095
2.031052
2.024147
2.014226
2.026830
2.021056
2.025210
2.009531
1.993584
2.000439
2.010681
2.007507
1.999688
2.005472
1.996865
1.998274
2.002434
2.019488
1.994856
1.991690
1.986295
2.010422
2.019764
2.005417
2.009778
2.016319
2.018470
2.011873
2.032700
2.034995
2.035927
2.022309
2.013410
2.005772
2.007338
2.006599
2.030437
2.033649
2.023615
2.014342
2.027345
2.023125
2.029505
2.011513
1.995087
1.999977
2.009671
2.005064
1.998350
2.004605
1.996594
2.013677
2.030287
2.057786
2.062041
2.047457
2.053749
2.001238
2.019380
2.013372
2.018490
1.994990
1.983985
1.999376
2.006638
2.013332
2.025589
2.014113
2.013801
1.988871
1.986438
1.985450
1.983764
1.988266
1.964839
2.016996
2.018726
1.996315
1.994755
1.997079
2.002741
1.998333
2.006483
1.986302
2.000680
2.001603
1.988704
2.012181
2.025124
2.051452
2.044746
2.038501
2.053190
2.004373
2.024772
2.022591
2.028104
2.002461
1.991931
1.994979
1.999924
2.002752
2.016826
2.011471
2.015529
1.988783
1.987652
1.988373
1.983418
1.989814
1.972848
2.016350
2.018025
1.995453
1.994583
1.996560
1.997462
1.997309
2.004344
1.984203
2.000815
2.001057
1.989731
2.006877
1.998566
1.985409
2.003164
1.996916
1.989636
1.996398
2.003859
2.010369
2.000467
1.988042
1.969542
1.994509
2.002161
2.014176
1.973019
1.984966
1.982601
1.985030
1.985554
1.965484
1.975499
1.977329
1.992750
1.991285
2.000444
2.003813
2.011029
2.011382
2.011297
2.011484
2.011558
2.048898
2.040261
2.039512
2.031946
2.003804
1.996976
1.997344
2.005539
2.003366
2.004414
1.996766
2.003877
2.021607
2.009875
1.998389
1.986724
1.996993
2.005162
2.018716
1.975085
1.986359
1.984098
1.986152
1.987853
1.968207
1.975164
1.978568
1.993841
1.991285
2.000444
2.003871
2.009989
2.011387
2.011505
2.011252
2.012184
2.048297
2.045977
2.045592
2.035974
1.995325
2.002029
2.021825
1.997413
1.997301
2.009191
1.994502
2.002928
2.006278
1.999954
2.007651
2.022299
1.996189
2.004337
2.016668
2.021885
2.021606
2.001331
2.001015
2.008515
2.001610
1.989237
1.990853
1.999950
1.982333
1.985973
1.967554
1.997655
2.000545
2.009985
2.003834
2.011439
2.033887
2.021099
2.016930
2.004181
1.990957
1.998516
1.997674
1.971008
1.977012
2.010852
1.991814
2.000628
2.006565
1.998003
2.008789
2.026107
1.997619
2.006551
2.017458
2.014545
2.017792
1.994661
2.001318
2.010042
2.001255
1.992864
1.992368
2.001810
1.982413
1.986619
1.971043
2.000402
2.000702
2.003171
2.005502
2.013368
2.035491
2.024673
2.018835
2.005407
1.998756
2.001872
1.995881
1.998497
1.981097
1.981100
2.005689
2.016517
2.028037
2.032841
2.022698
2.043309
1.997534
1.984431
1.958674
1.952098
1.968995
1.970886
2.001863
2.025133
2.042167
2.049463
2.023895
1.999617
2.002953
1.996105
2.019194
2.019126
2.025562
2.038746
1.987206
1.991188
1.988216
1.995863
1.997430
2.007962
2.000751
2.004140
1.993144
1.988313
1.974335
1.980273
2.003280
2.015486
2.030341
2.023155
2.015501
2.032827
1.995576
1.986012
1.967080
1.959273
1.975079
1.968335
2.002423
2.025280
2.045451
2.045350
2.022551
2.000953
1.999689
1.991666
2.011627
2.014833
2.024033
2.040923
1.986444
1.990652
1.989933
1.994924
1.995488
2.003302
2.023008
2.023806
2.007606
1.996400
2.007358
2.011086
2.002549
2.005237
2.014237
2.030164
2.015010
2.021878
2.003933
1.999113
1.989704
1.981372
1.982713
2.012647
2.003709
2.010131
2.018313
1.998101
2.005275
2.013078
2.000844
2.014294
2.008026
2.005718
1.999153
2.011454
2.005463
1.994633
2.001376
1.988563
1.992593
1.996412
2.019688
2.018263
2.006586
2.003229
2.006934
2.010820
2.006562
2.009662
2.014068
2.023586
2.012811
2.019597
2.002543
1.997166
1.983639
1.971494
1.974905
2.004880
2.003789
2.009200
2.015284
1.999599
2.006226
2.011657
2.001073
2.014878
2.005830
2.005211
1.999557
2.011080
2.004432
1.992673
1.998155
1.982370
1.987183
1.992078
1.995268
1.999359
1.981994
1.995917
1.996689
2.016208
2.018515
2.016962
2.006305
2.010054
2.012355
1.997726
1.992603
2.000560
2.004448
2.006757
2.007541
1.992263
2.013924
2.018167
2.025374
1.996511
1.998725
1.978480
2.003770
2.008044
2.029598
2.011533
1.999081
1.982927
1.979812
1.994449
1.979678
1.975598
1.994137
1.991736
1.994447
1.996463
1.973071
1.980701
1.980209
1.999179
2.017105
2.012728
2.004116
2.007184
2.010713
1.994283
1.993654
2.002685
2.004284
2.000561
2.004215
1.994641
2.014572
2.020906
2.025652
1.996366
2.001849
1.985190
2.002596
2.004732
2.024779
2.009911
1.997740
1.982810
1.979807
1.994759
1.980502
1.977779
1.996052
1.990052
2.005064
2.017852
2.027057
2.018186
2.015703
1.997879
2.001231
2.012316
2.031106
1.985250
1.978004
1.985002
1.998111
2.007606
1.989367
1.996386
1.995937
2.001945
2.000350
2.017288
2.034146
2.056771
2.025447
1.990040
1.991129
1.989800
1.985011
1.983897
1.981781
1.975627
2.009483
2.013905
2.006567
2.001481
2.003404
1.985706
2.000060
2.011074
2.009436
2.004419
2.006197
1.982918
1.998053
2.010890
2.031845
1.983042
1.974930
1.981038
1.996159
2.004534
1.982376
1.987268
1.988625
1.993341
1.992474
2.007778
2.017812
2.040021
2.013194
1.983267
1.990787
1.988555
1.983916
1.983367
1.980498
1.975566
2.010456
2.015202
2.006612
1.998304
1.996071
1.978799
2.000886
2.010303
2.017726
2.005806
2.013111
2.010122
2.005695
1.998247
2.013805
2.023482
2.007634
2.001218
1.996867
1.994770
1.957350
1.968629
1.985745
2.006294
1.995283
2.001192
2.008270
2.033740
2.023496
1.999161
2.005902
2.008709
2.005969
2.007447
2.017396
2.033058
2.014466
2.008164
2.012068
1.991651
1.987439
1.981163
1.999330
2.011710
2.015671
2.005664
2.004889
2.000490
2.002032
1.994835
2.014232
2.020180
2.006587
1.995011
1.996072
1.992324
1.952904
1.968999
1.985022
2.012067
1.993706
1.999207
2.003663
2.030281
2.022453
2.004676
2.009663
2.013498
2.014262
2.020870
2.027012
2.039445
2.013737
2.007813
2.010737
1.992161
1.988284
1.983041
2.007638
1.992017
1.977175
1.994075
1.984717
1.973139
2.012139
2.007274
1.991561
1.995120
1.991336
2.002061
1.999354
2.011466
1.987003
1.983206
1.987886
1.974891
2.002688
2.013177
2.023355
2.011626
2.016625
1.993327
2.010648
2.015751
2.017935
1.991224
2.003116
2.000663
2.000122
1.994783
1.991783
1.976451
1.977579
1.954972
2.012058
2.000613
1.998806
2.004868
1.995312
1.981912
2.015963
2.011737
2.006669
2.009990
1.997963
1.994956
2.000298
2.012975
1.980203
1.982832
1.984957
1.972785
2.003448
2.013429
2.022860
2.010261
2.012568
1.990452
2.009712
2.014510
2.015533
1.990339
2.001500
2.002989
2.000122
1.993705
1.992173
1.978652
1.979679
1.953948
2.002390
1.999735
2.000821
2.027071
2.020437
2.009885
2.010137
2.011103
2.014577
2.028679
2.021282
2.029351
2.014883
2.001746
1.980268
1.960534
1.967281
1.985891
2.012309
2.000609
2.021940
2.006436
2.006018
2.014992
2.009056
2.002159
1.993631
1.982209
1.983308
1.987914
2.008757
2.003183
1.985360
2.006003
2.010823
2.010802
1.998524
1.997298
1.991227
2.029588
2.020957
2.013032
2.008314
2.008247
2.015519
2.022953
2.029879
2.046372
2.012805
2.000044
1.977230
1.957093
1.964152
1.975922
2.013820
2.002708
2.024334
2.006916
2.006638
2.017848
2.007452
2.000460
1.992104
1.980410
1.981257
1.987961
2.009222
2.004086
1.986860
2.007360
2.012085
2.011269
2.006590
2.004131
2.003351
1.998818
2.001132
2.010207
2.000173
2.001296
1.993534
1.971625
1.988983
2.003157
2.000722
2.006936
2.039535
2.047640
2.037917
2.033831
2.003496
2.003748
2.007651
1.973983
1.972507
1.972902
1.984260
1.992101
1.989725
1.988885
1.998465
2.005574
2.008927
1.994865
1.981814
1.958621
1.964037
1.977540
2.008168
2.005637
2.000040
1.998924
1.996178
2.001736
1.998363
1.998752
1.990558
1.968687
1.983505
2.000873
2.001619
2.008380
2.040177
2.042832
2.032515
2.030903
2.005459
2.007192
2.012707
1.973519
1.974668
1.979209
1.984066
1.991759
1.989878
1.990889
2.001158
2.007317
2.008697
1.995372
1.982086
1.964566
1.965463
1.979024
1.998638
2.005680
1.967845
1.975633
1.978434
1.963348
2.001835
2.002705
1.966162
1.976481
1.986963
2.011075
2.012809
2.009353
2.012389
2.013860
2.011546
2.014091
1.997694
1.995691
2.000737
2.007985
1.991355
1.999864
1.990770
2.000378
1.991788
1.997916
1.995278
1.991970
2.000577
2.007814
2.034795
1.983776
1.986769
2.000613
2.002307
2.013000
1.973768
1.991084
1.990064
1.974038
2.004257
2.007682
1.979632
1.989686
1.997369
2.023718
2.012062
2.008611
2.013555
2.012721
2.008643
2.013645
1.996221
1.994439
1.993511
2.001504
1.983407
1.994622
1.991350
2.001414
1.990678
1.993015
1.993223
1.990879
2.001421
2.008329
2.034564
1.981737
1.984910
1.999956
1.988862
1.991495
2.004965
1.987099
1.980432
1.975418
2.009866
2.018244
2.013909
2.035990
2.031269
2.021455
2.001983
2.014151
2.000905
1.975770
1.986532
1.984901
1.999260
2.005555
2.001641
2.003668
1.995062
1.984327
2.001637
2.006715
2.014508
2.007832
2.020591
2.020065
1.996548
1.998866
2.002061
2.004239
2.009373
2.011484
1.984028
1.988261
1.989506
1.973891
1.974288
1.972805
2.008294
2.014085
2.003861
2.026148
2.026685
2.021224
2.005111
2.016693
2.005925
1.991466
1.996259
1.987524
1.999819
2.007214
1.998538
2.007645
1.996514
1.983315
2.002654
2.007467
2.013264
2.006733
2.019779
2.018544
1.998678
2.001040
2.005914
2.004052
2.009817
2.013307
2.000734
2.006390
2.043166
2.046181
2.041856
2.018604
1.997729
2.003959
1.998034
2.008426
2.009708
1.979975
2.008175
2.006643
2.018906
2.030120
2.019812
2.011506
2.001189
2.006569
2.000475
2.008062
2.026296
2.018771
2.002487
1.993812
2.002681
2.007011
2.007657
2.025887
2.002670
2.000149
2.007807
2.021986
2.018994
1.995705
1.999007
2.003346
2.037205
2.046241
2.032932
2.022865
1.997543
2.001244
1.984049
1.991556
2.002518
1.975585
2.005423
2.002604
2.013507
2.034150
2.024211
2.014892
2.001543
2.008038
2.003563
2.012855
2.028933
2.019459
2.003045
1.994158
2.006009
2.013668
2.012481
2.028291
2.003030
2.000364
2.008418
2.022413
2.020963
1.998250
1.998999
2.004391
2.001276
1.975949
1.983829
1.983914
2.003818
2.010100
2.032362
2.012272
2.004235
2.022000
2.001102
1.993382
1.962237
1.999354
2.004116
2.032015
2.033735
2.031018
2.040302
2.029638
2.009230
1.977902
2.009016
2.014331
2.030055
2.005645
2.002061
1.991590
1.995958
1.994252
2.018391
1.999348
2.001293
1.995170
2.000763
2.004290
2.018397
1.998376
1.994427
1.987758
2.004530
2.011676
2.035896
2.018376
2.010919
2.018953
2.003583
1.998546
1.969391
2.007266
2.004406
2.020398
2.031663
2.026444
2.028171
2.021376
2.005676
1.980476
2.008574
2.014379
2.027566
2.004734
2.003127
1.990348
1.996762
1.994811
2.017904
2.001347
2.000951
1.998101
2.011981
2.027347
2.053812
2.058342
2.044397
2.050932
1.997950
1.995582
2.020364
1.987302
1.996366
1.997918
2.007604
2.008519
1.970695
2.006558
2.014796
2.015526
2.009666
2.007521
2.012717
2.020383
2.003850
2.003690
2.005386
2.003182
2.013776
1.972462
1.966982
1.983570
2.011085
2.029843
2.007672
1.971783
1.975819
1.988915
2.010486
2.022183
2.047478
2.041047
2.036000
2.050477
1.994913
1.991956
2.012357
1.980057
1.995158
2.000885
2.009542
2.007835
1.973784
2.009014
2.018338
2.017888
2.007618
2.005537
2.010542
2.014092
2.000370
1.993105
2.005831
2.003631
2.014740
1.973252
1.966720
1.982168
2.011085
2.029781
2.007953
1.971183
1.975442
1.989544
2.006737
1.999754
1.987688
2.001068
1.995557
1.991021
2.007380
1.995972
1.975689
1.991242
2.001865
2.018948
2.003888
2.002971
2.009558
1.975782
1.982620
2.000049
1.991377
1.988613
1.987920
1.980369
1.982595
1.999445
2.007759
2.002979
1.983593
1.981292
1.993193
1.999076
2.010534
2.007371
1.976492
1.994776
1.991115
2.011291
2.003138
1.996535
1.999364
2.005174
2.003317
2.005512
2.006512
1.995760
1.975518
1.989182
2.000285
2.024883
2.010129
2.008865
2.021510
1.995022
1.996456
2.007414
1.990899
1.988779
1.990642
1.977758
1.979826
1.998567
2.006752
2.002417
1.982857
1.982708
1.991700
1.999519
2.011459
2.007797
1.975126
1.992995
1.990910
2.010927
1.994940
2.002237
2.021889
1.997500
1.997305
2.009663
2.015957
2.018070
2.037307
2.041089
2.030297
2.018223
1.978762
1.977665
1.955377
1.953482
1.958503
1.980040
2.005177
2.014918
2.020904
2.019215
2.012028
1.992677
1.998867
1.997378
1.971135
1.975463
1.982640
1.998689
2.001135
2.005180
1.977626
1.999027
1.995200
1.995354
1.990325
1.998236
1.999018
1.972311
1.976473
2.008203
2.013658
2.014035
2.029366
2.040332
2.031139
2.023382
1.978157
1.976516
1.955776
1.956332
1.957438
1.977632
2.007621
2.017265
2.023816
2.025145
2.017775
1.999151
2.000201
1.999048
1.975059
1.981155
1.986230
2.002077
2.002292
2.006689
1.976638
1.999247
1.996646
1.998462
1.998648
1.999062
1.984596
1.991457
1.979086
1.979372
1.992112
1.993838
2.019582
2.012126
2.003121
1.994411
2.010464
2.016252
2.022353
1.988566
1.989772
1.986237
1.998769
2.019709
2.022179
2.008947
2.015251
2.034428
1.996269
2.000973
2.013760
2.030036
2.021323
2.032683
2.010880
2.003568
2.014146
2.001081
1.996909
1.997912
2.000850
2.001978
1.987252
1.982937
1.974558
1.980935
1.991269
1.993427
2.023871
2.020505
2.005202
1.999063
2.010964
2.014819
2.026726
2.008811
2.002916
1.988932
1.996476
2.017671
2.026660
2.012848
2.020301
2.037143
1.996166
2.000813
2.013320
2.027504
2.018218
2.031606
2.009411
2.002611
2.008983
2.004327
1.999337
1.999309
2.022820
2.023883
2.006682
1.997326
2.008112
2.011192
2.004817
2.007822
1.996336
1.983880
1.978886
1.975577
2.000128
1.999491
2.006819
2.004627
2.001240
2.006955
2.001334
1.999376
1.992626
1.996907
1.997183
2.010905
2.006591
2.022984
2.009789
2.001930
2.009560
2.031419
2.004004
1.996510
2.005913
2.003386
1.999551
2.006732
2.019500
2.018432
2.006327
2.004155
2.007750
2.010729
2.002726
2.006705
1.992791
1.985537
1.979552
1.978817
2.001035
1.999172
2.001326
1.998283
1.994175
1.999975
2.000386
1.999215
1.996424
1.998433
1.996991
2.009893
2.005065
2.020578
2.006525
1.998894
2.008950
2.032265
2.003735
1.996325
2.003962
1.998082
1.994236
2.005894
1.995460
1.999108
1.980963
1.996153
1.997403
2.016100
2.014820
2.028765
2.026076
2.028852
2.016144
2.007885
2.003396
2.005075
2.003973
2.012386
2.004987
2.034577
1.997558
1.997229
1.981384
1.991852
1.980239
1.992191
2.003367
2.016397
2.010443
2.022610
2.033139
1.988828
1.994898
1.991084
1.967644
1.971557
1.984897
1.978296
1.994639
1.996212
1.972040
1.980937
1.980922
1.999071
2.011284
2.025553
2.025833
2.027707
2.021702
2.019143
2.002986
2.005077
2.003803
2.018286
2.011593
2.041027
1.996974
1.996230
1.978078
1.991943
1.980886
1.991166
2.002503
2.015351
2.004727
2.023168
2.032906
1.993316
1.993647
1.989489
1.966908
1.968686
1.983230
1.976746
2.005034
2.018913
2.028770
2.021259
2.018723
1.996693
2.019709
2.020991
2.042574
2.026952
2.020881
2.042590
2.002507
2.009112
2.003926
1.995904
1.984467
1.979350
2.006827
2.004603
1.980623
1.987002
1.991141
1.964203
2.004311
2.020109
2.040476
2.034989
2.019009
2.018743
2.009890
2.009229
1.984561
2.004467
1.995998
1.987280
2.000030
2.012135
2.011725
2.007580
2.008954
1.982137
2.016103
2.018685
2.039331
2.019488
2.016404
2.040308
2.001941
2.009484
2.006802
1.999852
1.997980
2.003334
2.010125
2.008994
1.989286
1.993597
1.998472
1.970437
2.002674
2.019025
2.037844
2.036355
2.019597
2.020069
2.009476
2.008218
1.982473
2.005374
1.997320
1.986463
2.000948
2.010396
2.017618
2.005512
2.012695
2.010567
2.003643
2.012701
2.029888
2.013344
1.996076
1.998021
1.986039
1.997336
1.984390
1.994825
1.990379
1.975839
2.010030
1.997716
2.015563
2.012407
2.008198
2.005010
1.998964
2.008489
2.011099
2.026258
2.021082
2.037211
2.011188
2.005829
2.021279
2.018334
2.014430
2.011969
1.999391
2.011841
2.015563
2.005369
2.004370
2.000935
2.003961
2.014162
2.032906
2.030542
2.016655
2.012910
1.986603
1.997151
1.985504
1.997805
1.991438
1.976602
2.008698
1.995475
2.011013
2.008068
2.004804
2.005618
2.000181
2.011191
2.018958
2.027089
2.019729
2.036311
2.011376
2.006987
2.023531
2.018069
2.015043
2.011178
2.008211
1.992972
1.978585
1.996452
1.986972
1.975500
2.008369
1.995582
1.983961
2.010498
1.995836
1.979833
1.987414
1.984290
1.972569
2.007922
2.006591
1.995799
2.006526
2.001693
1.978576
1.952743
1.968114
1.980328
2.000215
2.000126
1.984792
2.004973
2.015268
2.008716
2.006638
2.009794
2.013686
2.007559
1.990486
2.001972
2.012412
2.001139
1.998986
2.004620
1.996192
1.981586
2.008045
1.996214
1.986222
2.002830
1.992207
1.973118
1.986695
1.985194
1.972068
2.004287
2.001420
1.994933
2.007176
2.001887
1.978419
1.951359
1.967351
1.978639
2.000130
1.999874
1.984838
2.007828
2.015831
2.007781
2.006663
2.009562
2.013693
2.008443
1.992616
2.001555
2.002525
2.000562
2.002574
2.027934
2.021098
2.010911
2.005935
1.987553
1.961515
1.993547
2.000828
1.993688
2.004070
2.005852
2.014935
2.011713
2.007612
2.000520
2.016102
2.019747
2.013841
2.006690
2.020606
2.015405
1.998170
2.013054
2.017150
2.016739
2.025547
2.028076
2.000975
2.005210
2.023303
2.026475
2.004621
1.995595
1.998853
1.998382
1.992872
2.029012
2.020078
2.012792
2.005284
1.987399
1.966609
1.993152
2.000982
1.990784
2.003983
2.006237
2.016677
2.013691
2.011632
2.011710
2.014675
2.017473
2.012117
2.003594
2.016617
2.013262
1.998750
2.013144
2.015695
2.018314
2.027328
2.028795
2.000529
2.004752
2.021921
2.026925
2.005021
1.994221
2.004372
2.001159
1.996956
1.996825
1.998498
2.008091
2.004988
2.012531
2.003285
1.986915
1.985335
1.984684
2.001171
2.004242
2.016131
1.980589
1.984278
1.952103
2.004013
2.014583
2.038914
2.036214
2.024777
2.012629
1.993027
1.985244
1.961680
1.972141
1.976189
1.983026
1.982671
1.984285
1.961676
1.998940
2.010214
2.011955
2.006063
2.002645
1.993358
1.997650
1.994322
1.999729
2.000409
2.006255
1.992956
1.991038
1.989972
1.988716
2.001622
2.005910
2.015664
1.987194
1.990596
1.958316
2.003045
2.013279
2.032864
2.043504
2.031415
2.013840
1.992115
1.984779
1.963346
1.972926
1.977419
1.980786
1.982671
1.984153
1.961297
1.997902
2.009488
2.014294
1.998533
2.005945
1.968018
1.975258
1.978092
1.962805
2.004413
2.004955
1.992874
2.015560
1.997172
2.015658
2.009241
2.006066
2.006903
1.985907
2.004015
1.974843
2.000981
1.989852
1.983590
1.984106
1.988102
2.005557
2.010996
2.018862
2.018546
2.022074
2.029557
2.008439
1.984172
2.002323
1.979486
1.997296
2.004607
2.005376
2.002202
2.013264
1.973941
1.990709
1.989706
1.973495
2.003462
2.002469
1.988093
2.014714
1.998364
2.010367
2.011815
2.010336
2.007799
1.988788
2.003064
1.969692
2.003124
1.993432
1.987571
1.979357
1.983949
1.999098
2.011210
2.017005
2.017935
2.019937
2.028140
2.010886
1.983772
2.001881
1.979977
1.997606
2.005826
2.005349
1.988719
1.991276
2.004424
1.987195
1.980429
1.975685
2.015531
2.024484
2.056304
1.974779
1.988192
1.994101
1.991960
1.978953
1.977500
1.981407
1.982896
1.967424
2.008542
2.017129
2.032486
2.019619
2.004852
2.001589
2.003630
1.998139
1.989609
1.999916
2.000391
2.002583
2.002815
2.012378
2.021068
2.025848
2.026346
2.024952
1.983885
1.988042
1.988767
1.973676
1.973794
1.971227
2.009187
2.012961
2.047178
1.973721
1.986794
2.006334
1.991807
1.979101
1.977626
1.986621
1.986322
1.967290
2.009236
2.018497
2.033384
2.018024
2.004480
1.999776
2.003203
1.997419
1.989686
2.002964
2.002638
2.005261
2.004085
2.012638
2.019472
2.020956
2.026075
2.033891
1.998952
2.003573
2.040554
2.041437
2.038202
2.019518
1.991090
1.992054
1.975052
1.965584
1.971012
1.982535
2.018077
2.011610
1.995123
2.009539
1.997197
2.008140
1.994420
1.992034
1.955187
1.973466
1.973095
1.957221
1.996979
1.993311
1.985834
1.989233
1.996686
2.017917
1.996903
2.014645
2.024526
2.024690
2.011863
2.013847
1.998524
2.002037
2.036012
2.044225
2.031216
2.019266
1.992697
1.995323
1.978370
1.967002
1.969645
1.975045
2.015775
2.005412
1.983074
2.002749
1.996437
2.007585
1.994501
1.993300
1.954093
1.972191
1.973483
1.958485
1.997859
1.993574
1.988635
1.991601
2.000338
2.018198
1.996941
2.014820
2.024708
2.023763
2.010257
2.012545
1.996249
2.001951
1.999848
1.970111
1.979613
1.982315
2.006091
2.018817
2.034514
2.031473
2.015405
2.023071
2.008304
2.010557
1.982877
1.980525
1.981267
1.970419
2.000944
2.015327
2.024097
2.007088
2.002044
2.001851
2.011037
2.007713
2.011303
1.990555
1.986763
1.974882
2.003108
2.014676
2.047023
2.033207
2.024616
2.008687
1.997313
2.001257
2.018138
1.995177
1.991832
1.986356
2.002207
2.011296
2.021972
2.033418
2.012088
2.018877
2.005850
2.006827
1.974408
1.971697
1.974745
1.970977
2.003263
2.017697
2.027313
2.004866
2.001093
2.003262
2.011315
2.007441
2.013291
1.992828
1.988756
1.977670
2.001440
2.013625
2.044292
2.032122
2.024417
2.006357
