2.010117
2.016968
2.020784
2.035283
2.028545
2.048756
2.008454
2.017871
2.016265
2.027582
2.021120
2.006430
2.006110
2.012279
2.005778
1.991761
1.987088
1.980136
2.013893
2.006692
2.000208
2.043252
2.029402
1.998059
2.001982
1.998903
2.013024
2.026056
2.017928
2.015431
2.020424
2.021406
2.013464
2.024482
2.019394
2.012617
2.005828
2.010483
2.007368
2.018153
2.015422
2.044217
2.004038
2.013275
2.018219
2.039455
2.032107
2.023726
2.006454
2.013893
2.008714
1.994816
1.995817
1.991292
2.014720
2.008572
2.012341
2.049801
2.031354
1.996430
2.001133
1.997415
2.011678
2.022870
2.013732
2.015135
2.020409
2.021927
2.017734
2.029656
2.023321
2.014448
2.005905
2.007537
1.989514
2.010502
1.998060
1.987923
2.010884
2.011274
2.028698
2.010965
2.009214
2.043624
1.985637
1.990257
1.969366
1.994469
1.986123
1.967608
2.007155
1.992431
1.979527
1.958010
1.964817
1.986902
2.005056
2.005456
2.033553
2.006193
2.012740
2.024597
2.000042
2.008391
2.013181
1.980757
1.982589
1.993866
2.001730
2.002819
1.994280
2.008419
1.995943
1.997472
2.007672
2.010500
2.023643
2.001812
2.002938
2.038821
1.986261
1.990092
1.969388
1.997680
1.987614
1.969092
2.007243
1.994337
1.982527
1.963524
1.968201
1.988850
2.005657
2.005609
2.028504
2.006202
2.011173
2.021549
1.999899
2.008505
2.013594
1.983017
1.983109
1.991592
1.993319
2.003176
2.021451
1.986773
1.983711
2.004237
1.999964
2.001291
2.010850
1.983703
1.974758
1.998246
1.988308
1.985586
1.970851
2.012312
2.006113
1.994272
2.000100
2.002213
2.014226
1.984069
1.988437
2.011215
2.011136
2.008150
2.024300
2.021173
2.018508
2.001324
2.004233
2.009637
1.988620
1.971575
1.973703
1.995042
1.989614
2.000922
2.013573
1.988516
1.982347
2.001380
2.001567
2.004030
2.017679
2.003582
1.996239
2.012295
1.987888
1.986940
1.970809
2.008977
2.000650
1.992828
2.000659
2.001793
2.015477
1.984292
1.986476
2.009080
2.011033
2.007894
2.022477
2.020721
2.019325
2.009947
2.004301
2.009320
1.988960
1.971707
1.973740
1.997838
1.990341
1.989524
1.987462
1.991625
1.978682
1.986694
2.016488
2.001092
2.009511
2.025229
2.003249
1.985954
1.996975
1.997421
2.002305
1.998884
2.002155
2.000495
2.000726
2.005297
1.997644
2.014029
2.009928
2.009704
2.001270
2.006052
2.018235
1.995405
1.981086
1.987483
1.998601
1.999442
1.999050
2.004105
2.001695
2.018837
1.991960
1.990825
1.991695
1.987591
1.974579
1.989188
2.016190
2.001136
2.008358
2.017479
2.001600
1.981137
1.998837
2.001278
2.010864
2.009367
2.008760
2.007412
1.999623
2.004794
1.996793
2.012749
2.010332
2.010521
2.000938
2.005430
2.014983
1.993702
1.982027
1.991813
1.998360
1.999704
2.000327
2.004737
2.001136
2.022375
2.017788
2.016076
2.023504
1.993780
2.005010
2.029283
2.013048
1.999434
1.972250
1.970601
1.978609
1.985021
2.001633
2.007807
2.033502
1.997975
1.999152
1.963494
1.988897
2.002814
2.019312
1.974585
1.986705
2.000412
1.997216
2.016632
2.005752
1.976815
1.985187
2.007934
1.992786
2.003933
1.984847
1.999928
2.002875
1.989227
2.014134
2.009851
2.014345
1.987809
1.999639
2.021454
2.011275
1.997168
1.969585
1.969148
1.978160
1.980444
2.001723
2.009187
2.031937
2.002922
2.002474
1.967795
1.988682
2.002600
2.019358
1.971595
1.981681
1.994139
1.996683
2.017999
2.012824
1.978274
1.988136
2.015212
1.993541
2.005527
1.984072
1.999289
2.001254
1.990138
1.997144
2.007525
2.001009
2.007293
2.002643
2.023779
2.013958
2.023936
2.031377
2.025326
2.009768
2.012204
2.006583
2.003439
2.005955
1.969247
1.981453
1.966745
2.015812
2.016494
2.010740
2.011031
2.005911
1.995607
1.994882
1.986520
2.022742
2.020630
2.010502
1.985035
2.003546
2.006305
2.003535
1.989138
1.993429
2.024040
1.997062
2.005615
2.000154
2.001462
1.998964
2.011067
2.009993
2.018700
2.022758
2.024540
2.012128
2.015001
2.008666
2.007138
2.006434
1.970613
1.979390
1.961698
2.018705
2.018752
2.010834
2.011777
2.004778
2.000248
1.994665
1.985815
2.023234
2.022256
2.011263
1.984865
2.003270
2.006004
2.003328
1.988163
1.992216
2.024768
2.000197
2.016264
2.020921
2.022940
2.025117
2.012896
2.000417
2.002035
1.999056
2.029481
2.023491
2.043069
1.986724
1.975917
1.967931
1.982123
1.982328
1.966165
2.001509
1.986159
1.973415
1.997765
2.001803
2.040116
2.006817
1.996166
1.969810
1.986847
1.979332
1.993904
1.999231
2.013633
2.003946
2.017007
2.011814
2.009869
1.992629
2.004247
2.003907
2.015091
2.016865
2.003197
1.999436
1.999817
1.995169
2.024347
2.017349
2.033489
1.986821
1.974940
1.966568
1.986127
1.984650
1.966540
2.001765
1.986105
1.973168
1.997953
2.000103
2.038015
2.007444
1.995176
1.971606
1.988438
1.980155
1.993336
1.998550
2.012587
2.000633
2.015803
2.008704
2.007748
2.005086
2.012613
2.019735
1.996454
2.008909
2.027039
2.015401
2.017727
2.030713
1.975265
1.988130
2.005951
2.015478
2.008050
1.986797
2.000999
1.994716
2.001455
1.994900
2.012092
2.010928
2.002918
1.994410
2.000885
1.993179
1.988039
1.970398
1.963345
1.982525
2.014329
1.993731
2.001745
2.015513
2.039638
2.036539
2.023295
2.001527
2.012354
2.004518
1.988108
1.996233
2.011461
2.011077
2.012729
2.026020
1.985161
1.997228
2.022654
2.014035
2.003836
1.979434
1.998970
1.996788
2.000123
1.993404
2.010726
2.004912
2.002548
1.992300
1.995161
1.992189
1.988064
1.971065
1.962385
1.980783
2.014400
1.993851
2.002056
2.017016
2.043863
2.041866
2.027322
1.999301
2.004598
2.012161
2.023041
2.011745
2.002917
2.006098
2.002544
1.985411
1.974413
1.988307
2.000109
1.997231
1.995889
1.956520
1.958676
1.966928
1.962228
1.994981
1.993155
1.993395
1.977732
1.982435
1.997234
1.994156
1.994332
2.001865
2.013545
2.004557
1.984084
2.009223
2.013049
2.027734
2.019783
2.028707
2.035024
2.003153
2.009687
2.020904
2.024716
2.016024
2.009701
2.007914
2.006591
1.991589
1.984536
1.991674
1.995220
1.994532
1.991005
1.948083
1.951650
1.963070
1.966088
1.995816
1.995372
1.993816
1.975473
1.981803
1.993117
1.993662
1.995357
2.002190
2.008321
1.999090
1.977096
2.009100
2.012892
2.028354
2.019460
2.027130
2.036164
2.008362
2.015269
2.027644
2.035163
2.030737
2.028483
2.004267
2.011563
2.012846
2.000488
1.997326
2.002368
1.996538
1.993282
1.995479
1.972277
1.975733
1.997495
2.016422
2.026153
2.014739
2.012163
2.004821
1.995012
2.009618
2.021602
2.034691
2.021774
2.019221
2.042751
2.007568
2.004709
1.995083
1.991589
1.988209
1.991042
2.008499
2.016864
2.026462
2.042750
2.031089
2.030306
2.000495
2.006476
2.005287
2.006749
1.998130
2.004120
1.997813
1.996231
2.000255
1.979027
1.980195
1.996343
2.017141
2.026634
2.017850
2.012167
2.005765
1.995359
2.008878
2.019083
2.031797
2.020038
2.018107
2.041238
2.005789
2.003330
1.991389
1.989077
1.986786
1.993170
2.005586
1.997660
2.001426
1.997790
1.999442
1.989594
1.998517
1.998680
1.971423
1.989841
1.997895
1.993600
1.995716
2.002174
2.012526
1.971358
1.973252
1.978530
2.002355
2.012254
2.035536
2.030680
2.015214
2.009522
2.009156
2.020352
2.042042
2.053961
2.032202
2.003616
2.011994
2.017184
2.020379
1.983284
1.993433
2.002001
2.007572
1.998774
1.991842
1.996175
1.993415
1.978945
2.000804
2.005136
1.980933
1.994016
1.998661
1.996650
1.997376
2.003713
2.016139
1.982557
1.981344
1.981694
2.000241
2.009915
2.027787
2.021632
2.008803
2.007948
2.008621
2.020222
2.040923
2.051337
2.029991
2.004004
2.012004
2.016548
2.020284
1.982413
1.993331
2.003005
1.995502
2.000172
1.974964
1.996246
1.999323
1.975351
2.004465
2.015665
2.006243
2.007238
1.988801
1.965942
2.011224
2.001990
1.971421
2.003717
2.005943
2.013771
1.994432
1.977835
1.993491
1.995149
1.979328
1.980060
2.001254
1.994118
1.990426
1.995760
2.001876
1.999459
2.019294
2.023906
2.038108
2.032065
2.030357
2.023072
1.996575
2.003323
1.973015
1.999362
1.997193
1.972724
2.006359
2.018728
2.015067
2.018450
1.993839
1.973700
2.011945
2.004120
1.977201
2.008352
2.011015
2.018849
1.995549
1.978843
1.994122
1.994327
1.981723
1.984512
2.000257
1.992494
1.987069
1.991234
1.999089
1.999276
2.018782
2.022757
2.038149
2.033184
2.031705
2.023609
1.993465
2.001030
1.995963
1.977932
1.994419
2.005033
1.998527
2.003915
2.007615
1.991790
1.985859
1.975194
1.982481
1.986094
1.993888
1.995765
1.989843
1.990366
1.990636
1.994142
2.003572
2.033620
2.025705
2.002991
2.018008
2.014344
1.991838
2.007362
2.016938
1.983282
1.979640
1.986037
1.957882
1.947015
1.962432
1.982425
1.990712
1.999816
1.994141
1.975964
1.991611
1.994274
1.999010
2.003183
2.014044
1.996989
1.990082
1.990618
1.980367
1.983014
1.988919
1.993074
1.990420
1.988404
1.990815
1.994507
2.006530
2.040157
2.030118
2.003032
2.018858
2.015555
1.993751
2.014320
2.022357
1.990439
1.976547
1.980763
1.951940
1.946331
1.962689
1.978776
1.992039
1.992443
2.013273
2.022260
2.021196
1.999467
2.003189
2.014390
2.019305
2.009989
2.019297
2.014860
2.013918
2.014366
1.982387
1.976797
1.976637
1.969100
1.992063
1.994277
1.989669
2.009827
1.993751
2.007919
1.999272
2.007030
2.002701
2.023210
2.018527
1.997176
1.989515
1.979834
1.946047
1.967360
1.974777
1.978144
1.994230
1.996588
2.029517
2.022829
2.012510
2.001455
2.000270
2.011246
2.018028
2.007521
2.018662
2.022572
2.014684
2.012599
1.984907
1.978097
1.980982
1.974600
1.992470
1.994735
1.990792
2.014177
1.995388
2.012286
1.998189
2.006246
2.000134
2.016353
2.012258
1.993201
1.989472
1.979772
1.946372
1.967411
1.976710
1.980867
2.004652
2.010152
2.026182
2.008424
2.007924
1.974630
2.012947
2.016484
2.017994
2.019658
2.007253
2.012293
1.999244
2.001363
1.976552
1.995352
2.005523
2.012884
1.996096
2.017963
2.001756
2.003506
2.010876
1.994302
2.018211
2.018856
2.004317
2.017448
2.018034
2.010245
2.015310
2.016100
2.022208
2.001467
2.005211
2.009906
2.003652
2.009052
2.034106
2.021162
2.013514
1.973680
2.010152
2.013908
2.017399
2.013290
2.004015
2.010541
2.000172
2.001681
1.974170
1.994934
2.003643
2.008270
1.994064
2.013940
1.994276
1.993968
2.002036
1.993669
2.019474
2.020699
2.006066
2.017152
2.018900
2.013416
2.016232
2.017054
2.023483
2.003248
2.007876
2.009631
2.010657
2.016465
2.015983
2.032073
2.027983
2.050875
1.998312
1.997942
1.993219
2.027306
2.012465
2.008820
2.002492
2.001581
2.024098
2.000018
2.003626
2.000392
1.996295
2.005080
2.005512
1.985867
1.984924
1.985580
1.993894
2.000339
1.982982
1.969571
1.971403
1.999967
1.997190
2.003514
2.003664
2.006266
2.006047
1.985958
2.005968
2.009650
2.002076
2.014343
2.014949
2.047942
2.001046
2.000983
1.991483
2.020518
2.012329
2.008961
2.003983
2.004727
2.032306
2.008452
2.012507
2.011059
1.994729
2.004190
2.004976
1.984605
1.986519
1.985211
1.995634
2.001302
1.987578
1.974938
1.974951
2.003209
1.996195
2.002188
2.001299
1.997766
2.002251
1.983491
2.006635
2.008726
1.992383
2.011446
1.998493
1.985795
2.027701
2.026097
2.011750
2.009835
2.012657
1.990153
1.990617
1.989881
1.985713
1.977905
1.974265
1.958593
2.010450
2.022057
2.010193
2.004569
1.989166
1.989792
2.000052
2.000834
2.019433
1.990201
1.988060
1.988654
1.997474
2.014694
2.027268
2.019699
2.013399
1.992704
2.002460
2.004008
1.997495
2.008394
1.995521
1.995436
2.028080
2.023726
2.010014
2.012053
2.016911
1.992700
1.990225
1.991444
1.986658
1.987502
1.982859
1.969590
2.011626
2.022399
2.016774
2.005843
1.989108
1.988419
1.997947
1.998100
2.016598
1.987577
1.986272
1.985940
1.997474
2.014694
2.027108
2.019239
2.014230
1.993843
1.993579
2.003316
2.021394
1.986586
1.983895
2.005208
1.994334
2.000152
2.011868
1.977532
1.979922
2.000656
2.011548
2.013804
2.022547
2.014044
2.018888
2.012795
2.002514
2.009017
2.013684
1.994520
1.996386
2.014949
2.010607
2.021787
2.050667
2.051284
2.025937
2.022833
2.008373
2.014404
2.014791
2.003345
2.004923
2.004280
1.989874
2.001062
2.013515
1.988329
1.982531
2.002350
1.990923
1.998012
2.007491
1.971352
1.971948
1.990993
2.010032
2.010983
2.016555
2.008742
2.019735
2.022239
2.003350
2.011233
2.014884
1.998130
1.997716
2.015942
2.010204
2.020541
2.052585
2.057717
2.031064
2.023893
2.008961
2.015985
2.014325
2.005387
2.008552
2.007546
1.990138
1.989716
1.988422
1.996031
1.981270
1.988312
2.000161
1.993477
2.009190
2.031911
2.013638
2.010000
2.009455
2.014641
2.003692
2.004669
2.010708
2.011077
2.012492
2.011110
1.992745
2.002443
2.008561
2.006478
1.995610
1.996067
2.014255
1.990631
1.990519
2.016295
2.009183
2.016264
2.004048
2.030127
2.025234
2.007975
1.991218
1.989924
1.990421
1.992237
1.977360
1.990737
1.995884
1.989341
2.007903
2.028126
2.011198
2.004488
2.007978
2.012193
2.000529
2.005694
2.013439
2.016457
2.012611
2.011178
1.992244
2.004182
2.011159
2.005351
1.994743
1.995495
2.015385
1.995616
1.994849
2.014579
2.009092
2.016519
2.004567
2.028921
2.023177
2.005813
2.017813
2.016479
2.025452
1.995393
2.005876
2.031199
2.017307
2.021218
2.033770
2.019197
2.006372
2.003865
2.000807
1.996273
2.002903
1.983075
2.000090
2.003829
2.007719
2.009763
2.011838
2.053049
2.014662
2.002608
2.003319
1.995170
1.972320
2.002885
1.996294
1.981590
2.005480
1.999780
1.979278
1.998415
1.999264
1.994396
2.014400
2.009734
2.017021
1.992636
2.002248
2.022931
2.019401
2.023828
2.032081
2.021753
2.006992
1.993299
1.999960
1.993754
1.997491
1.984553
1.997878
1.990518
2.005377
2.008150
2.012744
2.052340
2.014314
1.998235
2.003441
1.997328
1.974451
2.007371
2.000306
1.986189
2.004940
1.999136
1.980092
1.998402
1.998101
1.993914
1.996860
2.007515
2.000967
2.006992
2.002085
2.023217
2.011362
2.017666
2.022443
2.027491
2.021950
2.019435
2.007402
2.009196
1.990503
1.966286
1.953987
1.956998
2.009769
2.027610
2.030686
2.033892
2.019694
2.004768
2.011947
2.020907
2.051831
2.019597
2.012268
1.995737
1.990944
1.982900
1.951915
1.966849
1.969176
1.975003
1.996778
2.005605
2.000112
2.001161
1.998466
2.010049
2.009485
2.012707
2.018490
2.027449
2.035931
2.036047
2.008391
2.009232
1.995581
1.973912
1.960362
1.964969
2.010162
2.028440
2.028718
2.031429
2.021282
2.005874
2.012253
2.021835
2.053921
2.020398
2.012401
1.994597
1.990616
1.982452
1.951411
1.967180
1.969600
1.973977
2.000604
2.017034
2.022755
2.026890
2.027483
2.014329
2.004796
2.000828
1.993447
1.987418
1.999849
2.001830
1.999846
2.002799
2.005857
1.994754
2.004985
2.007144
2.008145
2.011615
2.015672
2.020935
2.030623
1.995886
1.996076
1.997397
1.999368
2.014734
2.020475
1.982599
2.013103
2.023136
2.032852
2.008675
2.007361
2.009610
1.993037
2.004775
2.004875
2.014401
2.017522
2.003449
2.002516
1.999885
1.989832
1.986568
1.996930
1.998919
2.000968
2.005588
2.020393
2.006903
2.013229
2.014158
2.008052
2.011727
2.014519
2.020402
2.029769
1.995635
1.996311
1.998005
1.996376
2.010454
2.015818
1.977812
2.012888
2.022358
2.032574
2.008827
2.006917
2.012100
2.006510
2.013849
2.024183
1.994270
2.006403
2.026199
1.990824
1.991878
1.955942
1.974145
1.984022
2.008461
2.016095
2.031019
2.019225
2.011273
2.007685
2.020117
2.004386
2.010742
2.004366
2.012411
2.006262
2.005552
2.007399
2.009554
2.024778
1.996709
1.997986
1.996365
2.015013
2.013338
1.995596
1.956965
1.962720
1.970805
2.002576
2.012837
2.006660
1.984668
1.993343
2.011433
1.994344
1.996252
1.965625
1.987864
1.990919
2.013551
2.017759
2.033603
2.024542
2.013416
2.011863
2.020901
2.003106
2.008063
1.999267
2.014606
2.002724
1.997051
2.006686
2.008840
2.023065
1.987404
1.993284
1.992184
2.015547
2.015923
1.997776
1.957956
1.964015
1.971796
2.000338
2.005812
2.012960
2.023666
2.011195
2.002279
2.000493
2.013068
2.015555
2.025693
2.030173
2.036369
1.993573
1.998435
1.987125
1.976172
2.000534
2.003173
1.993884
1.988182
1.998311
2.003831
2.000803
2.000403
1.997855
2.005459
2.001571
1.991121
1.997175
1.998492
2.001407
2.005707
2.011689
1.998490
1.978135
1.996815
2.004190
2.010901
2.021702
2.025341
2.015474
2.009062
2.000443
2.010268
2.005681
2.016680
2.023007
2.035639
1.992155
1.996893
1.981020
1.958851
1.987936
1.993336
1.993896
1.989418
2.003664
2.004951
2.002020
1.999356
1.997734
2.004987
2.000098
1.986526
1.995119
2.000924
2.001784
2.007600
2.014319
1.999582
1.979911
1.999538
2.009309
2.017246
2.029804
2.037379
2.032994
2.028153
2.006038
2.019094
2.010455
2.020512
2.016315
1.986968
2.012296
2.021796
2.036871
2.031132
2.018700
2.018242
2.000284
2.009833
1.993340
1.995472
1.996678
2.014238
2.008890
2.008316
2.012763
2.034858
2.033459
1.993173
2.020987
2.032197
2.032263
2.044731
2.034720
2.009428
2.009445
2.018840
2.028283
2.044865
2.033269
2.030022
2.004743
2.013433
1.996270
1.997770
2.004517
1.982015
2.013046
2.022579
2.037662
2.035285
2.022522
2.023566
1.999328
2.009322
1.988220
1.989547
1.989914
2.011979
2.010721
2.009970
2.014012
2.040396
2.034423
1.998966
2.019500
2.030642
2.029680
2.039723
2.030799
2.006989
2.006315
1.998326
2.002230
1.997898
1.999020
1.989190
1.992868
2.004664
2.010010
2.012630
2.009760
2.031812
2.012202
2.027779
2.048105
2.029790
2.015354
1.987097
1.993381
1.997784
1.980333
2.011361
2.004322
2.015581
2.000789
2.017351
2.007428
1.992777
1.995246
1.994358
1.991463
1.995394
1.967339
2.001569
1.998314
1.984407
2.008301
1.999439
1.992748
1.996283
1.992993
1.978540
1.991899
2.005456
2.016854
2.023247
2.020327
2.039870
2.013201
2.029117
2.048453
2.033121
2.019865
1.989051
1.993916
1.998368
1.984218
2.018891
2.010005
2.015283
2.004232
2.020464
2.015969
2.002971
2.005353
2.005657
1.991946
1.995710
1.963764
1.995821
1.993020
1.983617
1.996048
2.001362
1.975654
1.997219
2.000910
1.975894
1.992577
1.990382
2.010204
1.984671
1.994569
1.988761
1.998164
2.000784
2.014795
2.005302
1.998770
2.016352
1.998875
1.995518
1.998468
2.017016
2.011142
2.015815
2.013220
2.023462
2.013089
2.021759
1.994382
2.001209
1.993726
2.005445
2.025485
2.028935
2.006025
2.008049
1.997118
2.004601
1.974278
2.001399
1.999115
1.974730
1.990428
1.987288
2.001591
1.973979
1.988271
1.989379
1.998441
2.000695
2.010264
2.005897
1.992162
2.009425
1.997250
1.993217
1.991046
2.009522
2.004351
2.007193
2.012180
2.022177
2.011224
2.019725
1.990757
2.001704
1.994330
2.006223
2.028136
2.029881
2.007547
2.010508
1.993545
2.000053
1.995056
1.978933
1.995022
2.006390
2.007068
1.991533
1.994265
2.002289
2.004928
2.008948
2.005715
1.991321
2.008228
1.991977
1.990147
1.979876
2.014062
1.996030
1.992893
2.009486
2.023140
2.030659
2.005429
2.026963
2.024603
2.008336
2.012300
2.013849
1.998807
2.007100
2.047799
2.040999
2.035481
2.015259
1.990792
1.998641
1.993461
1.977099
1.992168
1.995631
2.004458
1.988324
1.990470
1.999324
2.003709
2.018025
2.005109
1.992036
2.008682
1.993406
1.995047
1.982101
2.011381
1.992479
1.987641
2.006173
2.021829
2.036512
2.004599
2.025714
2.023014
2.005781
2.011880
2.011374
1.998127
2.005266
2.041155
2.036687
2.032638
2.019108
1.991324
1.991964
2.013671
2.022800
2.021620
1.999511
2.003677
2.002991
2.019771
2.048542
2.036710
2.009142
2.015154
2.015869
2.022662
2.034934
2.038289
2.000658
2.000743
1.998077
1.968946
1.948167
1.963233
1.979596
1.998697
2.010251
2.004403
2.016864
2.025286
1.994570
2.014027
2.007237
2.006431
1.973726
1.986575
1.995200
1.993515
1.996110
2.029915
2.023369
2.012934
2.001499
2.003435
2.000568
2.007573
2.042789
2.033402
2.010569
2.011858
2.010995
2.022001
2.037042
2.038570
1.996460
2.000369
1.997522
1.968903
1.948007
1.964291
1.978051
1.998265
2.007316
1.996355
2.005042
2.018670
1.988933
2.014566
2.007508
2.007015
1.976325
1.989130
1.996465
2.005514
2.008670
2.024666
2.008885
2.008901
1.975572
1.996520
1.991228
2.005805
1.999846
1.992281
1.977420
1.997977
2.002111
2.008778
1.993877
1.996247
1.975603
2.017728
2.013035
2.029438
2.042608
2.029922
2.011945
1.984876
2.000348
2.001089
2.018147
2.009782
1.997129
2.014070
2.027409
2.017132
2.032099
2.027052
2.028160
2.004513
2.007596
2.032988
2.022056
2.013033
1.973965
1.994062
1.989911
2.012275
2.011048
1.998335
1.984600
2.000148
2.004418
2.010004
2.003643
2.006536
1.981104
2.017987
2.015945
2.034681
2.047193
2.033694
2.016700
1.983923
1.998511
2.002411
2.021740
2.009309
1.994847
2.013339
2.027009
2.018779
2.032733
2.027743
2.025503
2.010563
2.016205
2.015793
2.032278
2.028241
2.051409
2.006102
2.002382
1.997963
1.998388
1.993079
1.989321
2.000465
2.010645
2.016362
2.020641
2.021072
2.022873
1.993646
2.002735
1.981726
1.986904
1.987283
1.999185
1.992329
1.980393
1.975875
1.970075
1.971908
2.000285
2.010307
2.027587
2.033293
1.981759
1.982306
1.969824
2.005874
2.009390
2.001886
2.014548
2.015206
2.048476
2.003150
1.999473
1.988351
1.992309
1.985964
1.982921
1.998059
2.007202
2.016905
2.015625
2.019783
2.022349
1.995519
2.005830
1.992346
1.995640
1.990204
1.998090
1.991427
1.979024
1.972307
1.964044
1.967393
1.996458
2.010733
2.029611
2.033458
1.981796
1.982088
1.968397
2.005134
2.005953
1.987236
2.009468
1.996066
1.987323
2.008591
2.017086
2.016333
2.026603
2.019129
2.006883
2.007516
2.011115
2.037605
2.011422
2.005431
2.014157
1.974084
1.972112
1.965666
1.967494
1.974655
2.003006
1.993944
1.986568
1.987920
2.006811
1.995957
2.006814
2.004998
2.005242
1.979838
1.994106
1.996526
2.008662
2.001673
2.002971
1.994196
2.012583
1.996769
1.997541
2.004542
2.013451
2.019817
2.041477
2.032718
2.023124
2.007755
2.009936
2.038928
2.007597
2.003466
2.011168
1.974206
1.973341
1.970506
1.970052
1.978524
2.003958
1.993309
1.987030
1.988741
2.009962
1.999110
2.008272
2.005466
2.005286
1.978736
1.992049
1.995079
2.007476
1.992853
2.002549
2.021691
1.986671
1.985033
2.006712
2.011413
2.011582
2.029330
2.011609
2.009888
2.044623
1.993422
1.986051
1.995687
2.008273
1.996244
1.978529
2.014258
2.019795
2.002966
2.001495
1.996219
2.008346
2.006330
2.004664
2.030098
2.038414
2.031156
2.026191
1.996481
1.997780
2.004063
2.007765
2.019868
2.019593
1.988952
2.000218
2.013222
1.988460
1.984485
2.006105
2.008201
2.010808
2.024275
2.002456
2.003600
2.039819
1.992195
1.984573
1.992284
2.002500
1.990717
1.974854
2.014165
2.020847
2.007082
2.007967
2.001991
2.013535
2.007037
2.005208
2.031537
2.040023
2.030009
2.023622
1.997439
1.998520
2.002887
2.007414
2.020044
2.016313
1.990104
1.989893
1.988520
1.995406
1.979925
1.987881
1.999955
2.001176
2.010381
1.982414
1.973728
1.997434
1.998497
1.986292
1.989435
2.003693
1.998996
2.017794
1.986284
1.990128
2.007943
1.984924
1.996209
2.002524
2.009581
2.011927
2.003388
2.000466
1.995157
1.995951
1.998188
2.003007
1.992444
2.017839
2.010885
2.005756
1.991183
1.990101
1.990612
1.991612
1.976015
1.990263
2.001558
2.003916
2.017210
2.002293
1.995209
2.011482
2.000494
1.991054
1.999551
2.015363
2.006499
2.018697
1.983160
1.986144
2.003020
1.980243
1.995407
2.000521
2.009445
2.012397
2.001426
1.995976
1.993693
1.995378
1.998616
2.003344
1.993263
2.014399
2.009416
2.000567
2.018214
2.016703
2.025528
1.995341
2.005888
2.031546
2.016515
2.000900
2.008910
2.024535
2.002568
1.986430
1.991679
1.987887
1.968380
1.982843
1.985097
1.981352
2.000722
2.009326
2.016251
2.015990
2.022361
2.012573
1.988411
1.987184
1.972500
1.973598
1.962731
1.973586
1.992057
1.995815
1.972669
1.985674
1.985262
1.984697
2.014800
2.009958
2.016481
1.992628
2.002260
2.023111
2.016217
2.000944
2.008075
2.013292
1.999116
1.980686
1.995673
1.993901
1.975138
1.992350
1.988076
1.984072
2.000660
2.009222
2.017126
2.017051
2.024505
2.015282
1.989319
1.989451
1.978363
1.976592
1.964807
1.976411
1.991348
1.995225
1.971866
1.983466
1.982888
1.984030
1.996917
2.008078
2.001017
2.007730
2.002729
2.024068
2.013272
1.999624
1.973873
1.971720
1.979414
1.984117
1.997213
2.011330
2.014962
1.987942
1.997301
2.011647
2.008076
2.014872
2.033230
2.015223
2.010471
2.025355
2.002841
2.001587
1.998771
1.991836
1.999996
2.013411
1.991471
1.991742
2.017058
2.004800
2.003940
2.011235
1.996836
2.006168
2.000162
2.001900
1.999051
2.011521
2.011499
1.997358
1.971207
1.970267
1.979130
1.979454
1.995125
2.008161
2.006097
1.988866
1.998601
2.017225
2.005437
2.012055
2.020143
2.005645
2.003277
2.025613
2.001790
1.998408
1.994878
1.994904
2.005546
2.020316
1.990857
1.991151
2.016183
2.006658
2.004668
2.010576
2.000596
2.016784
2.022457
2.029116
2.029711
2.015383
2.013497
2.023493
2.030905
2.026967
2.013665
2.018777
1.989963
1.998197
1.988704
1.993836
2.003869
1.993453
2.022475
2.017485
2.021511
1.990977
1.995113
2.005831
1.979424
1.964000
1.955797
1.955406
1.968294
1.981839
2.007632
2.010323
1.972870
1.971351
1.977377
1.988694
1.993572
2.004403
2.003874
2.016871
2.018730
2.004171
2.009531
2.018111
2.021607
2.026222
2.016422
2.020654
1.988318
1.996003
1.986578
1.983023
1.996144
1.984835
2.024744
2.020595
2.025243
1.990601
1.993183
2.001926
1.979327
1.963793
1.954028
1.950112
1.966055
1.980319
2.007277
2.009650
1.971957
1.970868
1.974904
1.989287
2.005703
2.013789
2.021105
1.997641
2.009202
2.025779
1.999246
2.000702
1.998532
2.029886
2.023870
2.042095
1.992538
1.998841
2.010211
2.006558
2.007944
2.021312
1.999772
2.001781
2.000628
1.989681
1.982934
1.981675
1.995896
2.001533
1.971483
1.993919
2.009764
2.014853
1.995456
1.996493
1.995795
1.963925
1.963472
1.991531
2.002143
2.013531
2.005609
1.989092
1.996435
2.010701
1.998265
1.998483
1.994645
2.024752
2.017598
2.032563
1.992216
1.997341
2.008100
2.004488
2.009133
2.022747
2.003110
2.004115
2.008086
1.992136
1.985498
1.978980
1.995511
2.001845
1.973493
1.997230
2.012228
2.015940
1.996123
1.998576
1.998136
1.963940
1.964826
1.991357
2.000059
2.005336
2.012884
2.022994
2.011874
2.003874
2.015649
2.017928
2.030790
1.975054
1.987608
2.005067
1.991950
1.995829
1.988372
1.981230
1.976976
1.962415
1.996820
1.994358
1.985079
1.983481
1.987608
1.976315
1.997306
2.003226
1.999722
2.001975
1.998684
1.990373
2.004588
2.021048
1.996717
1.983154
1.998910
2.021316
2.003911
2.010424
2.021626
2.024669
2.016153
2.010658
2.011326
2.012569
2.026697
1.985798
1.996664
2.021699
1.993473
2.000393
1.995103
1.987128
1.978399
1.971774
1.996986
1.993808
1.985421
1.983969
1.988268
1.977725
1.996102
2.001491
1.996634
2.004551
2.001599
1.990779
2.004287
2.021156
1.997140
1.980153
1.995801
2.018054
2.006573
2.012141
2.029392
2.033709
2.026244
2.021749
2.006173
2.001811
1.983032
1.972489
1.987405
1.998970
1.999639
2.005418
1.991293
1.991265
1.996171
1.987707
1.996793
1.998561
1.982933
1.983009
1.990721
2.011893
2.011259
2.011012
1.978482
1.976807
1.974776
2.006246
1.998636
1.990907
1.970092
1.973988
1.970779
1.984910
2.006260
2.013666
2.027421
2.038837
2.025143
2.021676
2.007916
2.005900
1.989211
1.982628
1.990772
1.994081
2.000669
2.006179
1.990641
1.996632
1.999446
1.985291
1.998373
2.003582
1.995790
1.992930
1.996949
2.015643
2.010787
2.009434
1.979650
1.979682
1.976136
2.010164
1.997982
1.989756
1.967184
1.972505
1.969545
1.981425
