1.996049
2.006530
2.010104
2.003143
1.993983
2.027206
2.018447
2.002737
2.003602
2.015159
1.991288
1.976559
1.994377
1.989357
1.996658
2.003530
1.996135
1.984081
2.011296
2.006966
2.015337
2.002613
2.015019
2.027855
2.019265
2.016964
2.018968
2.019286
2.019345
2.006884
2.004639
2.016251
2.025834
2.032027
2.020862
2.007585
1.997732
2.009208
2.009941
1.998857
1.993666
2.017226
2.018581
2.003932
2.002392
2.009798
1.989900
1.974860
1.993346
1.988555
1.992783
1.998121
1.991038
1.980161
2.011723
2.006201
2.012930
2.005077
2.012309
2.021153
2.019426
2.017067
2.018081
2.017372
2.019480
2.006165
2.005154
2.018002
2.029147
2.039431
2.027356
2.010052
1.996268
2.011320
2.022434
2.006869
2.015041
2.001703
2.019357
2.012860
1.990106
1.997159
1.995254
1.987460
1.998822
1.988760
1.994310
2.006542
2.004009
2.026783
2.014546
2.023048
2.021896
2.036639
2.030734
2.022518
1.992176
1.993611
1.971221
1.983952
1.971377
1.973996
2.001764
1.997766
2.005490
2.005107
1.999916
2.015795
1.992720
2.002029
2.008281
2.008287
2.015869
2.008598
2.021366
2.015759
1.994877
1.998423
1.995566
1.982595
2.001306
1.994110
2.005047
2.016843
2.011094
2.028655
2.015003
2.022435
2.020918
2.035990
2.031158
2.021280
1.991448
1.990417
1.967112
1.984670
1.973662
1.980492
2.001807
1.997605
2.005088
2.001750
1.999730
2.017459
1.993440
2.002933
1.999939
1.985627
1.992746
2.008999
2.012139
2.019447
2.027508
2.030753
2.012635
2.021127
1.989713
1.986466
1.965284
1.986097
1.992254
1.984393
1.992856
1.996558
1.984051
2.010217
2.008847
2.042102
1.996642
1.997031
1.991754
1.984660
1.972806
2.004916
1.998844
2.003019
2.025809
2.030499
2.013377
1.999554
1.991975
2.003892
1.991762
1.982926
1.991247
2.010640
2.008338
2.013733
2.017951
2.027043
2.013146
2.023951
1.993707
1.992481
1.972083
1.995687
1.995633
1.987378
1.997550
2.002499
1.990264
2.015130
2.015136
2.043359
1.997426
1.998102
1.998904
1.989818
1.974526
2.004198
1.998844
2.002690
2.025133
2.028914
2.012715
1.999741
1.997182
2.004485
2.013902
2.020287
2.012385
2.007909
1.993349
1.999244
1.992314
2.014203
2.011523
2.034255
1.998140
2.013083
2.009995
1.986121
1.998858
2.017947
2.013628
2.005167
1.996119
2.037625
2.025470
1.992727
1.994826
1.982216
1.987690
1.990837
1.989203
2.010151
1.992052
1.996148
1.999375
1.993318
1.986557
1.990156
2.001397
2.011110
2.018284
2.020365
2.013699
2.009664
1.991583
1.995470
1.984426
2.002853
2.002001
2.024047
1.995871
2.009996
2.003249
1.989046
2.001809
2.022578
2.014455
2.007047
2.008181
2.044174
2.027495
1.991098
1.995501
1.982763
1.988128
1.989401
1.989367
2.009551
1.991740
1.995985
1.998749
1.993345
1.985794
1.989782
1.998974
1.997318
2.012327
2.007576
2.005979
2.001841
2.009711
2.008574
2.011209
1.960559
1.980575
2.001693
1.990218
2.001172
1.994340
1.994398
2.006644
1.992063
2.005398
1.992122
1.970344
1.951072
1.959078
1.982910
1.989829
1.986254
1.964603
1.993665
1.997991
1.995658
2.010961
2.002256
2.036040
2.012803
2.009963
2.001223
1.996537
1.996563
1.999314
2.004997
2.002622
1.994185
2.007130
2.005286
2.009240
1.975177
1.990210
2.020803
1.988709
1.999133
1.992491
1.983656
1.999053
1.984534
2.005486
1.994028
1.973344
1.956586
1.962462
1.984859
1.990736
1.987407
1.967552
1.997394
2.000017
1.997002
2.009456
2.000268
2.036957
2.016539
2.013336
2.001301
2.005131
1.995874
2.006226
1.997260
1.995353
1.977081
2.000238
1.994415
1.975608
1.978817
1.994777
2.007587
1.992157
1.998066
2.002297
2.007387
2.011355
2.027119
1.999853
2.001816
2.014969
1.985523
1.987553
2.002905
2.004001
1.999781
1.979717
1.989462
1.998612
2.009932
2.006922
2.016772
2.034894
2.005025
1.995510
2.001443
2.006749
1.996201
1.996191
1.993066
1.990770
1.967010
2.001083
1.997109
1.980076
1.987190
1.998099
2.004768
1.992017
1.997093
2.000943
2.007795
2.013833
2.028020
2.000412
2.001396
2.016049
1.985747
1.985577
2.000770
2.005452
2.001679
1.985617
1.991670
1.999894
2.006191
2.005596
2.016368
2.030815
2.002980
1.992776
2.001032
1.998255
1.997869
1.990799
1.994940
2.000880
1.982030
2.004469
2.018421
2.012270
1.999986
1.998083
1.998174
1.993425
1.998742
1.991620
1.984116
1.977458
1.959709
1.998351
2.006253
2.002098
2.012203
2.008182
2.008977
2.017498
2.014493
2.023081
2.044337
2.038504
2.003741
2.010440
2.016148
2.009041
1.988585
1.991013
2.000760
1.998793
1.998625
1.984275
1.992133
1.995231
1.974873
2.000397
2.010989
2.004528
2.010762
2.003807
2.004994
1.994622
2.002981
1.996096
1.988398
1.977741
1.970465
1.997589
2.006188
2.001468
2.010922
2.008585
2.009794
2.017439
2.013752
2.021274
2.044658
2.036774
1.997839
2.011122
2.017557
2.015009
1.996923
1.993186
2.000332
1.998635
2.003908
1.992284
1.997916
2.003315
2.023922
2.001948
1.998930
1.973101
1.984118
1.996115
1.991537
2.004252
2.013003
2.003132
1.999244
2.001549
1.994669
1.990243
2.001944
2.015367
1.968820
1.983548
2.001646
1.984043
1.973337
1.960745
1.991784
1.992664
1.992090
2.021002
2.026892
2.021670
2.004774
2.010307
1.995832
1.996489
2.002299
1.994336
1.994345
1.999537
2.008897
2.004829
2.005645
1.983405
1.988295
1.996368
1.994788
2.005283
2.013591
2.002079
2.004328
2.004620
1.992023
1.990029
2.001730
2.015413
1.966204
1.979065
1.996332
1.983521
1.972845
1.959986
1.991561
1.993514
1.993611
2.020895
2.027124
2.022584
2.004745
2.011819
1.997293
1.986372
1.986026
1.987701
2.013210
2.013202
2.005895
2.005449
2.016076
2.011434
2.011363
1.991986
1.965645
2.005680
2.017997
2.034871
2.008322
2.000697
2.008469
2.017305
2.016977
2.013986
2.008565
2.000943
1.998877
1.999003
2.011228
2.000926
2.001390
2.011169
1.976118
1.989963
1.995433
2.001199
1.994722
2.003980
2.007102
1.986098
1.984843
1.994857
2.010271
2.003096
2.008172
2.008474
2.020862
2.020682
2.023994
1.997337
1.972234
2.006763
2.019731
2.036723
2.007708
2.000967
2.005014
2.020256
2.019870
2.014646
2.009466
2.000007
2.003519
2.000074
2.013457
1.998735
1.992560
2.005393
1.979302
1.989291
1.994472
1.998256
1.995074
2.003589
2.005008
2.004464
2.009012
2.014071
2.012519
2.010642
1.989898
2.000601
2.007088
2.015188
2.003218
1.991781
1.979407
2.007247
2.025525
2.022700
2.037721
2.021823
2.014159
2.003394
1.988930
1.975112
1.996322
1.999613
2.036261
2.014094
2.023854
2.019063
2.017821
2.001717
1.988918
2.007419
2.023230
2.004610
1.977759
1.985853
2.003311
2.004502
2.008469
2.020519
2.026405
2.015554
1.981738
2.001356
2.007465
2.021706
2.008727
1.995459
1.994457
2.002577
2.017535
2.014751
2.035992
2.023410
2.017631
2.003651
1.988803
1.974864
1.996885
1.998521
2.035077
2.014210
2.024369
2.021174
2.022116
2.004488
1.990972
2.007020
2.023006
2.003599
1.979354
1.986438
2.005350
2.011779
2.021136
2.019327
2.034308
2.023866
2.049844
2.001215
2.007777
2.010180
2.001349
2.014043
2.004100
2.003449
2.010223
2.006169
2.021583
2.007187
1.994342
1.994783
2.010977
2.007896
2.004423
1.997375
2.006520
2.018151
2.017442
1.999973
1.996814
1.998252
1.995101
2.008219
2.013882
2.012408
2.025907
2.018769
2.009715
2.005544
2.011772
2.003649
2.017976
2.011746
2.046991
1.999083
2.006695
2.010145
1.997907
2.011812
2.005534
2.000208
2.004971
2.002223
2.015945
2.004473
1.991406
1.993287
2.009611
2.001879
2.003934
1.994862
1.999870
2.017505
2.016742
1.999130
1.996642
1.997480
1.989888
2.008662
2.014528
2.015468
2.028421
2.023458
2.011759
2.000589
2.005140
1.982671
2.004955
1.992975
1.994895
2.015763
2.018252
2.028852
2.034269
2.020873
2.019460
1.993009
1.997495
1.992468
1.956181
1.966024
1.975244
1.993563
1.991626
1.991715
1.974961
1.980524
1.996162
1.994543
2.001372
2.002480
2.008242
2.007027
2.004857
2.005688
2.015660
2.001077
1.990534
1.981927
1.973062
1.996034
2.001403
1.986681
2.013192
1.995422
2.006123
2.013731
2.015944
2.030764
2.029756
2.021094
2.023917
1.995550
2.002592
2.002052
1.961361
1.972469
1.980932
1.994399
1.993584
1.992011
1.972750
1.979864
1.992031
1.994543
2.001372
2.002538
2.007828
2.007614
2.005334
2.004250
2.012258
1.996991
1.988284
1.979824
1.971671
1.994382
2.009010
2.029049
1.984628
1.989417
2.000651
1.994286
1.990374
1.980678
2.003785
1.993242
1.995424
1.993854
2.002768
1.998864
1.996365
1.998418
1.984665
2.013292
2.021395
2.011773
2.009744
2.001472
1.993555
1.981401
1.988331
1.972019
2.002157
2.007455
2.021165
2.004250
1.996764
1.977453
1.969319
1.983237
1.975209
1.990315
2.005020
2.016528
1.981310
1.981436
1.992723
1.997198
1.993666
1.980597
1.999519
1.993871
1.995817
1.995432
2.004873
1.999750
1.990071
1.996153
1.983821
2.014010
2.021876
2.014885
2.009747
2.002417
1.993902
1.981481
1.988978
1.975264
2.005041
2.007514
2.013327
2.002908
1.994644
1.972821
1.964403
1.980192
1.971885
1.987602
1.987816
1.979675
2.001072
1.985831
1.984345
2.022373
2.018676
2.012464
2.010635
2.006575
1.982937
2.007634
1.998196
1.984056
1.966908
1.981950
1.993801
2.001865
2.013723
2.036867
2.021571
2.011038
2.013045
2.007080
1.995733
2.009338
2.016366
2.024646
2.037078
1.995410
1.993469
2.012888
2.021261
2.006729
1.999108
1.987955
1.988910
1.988166
2.008166
1.990046
1.993835
2.022934
2.016446
2.012646
2.011423
2.010079
1.981933
2.005601
1.999592
1.991584
1.974762
1.989265
1.991553
1.999555
2.011168
2.027959
2.012348
2.003594
2.010865
2.003816
1.991295
2.001771
2.012106
2.023098
2.039256
1.995410
1.993282
2.008957
2.018909
2.005396
1.998163
2.021482
2.012071
2.000847
1.966787
1.988024
2.021605
1.994994
2.001980
2.019684
1.983069
1.983753
1.996426
2.002338
1.998537
1.993388
1.979734
1.975626
1.994391
1.993026
1.979108
1.994228
1.998695
1.983754
1.975502
2.004223
2.017264
2.016210
2.015009
2.005623
2.016844
2.010843
2.003270
1.994811
1.995105
1.992446
1.999852
2.015699
2.005125
1.992388
1.964932
1.986851
2.017688
1.990377
1.997520
2.010869
1.973795
1.975691
1.988617
2.002681
1.998831
1.992918
1.975337
1.972342
1.992155
1.993585
1.979807
1.995277
1.997060
1.984712
1.977249
2.004452
2.017848
2.014014
2.014502
2.006027
2.016320
2.010254
2.001980
1.992932
1.995308
1.994217
2.000762
1.997206
2.007305
2.012237
2.001836
1.993335
2.026595
1.993011
1.986599
2.001537
2.033703
2.018924
2.014485
2.000092
2.008245
2.014083
2.013828
2.010829
2.005127
1.986820
1.993756
2.003059
2.028488
2.021526
1.999557
2.005996
2.008866
2.025583
2.013158
1.998739
1.976290
2.010766
2.023696
2.038292
2.016144
2.006783
2.002526
1.998889
2.009982
2.012074
1.997551
1.993018
2.016682
1.989604
1.983098
1.999654
2.031949
2.018198
2.011798
2.000147
2.009030
2.015005
2.009013
2.009349
2.010403
1.986998
1.994121
2.006018
2.035025
2.025826
2.000264
2.004822
2.005554
2.020764
2.011536
1.997398
1.976173
2.011230
2.024146
2.039985
2.016730
2.006633
2.000164
1.996126
2.011160
2.022213
2.007587
2.016336
2.002592
2.012642
2.020278
2.021607
2.016489
2.010269
2.014786
1.998841
2.006294
1.990026
1.991491
1.995649
1.988238
1.990702
1.993467
1.988644
2.008346
1.994019
2.005124
1.992028
1.991441
1.994824
1.995246
1.992242
1.981542
2.003481
2.015506
2.026056
2.015758
2.017361
2.000520
1.992578
2.001869
2.008060
2.009005
2.016757
2.009293
2.013921
2.021642
2.018273
2.017650
2.009339
2.005184
1.996921
2.002941
1.981428
1.982096
1.989420
1.980642
1.991109
1.993925
1.989767
2.012696
1.995656
2.009574
1.991686
1.990196
1.993729
1.995813
1.992615
1.983854
2.003854
2.016170
2.026869
2.016377
2.017728
2.002682
1.993213
2.003086
2.000242
1.985410
1.992852
2.009583
2.012956
2.020888
2.018753
2.021552
2.019129
2.017968
2.003507
2.003610
1.957638
1.967858
1.981447
1.989619
1.995697
2.016393
1.998605
1.997006
2.004451
1.992983
2.004583
2.010452
2.011560
2.008217
2.018274
2.036533
1.978731
1.998877
2.001781
2.022621
2.013749
2.005014
1.991587
2.003900
1.992010
1.982688
1.991212
2.011487
2.011145
2.015602
2.016841
2.019606
2.030654
2.033257
2.002953
2.002371
1.956783
1.970662
1.984692
1.996244
1.993780
2.012442
1.991125
1.987631
1.995611
1.992350
2.008343
2.015242
2.019854
2.021630
2.027801
2.042704
1.980263
2.000171
2.006484
2.025547
2.018136
2.008414
1.997258
2.003684
2.011837
2.018781
2.014024
2.008586
2.008205
2.001621
1.998522
1.990620
2.000804
1.994344
1.990991
2.000536
1.972349
1.984312
1.986062
1.974737
1.998401
2.009405
2.008923
1.991249
1.985084
1.982028
2.008497
2.014240
2.014545
1.989438
1.996641
1.991750
2.002605
2.007896
2.012075
1.996764
1.982733
2.000904
2.000625
2.009687
2.020244
2.017052
2.012093
2.010052
2.005900
2.000954
1.996460
1.989900
1.998583
1.992219
1.993357
2.004663
1.968120
1.988107
1.985671
1.971561
1.996835
2.008514
2.008387
1.989987
1.986680
1.981761
2.007562
2.012999
2.012783
1.991192
1.997567
1.996318
2.002554
2.008358
2.012795
1.997306
1.983949
2.000998
1.996205
1.995090
2.005113
2.001689
2.001143
1.996790
1.992157
1.992418
1.955749
1.971295
1.975830
1.998987
2.013812
2.001155
1.985452
1.951504
1.964510
1.979341
2.009044
2.018912
2.007688
2.002486
1.989367
1.991012
2.007937
2.001533
1.995457
1.988306
1.989070
1.990461
1.999071
2.004748
2.005401
2.006524
2.014323
1.993260
1.995073
1.996710
2.002312
2.005896
2.003293
1.997478
1.993524
1.993067
1.959354
1.981364
1.980463
2.003055
2.011873
2.000071
1.985274
1.952682
1.964218
1.972163
2.010220
2.019254
2.014498
2.004134
1.989525
1.990605
2.006333
1.999834
1.993930
1.986507
1.987018
1.990508
1.999354
2.005933
2.006779
2.010931
2.015914
1.993636
2.005480
1.996392
2.001279
1.995796
1.994805
1.981512
2.003201
2.015338
2.004504
2.007290
2.015236
2.021332
1.999838
2.004921
2.037565
2.042828
2.031218
2.025882
2.002049
2.005172
2.013165
1.992825
1.992929
2.011676
1.985200
1.992027
1.989703
1.993168
2.001206
2.007743
2.003284
1.996136
2.005155
2.017782
1.999454
1.983685
2.007098
1.996720
1.991054
1.993033
1.990875
1.971716
2.002004
2.011649
1.992410
1.991060
2.001092
2.017283
2.000460
2.005701
2.037769
2.040645
2.028312
2.024034
2.003626
2.007994
2.016447
1.997104
1.994570
2.012461
1.985006
1.991685
1.989897
1.995172
2.003649
2.009864
2.002817
1.995849
2.005489
2.017339
1.999188
1.982173
1.998316
1.998389
1.991167
1.994728
2.000925
1.982020
2.002768
2.010440
1.999025
2.000489
2.000637
1.982653
2.012917
2.015761
2.011687
2.014233
2.013984
2.021396
2.012681
2.010921
1.990900
1.998274
2.005029
2.001141
1.993054
2.004580
1.999646
2.003340
2.000189
1.994582
1.997269
2.002749
2.009626
2.014138
2.007323
1.994025
1.998853
1.999145
1.984642
1.991921
1.995027
1.974687
2.001966
2.006804
1.989657
1.985619
1.995999
1.978969
2.012447
2.015659
2.013055
2.016843
2.014310
2.024333
2.012800
2.010989
1.990410
2.000014
2.007603
2.000300
1.993635
2.005616
1.998126
1.998473
1.998668
1.994037
1.997757
2.003675
2.009010
2.016338
2.008415
1.995264
1.998223
2.003496
1.993704
1.998985
2.003636
2.023911
1.984285
1.992873
1.990985
2.003185
2.005039
2.034685
2.001461
2.009619
1.996726
1.975538
1.992446
2.001499
2.002792
2.002398
2.005631
2.045943
2.013300
2.003156
2.002894
2.010559
2.028027
2.013208
2.023084
2.016188
1.988245
1.980007
1.947372
1.975020
1.983679
1.981830
1.995500
2.002161
1.995086
1.995946
2.000246
2.008587
1.986948
1.997251
2.002488
2.015835
2.014546
2.039589
2.005392
2.014105
2.005638
1.988432
2.000042
2.003841
2.000450
2.000783
2.006291
2.045537
2.013271
1.998850
2.003911
2.011311
2.026783
2.012108
2.022273
2.014692
1.987571
1.979820
1.946319
1.974369
1.983333
1.980489
1.986123
1.985590
1.988035
2.011084
2.012842
2.006264
1.997758
1.999706
2.018670
1.999341
2.002286
1.987611
1.998575
2.005085
2.006383
2.007445
2.006230
2.005649
2.007922
2.026524
2.032704
2.029781
2.015682
2.000298
2.004206
1.997567
2.005190
2.008781
2.007450
2.022188
1.993392
1.985937
1.973390
2.001528
2.007449
1.975634
1.985849
1.984407
1.995192
2.008286
2.002860
2.008589
1.994894
1.995449
2.008946
1.987749
1.995305
1.986277
1.995397
2.001084
2.004086
2.014092
2.011001
2.004494
2.008316
2.027354
2.030736
2.027318
2.017487
2.001722
2.004764
1.997913
2.008518
2.015438
2.012273
2.024592
1.994589
1.987763
1.977072
1.997465
2.001213
1.972663
2.004374
2.008610
2.012738
2.011627
2.011265
1.988251
2.006701
1.991488
1.999366
2.004163
2.005531
2.010311
1.999250
1.993275
1.966086
1.997203
1.999019
2.026806
2.007271
2.010049
2.013856
2.013155
2.022623
1.994403
2.003725
2.006774
2.018672
1.995588
1.995296
1.993133
2.014592
2.026443
2.026990
2.019738
2.003805
1.989969
2.004411
2.008067
2.019186
2.025442
2.016399
1.980141
2.003318
1.987526
1.995916
2.002204
2.004697
2.021187
2.003375
2.000233
1.978661
2.012718
2.006698
2.020545
2.006840
2.009927
2.013848
2.012625
2.024074
1.996513
2.003282
2.006821
2.016994
1.995364
1.996322
1.991356
2.012663
2.025594
2.025832
2.017486
2.004586
1.991197
2.011687
2.021012
2.019287
2.034211
2.024139
2.050047
2.005114
2.000476
2.025134
2.044411
2.031521
2.007152
2.005185
2.005918
1.968925
2.005026
2.007478
2.007774
2.000079
2.006754
1.997590
2.014561
2.004065
1.999459
2.002709
1.993671
1.993653
1.964190
1.965628
1.983285
1.997156
1.999956
2.018633
2.028864
2.032104
2.018094
2.005451
2.011648
2.003609
2.017748
2.011794
2.046995
2.005362
1.999415
2.014768
2.038953
2.028549
2.010591
2.006348
2.005021
1.969555
2.005233
2.010598
2.009511
1.997900
2.002675
1.990924
2.012602
1.998636
1.991212
2.003154
1.994120
1.994617
1.964921
1.965164
1.981546
1.996961
2.000059
2.021608
2.035506
2.036593
2.018083
2.000421
2.005903
1.984322
2.008052
1.993894
1.990992
1.992873
1.986538
1.992971
1.992220
1.989692
1.977642
2.001013
2.002303
2.007248
1.975067
1.984609
1.997218
1.992192
1.988295
1.997255
2.001949
1.999462
1.996911
2.008309
2.005637
1.987420
1.982803
1.993149
1.998733
2.011216
2.003122
2.045458
2.043251
2.044180
2.041866
1.995865
2.002166
1.988332
2.016289
1.996342
2.002220
1.991430
1.985234
1.999194
2.001181
1.994351
1.982264
2.005851
2.006387
2.016898
1.991402
1.995247
2.008114
1.992205
1.989274
2.002612
2.002890
1.999962
1.993985
2.007302
2.005075
1.986683
1.984164
1.991542
1.999065
2.010638
2.002341
2.044838
2.043539
2.044330
2.040824
1.994162
2.009193
2.029053
1.984791
1.989342
2.001064
2.006219
1.999040
1.989653
1.981438
1.982336
1.980499
1.991183
1.994549
1.979032
1.986405
1.984128
1.998175
1.999036
2.009030
1.992231
1.997129
1.996289
2.009588
2.001979
2.002288
1.975621
1.975875
1.983521
2.000772
2.004549
2.005496
2.002716
1.986202
1.991879
2.001700
1.990096
2.005203
2.016532
1.981411
1.981361
1.993136
2.002777
1.995387
1.983560
1.979932
1.977422
1.971702
1.990659
1.993888
1.979396
1.986764
1.983251
2.001624
1.998081
2.008520
1.987111
1.991051
1.989398
2.007328
2.003312
2.003957
1.979545
1.981566
1.987110
2.004220
2.004423
2.005219
2.003623
1.987091
1.991525
2.000378
1.988184
1.989572
1.985643
2.001878
1.985574
1.984415
2.007962
2.012200
2.019557
2.022536
2.018966
2.007813
2.008266
2.008348
2.009432
1.981566
1.984527
1.992086
1.991358
1.994210
1.973559
2.008861
2.002175
2.012666
1.998436
2.002110
2.010101
2.025749
2.018276
2.035873
1.990601
1.989543
2.007534
1.992646
2.002908
2.001626
1.988537
1.990438
1.993458
2.008411
1.989721
1.993749
2.004027
2.008439
2.024615
2.038415
2.033086
2.027991
2.008560
2.006651
2.011670
1.994895
1.993885
1.995406
1.991893
1.994794
1.977445
2.016276
2.007832
2.012236
1.998667
2.002965
2.012002
2.025531
2.017868
2.036871
1.986751
1.985342
1.997598
1.983593
1.995769
1.998416
2.023496
2.014362
2.006962
1.971227
1.992751
2.024955
2.006019
2.011172
2.025163
2.013926
2.015499
2.045060
2.004760
2.011770
2.009065
2.000332
2.004319
2.004389
2.000606
1.997176
2.001253
2.022867
2.013728
2.016403
2.007029
2.019253
2.002325
1.992649
1.999772
2.022079
1.990118
1.985473
1.980192
1.991730
1.984650
1.994339
2.017713
2.007416
1.998503
1.969168
1.990848
2.020396
2.001921
2.010358
2.018678
2.005317
2.009115
2.042252
2.003321
2.009632
2.002077
1.993627
1.997614
1.995228
1.998980
1.995057
1.993496
2.015205
2.007099
2.008113
2.005300
2.016727
1.999060
1.989613
1.999026
2.023011
1.986963
1.981508
1.975934
1.990520
1.983172
1.998263
1.997034
2.007657
2.011485
2.004970
1.995280
2.028032
2.004982
2.005184
2.012421
1.991392
1.980030
1.995271
2.001790
2.004537
1.998535
2.007391
1.994045
2.019013
2.016002
1.999605
1.997059
2.013783
2.026876
2.035539
2.007456
2.020350
2.012295
2.031484
2.042195
1.995067
1.999942
2.001012
1.996552
1.973547
1.956938
1.978329
1.998717
2.010335
2.011322
2.000685
1.994963
2.018135
2.005658
2.007194
2.014608
2.004018
1.995733
2.008825
2.002711
2.007005
2.003226
2.011731
1.998727
2.022411
2.013321
1.996053
1.991807
2.010470
2.025565
2.041392
2.006593
2.019304
2.006384
2.032042
2.041962
1.999555
1.998546
1.999543
1.994328
1.971104
1.956128
1.973922
1.994548
2.009141
2.022501
2.007451
2.016499
2.001751
2.017202
2.002352
2.006297
2.015604
1.993397
1.978411
2.007411
2.010827
2.005087
1.981410
1.985431
1.986109
1.999662
1.997262
1.969636
1.946268
1.961422
1.976976
2.008270
2.022632
2.037287
2.035646
2.019433
2.016529
2.003478
2.011235
1.993668
1.997033
1.989963
2.010781
1.991000
1.999850
2.008209
2.008550
2.016861
2.008409
2.017336
2.003547
2.005087
2.010243
1.992010
1.976711
2.007754
2.012257
2.005617
1.983848
1.990960
1.990650
1.999288
1.996735
1.969593
1.946344
1.962422
1.975432
2.007054
2.022248
2.036121
2.038102
2.021190
2.017722
2.000971
2.008510
1.987912
1.996062
1.987927
2.007809
1.992872
2.002736
1.999268
1.985113
1.993030
2.008910
2.019331
2.012573
1.989336
1.995446
1.993507
1.990650
1.982557
1.986660
1.958172
1.985926
1.977213
1.964385
2.019923
2.014623
2.030137
2.039721
2.029303
2.013245
1.996533
2.006489
2.004943
2.019310
2.016809
2.033649
1.997312
1.999276
2.015293
1.987872
1.985024
1.988889
1.991246
2.003550
1.990941
1.982326
1.991145
2.010813
2.021339
2.015473
1.994106
1.996710
1.993846
1.985685
1.983278
1.987941
1.958772
1.985853
1.980353
1.965517
2.020182
2.017533
2.035380
2.044306
2.033075
2.018000
1.997750
2.009191
2.012802
2.020354
2.015415
2.033236
1.997571
1.998601
2.015540
1.987955
1.984948
1.989135
1.995481
2.001263
2.014639
2.021735
2.015534
2.008051
2.012021
2.019286
2.029529
2.031573
2.013785
2.020504
1.989666
1.984557
1.975744
2.009798
2.005591
2.000749
1.990380
1.998605
1.978806
1.990267
1.990361
1.996164
1.996826
1.997511
1.989461
2.002191
2.013110
2.004196
1.997756
2.008480
2.018127
1.987249
1.988118
2.010163
1.998650
2.005772
2.018274
2.022053
2.016475
2.010295
2.008221
2.013572
2.020066
2.027863
2.014295
2.023327
1.989246
1.986052
1.975497
2.006283
2.000229
1.998975
1.992582
2.002134
1.988656
1.998972
1.993020
1.995363
1.996742
1.997259
1.989506
2.005045
2.013669
2.003261
1.996673
2.008148
2.018981
1.986177
1.988768
2.012327
1.998621
1.998886
2.012808
2.007292
2.003278
1.995221
1.992522
1.998202
1.993805
2.014572
2.012207
2.036227
1.994772
1.994638
2.006504
2.000508
2.002924
1.995406
1.975916
1.975418
1.974203
1.975430
1.982247
2.005907
1.997553
2.010342
2.011391
2.013338
2.022398
2.019146
2.008533
2.011207
2.001169
2.001327
1.999589
1.978289
1.996663
1.999303
2.007366
2.009919
2.004314
1.992162
1.990757
1.994428
1.985917
2.003222
2.002685
2.026091
1.997786
1.999910
2.020367
2.015035
2.013874
2.007299
1.976038
1.976647
1.979043
1.977988
1.986116
2.006859
1.998133
2.010431
2.009936
2.014591
2.023595
2.019860
2.007649
2.010175
2.001535
2.004898
2.001569
1.981241
2.005578
1.997194
2.006860
2.000577
1.998898
1.978779
2.010442
2.009685
2.014728
1.960683
1.978345
2.002526
1.998267
2.003721
2.025861
1.986304
1.987225
1.960443
2.014132
2.016590
1.995066
1.992541
1.989583
2.003843
1.997116
1.993406
1.978571
1.982352
1.985046
1.983273
2.016075
2.001901
1.984924
1.996953
1.998178
1.986435
2.007196
1.997522
1.996825
1.996383
1.994081
1.968324
2.007860
2.006397
2.012630
1.975113
1.987979
2.022038
1.998789
2.005297
2.022373
1.990583
1.990273
1.964446
2.014039
2.017641
1.999182
1.998964
1.995496
2.008981
1.996205
1.992941
1.980236
1.983333
1.986344
1.981032
2.015499
2.002223
1.987633
1.996838
1.997801
1.985089
1.999004
1.998786
1.990490
1.994298
1.999869
1.980160
2.000348
1.992873
1.973133
1.973678
1.990229
2.005339
2.008927
2.004662
2.015557
1.980639
1.991414
1.971746
1.986121
1.986964
2.003907
1.982518
1.993848
1.997644
2.011637
2.020572
2.014548
2.019663
2.028142
2.011569
2.015698
2.008754
2.019542
1.982839
1.979373
1.987225
1.999541
1.999542
1.984073
1.992373
1.995111
1.975926
2.001789
1.995995
1.978849
1.983351
1.994213
2.002146
2.010692
2.006678
2.011010
1.976895
1.984188
1.964565
1.982997
1.982980
1.998428
1.977874
1.993449
1.995819
2.011851
2.018715
2.013937
2.016989
2.026425
2.014398
2.015326
2.008563
2.020350
1.983822
1.979936
1.987280
1.997623
2.002947
1.991051
1.998899
2.004443
2.024739
2.004453
2.018272
2.011474
1.999209
1.998194
1.997219
1.989787
1.982601
1.982588
1.986899
1.985795
1.967015
1.999519
2.007264
2.014530
2.013044
2.017215
2.007930
2.004665
2.001700
1.992378
1.999521
1.997984
2.002232
1.988905
1.982821
1.960849
1.968999
1.968977
1.979042
1.995209
2.000987
1.991956
1.995701
2.000767
2.009422
2.000381
2.010839
2.003732
2.009985
2.003917
2.004039
1.989885
1.981624
1.981226
1.990347
1.988187
1.967353
1.999456
2.007160
2.015406
2.014313
2.019358
2.010639
2.003314
1.999888
1.989530
2.000491
1.998179
2.001815
1.989001
1.983188
1.960344
1.967706
1.966493
1.977596
1.986230
1.985966
1.988268
2.012853
2.013345
2.003584
2.002951
2.000148
1.975944
1.986383
1.997239
1.992524
2.013315
2.007582
1.989574
1.992792
1.987704
1.992307
2.000059
2.006438
2.024095
2.011513
2.013585
2.025110
1.997868
1.996193
1.991327
1.995903
2.000766
2.031539
2.003516
2.002472
2.017232
2.021929
2.009094
2.030079
1.985955
1.984783
1.995425
2.009914
2.003239
2.005937
2.005831
2.006863
1.986189
1.990574
1.997287
1.995069
2.011570
2.002627
1.978472
1.988022
1.988637
1.991651
1.997421
2.003621
2.011007
2.001870
2.006443
2.025224
1.998749
1.995889
1.994115
1.998272
2.004418
2.031820
2.003147
2.001874
2.016881
2.025180
2.010300
2.030209
2.004425
2.008944
2.014143
2.011720
2.010032
1.987857
2.005913
2.017041
2.013887
2.010753
1.992357
1.965149
1.999249
1.995785
1.947829
1.956562
1.967196
1.965271
2.023893
2.017386
2.023337
1.996746
1.994779
1.999339
2.013576
2.010799
2.020096
1.996353
1.990924
1.975120
2.001002
2.002969
2.002384
2.019475
2.019873
2.038725
2.004462
2.008400
2.020591
2.025729
2.015019
1.980411
2.008297
2.021066
2.021293
2.021676
1.996104
1.971271
1.996550
1.990900
1.940410
1.954166
1.967708
1.973838
2.026418
2.020751
2.027069
1.996370
1.992850
1.995755
2.013853
2.010472
2.022084
1.998516
1.992750
1.977907
1.999107
1.999023
2.000498
2.016212
2.015940
2.039172
