2.009794
2.000933
1.991135
2.017311
2.007016
2.008537
2.015051
2.021431
2.003064
2.001308
2.005900
1.990338
1.993380
1.984598
1.963080
1.986865
1.994445
2.001531
1.992254
1.985588
2.004648
1.995892
2.010196
2.018866
1.999041
2.001264
1.975496
1.981337
1.991951
2.006462
1.985623
1.965671
1.987738
1.992662
1.983219
1.997642
1.985638
1.990730
1.980034
1.999949
2.007037
2.016268
2.046178
2.000458
1.994091
1.999360
1.974502
1.970450
2.005358
1.996315
1.988669
2.011268
2.012114
2.014405
2.011796
1.991424
1.988815
1.986598
1.994401
1.975543
2.017424
2.020302
2.032391
1.988849
2.013797
2.018686
1.991543
1.987280
2.002676
2.013357
1.998307
1.956194
2.014353
2.016850
2.030392
2.038978
2.004768
2.003051
2.011941
2.002130
1.990799
1.979537
1.971823
1.988932
1.989201
1.978658
1.984261
1.977149
1.988785
1.991955
1.992858
1.985123
1.983729
1.990491
1.974236
1.978316
1.998021
2.012656
1.973617
1.962808
2.002413
2.008828
2.010598
2.008940
2.019871
2.012192
2.003585
2.004589
2.008017
2.011531
2.037682
2.031638
2.016862
2.024296
2.018902
2.024035
1.994568
2.006056
2.009647
2.004458
1.996759
2.001398
2.019249
2.002251
1.989034
1.976847
1.985761
1.980581
1.993557
1.995868
2.010487
2.001931
1.999827
2.011659
2.022848
1.990555
1.998383
2.012003
2.007059
2.020231
2.010714
2.014390
2.060881
2.048964
1.988345
1.995197
1.976495
1.992236
1.986887
1.994132
1.998538
2.020927
2.001917
2.000239
2.010089
1.993008
2.003682
2.009224
2.018523
2.006140
2.001804
2.012484
2.009453
2.010795
2.019254
2.026795
2.030827
2.031899
1.990107
2.003618
2.015440
2.001207
1.995617
2.004697
1.990428
2.017843
2.002528
1.998230
1.984543
2.000042
2.003314
1.990397
1.992799
2.002090
1.991544
1.981370
1.960940
1.998564
2.002093
1.989677
1.997537
2.018109
2.007223
2.011065
2.003675
2.007460
1.997647
1.989880
1.989490
2.004811
1.998680
1.985833
1.972442
1.996776
2.005295
2.017756
2.003914
2.017600
1.991491
1.982685
1.948531
1.967054
1.976133
1.992103
1.957556
1.968311
1.994617
1.990881
1.990411
1.974208
1.986608
1.986447
1.968938
1.975598
1.999265
2.002332
2.016271
1.995902
2.005124
1.996319
1.994837
1.985777
1.998298
1.986670
1.983063
2.000711
1.997459
2.009477
1.990033
1.984956
1.983343
1.978920
1.955461
1.966661
1.978546
1.970703
1.968229
1.999057
1.991829
1.977047
1.983219
1.985625
2.005321
2.010434
2.009530
1.999981
2.004738
2.001433
2.019846
2.012230
2.012432
2.003755
2.017785
2.022924
1.999043
2.010860
2.013682
2.008539
2.003346
2.008471
2.020934
2.017484
1.995885
1.995784
2.001905
2.011217
2.011687
1.991022
2.012062
2.009603
1.997496
2.015868
2.041766
2.027858
2.003064
1.999821
2.026293
2.015157
2.001858
2.009802
2.035816
2.025373
1.998686
1.987897
1.976768
1.999777
2.012246
2.004695
1.995430
1.982805
1.976971
1.975196
1.956511
1.964483
2.006161
2.013550
2.028115
2.007209
1.995350
2.000083
2.025366
2.004499
1.996580
2.007071
2.002401
2.004933
2.008791
2.010883
2.019538
2.009192
1.996014
2.009050
2.004270
2.000987
1.983514
1.974146
2.001343
1.997434
2.003960
1.997275
1.994475
1.979089
2.012425
2.009513
2.041917
2.033415
2.018821
2.013675
1.994249
2.008830
1.999353
1.995596
1.990725
2.012359
1.987120
1.977835
1.979543
1.980578
1.994114
1.997224
1.989508
1.980259
2.008315
2.013514
1.994839
1.992408
1.988259
1.966001
1.962334
1.949591
2.001544
2.010222
2.028111
2.009489
1.993786
1.991938
2.021799
2.021936
1.989502
1.981746
1.965187
1.991838
2.008161
2.020377
2.033783
2.044257
1.991303
1.991097
2.025379
1.996120
2.001459
2.020287
2.028320
2.023316
1.996459
1.996054
1.972045
1.991136
2.003180
2.021322
2.027711
2.034816
1.998300
2.002548
1.988691
2.004612
2.007858
2.002632
2.010428
2.033793
1.994142
1.995095
1.998682
1.968630
2.020255
2.014556
2.030357
2.028696
1.992525
1.980484
1.986562
2.012406
2.001245
1.984101
1.967654
1.973344
2.007003
2.010652
2.020209
2.015441
2.007860
2.012186
2.017197
2.021718
1.996769
1.994890
2.017973
2.006155
1.991375
2.002415
1.984303
1.971729
2.002733
2.009313
1.976495
1.967374
2.014803
2.013031
2.003442
1.966052
1.994610
1.995933
1.986577
2.010177
2.015783
2.017448
2.026807
1.992069
2.007017
1.996728
2.018201
1.988274
1.994062
2.000292
1.954121
1.964912
2.012898
2.001997
1.981391
1.985409
1.999309
2.007840
2.022905
2.015663
1.980668
1.978914
1.987147
1.993242
1.998403
1.995940
2.027139
2.040544
1.991686
2.006669
1.997356
2.017500
1.997965
2.011406
1.997481
2.015562
2.005140
2.008942
2.034426
2.030820
1.985057
1.991846
2.003631
2.005221
2.018586
2.017810
2.025038
2.018053
2.004756
2.013024
2.036046
2.004951
2.002970
2.010537
2.008701
1.994835
1.983603
1.991605
1.974281
1.969913
1.995378
1.989809
2.028299
2.020691
2.003420
2.003689
1.999696
1.966068
2.009460
2.012950
2.016340
2.027699
2.007956
2.007093
1.999011
1.994594
2.014858
2.013033
2.014226
1.993712
1.993718
1.996767
1.967969
1.957816
2.007696
1.996800
1.985056
1.996878
2.004689
2.008458
2.015710
1.994578
1.997480
2.006982
2.021626
1.997491
1.999516
1.991963
2.014355
2.002091
2.001698
2.000381
1.983255
1.979815
1.994848
2.000981
2.009491
2.007961
1.980155
1.992344
1.985893
2.000467
2.018807
2.021317
2.015727
1.989718
1.992809
1.976652
1.981694
2.002346
2.006295
2.007555
2.016673
2.025827
1.988187
1.974638
1.978126
2.000662
2.003125
2.012973
2.027794
2.046338
1.992649
1.990524
1.997736
1.993338
1.977909
1.983568
1.970631
1.992586
1.996174
1.996077
1.997802
2.007813
2.009899
2.026365
2.039628
2.022282
1.989142
1.978565
1.978225
2.012316
1.996861
2.001501
1.998284
2.014530
1.997296
1.983768
1.981565
1.979959
2.012629
2.000309
1.976255
1.973323
1.993993
1.985719
1.959856
1.974719
2.009670
2.012390
2.013579
2.009323
2.005801
1.998138
1.998468
1.990580
2.008859
2.018138
2.009540
2.032229
1.996062
1.993384
1.997939
1.999369
2.006914
2.001547
2.019402
1.991073
1.983888
1.979081
1.947860
1.946739
2.018118
2.039348
2.074521
2.081994
2.000300
1.998397
1.994599
1.984261
2.003431
2.022138
2.050611
2.028609
2.006866
2.011061
2.024994
2.049690
2.007457
2.016858
2.002385
2.005891
1.991999
1.984832
1.966984
1.978810
2.000569
2.003933
1.991926
1.985946
2.004997
2.019609
2.014957
1.999603
2.013031
2.007438
2.015510
2.018017
2.005298
2.005682
2.028819
2.014069
2.013505
2.017640
2.006157
1.994956
2.000316
2.002747
1.991582
1.976776
2.003687
1.996609
1.969610
1.971525
2.000663
2.002474
2.021014
1.998853
2.005297
2.007778
2.021808
2.005979
1.980211
1.983643
1.971061
1.990796
1.994290
1.983010
1.980000
1.985189
2.020505
2.024935
2.027346
2.015525
2.003740
2.013957
1.999656
2.008689
2.004092
2.012378
2.017442
2.025468
1.986677
1.993199
1.985259
1.989961
2.006567
2.000373
1.993209
1.994957
2.002379
2.009631
2.004906
2.012823
2.019271
2.022606
2.041794
2.017890
2.000656
1.990047
1.975549
1.992668
2.001392
1.992675
1.957509
1.984889
1.991360
1.998128
1.997302
2.010191
1.989375
1.971054
1.969877
1.960864
1.993231
2.002739
1.971559
1.967247
1.994025
1.988577
1.988356
1.973350
2.000518
1.991850
1.985352
1.985690
2.007966
2.010064
2.008355
2.029305
1.982031
1.996600
2.005146
2.011133
2.013295
2.015614
2.018167
2.017081
2.020772
2.016922
2.022804
2.033890
1.997315
1.999070
1.964830
1.953462
1.999020
2.002484
1.992042
2.002299
1.990408
1.983661
1.927485
1.956125
2.008572
2.023115
2.018432
1.996591
1.986978
1.990049
2.011304
2.013120
1.993399
1.999539
1.991912
2.042390
1.999184
1.998488
2.008037
2.012259
1.989998
2.001306
2.001856
2.000068
1.998930
2.005807
2.010669
2.012722
1.992860
1.990239
2.003640
2.012341
1.998486
1.997145
1.989584
1.975522
1.997761
1.984082
1.998504
2.020493
1.995484
1.989481
1.956487
1.961273
2.013883
2.015172
2.023447
2.013368
2.005846
1.996808
2.019679
2.050524
2.014471
2.010245
2.004190
2.007528
2.001964
2.000431
1.987383
1.975480
1.983315
1.980927
1.970288
1.993927
1.999823
2.005453
1.990332
1.969914
2.000590
1.996105
2.004111
1.979713
1.991829
1.994713
2.009956
2.016278
2.002242
2.004948
2.007330
2.004008
2.012152
2.006019
2.015442
2.013803
1.997458
1.996965
2.014825
2.029593
2.002195
1.990915
1.966811
1.980978
2.007531
2.018883
1.997338
2.010124
2.005501
2.005601
2.008983
1.993958
2.000097
2.005560
2.031740
2.034997
2.002991
1.999967
1.978776
1.965930
2.002199
2.008223
1.994342
2.014571
1.988792
1.988089
1.988216
1.953415
1.997191
1.991896
2.008279
2.009138
1.993609
2.001377
1.975884
2.006349
2.006322
2.011167
1.990230
2.008349
1.993445
1.993937
1.985518
2.002924
1.999068
2.003419
2.016133
2.019269
1.994432
1.998868
1.999160
2.012958
1.996609
2.005460
2.030563
2.037099
1.994009
1.996584
1.991760
1.967764
2.001388
2.006181
1.993717
2.014760
1.988480
1.990421
1.986558
1.956801
1.983692
1.996119
2.007285
1.984497
1.996722
1.990198
2.010144
1.997071
1.999937
1.989713
2.007360
1.987767
1.984469
1.982297
1.997698
1.942431
2.013829
2.016758
2.018074
2.000606
1.999455
1.991371
2.025319
2.011314
2.005003
2.013274
1.979181
2.015306
1.996701
1.992153
2.029860
2.013618
2.007740
1.999435
1.984399
1.995794
2.010721
2.012576
2.036462
2.024260
2.005096
2.007995
1.989867
1.999642
2.010698
2.015879
2.025570
2.026529
2.020039
2.016865
2.008073
1.980373
1.999520
1.996768
2.017868
2.006048
1.993919
1.994877
1.978089
1.966736
1.987380
1.986625
1.988251
1.974388
2.005230
1.996257
1.974447
1.995037
1.993291
1.989446
1.989521
1.965138
1.988958
1.994346
1.961980
1.998661
2.001931
2.006571
2.011628
2.014125
1.995734
1.994971
1.994361
1.966805
2.014808
2.030439
2.037958
2.023439
1.990136
1.998124
2.000929
1.997715
1.990900
1.997306
2.011629
2.023337
1.991294
1.986106
1.989347
2.012575
2.001538
1.991841
1.991277
1.976777
1.997525
1.999687
1.990839
1.998705
2.007440
2.014141
2.017243
2.028795
1.995022
2.013597
2.022717
1.993740
1.985506
1.983383
2.000247
2.016859
1.986842
1.996329
1.994563
1.972089
1.996226
1.995414
1.996798
1.986582
1.995957
1.997818
1.968879
2.006858
2.000156
1.995979
1.996006
1.984367
1.997275
2.003466
1.992465
1.977514
1.990771
1.993441
1.991232
2.012915
2.005440
2.011759
2.010021
1.989028
2.003920
2.010477
2.001573
1.986784
1.991137
1.978115
1.979598
1.963418
1.994364
1.982514
1.986585
1.972526
2.026127
2.021110
2.005954
1.995080
1.994376
1.996056
2.020589
1.998750
1.984393
1.996268
1.985660
2.016908
2.001741
2.020416
2.005995
1.994921
2.002438
2.021251
2.034696
2.009424
1.996634
2.000104
2.011285
1.978643
1.993312
2.010253
2.021223
2.016767
2.005600
1.993637
1.997882
2.019773
2.002184
2.022966
2.010837
2.026269
1.984275
2.007170
1.987758
2.013882
2.006764
2.002794
1.999012
1.983169
1.988976
1.995946
1.953649
1.979277
2.003498
2.003231
1.997032
2.010610
2.000545
2.001230
1.983246
2.016598
2.003850
2.015452
2.004243
2.032016
2.010833
2.017301
2.017107
2.012263
1.998138
2.000267
2.018091
2.038302
2.000640
2.010825
2.039948
2.028964
1.980254
1.978495
1.994860
1.997706
2.006772
2.002865
1.989033
1.982510
1.999889
2.005973
2.007971
1.987780
2.005003
2.014994
1.991331
2.002401
1.982383
1.984772
1.998037
1.988345
2.004863
2.010432
2.013709
2.006668
2.001218
1.995967
2.018561
2.029924
1.992992
1.999408
1.988530
1.982583
1.981982
1.999103
2.003868
1.974910
1.991991
1.985662
2.011564
2.011251
1.985304
1.993168
1.994527
2.008324
1.999962
2.009019
2.027016
1.994623
1.991515
1.992269
1.991088
1.946054
1.987669
1.980645
1.993157
2.026828
1.974320
1.982051
1.993243
2.007050
2.009317
2.007523
2.000059
1.987311
1.993501
1.987080
1.984893
1.996804
2.012521
2.006735
2.016612
1.974689
2.009809
2.005154
1.979978
1.985720
2.001650
1.985797
1.952546
1.984091
1.999664
2.011494
2.012425
2.032809
2.001582
2.005041
2.009377
2.017643
1.999645
2.014967
2.038574
1.986487
1.988745
1.994533
1.960345
1.984249
2.022742
2.029739
2.023722
2.020230
2.015472
2.029900
2.021000
1.996802
2.000256
2.004142
2.015284
2.036918
1.995327
1.981822
1.988710
1.989843
1.987372
1.980610
1.984703
1.982325
2.002174
2.005531
2.018122
2.007890
1.989740
2.003081
1.978255
2.011164
1.990206
1.986780
1.980768
1.998847
1.999312
2.009701
2.029273
2.019546
1.991623
1.996837
1.989836
1.988249
1.996247
1.976201
1.967080
1.959029
2.013141
2.019760
2.022302
2.001783
1.997266
1.989784
1.995908
2.028919
2.001575
1.992702
1.981662
1.975646
1.997246
2.007666
2.014227
1.988615
2.004034
2.001771
1.985888
1.948470
2.012672
2.015127
1.993076
1.972111
1.999516
1.999085
2.031940
2.018583
1.989462
1.982022
2.006002
2.012343
2.011567
2.017403
2.016646
2.012727
1.975746
1.977192
1.988947
1.977038
1.978290
1.983063
1.980488
2.005225
2.000096
2.000941
1.993548
2.011003
2.018322
2.017696
2.035462
1.990663
2.005093
2.005943
2.009263
1.992745
1.983216
1.976935
1.955829
1.973368
1.991691
1.991842
2.001939
2.030712
1.990720
1.982188
1.980595
1.975168
1.986057
1.983564
1.954975
1.950503
2.013266
2.021071
2.009742
2.005937
1.988445
1.981109
1.977706
1.959475
2.015485
2.006030
2.034398
2.011813
1.997449
1.986134
1.952162
1.985771
2.003365
2.006658
2.030790
1.999203
1.984515
1.979929
1.959999
1.975241
1.994405
2.001657
1.976912
1.985574
2.011206
2.000050
1.987300
1.994672
1.991184
2.004370
2.001823
2.002841
2.009599
2.010241
1.983261
1.978657
2.013114
2.016946
2.019819
2.001373
1.999620
1.994975
1.992469
1.982910
1.997307
2.008279
1.985819
1.999095
1.994565
1.988504
1.986315
1.984398
2.004429
2.003589
1.985808
1.982776
1.995778
1.991291
1.943370
1.962324
2.004513
1.994234
2.001931
2.005694
2.005392
2.011832
2.013405
2.002841
2.005351
2.017792
2.023653
2.039752
2.012118
1.988250
1.961721
1.984387
2.014260
2.008896
2.012323
2.007902
1.994067
1.971425
1.977911
1.997647
2.001941
2.008532
2.012053
1.987227
2.013332
2.022175
2.026906
2.022713
1.983633
1.994382
2.023507
2.009309
2.003927
2.000637
2.005962
1.990437
1.991253
1.991359
1.994863
2.002252
1.999965
2.005499
2.010260
2.020665
1.993717
2.002931
1.993812
2.011820
1.990383
1.995549
1.999827
2.019009
2.012587
2.021009
2.038856
2.018847
1.984783
1.989383
1.975236
1.982327
1.998914
1.980169
1.963768
1.981545
2.000950
2.002405
2.014809
2.016720
2.012483
2.003010
2.016933
1.975977
1.991806
2.001837
2.020645
2.000940
1.998247
2.013746
1.995463
1.993618
1.992449
1.986283
1.995147
2.004946
1.999733
2.005403
2.004670
1.982354
2.008599
2.016664
2.013898
2.014289
2.012835
2.012028
2.027489
2.028792
1.993590
1.989814
1.998167
1.975588
1.981998
1.988543
1.990266
1.982789
1.995898
2.000659
1.999872
2.001258
1.980260
1.983520
1.988416
1.998884
1.986810
1.981827
1.987704
2.014303
1.998056
2.010308
2.001731
1.990916
1.999975
2.002891
1.999335
1.986891
1.994794
2.005070
2.009762
2.023476
2.000302
2.002369
1.971516
1.966477
2.004244
2.000333
1.965118
1.996508
1.999989
2.007796
2.012511
1.997210
2.012278
2.014864
2.021597
2.000153
1.999508
1.997880
2.001718
1.991150
