1.999410
2.011423
2.048645
2.000153
2.005639
1.988833
1.994741
2.002525
1.994768
2.008929
2.001040
1.981609
1.998429
2.009458
2.046572
1.999531
2.005329
1.990105
1.994741
2.002525
1.994768
2.008296
1.999447
1.980747
2.009344
2.021312
2.043431
1.979911
1.983508
1.994065
1.991107
2.007405
2.008302
1.998218
1.981423
1.970971
2.008758
2.020148
2.038966
1.977026
1.981141
1.993897
1.991107
2.007109
2.008594
1.999702
1.982582
1.971849
2.007885
2.014554
2.001038
1.997845
1.996178
1.969194
2.013753
2.007658
2.008285
1.987421
1.985623
1.989855
2.008507
2.015876
2.004427
1.999632
1.997923
1.969936
2.013657
2.007627
2.008316
1.987226
1.985354
1.989834
1.993206
1.981773
1.989171
1.983729
1.975657
1.989147
1.999648
1.991713
1.981537
1.973656
1.987647
2.014301
1.993241
1.981561
1.991369
1.985584
1.977539
1.990825
1.999379
1.991376
1.981282
1.974305
1.987401
2.015120
1.997574
1.998018
2.005288
1.980182
1.980685
1.980141
1.998051
1.988641
1.991319
2.008572
2.001618
2.009489
1.997025
1.997168
2.003468
1.977160
1.978445
1.972150
1.998235
1.988847
1.991304
2.010242
2.003500
2.009594
2.005006
2.010983
2.001690
1.992734
1.998622
2.020941
1.999039
1.996720
1.957527
1.961255
1.976506
2.019373
2.005006
2.011122
2.001744
1.992512
1.998701
2.020701
1.998832
1.996545
1.957416
1.961161
1.976315
2.019925
2.002710
2.003514
2.028862
2.034282
2.036003
2.029391
2.010676
2.007729
2.025437
2.009525
2.009816
2.007073
2.003410
2.004907
2.032736
2.038874
2.038906
2.032211
2.010676
2.007642
2.025031
2.008850
2.009758
2.007450
2.002346
2.006965
2.009545
2.016699
2.025231
2.031919
2.004498
2.009799
1.999879
2.009388
2.017432
2.003551
2.002096
2.006978
2.009189
2.015564
2.023365
2.030202
2.004134
2.009667
1.999807
2.008178
2.015348
2.003090
1.997563
1.996940
1.981335
1.967130
1.968144
1.971348
1.999767
1.999280
2.005907
2.025006
2.010236
2.015600
1.997505
1.996860
1.980044
1.964899
1.966297
1.969176
1.999767
1.999409
2.006073
2.025004
2.009372
2.016319
1.980645
1.965046
1.929917
1.967302
1.982088
1.996141
1.998051
2.003059
2.015696
2.016097
2.007436
2.005065
1.980314
1.965046
1.929862
1.967458
1.983357
1.994457
1.998191
2.003103
2.016976
2.017187
2.009021
2.008873
2.007024
2.023450
2.040471
2.053600
2.030113
2.030349
2.007254
2.010583
1.996486
2.027598
2.023697
2.026613
2.006596
2.022028
2.039119
2.048300
2.026070
2.027811
2.007254
2.010583
1.996486
2.027466
2.023945
2.026692
2.012853
2.002247
2.040203
2.026483
2.028209
2.038212
1.993743
2.017850
1.997127
2.022126
2.019873
2.020310
2.012827
2.001817
2.039900
2.025709
2.027582
2.035607
1.993978
2.017715
1.996767
2.020609
2.018891
2.020182
2.008985
2.008081
2.038300
2.038076
2.031116
2.010955
1.993145
1.992063
1.974592
1.977558
1.985702
1.984669
2.008142
2.006780
2.034770
2.034409
2.027277
2.008147
1.992776
1.991661
1.973772
1.981371
1.986958
1.983466
1.999707
1.991861
2.012678
2.003657
2.013356
2.003382
1.997700
1.999356
2.011530
1.974467
1.987811
1.984171
1.999707
1.991808
2.012587
2.003489
2.013046
2.003369
1.997700
1.999356
2.011444
1.973972
1.986905
1.984062
1.997964
1.995028
1.992695
1.993517
2.003453
2.008990
1.993399
2.007068
2.025015
2.003709
1.998800
1.999772
1.998251
1.996233
1.990328
1.988286
1.999185
2.005359
1.993108
2.007142
2.024216
2.003057
1.998034
1.997903
1.998044
2.002647
2.019144
1.994969
1.998491
1.999230
1.993360
1.989108
1.999098
1.998707
2.002529
2.001856
1.998739
2.003293
2.019021
1.996848
1.998369
1.997842
1.993360
1.989191
1.999098
1.997539
2.001217
2.001647
1.990893
1.993575
1.991536
1.989951
1.991988
1.988524
2.006811
2.021274
2.028088
2.021728
2.018649
2.030053
1.990987
1.994829
1.993299
1.991369
1.990948
1.987015
2.007057
2.021199
2.030660
2.022234
2.019087
2.028405
2.004887
2.024313
2.040242
2.019086
2.022607
2.033887
2.002652
2.006963
1.999035
1.994350
2.006211
2.015389
2.004887
2.024288
2.039995
2.018453
2.022886
2.033866
2.002652
2.006963
1.999035
1.994180
2.005058
2.014079
1.983787
1.999121
1.992241
1.970108
1.974527
1.969639
1.996260
2.004462
1.996780
2.021040
2.013486
2.015446
1.985142
2.001346
1.990992
1.971073
1.973954
1.969762
1.995962
2.004113
1.995423
2.020615
2.014328
2.015189
2.004037
2.004993
2.029655
2.037754
2.027467
2.026501
2.013660
2.015587
2.032639
2.036944
2.049876
2.060368
2.003395
2.003249
2.027414
2.035051
2.024385
2.025007
2.013383
2.014838
2.031279
2.037389
2.051421
2.059616
1.980859
1.974724
1.973225
1.966930
1.989804
1.993161
2.016890
2.008211
2.018211
2.029734
2.026315
2.056326
1.980309
1.974274
1.973185
1.967247
1.991540
1.994104
2.016114
2.007637
2.018426
2.029965
2.026331
2.057253
2.000074
1.991942
1.987460
1.967145
1.978577
1.980470
2.000459
2.004147
1.996758
2.000368
2.007309
2.014330
1.999057
1.991163
1.988297
1.965979
1.977009
1.977144
2.001291
2.005084
2.002214
2.002905
2.008994
2.014685
2.004311
1.997030
1.981702
1.996535
1.990737
1.971038
2.007677
2.004408
1.991889
1.993551
1.998327
1.992896
2.004030
1.996543
1.979534
1.995567
1.989872
1.971135
2.007343
2.004112
1.990354
1.992540
1.997929
1.991746
2.008796
2.004210
1.995540
1.995979
1.988565
1.984210
1.992811
1.998924
1.979237
1.968630
1.975121
1.985762
2.009364
2.005082
1.997550
1.999411
1.994147
1.986544
1.991294
1.997071
1.978188
1.970194
1.975653
1.987870
1.992880
1.993642
2.011598
1.996681
2.003193
2.013293
1.991063
1.992569
1.943435
1.949519
1.967209
2.004907
1.992880
1.993516
2.011605
1.997472
2.003953
2.013892
1.990773
1.992210
1.942292
1.949164
1.966439
2.004108
1.993842
1.992594
2.012188
1.999116
1.993206
2.002471
2.023794
2.020067
2.028023
2.001932
2.009874
1.993494
1.993902
1.991707
2.011421
2.001101
1.995570
2.005831
2.023123
2.019656
2.029311
1.999329
2.006237
1.987645
1.991154
1.990006
1.979366
1.973686
1.985047
2.002760
2.001797
2.009623
2.009677
2.006288
2.005023
2.015639
1.991154
1.989684
1.976491
1.972299
1.984439
2.001519
2.001797
2.009623
2.009677
2.006097
2.005305
2.015909
2.002844
2.007333
2.008244
2.006669
2.013214
2.013973
1.995898
2.000066
2.012095
1.999694
1.992729
1.991234
2.002151
2.005901
2.010007
2.006062
2.013139
2.014769
1.995898
2.000174
2.012349
1.999544
1.992502
1.991299
2.001978
2.015618
2.025075
2.004650
1.990180
2.009277
1.997029
2.000770
2.018044
2.045490
2.032480
1.996652
2.003067
2.016573
2.025132
2.003832
1.987342
2.005288
1.997205
2.000623
2.017246
2.044666
2.030723
1.997698
1.998716
2.011574
2.001780
2.015265
2.016430
2.021928
2.003393
1.999555
1.993095
1.984813
1.979202
2.002839
1.997870
2.009155
1.998905
2.011171
2.011567
2.018676
2.003748
1.999810
1.992152
1.976091
1.975144
2.005304
1.991297
1.997008
2.003646
2.009323
2.014103
2.019106
1.993160
2.008222
1.985700
1.981560
1.997810
1.999710
1.989893
1.995545
2.000241
2.003045
2.009656
2.019177
1.992501
2.005665
1.984352
1.981532
1.998526
2.000740
2.000089
1.995186
1.993633
1.960766
1.977600
1.977525
1.999987
2.002204
1.978090
1.996985
1.999514
2.002428
1.998514
1.993204
1.989678
1.959156
1.978031
1.978714
2.001285
2.003211
1.980928
1.999894
2.001666
2.003997
2.006878
2.010180
2.028300
2.039922
2.036852
2.017636
2.008773
2.018700
2.011241
1.989129
1.983037
1.971622
2.007110
2.010076
2.025409
2.040046
2.036614
2.016624
2.008497
2.018346
2.009849
1.988478
1.982777
1.971061
2.004852
2.002367
2.010783
1.999315
1.993459
1.986848
1.991307
1.987327
1.990620
1.994494
1.987242
1.981369
2.005238
2.002904
2.011820
2.004528
1.997117
1.988568
1.991307
1.987327
1.990947
1.995022
1.988151
1.981516
1.990070
1.994138
2.017234
2.014234
2.034555
2.021962
2.008139
2.005200
2.030667
2.021258
2.020617
2.016531
1.988979
1.992373
2.015346
2.016979
2.036414
2.023226
2.008304
2.005721
2.031956
2.020304
2.019401
2.014392
1.996204
1.995839
1.984453
1.967880
1.965885
1.965790
2.006531
2.017155
2.005242
2.026116
2.011837
1.999902
1.996400
1.995785
1.984341
1.967067
1.967386
1.967370
2.006841
2.017449
2.003637
2.023754
2.009705
1.997741
2.011364
2.020692
2.032952
2.026336
2.019251
1.995126
2.013708
2.018112
2.019877
1.994170
1.996311
2.015944
2.012354
2.021839
2.033899
2.028510
2.022254
1.998642
2.014832
2.019201
2.022478
1.994001
1.995850
2.014013
2.006823
2.020789
2.010916
2.011873
2.002068
1.984046
1.996792
2.001194
1.999306
1.983583
2.005704
2.026269
2.006823
2.020789
2.010691
2.011894
2.002097
1.984648
1.996792
2.000644
1.997930
1.983953
2.006003
2.025721
1.996038
1.991244
1.979165
1.969613
1.989409
1.980840
2.014905
2.022347
2.035419
2.024872
2.009713
2.014194
1.995738
1.990724
1.977646
1.969821
1.989672
1.981498
2.015004
2.022414
2.033864
2.024260
2.007994
2.010758
2.000937
2.003370
1.985416
1.988049
1.995858
1.997861
1.995662
1.996456
1.984578
1.950266
1.967313
1.990672
2.000333
2.002536
1.981856
1.989144
1.996190
1.996834
1.997205
1.997713
1.988831
1.954133
1.973053
1.995012
