2.001344
1.993033
2.002020
1.980880
1.983234
1.976689
1.976419
2.006129
2.009945
2.013669
2.002801
1.981355
2.004091
2.011828
2.031605
1.994478
2.006026
1.998012
2.013638
2.006398
1.982415
1.992985
1.992776
1.971972
1.998128
2.009385
2.011134
2.009379
2.009984
2.006834
1.979564
2.009380
2.008806
2.012581
2.018145
2.025518
2.001877
2.004979
2.018294
1.992955
1.994732
1.996714
1.999431
2.020203
2.004063
2.001032
2.019986
2.010233
1.990511
1.992740
1.973644
1.954543
2.003827
2.008685
2.015220
1.993140
2.003931
2.007940
2.017623
2.004538
2.025330
2.021234
2.001236
1.990810
2.003212
2.010610
2.017805
2.001414
2.003665
2.012734
1.991206
2.027909
1.977503
1.990502
1.986762
2.000463
2.006452
2.019372
2.019386
2.053549
1.997024
2.002364
2.011502
1.973790
1.981264
1.973647
2.003706
2.001062
1.994975
1.997263
1.998355
2.003400
2.003666
2.014030
2.028127
2.045167
2.001270
2.002736
2.024751
2.030845
2.003536
2.000961
1.998639
1.978451
1.987456
1.976723
1.979214
1.989702
2.002580
2.013642
2.014542
2.013045
1.987282
1.975650
1.976162
2.013917
1.985384
1.986008
1.977229
1.966768
2.008819
2.014506
2.011713
2.006991
1.994036
1.992358
2.019513
2.028960
2.002374
2.004759
2.010040
2.006082
2.008064
2.012742
2.011156
2.007099
1.998366
2.001973
1.996194
1.999740
1.998734
2.009476
2.009276
1.990468
1.995567
1.996622
1.976880
1.994462
2.013257
2.010649
2.014920
2.017932
1.985596
1.981014
1.951016
1.952557
2.008637
2.005427
1.988032
2.011572
1.996672
2.004246
1.994041
1.989414
2.019920
2.016216
2.028112
2.019306
2.023740
2.030376
2.025527
2.023944
2.006617
2.016483
2.003940
2.006972
2.007984
2.012852
2.008392
1.969563
1.991772
1.995006
1.992503
1.954352
1.996215
1.994345
2.016862
2.005558
2.011384
2.017686
2.014587
1.995927
2.004854
2.007020
2.031892
2.014450
2.006111
2.007412
2.000480
2.029179
2.013432
2.004567
2.011277
1.972798
2.016687
2.017122
2.027576
1.995425
2.005944
2.016108
2.023901
1.995886
2.005062
2.005887
2.023233
2.005740
2.000235
1.991730
1.983597
1.994682
1.994434
2.008862
2.028967
1.982398
1.979993
1.977292
1.986188
1.997015
1.987261
1.999899
1.993989
1.981410
2.003293
2.011679
2.019849
2.024206
1.997073
1.989082
1.955905
1.961929
1.996099
1.982598
1.990171
1.979547
1.985156
1.992253
2.003869
2.003832
2.012129
2.022754
2.029412
1.984812
2.000666
1.989277
1.971943
1.992738
1.983964
1.973942
1.989266
1.942038
1.997346
2.006535
2.017263
2.024466
1.997698
1.993271
2.034570
2.023650
2.005673
2.005172
2.001634
1.964966
1.994383
1.988926
1.989113
1.972822
2.004466
1.981469
1.989667
1.958721
2.006176
1.999836
1.991372
1.979846
1.994034
1.994211
1.975158
1.971828
1.994859
1.994523
2.002414
1.997343
2.022492
2.018265
2.025273
2.034096
1.994229
1.982874
1.979960
2.003958
1.990183
1.982371
2.004045
2.009625
1.998335
1.996715
1.981990
1.979438
1.998432
2.003428
1.985051
2.006270
1.986058
1.988533
2.010250
2.011059
1.981550
1.986868
1.966398
1.991573
2.021516
2.017838
2.040010
1.995885
2.005648
2.007214
2.014539
2.021447
2.006255
2.011320
2.050788
2.026004
1.992524
1.990462
2.002557
2.011568
2.006502
2.009360
1.998775
1.998762
1.984804
1.979166
1.948087
1.947010
1.993629
1.994781
1.996460
2.006492
1.993149
1.991751
1.960117
1.953879
2.005679
1.997201
2.021002
2.048072
1.993634
1.984908
1.994421
1.979951
2.004805
2.012123
2.040075
2.013412
2.013669
2.002066
1.974938
1.974574
2.002134
1.986756
1.992080
2.007616
2.002548
1.997367
2.004886
1.981481
1.986782
1.994679
2.013842
2.009976
2.009335
2.012682
1.987605
1.986457
1.996831
1.994901
1.995544
1.993580
1.977949
1.964806
1.963766
2.005680
2.003136
1.992926
1.969728
1.982602
1.985348
1.993231
2.009322
2.015760
2.001507
1.997180
1.971661
1.974188
2.001016
2.017874
2.044974
2.026922
1.993935
1.983022
2.003279
1.989218
2.001829
2.008110
1.992821
2.011832
1.994186
1.993212
1.999097
2.002195
2.011549
1.986625
1.962397
1.989028
2.005451
2.019916
2.016091
2.005155
1.996680
2.001092
2.025256
2.027306
1.993000
1.994186
1.986045
2.004327
1.988501
1.986257
1.980799
1.951345
1.984955
1.990677
2.015156
2.003715
2.004865
1.997762
1.962229
1.966430
2.007375
2.017215
2.007925
2.002432
2.001136
2.005442
1.992753
2.011822
2.021088
2.009602
1.994132
1.986810
1.989783
1.998622
2.000355
2.014381
2.019395
2.021461
2.021420
2.013072
1.998282
2.005904
2.002526
1.981402
1.984502
1.982362
1.995639
1.942699
2.007756
2.014502
1.996664
1.984662
2.013775
2.005742
2.026918
1.973622
2.003098
2.010522
2.005089
2.014575
2.008423
1.995706
2.012640
2.002937
2.008873
2.000914
1.985221
1.995566
2.013905
2.007808
1.983745
1.998460
2.007679
2.016103
2.011502
2.013091
1.988987
1.970536
1.970973
1.966599
1.998347
1.999731
1.990182
2.004316
1.997882
1.996848
2.014643
2.001282
1.987289
1.993142
1.993889
2.019489
1.983732
1.987709
1.985960
1.991959
1.981813
1.998688
2.010662
2.016474
1.993182
1.999883
1.993200
2.005136
1.988144
1.993442
1.961021
1.999243
1.994416
1.990826
1.973707
1.973188
1.994923
1.994615
1.968231
1.965244
1.992843
1.987708
1.937550
1.969134
1.995384
1.990658
1.998437
1.999983
1.988450
1.995002
2.010638
2.020001
2.006261
2.000693
2.007897
2.004024
2.003671
2.006567
1.990015
1.985728
1.990608
2.000149
1.997520
2.001936
1.997853
1.997133
2.018804
2.013138
1.995060
2.013976
2.020008
1.992163
1.974501
1.984502
1.985601
1.991672
1.980361
1.982750
1.975925
1.994529
1.996227
1.989219
1.956422
1.959024
2.002777
2.000341
1.996849
2.020049
1.998663
1.993427
1.987514
1.981309
2.016384
2.017881
2.054407
2.014866
1.986572
1.978360
1.989489
2.003434
1.985854
1.983086
1.975193
1.993554
2.002070
2.005169
1.996522
2.000577
1.992194
1.979241
1.979896
1.963564
2.005275
2.005207
2.013542
2.011416
1.996475
2.003115
2.025528
2.023279
2.010440
2.004158
2.014646
2.015831
2.013479
2.010960
2.048267
2.021828
2.000574
2.019510
2.006301
1.996869
1.997211
2.010776
2.007211
2.008923
1.992944
1.989015
2.003166
1.989247
2.002950
2.010342
2.037845
2.040384
1.996095
1.983334
1.979186
2.013814
2.002876
2.023597
2.011666
2.027966
1.988605
1.978868
1.981368
1.962085
1.997950
2.006052
2.029169
2.022277
1.994342
2.001778
1.976958
2.003978
1.986606
1.994101
1.980456
1.990077
1.999500
2.001220
1.984572
2.017325
2.008675
1.996256
2.008177
2.020064
1.999350
2.000646
2.004363
1.994638
1.995950
2.006165
2.032885
2.035986
2.004327
2.012859
2.011892
2.012815
1.980094
1.977649
1.991213
1.995127
1.994494
2.006681
1.998763
1.997462
2.003119
2.009760
2.002453
1.999011
1.998034
1.991172
2.012802
1.998457
2.013308
2.005472
2.020280
2.018612
2.004797
2.009548
2.012857
2.007196
1.988236
1.987911
2.004058
1.994640
2.004685
2.004564
2.016615
2.001532
1.999749
2.005290
1.969984
2.009000
1.994215
1.999894
1.987658
2.013020
1.984714
1.991786
1.993393
2.009350
2.003638
2.004541
2.000097
1.987309
1.990892
1.981187
1.976458
1.973179
2.008111
2.010903
2.023541
2.023333
2.011563
2.017622
2.021296
1.990954
2.009855
2.008533
2.004089
1.992455
2.018248
2.011728
1.982815
1.962456
2.001156
1.992245
1.992736
2.029256
2.001966
1.991099
1.969646
1.992387
2.007493
2.005330
1.996699
1.964953
2.000411
2.012404
2.014342
2.033225
1.989694
1.996781
2.000274
1.988615
1.997764
2.002527
2.005603
1.993955
2.013970
2.031335
2.039596
2.018503
1.988437
1.998366
2.001094
1.987430
2.014711
2.029076
2.020248
1.999241
1.991893
1.984829
2.016673
2.001678
2.008209
2.009126
2.004954
1.979352
1.994295
1.994385
1.986075
1.999934
2.001030
1.980025
1.945561
1.951383
1.991238
2.005157
1.979707
2.013284
2.003459
2.015320
2.010262
2.003412
2.015464
2.005782
1.983741
1.978472
1.995388
1.993272
1.999101
1.991063
1.997199
2.017256
2.008030
1.979613
2.014445
2.021230
2.022757
2.002826
1.995413
1.997080
1.990853
1.967981
1.997415
2.002248
1.995594
2.016647
2.003463
2.009236
2.006054
1.985904
2.008511
2.022437
2.016844
2.037481
2.013573
2.017832
1.995631
1.974084
2.011977
2.007484
2.010238
2.032292
2.010275
1.999743
1.999857
2.031848
1.991577
1.994117
2.020834
2.001354
1.995800
2.017991
2.022719
2.005015
1.978511
1.984333
1.983400
2.010047
1.987013
1.988249
1.995230
1.995675
2.000575
2.007108
2.033660
2.010987
1.998166
2.016613
2.023285
2.016381
2.007313
2.001226
2.000928
1.990520
1.991980
1.993080
2.006172
2.034037
2.008481
2.007709
2.011955
2.004250
2.012022
2.003264
1.987026
1.976671
1.987277
1.992296
1.948508
1.968919
2.001129
2.012927
2.050919
2.032992
2.016680
2.007046
2.035440
2.013666
1.993343
2.005217
2.010730
2.004049
2.012598
2.015915
2.035242
2.019643
1.997646
1.996895
2.012150
2.035226
1.987215
1.987844
1.990500
2.007844
2.010037
1.997551
1.984171
1.993143
1.995540
2.006142
1.966359
1.996137
2.015264
2.002369
1.991522
1.978085
2.007118
2.019652
1.997146
2.009756
1.990744
1.987384
1.986925
1.998848
1.997433
2.008723
1.988466
1.999661
2.001666
2.006882
2.002981
2.018084
2.005515
1.998308
2.008129
2.027121
1.979728
1.998149
2.004539
1.979810
1.994828
1.989225
1.995065
1.993541
2.006116
2.013059
2.015550
2.004352
1.994755
1.992054
1.978167
1.964904
2.010457
2.016455
1.980785
1.987974
1.984825
1.974590
1.984862
2.025985
2.012178
2.000156
2.003573
2.020153
2.001925
2.008049
2.012868
1.988881
1.996054
2.000550
1.970976
1.959398
2.002558
1.996574
1.964878
1.989627
2.008520
2.004499
1.979951
1.986262
1.997999
2.012151
2.001221
2.011434
2.000019
2.005025
2.007809
2.020644
1.990964
1.986392
1.994329
1.996918
2.002455
2.003059
2.013113
1.996073
1.989513
1.994742
1.957618
1.981974
1.985104
1.977337
1.990584
1.999542
1.997097
1.978131
1.962403
1.979515
1.988370
1.998016
2.007233
1.995000
1.989171
1.995988
2.002413
1.990198
1.991229
1.984792
1.993687
1.992533
2.017127
2.019540
2.052236
2.026942
1.992859
1.986005
1.993874
2.003183
2.002211
2.006779
2.007294
2.002234
1.991597
1.993247
1.995333
1.971363
1.990756
1.994834
1.992759
1.991816
1.986519
1.991870
2.006870
2.008085
1.982546
1.989696
1.989862
1.982301
1.989158
1.985053
1.971304
1.988640
2.021705
2.030292
2.020017
2.016095
1.995402
2.004355
2.004548
1.981751
1.996574
2.005843
2.030494
2.003588
2.000850
2.002918
2.000253
1.986805
2.008326
2.006976
1.994411
1.996293
2.004057
2.004199
2.008905
2.008664
2.013257
2.015761
2.015097
2.010946
2.005792
2.002477
2.003754
1.990921
2.012138
2.014935
2.021280
1.999184
2.011770
2.008196
2.006563
2.035106
2.011492
2.009274
1.972702
1.956838
2.001249
1.999869
2.002268
1.995564
2.006481
2.004324
2.029106
2.023410
1.994807
1.994914
1.989771
2.008342
1.991497
1.995310
1.973420
1.988117
1.994214
1.992319
1.955329
1.974826
2.014908
2.022715
2.015643
2.011903
2.001412
2.014923
2.036482
2.029823
1.987521
2.005674
1.990366
2.019842
1.996605
2.005030
2.007630
2.024394
2.014063
2.012223
2.034944
2.047429
1.986407
1.982299
1.970398
1.984312
2.011779
2.008894
2.013210
2.001943
1.998224
1.993592
2.011313
1.991287
1.981537
1.976193
1.975972
1.976345
2.000333
1.983952
2.000178
2.024107
2.014741
2.018579
2.021131
2.003196
1.997449
2.000682
1.999468
2.012770
1.990465
1.983961
1.975596
1.998748
2.008661
2.021357
2.034686
2.030092
1.990805
1.987342
1.988595
1.985096
1.993578
1.988917
1.939951
1.960919
1.996179
2.000266
2.008103
1.988094
1.980396
1.985299
1.995823
1.992932
2.008343
2.019061
2.020357
2.028870
2.004353
1.992308
1.984635
1.994350
2.011970
2.006075
2.009451
2.004521
2.000089
2.008963
2.005671
1.996915
1.984619
1.981391
1.959815
1.992234
2.004467
1.996083
1.974619
2.004620
1.991455
1.984833
2.009984
2.001021
1.998639
1.993135
1.995561
1.981375
1.988004
1.995489
1.994412
1.979544
2.004060
2.002143
1.984353
1.987882
1.983157
1.962996
1.947995
1.996302
2.013475
2.009609
1.996364
1.989215
2.010621
2.018285
2.036873
2.019565
1.990609
1.978577
1.981546
1.977100
2.008897
2.002501
1.996466
1.998919
1.999098
2.002443
1.986215
1.993359
2.013044
2.022054
2.010393
2.000353
1.992185
2.001666
2.014585
1.995478
2.005310
2.014577
2.061263
2.019102
1.995314
1.981380
1.925010
1.971624
2.007447
2.025053
2.035397
2.020211
2.002867
2.005904
2.013702
2.019268
2.012995
2.013823
2.027050
2.026663
1.989749
1.988280
2.014802
1.998829
1.984358
1.993712
1.983692
2.005238
2.015756
2.011892
2.016826
2.028813
1.998522
2.016609
2.029756
2.019511
1.981888
1.976586
1.978259
2.006123
1.995785
2.003858
2.026358
2.024295
1.994841
1.993967
1.998264
1.968367
1.995317
1.992265
2.008350
2.001612
2.012491
2.020156
2.018536
1.997920
2.004050
2.002184
1.966580
2.002034
2.012328
2.011972
2.022709
1.987371
2.005204
2.011599
2.016670
1.977308
1.998968
1.994736
1.987410
1.969924
2.014222
2.014103
2.013521
2.010906
1.993763
1.986395
2.007643
1.997507
1.983497
1.985246
1.982072
2.008746
2.011209
2.003388
2.017356
2.014938
1.998309
2.014007
2.019939
2.008692
1.997488
1.990502
1.977765
1.961383
1.996104
1.989977
1.976653
1.996718
1.972622
1.961118
1.949340
1.976099
1.989266
2.002517
1.995986
1.996265
1.995289
1.987736
1.964592
1.959105
2.001473
2.001568
2.003584
2.020167
1.994852
1.979982
1.987599
2.000127
2.002441
2.001739
2.009718
2.005283
1.987584
1.987638
1.980612
1.972829
2.016980
2.009620
2.017341
2.030005
1.999992
1.997987
1.993109
1.987536
2.007652
1.996335
2.012627
2.026768
1.996021
1.992820
1.985109
2.006963
2.001450
2.008530
1.988412
1.994790
1.993714
1.993260
1.952958
1.970711
2.007741
2.003776
1.988373
2.012012
2.013793
2.016806
2.008794
1.992500
2.017271
2.018942
2.033136
2.015666
1.991094
1.995615
2.005214
1.984685
2.025760
2.017227
2.000595
2.030669
2.005230
1.993274
2.003812
2.016858
1.977327
1.985172
2.002197
2.010661
1.990480
1.994198
2.035214
2.009237
2.018321
2.018520
2.029687
2.023091
1.991629
1.989299
1.971017
1.996475
2.008493
2.017367
2.048262
2.001951
1.995642
2.005188
2.005113
2.005430
1.991084
1.996189
2.020445
2.014788
2.016364
2.016773
2.013098
2.037613
1.999571
1.991129
1.985372
2.015648
2.016234
2.017387
2.038647
2.001738
2.003634
2.003014
2.040426
2.010704
1.990379
1.993952
1.991217
2.006301
1.997068
2.001120
1.977888
1.999392
1.991268
1.993558
1.976480
1.963550
1.993175
1.981750
1.973446
1.986195
1.988467
1.980061
1.971306
1.952317
1.990811
1.985257
1.986483
1.982772
1.998786
2.002612
1.989735
1.997982
1.992458
2.001529
2.004866
2.001679
1.998031
2.001911
1.998034
2.004976
2.000681
1.998116
2.016026
2.021724
1.997971
2.000121
2.015036
2.001878
1.997084
1.997981
2.008083
2.007640
1.998042
1.999617
1.976609
1.998884
1.993236
1.996670
2.009840
1.993897
1.982810
1.981712
1.985479
2.022624
1.995187
1.981710
1.956800
1.994162
1.998064
2.001657
2.000110
2.004978
1.987509
1.988105
2.007590
1.999755
2.012895
2.015786
2.059348
2.041347
1.997477
2.009330
2.019169
2.023108
2.003387
2.010559
1.999753
2.015531
2.010768
2.010836
2.015691
2.034234
1.999470
2.004326
2.003711
2.016506
