2.005276
2.021060
2.051315
2.028117
2.013431
2.020961
2.005567
2.009921
1.997908
2.012299
2.013850
2.014780
2.010268
2.015683
2.025602
2.023079
2.015940
2.019501
1.984780
1.984406
1.960166
1.973644
1.978921
1.998836
2.001332
1.998941
2.014160
2.022751
2.017897
2.017872
1.997961
1.999093
2.023142
2.011070
2.014650
1.992762
2.001593
2.012818
2.041556
2.015557
2.008352
2.019884
2.003926
2.005745
1.987169
1.998036
2.007355
2.012875
2.010626
2.015785
2.025708
2.025203
2.017037
2.020181
1.985903
1.986705
1.962888
1.973309
1.980161
1.999927
2.000790
1.997758
2.013544
2.019852
2.013193
2.016636
1.997650
1.998354
2.022454
2.009115
2.013731
1.995158
2.009868
1.997545
1.984215
2.009498
2.007350
1.998317
1.994039
1.999331
1.996861
1.997168
2.001625
1.979107
2.009237
2.017159
2.032551
2.031136
2.015045
1.985060
1.999857
2.003024
1.995004
1.987350
1.991452
2.000146
2.006605
2.005848
2.031300
2.005762
2.009530
2.019657
2.013649
2.005590
1.986894
1.999769
1.999476
1.990423
2.006895
1.995218
1.991584
2.010239
2.011010
2.007212
1.994609
1.998372
1.984535
1.983171
1.998578
1.981082
2.008806
2.017845
2.031808
2.030722
2.017128
1.986688
2.000161
2.004551
1.994649
1.990977
1.992926
2.002032
2.007206
2.006000
2.026251
2.005422
2.007391
2.015780
2.012752
2.003260
1.981734
1.996893
1.997057
1.990149
2.001769
2.009259
2.031347
2.021198
2.011736
2.021026
1.997159
2.003266
2.020142
2.000212
1.995954
2.010019
2.001936
2.006805
2.024614
2.006385
2.000435
2.016801
2.003143
2.026651
2.045337
2.044991
2.023488
1.999988
2.011577
2.007865
2.031840
2.031933
2.025035
2.003627
1.998305
1.991506
1.966438
1.949311
1.972951
1.977198
1.999358
2.008902
2.018088
2.004197
2.001058
2.033442
1.996918
2.003446
2.023386
2.004875
2.001284
2.008786
2.002408
2.007975
2.022527
2.008239
1.994773
2.013479
2.003703
2.026798
2.048621
2.041118
2.022358
2.000849
2.011474
2.007609
2.030018
2.030366
2.024072
2.010439
1.997582
1.991168
1.966421
1.949010
1.971387
1.973447
2.000258
2.008159
2.002440
2.009864
1.991243
1.979111
1.997938
2.001549
2.013864
1.976447
1.993604
1.997547
2.006414
1.996153
2.003604
1.990265
1.983167
1.981407
2.005919
2.014183
2.024537
2.002686
2.006381
2.010726
1.997339
2.001288
2.016341
1.992714
1.982188
1.994551
1.997920
2.003350
1.983228
2.007739
1.998381
1.989728
1.997290
2.002827
1.978480
1.979119
1.969577
1.971716
1.996326
1.999009
2.010643
1.974145
1.994584
2.001465
2.007499
1.998483
2.004285
1.992353
1.989273
1.985588
2.006000
2.013252
2.021703
2.004184
2.007439
2.009570
1.997007
2.000666
2.013090
1.989903
1.981185
1.998062
1.997222
2.001735
1.980360
2.004355
1.993326
1.983293
2.008808
2.011109
1.997308
1.995475
2.002647
2.007876
2.007632
1.996797
1.976997
2.003960
2.013061
2.018736
2.017740
2.018774
2.034126
2.033657
2.039151
1.988099
2.012266
2.015231
2.019309
1.989756
1.994919
1.978694
1.994371
2.014724
2.008242
1.978988
1.984578
2.007753
2.005806
2.008675
2.015076
2.003045
1.995945
1.993725
2.011197
2.011336
2.007090
1.998710
2.000456
2.011268
2.007743
1.998437
1.979868
2.002978
2.012639
2.024338
2.014498
2.014469
2.036262
2.039976
2.041294
1.985297
2.012913
2.017970
2.019587
1.989507
1.997643
1.985404
1.993838
2.016092
2.015314
1.980447
1.987527
2.015153
2.005877
2.008944
2.015210
2.001871
1.997236
1.995670
1.978180
1.978040
1.939658
1.970458
1.985776
2.001537
2.010734
2.017369
2.045396
2.047724
2.030510
2.014758
1.999138
2.000069
2.002755
1.987632
1.989902
1.970682
2.000021
2.015002
2.031239
2.054604
2.025536
1.983110
1.994299
1.987697
2.023796
2.028579
2.014233
1.989074
1.993066
2.003587
1.990304
2.027126
2.030272
2.026304
1.975439
1.974381
1.932571
1.959459
1.975131
1.993711
2.007730
2.013029
2.037153
2.044808
2.028872
2.019226
2.001067
2.003598
2.004580
1.994428
1.997809
1.976484
1.992145
2.005493
2.014904
2.037855
2.013283
1.976338
1.994082
1.987021
2.023454
2.029202
2.014925
1.989540
1.993174
2.002861
1.989289
2.028424
2.031187
2.027674
2.006865
2.015711
2.038515
2.032254
2.023161
2.006119
1.995207
1.996628
2.029779
2.018615
2.009248
2.005435
1.999813
2.002608
2.017537
2.018086
2.015952
2.018600
1.996127
2.001143
2.014633
2.041888
2.028003
1.999056
2.008530
1.995948
1.969876
1.982272
1.975267
2.001521
2.010501
2.018941
2.027176
2.023031
2.017575
2.001563
2.000620
2.006746
2.009677
2.009972
2.008354
1.993597
1.993684
1.996046
2.034454
2.029095
2.015160
2.013484
1.997593
2.000249
2.012470
2.004500
2.008082
2.010754
1.994550
1.998866
2.009642
2.037653
2.027555
2.005150
2.009156
1.994958
1.971672
1.983863
1.976289
2.001438
2.012917
2.022404
2.030268
2.025202
2.019684
2.002119
2.011918
2.017511
2.021819
2.006228
2.014050
2.017020
2.005363
2.003221
1.997630
1.997635
1.987863
1.982805
1.996152
2.004441
2.034626
2.002542
2.002116
2.008575
2.001029
2.010272
2.022327
2.014480
2.021103
1.993117
1.991739
1.986285
1.962423
1.956359
1.976542
2.007378
1.994300
2.013769
2.049989
2.030756
2.035142
2.035582
2.011201
2.017074
2.013945
2.000334
1.997375
2.005031
2.003023
2.001935
1.991030
1.994442
1.983474
1.980915
1.996720
2.003642
2.036866
1.999253
2.000244
2.005924
2.001788
2.010524
2.021832
2.013115
2.017045
1.990242
1.990750
1.986310
1.963089
1.955398
1.974799
2.007696
1.994248
2.012859
2.050404
2.028643
2.033246
2.031895
2.017612
1.996978
1.969503
1.982336
1.975006
1.970467
2.016691
2.030396
2.006880
2.007236
2.004203
2.004802
1.992029
1.992249
2.003064
2.015344
1.998033
1.986003
2.013805
2.001336
2.021699
2.010809
2.008653
2.014164
1.996996
2.001401
2.005262
2.020132
2.007808
1.982908
2.008864
2.003998
1.990973
2.027401
2.007525
2.006873
2.018591
2.003839
1.987401
1.997797
1.991706
1.978389
2.015986
2.030120
2.010931
2.006737
2.006543
2.013834
1.989612
1.989363
1.999265
2.005960
1.991642
1.981858
2.015317
2.003435
2.024094
2.011431
2.008977
2.016725
1.996501
2.002319
2.005372
2.013724
2.002042
1.977315
2.007982
2.002821
1.986956
2.021982
2.006080
2.009129
2.003027
1.997037
1.981769
2.005336
2.001173
1.994946
2.021844
2.024445
2.048213
2.031024
2.024083
2.041956
1.992939
1.985540
1.981056
2.000247
1.990491
2.012898
2.002669
2.001862
1.999664
1.969558
1.968124
1.970634
2.008260
2.018673
2.023771
2.012039
2.014251
2.032127
1.992609
1.998507
1.995604
2.009936
2.006689
1.996415
1.999382
1.994113
1.968046
2.007525
2.003615
2.001390
2.016542
2.018359
2.037452
2.015288
2.012697
2.034298
1.992951
1.987500
1.985065
2.004540
1.990975
2.008784
2.004632
2.005306
2.005042
1.970098
1.971228
1.979029
2.007520
2.016260
2.020876
2.010302
2.013435
2.030359
1.991761
1.997976
1.994957
2.010547
2.007413
1.999183
1.992381
1.989201
1.977544
1.985950
1.992362
2.014565
2.000444
2.009560
2.033770
2.009054
1.995200
1.997991
2.003641
2.003686
1.994625
1.993700
1.989471
1.979903
1.997451
1.995579
1.996522
2.004839
1.991613
2.006487
2.007317
2.016348
2.035622
2.052195
2.031706
2.005603
2.001955
2.009248
1.986280
1.966925
1.981322
1.996471
1.993953
1.992837
1.977685
1.977826
1.980050
2.001025
2.000880
2.011783
2.035595
2.021273
2.011571
2.006934
2.007442
2.009577
2.000853
2.000707
1.992091
1.982018
1.995568
1.993383
1.988769
1.998874
1.984731
2.001873
2.006782
2.016219
2.034503
2.049726
2.029738
2.005795
2.002088
2.009817
1.987666
1.970306
1.982907
1.996923
2.007190
2.010037
1.981687
1.973313
1.978637
1.960990
2.008308
2.002576
1.997218
2.010837
1.996775
1.984103
1.993906
2.006159
2.006989
1.982996
1.992355
2.017298
1.997902
2.004662
2.000812
2.001676
1.996305
1.992447
2.002641
2.002901
2.007337
2.006921
2.009360
2.000714
2.023848
2.038602
2.051221
2.045728
2.031027
2.011034
2.010048
2.016766
1.985793
1.988828
1.996680
1.989716
2.008892
2.004272
1.999221
2.003963
1.994858
1.973621
1.993259
2.005249
2.003669
1.987872
1.994131
2.021021
1.998461
2.006321
1.997710
2.005656
1.997757
1.991434
2.001644
2.001277
2.003980
2.002394
2.006573
2.000531
2.023992
2.040212
2.053229
2.046061
2.032565
2.011282
1.989528
1.995476
2.013818
2.009826
1.999963
2.003888
2.002117
1.987682
1.963868
1.988552
1.994816
1.997318
1.988397
1.997139
1.974169
1.976072
1.989777
1.997435
1.999625
2.005287
2.001366
2.001781
2.020983
2.019442
2.014098
2.008912
1.985653
2.005432
2.015121
1.987785
1.995722
1.999830
2.001193
1.973896
1.985418
1.983266
1.985776
1.991900
1.999732
1.996881
1.993068
2.004767
2.000943
1.986856
1.971405
1.989956
1.993426
1.992064
1.986824
1.994784
1.973730
1.964495
1.981950
1.989816
1.999979
2.006757
2.004331
2.006574
2.023620
2.020118
2.014786
2.009761
1.986790
2.012430
2.020559
1.995020
1.995324
1.999197
2.000517
1.971557
1.982264
1.981355
2.008069
2.010760
2.065540
2.053811
2.049957
2.031302
2.003275
2.013034
2.008373
1.995713
1.991187
1.986338
1.994789
2.004174
2.022097
1.998484
1.997541
2.013711
2.031978
2.025649
2.036980
2.028825
2.010611
1.980219
2.003314
2.005414
2.004507
2.038641
2.030558
2.007736
2.015714
2.024320
2.054405
2.044658
2.028356
2.022408
2.008819
2.010904
2.059373
2.053692
2.040270
2.026066
1.999420
2.006584
1.997578
2.001062
1.997355
1.994071
1.994759
2.003135
2.020918
1.997168
1.999230
2.015206
2.029907
2.021075
2.024850
2.020563
2.007057
1.982830
2.002230
2.004631
2.003322
2.032187
2.024369
2.004283
2.015247
2.023927
2.056428
2.045538
2.026895
2.020846
2.001664
2.007907
2.010741
1.972516
1.980535
1.990667
1.997939
1.999008
1.994026
2.007688
1.988244
2.001799
1.993125
1.993813
1.992299
1.967985
1.970091
1.969396
2.014383
2.011405
2.017428
2.026376
2.007966
2.011503
2.016513
2.018100
2.002497
2.015287
2.013322
2.003380
2.016792
2.012865
1.994166
1.980268
1.990951
2.022039
2.000985
2.005282
2.021576
1.984059
1.988843
2.002361
1.996109
1.994636
1.987203
2.004074
1.987160
1.999696
1.994036
1.997766
2.000300
1.987217
1.980622
1.982398
2.012335
2.009420
2.015253
2.019928
2.004527
2.000984
2.017777
2.020060
2.004245
2.014870
2.013575
2.006032
2.016937
2.012860
1.992530
1.978978
1.990713
2.017172
2.003574
2.019257
2.048943
2.026667
2.013050
2.021771
2.013610
2.025549
2.046086
1.972823
1.983166
1.984507
1.999027
2.009148
1.982647
1.981356
1.986513
1.978287
1.991701
1.988760
1.988420
1.977533
1.980189
2.002453
1.994396
1.996119
1.978308
1.975108
1.973403
2.002133
1.994643
1.984757
1.972837
1.985580
1.984086
1.959036
2.000872
2.012198
2.040201
2.014586
2.007926
2.020562
2.010199
2.017195
2.036057
1.974591
1.984000
1.999836
2.000073
2.009941
1.981829
1.986535
1.988963
1.978743
1.990927
1.988337
1.989912
1.974027
1.976211
1.999670
1.996286
1.997362
1.983399
1.980475
1.976830
2.005375
1.993574
1.984351
1.971867
1.983233
1.982858
1.960596
2.009639
1.997393
1.984017
2.012547
2.010048
1.999362
1.986433
1.983260
1.959207
1.957845
1.963838
1.981014
2.007988
2.025496
2.035012
2.011392
2.012182
2.016725
2.002859
2.014345
2.011913
2.010801
2.004913
1.987081
2.001533
2.001904
2.019776
1.992947
1.986096
1.983296
1.993469
1.994926
2.005583
2.000034
2.000232
1.988492
2.006666
1.995066
1.991386
2.013288
2.013707
2.009369
1.989151
1.987654
1.963491
1.961181
1.964630
1.974379
2.009454
2.027635
2.036506
2.007415
2.009286
2.012456
2.005087
2.016073
2.013675
2.016198
2.009600
1.992463
1.999428
1.999041
2.016941
1.990323
1.983878
1.980017
1.992198
1.992739
2.004776
2.000742
2.000836
1.989083
2.001844
2.009333
2.031329
2.021722
2.012046
2.020721
2.006029
2.018523
2.036921
2.042089
2.018284
2.018676
2.015106
2.037774
2.037773
2.037976
2.020065
2.008187
1.998240
2.018736
2.021442
2.011036
2.017308
2.032518
2.011930
2.022328
2.050041
2.040527
2.019586
2.026774
2.011870
2.005926
2.008691
2.005916
1.999733
1.997893
1.999433
2.008976
2.018070
2.004536
2.001310
2.033150
2.002386
2.012476
2.024776
2.043169
2.015980
2.016672
2.015004
2.036861
2.040221
2.039944
2.026134
2.017646
1.995948
2.016699
2.025923
2.014533
2.021160
2.034564
2.011526
2.021082
2.051958
2.046960
2.024713
2.027815
2.012233
2.006362
2.008372
2.006722
1.999405
2.003218
2.000334
2.008638
2.002685
2.009714
1.991221
1.977717
2.001397
2.003895
1.975044
1.995246
2.009719
1.999368
2.002377
2.009000
2.023609
2.038333
2.024603
2.019074
1.998053
1.994692
1.986344
1.994678
1.993886
2.005556
2.001042
2.001712
2.024870
1.995194
1.994335
2.025651
2.000740
2.005476
2.023263
2.021866
2.010063
1.974370
1.997367
2.003306
1.978726
1.978969
1.969842
1.970873
2.004831
2.011175
1.985728
2.002305
2.013906
2.004847
1.997741
2.001204
2.012305
2.027218
2.021336
2.021592
1.996487
1.993452
1.989447
1.995290
1.993670
2.004783
2.000175
2.001140
2.025999
2.000179
1.998626
2.023935
2.000148
2.004627
2.021412
2.020716
2.009166
1.973965
2.008791
2.011062
1.997626
1.993865
2.000972
2.005860
2.003109
2.016665
1.990736
2.015364
1.992480
1.986867
1.993422
2.002422
2.014521
1.973260
1.985184
1.977761
1.996280
1.997096
1.983507
1.992816
1.978778
1.988598
2.004934
1.996684
1.974138
2.002317
1.990811
1.983291
1.994540
2.000522
1.974421
1.989573
1.985238
1.989224
2.010991
2.011112
2.005341
1.995397
1.998055
2.009794
2.006530
2.022415
1.999665
2.024861
1.999006
1.997037
1.993700
2.002022
2.015359
1.973892
1.985110
1.981071
1.996164
1.996062
1.980201
1.992907
1.979843
1.987896
2.005056
1.998496
1.976270
2.006617
1.994356
1.987404
1.996410
2.002832
1.979765
1.987285
1.981930
1.989061
1.978605
1.978680
1.938674
1.968796
1.984942
2.002815
2.001713
2.014651
2.017304
2.007848
1.991833
1.967595
1.993241
1.999693
2.008699
2.007216
2.010762
2.000478
2.009391
2.007635
1.987926
1.988043
1.996406
1.971818
2.012198
2.023765
2.059301
2.025816
2.023666
2.012475
2.016208
2.007064
2.014118
2.001944
2.006465
2.004783
1.975864
1.975021
1.931587
1.957798
1.974297
1.994988
2.002645
2.015096
2.032166
2.018972
2.004286
1.982207
1.994544
2.002378
2.012930
2.004813
2.009555
1.997094
2.011283
2.009266
1.990754
1.989862
2.000270
1.974968
2.012504
2.024692
2.061391
2.026718
2.023961
2.011344
2.016116
2.008096
2.015062
1.999782
2.003774
2.003740
2.006470
2.015711
2.039040
2.032379
2.023082
2.006517
1.987994
1.995909
1.988362
1.987588
2.002797
2.020849
1.996069
1.983845
1.953022
1.947260
1.965827
1.974699
2.008603
1.995330
2.012719
2.007154
2.004683
2.005491
1.995813
1.995634
1.992884
2.014968
2.018846
1.987524
2.005519
2.004248
2.023027
2.010353
1.993812
1.982098
2.000031
2.006630
2.010202
2.010096
2.008275
1.993994
1.984489
1.992798
1.988157
1.985918
2.004423
2.023886
1.994266
1.985656
1.961429
1.954288
1.971870
1.972148
2.007412
1.993317
2.007597
2.001966
2.000315
2.005365
1.995680
1.995667
1.988736
2.007768
2.011988
1.981762
2.005888
2.004929
2.024669
2.012506
1.995697
1.982271
2.011789
2.017910
2.022816
2.007257
2.014154
2.017545
2.004013
2.015137
2.017638
2.019240
2.013941
2.036083
2.006705
2.004705
2.000648
1.996740
1.996629
2.016790
2.009358
2.005513
1.985286
1.959959
1.973799
1.984398
2.007335
2.011236
2.030811
2.003380
2.002249
1.995564
2.007047
2.010888
1.997642
2.017990
2.014671
2.014643
2.011072
2.017473
2.014942
2.001364
1.997479
2.005524
2.001867
2.013577
2.022463
2.008509
2.006525
2.028614
2.004281
2.001671
1.989275
1.982493
1.985402
2.008878
2.010009
2.005708
1.985129
1.958575
1.972909
1.982645
2.006622
2.010522
2.029099
1.994023
1.997448
1.991384
2.006891
2.011316
1.997316
2.017564
2.013909
2.015130
2.017468
1.996440
1.969327
1.981265
1.975415
1.972757
2.006336
2.005330
2.010010
2.027694
2.015683
2.026079
1.989320
1.997383
2.007653
2.000058
2.001218
1.993080
2.014549
2.018081
2.011536
2.007748
2.021624
2.014652
2.000643
2.006085
1.999669
1.988694
1.993435
1.993637
1.999527
2.006409
1.991134
2.029736
2.024084
2.037698
2.018447
2.003301
1.987225
1.996938
1.992352
1.980665
2.010717
2.010855
2.010970
2.021667
2.012414
2.020559
1.989880
1.998960
2.006475
1.992462
1.996999
1.995260
2.013121
2.015807
2.009813
2.004652
2.017189
2.012394
2.000521
2.005614
1.998196
1.984353
1.991466
1.995652
1.998967
2.005679
1.990142
2.032112
2.026001
2.036802
2.002827
1.996390
1.982357
2.004692
2.000729
1.994725
2.016325
2.015626
1.994360
1.994940
1.997368
1.985167
1.995526
2.004379
1.985415
1.993331
1.993742
1.999765
2.000167
2.010162
2.030859
2.028802
2.021759
2.013135
2.009122
2.010120
2.015654
2.035809
2.032403
1.990881
2.010503
2.018964
2.018748
2.024500
2.009737
2.028937
1.999446
1.994374
1.969662
2.007843
2.004418
2.001895
2.015267
2.011908
1.991435
1.991570
1.997024
1.984410
1.994065
2.001946
1.979879
1.985796
1.988345
1.991686
1.998866
2.008590
2.024672
2.036308
2.027660
2.013652
2.010954
2.011775
2.016882
2.041347
2.033366
1.996675
2.008112
2.016503
2.016205
2.023388
2.008194
2.028272
1.992238
1.989160
1.977408
1.986017
1.992277
2.014358
1.998621
2.006591
2.018047
1.970507
1.970262
1.995569
1.992820
1.991935
1.958149
1.965239
1.981957
2.001588
2.003504
1.994231
1.989689
1.995709
1.997541
2.004568
2.003651
2.018171
2.007571
1.989932
1.997376
2.000267
2.015370
2.010891
2.013245
2.012278
2.026977
2.025944
1.993809
1.992796
1.977549
1.977869
1.979964
2.000818
1.996461
2.006792
2.025151
1.973524
1.969191
1.996561
1.992263
1.989689
1.954190
1.965196
1.981454
2.007362
2.004967
1.996892
1.992657
1.989518
1.991569
1.997014
2.006238
2.020755
2.015044
1.999898
2.007127
2.010290
2.015233
2.009446
2.010156
2.004517
2.020649
2.023761
2.007088
2.008879
1.979522
1.972790
1.977609
1.962120
2.003554
1.994875
2.014711
2.023879
2.009140
2.002458
2.001868
2.013547
1.992515
1.983167
1.986046
1.969923
2.007431
2.018378
2.033235
2.017159
2.002187
1.996208
2.003881
2.013060
1.994522
2.001172
1.973178
1.977768
1.989556
1.981757
2.007879
2.015399
2.013150
1.998669
2.009596
2.015675
1.983814
1.988590
1.996498
1.990751
2.000561
1.992218
2.015741
2.020594
2.009111
2.000147
2.002447
2.014783
1.985610
1.985310
1.984361
1.968261
2.008125
2.019746
2.034134
2.015770
2.001988
1.995121
2.003926
2.013366
1.993698
1.999841
1.969998
1.977990
1.989826
1.981273
2.006092
2.012904
2.015202
2.003041
1.989632
1.995522
2.014180
2.010097
1.999733
2.003619
2.015673
2.010441
1.990855
1.994773
1.986118
1.998720
2.015782
2.004454
1.975019
1.961970
1.966423
1.984298
1.993615
1.992405
1.957869
1.975462
1.975437
1.960558
2.005013
2.027193
2.022776
2.005023
2.007960
2.012153
2.002990
2.005278
1.997029
1.999129
1.989418
1.987300
1.985879
1.991945
2.000095
1.997060
1.992915
2.004522
2.017403
2.012747
2.002128
2.007125
1.995533
1.999848
2.013704
2.002823
1.971982
1.958529
1.963215
1.973909
1.993488
1.993143
1.956747
1.974147
1.975658
1.962099
2.004184
2.025944
2.021187
2.002468
2.007570
2.009636
2.003422
2.005315
1.998409
1.998252
1.988242
1.983296
2.008608
2.011236
2.065071
2.052078
2.048875
2.029799
2.007614
2.008999
2.019976
2.021032
2.015855
2.026053
1.998251
2.008030
2.035348
2.041704
2.031842
2.028962
1.998756
2.010092
2.020661
2.004765
2.001646
2.001224
1.998856
2.010646
2.007737
2.016128
2.024738
1.995649
1.989498
1.994397
1.986266
1.970567
1.978133
2.009239
2.009091
2.010893
2.058336
2.051958
2.039026
2.023891
2.006114
2.006053
2.020311
2.014389
2.022236
2.039987
1.999148
2.009267
2.036300
2.037473
2.026695
2.026855
2.001076
2.012461
2.023876
2.001731
1.999851
2.001532
1.998425
2.007711
1.999688
2.004161
2.017898
1.990011
1.989474
1.994887
1.986292
1.975770
1.979881
2.010866
2.001526
2.007238
2.006706
1.977772
1.984747
1.993209
2.003787
2.000991
1.984054
1.979927
1.991700
1.997703
2.009598
2.008541
2.008906
2.008075
2.008796
2.014559
1.999639
2.012238
2.030596
2.050767
2.024654
2.009453
1.982900
1.999707
1.995002
2.014069
2.011784
2.002527
1.995552
2.002419
2.003220
2.016771
2.005194
2.001007
2.000847
2.004614
2.017541
1.989353
1.992517
2.004546
2.001307
1.997210
1.975328
1.971004
1.984594
1.993662
2.008850
2.007799
2.010146
2.006832
2.006061
2.013975
1.999849
2.012163
2.030479
2.047812
2.023898
2.008353
1.981947
1.998176
1.996058
2.018122
2.011766
2.000086
1.994396
2.001380
2.002216
2.014509
2.001681
2.003808
2.004179
2.020183
2.049169
2.028502
2.014841
2.022453
2.004337
2.006587
1.971011
1.965445
1.982212
2.015956
2.009749
2.018342
2.003537
1.973209
1.988254
1.992375
2.008464
2.013700
1.992160
2.009992
2.009998
1.987596
1.994250
1.983766
1.976291
1.971711
1.973074
2.000373
1.990660
2.003776
2.018046
2.040817
2.040200
2.036835
2.000496
2.011941
2.039410
2.015985
2.009761
2.021751
2.005497
2.011619
1.984185
1.978688
1.992938
2.030167
2.012877
2.021020
2.008914
1.989421
1.998386
1.996253
2.007098
2.010914
1.987447
2.002571
2.005941
1.987208
1.993349
1.982594
1.974111
1.966636
1.969495
1.996497
1.989832
2.002708
2.019089
2.043645
2.041048
2.037151
2.012332
2.001148
1.990920
2.016082
2.012947
2.001266
2.005048
2.009406
1.997844
2.014012
2.015427
2.015187
2.008908
2.009017
2.021559
2.032717
2.025939
2.013970
2.005444
2.003772
2.033003
2.022176
2.034654
2.019295
1.998800
1.992972
1.996916
2.012592
2.005619
2.022581
2.013504
2.000227
2.013888
1.986420
1.984639
1.970432
2.009360
1.998821
1.997907
2.015805
2.015442
2.002771
2.003654
2.005134
1.987105
1.999749
2.008897
2.013307
2.008001
2.007689
2.021731
2.040552
2.033517
2.018998
2.005618
2.002550
2.031164
2.017642
2.030434
2.015778
1.998165
1.993472
1.997737
2.014725
2.007084
2.022532
2.014025
2.000518
2.010491
1.983564
1.979960
1.965266
2.002436
2.008770
2.031108
2.020907
2.010568
2.017103
1.994357
1.999399
1.996866
1.997478
2.002277
1.978816
1.999177
1.994643
1.957574
1.996220
2.002678
2.037591
1.999428
1.995504
2.012946
2.019652
2.008649
2.028921
2.004615
2.002880
2.029965
2.038981
2.028584
2.018542
1.993831
1.995585
1.984388
1.968802
1.976158
2.006441
2.000025
2.008413
2.017849
2.003906
1.999934
2.029545
1.994927
1.998440
1.984541
1.983481
1.999218
1.980898
2.001798
2.000328
1.963865
2.002441
2.002397
2.026545
1.996337
1.993749
2.016151
2.020534
2.010103
2.029332
2.005322
2.003424
2.031405
2.041179
2.027698
2.015937
1.993777
1.995581
1.984611
1.968490
1.974347
2.004798
2.000862
2.009769
2.010232
2.012763
1.992305
1.979758
1.996628
2.002556
2.019326
2.000286
1.996526
2.010764
2.006293
2.009900
1.973407
2.004266
2.012587
2.014383
2.013595
2.025285
2.030188
2.008569
2.014279
2.014774
2.009500
2.011254
1.998355
1.994616
1.986634
1.996509
2.010978
2.005784
1.993935
2.006555
2.006799
2.003830
1.998239
2.004580
1.988638
1.985087
1.973994
1.978556
1.996387
2.002736
2.022570
2.004996
2.001856
2.009532
2.009168
2.009809
1.977948
2.008024
2.016200
2.015399
2.012370
2.024287
2.027497
2.003345
2.006630
2.013676
2.009364
2.011732
1.996489
1.990725
1.985687
1.995889
2.011191
2.005665
1.993708
2.006728
2.007701
2.006651
2.008577
2.010226
1.996584
1.994083
2.000087
2.005260
1.998564
2.001888
2.015434
1.980414
1.995590
1.999141
2.001857
2.002109
2.008451
1.973412
1.982248
1.999003
1.991873
2.002034
1.993536
1.999024
1.998109
1.999201
1.988863
1.988256
1.977607
1.982714
1.969445
1.977492
2.004623
2.003800
2.013791
2.019009
2.021101
2.016559
2.010966
2.010198
2.004219
1.995653
1.998726
2.010417
1.996831
1.999112
2.009875
1.973463
1.992769
1.999043
2.007225
2.007325
2.020631
1.993136
1.997479
2.007828
1.987640
1.998332
1.989007
1.987471
1.989375
1.995499
1.989866
1.991450
1.985381
1.987778
1.972539
1.983426
2.004973
2.004693
2.014916
2.021239
2.022772
2.017670
1.977670
1.977406
1.938569
1.968813
1.985071
2.004575
2.005738
1.994347
1.967426
1.994354
2.007641
2.020189
1.974846
1.972969
1.941815
1.949691
1.955319
1.985901
2.000126
2.005266
1.993662
1.996088
2.000974
2.011317
2.003852
2.004326
1.995063
1.993729
2.001159
2.015423
2.002516
2.014786
2.041869
2.028914
2.028529
2.038616
1.974743
1.974271
1.931901
1.958888
1.974967
1.996569
2.005849
1.995987
1.970359
1.993216
2.007116
2.025817
1.974081
1.971474
1.942207
1.951985
1.953990
1.983760
2.002381
2.008377
1.998462
1.999732
1.996998
2.016690
2.002823
2.001072
1.991052
1.993887
2.004226
2.020441
2.002963
2.016148
2.042132
2.029615
2.029047
2.038694
2.006558
2.015862
2.039620
2.036145
2.026518
2.009646
2.010873
2.018134
2.044241
2.045922
2.029152
2.013775
2.007638
2.016317
2.027939
1.989181
1.993076
1.989063
2.022652
2.026640
2.017228
1.975622
1.972601
1.969655
1.979693
1.963018
1.958521
1.953274
1.965302
1.981426
2.000095
1.990416
2.027303
2.007629
1.995558
2.010082
2.000119
2.006663
2.010978
2.013868
2.011711
1.997124
2.007870
2.013793
2.035998
2.043007
2.027628
2.018243
2.008360
2.015356
2.033790
2.013535
2.007858
1.990023
2.021412
2.026137
2.012105
1.972944
1.970576
1.968408
1.979373
1.962677
1.956752
1.948123
1.963126
1.979951
1.999677
1.989881
2.024487
2.006469
1.994580
2.009323
2.012045
2.018082
2.022529
2.006432
2.014132
2.017282
1.996110
1.996977
2.029765
2.016754
2.007477
2.004998
1.997651
2.000494
2.006550
1.999027
2.000508
2.007629
2.012755
1.996620
1.990334
1.972505
1.970868
1.965485
1.995094
2.001621
1.971367
1.985170
2.002243
2.019521
1.988212
1.995641
2.017024
1.983750
1.991941
1.984105
2.011328
2.017645
2.014655
2.000538
1.997457
2.005229
1.994587
1.996460
2.034439
2.027162
2.013381
2.011525
1.998558
2.000174
2.001099
1.992679
1.993963
2.001021
2.014088
1.997879
1.991857
1.972914
1.971482
1.965452
1.994709
2.001933
1.973382
1.988481
2.004737
2.020297
1.989358
1.996863
2.024491
1.987735
1.993428
1.984662
2.019293
1.997519
1.969467
1.978948
1.972368
1.970991
2.005579
2.003019
1.996699
1.995617
1.986651
1.982532
2.009291
2.010586
2.015153
2.013926
2.005963
2.031791
2.017794
2.014376
2.045627
2.033115
2.029714
2.021314
1.997859
2.006818
1.997935
2.007031
2.000508
1.990461
1.993229
1.994194
1.964218
1.967728
1.975659
1.997257
2.020166
2.004171
1.989419
1.993915
1.988884
1.978906
2.003240
2.001733
1.990153
1.992423
1.982261
1.980642
2.008447
2.010196
2.015234
2.018178
2.011422
2.037768
2.017545
2.016666
2.044086
2.034995
2.032114
2.026280
1.996654
2.005083
1.994910
2.009607
2.003254
1.990465
1.993104
1.993910
1.964303
1.968127
1.975416
1.997825
2.003350
1.996518
1.981361
2.005071
1.998940
1.992555
2.016789
2.030881
2.006783
2.006886
2.003841
2.004279
2.000354
2.005817
1.999843
1.987837
1.975908
1.981832
2.012473
2.022834
2.028484
2.013505
2.010188
1.996275
2.009372
2.008447
1.976333
1.979425
1.978827
2.016085
2.014105
2.009924
2.047542
2.041310
2.027000
2.032317
1.999968
1.994502
1.968666
2.008297
2.003489
1.999060
2.016084
2.030604
2.010834
2.006387
2.006181
2.013311
1.999746
2.006116
2.002690
1.990723
1.987822
2.002892
2.008495
2.015389
2.017979
1.997534
1.998940
1.993672
2.008900
2.006984
1.978050
1.984906
1.980732
2.018130
2.014867
2.010422
2.047813
2.040427
2.026376
2.031550
