1.997661
2.005114
1.994144
1.989577
1.985108
1.991927
2.004260
2.005397
1.984932
1.979891
1.956634
1.972902
1.984436
1.981683
1.992863
1.999138
2.000291
2.003007
2.012895
2.019846
1.994302
1.997761
1.994050
1.954240
1.996392
1.991692
2.032221
2.022930
1.985252
1.978250
1.975681
1.964647
1.989589
1.994628
1.992241
1.965207
1.984279
1.984849
1.987360
1.999157
2.014065
2.005987
2.013063
1.975118
1.994324
1.994152
1.975195
1.971887
1.996352
2.000713
1.978065
1.984592
2.005152
1.998946
1.951729
1.992685
1.982793
1.981809
1.994795
2.015307
1.994625
2.009153
2.027879
1.982030
1.998799
1.996557
1.982837
1.980954
1.998063
1.994700
1.991723
1.981175
1.988858
2.002241
2.023163
2.003571
1.993389
2.016202
2.004812
2.029092
1.997092
1.984615
1.997297
1.986784
2.006409
2.007147
2.015220
2.022449
2.004029
1.992975
1.996736
2.005186
2.005206
2.002034
1.995373
1.971603
2.008975
1.998618
2.000795
2.003806
1.996736
2.006118
2.015256
2.022853
1.993554
1.994315
1.995168
2.006010
1.994320
1.973298
1.980117
1.995767
1.981208
1.988185
1.981318
1.985251
1.989851
1.982400
1.991039
1.975676
2.006049
1.999278
1.991252
1.978393
2.013955
2.002728
1.975467
1.973879
1.990989
1.991039
1.992820
1.994532
1.999437
1.996147
2.000857
2.004785
2.001027
2.009944
2.006078
1.974252
1.988207
1.981549
2.002458
2.000614
1.996930
1.995409
1.999090
1.999178
1.983184
1.989464
1.979195
1.986136
2.002583
2.008523
2.015459
2.018570
1.992750
1.977264
1.957480
1.986372
2.021979
2.017639
2.037417
1.995013
2.000949
2.017486
2.044273
2.028050
1.999653
2.014526
1.996626
1.993368
1.996303
2.006306
2.004635
2.029383
2.014653
2.013875
2.015475
2.006490
1.985406
1.978773
1.950482
1.949544
2.005732
2.020768
2.017161
2.004970
1.996155
1.992541
1.997124
1.974502
1.985672
1.993406
1.998671
2.020413
2.004658
2.006156
1.992357
1.996150
2.003992
2.010817
2.038436
2.013224
2.004327
1.997407
1.962253
1.966588
1.995797
2.006197
1.994356
1.987077
1.992307
1.994065
1.990008
1.972565
1.990757
2.002045
2.013934
1.979293
2.009712
2.012594
1.987147
1.986440
2.018385
2.020362
2.021016
2.011614
1.999503
2.007191
2.016688
2.002117
2.005275
2.012302
2.005097
1.989242
2.004564
2.023835
2.045452
2.039304
2.000802
1.997091
1.970629
1.973274
2.003472
2.011443
2.005548
2.014767
2.005309
2.002067
2.009755
1.996776
1.995480
1.986553
1.969649
1.993073
2.001401
2.013456
2.002452
2.027640
2.012130
1.987686
1.964219
1.989449
1.989149
1.969882
1.971992
1.968203
1.985933
1.996729
1.965369
1.965289
1.988172
1.993139
1.984002
1.998523
1.998983
1.988661
1.975964
1.978496
1.984678
1.990314
2.014178
2.004592
1.981708
1.998634
2.010892
2.017205
1.995473
2.005544
1.966509
1.984859
2.012275
2.014009
2.011729
1.990485
1.990480
1.996121
1.997486
1.987057
1.989773
1.997997
2.000687
2.015055
1.992568
1.987539
1.938020
1.969982
1.990035
1.988572
1.993134
2.015639
2.013585
2.014930
2.027185
2.035820
2.013020
2.003094
2.009389
2.032498
2.013647
2.005472
2.028230
1.974677
1.991579
2.002568
2.002139
2.005886
2.004118
1.996397
2.008900
1.994045
1.984004
1.989621
1.971332
1.976673
2.003452
2.004073
1.977803
1.978401
2.009561
2.017759
2.013832
2.013903
1.995793
1.989307
1.958671
1.963464
1.981886
1.990628
1.976975
1.986429
2.018098
2.025739
2.018559
2.021364
1.995633
1.997646
2.008411
2.006900
1.983464
1.988527
1.986236
1.992539
1.985623
1.983575
1.976417
1.994012
2.007669
2.009077
2.042899
2.014084
1.997528
2.009427
2.018710
1.986547
2.001014
2.009395
2.022147
2.003251
1.995680
1.995915
1.967964
1.965977
2.010327
2.003869
2.014908
2.016579
2.007428
2.011642
1.994004
2.035587
2.002597
2.001493
2.011559
1.992139
1.996591
1.991716
1.978779
1.972519
2.003014
2.006038
1.990811
1.985237
2.003657
2.011211
2.038133
2.040243
1.996117
1.996365
1.983268
1.980752
1.995292
2.004023
1.989577
2.017532
2.002449
2.007023
2.035225
2.027019
1.979278
1.982622
1.976726
1.994962
1.993248
2.001024
1.977011
2.004498
2.007364
2.012737
2.031647
2.035137
2.005221
2.010153
2.003747
2.005986
1.998307
1.999083
2.006817
2.016430
1.987380
1.979902
1.990253
2.004042
1.995238
2.005460
2.031247
2.036449
1.994906
1.994282
1.948486
1.987935
1.976460
1.991554
1.957341
1.972143
2.011185
2.008508
2.003685
2.022426
1.996744
2.002530
2.024621
2.020153
1.998143
1.991190
2.012474
1.998853
2.005063
2.018221
2.048341
2.032741
1.997720
1.985322
1.984101
2.002601
2.006841
2.012974
2.018033
2.035819
1.993418
1.990090
2.002939
1.988753
2.001772
2.009364
1.981066
2.015633
1.989859
1.987125
1.989868
1.994495
2.005047
2.011168
2.009260
1.999651
2.001952
2.008671
2.011747
1.977313
1.997956
2.006184
2.029926
2.022635
2.009245
2.013266
2.025674
2.026340
2.004992
2.003310
1.970005
1.979867
1.994957
1.996695
2.002744
2.011964
1.984547
1.981525
1.960122
1.959602
1.998396
2.000128
2.003805
1.994272
2.001572
1.990956
1.969109
1.992435
1.992016
1.998444
1.973133
1.986459
1.998915
1.987127
1.974429
2.000559
1.992701
1.986053
1.994750
1.972248
2.003024
2.009116
2.002163
2.000909
2.014431
2.031676
2.039493
2.018519
2.012079
2.027197
2.053998
2.064794
1.996706
2.006515
2.000934
2.004750
2.004564
2.012112
2.023352
1.997159
2.004447
2.004713
2.016712
2.002629
1.994800
1.994542
1.986103
2.000223
1.990269
1.998861
1.981869
1.991524
2.011099
2.008537
2.037759
2.030400
1.987379
1.982978
1.973095
2.001692
1.991575
1.982452
1.977861
1.975025
1.995659
1.993611
1.998114
1.991426
2.006056
2.009465
2.021142
2.007562
2.009106
2.014866
1.997650
1.992330
2.000387
2.010926
2.034646
2.040437
1.999439
1.990071
1.991365
2.027707
2.003560
2.009651
2.005996
1.985546
2.007552
2.021936
2.037932
2.002184
2.007996
2.021614
2.037363
2.046016
2.005965
2.005755
1.995469
1.983934
2.000075
2.003702
2.009261
1.998475
1.991753
1.992906
2.018852
1.999456
2.017410
2.029456
2.050941
2.043548
1.996946
2.000251
1.986286
2.004775
2.003921
2.010778
1.997047
1.978440
2.008868
2.009814
2.007133
1.979092
1.997344
2.015538
2.021897
2.016115
1.993562
1.980237
1.989336
1.995077
2.000237
1.982647
1.967920
1.972581
1.986001
1.973255
1.989665
2.008831
2.016451
2.007418
1.985497
1.982311
1.986325
1.991399
1.946900
1.970605
1.993995
1.990821
1.983780
1.996912
2.002878
2.008560
1.974067
1.965937
1.999721
2.012771
2.012633
2.000857
1.996899
2.001929
1.996220
2.017176
1.999009
1.998517
2.009230
2.033575
2.016165
2.026347
2.038553
2.020102
1.996371
2.003443
1.957525
1.969919
1.989387
1.982739
1.962417
1.985791
2.008960
1.998828
1.998847
2.030614
2.006926
2.020168
1.996630
2.008677
2.003969
2.002564
2.005036
1.989988
1.991273
2.005629
1.997376
2.020535
1.996493
2.002162
2.009780
1.977239
2.002559
2.008916
2.035351
2.011699
1.979586
1.998076
2.004799
1.977862
1.993280
1.990320
1.951886
1.982970
2.004339
2.011633
2.030803
1.995275
2.001257
2.012331
2.029795
1.994697
2.012885
2.005002
1.989165
1.986689
1.987311
1.979052
1.991053
2.028343
1.974083
1.975247
1.974692
1.997627
2.009429
2.014060
2.020609
2.030019
1.995381
1.996201
1.976411
2.010885
2.012665
2.015629
2.033998
2.019146
2.008594
2.004356
1.979848
1.986650
1.983552
1.989044
1.997624
2.014526
2.004117
2.009131
2.015866
1.994029
2.010115
2.004921
2.030218
2.008559
2.015263
2.002898
1.989830
1.976258
1.989959
1.995530
1.959969
1.981508
2.007193
2.003592
1.984337
1.974583
1.977946
1.990008
1.986904
1.999923
2.005593
2.004223
2.008728
2.011625
2.006140
1.999283
2.002004
2.024613
1.990535
1.984000
1.992408
1.992093
2.004953
1.990682
2.012373
2.000209
2.003351
2.013818
2.027768
2.045187
2.003989
2.013971
2.010553
2.025261
2.010260
2.016295
1.980120
1.988167
1.990647
1.994676
1.992540
1.990720
1.993251
1.976674
1.971732
1.970516
1.986983
1.975526
1.976192
2.013923
1.986508
1.990412
1.955018
1.983092
2.002745
1.996081
1.964876
1.992801
1.995427
2.004157
2.005266
1.979681
1.992278
1.990881
1.976884
1.989543
2.008399
2.013185
2.011777
2.007307
1.998810
2.001148
2.007211
1.988725
2.003723
2.004156
2.015079
1.997536
2.013030
2.014594
2.015124
2.011020
1.986142
1.988953
1.969891
1.963836
1.985761
1.981509
1.953689
1.951431
1.997191
2.009535
2.006234
1.988155
1.988862
1.994476
2.001820
1.987924
2.001486
2.001024
2.003857
1.994282
1.994949
1.996975
1.996668
1.980463
2.006375
2.016148
2.004165
2.007259
1.993837
1.994649
1.993837
1.974182
1.991368
1.993085
1.996059
1.971965
2.014992
2.022838
2.015474
2.011084
2.006125
2.006543
2.014455
2.008123
2.006423
2.007917
2.030383
2.014751
2.004732
2.010944
2.003098
2.026875
2.020395
2.029214
2.021263
2.015120
1.986515
1.982032
1.969206
1.983015
2.011066
2.013893
2.041575
2.044741
2.004752
2.006633
2.022178
2.005483
1.995213
1.994363
2.010762
1.997252
2.004088
2.004607
2.009327
2.010700
2.015189
2.018172
2.020379
2.001842
2.008306
2.009412
1.991223
1.996926
2.003561
2.012026
2.020556
2.028100
1.990842
1.996431
1.990453
1.997956
2.011883
2.009844
1.972338
1.956750
1.994415
1.989587
1.940184
1.960596
1.998910
2.018101
2.008489
1.992810
2.001252
1.990138
1.973310
1.995299
2.001467
2.003818
2.005570
2.011867
1.994257
1.992349
1.954329
1.972953
2.012167
2.006891
2.010743
2.003469
1.994897
1.995327
2.030602
2.038812
1.994315
1.988242
1.987270
1.972861
1.994185
1.999003
2.015851
2.012971
2.014327
2.013627
2.035949
2.048255
1.998627
1.992850
1.994221
1.980821
1.996619
1.991552
1.997312
1.993560
2.021503
2.018501
2.025638
2.033495
2.021976
2.018836
2.026693
2.024573
1.999563
1.982435
1.999386
2.023699
2.009973
2.018010
2.036437
2.018150
1.993063
2.003411
2.022362
2.014096
1.986161
1.988563
2.010139
2.010894
2.017413
2.026515
2.043061
2.007109
1.991261
1.988200
1.993879
1.988178
1.990637
1.998800
2.010798
1.993855
1.993646
2.000806
2.006003
1.977144
1.992657
1.990084
2.002458
2.010435
2.004014
2.000466
2.002670
2.032311
2.004085
1.990098
1.981160
1.988514
2.012374
2.013859
2.026790
2.025923
2.006416
1.997265
1.987451
1.995130
2.006447
1.996951
2.020559
2.047379
2.013133
2.009694
2.037004
2.047550
1.991088
1.985336
2.011802
2.000134
1.983066
1.978969
1.984130
2.010245
1.986484
1.985864
1.995429
1.991631
2.002358
1.997459
2.005209
1.981832
1.990500
1.981033
1.962281
1.973621
2.014008
2.008292
1.993578
1.989506
2.004377
2.002605
1.965471
2.000495
2.017432
2.015874
2.024267
2.036297
2.000493
1.988853
1.962736
1.977794
2.003536
2.000527
2.035818
2.018478
2.009888
2.020513
2.007105
1.998142
1.995492
1.988989
2.006984
1.995136
1.993616
1.995811
2.021718
2.005487
2.001457
2.007882
1.992894
2.012658
1.997831
1.999147
1.971799
1.980404
2.002943
2.005323
2.013390
2.020726
1.996294
1.989798
1.977283
1.997633
2.029146
2.025380
2.043929
2.011125
1.992516
1.994164
1.986704
2.005650
2.002024
2.006340
2.026036
2.017734
1.998935
2.017501
2.031908
2.019127
1.995863
1.980785
1.988166
2.000870
2.012932
2.004677
2.012213
1.994874
2.001219
2.005544
1.992591
2.010242
1.991854
1.985603
1.938150
1.964649
2.010456
2.017798
2.013948
1.994351
2.007617
1.996048
2.013907
2.028038
2.003832
2.002671
2.017398
2.011815
1.984525
1.982448
1.995471
1.943475
2.002205
2.014063
1.999162
2.002083
2.014157
2.013791
2.013888
2.012094
2.012632
2.015463
2.007177
1.991723
1.994403
1.981169
1.987012
1.974676
2.005712
1.997281
1.978965
1.987457
1.990740
1.980359
1.981477
1.998287
1.997450
1.991235
1.980022
1.963395
1.977703
1.985359
2.002252
2.010469
1.986225
1.994170
1.994261
1.981991
1.997860
1.996897
2.014777
2.001240
1.997382
1.998225
1.997785
2.004136
2.002458
2.001701
2.003484
2.021136
1.995585
2.005187
2.005818
2.005686
2.006122
1.999433
1.990329
2.005047
1.987941
1.993550
1.961067
1.999478
1.976337
1.972438
1.966661
1.976165
2.000085
1.996541
1.987115
1.982120
2.002573
2.002342
2.040447
2.011075
2.001215
1.983546
1.992272
1.997626
1.991420
1.997496
2.012871
2.025782
1.978631
1.986281
2.002397
2.010534
2.006069
2.002046
1.987449
2.009997
1.988198
1.980033
1.971247
1.950918
1.988141
1.995530
1.991188
1.988544
1.996285
2.014974
2.021315
1.990901
1.983557
1.975245
1.975510
1.969034
2.008293
1.995767
2.007356
2.016148
2.000786
1.998690
2.017107
2.021451
1.988605
1.986058
1.994835
2.006233
1.998598
1.993543
1.987345
1.981583
1.989545
1.982681
1.966962
1.963925
2.008122
2.018009
2.050990
2.005657
1.981567
1.980926
1.984765
2.022230
1.993400
1.984663
2.010562
2.011354
1.992404
1.978854
1.977834
1.961974
2.016460
2.012040
2.001073
2.018296
2.015294
2.015613
2.040680
2.001327
1.997420
2.009141
2.018826
2.024754
1.980155
1.985963
1.960437
1.971654
2.000612
2.019641
2.006524
1.997329
1.984521
1.982996
1.995325
2.005019
1.994261
1.984031
1.973771
1.987268
2.017886
2.022082
2.008215
1.980252
1.990512
1.997622
1.997731
2.001710
2.001294
2.021220
2.007183
2.027609
2.014724
2.036646
2.060031
2.027846
1.997557
2.001273
1.997996
2.003200
2.000537
2.010808
2.032499
2.016958
2.012044
2.020419
2.027432
2.021216
1.999896
2.000004
1.985238
2.018066
1.998835
2.001380
1.993729
2.011940
1.992953
1.995749
2.010399
1.992553
2.004382
1.998846
1.990119
2.001968
1.991894
2.003887
1.987587
1.993333
1.980086
1.977679
1.991668
1.995444
2.005353
2.012449
2.025813
2.045977
2.012671
2.015804
2.058887
2.041024
2.002501
1.992215
1.995554
2.006509
2.000290
2.000887
1.984625
1.980476
2.003951
2.008714
2.011575
2.005888
2.009724
2.000089
1.965072
1.981503
1.995527
2.006223
1.996450
2.003542
1.997191
1.984891
2.006667
1.994659
2.003414
2.002721
2.024025
2.000044
1.984455
1.991602
1.992460
2.008507
1.984078
1.986305
2.007679
2.021706
2.003255
1.992267
1.992144
2.008865
1.985551
1.972845
1.956845
1.970363
2.007998
2.018537
2.001449
1.993024
2.009282
2.008506
2.004082
1.991882
2.006930
2.007428
2.012395
2.009333
1.994998
1.981212
1.964569
1.996505
1.982864
1.996757
1.995510
2.000672
2.010241
2.009086
1.982136
1.996205
2.000598
2.011621
2.010830
2.031224
2.009247
2.007674
2.000657
1.980065
1.981633
1.977662
1.956435
1.965173
2.008351
2.000594
2.000448
2.002798
2.020879
2.020175
2.046703
2.042664
2.014813
2.029220
2.020245
2.000565
2.006267
2.010313
2.006383
2.020586
1.982854
1.982323
1.964464
1.968311
2.005228
2.010307
1.979717
1.970581
2.010690
2.005649
2.017940
2.028723
1.991224
2.005031
1.979363
2.013054
2.003989
2.000653
2.006569
1.993762
2.011209
2.000574
2.017695
2.022562
2.002054
1.999309
1.978463
1.990883
1.991327
1.993673
1.998344
2.009763
2.014650
2.021589
2.023115
2.000978
2.003467
1.985332
1.971779
1.982760
1.995724
2.016276
2.038284
2.025128
2.004988
2.003696
1.999159
1.988454
2.009054
2.007023
2.016848
2.005204
2.013320
2.017455
1.995124
1.973983
2.002257
2.004710
2.000221
2.028524
1.980059
1.975944
1.955034
1.973793
1.990081
1.984625
1.984027
1.973236
1.988078
1.996826
2.014114
1.991793
1.978673
1.984118
1.982769
2.008168
2.006403
2.008283
2.025224
2.020504
