19.831307
19.763758
19.615161
19.660147
19.892888
19.828795
20.036277
20.150260
20.359761
20.237680
19.936529
19.772507
19.886641
19.812502
19.809522
19.703732
19.767890
19.933934
20.047607
20.172295
20.406436
20.269704
19.963263
19.825971
20.052651
19.864964
19.729976
19.716456
19.853804
19.888492
19.820352
19.648195
19.520967
19.912398
19.955007
19.837611
20.116231
19.994319
20.192034
19.847516
19.940417
20.086991
19.988243
19.949107
20.039183
20.034126
20.126480
20.054111
20.119318
19.995600
20.200699
19.851926
19.945265
20.101147
20.054346
20.170697
20.247806
20.312156
20.165238
20.267216
19.844671
19.805066
19.955972
19.930130
19.926729
19.896679
19.990089
19.994286
19.892528
19.829191
19.778540
19.911573
20.042284
19.846075
19.705484
19.708005
19.851121
19.894545
19.979317
19.987759
19.881792
19.788021
19.754086
19.898081
19.971356
19.752664
19.599148
19.582330
19.593465
19.705228
19.910131
19.818727
19.925953
19.797740
19.757275
19.602587
20.070880
20.165715
20.213844
20.105616
20.005367
19.892617
20.039710
20.149252
20.226631
20.306041
20.148892
20.270287
20.067461
20.150671
20.189617
20.098733
20.009943
19.897583
19.893952
19.723746
19.515224
19.766306
19.792759
20.021671
19.907174
19.814244
19.744457
19.703402
19.814251
19.656356
20.044086
19.965507
19.726861
19.616284
19.712965
19.858526
19.974485
19.750799
19.596911
19.588770
19.601785
19.715961
20.044060
19.965550
19.727952
19.614510
19.710226
19.852114
19.844113
19.752226
19.418547
19.129089
19.258719
19.609136
20.038602
20.059715
20.020163
20.340599
20.317116
20.009004
20.053027
19.954300
19.883968
19.611496
19.798283
19.978527
19.887999
19.708533
19.487917
19.744502
19.770999
19.983151
20.046646
19.948746
19.886544
19.605510
19.797911
19.982798
19.994134
20.008424
20.083878
19.931547
19.842710
19.926881
19.837770
19.731067
19.324349
19.307953
19.337200
19.694506
19.957138
19.823855
19.744919
19.772492
19.742729
19.693267
19.851744
19.767378
19.436553
19.145107
19.277207
19.615049
19.952108
19.812306
19.732400
19.766645
19.746256
19.681951
19.886483
19.831749
19.830933
19.750207
19.800782
19.945638
20.058644
19.948431
20.039951
19.782786
19.763384
20.085849
19.996975
19.939378
19.950340
20.011685
19.898230
19.929988
19.993177
19.999846
20.038979
19.918966
19.818209
19.912368
19.997413
19.934618
19.948069
20.014004
19.902403
19.931167
19.987687
19.944633
20.009737
20.022187
20.119880
20.054762
19.825800
19.761928
19.610877
19.641369
19.880781
19.828547
20.045425
20.168565
20.407794
20.263410
19.961912
19.851211
19.898918
19.839733
19.836627
19.757583
19.814681
19.969449
20.038690
20.167351
20.378898
20.176131
19.887082
19.798550
20.053282
19.872540
19.723945
19.732257
19.855818
19.898879
19.819177
19.638640
19.490022
19.856087
19.894808
19.824483
20.110735
19.977570
20.205289
19.843574
19.945011
20.082759
19.997959
19.947729
20.019596
20.025295
20.124499
20.062227
20.117203
19.983642
20.212030
19.851613
19.952972
20.086951
20.041354
20.149874
20.213603
20.299202
20.145755
20.246638
19.853564
19.818064
19.965802
19.914782
19.928498
19.911250
19.984766
19.989102
19.881676
19.850435
19.809052
19.933706
20.049213
19.867400
19.711974
19.719424
19.850252
19.881986
19.982789
19.989955
19.883960
19.847493
19.805168
19.930512
19.976315
19.749292
19.610855
19.585542
19.608261
19.723828
19.889874
19.799106
19.912120
19.807854
19.759176
19.588826
20.056176
20.131602
20.195489
20.111944
20.038547
19.918057
20.036319
20.148988
20.214922
20.306962
20.150384
20.245942
20.064320
20.136094
20.194135
20.107507
20.032981
19.923422
19.905639
19.713155
19.506346
19.761749
19.790520
20.025356
19.932882
19.821389
19.781905
19.795862
19.878933
19.687053
20.043203
19.982439
19.714667
19.651377
19.728833
19.853547
19.979047
19.755955
19.612001
19.567591
19.594746
19.710124
20.045901
19.985261
19.711465
19.645997
19.720743
19.845081
19.844386
19.757928
19.418785
19.129773
19.265207
19.606308
20.035273
20.063754
20.010912
20.297211
20.298901
20.012673
20.046938
19.947828
19.896845
19.637807
19.817824
19.988031
19.908817
19.710468
19.490787
19.756206
19.774965
20.017440
20.043379
19.957471
19.908948
19.632375
19.818367
19.998058
19.975893
19.989310
20.033346
19.906761
19.817208
19.902395
19.834589
19.722394
19.320129
19.292306
19.326158
19.695358
19.959569
19.818664
19.730390
19.777041
19.741672
19.671812
19.854418
19.770923
19.429008
19.137726
19.279895
19.605448
19.966835
19.821777
19.731946
19.794332
19.757498
19.692860
19.889402
19.836302
19.841961
19.755661
19.803336
19.965476
20.061326
19.951071
20.021464
19.786573
19.759911
20.066176
20.019612
19.967316
19.988059
20.026600
19.910475
19.941114
19.975947
19.986454
20.037292
19.899692
19.819638
19.906726
20.019985
19.968764
19.991550
20.028952
19.918023
19.948252
20.000262
19.949018
20.049902
20.070276
20.155403
20.091347
19.815434
19.756406
19.605088
19.659376
19.908952
19.859622
20.038592
20.184161
20.411134
20.250771
19.954214
19.833713
19.900668
19.837969
19.860023
19.788482
19.838222
19.998509
20.041413
20.181902
20.416448
20.257071
19.961126
19.838699
20.044072
19.862882
19.724352
19.717835
19.837500
19.882631
19.828809
19.657639
19.507311
19.883815
19.902775
19.843854
20.113591
19.992190
20.207660
19.827230
19.944441
20.084681
19.997830
19.941402
20.046053
20.071862
20.153542
20.077013
20.100980
19.984036
20.211062
19.810081
19.936609
20.090364
20.028658
20.128968
20.112672
20.258051
20.116766
20.243148
19.857716
19.836475
19.980395
19.907299
19.911446
19.877616
19.994147
20.002974
19.903568
19.844535
19.804484
19.946338
20.033255
19.842823
19.720747
19.729266
19.849739
19.899340
19.986464
19.994295
19.894292
19.827406
19.791060
19.919851
19.981486
19.770394
19.629614
19.597274
19.602184
19.734698
19.863711
19.776442
19.906978
19.814526
19.774247
19.611131
20.066208
20.145102
20.197831
20.084989
20.004491
19.911599
20.032816
20.130334
20.104708
20.247507
20.101509
20.224532
20.071893
20.164645
20.207320
20.103545
20.020831
19.927186
19.892617
19.702743
19.495599
19.740723
19.758500
20.013682
19.918600
19.814386
19.769362
19.789548
19.870348
19.680281
20.033611
19.986922
19.745578
19.660153
19.729984
19.840710
19.974225
19.761322
19.625201
19.593609
19.611337
19.746280
20.035490
19.988120
19.748980
19.665740
19.742259
19.846740
19.870600
19.770245
19.404984
19.148062
19.281687
19.601543
20.028202
20.071588
20.006137
20.304680
20.316761
20.012269
20.055857
19.967330
19.934743
19.650653
19.819718
19.988631
19.891197
19.697910
19.494198
19.732748
19.767039
20.011846
20.054404
19.959571
19.932957
19.653117
19.822321
19.991286
19.968878
19.996001
20.073800
19.918556
19.839364
19.932622
19.830993
19.722291
19.311312
19.292408
19.336441
19.695327
19.969787
19.833754
19.742721
19.833232
19.772617
19.689763
19.874267
19.775213
19.405901
19.152823
19.284934
19.610815
19.975682
19.845826
19.759668
19.855051
19.786883
19.699532
19.867933
19.796729
19.784621
19.752268
19.803059
19.983765
20.054314
19.937493
19.985550
19.768630
19.758222
20.084512
20.020630
19.962822
19.974457
20.025057
19.907158
19.942614
19.972286
20.005835
20.075250
19.952824
19.857277
19.977407
20.018025
19.960791
19.971876
20.014894
19.902065
19.936954
19.976755
19.916883
20.008656
20.024652
20.116746
20.066891
19.810559
19.747593
19.603293
19.681750
19.931557
19.867373
20.024541
20.158610
20.386560
20.234393
19.933259
19.802826
19.863497
19.795753
19.774599
19.748555
19.797543
19.993710
20.031883
20.161704
20.396499
20.249553
19.950674
19.810690
20.052695
19.877533
19.758272
19.763994
19.865951
19.848175
19.827656
19.661053
19.535933
19.846564
19.865824
19.798890
20.123409
19.998523
20.217134
19.830157
19.959439
20.086832
19.974037
19.913675
20.009162
20.030635
20.122570
20.086801
20.121695
19.998603
20.214760
19.825920
19.960273
20.091559
20.062474
20.169017
20.176922
20.297343
20.140852
20.241610
19.869238
19.860640
19.997266
19.930590
19.953069
19.911428
19.981426
20.001589
19.901983
19.830476
19.780232
19.931926
20.044876
19.873869
19.755065
19.757452
19.860286
19.863303
19.987274
20.006659
19.906469
19.831689
19.780226
19.930526
19.983664
19.787139
19.631265
19.621388
19.633395
19.758065
19.837911
19.760958
19.877352
19.783237
19.765509
19.597330
20.058443
20.131482
20.169914
20.067337
19.990629
19.891233
20.057764
20.169109
20.174936
20.293761
20.143415
20.240803
20.062354
20.136628
20.173576
20.068599
19.997237
19.902711
19.882530
19.674100
19.482895
19.723604
19.765739
20.007010
19.950841
19.844058
19.847163
19.794188
19.867801
19.679713
20.041527
19.990472
19.767411
19.631048
19.716613
19.845451
19.978865
19.788369
19.671000
19.658167
19.655220
19.760459
20.027141
19.966285
19.717950
19.605226
19.693792
19.836994
19.889000
19.784106
19.444816
19.182098
19.294520
19.628743
20.033872
20.078338
20.004533
20.315765
20.310292
19.989783
20.059269
19.963197
19.938807
19.650502
19.789100
19.953978
19.919427
19.698338
19.626862
19.827570
19.838422
20.032271
20.067873
19.968554
19.939779
19.643295
19.793837
19.974043
19.977542
20.020365
20.087480
19.951154
19.864905
19.941703
19.829331
19.722336
19.327841
19.292076
19.343192
19.676452
19.963842
19.832954
19.752007
19.812305
19.756734
19.686287
19.884868
19.792458
19.455002
19.193559
19.305671
19.627221
19.958957
19.823959
19.733332
19.798031
19.753614
19.684587
19.878651
19.827893
19.789931
19.763881
19.813732
19.986068
20.043903
19.913649
19.955101
19.732996
19.733147
20.081279
20.035963
19.983810
19.984232
20.032332
19.922401
19.977040
19.990405
20.051375
20.059952
19.937189
19.859409
19.981390
20.036944
19.981049
19.991077
20.040881
19.925773
19.985538
19.968827
19.918559
19.998558
20.027390
20.127769
20.094691
19.807582
19.742627
19.614426
19.674171
19.933694
19.857378
20.036039
20.184588
20.419704
20.207717
19.913105
19.774881
19.878961
19.830463
19.790602
19.770460
19.804919
19.976945
20.038708
20.187774
20.421247
20.212320
19.912529
19.775460
20.019128
19.844182
19.696684
19.727549
19.840593
19.846093
19.832372
19.688973
19.571598
19.867017
19.870483
19.818032
20.129667
19.996596
20.206668
19.808843
19.937357
20.054987
19.963352
19.909437
19.984893
20.040652
20.137609
20.109420
20.128519
20.001017
20.205402
19.812201
19.938480
20.057479
20.054341
20.170482
20.181540
20.288058
20.125435
20.188387
19.864521
19.862330
19.985161
19.934744
19.963835
19.922765
20.005787
20.034394
19.898279
19.805515
19.757637
19.929130
20.005142
19.840058
19.696937
19.717803
19.830730
19.844131
20.007415
20.036680
19.931942
19.857302
19.807844
19.968124
19.970118
19.779261
19.616694
19.599896
19.621542
19.747466
19.838977
19.755761
19.875658
19.786931
19.773422
19.608636
20.067333
20.134476
20.147551
20.056805
20.016543
19.916473
20.039397
20.136503
20.109869
20.226885
20.073410
20.163952
20.067926
20.136621
20.189823
20.098019
20.041714
19.946456
19.889269
19.664172
19.581891
19.779125
19.784972
19.994501
19.947455
19.830349
19.809711
19.807548
19.895386
19.720516
20.039453
19.993477
19.769352
19.599002
19.682512
19.792996
19.976037
19.791461
19.627842
19.635744
19.634598
19.750249
20.028996
19.968379
19.744141
19.638843
19.702412
19.813766
19.890884
19.776734
19.439540
19.178789
19.315032
19.637787
20.050453
20.111576
20.064483
20.319396
20.326192
19.960907
20.054213
19.967791
19.956844
19.676262
19.791271
19.914826
19.894657
19.682726
19.590477
19.777391
19.791929
19.992898
20.054821
19.968641
19.959013
19.672619
19.793978
19.923569
19.979121
20.022234
20.082623
19.945199
19.860877
19.955218
19.834262
19.731101
19.326176
19.309513
19.356548
19.695961
19.944213
19.820812
19.712042
19.784233
19.735727
19.670460
19.885953
19.774602
19.419177
19.163264
19.284966
19.620875
19.944250
19.820748
19.712491
19.780511
19.730446
19.661550
19.875365
19.834911
19.781699
19.761866
19.798761
19.953255
20.050197
19.930683
19.977649
19.752817
19.753098
20.073593
20.063688
20.001568
20.003138
20.086194
19.974760
20.028853
19.979133
20.018933
20.070547
19.937468
19.851121
19.959701
20.063292
20.000511
20.004494
20.084190
19.969637
20.020324
19.977762
19.917730
20.005080
20.054362
20.150321
20.091088
