2.001477
1.998560
1.987562
1.975777
1.992212
1.997666
2.000214
1.982480
1.997979
1.996947
1.978964
1.993526
1.995132
2.005606
2.005370
2.031525
1.997020
2.003596
2.009152
2.000441
1.997402
1.997192
1.978730
1.988529
2.003020
2.004801
1.994602
2.010006
2.000254
1.999716
2.026797
2.021911
1.986569
1.994332
1.999374
2.021090
2.002536
2.000514
2.019452
2.042992
1.998812
2.000802
1.991656
1.983066
1.998665
1.988388
1.989414
1.945540
2.004858
2.001485
1.997759
1.998064
1.992648
1.993578
1.988636
1.973095
2.010106
2.008923
2.011342
2.006778
1.990396
1.977783
1.972502
1.976390
2.005645
2.002921
1.991913
2.001583
1.994224
1.978983
1.961414
1.960268
2.005412
2.011958
2.003754
1.988710
1.975912
1.975086
1.956859
1.940100
2.012166
2.001976
1.991649
1.994519
1.993137
2.003016
1.990694
2.002118
2.004877
2.004823
2.002536
2.031975
1.995919
1.986764
1.970181
1.992985
1.989507
1.982988
1.967149
2.022140
1.992903
1.998056
1.997656
2.007212
2.004294
2.004315
2.035736
2.019621
1.986342
1.967835
2.003922
2.013613
1.988918
1.993773
1.985051
1.999058
2.003725
2.009493
2.003372
1.984923
2.005151
2.007408
1.997776
2.019850
2.010061
2.002692
2.027490
2.001590
2.004260
2.003613
2.000574
2.010889
2.012027
2.013950
2.011446
1.990305
1.996454
1.998474
1.971605
1.997255
1.996258
2.000457
1.992930
2.011791
1.995050
1.997786
2.029098
2.023929
1.989513
1.997537
1.975331
1.991361
2.014218
2.015622
2.028739
2.036484
1.982648
1.985109
1.976606
1.970109
2.000639
1.998445
2.002857
2.003696
2.017617
2.010646
2.025916
2.007250
1.990193
1.992345
1.975561
1.997947
1.984229
1.989172
1.969626
1.975826
2.013098
1.995707
1.965862
1.971035
1.997291
1.988271
2.016964
2.027500
2.009078
2.000553
1.977234
1.990556
2.013151
2.006403
1.995809
2.004424
2.018077
2.025791
2.019457
2.019127
2.016928
2.021281
2.021502
2.041887
2.006953
2.006581
1.995710
1.979464
2.011472
2.009647
2.023492
1.983124
1.997663
1.991792
1.959319
1.987122
2.000193
2.011294
2.022090
1.986474
2.005716
2.004277
2.011479
2.001405
2.004975
2.006695
1.999574
1.994864
2.005889
1.994112
1.997195
1.994157
1.995435
2.004125
2.011536
2.013463
2.000873
1.998863
2.006413
1.988922
2.005757
2.003669
2.026083
1.998693
2.005925
2.007302
2.017070
1.998505
1.996311
2.010534
2.021840
2.031428
2.004126
2.005482
2.006556
1.985955
1.995459
2.003805
1.989692
2.017694
1.986070
1.994953
2.002903
2.001147
1.996939
1.988637
1.997829
2.012279
2.005185
1.998398
1.990024
1.997751
1.994177
1.984207
1.985923
1.992833
2.005171
2.010420
2.003926
2.005792
2.005491
2.013032
2.022838
1.995970
1.993069
1.997531
1.993433
2.012908
1.979042
1.977621
2.000840
2.016462
2.002321
1.992120
1.981512
1.983230
1.976555
1.991573
1.958303
1.973145
1.995253
1.998738
1.967958
2.008135
1.983834
1.994405
1.996848
1.981608
2.005767
2.010729
2.011118
2.029778
2.002290
2.005347
2.007310
2.000404
1.997769
1.985695
1.986188
1.999823
1.995127
2.013150
2.046268
2.014183
1.996212
1.985116
2.018854
2.011581
1.997119
2.006917
2.004332
1.996762
1.989087
2.002110
2.004475
1.988370
2.004696
2.010806
2.007731
1.999202
2.014468
2.011327
2.031276
2.039519
2.002231
2.004795
1.989166
2.000642
1.996309
1.991103
2.019205
1.980540
2.005290
1.994723
2.005538
2.002838
1.995164
1.997056
2.003417
2.010706
1.993586
1.995967
1.994966
1.993307
1.985887
1.985748
1.997342
1.987045
1.993245
1.987839
1.984830
1.972711
2.001291
2.001866
2.001148
1.987865
1.999068
1.987364
1.974346
2.000106
1.998252
2.007437
2.009045
2.009758
1.999238
1.998354
1.999312
1.958914
1.998079
1.989419
1.975131
1.972383
2.004370
2.006263
2.027629
2.002310
1.995845
2.005856
2.000735
2.005690
2.002594
2.015174
2.012199
1.994457
2.001384
1.992912
2.002774
1.980036
2.000078
1.991281
1.989210
1.998003
2.007662
2.010164
2.020157
2.005889
2.011517
2.008747
2.036249
2.029823
1.993752
2.001255
2.024588
2.027030
1.984648
1.994579
1.995875
1.974655
1.998926
2.019220
2.013857
1.996824
2.017450
2.029349
2.040613
2.055295
2.009117
2.015000
1.997469
1.992445
2.016307
2.008958
2.028532
1.994219
1.995832
1.998090
1.998859
2.018360
2.001887
2.007577
1.996291
1.989315
2.012813
2.007301
2.039381
1.995632
2.007632
2.020702
2.035611
2.044792
2.005281
1.999010
2.006264
2.008603
2.024479
2.019410
1.999156
1.991833
2.014131
2.009495
2.008072
2.017806
2.007365
2.010251
1.996676
1.951148
1.996727
2.000325
1.986159
2.004477
1.992425
1.989418
2.013956
1.995232
1.997051
2.003269
2.013679
1.974833
2.012110
2.001635
1.989791
1.983707
2.003564
1.998737
2.008432
2.003578
2.000882
1.983180
1.967646
1.972888
1.991329
1.995394
1.982160
2.006345
2.004557
2.002578
2.000800
1.975584
1.997241
2.005461
1.996935
2.017933
1.990040
1.986088
1.972100
1.973654
2.003113
2.008273
1.974093
1.963825
1.993718
1.992743
1.991560
1.994530
2.008273
2.012331
2.007293
2.004665
1.996805
1.997259
2.021940
2.036029
1.996800
1.982035
1.962153
2.004525
1.996439
2.003455
1.957593
1.969552
1.982387
1.981783
1.990492
1.995631
1.997705
2.009772
2.008828
1.992210
2.006677
2.011155
2.017175
2.025377
1.987728
2.001801
2.014731
2.019328
1.991300
2.005688
1.998028
2.020147
1.997953
2.007062
1.998656
1.993317
1.996870
2.003337
1.990945
1.985301
1.994634
1.972153
1.940769
1.951559
1.982519
1.975196
1.947789
1.952313
2.004283
2.012034
2.031927
1.995528
1.985831
1.991905
1.979732
1.997237
1.993368
1.997618
1.990037
1.951743
2.006432
2.006144
2.019242
2.040219
1.993598
2.002124
2.026461
2.022610
2.009331
2.014320
2.020863
2.030522
1.999846
1.995659
2.001844
2.003960
2.012912
2.005195
2.011905
1.973972
2.007051
2.009912
2.024496
2.025548
1.980456
1.973495
1.958465
1.958802
2.004263
2.009045
2.016016
1.994074
2.015487
2.022132
2.034013
2.001394
1.995023
2.009905
2.030560
1.982340
1.991656
1.987650
2.017915
1.991928
2.012816
2.017745
2.030972
2.039757
1.977300
1.989719
1.986823
1.999929
1.999548
1.987537
1.957026
2.023572
1.996010
1.985120
1.994630
1.977414
2.001665
1.995145
1.953990
1.976552
1.994685
1.990838
1.988608
1.994946
2.002474
2.013130
2.027490
2.044637
1.982930
1.988064
1.979500
1.995084
1.996318
2.005618
2.015117
2.022135
1.995085
1.993975
1.988179
1.968490
1.995213
2.006175
2.015023
1.991524
1.987293
1.976193
1.977183
2.014491
1.989376
1.994184
1.999307
1.983062
2.004999
1.998893
1.989918
1.978635
2.006375
1.998013
2.033630
2.024274
1.987128
1.985748
1.969865
1.975277
2.008599
2.013398
2.012504
2.008206
2.002290
1.990102
2.025184
2.011451
1.990490
1.983449
2.005332
2.009316
2.009857
2.015209
2.033228
2.025312
1.993669
1.992213
1.990526
1.991937
1.985966
1.980929
1.953856
1.953094
2.008949
2.022507
2.024142
2.004021
2.022076
2.017282
2.038546
1.995602
2.008509
2.021280
2.011047
1.988087
1.993312
2.006568
2.025877
2.039001
2.006203
2.015746
2.003536
2.006666
1.992843
1.994418
1.963894
1.967006
1.985508
1.978622
1.951398
1.950310
1.996550
1.990137
1.984831
1.965205
1.997153
1.996139
2.013669
2.009782
2.005094
2.007831
2.033336
2.015416
2.013274
2.015754
1.997144
2.017298
2.003984
2.011229
2.038743
2.013668
2.004035
2.006258
1.987329
2.001235
2.007435
2.009734
1.999770
1.990777
2.004517
2.005660
2.022038
2.002599
1.998607
1.995771
1.998989
1.974506
2.010301
2.013005
1.988957
1.988250
2.004165
2.004313
1.984186
1.981443
1.987247
1.975533
1.947582
1.951995
2.003771
2.012440
2.020874
2.029425
2.010113
2.020064
2.031343
2.028075
1.999929
1.997000
1.969007
1.970048
2.001020
2.000431
2.002537
1.992097
1.998101
2.002001
2.008550
2.013656
2.001432
1.990325
1.973417
1.997446
1.993384
1.992495
1.990172
2.007241
2.011990
1.988369
1.965175
1.989698
1.991341
1.993754
2.031951
2.032679
2.016596
2.006272
2.017189
2.005522
1.995141
1.988849
1.988827
1.973170
2.020306
2.008288
2.010005
2.035659
1.985473
1.990245
2.013395
2.004393
2.000933
1.997860
1.967322
1.978641
1.995095
1.984776
1.985894
1.996918
2.022149
2.018071
2.025444
2.033488
1.996255
1.990731
1.983178
1.998917
1.991006
1.999236
2.004139
2.018738
1.994880
1.996456
1.998512
2.013632
1.996701
1.993259
1.993086
2.021430
1.985747
1.988647
2.010361
2.011220
2.013853
2.018112
2.018580
1.994823
2.013262
2.004708
2.024687
1.971248
2.004007
2.020035
2.011044
2.001762
1.999557
2.007739
2.047053
2.010161
1.993434
1.991961
2.005187
2.010928
2.006137
2.013994
2.027853
2.037088
2.009162
2.016928
2.012643
2.012363
2.024495
2.024012
1.995612
1.977617
2.006815
2.007842
2.026929
2.036621
2.007816
1.997697
2.014854
2.044730
2.001538
1.995340
1.982109
2.000036
1.984199
1.988700
1.985310
1.992366
1.996200
1.984872
1.960663
2.007485
1.994453
2.002952
2.007716
1.990414
2.002329
1.997567
2.003619
1.980685
2.005445
1.997184
1.980248
1.991946
1.995108
1.996205
1.968859
1.966688
2.009798
2.008768
2.004466
1.983570
2.006297
2.011515
2.000414
1.998634
2.000941
1.989172
1.963038
1.978003
1.997609
1.985338
1.955705
1.966999
2.002788
2.007202
1.993272
1.985672
1.988101
1.984932
1.976361
1.980986
2.007477
1.997424
2.002524
1.979458
2.001388
2.007730
1.991588
2.010083
1.999403
1.999959
1.981622
2.026306
1.980009
1.983500
1.975857
1.998237
2.006800
2.012570
1.984998
2.001274
1.991580
1.983927
1.980295
1.986739
1.993046
1.994162
1.986087
2.003636
2.001277
2.005217
2.004187
2.001826
1.985730
1.977365
1.986014
2.001735
2.000797
1.987332
1.991024
1.996527
1.989859
1.987057
1.992107
1.990216
2.001578
2.007172
1.993693
2.011079
1.993259
2.001505
2.012601
2.017873
1.996185
2.002198
2.025098
2.020766
1.990810
1.982316
1.971265
1.984804
2.012676
2.022450
2.019574
2.014393
1.984143
1.982689
1.994959
1.942465
1.990437
1.986008
1.972206
1.987329
1.993500
1.988926
2.001095
1.987624
1.993445
1.991858
1.981080
1.968076
1.995403
1.996520
1.994951
1.979283
2.008452
2.000545
1.984018
1.995042
1.988651
2.000113
2.017322
2.019115
1.999028
2.007183
2.030482
2.024892
1.989633
1.991921
2.012513
2.034231
2.009136
2.015223
1.991570
1.976337
1.997694
1.996864
2.014839
2.001558
1.998387
1.999272
1.990334
1.980854
1.997809
1.998721
2.003235
1.999214
2.010484
2.010470
1.989828
2.008412
1.998052
2.003541
2.003297
2.000673
1.988644
1.994118
1.960320
1.998240
2.005687
1.992374
2.011360
1.991561
2.001001
2.006874
1.997301
1.995992
2.010122
2.007766
2.052402
2.022877
1.997547
1.998603
2.022409
2.002784
1.988389
1.994803
2.009355
2.019495
2.004345
1.999848
2.014802
2.000561
2.003973
2.003065
2.014641
2.000187
1.988171
1.995834
1.998922
1.990951
2.021820
2.023888
2.036904
2.024106
1.996205
2.015000
2.021235
1.990595
1.987692
2.004573
2.003120
2.008416
1.992668
1.983215
1.979721
1.974945
2.003439
1.992944
1.985140
1.997056
2.004650
2.009539
2.048124
2.059054
1.998666
1.993793
1.987598
1.981827
2.000044
2.018727
1.997875
2.002445
1.999438
1.991478
1.991837
2.027107
1.997460
1.981270
1.959633
1.959968
1.992781
1.990034
1.975395
1.957846
1.992115
1.978645
1.977721
1.963955
1.996574
2.005137
1.995842
1.972976
1.999358
2.002909
2.007707
1.996729
2.001365
2.005244
2.002697
2.009834
2.014606
2.021618
2.017184
1.982218
2.001057
2.019921
2.006189
1.996872
1.989924
1.997554
2.006918
2.000030
2.009464
2.010301
2.009654
1.982737
2.000759
2.008495
2.027244
2.004727
1.997119
1.999753
2.015702
2.021484
2.001900
2.021660
2.007839
2.027120
2.010473
2.002872
2.002409
2.011008
2.016985
2.008532
1.986292
1.982033
2.000279
1.996330
1.992816
1.958795
1.988405
1.976843
1.954470
1.964359
2.000400
2.000441
1.984917
2.018019
1.996583
1.994513
2.023685
2.024295
1.996762
2.002262
1.996757
2.019121
2.010285
2.005164
2.024286
2.002519
1.989645
1.983178
1.988886
2.015576
1.980159
1.977903
1.991462
1.995139
1.992711
2.008093
2.004851
2.004197
2.008234
1.998371
1.998419
2.028359
2.001216
2.009453
2.022066
1.994316
1.998038
2.001281
1.997113
1.976563
2.004216
2.008704
2.012169
2.006957
1.995368
1.993186
1.987284
1.965917
2.000704
2.006741
2.030245
2.009934
1.987091
1.995778
1.978170
1.990312
1.992034
1.996625
2.000049
1.986080
1.984359
1.991899
1.993271
2.008591
1.998950
1.996208
2.010716
2.016061
2.012777
2.004773
1.991495
1.986959
2.003409
2.005372
2.015756
2.004759
1.977749
1.972895
1.993847
2.000969
2.009252
2.008701
2.005065
1.991759
2.007996
2.008104
1.987632
1.981143
2.011825
2.014333
2.030784
2.017361
2.011689
2.006812
2.016746
2.028528
1.991223
1.985560
1.982074
1.986204
2.000386
2.011482
2.011991
2.032426
2.004802
2.004453
1.997818
1.998762
2.016065
2.002797
1.991469
1.978829
2.001644
2.007938
2.019298
1.989787
1.992673
1.997442
2.020621
2.010698
2.015098
2.029249
2.022257
2.002870
2.007061
2.014488
2.011194
2.031726
2.005266
1.998151
2.002207
2.022568
1.996560
1.996631
2.006254
2.010611
1.998575
1.995943
2.007339
1.990085
1.991246
2.005179
1.979197
2.012536
1.982326
1.987797
1.998576
2.029834
2.009815
2.015890
1.979315
1.988028
1.992528
1.995399
1.999700
2.036921
2.010026
2.007333
2.010014
2.014396
2.014724
2.021615
2.022923
2.003094
2.006960
2.004199
2.013653
2.005672
2.003677
1.997357
1.967184
1.992391
1.997347
1.998633
1.965405
1.985988
1.996859
1.982798
2.018981
2.015894
2.013399
2.017407
1.994580
1.973448
2.015261
2.021954
2.011989
1.998014
2.002526
2.001786
2.009781
1.994452
2.002457
1.989823
1.982187
1.991717
1.994499
1.986215
1.952652
1.953545
1.978486
1.983794
1.983319
2.010572
1.998519
2.011775
2.007054
2.017681
1.990008
1.996389
2.002155
1.990928
1.998215
2.005720
2.001866
1.986537
1.989369
1.999100
1.981109
1.986580
1.990617
1.991573
2.002009
2.029751
2.007537
2.014228
2.028329
2.023849
1.991043
1.991404
1.991728
1.969638
2.010484
2.006391
2.000496
2.014009
2.004355
2.011738
2.025573
1.998903
2.016435
2.007096
2.036259
2.015258
1.990122
1.985311
1.994675
1.967297
2.019383
2.028182
2.021527
2.014594
1.990510
1.992271
1.959770
1.958726
2.002977
2.011688
1.967073
1.970275
2.010571
1.997846
1.984318
1.993253
2.002349
2.006073
2.003438
1.959941
2.003372
2.004193
2.010796
2.012254
2.001502
1.998775
2.018852
2.042259
2.004290
2.007383
2.013257
2.024448
1.997929
2.009855
1.989023
1.997739
1.993576
1.998804
1.989734
2.002286
2.012146
2.010249
1.973530
1.957662
2.010145
2.005017
2.012248
1.980731
1.993498
1.999950
2.010921
2.017114
2.006023
2.011560
2.015074
2.002573
2.003894
2.003103
2.029481
2.016035
1.993285
1.990840
1.952543
1.970586
2.011139
2.004355
1.995239
1.985297
2.004788
1.999340
2.006663
1.996630
2.001887
2.008206
2.012665
1.988313
1.988892
1.982777
1.986681
1.967740
2.014001
2.012947
2.036118
2.049367
2.003507
2.009610
2.017655
2.016171
2.002648
1.997593
1.985439
1.996145
2.000027
2.004564
2.006536
2.019149
2.001605
2.002001
1.991036
1.999133
1.999207
1.981709
1.997900
2.021059
1.991403
1.997444
1.995373
1.999351
2.000773
1.999601
2.011762
2.019461
1.997310
1.977811
1.961171
1.978851
2.001053
1.999050
1.985108
1.980865
