0.186571
-1.050289
0.040452
-0.185544
0.022167
1.855376
0.346258
0.171221
0.001545
2.579178
0.154426
-0.069139
0.021544
1.858929
0.348069
0.172946
-0.010848
2.869912
0.130385
-0.085546
-0.036099
3.267337
0.006988
-0.223813
-0.112699
3.954182
0.594910
0.329891
-0.137410
4.931083
0.330487
0.066392
-0.130986
4.346392
0.601234
0.327991
-0.125403
4.714965
0.347779
0.072824
0.016766
2.003292
0.066363
-0.175295
-0.014808
2.119662
0.310228
0.081769
-0.018807
3.014993
0.138452
-0.076735
-0.003458
1.921073
0.311867
0.081581
-0.076080
4.057444
0.322816
0.096629
0.034383
2.053851
-0.132398
-0.376367
-0.033859
3.362761
-0.073098
-0.313626
-0.116115
4.509184
0.367176
0.092884
-0.034443
3.399793
-0.084970
-0.325178
0.082031
1.091250
0.267666
0.000682
-0.068887
3.634341
0.247236
-0.013984
0.220870
-1.706616
0.057545
-0.206659
-0.082947
4.191657
0.328741
0.098850
0.226214
-1.808662
0.063007
-0.202435
-0.175134
5.301150
0.481301
0.244558
-0.193985
5.853578
0.466218
0.246467
-0.064169
3.544731
0.313609
0.039490
0.077761
1.243066
0.257927
-0.010950
-0.063236
3.560944
0.300719
0.025324
0.088270
1.083544
-0.064336
-0.300687
-0.104510
4.680356
0.168097
-0.043252
0.176954
-1.036429
0.234067
0.054173
-0.177682
5.371757
0.472674
0.235823
0.169897
-0.894117
0.249213
0.066639
0.007009
2.465493
0.154466
-0.065684
-0.163756
5.151039
0.287867
0.047795
-0.117214
4.908863
-0.038040
-0.245287
0.088227
1.079891
-0.062045
-0.296148
-0.122995
4.985917
-0.028997
-0.237422
-0.150313
5.158262
0.360196
0.096092
0.193297
-1.078787
0.043346
-0.183020
0.022413
1.850959
0.335189
0.160021
0.008849
2.428000
0.155280
-0.062472
0.014201
1.983622
0.348436
0.174257
-0.002769
2.844252
0.119306
-0.098346
-0.067855
3.897561
0.048732
-0.184860
-0.112876
4.084923
0.576541
0.312343
-0.150922
5.136856
0.385466
0.122723
-0.120353
4.191822
0.596628
0.332152
-0.109270
4.372955
0.336064
0.065750
0.022217
1.903172
0.082991
-0.160952
0.002686
1.818290
0.301380
0.071198
-0.005160
2.850247
0.123970
-0.092197
0.004600
1.780150
0.299436
0.070289
-0.097190
4.375898
0.367964
0.143189
0.026111
2.169858
-0.148275
-0.387880
-0.043586
3.561225
-0.067416
-0.305295
-0.102801
4.254419
0.316105
0.046503
-0.042900
3.546518
-0.064580
-0.302083
0.072431
1.298781
0.251571
-0.015477
-0.055315
3.337737
0.276781
0.009574
0.226846
-1.810684
0.042875
-0.220310
-0.089779
4.269819
0.360636
0.138271
0.228073
-1.803701
0.039945
-0.224651
-0.159415
5.023966
0.476942
0.240974
-0.187519
5.682012
0.493510
0.272548
-0.070364
3.729564
0.300466
0.024114
0.082315
1.098304
0.264426
-0.001508
-0.073787
3.794449
0.283581
0.010432
0.088674
1.089528
-0.066408
-0.306180
-0.074443
4.079206
0.162729
-0.051826
0.175329
-0.969282
0.229825
0.048470
-0.167963
5.180498
0.476386
0.242129
0.185791
-1.259758
0.238844
0.057218
0.006918
2.432191
0.159752
-0.057947
-0.165439
5.206198
0.283645
0.043153
-0.112676
4.834974
-0.042324
-0.251481
0.083083
1.215427
-0.064035
-0.305282
-0.111148
4.805358
-0.038613
-0.247729
-0.138475
4.926707
0.351878
0.090443
0.224523
-1.671277
-0.016444
-0.232647
0.037487
1.667421
0.315395
0.138438
0.031029
1.980488
0.157688
-0.060201
0.039790
1.622076
0.314017
0.135802
-0.012972
3.023542
0.097864
-0.117434
-0.057371
3.699317
0.010327
-0.222654
-0.103110
3.919471
0.558973
0.299894
-0.136050
4.898780
0.350906
0.090906
-0.104040
3.929383
0.559558
0.299202
-0.112711
4.491383
0.330891
0.059936
0.073466
0.966742
0.040143
-0.208013
0.015422
1.648954
0.242607
0.025329
-0.038847
3.447333
0.152343
-0.068955
0.018826
1.573057
0.249125
0.031444
-0.067032
3.971574
0.303943
0.075241
0.001788
2.575100
-0.088083
-0.334048
-0.054969
3.797139
-0.054331
-0.291944
-0.087443
4.002561
0.299918
0.030283
-0.047359
3.605773
-0.041421
-0.278851
0.086765
1.033414
0.265778
-0.001731
-0.042408
3.138354
0.271173
0.004347
0.231452
-1.878059
0.012037
-0.249525
-0.054561
3.774216
0.278649
0.055181
0.224301
-1.748292
0.017888
-0.246125
-0.167918
5.168407
0.500145
0.264561
-0.163479
5.341199
0.425605
0.208662
-0.056072
3.405908
0.306320
0.036767
0.087520
0.999749
0.273608
0.006794
-0.059712
3.466523
0.315362
0.047182
0.092798
0.953049
-0.027168
-0.265374
-0.064696
3.922109
0.138151
-0.070710
0.159195
-0.717485
0.243534
0.059759
-0.185766
5.535402
0.481035
0.252817
0.161841
-0.785495
0.250194
0.066516
0.040684
1.802720
0.153938
-0.054151
-0.183261
5.379580
0.364481
0.128217
-0.097449
4.569198
-0.064653
-0.276533
0.084622
1.120916
-0.031073
-0.267952
-0.105247
4.706906
-0.063950
-0.270372
-0.117022
4.538981
0.328890
0.073141
0.218424
-1.480111
-0.014700
-0.231622
0.042078
1.570268
0.323796
0.148353
0.035883
1.839278
0.177505
-0.033770
0.042714
1.552035
0.323199
0.147061
-0.011286
2.834725
0.143303
-0.076053
-0.062350
3.739971
0.033188
-0.203992
-0.110562
4.020036
0.565284
0.304553
-0.119332
4.583516
0.325948
0.067647
-0.117196
4.179253
0.548135
0.287352
-0.104150
4.359883
0.309612
0.040535
0.074349
0.955035
0.056071
-0.193025
0.017312
1.600025
0.250035
0.033541
-0.016799
2.941480
0.136857
-0.081605
0.015800
1.630376
0.252920
0.034644
-0.037137
3.477423
0.254201
0.034260
0.007401
2.579134
-0.124699
-0.363779
-0.050580
3.753017
-0.060583
-0.298256
-0.103119
4.335858
0.306013
0.038019
-0.052421
3.788326
-0.068723
-0.306199
0.089219
0.975194
0.283241
0.018124
-0.034292
2.979880
0.247379
-0.016155
0.218629
-1.605755
0.052374
-0.217700
-0.027022
3.187145
0.251490
0.031093
0.220947
-1.656571
0.050204
-0.220564
-0.172305
5.318528
0.465630
0.236689
-0.151394
5.081086
0.418026
0.201993
-0.049202
3.247072
0.316757
0.050965
0.085126
1.048060
0.293696
0.027056
-0.049079
3.265833
0.297829
0.033401
0.073059
1.300905
-0.018361
-0.249690
-0.076144
4.150421
0.162156
-0.051941
0.150354
-0.530121
0.256371
0.068107
-0.169456
5.292592
0.456299
0.225085
0.155058
-0.619648
0.259835
0.071988
0.046647
1.677689
0.141460
-0.067113
-0.166402
5.176030
0.359127
0.117153
-0.107497
4.707245
-0.052746
-0.260127
0.066871
1.448929
-0.012406
-0.248566
-0.108400
4.745257
-0.052199
-0.260668
-0.105435
4.293276
0.320999
0.064040
0.205816
-1.281687
-0.010316
-0.225048
0.043708
1.587007
0.300534
0.125104
0.034349
1.960157
0.138701
-0.074842
0.045954
1.551597
0.297181
0.120373
-0.015723
2.965884
0.113881
-0.103733
-0.063873
3.793363
0.037608
-0.204491
-0.134519
4.486736
0.567661
0.306531
-0.105066
4.304554
0.309338
0.054415
-0.101135
3.846229
0.555444
0.296320
-0.117609
4.560012
0.344957
0.078025
0.051215
1.391117
0.050244
-0.202387
-0.004780
2.066281
0.248193
0.029001
-0.003674
2.748561
0.093253
-0.125918
-0.009492
2.177227
0.261409
0.040775
0.004142
2.723881
0.204938
-0.018744
0.009380
2.457113
-0.087450
-0.337692
-0.046375
3.638205
-0.063232
-0.299413
-0.132186
4.771724
0.359403
0.093631
-0.048782
3.684317
-0.057569
-0.294996
0.080994
1.135305
0.282230
0.015522
-0.042986
3.199032
0.293634
0.025926
0.230599
-1.831708
0.002695
-0.263568
0.004376
2.720318
0.213283
-0.008308
0.233496
-1.905419
0.021660
-0.246975
-0.171827
5.317641
0.476546
0.244895
-0.147638
5.008524
0.419796
0.204743
-0.034327
3.097938
0.264661
0.006306
0.084326
1.055405
0.292021
0.025823
-0.029857
3.006382
0.266653
0.010147
0.069978
1.391216
-0.017373
-0.254184
-0.038291
3.333772
0.154885
-0.063837
0.166412
-0.857317
0.234174
0.050557
-0.174685
5.376002
0.480275
0.248526
0.155941
-0.633725
0.221203
0.037057
0.030627
2.090937
0.127968
-0.080499
-0.138836
4.634506
0.325633
0.091367
-0.127508
5.115399
-0.033293
-0.244775
0.101811
0.817821
-0.060307
-0.289584
-0.124873
5.102247
-0.043552
-0.254947
-0.106439
4.277050
0.350742
0.094497
