2.004766
2.022228
2.040564
2.015266
2.017281
2.034738
2.073580
2.056608
1.986432
1.985954
1.961488
1.957303
1.996608
1.985407
2.018085
2.020971
1.979608
1.995578
1.983832
1.958548
2.010660
1.993320
2.007537
2.036238
2.006277
2.021987
2.042561
2.028897
2.013722
2.031837
2.074384
2.058936
1.984432
1.979950
1.942661
1.945811
1.996316
1.988330
2.022205
2.028595
1.979608
1.995640
1.983477
1.958143
2.011343
1.994384
2.008279
2.037103
2.004766
2.022228
2.040564
2.015266
2.017281
2.034738
2.073580
2.056608
1.986432
1.985954
1.961488
1.957303
1.996608
1.985407
2.018085
2.020971
1.979608
1.995578
1.983832
1.958548
2.010660
1.993320
2.007537
2.036238
2.006277
2.021987
2.042561
2.028897
2.013722
2.031837
2.074384
2.058936
1.984432
1.979950
1.942661
1.945811
1.996316
1.988330
2.022205
2.028595
1.979608
1.995640
1.983477
1.958143
2.011343
1.994384
2.008279
2.037103
2.004766
2.022228
2.040564
2.015266
2.017281
2.034738
2.073580
2.056608
1.986432
1.985954
1.961488
1.957303
1.996608
1.985407
2.018085
2.020971
1.979608
1.995578
1.983832
1.958548
2.010660
1.993320
2.007537
2.036238
2.006277
2.021987
2.042561
2.028897
2.013722
2.031837
2.074384
2.058936
1.984432
1.979950
1.942661
1.945811
1.996316
1.988330
2.022205
2.028595
1.979608
1.995640
1.983477
1.958143
2.011343
1.994384
2.008279
2.037103
2.004766
2.022228
2.040564
2.015266
2.017281
2.034738
2.073580
2.056608
1.986432
1.985954
1.961488
1.957303
1.996608
1.985407
2.018085
2.020971
1.979608
1.995578
1.983832
1.958548
2.010660
1.993320
2.007537
2.036238
2.006277
2.021987
2.042561
2.028897
2.013722
2.031837
2.074384
2.058936
1.984432
1.979950
1.942661
1.945811
1.996316
1.988330
2.022205
2.028595
1.979608
1.995640
1.983477
1.958143
2.011343
1.994384
2.008279
2.037103
2.004766
2.022228
2.040564
2.015266
2.017281
2.034738
2.073580
2.056608
1.986432
1.985954
1.961488
1.957303
1.996608
1.985407
2.018085
2.020971
1.979608
1.995578
1.983832
1.958548
2.010660
1.993320
2.007537
2.036238
2.006277
2.021987
2.042561
2.028897
2.013722
2.031837
2.074384
2.058936
1.984432
1.979950
1.942661
1.945811
1.996316
1.988330
2.022205
2.028595
1.979608
1.995640
1.983477
1.958143
2.011343
1.994384
2.008279
2.037103
2.004766
2.022228
2.040564
2.015266
2.017281
2.034738
2.073580
2.056608
1.986432
1.985954
1.961488
1.957303
1.996608
1.985407
2.018085
2.020971
1.979608
1.995578
1.983832
1.958548
2.010660
1.993320
2.007537
2.036238
2.006277
2.021987
2.042561
2.028897
2.013722
2.031837
2.074384
2.058936
1.984432
1.979950
1.942661
1.945811
1.996316
1.988330
2.022205
2.028595
1.979608
1.995640
1.983477
1.958143
2.011343
1.994384
2.008279
2.037103
2.004766
2.022228
2.040564
2.015266
2.017281
2.034738
2.073580
2.056608
1.986432
1.985954
1.961488
1.957303
1.996608
1.985407
2.018085
2.020971
1.979608
1.995578
1.983832
1.958548
2.010660
1.993320
2.007537
2.036238
2.006277
2.021987
2.042561
2.028897
2.013722
2.031837
2.074384
2.058936
1.984432
1.979950
1.942661
1.945811
1.996316
1.988330
2.022205
2.028595
1.979608
1.995640
1.983477
1.958143
2.011343
1.994384
2.008279
2.037103
2.004766
2.022228
2.040564
2.015266
2.017281
2.034738
2.073580
2.056608
1.986432
1.985954
1.961488
1.957303
1.996608
1.985407
2.018085
2.020971
1.979608
1.995578
1.983832
1.958548
2.010660
1.993320
2.007537
2.036238
2.006277
2.021987
2.042561
2.028897
2.013722
2.031837
2.074384
2.058936
1.984432
1.979950
1.942661
1.945811
1.996316
1.988330
2.022205
2.028595
1.979608
1.995640
1.983477
1.958143
2.011343
1.994384
2.008279
2.037103
2.004766
2.022228
2.040564
2.015266
2.017281
2.034738
2.073580
2.056608
1.986432
1.985954
1.961488
1.957303
1.996608
1.985407
2.018085
2.020971
1.979608
1.995578
1.983832
1.958548
2.010660
1.993320
2.007537
2.036238
2.006277
2.021987
2.042561
2.028897
2.013722
2.031837
2.074384
2.058936
1.984432
1.979950
1.942661
1.945811
1.996316
1.988330
2.022205
2.028595
1.979608
1.995640
1.983477
1.958143
2.011343
1.994384
2.008279
2.037103
2.004766
2.022228
2.040564
2.015266
2.017281
2.034738
2.073580
2.056608
1.986432
1.985954
1.961488
1.957303
1.996608
1.985407
2.018085
2.020971
1.979608
1.995578
1.983832
1.958548
2.010660
1.993320
2.007537
2.036238
2.006277
2.021987
2.042561
2.028897
2.013722
2.031837
2.074384
2.058936
1.984432
1.979950
1.942661
1.945811
1.996316
1.988330
2.022205
2.028595
1.979608
1.995640
1.983477
1.958143
2.011343
1.994384
2.008279
2.037103
2.004766
2.022228
2.040564
2.015266
2.017281
2.034738
2.073580
2.056608
1.986432
1.985954
1.961488
1.957303
1.996608
1.985407
2.018085
2.020971
1.979608
1.995578
1.983832
1.958548
2.010660
1.993320
2.007537
2.036238
2.006277
2.021987
2.042561
2.028897
2.013722
2.031837
2.074384
2.058936
1.984432
1.979950
1.942661
1.945811
1.996316
1.988330
2.022205
2.028595
1.979608
1.995640
1.983477
1.958143
2.011343
1.994384
2.008279
2.037103
2.004766
2.022228
2.040564
2.015266
2.017281
2.034738
2.073580
2.056608
1.986432
1.985954
1.961488
1.957303
1.996608
1.985407
2.018085
2.020971
1.979608
1.995578
1.983832
1.958548
2.010660
1.993320
2.007537
2.036238
2.006277
2.021987
2.042561
2.028897
2.013722
2.031837
2.074384
2.058936
1.984432
1.979950
1.942661
1.945811
1.996316
1.988330
2.022205
2.028595
1.979608
1.995640
1.983477
1.958143
2.011343
1.994384
2.008279
2.037103
2.004766
2.022228
2.040564
2.015266
2.017281
2.034738
2.073580
2.056608
1.986432
1.985954
1.961488
1.957303
1.996608
1.985407
2.018085
2.020971
1.979608
1.995578
1.983832
1.958548
2.010660
1.993320
2.007537
2.036238
2.006277
2.021987
2.042561
2.028897
2.013722
2.031837
2.074384
2.058936
1.984432
1.979950
1.942661
1.945811
1.996316
1.988330
2.022205
2.028595
1.979608
1.995640
1.983477
1.958143
2.011343
1.994384
2.008279
2.037103
2.004766
2.022228
2.040564
2.015266
2.017281
2.034738
2.073580
2.056608
1.986432
1.985954
1.961488
1.957303
1.996608
1.985407
2.018085
2.020971
1.979608
1.995578
1.983832
1.958548
2.010660
1.993320
2.007537
2.036238
2.006277
2.021987
2.042561
2.028897
2.013722
2.031837
2.074384
2.058936
1.984432
1.979950
1.942661
1.945811
1.996316
1.988330
2.022205
2.028595
1.979608
1.995640
1.983477
1.958143
2.011343
1.994384
2.008279
2.037103
2.004766
2.022228
2.040564
2.015266
2.017281
2.034738
2.073580
2.056608
1.986432
1.985954
1.961488
1.957303
1.996608
1.985407
2.018085
2.020971
1.979608
1.995578
1.983832
1.958548
2.010660
1.993320
2.007537
2.036238
2.006277
2.021987
2.042561
2.028897
2.013722
2.031837
2.074384
2.058936
1.984432
1.979950
1.942661
1.945811
1.996316
1.988330
2.022205
2.028595
1.979608
1.995640
1.983477
1.958143
2.011343
1.994384
2.008279
2.037103
2.004766
2.022228
2.040564
2.015266
2.017281
2.034738
2.073580
2.056608
1.986432
1.985954
1.961488
1.957303
1.996608
1.985407
2.018085
2.020971
1.979608
1.995578
1.983832
1.958548
2.010660
1.993320
2.007537
2.036238
2.006277
2.021987
2.042561
2.028897
2.013722
2.031837
2.074384
2.058936
1.984432
1.979950
1.942661
1.945811
1.996316
1.988330
2.022205
2.028595
1.979608
1.995640
1.983477
1.958143
2.011343
1.994384
2.008279
2.037103
2.004766
2.022228
2.040564
2.015266
2.017281
2.034738
2.073580
2.056608
1.986432
1.985954
1.961488
1.957303
1.996608
1.985407
2.018085
2.020971
1.979608
1.995578
1.983832
1.958548
2.010660
1.993320
2.007537
2.036238
2.006277
2.021987
2.042561
2.028897
2.013722
2.031837
2.074384
2.058936
1.984432
1.979950
1.942661
1.945811
1.996316
1.988330
2.022205
2.028595
1.979608
1.995640
1.983477
1.958143
2.011343
1.994384
2.008279
2.037103
2.004766
2.022228
2.040564
2.015266
2.017281
2.034738
2.073580
2.056608
1.986432
1.985954
1.961488
1.957303
1.996608
1.985407
2.018085
2.020971
1.979608
1.995578
1.983832
1.958548
2.010660
1.993320
2.007537
2.036238
2.006277
2.021987
2.042561
2.028897
2.013722
2.031837
2.074384
2.058936
1.984432
1.979950
1.942661
1.945811
1.996316
1.988330
2.022205
2.028595
1.979608
1.995640
1.983477
1.958143
2.011343
1.994384
2.008279
2.037103
2.004766
2.022228
2.040564
2.015266
2.017281
2.034738
2.073580
2.056608
1.986432
1.985954
1.961488
1.957303
1.996608
1.985407
2.018085
2.020971
1.979608
1.995578
1.983832
1.958548
2.010660
1.993320
2.007537
2.036238
2.006277
2.021987
2.042561
2.028897
2.013722
2.031837
2.074384
2.058936
1.984432
1.979950
1.942661
1.945811
1.996316
1.988330
2.022205
2.028595
1.979608
1.995640
1.983477
1.958143
2.011343
1.994384
2.008279
2.037103
2.004766
2.022228
2.040564
2.015266
2.017281
2.034738
2.073580
2.056608
1.986432
1.985954
1.961488
1.957303
1.996608
1.985407
2.018085
2.020971
1.979608
1.995578
1.983832
1.958548
2.010660
1.993320
2.007537
2.036238
2.006277
2.021987
2.042561
2.028897
2.013722
2.031837
2.074384
2.058936
1.984432
1.979950
1.942661
1.945811
1.996316
1.988330
2.022205
2.028595
1.979608
1.995640
1.983477
1.958143
2.011343
1.994384
2.008279
2.037103
2.004766
2.022228
2.040564
2.015266
2.017281
2.034738
2.073580
2.056608
1.986432
1.985954
1.961488
1.957303
1.996608
1.985407
2.018085
2.020971
1.979608
1.995578
1.983832
1.958548
2.010660
1.993320
2.007537
2.036238
2.006277
2.021987
2.042561
2.028897
2.013722
2.031837
2.074384
2.058936
1.984432
1.979950
1.942661
1.945811
1.996316
1.988330
2.022205
2.028595
1.979608
1.995640
1.983477
1.958143
2.011343
1.994384
2.008279
2.037103
2.004766
2.022228
2.040564
2.015266
2.017281
2.034738
2.073580
2.056608
1.986432
1.985954
1.961488
1.957303
1.996608
1.985407
2.018085
2.020971
1.979608
1.995578
1.983832
1.958548
2.010660
1.993320
2.007537
2.036238
2.006277
2.021987
2.042561
2.028897
2.013722
2.031837
2.074384
2.058936
1.984432
1.979950
1.942661
1.945811
1.996316
1.988330
2.022205
2.028595
1.979608
1.995640
1.983477
1.958143
2.011343
1.994384
2.008279
2.037103
2.004766
2.022228
2.040564
2.015266
2.017281
2.034738
2.073580
2.056608
1.986432
1.985954
1.961488
1.957303
1.996608
1.985407
2.018085
2.020971
1.979608
1.995578
1.983832
1.958548
2.010660
1.993320
2.007537
2.036238
2.006277
2.021987
2.042561
2.028897
2.013722
2.031837
2.074384
2.058936
1.984432
1.979950
1.942661
1.945811
1.996316
1.988330
2.022205
2.028595
1.979608
1.995640
1.983477
1.958143
2.011343
1.994384
2.008279
2.037103
2.004766
2.022228
2.040564
2.015266
2.017281
2.034738
2.073580
2.056608
1.986432
1.985954
1.961488
1.957303
1.996608
1.985407
2.018085
2.020971
1.979608
1.995578
1.983832
1.958548
2.010660
1.993320
2.007537
2.036238
2.006277
2.021987
2.042561
2.028897
2.013722
2.031837
2.074384
2.058936
1.984432
1.979950
1.942661
1.945811
1.996316
1.988330
2.022205
2.028595
1.979608
1.995640
1.983477
1.958143
2.011343
1.994384
2.008279
2.037103
2.004766
2.022228
2.040564
2.015266
2.017281
2.034738
2.073580
2.056608
1.986432
1.985954
1.961488
1.957303
1.996608
1.985407
2.018085
2.020971
1.979608
1.995578
1.983832
1.958548
2.010660
1.993320
2.007537
2.036238
2.006277
2.021987
2.042561
2.028897
2.013722
2.031837
2.074384
2.058936
1.984432
1.979950
1.942661
1.945811
1.996316
1.988330
2.022205
2.028595
1.979608
1.995640
1.983477
1.958143
2.011343
1.994384
2.008279
2.037103
2.004766
2.022228
2.040564
2.015266
2.017281
2.034738
2.073580
2.056608
1.986432
1.985954
1.961488
1.957303
1.996608
1.985407
2.018085
2.020971
1.979608
1.995578
1.983832
1.958548
2.010660
1.993320
2.007537
2.036238
2.006277
2.021987
2.042561
2.028897
2.013722
2.031837
2.074384
2.058936
1.984432
1.979950
1.942661
1.945811
1.996316
1.988330
2.022205
2.028595
1.979608
1.995640
1.983477
1.958143
2.011343
1.994384
2.008279
2.037103
2.004766
2.022228
2.040564
2.015266
2.017281
2.034738
2.073580
2.056608
1.986432
1.985954
1.961488
1.957303
1.996608
1.985407
2.018085
2.020971
1.979608
1.995578
1.983832
1.958548
2.010660
1.993320
2.007537
2.036238
2.006277
2.021987
2.042561
2.028897
2.013722
2.031837
2.074384
2.058936
1.984432
1.979950
1.942661
1.945811
1.996316
1.988330
2.022205
2.028595
1.979608
1.995640
1.983477
1.958143
2.011343
1.994384
2.008279
2.037103
2.004766
2.022228
2.040564
2.015266
2.017281
2.034738
2.073580
2.056608
1.986432
1.985954
1.961488
1.957303
1.996608
1.985407
2.018085
2.020971
1.979608
1.995578
1.983832
1.958548
2.010660
1.993320
2.007537
2.036238
2.006277
2.021987
2.042561
2.028897
2.013722
2.031837
2.074384
2.058936
1.984432
1.979950
1.942661
1.945811
1.996316
1.988330
2.022205
2.028595
1.979608
1.995640
1.983477
1.958143
2.011343
1.994384
2.008279
2.037103
2.004766
2.022228
2.040564
2.015266
2.017281
2.034738
2.073580
2.056608
1.986432
1.985954
1.961488
1.957303
1.996608
1.985407
2.018085
2.020971
1.979608
1.995578
1.983832
1.958548
2.010660
1.993320
2.007537
2.036238
2.006277
2.021987
2.042561
2.028897
2.013722
2.031837
2.074384
2.058936
1.984432
1.979950
1.942661
1.945811
1.996316
1.988330
2.022205
2.028595
1.979608
1.995640
1.983477
1.958143
2.011343
1.994384
2.008279
2.037103
2.004766
2.022228
2.040564
2.015266
2.017281
2.034738
2.073580
2.056608
1.986432
1.985954
1.961488
1.957303
1.996608
1.985407
2.018085
2.020971
1.979608
1.995578
1.983832
1.958548
2.010660
1.993320
2.007537
2.036238
2.006277
2.021987
2.042561
2.028897
2.013722
2.031837
2.074384
2.058936
1.984432
1.979950
1.942661
1.945811
1.996316
1.988330
2.022205
2.028595
1.979608
1.995640
1.983477
1.958143
2.011343
1.994384
2.008279
2.037103
2.004766
2.022228
2.040564
2.015266
2.017281
2.034738
2.073580
2.056608
1.986432
1.985954
1.961488
1.957303
1.996608
1.985407
2.018085
2.020971
1.979608
1.995578
1.983832
1.958548
2.010660
1.993320
2.007537
2.036238
2.006277
2.021987
2.042561
2.028897
2.013722
2.031837
2.074384
2.058936
1.984432
1.979950
1.942661
1.945811
1.996316
1.988330
2.022205
2.028595
1.979608
1.995640
1.983477
1.958143
2.011343
1.994384
2.008279
2.037103
2.004766
2.022228
2.040564
2.015266
2.017281
2.034738
2.073580
2.056608
1.986432
1.985954
1.961488
1.957303
1.996608
1.985407
2.018085
2.020971
1.979608
1.995578
1.983832
1.958548
2.010660
1.993320
2.007537
2.036238
2.006277
2.021987
2.042561
2.028897
2.013722
2.031837
2.074384
2.058936
1.984432
1.979950
1.942661
1.945811
1.996316
1.988330
2.022205
2.028595
1.979608
1.995640
1.983477
1.958143
2.011343
1.994384
2.008279
2.037103
2.004766
2.022228
2.040564
2.015266
2.017281
2.034738
2.073580
2.056608
1.986432
1.985954
1.961488
1.957303
1.996608
1.985407
2.018085
2.020971
1.979608
1.995578
1.983832
1.958548
2.010660
1.993320
2.007537
2.036238
2.006277
2.021987
2.042561
2.028897
2.013722
2.031837
2.074384
2.058936
1.984432
1.979950
1.942661
1.945811
1.996316
1.988330
2.022205
2.028595
1.979608
1.995640
1.983477
1.958143
2.011343
1.994384
2.008279
2.037103
2.004766
2.022228
2.040564
2.015266
2.017281
2.034738
2.073580
2.056608
1.986432
1.985954
1.961488
1.957303
1.996608
1.985407
2.018085
2.020971
1.979608
1.995578
1.983832
1.958548
2.010660
1.993320
2.007537
2.036238
2.006277
2.021987
2.042561
2.028897
2.013722
2.031837
2.074384
2.058936
1.984432
1.979950
1.942661
1.945811
1.996316
1.988330
2.022205
2.028595
1.979608
1.995640
1.983477
1.958143
2.011343
1.994384
2.008279
2.037103
2.004766
2.022228
2.040564
2.015266
2.017281
2.034738
2.073580
2.056608
1.986432
1.985954
1.961488
1.957303
1.996608
1.985407
2.018085
2.020971
1.979608
1.995578
1.983832
1.958548
2.010660
1.993320
2.007537
2.036238
2.006277
2.021987
2.042561
2.028897
2.013722
2.031837
2.074384
2.058936
1.984432
1.979950
1.942661
1.945811
1.996316
1.988330
2.022205
2.028595
1.979608
1.995640
1.983477
1.958143
2.011343
1.994384
2.008279
2.037103
2.004766
2.022228
2.040564
2.015266
2.017281
2.034738
2.073580
2.056608
1.986432
1.985954
1.961488
1.957303
1.996608
1.985407
2.018085
2.020971
1.979608
1.995578
1.983832
1.958548
2.010660
1.993320
2.007537
2.036238
2.006277
2.021987
2.042561
2.028897
2.013722
2.031837
2.074384
2.058936
1.984432
1.979950
1.942661
1.945811
1.996316
1.988330
2.022205
2.028595
1.979608
1.995640
1.983477
1.958143
2.011343
1.994384
2.008279
2.037103
2.004766
2.022228
2.040564
2.015266
2.017281
2.034738
2.073580
2.056608
1.986432
1.985954
1.961488
1.957303
1.996608
1.985407
2.018085
2.020971
1.979608
1.995578
1.983832
1.958548
2.010660
1.993320
2.007537
2.036238
2.006277
2.021987
2.042561
2.028897
2.013722
2.031837
2.074384
2.058936
1.984432
1.979950
1.942661
1.945811
1.996316
1.988330
2.022205
2.028595
1.979608
1.995640
1.983477
1.958143
2.011343
1.994384
2.008279
2.037103
2.004766
2.022228
2.040564
2.015266
2.017281
2.034738
2.073580
2.056608
1.986432
1.985954
1.961488
1.957303
1.996608
1.985407
2.018085
2.020971
1.979608
1.995578
1.983832
1.958548
2.010660
1.993320
2.007537
2.036238
2.006277
2.021987
2.042561
2.028897
2.013722
2.031837
2.074384
2.058936
1.984432
1.979950
1.942661
1.945811
1.996316
1.988330
2.022205
2.028595
1.979608
1.995640
1.983477
1.958143
2.011343
1.994384
2.008279
2.037103
2.004766
2.022228
2.040564
2.015266
2.017281
2.034738
2.073580
2.056608
1.986432
1.985954
1.961488
1.957303
1.996608
1.985407
2.018085
2.020971
1.979608
1.995578
1.983832
1.958548
2.010660
1.993320
2.007537
2.036238
2.006277
2.021987
2.042561
2.028897
2.013722
2.031837
2.074384
2.058936
1.984432
1.979950
1.942661
1.945811
1.996316
1.988330
2.022205
2.028595
1.979608
1.995640
1.983477
1.958143
2.011343
1.994384
2.008279
2.037103
2.004766
2.022228
2.040564
2.015266
2.017281
2.034738
2.073580
2.056608
1.986432
1.985954
1.961488
1.957303
1.996608
1.985407
2.018085
2.020971
1.979608
1.995578
1.983832
1.958548
2.010660
1.993320
2.007537
2.036238
2.006277
2.021987
2.042561
2.028897
2.013722
2.031837
2.074384
2.058936
1.984432
1.979950
1.942661
1.945811
1.996316
1.988330
2.022205
2.028595
1.979608
1.995640
1.983477
1.958143
2.011343
1.994384
2.008279
2.037103
