1.999394
1.990563
1.991113
1.987613
1.980333
1.984104
1.999778
1.990395
1.988870
1.989281
1.981922
1.983428
1.999235
1.991115
1.991096
1.988137
1.981543
1.982952
1.999509
1.991880
1.990660
1.987955
1.981117
1.984917
2.000526
1.992080
1.989656
1.987363
1.981981
1.983786
1.999240
1.991497
1.990009
1.988937
1.982852
1.984824
1.999368
1.990998
1.990196
1.988513
1.980738
1.984065
1.999949
1.993211
1.992195
1.988262
1.982417
1.984924
2.000095
1.991324
1.990189
1.988409
1.982166
1.986815
1.999885
1.990376
1.990824
1.989105
1.983705
1.984901
1.999834
1.992321
1.991453
1.990497
1.982245
1.983893
1.999523
1.991442
1.992275
1.988452
1.981864
1.985314
2.000150
1.993386
1.991799
1.987379
1.984892
1.985863
2.000585
1.992178
1.991893
1.990520
1.982335
1.984637
1.999324
1.991260
1.990579
1.988347
1.982329
1.984282
2.000152
1.995005
1.991873
1.988012
1.981997
1.986217
2.000686
1.992391
1.991731
1.989175
1.982875
1.986301
1.999113
1.990344
1.991616
1.990860
1.985855
1.988305
2.000199
1.991280
1.992657
1.989967
1.984144
1.989651
1.999686
1.993186
1.994055
1.992057
1.984026
1.984921
1.999274
1.992629
1.994301
1.993090
1.984765
1.986997
1.999899
1.992827
1.992370
1.988589
1.985575
1.985130
2.001360
1.994304
1.992250
1.989665
1.981740
1.983882
1.999370
1.992025
1.992112
1.988203
1.981592
1.983910
2.000109
1.994726
1.992954
1.988881
1.981817
1.984141
1.999880
1.992849
1.990600
1.988500
1.982340
1.986108
1.999752
1.990606
1.990999
1.988704
1.982840
1.984659
2.000099
1.991615
1.989896
1.989256
1.981802
1.985595
2.000497
1.992112
1.991691
1.990022
1.984226
1.985369
2.000296
1.993495
1.993027
1.990729
1.982130
1.985261
1.999812
1.991734
1.991300
1.989310
1.982509
1.982907
2.000176
1.993362
1.991536
1.988565
1.983799
1.986368
1.999550
1.990970
1.990944
1.987977
1.980617
1.989401
2.001005
1.992945
1.992017
1.990695
1.986052
1.988142
1.998824
1.991922
1.992081
1.994453
1.986485
1.985551
1.999451
1.991378
1.993958
1.992256
1.983140
1.985303
2.000333
1.997617
1.995122
1.988556
1.981643
1.986144
1.999698
1.993096
1.990134
1.988153
1.983606
1.986526
1.999731
1.989852
1.990361
1.990040
1.982226
1.984424
1.999923
1.991748
1.991950
1.990242
1.982428
1.984426
1.999394
1.995487
1.994793
1.993650
1.991024
1.996408
1.999778
1.996541
1.995714
1.995626
1.992919
1.993593
1.999235
1.995943
1.995989
1.996303
1.992782
1.993990
1.999509
1.996398
1.997628
1.994843
1.993757
1.995063
2.000526
1.996630
1.996595
1.994810
1.991403
1.994429
1.999240
1.995368
1.997150
1.996220
1.992023
1.992513
1.999368
1.995953
1.994737
1.998207
1.995592
1.994414
1.999949
1.997721
1.997142
1.994910
1.992360
1.996426
2.000095
1.996820
1.997106
1.996281
1.994736
1.995751
1.999885
1.994785
1.997456
1.996780
1.993757
1.995302
1.999834
1.996764
1.996548
1.995436
1.993123
1.995834
1.999523
1.996023
1.995438
1.994974
1.992789
1.993719
2.000150
1.999857
1.998517
1.996185
1.993782
1.995323
2.000585
1.996545
1.996137
1.997549
1.996013
1.996047
1.999324
1.996951
1.995372
1.996932
1.992911
1.993389
2.000152
1.998177
1.997837
1.997820
1.996934
1.995917
2.000686
1.997560
1.998810
1.996384
1.992478
1.993643
1.999113
1.995218
2.003326
1.997882
1.993651
1.995783
2.000199
1.996357
1.997799
1.997429
1.993858
1.995301
1.999686
1.997681
1.999066
1.996484
1.992816
1.995145
1.999274
1.997968
1.996844
1.995276
1.994512
1.992728
1.999899
1.998697
1.997865
1.997309
1.992587
1.994555
2.001360
1.999628
1.997630
1.995502
1.994264
1.995436
1.999370
1.996809
1.996865
1.996724
1.993045
1.993034
2.000109
1.999651
1.996848
1.994835
1.992060
1.998094
1.999880
1.997629
1.996977
1.996808
1.993783
1.995976
1.999752
1.995555
1.998319
1.996161
1.992692
1.993382
2.000099
1.996496
1.997565
1.995570
1.996496
1.995592
2.000497
1.996401
1.997172
1.997074
1.994627
1.994348
2.000296
1.997851
1.996081
1.995297
1.990046
1.992604
1.999812
1.996090
1.997419
1.998157
1.993162
1.994992
2.000176
1.997634
1.996934
1.997191
1.995157
1.994931
1.999550
1.995994
1.996200
1.994604
1.993236
1.992581
2.001005
1.997577
1.999992
1.997114
1.993376
2.000020
1.998824
1.997184
2.000249
1.996917
1.993631
1.997058
1.999451
1.996241
1.994487
1.995269
1.990785
1.994984
2.000333
2.001395
1.998087
1.996912
1.993785
1.995630
1.999698
1.998124
1.997319
1.995784
1.994662
1.993602
1.999731
1.994756
1.995390
1.992917
1.991605
1.993772
1.999923
1.996361
1.997598
1.998551
1.994161
1.993578
1.999394
1.997495
1.998766
1.997691
1.997025
1.997859
1.999778
1.998090
1.999165
1.999613
1.999936
1.999377
1.999235
1.997699
1.997646
1.999474
1.998009
1.998377
1.999509
1.998285
1.998519
1.996862
1.998221
1.998495
2.000526
1.999112
2.000204
2.000454
1.998048
1.997032
1.999240
1.997616
2.000309
2.000951
1.999419
1.998535
1.999368
1.998933
2.001035
2.004692
2.000753
1.998504
1.999949
2.000140
1.997821
1.998316
1.997864
1.997910
2.000095
1.998516
1.999386
2.000302
1.999110
2.000698
1.999885
1.996712
2.000862
1.998559
1.997563
2.001064
1.999834
1.998925
1.998264
1.999642
1.998532
1.997171
1.999523
1.998603
1.999635
2.000438
1.997021
1.997135
2.000150
2.001996
2.001095
1.998930
1.997274
1.998083
2.000585
1.998685
2.001100
1.999767
1.999713
1.999669
1.999324
1.998820
1.998519
1.998729
1.995916
1.998690
2.000152
2.000735
2.001256
2.001124
2.002388
2.000860
2.000686
1.999705
1.998755
1.998671
1.998419
1.997195
1.999113
1.996893
1.998928
1.997686
1.996050
1.997755
2.000199
1.999167
1.998754
1.997499
1.995648
1.999181
1.999686
2.000032
1.998002
1.998783
1.996949
1.999838
1.999274
2.001679
1.999704
1.999206
1.998360
1.999508
1.999899
2.000136
1.999319
1.998626
1.997514
1.998048
2.001360
2.000897
2.002305
2.004045
2.000805
2.001050
1.999370
1.998570
1.999013
2.002566
1.997473
1.997836
2.000109
2.001065
1.998726
1.996459
1.996378
1.996820
1.999880
2.000717
1.998937
1.997735
1.998418
1.998628
1.999752
1.998045
1.997873
1.999773
1.999241
2.000043
2.000099
1.998132
1.998047
1.998707
1.998007
1.998451
2.000497
1.999126
1.998862
2.000438
1.997780
1.995882
2.000296
2.000374
2.002495
2.000945
1.998383
1.998469
1.999812
1.998247
2.001666
1.998559
1.997053
1.998664
2.000176
1.999920
1.998858
2.000140
1.998472
1.999445
1.999550
1.997791
1.997639
2.000108
1.998395
1.997229
2.001005
1.999810
2.000126
2.001880
1.999751
1.999199
1.998824
1.999438
2.001293
2.000584
1.997897
1.998523
1.999451
1.997917
2.000284
1.998855
1.997832
1.999830
2.000333
2.001855
2.002259
2.001208
1.998361
1.998051
1.999698
2.001057
1.998104
1.998157
1.996748
1.998987
1.999731
1.996475
1.997733
1.996895
1.997235
1.997212
1.999923
1.998610
1.999144
1.999412
1.998912
1.998607
1.999394
2.000117
2.001784
2.001315
2.000965
1.999531
1.999778
1.999605
2.001572
2.000399
2.002515
2.002773
1.999235
1.999350
1.998883
1.999297
2.000780
2.001077
1.999509
2.000144
2.000981
2.000184
1.999743
1.999382
2.000526
1.999660
2.002314
1.999654
1.997589
1.997494
1.999240
1.998801
1.999661
1.998428
1.999522
2.002805
1.999368
1.999102
1.999204
2.002174
2.000552
1.999509
1.999949
2.000629
2.002674
2.003415
2.001135
2.001388
2.000095
1.999133
1.998771
1.998035
1.999361
2.000303
1.999885
1.997588
2.000734
1.998771
2.000310
1.998908
1.999834
1.999801
1.999274
1.998191
1.998356
1.999656
1.999523
1.999596
1.999568
2.000846
2.000097
2.000102
2.000150
2.003192
2.000679
2.001826
2.000228
2.000740
2.000585
1.999495
2.000297
2.000378
2.000777
2.004844
1.999324
2.000217
2.001785
1.998449
1.999565
1.999728
2.000152
2.001494
2.002057
2.001679
2.001701
1.999896
2.000686
2.000748
2.001191
2.001912
2.000506
2.000197
1.999113
1.998864
2.001438
2.003275
2.001569
1.997990
2.000199
2.000002
2.000019
2.001303
1.999924
2.000154
1.999686
2.000399
2.000283
1.999835
1.999608
1.998079
1.999274
2.000814
1.999211
2.000190
2.000635
2.001576
1.999899
1.999949
2.002139
1.999817
1.997362
1.998653
2.001360
2.002139
2.003364
2.000742
2.000382
1.999589
1.999370
1.998773
1.997876
2.000912
2.002242
1.999058
2.000109
2.001444
1.997886
1.998131
1.996892
1.999797
1.999880
2.000537
2.000451
1.999190
1.998491
1.999994
1.999752
1.998937
1.999913
1.999735
2.001039
1.999682
2.000099
1.999188
2.004036
1.999332
1.999646
1.999651
2.000497
1.999473
1.999469
1.999705
2.001852
1.999915
2.000296
2.001394
1.998112
2.000102
1.998895
1.998617
1.999812
1.999133
1.999449
1.998969
1.998199
2.000238
2.000176
1.999952
2.001586
2.001819
1.999132
2.000122
1.999550
1.998510
2.002961
2.001769
1.998687
2.001189
2.001005
2.000716
2.001295
2.000027
1.998854
1.999292
1.998824
2.000415
1.998556
1.998273
1.998258
1.998060
1.999451
1.998733
2.002101
2.003283
2.001460
1.998652
2.000333
2.002211
1.999693
1.998379
1.997146
2.000224
1.999698
2.002194
2.000122
2.000876
2.000628
2.002620
1.999731
1.997726
2.001728
2.000728
1.998288
1.998292
1.999923
1.998523
1.999962
1.999038
2.001470
2.000766
1.999394
1.999745
1.999323
1.999286
2.000013
1.999149
1.999778
1.999934
2.000311
1.999009
1.997642
1.998500
1.999235
2.001060
2.002815
2.001826
1.999322
2.000075
1.999509
2.000568
2.000330
2.004085
2.002405
1.998665
2.000526
1.999956
1.999069
1.997943
1.998269
2.005510
1.999240
1.999224
2.002159
2.003942
2.001138
2.003278
1.999368
1.999501
2.001051
2.000522
2.001227
2.000765
1.999949
2.000341
1.998187
2.000093
2.001226
2.000279
2.000095
2.000265
1.998716
2.000218
1.997457
2.000848
1.999885
1.998593
1.998639
2.000570
1.999208
1.999772
1.999834
2.000036
2.000226
2.000598
2.000067
1.999726
1.999523
1.999899
2.002453
2.007019
2.004122
2.000900
2.000150
2.003010
2.002736
1.999121
1.998173
2.000053
2.000585
1.999669
1.999619
1.998963
2.000985
2.001686
1.999324
1.999096
1.998877
1.999761
1.998619
2.000380
2.000152
2.001170
2.006075
2.000375
2.008907
2.004083
2.000686
2.000603
2.003372
2.001348
2.000126
2.001478
1.999113
1.999012
2.000604
1.998437
1.998769
1.998297
2.000199
1.999754
1.998891
1.999949
1.999377
2.000153
1.999686
2.000009
2.000775
2.000981
2.002034
1.999494
1.999274
2.000617
2.000222
2.003056
2.002534
2.002503
1.999899
2.001045
1.999864
1.999831
2.000918
2.003657
2.001360
2.002645
2.003607
2.002443
1.999863
2.001300
1.999370
1.998750
1.999817
2.002387
2.002644
2.003010
2.000109
2.001521
1.999188
1.999511
1.999978
2.000484
1.999880
2.000160
2.001545
2.000442
2.000776
2.001112
1.999752
1.998775
1.998408
1.999249
1.998797
2.000858
2.000099
1.999440
1.999887
1.999710
1.999714
2.000296
2.000497
1.999827
2.001880
2.001220
2.001759
2.001207
2.000296
2.001459
1.999515
2.001333
1.999992
1.999834
1.999812
1.999749
1.998984
2.000983
2.000513
1.999813
2.000176
2.000264
2.000202
2.000866
1.999725
2.001134
1.999550
1.999549
1.998687
1.998910
1.997396
1.998316
2.001005
2.000938
2.001290
1.999823
1.999142
1.999154
1.998824
2.000713
2.001702
2.002422
1.999586
2.000171
1.999451
1.998635
1.997487
1.998391
2.011334
2.002948
2.000333
2.002263
2.003564
1.999811
2.003125
1.999236
1.999698
2.001428
2.001032
2.001754
1.998822
1.999405
1.999731
1.997759
2.001317
2.002711
2.003633
2.001899
1.999923
1.998498
1.999411
1.998996
1.999852
1.999755
