0.145391
-0.034460
-0.005599
-0.201026
0.023760
1.986953
0.114234
-0.090552
-0.011376
2.664857
0.066055
-0.141972
0.021358
1.989047
0.131728
-0.073507
0.054275
1.543324
0.049207
-0.162518
-0.028521
2.848395
0.110091
-0.111818
-0.281254
7.208043
0.711610
0.528716
-0.057537
3.347125
0.377048
0.171562
-0.270671
6.960730
0.706299
0.526209
-0.076575
3.752153
0.388803
0.114100
-0.022157
2.559107
0.088074
-0.185984
0.139586
-0.263981
0.062105
-0.151946
0.049320
1.646305
0.048198
-0.164063
0.131423
0.041525
0.012254
-0.197944
0.020718
2.621906
0.057140
-0.166659
-0.094740
4.379262
0.038869
-0.179806
-0.003944
2.725381
0.018771
-0.195979
-0.078942
3.790650
0.389931
0.113323
-0.007939
2.808462
0.004894
-0.208672
0.180455
-0.439666
0.081859
-0.163116
0.110247
0.389338
0.071083
-0.169917
0.140341
-0.158015
0.112336
-0.063503
0.008423
2.894137
0.060478
-0.165558
0.144700
-0.232186
0.127220
-0.045413
-0.246773
6.754655
0.508465
0.291492
0.121094
0.458782
-0.012957
-0.170871
-0.069474
3.784637
0.219538
-0.025290
0.176906
-0.362958
0.074732
-0.170129
-0.094838
4.273842
0.238913
-0.007420
0.023501
1.904297
0.111021
-0.141540
0.105927
0.944818
-0.003409
-0.211780
0.264960
-2.313918
0.085190
-0.145880
-0.248902
6.840272
0.490680
0.277757
0.232878
-1.816703
0.161379
-0.074547
-0.030471
3.051641
0.069572
-0.140951
-0.006681
2.812707
-0.013104
-0.248045
-0.106390
4.230555
0.183279
-0.090373
0.028488
1.832621
0.095899
-0.155354
-0.108028
4.317004
0.174823
-0.105142
-0.037083
3.003865
0.322630
0.117440
0.144217
-0.161844
0.068257
-0.130276
0.009235
2.124192
0.178586
-0.027470
-0.033405
3.146454
0.069189
-0.137670
0.004268
2.208132
0.186110
-0.018117
0.029419
2.039214
0.034282
-0.180615
-0.022936
2.740546
0.112707
-0.111381
-0.286968
7.291094
0.724563
0.539749
-0.047753
3.187025
0.340186
0.133042
-0.277730
7.109056
0.729568
0.547334
-0.082594
3.839489
0.361957
0.089701
-0.026239
2.651534
0.063950
-0.204280
0.154168
-0.414033
-0.002158
-0.210297
0.044208
1.810502
0.007000
-0.208245
0.143841
-0.208762
-0.000219
-0.210493
0.016533
2.742710
0.086759
-0.140922
-0.088295
4.244264
0.036522
-0.184532
-0.014526
2.954543
0.009111
-0.204633
-0.065990
3.515904
0.349008
0.078478
-0.010398
2.834096
0.016981
-0.196047
0.178919
-0.491818
0.101585
-0.136344
0.134070
-0.086340
0.048126
-0.185903
0.156683
-0.465594
0.083086
-0.084067
0.008644
2.915947
0.071509
-0.156530
0.158073
-0.513059
0.089800
-0.077110
-0.223563
6.331290
0.507587
0.295255
0.126400
0.364131
-0.014885
-0.178441
-0.089979
4.199973
0.214899
-0.029754
0.163016
-0.104057
0.080184
-0.163216
-0.088347
4.180059
0.210459
-0.033516
0.052616
1.352971
0.058508
-0.192603
0.094286
1.206685
0.003818
-0.205589
0.251758
-2.096904
0.126065
-0.109512
-0.223008
6.348604
0.496495
0.285247
0.249272
-2.061371
0.131880
-0.101764
-0.019970
2.871578
0.064562
-0.140726
-0.006191
2.796943
0.020338
-0.214355
-0.129692
4.746413
0.170983
-0.109570
0.050261
1.327786
0.063700
-0.183882
-0.130975
4.787241
0.162372
-0.117941
-0.043429
3.138586
0.341431
0.135188
0.169797
-0.486367
-0.013902
-0.209448
0.018533
1.946806
0.192128
-0.018372
-0.012279
2.707057
0.069268
-0.135807
0.010966
2.097163
0.196683
-0.011827
0.053172
1.697890
-0.004727
-0.224416
-0.014424
2.494523
0.135788
-0.091401
-0.244843
6.371960
0.713261
0.533379
-0.039505
3.041469
0.341712
0.137308
-0.249496
6.479001
0.709704
0.528977
-0.089119
3.900418
0.387138
0.120865
-0.019704
2.484485
0.085827
-0.185138
0.130719
0.117786
0.043755
-0.178619
0.040380
1.930268
0.000976
-0.217961
0.135196
0.031946
0.044061
-0.178033
-0.008618
3.144910
0.115967
-0.116477
-0.098350
4.469652
0.043133
-0.179880
0.000045
2.630946
0.021731
-0.191270
-0.037406
2.883415
0.402069
0.167798
0.003492
2.553386
0.027867
-0.188213
0.140407
0.423071
0.070238
-0.177173
0.121339
0.200944
0.048947
-0.183577
0.161615
-0.538292
0.055108
-0.110556
0.006401
2.930681
0.065052
-0.162854
0.159113
-0.497881
0.056059
-0.109641
-0.225583
6.407662
0.475083
0.268010
0.139284
0.152876
-0.047018
-0.212938
-0.074648
3.849583
0.230449
-0.016243
0.143148
0.353128
0.072383
-0.172108
-0.069173
3.746724
0.226927
-0.017545
0.047676
1.519020
0.037295
-0.214274
0.076995
1.630146
0.006730
-0.208052
0.256842
-2.179068
0.120475
-0.115828
-0.188887
5.654849
0.442297
0.237416
0.255230
-2.143806
0.119573
-0.117647
-0.025352
2.987023
0.063223
-0.144937
-0.005270
2.804058
0.019246
-0.220744
-0.114385
4.404368
0.158514
-0.113925
0.051526
1.384310
0.033179
-0.214779
-0.112128
4.368464
0.157765
-0.117354
-0.030565
2.834437
0.349796
0.142126
0.178775
-0.610874
-0.052687
-0.242623
0.032408
1.752964
0.175416
-0.033788
-0.027574
3.136386
0.043066
-0.163700
0.033335
1.731503
0.176443
-0.033766
0.043245
1.860083
0.026152
-0.198266
-0.041339
3.079757
0.110111
-0.116573
-0.261631
6.758725
0.698675
0.512783
-0.028522
2.765375
0.354714
0.147257
-0.258893
6.700373
0.686590
0.502824
-0.065129
3.457316
0.386032
0.119237
-0.015820
2.484544
0.039905
-0.228370
0.153357
-0.328220
-0.013241
-0.223554
0.039605
1.922970
0.023790
-0.201420
0.155481
-0.382825
-0.011714
-0.221463
0.024393
2.470347
0.095748
-0.127687
-0.107980
4.655646
0.049532
-0.171845
-0.000294
2.653382
0.035922
-0.180366
-0.070695
3.549755
0.400623
0.132150
-0.003852
2.726922
0.046123
-0.172428
0.135777
0.510010
0.050617
-0.195405
0.091573
0.695837
0.111649
-0.127256
0.156333
-0.441513
0.073386
-0.094155
0.020361
2.567927
0.089423
-0.133361
0.148596
-0.257977
0.070689
-0.098113
-0.177520
5.284970
0.475537
0.272597
0.158640
-0.197614
-0.069933
-0.230396
-0.072975
3.872664
0.209892
-0.035276
0.128694
0.641891
0.069830
-0.178364
-0.079905
3.971606
0.227284
-0.018014
0.032897
1.751904
0.046115
-0.205218
0.082894
1.722585
-0.037412
-0.262754
0.237564
-1.883840
0.171569
-0.063941
-0.182133
5.394391
0.478028
0.273139
0.239204
-1.900335
0.187275
-0.050890
0.020144
2.370749
-0.033555
-0.239935
0.011259
2.488729
-0.000628
-0.239230
-0.101300
4.123238
0.137712
-0.129328
0.038911
1.714441
0.023637
-0.229919
-0.102554
4.143659
0.137176
-0.130052
-0.024284
2.713302
0.340012
0.132368
0.181301
-0.705554
-0.012463
-0.211492
0.007938
2.261053
0.162120
-0.053666
-0.006706
2.747953
0.028246
-0.181173
-0.005195
2.427924
0.198195
-0.016826
0.036729
1.995907
0.025274
-0.203060
-0.030969
2.887111
0.091145
-0.132524
-0.255730
6.603141
0.693680
0.511325
-0.001955
2.348038
0.290777
0.084280
-0.249426
6.487147
0.701243
0.518264
-0.080847
3.717815
0.427621
0.163137
-0.022880
2.681805
0.030754
-0.232278
0.144708
-0.128850
0.018491
-0.195443
0.041481
1.918083
0.016204
-0.211584
0.145727
-0.139975
0.017800
-0.195348
0.014787
2.659483
0.074661
-0.148614
-0.123317
5.008423
0.025800
-0.202241
-0.023482
3.167392
0.042537
-0.181977
-0.093770
3.959795
0.422132
0.155358
-0.026341
3.213335
0.049177
-0.175530
0.150089
0.139853
0.088390
-0.162295
0.077807
1.040677
0.103328
-0.135736
0.160413
-0.519500
0.072996
-0.095256
0.031578
2.388994
0.007695
-0.214137
0.170358
-0.677587
0.044858
-0.123224
-0.185937
5.505720
0.460638
0.253941
0.156638
-0.201833
-0.072117
-0.231086
-0.073918
3.788529
0.218569
-0.027627
0.158108
0.000289
0.087098
-0.160421
-0.072250
3.748635
0.224205
-0.021896
0.043550
1.646293
-0.000161
-0.251921
0.101767
1.307190
-0.032064
-0.258770
0.202706
-1.256147
0.271426
0.039846
-0.206608
5.856130
0.477999
0.273783
0.204966
-1.295132
0.277536
0.048849
0.031138
2.247687
-0.101302
-0.307608
0.019837
2.302891
0.008039
-0.231370
-0.098802
4.114305
0.125308
-0.142491
0.036273
1.791808
0.012165
-0.240958
-0.096750
4.071545
0.130906
-0.137014
0.013437
1.976454
0.298262
0.090168
