2.001986
2.004004
2.021510
2.028500
2.013443
2.010391
2.027142
2.002181
2.004854
1.997664
1.991564
1.984480
2.006113
2.015675
2.003525
2.004557
1.993821
1.999444
1.996207
1.969266
1.986648
1.995398
1.982862
1.972974
1.992756
1.998956
2.011529
2.028259
2.005295
2.009844
2.015372
2.019657
2.004923
2.006915
2.031688
2.014920
2.014245
2.024609
2.008083
2.019450
2.014283
2.015485
2.015671
1.991032
1.997973
2.006085
1.972243
1.995899
1.997145
1.988945
1.999864
2.010199
2.005304
2.006149
2.024017
2.006156
1.991447
1.990776
1.996055
1.985290
1.999410
1.990824
2.009458
1.999051
2.012925
2.002977
1.987324
1.990649
1.996188
1.986772
1.948644
1.975639
2.003228
2.012057
2.020492
2.026252
1.997359
1.989457
1.997401
1.990822
1.994166
1.977284
1.986401
2.007271
1.992019
1.999579
2.011489
2.011050
1.997913
2.003207
2.034428
1.994171
2.000233
1.989202
1.972442
1.996085
1.981098
1.980181
1.966234
1.976363
1.980529
1.984408
1.973213
2.000405
2.009211
2.009172
2.010472
2.001414
2.015291
2.016999
2.029878
2.022013
1.994927
1.989513
1.989286
1.974896
2.013234
1.999440
2.013948
2.014182
1.999055
1.984091
1.983535
1.980832
2.005496
2.005065
2.001123
1.979833
1.995759
1.998458
2.013311
2.031011
2.021997
2.018510
2.026720
2.036168
2.008934
1.998882
2.025284
2.010438
2.007340
2.018508
2.003910
2.021653
1.990521
1.987705
1.965215
1.989072
1.999684
1.987469
1.993242
2.010186
1.985571
1.988345
2.010220
2.011305
1.993002
1.994974
1.981442
2.001168
2.001285
1.998308
1.985947
1.977327
1.994101
1.989973
1.992095
1.971080
1.998329
1.995696
2.023376
2.012394
1.992703
1.990218
2.002776
2.012041
2.008221
2.002845
1.988316
1.995450
1.999066
2.000271
1.982630
1.990543
1.999426
2.004522
2.004898
2.032952
2.007905
2.008952
2.020527
2.022413
2.006736
1.996523
2.017298
2.045212
1.998110
2.015626
2.005873
2.010813
1.999094
2.001321
1.991669
1.981470
1.997336
1.996567
1.991523
1.992670
2.001811
2.003790
1.991419
2.016466
2.002404
1.997458
2.005080
1.980182
2.007966
2.001841
1.993012
2.012289
1.990492
1.977601
1.973156
1.977496
2.007286
2.005220
2.011203
2.027093
1.995051
1.995563
2.027298
2.016774
2.000275
1.988308
1.961776
1.977088
2.002114
2.001704
1.985538
2.000914
2.014599
2.004346
1.993042
1.995909
1.992522
1.997450
1.999516
1.981488
1.987232
1.983158
1.990298
2.013096
2.001444
2.007770
1.993456
2.012033
1.991439
1.972597
1.994994
1.980767
1.992295
1.997626
1.995753
2.008913
2.002712
2.004139
1.993289
2.008912
2.005932
2.008882
2.000285
2.022950
1.993007
1.994016
1.986043
2.003800
2.000968
2.006691
2.012713
2.027342
2.005414
2.007287
1.999020
2.022236
1.998485
1.988439
1.989284
1.945717
2.005878
2.007298
2.019176
2.004806
2.002242
2.007612
1.994279
2.012972
2.003394
2.008130
2.006902
1.998528
1.995983
1.999621
1.991042
2.010513
2.004259
2.000953
1.991791
2.001979
1.987038
1.976656
1.997039
1.994103
1.984119
1.982356
1.995149
1.942620
1.982372
1.990313
1.970897
2.006250
2.001570
2.000717
2.004271
2.006020
1.992523
2.002639
1.990000
2.001980
2.012262
2.012636
1.999772
2.006445
2.008628
2.000827
1.984598
1.994365
1.996748
1.997026
2.033137
2.028212
1.997963
1.986901
2.008335
2.025593
2.004589
2.004260
2.035947
2.018145
1.993798
1.991898
1.987108
1.997043
1.997607
1.996771
2.014634
2.001371
1.980803
1.976530
1.977451
2.002378
2.007242
2.006562
1.996233
1.980985
2.010353
2.002488
2.026969
2.003294
1.991753
1.993271
1.980235
1.964915
1.987941
1.993570
1.960392
1.999857
1.991405
1.992548
1.981098
1.983465
2.005922
2.008217
2.000570
1.994988
1.995616
1.998742
2.029277
2.023344
1.995760
1.994387
2.014681
1.981129
1.991454
1.997613
2.012623
2.023569
1.990518
1.993289
1.995606
2.006994
2.004868
2.006463
2.015194
1.996425
2.018125
2.011271
2.027247
2.007974
1.998453
1.998565
1.994975
1.960714
1.994645
2.012983
2.019731
1.992411
1.995792
2.008758
2.018894
2.021373
1.996520
1.988252
1.995187
2.010832
2.010065
2.001729
1.977854
1.990962
2.001893
2.000770
2.007536
1.995157
1.998598
1.993677
1.988139
1.982251
2.002862
1.994515
1.987698
1.993020
1.993842
1.998430
1.992548
2.010812
2.011615
2.009927
2.022711
1.982613
2.009818
2.013632
2.026870
2.022934
1.992299
1.979180
1.979368
1.962285
2.004309
2.010549
2.046811
2.005157
1.984656
1.995130
1.998893
1.983419
2.005915
1.994909
1.997329
1.995548
1.988805
1.982575
1.986735
1.994480
2.000803
2.019787
2.006325
1.997064
2.000476
1.994854
2.002288
2.011120
1.996624
1.984525
2.016494
2.009941
1.996357
2.010515
2.022054
2.031114
1.986574
1.992648
2.002917
2.032823
2.001878
2.021625
2.007971
2.027260
2.011751
2.005236
2.008751
1.990090
2.002669
2.004445
1.985943
2.000151
2.005394
1.998922
1.990322
1.997743
2.005811
2.005412
2.015351
2.022304
2.000454
2.000293
1.985120
2.018314
2.000618
1.989303
1.996838
1.958031
1.985456
1.985386
1.997243
1.987548
1.978817
1.977747
2.001338
2.017182
2.007488
2.003004
1.985342
1.987736
1.980179
1.977666
1.990274
1.994046
2.008598
2.004929
1.996009
1.980390
1.998920
1.997947
1.998869
1.958006
2.005753
2.010554
2.011373
2.031102
1.991698
2.001693
2.015623
2.013204
2.004952
2.009509
2.012945
2.007849
2.008278
2.018908
2.021165
1.997004
2.000016
1.992283
1.998190
1.977271
1.996918
2.006612
2.004799
1.996695
1.997769
1.991233
1.977159
1.968801
1.984618
1.992193
1.993502
2.009022
2.002235
2.006657
2.024000
1.988442
1.983974
1.994468
1.994715
1.973060
1.994793
1.989465
2.016453
1.979203
2.010769
1.998856
1.992121
1.989124
2.009645
2.008807
2.005134
1.994214
1.992580
1.983436
1.956716
1.978883
1.994658
1.996502
1.999298
2.019027
1.992990
1.987923
1.984359
1.968494
1.966044
1.953354
1.950724
1.975049
2.000869
2.012875
2.016094
2.033852
2.004593
2.021540
2.041186
2.014271
2.025232
2.020249
2.000025
1.991467
1.999538
1.991879
1.977512
1.977995
1.999801
2.008067
1.996410
1.988946
2.014434
2.028846
2.019172
2.000066
2.002200
2.012358
1.991444
2.003266
1.996689
2.001788
2.011097
1.973806
2.000392
1.991248
1.988606
1.998076
1.998888
2.002400
1.968000
1.963849
1.990468
2.001935
1.974657
2.009326
2.010686
2.011568
2.022436
2.025411
2.004146
2.001424
1.999335
1.974526
1.999675
2.019387
2.013765
1.994513
1.995852
1.977392
1.980593
2.008663
2.014947
2.021552
2.022717
2.003023
2.002388
2.012972
2.019629
2.026519
2.007769
2.012404
2.010843
2.008015
2.001641
2.007960
1.996952
1.989066
1.996663
1.987480
1.973823
1.988555
2.013891
2.018239
1.995532
1.974169
1.995333
2.007010
1.994603
2.028370
1.998178
2.008625
2.009649
1.992617
2.014358
2.009099
2.007088
2.017514
2.014242
2.019528
1.989229
1.996185
1.978805
1.983942
1.982919
2.010002
1.997260
1.994882
1.972421
1.976705
1.997674
2.005553
1.994933
1.990235
2.010866
1.999376
1.987258
1.984477
1.989469
1.995520
2.004039
2.000964
1.992080
1.993044
2.005311
2.033669
2.004709
2.004567
1.982828
1.992612
1.994617
1.998271
1.993850
1.953818
1.998205
2.006247
1.997729
2.017830
1.995653
1.995338
1.987457
1.991919
2.016534
2.007149
2.036476
2.015269
2.016452
1.999928
2.024092
2.025651
2.012630
2.004994
2.012102
1.973834
1.997131
1.998309
2.023463
2.036522
1.980474
1.994221
2.014722
2.025564
2.010717
1.998104
1.985004
1.993291
2.005404
1.998461
1.963692
1.990559
1.994719
2.008600
2.027014
1.980221
2.007262
2.011727
2.020358
2.028025
2.010292
2.009855
2.031750
2.000367
1.998106
2.009582
1.988807
2.000373
1.995702
2.011182
2.009348
2.012921
1.996527
1.985225
1.995139
1.977769
1.995044
1.971528
1.942003
1.953577
1.989545
1.997821
1.988555
1.972480
2.006282
2.011680
2.015217
2.003233
1.977311
1.966685
1.932384
1.951050
1.997270
2.006766
2.016050
2.023451
2.006502
2.006482
2.019059
2.040694
2.007095
2.015832
2.002535
1.969947
2.002020
2.008185
2.013033
1.988652
2.000096
2.005396
2.031854
2.045329
2.006238
1.999518
1.991096
1.979662
2.007025
2.010681
2.024510
2.024584
2.014056
2.023189
2.027784
2.031045
1.999969
2.004323
2.007523
2.020052
1.992964
1.981979
1.992273
1.994224
1.989194
1.981936
2.003700
2.009074
1.992252
1.988304
2.014399
1.991723
2.004547
2.010985
2.011029
1.995523
1.998283
1.978999
1.963121
1.979636
2.002108
1.997007
2.006537
1.983847
2.019563
2.014991
2.031555
1.990993
2.001821
1.993704
1.952406
1.974389
2.015272
2.009547
2.027788
2.019456
1.992673
1.985812
1.992957
2.002578
1.997837
2.002187
2.009797
2.015286
1.985230
1.978759
1.951369
1.950913
1.995637
1.994759
1.988810
1.967499
2.001619
1.990803
1.991556
1.984790
1.983478
1.990357
1.992766
1.986071
1.998786
2.001141
2.002893
2.006710
2.004293
2.011855
2.039049
2.013707
2.006198
1.996822
2.032902
2.024278
1.994090
1.995836
1.981224
1.999437
2.001146
2.003240
1.999610
1.986482
1.995010
1.998755
2.028270
2.007796
2.009853
2.012686
1.988076
1.987265
2.009498
2.014983
2.033210
2.025594
2.002378
2.005896
2.012675
2.012114
2.012030
2.014979
2.021492
1.999685
2.010796
2.002117
2.008471
2.016323
2.000705
1.996989
1.970261
1.972201
2.007889
2.020533
2.009971
1.987355
1.994321
2.006592
2.032986
2.027382
1.994504
1.994745
1.989644
2.008682
1.998553
2.002782
2.021061
1.990055
2.012766
1.987417
1.962080
1.986713
1.996842
1.991254
1.985376
1.965830
2.003262
2.018928
2.037633
2.008695
1.987062
2.005335
1.988492
2.020072
1.992624
1.979969
1.959906
1.976651
1.984853
1.989486
2.013103
2.002711
2.002961
2.005550
1.987999
2.000411
1.998670
1.997900
1.944287
1.976349
1.998794
1.993737
2.012265
1.991753
1.984779
1.984463
2.004681
2.027795
1.990676
1.998258
2.000838
2.017158
2.003664
2.002783
1.979436
1.976904
2.019234
2.021159
2.039285
2.008001
1.990415
1.983316
1.974442
1.998317
2.004281
2.008090
2.032308
2.022813
2.013246
2.004585
2.026560
1.973458
1.999945
2.000093
2.002387
1.991704
2.001038
1.998972
2.000162
2.001079
1.980645
1.985463
1.995685
1.992590
1.993197
2.004232
2.023133
2.018937
2.008886
2.017198
2.011499
2.013514
1.991303
1.993077
2.031399
2.031772
2.008587
2.014659
2.013756
2.019203
1.983830
1.980058
1.958135
1.992852
1.998888
2.001275
2.020787
2.024946
1.983985
1.988631
1.986295
1.992572
2.000167
1.997176
1.967322
1.978342
2.001436
1.997665
1.961491
1.944806
2.004558
2.003127
1.985166
1.988536
1.998961
1.999802
2.011546
1.999707
1.994975
1.995278
1.967987
1.966381
1.995599
1.997439
1.999183
2.014004
2.016470
2.006287
2.014275
2.006745
2.009146
2.002759
1.996992
1.997857
1.999294
2.002568
1.982594
2.004422
2.002865
2.006639
1.991770
1.985932
2.004697
2.021168
2.012968
2.003152
1.997666
1.995611
1.966454
1.981609
1.995259
1.981571
1.924884
1.971553
2.001241
1.992546
2.006241
2.021158
1.979840
1.983160
1.977000
1.995863
2.023984
2.023947
1.996167
1.977904
2.008800
2.018132
2.044087
2.073181
1.984199
1.993286
1.983506
2.004952
1.991713
1.990704
1.991259
2.013702
1.987338
1.979365
1.990863
2.005115
1.996252
1.984404
1.961093
2.007708
2.002809
1.997957
1.967323
1.981778
1.994269
1.992107
1.992062
1.963624
2.003496
2.011263
2.031282
2.008673
1.996195
2.002356
2.023595
2.018481
2.009487
2.008222
2.005057
1.984899
1.993367
1.994528
1.980576
2.005797
2.004840
2.011623
2.016960
1.977399
2.008843
1.993540
1.984756
1.969119
1.993601
1.990069
2.003291
1.989237
1.987586
1.984672
1.975582
1.980942
2.015154
2.012030
2.005746
2.027399
2.011271
2.003266
2.017698
2.015506
1.983332
1.981967
2.008095
2.026116
1.998775
2.007065
2.030586
2.025108
2.006175
2.011892
1.983928
2.001028
1.981838
1.985537
1.963153
1.973347
1.989774
2.003154
1.997952
1.995826
2.005058
2.000441
1.944209
1.989500
1.998167
1.999762
2.004468
1.994947
2.000967
1.987242
1.989599
1.995681
1.993952
1.978075
1.960662
1.963540
1.988301
1.988806
1.981440
1.972351
2.000068
2.003425
1.996811
1.999210
2.000748
2.007019
1.996693
1.998201
1.991198
1.982925
1.970435
1.985072
2.000425
2.006999
2.017611
1.994805
1.999332
2.005317
1.980863
1.993719
1.985351
1.995523
2.004927
1.974656
2.004382
2.004036
2.016347
2.001160
1.993503
1.991992
1.982079
1.968355
2.005090
2.000631
2.007445
2.005843
1.991891
1.996147
2.007608
1.985557
2.021120
2.018614
2.002910
2.004038
1.991341
1.982059
1.977325
1.974061
1.990094
1.992721
2.012277
2.035194
2.004558
2.009292
2.039788
2.009615
2.018280
2.018449
2.029747
2.024136
1.997837
2.012147
2.003057
2.022926
1.999677
1.990628
1.991742
2.027170
2.009180
2.009269
1.988131
2.007498
1.995940
1.994723
1.970489
1.986985
2.016397
2.016533
2.012954
2.036479
1.999784
1.989408
1.975752
1.981259
1.999934
2.004408
2.009600
1.997407
2.010520
2.008711
2.052557
2.021816
1.993919
1.998552
2.009286
2.032551
1.996586
2.000382
1.977532
1.999484
2.005669
2.010146
1.993416
2.006888
2.008599
2.009855
2.007257
1.979540
1.986795
1.992659
1.993263
1.987392
1.985419
1.980793
1.995384
1.993675
1.998924
2.002857
1.989882
1.996813
1.991973
1.988978
1.982053
2.009677
2.016646
2.008523
1.986816
1.983343
2.001011
1.991164
1.982137
1.995462
2.003852
2.008231
2.025377
2.015906
1.995937
1.996744
2.008442
2.007347
1.987201
1.997568
2.020233
2.018672
1.997497
2.003008
1.996657
2.018142
1.997960
1.981444
1.958967
1.958541
1.990544
1.980483
1.953563
1.951307
1.997880
2.000330
1.999530
2.003845
1.977336
1.982482
1.965976
1.980853
2.009304
1.999774
1.998793
2.029019
1.999791
2.004833
2.001959
2.008681
1.990917
1.994675
2.011154
2.004475
2.012377
2.011770
2.018491
2.036359
2.010902
2.013126
2.016700
2.001240
2.002137
2.007429
2.032259
2.011188
2.000783
2.008531
2.027416
2.004225
2.010555
2.013394
2.038480
2.035939
1.991688
1.995536
2.021554
2.014955
2.002681
2.004466
1.992661
2.002697
2.012660
2.004866
1.989417
1.986096
1.999970
1.996268
1.992571
1.960447
1.983351
1.973056
1.991869
1.988861
2.008402
2.019090
2.008825
2.005930
2.002677
2.013479
2.021138
2.038949
2.012686
2.015705
2.033873
2.018728
2.010723
2.005664
2.024227
2.002744
1.984902
1.974925
1.986372
1.978375
1.989489
1.991800
1.988378
1.998300
2.004223
2.015994
2.012189
2.005569
2.015840
2.002829
1.990385
1.977745
2.000261
2.009131
2.022566
1.994657
2.008870
2.023167
2.011421
1.980822
1.992842
1.998872
2.002720
1.996126
1.999571
2.005533
1.997580
1.989295
2.007304
2.001468
2.008084
2.027194
1.986797
1.995463
1.977032
1.989887
2.004873
1.995194
2.007339
2.001458
2.013486
2.031174
2.032542
2.044804
1.992616
1.993062
2.009161
1.990720
2.010171
2.016003
1.980793
1.990978
2.003015
2.004488
2.015138
2.005968
2.000680
2.005437
1.996420
1.985527
2.005216
2.006777
1.973382
2.016876
1.994301
2.001723
1.992511
2.000420
2.002969
1.995663
1.962669
1.990219
2.011476
2.006424
2.017017
2.027478
2.001646
1.993608
1.991358
1.985083
1.996166
1.993927
2.010465
2.029044
1.999617
1.994058
1.993470
1.984097
2.003790
2.004122
2.014104
1.997070
2.002860
2.011134
2.026536
1.992624
1.996772
1.992145
1.994036
2.010765
1.996580
2.002719
2.028678
2.020078
1.988581
1.995464
1.990028
2.000917
