2.007006
2.010164
2.037276
2.035713
2.002478
2.010138
2.006118
2.013963
2.000303
2.007035
2.044979
2.027618
1.993350
1.997891
2.010899
1.989027
2.001640
2.011235
1.987965
1.993093
1.984095
1.992449
1.974259
1.972272
1.988561
1.970506
1.969055
1.960279
2.001757
1.996984
2.006511
2.008237
2.018430
2.021541
2.034577
2.021871
1.997052
1.998871
1.968021
1.979435
2.015738
2.015461
2.014900
1.993550
1.982333
1.996665
2.008797
2.009436
1.991536
1.984215
1.998634
1.996559
2.017707
2.017257
2.011990
2.035599
1.987632
1.988574
1.993310
1.963975
2.001869
1.993047
2.012689
2.002076
1.990799
1.985482
1.931318
1.960417
2.001056
2.002461
2.004975
2.006315
1.997916
2.000451
1.979108
1.999117
2.017388
2.006314
2.007808
2.006178
1.992884
1.976607
1.983755
2.007028
1.991635
2.002994
2.003005
2.003678
2.010699
2.004740
2.006057
2.011430
1.998555
2.003468
1.991991
1.998405
1.981355
1.993470
2.024354
1.964333
1.975689
1.982863
1.967908
1.990666
1.995499
1.988312
1.957973
1.959830
2.003318
2.014803
2.005082
1.994108
1.995769
1.995637
2.002735
2.004053
1.993202
1.989969
1.978572
1.987919
1.999329
1.984130
1.981109
1.981224
1.984653
1.981587
1.970381
1.992351
1.991659
1.990302
1.995298
1.996519
1.997894
2.000300
2.002736
2.006579
1.998093
1.991013
1.976689
1.975303
2.009319
2.018207
2.005437
2.028430
2.011535
2.005351
2.017452
2.017236
1.991289
1.988678
1.995490
2.006707
2.012110
2.011732
2.018330
2.037091
1.992307
1.995618
1.999318
2.015863
2.001569
2.000670
1.996695
1.987024
2.000768
2.006397
2.032612
2.036431
1.989393
2.002113
2.017801
2.058990
1.990243
1.993929
2.020777
2.015501
1.987052
1.981897
2.012580
2.008439
1.999780
2.002724
1.992832
1.987093
1.994219
2.002048
1.975900
2.005952
2.005437
2.014024
2.024616
2.008807
2.008175
2.018917
2.010202
2.010542
1.989846
1.991398
1.993798
1.986608
2.000469
2.004588
1.995216
1.985551
1.996034
2.005608
2.031093
2.036405
2.001967
2.002006
2.001676
1.988663
1.990288
1.992547
1.990435
1.998605
2.001589
2.006143
2.006617
2.010776
1.994118
1.981599
1.978455
1.984347
1.997466
1.991822
2.012101
1.997871
1.997565
2.000344
1.988814
1.991698
1.994093
1.999474
2.001945
1.997269
1.995008
1.997154
2.011165
1.994562
2.008231
2.001809
1.996184
1.997920
2.004399
2.012465
1.978146
2.014832
2.010173
2.014095
2.004325
1.986413
2.012157
2.029667
2.031316
2.044528
1.998059
2.000314
2.005758
1.979045
1.992252
1.998282
1.999698
2.012670
2.009624
2.014352
2.024369
2.025959
2.009785
2.006506
1.975977
2.009363
2.005078
2.006418
1.975115
2.018615
2.021014
2.029177
2.052116
2.041305
2.007647
2.009332
2.007855
2.029956
2.005134
1.995616
1.975852
1.995481
1.992078
1.997954
1.983980
1.958080
1.996675
1.993061
2.009222
2.032479
1.999519
2.005294
2.012849
1.999097
1.996170
2.001243
1.990233
1.999830
2.013092
2.028922
2.036161
2.019144
2.003167
2.011637
1.992097
2.027587
1.996238
2.002244
2.028852
2.022453
2.000892
2.000159
1.992103
1.997996
1.999160
1.997109
2.004958
2.010239
1.997649
1.998526
1.992966
1.996685
1.995021
1.996774
1.996033
2.001411
2.000967
1.992245
1.996428
2.011537
2.011317
2.023494
2.006597
2.015909
1.998658
1.986850
2.003797
2.027901
1.996428
1.995027
1.995436
1.985427
2.000165
2.010886
2.011289
2.011853
2.014955
2.017652
2.022519
2.022142
1.999143
1.987749
1.963897
1.991277
1.999950
1.997950
1.980894
1.970087
2.006549
2.012940
2.011905
1.990364
2.002030
2.005180
2.012119
2.007433
1.994206
2.001271
2.002688
2.005932
2.000421
2.009667
2.000741
1.999757
2.003419
2.006864
2.006831
2.003385
1.995520
1.996763
2.021808
2.001836
2.013311
2.009201
2.011800
2.017619
2.005838
2.006963
2.001269
1.996743
2.005100
1.995817
2.030866
2.012019
2.005534
2.004636
2.010052
1.993830
1.994089
2.010627
2.019938
2.015714
2.025711
2.031621
2.028520
2.029604
2.003751
2.013894
2.059754
2.047205
2.005188
2.014950
2.010089
2.030676
1.997639
1.993042
2.009503
2.012916
1.987413
1.993125
1.949008
1.975406
2.012096
2.019611
2.020820
2.019566
1.991825
1.985133
1.993972
1.954047
1.997153
1.995902
1.992065
2.020061
1.995447
2.000694
2.002658
2.019724
1.998145
2.001255
2.019056
2.037453
2.005735
2.016511
2.021383
1.996113
2.008075
1.999037
2.016215
1.995327
1.988788
1.992910
1.982043
1.990670
1.984396
1.997256
2.006831
1.985019
2.004749
2.014999
1.991666
2.005936
1.988751
2.002307
1.990061
1.978687
1.978726
1.980652
1.986683
1.970384
1.982722
1.974827
1.924815
1.960403
1.998332
1.990448
2.023811
2.011627
1.982882
2.001194
2.004335
1.976279
2.011377
2.021316
2.027201
1.986463
1.991353
1.994118
1.985983
1.989160
2.011151
2.000159
1.999662
1.994703
2.004435
2.008563
1.989916
1.999159
1.985893
1.978154
1.991311
2.026643
2.009657
2.008876
2.008161
1.966865
1.990748
1.996350
1.999343
1.987718
2.003173
2.004312
1.982929
1.986181
1.988699
1.987870
1.989752
1.979825
2.008123
2.003682
1.977339
1.982301
1.994320
1.995298
2.006884
1.999363
2.014636
2.022155
2.026745
1.988548
1.999466
1.995663
1.979977
1.983516
1.995995
1.994009
1.995137
1.965265
1.988104
1.994648
1.959888
1.985081
1.997947
2.005050
1.986145
2.009973
2.016079
2.014749
2.015606
2.025901
1.989428
1.993918
2.002525
2.000070
2.000155
1.991512
1.994397
1.977591
1.988306
1.981678
1.985126
1.983477
2.007887
2.011789
2.050275
2.026930
2.006986
2.015146
2.007386
1.995924
1.996515
2.008742
1.994701
2.002613
1.985310
1.995536
1.993441
1.971958
1.991021
1.995134
1.990911
1.989186
1.994554
1.994166
1.960052
1.959278
2.002221
1.997347
2.018850
1.994420
1.998935
2.006469
2.005419
2.032753
1.988651
1.991415
1.991332
2.013240
1.996391
2.007990
2.014331
1.988129
2.003035
1.988418
1.992308
2.009454
2.002991
2.000166
2.002337
1.997242
1.996654
1.996806
1.978181
1.978359
2.026285
2.020999
2.003243
1.992281
2.012090
2.017928
2.018279
2.013784
1.976953
1.962411
1.962357
2.002870
2.011168
2.015293
2.015662
2.008417
1.978220
1.976919
1.951735
1.992628
1.996402
1.999673
2.013007
1.978786
2.005721
2.005928
2.010472
1.996452
1.995651
1.983636
2.001545
1.988480
2.003340
2.006536
2.000612
2.001940
2.003735
2.012895
2.033577
2.044064
2.005584
2.001524
1.997439
1.981978
2.013409
2.020390
2.008802
2.004225
1.995941
2.000395
2.025691
2.030040
1.997730
1.997799
1.978233
1.954517
1.986612
1.999687
2.002650
2.005110
2.010348
2.015608
2.015072
2.010089
1.986343
1.981638
1.965064
1.976337
2.007732
2.017559
2.008578
2.004768
1.985684
1.982973
1.992939
1.992446
1.999000
1.995836
1.995608
1.980637
2.001081
2.009053
2.013437
1.989753
2.014330
2.016653
2.017752
2.000648
1.997904
2.005604
2.003561
1.986011
1.984319
1.983982
2.006547
2.001895
2.010660
2.004646
2.011251
2.005577
1.992593
1.999075
1.984137
1.978252
1.995141
1.989654
1.940298
1.960517
2.007074
1.996487
2.014883
2.005404
2.001134
1.999515
1.992397
1.985138
2.009231
2.002611
2.010192
2.007650
1.990569
1.992148
1.988893
1.944849
2.013840
2.008344
2.010739
2.005291
1.998679
1.999205
1.986639
2.001424
2.009183
2.023082
2.028008
2.023944
2.013429
2.025963
2.023734
2.015233
2.013420
2.007143
2.018086
1.969952
2.003773
2.000569
2.004091
1.987536
1.992680
1.998744
1.991243
2.002187
1.987390
1.980411
1.993361
2.023281
1.992651
1.978665
1.989579
1.999577
1.999231
2.014741
2.036340
1.985231
2.013044
2.021834
2.033276
2.015693
1.996285
1.992103
1.998923
1.996708
1.989847
1.986353
2.007579
2.008205
2.002201
2.001859
2.018197
2.023465
1.995064
1.981417
1.989858
1.987126
1.992581
2.003111
2.020310
2.000195
1.997317
1.997449
2.019783
2.014864
1.991289
1.991736
1.981794
1.985792
2.021239
2.026367
2.039319
2.038539
1.999970
2.012996
2.032026
2.021471
2.012896
2.012323
2.028500
2.029860
2.001049
1.998178
1.993076
2.019135
1.998138
1.997013
2.012112
2.017563
2.008919
2.008334
2.001056
2.021756
2.003100
1.995345
1.986907
1.979724
1.986398
1.980731
1.985599
2.014144
2.002082
2.004920
1.997504
2.004139
1.995527
1.986220
1.999995
1.979736
2.003898
2.017133
2.022374
2.018567
1.989128
1.981339
2.006502
2.013838
2.004056
1.999573
1.964965
1.996735
2.012842
2.010868
2.050521
2.024065
1.990468
1.985500
1.979937
1.990673
1.996224
1.998838
1.987765
1.989652
2.018623
2.018182
2.040286
1.995711
1.995090
1.990845
2.019195
2.003233
1.997269
1.984445
1.982178
2.013145
1.990842
2.000670
2.042311
2.051206
2.006927
2.017528
2.047833
2.034845
1.986061
1.984530
1.958111
1.953286
1.993378
1.986612
1.973191
1.994095
1.986300
1.991603
1.981718
1.986119
2.004425
1.998192
1.971330
1.987299
2.010392
2.022645
2.041201
2.057953
2.004291
2.008292
2.030325
1.998007
1.993412
1.979903
1.987377
2.000783
2.005089
2.011709
2.008856
2.012314
1.996552
1.985068
1.992946
1.997925
1.983070
1.990418
1.977697
1.978177
2.009631
2.011613
1.981679
1.976403
2.005962
1.997365
2.013055
2.026749
2.013025
2.004208
2.021785
2.020236
2.001889
1.992581
2.000523
2.003460
2.014904
2.011423
2.019911
2.005897
2.001161
1.999587
1.977798
1.980784
2.013386
2.015721
2.009436
1.998829
1.994130
1.998185
1.986450
2.014220
2.001388
2.004771
1.996436
2.017344
2.004154
2.021466
2.022710
2.012608
2.011998
1.987749
1.960283
1.981817
1.979875
1.989123
2.011930
2.022368
2.010649
2.017646
2.021439
1.989691
2.008406
1.997970
1.982753
2.004195
2.003040
2.011769
2.025534
1.999978
1.984541
1.993500
2.024020
2.007627
1.994979
2.001745
2.000113
2.002807
2.006189
2.003608
1.993340
1.961109
1.999779
2.013938
2.017601
2.017095
1.985296
1.983371
1.937237
1.966913
1.989516
1.994914
1.999848
2.014378
2.003356
2.004506
2.040898
2.009882
1.989842
1.999973
2.003178
1.988812
1.994274
1.989778
1.972088
1.981613
1.994206
1.995532
1.992881
2.019059
2.010095
1.998602
2.010605
1.969184
1.986342
1.978729
1.968812
1.949133
2.000339
1.979522
1.942951
1.951943
2.001949
2.012114
2.049828
2.026602
1.997344
2.000635
2.026951
2.036444
2.007666
2.015183
2.014243
2.014445
2.001474
1.999554
2.015480
2.022312
1.998520
2.017843
2.008226
1.979598
1.988073
1.983545
1.978660
1.958988
1.992749
1.988071
1.988800
2.011876
1.981843
1.986287
1.991930
1.996671
1.979880
1.978511
1.972835
2.009989
2.008543
2.021434
2.016961
2.033145
1.993410
1.988675
1.972121
2.005319
1.982461
1.974643
1.976632
1.982443
1.999346
2.002305
1.971539
1.967824
1.999143
2.010667
2.020759
2.025852
1.996002
2.017398
2.020097
1.999891
2.014114
2.023718
2.000513
2.013011
1.996391
1.984140
1.993762
2.000626
2.002403
2.006231
1.988509
1.989064
2.019952
2.028031
2.008357
1.974612
2.006512
2.000810
2.000911
1.992231
2.012731
2.014324
2.038396
2.034897
1.996561
1.988450
1.995808
1.977662
1.982365
1.986281
1.977647
1.992949
1.999875
2.009412
2.030232
2.019713
2.001039
2.012697
2.048906
2.030785
1.987478
1.990147
1.994215
1.991743
1.998376
1.990583
1.959202
1.971705
1.989291
1.981935
1.993273
2.004693
2.004503
1.997782
1.995864
2.010587
1.986581
1.987175
1.990676
2.005220
2.000935
2.006406
2.035990
2.041923
1.997758
2.010571
1.999687
1.996359
1.999259
1.999265
2.012460
2.014959
2.000980
1.993483
1.995369
2.002929
1.991959
1.988705
1.983030
1.994542
1.989754
1.997122
1.999680
1.983826
1.993744
2.005662
2.020415
2.031675
1.996833
1.995569
2.003494
1.999673
1.995526
1.984144
2.007061
1.988537
1.994940
1.989815
1.994790
1.992600
1.995059
1.989713
1.992734
1.974762
1.980226
1.995616
1.974542
1.980969
1.998888
2.005128
2.029779
2.022492
1.983240
1.970250
1.954486
1.970235
2.011823
1.999532
2.002561
2.018175
1.997337
2.005934
2.034119
2.029315
2.008960
2.007960
1.993573
1.965690
1.998027
1.996339
2.003027
2.004247
1.982664
1.995327
1.994221
1.999843
1.998284
2.012594
2.000683
2.006151
1.998583
1.991373
2.005055
1.988094
1.997765
1.994807
1.997950
2.020602
2.001540
2.008816
2.001455
2.011335
2.006794
2.001142
2.003609
1.997306
1.987311
1.979470
1.997527
2.004581
1.989390
1.996479
2.012866
2.030938
2.004326
2.029572
2.009653
2.002990
2.003800
2.000388
2.009281
1.998244
2.005427
2.014126
1.985061
1.976831
2.018998
2.022072
2.057838
2.032553
1.988559
1.994079
1.978871
1.991626
2.006568
2.011492
2.019036
1.991032
1.989219
1.977353
1.973105
1.972835
2.005826
2.002668
1.981577
1.988950
1.987077
1.992094
2.006822
2.008235
1.995548
1.992939
2.003059
1.987387
1.997206
1.985073
1.967372
1.965553
2.002760
1.997013
2.000078
2.029910
2.003137
2.002631
1.989637
1.982195
1.997178
2.008503
2.040769
2.011592
1.996975
2.009778
2.004815
2.004563
1.995482
1.989511
2.006958
2.011196
2.000132
2.004557
2.011317
2.000375
1.986798
1.981230
1.981835
1.973394
2.005163
2.002938
2.005512
1.989068
2.004571
2.012411
2.013755
1.963583
1.990737
1.998251
1.989487
2.015934
2.007887
2.007669
2.003441
1.974948
1.998273
1.984808
1.990774
1.997972
2.003572
2.001920
2.026110
2.023636
2.014600
2.026279
2.025235
1.990394
2.002170
2.002061
2.018987
2.006140
2.016855
2.010454
1.985711
1.977638
2.010435
2.000060
2.003008
1.982935
1.999120
2.013373
2.038123
2.029235
1.997586
1.993753
1.986842
2.004379
2.000596
2.000195
2.004011
2.007872
1.996108
2.000754
1.994339
2.016239
2.024282
2.017337
2.000928
2.012367
2.013532
2.011095
2.012925
2.001368
1.994034
1.994971
1.995675
1.969874
2.000187
1.999043
1.991749
2.008986
2.010694
1.998074
1.991081
2.021064
2.006189
1.987765
1.962421
1.970951
1.999403
2.002753
2.000224
2.010168
1.991571
1.981359
1.980762
2.030226
1.995875
2.005153
1.989404
2.016611
1.999809
2.006903
2.033904
2.012359
2.000523
2.001345
1.989120
1.993656
1.996041
2.002763
2.012541
1.989641
1.996271
1.986519
1.959315
1.993210
1.990118
1.985063
1.992473
2.014257
2.011985
2.005179
1.994383
1.985477
1.996264
2.003559
1.994111
1.957204
1.998789
2.006152
2.003644
1.995470
2.012031
2.029237
2.026165
2.040418
2.007850
1.992738
2.001591
2.006573
2.014510
2.016099
2.040329
2.023310
1.998047
2.000572
1.996861
2.013626
1.990367
1.999868
1.999175
1.977857
1.982508
1.975098
2.003529
2.025219
1.993192
1.990781
2.007015
2.000839
2.015930
2.004050
1.995372
1.976580
2.005044
2.000946
1.994229
1.978692
1.990775
1.977810
1.980024
1.975352
1.999510
2.002183
1.982815
1.995320
2.003859
2.003966
2.010916
1.989445
2.006842
1.997061
2.007110
2.025750
2.008216
2.007272
1.978101
1.984641
2.004650
2.012622
2.056925
2.016429
1.998668
2.016471
2.028219
2.038155
2.004951
1.986128
2.006329
2.028617
2.008742
2.015578
1.975571
1.984178
1.989739
1.984571
1.981671
1.979250
1.989431
1.987135
2.015738
1.999469
2.011910
2.014544
2.022665
1.972016
2.004892
2.005495
2.011161
1.989209
1.999233
1.993256
1.957865
1.980074
2.002222
2.000549
1.999937
1.988986
1.995997
2.005814
2.024316
2.021841
1.991756
2.001977
2.035411
2.033828
1.988219
1.980750
1.974642
1.994273
2.000587
2.003669
2.008895
1.990969
2.011268
2.007449
2.007594
2.018559
2.012716
2.012625
2.026938
1.990170
2.007932
1.992776
1.999582
2.010920
1.991879
1.988516
1.985232
1.993583
