2.005849
1.999109
1.969841
1.963616
1.977277
2.008339
2.012643
2.009960
2.021718
2.017296
2.021558
1.996159
2.007413
2.000455
1.970447
1.965942
1.979962
2.009354
2.015264
2.013414
2.028145
2.025421
2.027972
2.003854
2.001914
2.005476
2.009399
1.973421
1.974681
1.976513
2.010616
2.020412
2.052900
2.057222
2.040023
1.994414
2.001037
2.004240
2.009702
1.972650
1.972539
1.977667
2.011723
2.021046
2.053691
2.057376
2.041179
2.001136
2.014246
2.019699
2.014709
2.030051
2.023028
1.995970
2.003126
2.012064
2.020458
2.022080
2.029482
2.018326
2.013393
2.020407
2.014602
2.032647
2.028480
2.001474
2.003299
2.013123
2.021605
2.022124
2.029329
2.020460
2.002534
2.010674
1.985488
1.997851
1.992775
2.004471
2.008524
2.020218
2.014729
2.005524
2.001771
2.003039
2.002999
2.010784
1.986635
1.999207
1.994219
2.004079
2.010148
2.022964
2.025044
2.008038
2.003553
2.006308
2.005478
2.003139
2.027354
1.986902
1.978733
1.994984
1.982781
1.979380
1.975019
1.997026
2.000075
2.024042
2.005056
2.002451
2.029005
1.987928
1.979168
1.993218
1.983843
1.980381
1.974757
1.996760
2.000342
2.023814
2.000780
1.998456
1.988946
1.992696
1.989398
1.980496
2.019981
2.005276
1.992816
1.992124
1.997137
2.024476
2.000863
1.999017
1.988669
1.992387
1.989916
1.980711
2.019827
2.004731
1.992185
1.993758
1.998232
2.026682
1.999477
1.991888
2.007031
1.972899
1.979241
2.009884
2.012851
2.013624
1.967221
2.003638
1.993539
2.000871
1.999274
1.992001
2.007515
1.972926
1.978641
2.009643
2.012438
2.013114
1.968141
2.003318
1.991043
1.999107
1.982062
1.987709
1.992260
2.018090
2.022337
2.028299
2.011553
2.008703
2.020900
2.002970
1.997025
1.989403
1.979906
1.984670
1.992502
2.017234
2.020828
2.028205
2.011553
2.008727
2.020607
2.002717
1.995818
1.991048
2.002250
2.018909
2.003850
2.004435
2.004900
1.997964
1.985622
1.985194
1.969798
2.002784
1.999795
2.002769
2.002250
2.018940
2.003814
2.006617
2.007330
2.000309
1.985485
1.984966
1.970186
2.002076
1.999447
2.003058
1.994724
1.996927
1.987301
2.019510
2.013350
1.996176
2.000935
2.002390
1.997127
2.011808
2.010438
2.005358
1.994577
1.996291
1.987410
2.018178
2.013196
1.997255
2.000935
2.001900
1.996021
2.012165
2.011003
2.004375
1.989924
1.986887
1.993733
1.990627
1.986559
1.992142
2.008694
2.013276
2.000053
2.019917
2.011056
1.990978
1.990497
1.987224
1.994070
1.994302
1.989568
1.993987
2.008592
2.012241
1.997191
2.014694
2.008445
1.991234
2.001897
2.014246
1.988620
1.998414
2.004524
2.003662
1.990449
1.976326
1.968153
2.004585
1.986892
1.984432
2.001998
2.014465
1.988672
1.998873
2.004329
2.003578
1.990449
1.976357
1.968153
2.003850
1.986304
1.982539
1.975365
1.976275
1.971211
2.017946
2.005178
1.992337
2.001364
1.996719
1.998875
1.993412
1.995787
1.991078
1.974112
1.975642
1.971133
2.016705
2.004118
1.992016
2.001364
1.996719
1.998875
1.993140
1.995468
1.990805
1.999440
1.989767
1.975302
2.013128
2.013572
2.005756
2.002304
2.006145
1.993787
2.003519
2.004264
1.967500
2.000053
1.990776
1.978986
2.017164
2.016042
2.006349
2.004049
2.007437
1.995378
2.003322
2.003527
1.968402
2.008100
1.994210
2.003127
1.992138
1.987791
1.994902
2.016914
2.030449
2.027302
2.019579
2.021611
2.042828
2.007596
1.994172
2.005473
1.994660
1.989140
1.996205
2.016591
2.030637
2.027898
2.023040
2.024822
2.045806
2.006355
2.013005
2.027320
2.036996
2.017608
2.010352
1.998966
2.004837
1.992301
1.963438
1.971871
1.983397
2.005465
2.012153
2.026750
2.035410
2.016638
2.010546
1.998746
2.005075
1.992546
1.960612
1.970289
1.980638
1.992915
1.993106
2.003021
2.005377
2.000266
1.996074
2.011296
2.014386
2.013707
2.034020
2.019161
2.014060
1.993160
1.993106
2.003833
2.006595
2.000923
1.997245
2.010921
2.013910
2.012276
2.032081
2.017263
2.012101
2.000351
2.003029
2.010760
1.995570
1.995398
2.002064
2.000764
2.008535
1.985646
1.972361
1.984751
1.981271
2.000351
2.003029
2.010718
1.995481
1.995625
2.002033
2.000670
2.008535
1.985682
1.972509
1.984160
1.982123
2.003309
2.014396
2.014808
2.005371
2.014236
2.017031
1.985009
1.997355
1.983426
1.967453
1.964619
1.984205
2.003479
2.014710
2.016358
2.006747
2.015855
2.016794
1.985171
1.997331
1.982539
1.966491
1.965511
1.985353
1.997614
1.997328
1.995835
1.991192
1.988951
1.990872
2.005152
2.003886
2.040671
2.036836
2.041623
2.026986
1.999240
2.000227
2.000171
1.995029
1.993007
1.995264
2.005018
2.002580
2.039809
2.031906
2.038450
2.024883
1.982135
1.990381
2.009116
2.006059
2.004602
2.005090
2.004186
1.995252
1.979647
2.007915
2.019384
2.021303
1.980266
1.987375
2.002695
2.003953
2.002534
2.005710
2.004127
1.995252
1.979457
2.008824
2.019691
2.021585
2.011189
2.021744
2.011377
1.992977
1.993356
2.017740
1.991553
1.990482
1.977343
1.985735
1.979279
1.972469
2.011189
2.021744
2.011377
1.991287
1.991785
2.016481
1.991147
1.990050
1.977352
1.986223
1.978901
1.972290
2.012216
2.000959
2.014929
2.003028
1.996709
2.032255
1.990691
1.987487
2.014163
2.009134
2.002439
1.988310
2.012291
2.000904
2.014151
2.000588
1.995438
2.031940
1.990691
1.987487
2.014163
2.008811
2.001831
1.987430
1.999827
2.012901
2.021941
2.026853
2.009069
2.003058
2.018618
2.024242
2.054146
2.050644
2.037621
1.984697
1.999652
2.012767
2.021629
2.024016
2.006925
2.001267
2.018809
2.024339
2.053560
2.047932
2.036098
1.983859
1.992658
1.995756
1.981380
1.995917
2.006764
2.030160
2.004526
2.018544
2.024553
2.024460
2.024135
2.011598
1.993104
1.996322
1.982336
1.995325
2.005781
2.027880
2.004526
2.018586
2.024553
2.024613
2.025539
2.011868
2.003919
2.013225
2.001962
1.980313
1.984323
1.971815
2.021942
2.023048
2.023789
2.030231
2.013275
1.993595
2.004288
2.012677
2.001045
1.981018
1.985546
1.971345
2.021092
2.022008
2.020286
2.028610
2.012503
1.992802
2.008991
2.007367
2.016106
2.010206
1.998952
1.971247
1.992261
1.986576
1.967269
1.997670
1.995796
1.973147
2.008965
2.007743
2.016078
2.010206
1.999343
1.971145
1.992082
1.986305
1.965294
1.992443
1.990922
1.970324
1.980046
1.990901
1.965086
1.986665
1.994545
1.986442
2.002813
1.999563
1.976290
1.983825
1.990111
1.994210
1.980254
1.991677
1.965694
1.987435
1.994958
1.986445
2.002813
1.999721
1.975985
1.982930
1.989953
1.994406
1.978461
1.987266
1.963479
2.005213
1.994917
2.005229
1.980266
1.974957
1.973363
1.978660
1.974496
1.987994
1.976431
1.984277
1.959434
1.998445
1.990374
2.004080
1.980579
1.975497
1.974212
1.978595
1.974253
1.986302
1.997240
1.995634
1.989194
2.011537
2.005830
2.029806
1.994599
1.982982
1.972822
1.986104
1.982609
1.992911
1.997310
1.995481
1.990315
2.012949
2.008262
2.033297
1.995237
1.983454
1.973367
1.983444
1.980944
1.991985
1.996986
2.010886
2.038664
2.005815
2.011529
2.004132
1.992471
1.988648
2.010267
2.032646
2.018474
2.022831
1.996798
2.010887
2.038664
2.005707
2.010149
2.001438
1.992804
1.988447
2.009312
2.032332
2.018363
2.024068
1.989817
1.991929
1.988646
1.989183
1.993321
1.989002
1.990514
1.988944
1.990560
2.006523
1.999591
1.988098
1.990190
1.992623
1.989374
1.991204
1.994218
1.990179
1.990514
1.988944
1.990560
2.006608
1.999460
1.987901
2.004902
2.005846
2.010198
2.012151
1.988912
1.984037
1.993420
1.990883
2.004079
2.020256
1.995749
1.985323
2.006103
2.006426
2.011965
2.014491
1.989948
1.987030
1.993676
1.991084
2.004644
2.020892
1.995232
1.984915
1.995057
1.984694
1.941867
1.951072
1.952506
1.958945
1.991398
1.999263
2.011976
2.010424
2.005412
2.004440
1.996111
1.986453
1.945523
1.954362
1.954426
1.959168
1.991378
1.999255
2.012532
2.011350
2.005670
2.004449
2.000707
2.012720
2.010154
2.033756
2.028786
2.041711
1.996431
2.003143
2.020321
2.013191
2.008980
2.022219
1.999984
2.011292
2.008922
2.032579
2.027143
2.040270
1.996024
2.002556
2.019121
2.011328
2.009231
2.022529
1.987784
1.986556
1.956783
1.992157
2.002107
2.014398
1.992501
1.997916
1.996274
2.021131
2.032227
2.014807
1.988242
1.987394
1.958026
1.993218
2.002552
2.014724
1.992501
1.997916
1.997169
2.021441
2.032551
2.015271
2.000627
1.999850
2.001597
1.995177
1.980686
1.988586
2.007129
2.006120
2.001557
2.001882
1.985022
1.968519
2.001905
2.002846
2.008314
2.002578
1.986482
1.994298
2.006622
2.005625
1.998834
1.999685
1.983672
1.967338
2.012572
2.013800
2.009389
2.032953
2.025515
2.011626
2.000345
1.988354
1.953468
1.950242
1.973044
2.000267
2.012590
2.014448
2.009673
2.033278
2.025610
2.014735
1.998436
1.986122
1.951308
1.952157
1.972744
1.999373
2.012335
2.019326
2.006505
2.006502
1.993890
2.003694
2.004107
2.008355
1.986994
2.011386
2.007425
2.008797
2.010380
2.015843
2.004537
2.006187
1.994324
2.002931
2.004300
2.009088
1.988406
2.012651
2.008073
2.011200
2.010619
2.011673
2.017687
2.012581
2.020912
1.998103
2.014102
2.020985
2.028161
2.020386
1.993957
1.967024
2.010464
2.010869
2.018027
2.014074
2.022518
1.999264
2.014102
2.020710
2.027004
2.019717
1.993473
1.966159
