1.984337
1.975399
1.950114
1.972251
1.995927
2.000767
2.021113
2.027784
1.992671
1.999910
2.012065
2.022700
2.003584
2.006035
1.995952
2.004608
2.002545
2.003217
2.022258
2.011985
2.012131
2.001209
2.013252
2.026751
1.995110
2.003127
1.978595
2.007588
2.006214
2.002017
2.018805
2.000022
1.998463
1.999254
1.978975
1.952957
2.006284
1.997043
1.997454
1.990195
1.995244
2.012421
2.036790
2.024327
1.994040
2.004707
2.027816
2.034023
2.003252
2.000231
1.992846
1.998433
1.987820
1.985227
1.995104
1.992774
2.004825
2.001193
2.006593
2.024090
1.979524
1.980918
1.962712
1.961809
1.998985
1.991706
2.011533
1.996956
2.004019
2.003015
2.019444
2.024030
1.984439
1.983331
2.004776
2.001310
1.996624
2.000619
2.023300
2.003539
1.999137
2.011231
2.000851
1.989803
2.008894
2.016721
1.986259
2.016336
1.986160
1.967250
1.943995
1.959766
2.001468
1.998998
1.996662
1.991236
2.003137
2.001222
2.012118
2.007497
2.006843
2.004856
1.994911
2.014403
2.009372
2.017287
2.031110
2.029266
2.007543
2.028153
2.030523
2.023835
2.008537
2.023632
2.029849
2.020739
1.990423
1.990701
1.984210
1.983665
1.998261
2.010189
2.023218
2.009901
2.006673
1.997892
1.977816
1.997330
2.007124
2.018759
2.036093
2.008846
1.987441
1.981549
1.993264
2.023263
1.999208
1.993904
1.989504
1.970245
1.999884
2.014060
2.015946
2.014438
2.017083
2.031288
2.040329
2.026581
1.997246
1.992673
1.980512
1.987109
1.990066
1.986536
2.007819
2.008021
1.996180
2.004466
2.009048
2.018456
1.993394
1.995710
1.996129
1.970979
1.998012
2.001224
1.991228
1.998240
1.992805
1.995682
2.003112
2.012868
1.990268
1.990575
1.980413
1.984810
1.995628
1.999999
1.988704
2.019553
2.000592
2.003242
2.006920
2.016123
1.997797
1.994536
1.999172
1.987267
1.991143
2.012154
2.031593
1.987355
2.001848
2.003212
2.022309
2.021794
1.996899
1.992768
1.995286
1.988205
1.992296
1.996139
1.981351
1.999745
2.008751
2.015422
2.014357
1.994774
1.990119
1.991146
2.033912
1.965631
1.997722
1.988203
2.000458
1.985221
2.007526
2.020527
2.004499
2.014379
1.996219
2.000596
2.014084
2.030858
1.992199
1.994291
2.013751
1.991569
1.999763
2.012046
2.002069
1.998071
1.990131
1.984489
1.980039
1.994069
1.994037
2.001110
1.993990
1.988592
2.002665
2.007931
2.032726
2.025196
1.995639
2.013867
2.024284
2.016213
2.002184
2.004757
2.008745
2.012478
1.991343
1.999722
2.038588
2.047302
1.994840
2.002702
1.977718
1.993943
1.985364
1.991783
1.969856
1.964326
1.987895
1.995622
1.954587
1.979860
2.000563
1.997141
1.967031
1.961346
2.003066
1.997401
1.971866
1.987481
1.999888
2.003015
1.969173
1.997974
2.015081
2.016946
2.013531
1.991969
2.001446
2.003145
2.018885
2.039456
1.999859
1.983531
1.983986
1.977741
1.998287
1.986499
1.993384
2.000120
1.986351
1.985032
1.967047
1.962642
1.998110
1.989413
2.005124
2.001324
2.002862
2.010851
1.989707
2.002738
1.983866
1.972641
1.937323
1.952058
2.004098
1.993960
2.000983
2.002512
2.004411
2.001225
2.003892
2.015004
1.995264
1.978639
1.991307
2.007263
1.980977
1.998019
2.003655
1.970841
2.000702
2.008245
1.996273
1.981443
2.000323
2.004308
1.996873
2.021160
1.987238
1.990713
2.001286
2.002175
1.978149
1.984610
1.974867
1.991512
1.992098
1.987478
2.000681
2.028575
1.997400
1.982976
1.969269
1.962620
2.007796
1.997854
1.983060
2.005497
1.994353
1.989646
2.005364
1.984908
1.995751
1.979409
1.973462
1.975280
2.007793
2.000975
1.975587
1.981837
1.988407
1.991373
2.016811
2.018152
2.000545
2.012040
2.015466
2.017671
1.990971
2.006547
1.977902
1.995855
2.005622
2.018259
1.999512
2.022014
1.989716
1.995128
1.961110
1.978290
2.007214
2.008329
2.020316
2.011335
1.996155
1.992713
1.977317
1.985738
1.995913
2.005775
2.006636
1.974813
2.001798
2.001695
1.995932
1.987889
1.986897
1.979572
1.984682
1.978060
1.974358
1.964567
1.964394
1.958327
2.002458
2.011923
2.050037
2.023447
1.993815
1.998913
2.026884
2.021595
1.997954
2.001425
1.982281
1.984555
1.988215
1.993629
1.988562
1.988435
1.994849
2.001296
2.008819
2.021339
1.989144
1.984952
1.980217
1.962751
1.993449
2.002816
1.977329
1.995916
1.999109
2.004963
1.993403
1.980832
1.998759
2.010965
2.019653
1.988299
1.999447
1.996275
1.981552
1.974355
1.992692
1.989537
1.973877
2.002914
2.013309
2.005460
1.988394
2.013132
2.000401
1.990159
1.987331
1.996699
2.013185
2.019822
2.011056
2.008935
1.996372
2.004778
2.009828
1.995997
2.013238
2.023126
2.000100
2.012174
2.003450
2.006447
2.011062
2.015375
2.006181
1.996366
1.989477
1.996356
2.004520
2.004194
2.001154
1.987668
1.998648
1.997102
2.025810
2.035277
2.011310
2.012852
2.035971
2.032713
1.991194
2.001478
2.001365
2.009431
1.993456
2.001235
2.003367
2.021494
2.010741
2.019808
2.009685
2.003381
2.010875
2.007971
2.023991
1.991059
1.986140
1.988192
1.993045
1.989736
2.003568
2.012728
2.007357
1.989860
2.009359
2.011607
2.006098
2.029764
1.983563
1.977092
1.959112
1.977537
1.993053
1.992739
1.966965
1.998144
2.001928
2.007723
2.036937
2.041340
2.008926
2.016658
2.018064
2.008906
1.998371
1.998914
1.983869
1.997545
2.013305
2.015966
2.019878
1.997789
1.999948
2.011718
2.023738
2.026537
1.991368
1.998169
1.996879
1.986702
2.011711
2.005375
1.979426
1.980189
2.006869
2.004526
2.013616
2.013644
1.996744
1.992377
1.949455
1.962716
1.994967
1.990190
1.962204
1.951112
1.993757
1.990253
1.995479
1.975991
1.988822
1.983580
1.988197
1.975349
2.000196
1.985843
1.985246
2.016679
2.014300
2.009004
2.006522
2.004179
2.015620
2.027733
2.037108
2.038324
1.997700
2.006607
2.035282
2.029417
2.001768
1.983588
1.978286
2.006216
2.001788
1.999967
1.991124
1.976660
2.002095
1.997923
2.012401
1.993208
1.988299
1.983133
1.947392
1.970491
2.000342
1.994263
2.010295
1.995678
1.999882
1.992812
1.991095
2.019354
2.006527
2.006316
2.004211
2.002797
2.015388
2.022128
2.034102
2.010402
2.001468
2.014915
2.020065
2.032181
1.989998
1.995443
2.011437
2.030479
2.001766
2.010277
2.016724
2.008700
2.004332
2.006409
2.015660
1.992173
1.994725
2.005060
2.027019
2.005073
2.000342
1.987652
2.001477
2.003189
1.988997
1.995313
1.987696
1.999723
1.993637
2.000127
2.006255
2.005237
1.999184
1.996349
2.015588
2.013016
2.014622
2.017378
2.029285
2.029570
2.002161
1.999595
2.016545
2.005656
1.996721
1.992757
2.002495
1.988445
2.017131
2.018978
2.018707
1.992004
1.991594
1.994708
1.995264
2.010901
1.983898
1.979501
1.983837
2.015593
2.004472
2.019988
1.994544
1.993248
1.996194
2.009052
2.005730
2.004825
2.003424
2.008455
2.019370
1.994277
1.979114
1.995246
2.002355
1.982385
2.008130
2.004363
1.971765
2.005747
2.004409
1.997211
1.989827
1.985639
2.006152
2.014327
2.018990
1.967237
1.999935
2.011599
2.001665
1.982508
1.997378
1.989171
2.021912
2.007781
1.996473
1.994610
2.019690
2.006312
1.992433
2.001605
1.997225
2.016195
2.015142
2.027424
2.023568
1.991807
1.993783
1.990686
1.990186
1.984791
2.005417
2.011465
1.996486
2.009358
1.991732
1.985304
1.968712
1.991391
2.010276
2.014792
2.007378
2.002316
1.997155
1.992716
1.989874
2.006867
1.989077
1.982416
1.983509
2.003841
1.988555
1.986456
1.989031
1.976931
1.997695
1.988186
1.999976
2.004056
2.014573
2.015526
2.023395
2.014076
1.994083
1.995370
1.999005
1.970791
1.982919
1.972686
1.969250
1.958405
1.995489
1.994241
1.984284
1.957717
2.007063
2.000351
2.021901
2.032691
1.993895
2.006211
2.007117
1.995005
1.992987
1.983214
1.982186
2.033136
1.983344
1.994241
1.998726
1.992108
2.004561
1.996707
2.004248
1.989754
2.010694
2.013265
2.010846
1.995632
1.984938
2.003908
2.029534
2.006397
1.995409
1.984477
1.956543
1.990844
2.005926
1.999680
2.009867
1.996875
1.985350
1.995750
1.994697
1.969934
1.979829
1.991012
2.013794
2.018090
2.005182
2.007939
2.010138
2.017929
2.012125
2.029494
2.026269
2.035373
1.994399
1.999049
1.999843
2.009757
1.986745
1.993912
1.988589
2.020366
1.992627
1.997530
1.995590
1.997001
2.006397
1.996758
1.993929
2.015520
1.984001
1.975985
2.005867
2.029682
2.003132
2.001820
2.027336
2.011716
2.024068
2.021344
2.003039
1.996352
2.002462
2.002361
2.037677
2.007586
1.998664
2.005077
2.027811
2.006550
1.998672
2.001141
1.982672
1.996323
2.012011
2.003365
2.014713
2.017682
1.990403
1.995628
2.002754
1.975871
1.984640
1.977218
1.966729
1.949925
2.000672
2.007458
2.046249
2.030702
1.999360
2.019360
2.028377
2.028269
2.011462
2.004898
2.006750
2.004377
2.005045
1.997842
1.995833
1.985970
2.002271
2.002604
2.018285
2.018205
2.002073
1.999420
2.011449
2.012105
2.011044
2.013457
2.020372
1.971551
1.990590
1.989709
1.952413
1.979364
2.004694
2.005027
2.006932
1.999747
1.983621
1.981946
1.980201
2.014381
1.988593
1.982407
1.999105
1.992644
1.990768
1.998245
2.028084
2.028291
1.987612
1.997379
2.019657
2.011399
1.997117
2.002158
2.001929
1.989104
1.997639
2.008971
2.023731
2.028807
2.003006
2.005382
2.005817
2.007262
2.009442
1.995295
2.004730
2.011654
1.990896
1.992566
1.985542
1.997985
1.994807
1.998848
1.983887
1.973207
2.018597
2.027647
2.004486
1.970562
2.008197
2.003656
2.005624
2.012839
2.021156
2.022267
2.024773
2.011116
2.010900
2.016564
2.030561
2.015872
1.997717
2.000665
2.003665
1.950601
2.000659
2.007977
2.031547
2.015104
2.002686
2.015642
1.998462
1.990278
1.998165
2.004897
1.974950
1.988207
2.016998
2.019147
2.004848
2.027397
2.010717
1.999516
2.011662
1.973585
2.005434
2.000346
1.998561
2.012861
1.992791
1.992700
1.996119
1.996327
1.991193
2.002506
2.014262
2.002426
2.001601
2.001197
1.992221
2.015488
1.997530
2.014505
2.035321
1.978295
1.998421
1.991645
1.993589
2.000355
1.993479
1.991865
1.998823
2.006653
1.997701
1.997008
1.963816
1.969222
2.000211
2.002053
2.015799
2.018515
1.993608
1.978208
1.983172
1.982017
1.994742
1.986481
2.013159
1.990835
1.991873
2.006660
2.027307
2.060356
2.017217
2.013457
2.003602
2.015615
2.002379
1.989358
1.999085
1.961828
2.000686
2.011040
2.038553
2.025647
1.981701
1.970700
1.953553
1.975769
2.004836
2.012266
2.022929
2.015327
2.005242
2.013189
2.001516
1.986241
2.000411
2.003723
2.014534
1.964518
2.008004
1.997145
1.981573
1.976196
1.984561
1.996058
1.999560
2.000799
1.998823
1.996765
1.987947
1.984093
1.998439
1.991794
1.985125
1.975626
1.992132
1.997492
2.013439
2.011240
1.987598
1.979308
2.000456
2.012477
2.010068
2.004306
2.008632
2.003531
1.992895
1.997033
1.984709
1.989982
1.999795
1.998478
2.006611
2.009646
2.006331
1.996272
2.026384
2.027021
2.015052
2.009671
2.027132
1.984870
2.005447
2.014371
1.990411
1.979355
2.008013
2.011920
2.002356
1.983719
2.001393
1.999332
1.968577
2.003102
1.994604
1.993716
2.006454
2.025063
1.981843
1.978901
1.949832
1.947112
2.005722
2.002128
1.978357
1.982471
2.010697
2.007341
1.976656
2.009902
1.989648
1.991259
1.980118
2.004716
2.018797
2.014019
2.019505
2.023297
2.003420
2.005961
2.036029
2.005230
2.007917
2.010872
1.997767
1.993362
1.994660
1.999467
1.987626
1.957029
1.993844
2.002364
2.010137
1.997560
1.985717
1.978339
1.970642
1.957896
2.008876
2.009737
1.981277
1.978806
1.990397
1.984041
1.984154
1.971065
2.002407
2.010484
1.991147
2.026573
1.995359
1.999659
2.002278
1.991076
1.994565
2.004721
1.991451
1.999316
2.001893
2.001496
1.993753
1.986579
1.995991
1.982781
1.982648
1.998202
1.993023
1.992775
1.991497
1.997200
2.006840
2.009823
2.026703
1.984603
2.013586
2.007028
2.006483
2.005882
2.011243
1.988022
1.966678
1.982863
2.008611
1.999256
1.995624
1.977668
2.001421
2.011395
2.012644
2.008130
1.999920
1.986850
1.976288
1.972316
1.987166
1.992401
1.992090
1.996410
1.986640
1.995234
2.025075
2.013916
2.026078
2.020408
1.997901
2.011250
2.003176
2.006959
2.012383
2.006522
2.006698
2.001726
1.972154
1.952294
1.991249
1.995168
2.008480
2.005035
1.995099
2.002104
2.009187
2.022664
2.009355
1.996414
1.971131
1.978019
2.012125
2.004976
2.009169
2.011374
2.006961
1.998914
1.998269
2.012809
2.011836
2.012353
2.007005
2.000365
2.011567
2.003672
2.018054
1.976120
1.999124
2.000614
1.988374
1.996802
2.024514
2.032781
2.027857
2.031191
1.985686
1.984080
1.993375
2.000889
1.985112
1.997499
1.990384
2.033996
2.007434
2.016330
2.013521
2.019226
1.994951
2.003460
2.005119
1.972445
2.014760
2.021545
2.020412
2.016223
1.989976
1.993984
1.992714
1.965659
1.998180
1.974475
1.967149
1.973157
1.990232
1.995491
2.002973
2.009053
2.001990
2.002983
1.997274
2.016654
2.004836
2.016013
2.020971
1.996656
2.005539
1.998713
1.949651
1.992196
1.994229
1.990591
1.974513
1.980178
2.002707
2.008948
1.985113
1.981072
2.005064
1.999361
1.986985
1.971839
1.986372
1.999743
1.990182
1.981079
1.987523
1.999662
2.019789
2.003589
2.009628
2.010234
2.013419
2.014997
2.000096
2.005774
1.986781
1.987279
2.006784
2.007033
1.983798
1.984323
2.010503
2.020306
2.032682
1.990073
2.002853
2.001323
1.995012
1.968798
2.002120
2.003392
2.005376
1.982080
1.984567
1.984548
1.980000
1.986415
1.990167
1.981886
1.975108
1.970403
2.010121
2.011419
2.012240
1.967437
1.980863
1.984522
1.976728
1.982698
2.012475
2.015222
2.013753
2.022561
1.986305
1.979485
1.993206
2.003902
2.000954
1.997556
1.992681
1.985790
1.997219
1.996626
2.012911
2.001188
1.998241
1.994978
2.000148
2.003566
2.009069
2.003404
2.055838
2.040102
1.998238
1.998604
2.014823
2.005486
2.013604
2.010225
2.010802
2.019672
1.997182
2.003337
1.983876
2.008662
2.003460
2.008699
2.013818
2.021735
2.003882
2.010257
2.001112
2.022486
1.995576
1.998811
2.007982
1.999700
2.012662
2.008554
2.035850
2.007722
2.006063
2.009257
2.049055
2.028699
1.996383
2.007233
2.004848
2.031668
2.003292
2.002759
2.004638
1.977179
1.997171
2.004144
2.024573
2.018833
1.994820
2.002536
2.008944
2.034902
1.994829
1.994169
1.961801
1.962703
1.985538
1.993543
2.001795
2.022299
1.982348
1.964325
1.947457
1.961629
1.997823
1.999407
2.011824
2.004198
1.998323
2.008645
1.978314
2.000495
2.002966
1.989515
1.989302
2.001364
1.992156
1.993312
1.993970
1.973757
2.004880
2.000412
2.012517
2.011836
2.003031
2.011344
1.998193
2.007337
2.010886
2.002497
1.986592
1.992548
1.979172
1.964300
1.968718
2.003284
2.006153
2.013182
2.005747
1.986725
1.983298
1.981775
1.983434
2.003280
2.001284
1.994981
2.006784
1.997488
1.995416
2.002911
2.013384
2.008207
1.994388
1.983260
2.002539
1.984500
1.993879
1.985567
1.959777
1.985442
1.989398
1.995215
1.997056
1.956269
1.988073
1.976826
1.980186
1.980047
2.009308
2.007922
2.008186
1.996229
1.997234
2.003782
2.030540
2.036226
1.987791
1.993728
1.984865
1.996584
2.001637
1.998088
2.015056
1.997087
1.998357
1.996112
2.004988
2.027684
2.001228
2.002135
2.000434
1.971498
2.006096
2.014598
2.003174
1.999733
2.011857
2.016395
2.014760
1.989252
2.004036
2.005841
2.029558
2.019579
2.000371
2.005290
2.006421
1.994139
1.994956
1.991280
1.969107
1.987301
1.998127
2.006284
2.001879
1.983600
2.014007
2.016548
2.029278
2.037264
1.998002
1.996631
2.009603
1.963272
