1.993266
1.995005
1.987849
1.964953
1.996159
1.987678
2.014393
1.991796
2.006588
1.997917
2.005404
2.009114
1.985337
1.994096
1.996512
2.015835
2.007888
2.008958
1.976718
1.973652
2.004718
2.009895
2.009806
2.019716
1.981920
1.971524
1.954293
1.973388
1.994440
1.971415
1.976588
1.996447
2.009685
2.008386
2.000060
1.988695
2.005895
2.001702
2.013626
2.017371
1.993065
1.997784
1.989185
2.007723
1.985385
1.995744
1.993510
1.996834
1.991405
1.991816
1.995851
2.002209
2.001735
2.014950
2.016385
2.036209
1.996799
2.000132
1.971576
1.975607
2.002249
2.009307
2.023957
2.034551
2.009844
2.004066
2.009035
2.006936
1.984403
1.989529
1.975261
1.985736
2.014432
2.028439
2.020564
1.996352
2.011197
2.023581
1.986686
2.026994
2.004073
2.009439
2.039003
2.029072
2.006325
2.015090
1.992585
1.980896
1.997680
2.013232
1.991638
1.990221
1.991050
2.006429
1.983718
2.014685
2.001486
2.006803
2.001618
2.015956
1.983601
1.992543
1.971152
1.966366
2.004994
2.000899
1.972082
1.979776
1.993034
1.989480
2.000246
1.978104
2.013002
2.019103
2.021893
2.001472
1.993824
1.990566
1.984475
1.995625
2.015839
2.012965
2.011360
1.993782
2.008788
2.009734
1.998837
1.988482
1.998352
2.011191
2.006276
1.994507
2.011755
2.014343
1.993248
1.972152
1.979050
1.978057
1.963843
1.974181
1.997373
1.990140
2.012240
2.005024
1.989069
1.983281
1.984578
1.975744
2.000362
2.007016
2.010314
1.996392
1.977661
1.981707
1.980888
2.009008
1.999407
1.997518
1.979112
1.981529
1.996543
1.979502
1.988235
2.007348
1.997258
1.981780
1.982026
1.998627
2.004764
2.002331
2.010905
2.000465
1.992108
1.991673
2.000575
2.029619
2.017587
2.019526
2.030578
2.015181
1.975787
1.981534
1.975156
1.993893
2.007912
1.997529
1.998481
1.981242
1.982540
1.991834
1.957056
1.961249
2.016309
2.006496
2.033775
2.013102
1.981165
1.980776
1.982215
1.966504
1.995347
1.981030
1.975424
1.976425
2.024834
2.018819
1.997885
2.009496
1.994912
2.006573
1.968962
1.989163
2.010801
2.000715
1.989084
1.995514
1.985652
1.983682
2.003221
1.987507
2.006941
2.019316
2.005343
2.024404
2.009038
1.992727
1.967493
1.977357
1.988104
1.986301
1.992668
2.014154
1.997900
2.009009
1.986752
2.000630
1.997438
2.001086
1.988766
1.990246
2.002174
2.000399
1.995529
1.981251
1.999640
2.000708
1.989272
1.992893
2.007452
2.000650
2.008963
1.994769
2.005516
2.013030
2.016278
2.004173
1.977236
1.979825
1.972372
1.983532
1.999878
2.004229
1.986603
1.984294
1.995877
2.004656
1.999412
1.964236
1.985124
1.994480
1.979788
1.985937
2.002120
2.009420
2.013536
1.986475
1.992067
2.002071
2.026726
1.974689
1.999627
2.004468
1.994132
1.980432
2.000961
2.003374
1.998397
2.016541
2.007448
2.008665
2.042646
2.010739
2.001821
2.008019
2.020564
2.025409
2.006177
2.009213
2.000261
2.010428
1.998889
1.989246
1.987288
1.987714
2.004517
1.998144
1.990902
1.975248
2.008567
2.013677
2.002966
2.037812
1.999601
1.980869
1.961958
1.979494
2.002407
1.998467
2.013932
2.027522
2.007086
2.000446
1.993670
1.994423
2.007737
2.007995
1.981325
1.986428
1.994880
1.993510
1.980641
1.980053
1.992289
1.986897
1.996302
2.007720
1.993142
1.993953
1.945789
1.963928
1.994977
2.000823
2.001544
2.013481
1.988920
1.983311
1.979204
1.975869
2.006864
2.011811
2.032900
2.034123
1.980887
1.987662
1.987861
1.980434
1.990781
1.997230
2.027573
2.020134
2.009579
2.010950
2.011065
2.029618
2.003668
2.000089
1.998941
1.991251
1.994595
1.996628
1.948235
1.989405
1.999552
2.002556
2.000219
1.987879
1.992301
2.000939
1.995045
2.027732
1.996939
1.999731
1.986940
1.996401
2.012519
2.008020
2.006381
2.014405
2.004394
2.015146
2.044183
2.031664
2.012492
2.015627
2.021804
2.000844
2.000404
2.001115
2.013338
2.018126
2.004292
2.002525
2.009507
2.011148
2.012335
2.008600
2.035682
2.009165
1.988326
1.986439
1.989430
1.994577
1.994779
1.994140
1.985299
2.004664
2.006063
2.016046
2.054019
2.034399
2.000729
1.985778
1.995856
2.016209
1.994099
2.003808
2.010038
2.031843
2.003544
2.000470
1.965783
1.978514
1.987093
2.004596
1.990128
2.022843
1.987939
1.986864
1.993140
1.999363
2.001793
1.998620
1.987599
1.977940
1.999074
2.006363
1.975841
2.000830
1.991024
1.998837
1.976340
1.993110
1.999850
1.995503
2.010960
1.988337
1.995087
2.004062
2.006104
1.987410
2.006258
2.008669
2.012329
2.006788
2.010687
2.002014
1.988529
1.991589
2.009387
2.023040
2.044204
2.066153
1.992212
1.984941
1.975948
1.993633
2.000256
2.005688
2.003832
1.974592
2.004510
2.006556
2.016178
1.998581
1.992956
2.000702
2.010092
2.004566
1.990915
2.000375
1.987111
1.994914
1.978441
1.984259
1.996946
1.996407
1.998611
2.004980
2.008822
2.002433
1.997918
1.994583
2.015242
2.012925
2.008648
2.006926
2.008110
1.994051
2.006977
2.011952
2.023203
2.007153
1.983025
1.979431
1.952422
1.982196
2.004646
2.010594
1.995009
2.000371
1.994292
1.997330
2.001768
2.012096
2.003100
2.005796
2.002466
1.974197
2.007467
2.022711
2.041696
2.007463
2.006235
2.005442
1.987134
1.991290
2.001932
1.986728
1.979256
1.976940
1.982713
1.996795
2.005456
1.988957
1.996135
1.995166
1.971893
1.990206
2.016139
2.026375
2.049874
2.043365
2.007540
2.003078
1.994400
1.995167
1.999105
1.994883
2.005074
1.999225
1.999667
1.991849
2.024100
2.009432
1.993315
1.991285
1.994777
1.969541
1.992980
1.978814
1.986458
1.991942
1.996959
1.984707
1.929183
1.971996
1.988487
1.982195
2.004735
1.995293
2.002803
2.006029
1.989477
2.001268
1.995357
1.999353
1.992212
2.021180
1.992119
1.991127
1.986797
1.999150
1.984971
1.994869
1.986091
2.005493
1.991008
1.995004
1.999831
2.006187
1.987908
1.985072
1.989862
1.976586
1.992443
1.991530
1.984912
1.988458
2.017840
2.027087
2.036673
2.016200
1.995278
1.991430
1.994227
1.966074
2.009651
2.005072
1.988588
1.972162
1.996218
1.996843
1.988869
1.964228
2.007649
2.004931
2.012385
2.029536
2.000722
1.998159
2.000367
1.985966
2.004478
2.009911
2.017512
1.979627
2.005973
1.998669
2.001127
2.008945
2.000837
1.992011
1.991148
1.972727
1.994244
1.999767
2.000196
1.985131
1.992562
1.990884
1.953761
1.981723
2.010114
2.004769
2.020407
2.015312
1.983431
1.997933
2.002062
2.004415
1.984465
1.995110
1.993990
1.973875
2.001855
2.000420
1.989706
2.003794
1.975151
1.975743
1.975779
1.998710
1.989123
2.002438
1.994842
1.995775
1.997943
2.006531
2.010283
2.003611
1.989766
1.995039
1.990351
2.017417
2.000500
1.992356
1.996312
1.956700
1.985819
1.991863
2.004191
2.017457
1.987421
1.988732
1.982964
1.972235
1.991185
1.985230
2.002203
2.020432
2.024762
2.021238
2.006437
2.000855
2.004161
2.003840
1.992743
2.007647
2.007599
2.003751
1.986101
1.976128
2.001871
2.009210
1.990221
1.998396
1.980301
1.982709
1.989220
1.992227
1.995962
2.002575
2.008668
1.980283
1.987343
1.999207
1.982530
1.993492
2.004464
1.992182
2.013187
2.002560
1.993449
1.997363
2.008766
1.988294
1.992989
1.997977
2.004791
1.956908
2.006179
1.997386
1.995557
1.985380
2.004666
2.003802
2.034031
2.016046
1.993213
1.978360
1.974173
1.972680
2.017460
2.019713
2.031562
2.019983
1.985542
1.985980
1.972875
1.973283
2.006844
2.009062
2.014203
2.010667
2.011551
2.002812
2.021449
1.993154
1.992159
1.989108
1.977713
1.991650
2.017549
2.017026
2.011561
2.033654
1.990656
1.980824
2.016276
2.021193
1.998698
2.002799
2.007119
1.987508
1.996899
2.001346
2.026643
2.023696
1.986961
1.990556
1.975013
1.967955
1.996340
2.000232
1.979932
1.996656
2.001707
1.992499
2.010970
2.015619
1.995233
2.001058
1.993328
1.983054
2.016958
2.012095
2.026598
2.008969
1.995882
1.998836
1.997424
1.981815
1.998835
2.003688
1.992029
2.001349
1.993840
2.008339
2.000919
2.001150
1.994678
1.996233
1.992473
1.948067
2.012029
2.004637
1.980338
1.992096
2.005488
2.006399
2.010371
2.009028
1.996527
1.996730
2.002667
2.002142
1.993724
1.989821
1.992517
1.989033
2.014575
2.005596
2.015182
1.978068
2.017679
2.013454
2.020757
1.977771
2.014075
2.016615
2.045215
2.048589
1.997762
2.002487
2.005221
2.004923
2.003915
2.006665
2.007239
2.011369
2.000417
2.018314
2.039203
1.981506
2.010657
1.997222
1.998272
1.998807
2.006513
2.008620
1.990870
1.991531
2.014358
2.014112
2.021145
2.037420
1.985895
1.992197
2.002682
1.997866
1.995122
1.981333
1.988593
1.986435
1.999022
2.010513
2.020090
2.034863
1.997047
2.018659
2.011467
1.994542
1.988832
1.994613
2.022352
2.015176
2.018103
2.023881
2.018198
2.017780
1.999352
2.010405
2.030111
2.018511
2.001475
1.993932
1.985406
1.997862
1.995010
1.998318
2.035365
2.044083
2.009641
2.019911
2.012577
2.011568
2.003629
2.008525
1.992527
1.987366
2.002936
1.992462
1.978320
1.971572
1.982489
1.980320
2.001041
2.014162
1.998265
1.996332
1.999266
1.992293
1.991160
1.994035
1.992951
1.997130
2.001553
2.004419
2.046967
2.021061
1.987536
1.979752
2.001330
2.010753
2.006787
2.011232
2.014319
2.032279
1.994749
2.007331
2.029361
2.020269
1.994392
2.000091
2.004227
2.002615
1.996541
2.004108
2.008013
2.014221
2.016857
2.014211
2.028949
1.989595
1.996727
2.005067
2.000454
1.990702
1.994451
1.999547
2.008342
1.977828
2.011576
2.028585
2.029579
2.044359
2.006662
1.997688
2.010358
1.982267
1.982962
1.977590
1.947084
1.942528
1.994037
1.990813
2.015492
1.969956
2.005646
1.995908
1.987074
1.992128
2.004459
2.005715
1.972443
2.016867
2.001050
1.997572
1.975789
1.984971
2.002468
2.004561
2.033175
1.997105
1.992362
1.985745
1.981718
1.972456
1.987518
1.985976
1.995852
1.994571
1.996537
1.994672
2.008764
2.032767
2.006450
2.008207
2.029847
1.996836
2.007736
2.008795
1.987653
1.986269
1.996684
1.986283
1.970290
1.972595
2.016606
2.016453
2.026671
2.038433
1.996226
2.002372
2.027925
2.021549
2.005504
2.002605
2.003228
1.993819
2.004015
2.001110
1.989912
1.982648
2.003851
1.991378
1.982312
1.988021
1.994420
1.996837
2.021747
2.015079
2.002728
1.992532
1.994777
2.010168
1.990750
1.990020
2.000665
1.982483
2.009523
1.987477
1.962359
1.981081
1.997517
2.016380
2.009303
1.986800
2.031447
2.025339
2.041882
2.010066
2.015438
2.017897
2.021081
2.018888
2.000204
1.992566
2.001107
1.989443
1.984803
1.994651
2.024089
2.006684
2.002352
2.008590
1.995349
1.987566
2.014397
2.008100
2.022226
1.996511
1.993961
1.999745
1.999000
2.005120
1.995622
1.980391
1.955972
1.962758
1.992523
1.999706
2.005620
2.016451
2.016024
2.011987
2.013096
2.015500
2.002567
1.999167
2.011928
2.008615
2.006348
2.006785
2.001476
1.997359
2.003275
2.005827
1.999793
2.014049
2.010674
2.002720
2.013882
1.973045
2.006392
1.995623
1.980782
1.977507
1.997421
1.984326
1.990702
1.977304
2.002346
2.011240
2.056690
2.046437
1.988530
1.994847
1.996208
1.981350
2.009440
2.019245
2.011008
2.018044
1.998627
2.007829
1.998452
2.019391
1.987313
1.996759
1.994517
1.982422
1.989693
1.983700
1.992077
1.953109
2.005590
1.992105
2.011917
2.016681
1.987687
1.993163
2.003807
2.008912
1.998616
1.999014
2.019470
2.028402
2.012175
2.006650
2.012175
2.013131
2.007116
1.998568
2.014341
1.994312
2.006913
1.996342
1.977971
1.976271
1.998198
2.002103
1.970486
1.967756
2.004883
2.008503
2.012933
2.024081
2.001845
1.983123
1.992041
1.996004
1.979934
1.981532
1.987278
1.969961
2.005031
2.008662
2.002897
2.011653
2.000034
2.005044
1.987062
1.987800
1.997168
1.974614
1.949798
1.959151
1.988473
1.998894
1.992641
1.984016
1.991988
1.993679
1.984841
1.987824
1.998395
2.004736
1.990967
2.012250
1.984369
1.985979
1.977609
1.983349
2.010866
2.015834
2.031247
2.046347
1.990250
1.988118
1.998838
2.005909
1.989510
1.995379
1.999204
1.986556
1.999526
1.994313
2.014010
2.020911
1.989595
1.984550
2.000035
2.009213
2.004455
2.006397
2.015874
2.018404
1.992358
1.983881
2.006155
2.008204
2.015020
2.021582
2.025708
1.988764
2.000704
2.004143
1.970867
1.977205
1.998647
1.999258
2.010414
2.011452
1.994088
1.988690
2.020467
1.997252
1.979058
1.983917
1.962716
1.977481
2.016760
2.016002
2.015024
2.026737
1.985899
1.984389
1.980032
1.988640
1.997749
2.001611
2.011372
2.001507
2.002520
1.995467
1.955393
1.970130
1.992513
2.000415
1.995400
1.992890
2.006876
2.014582
2.008409
1.994593
2.004814
1.994014
1.971788
1.973979
2.000826
2.009238
2.031618
2.025118
1.999113
1.997952
1.982043
1.964105
2.011964
2.019296
2.031079
2.019887
2.002647
1.997655
2.018367
1.994347
1.990026
1.997321
1.989092
1.976491
1.999083
1.999542
2.009098
2.009293
2.006065
1.996888
2.041543
2.026260
1.995117
2.010280
1.995298
1.999419
2.002711
1.999931
1.999979
1.993571
2.003397
2.027043
2.013868
1.996752
2.005704
2.013705
2.002225
2.009230
2.008945
2.015059
2.037512
2.038578
1.999824
1.999078
1.985481
1.983589
2.010654
2.014733
2.015360
2.009485
1.997681
1.997738
1.982456
2.007227
2.002292
1.994563
2.009233
1.999511
2.006887
2.016983
2.010501
1.983667
2.003326
2.002664
2.025018
2.001932
2.004065
2.006845
1.999101
2.007500
1.997441
1.998109
1.985337
1.993900
1.986351
1.974064
1.974327
1.976202
1.993668
1.990647
1.985081
1.959322
2.007758
2.018104
2.003755
1.995399
1.998729
1.999362
1.979819
1.954880
2.015467
2.018961
2.012022
1.980625
1.999881
1.996290
2.000621
2.024380
2.000622
2.001374
1.986079
1.994310
2.009980
2.010613
1.982389
1.999964
1.986887
1.983930
1.995631
1.992832
1.987413
1.986516
1.985280
1.995872
1.998675
2.003969
2.004817
1.994989
2.002230
2.002037
1.989957
1.985645
2.018504
2.016747
2.042694
2.035152
1.985500
1.984953
2.007449
2.003347
2.019444
2.021438
2.037190
2.022651
2.004015
1.999289
1.990534
1.972762
2.003845
2.005283
2.009377
1.991709
2.010880
2.005344
2.015468
2.030136
2.000938
1.998393
1.991767
1.984655
2.001762
2.006031
1.979004
1.985484
2.013745
2.009509
1.987454
1.979632
1.994634
1.998984
2.035875
2.033082
1.993590
1.994956
2.001227
2.011455
2.009066
2.023653
2.029716
2.021783
2.016066
2.017734
2.032168
1.996247
1.994132
1.998495
1.992970
2.017080
2.000134
2.000899
1.974645
1.981027
2.007178
2.004246
2.007977
2.000985
1.987739
1.982212
1.995385
2.024294
2.002562
2.013901
2.016808
2.012164
2.010787
1.996220
1.995933
2.017146
1.999477
2.005084
2.008863
2.022800
1.989930
1.999261
2.017653
1.992350
1.990172
1.986090
2.007111
2.008596
1.996873
1.995072
2.018005
2.022539
1.998679
2.004956
2.033592
2.018649
2.006082
2.027087
2.024909
2.012163
2.009625
2.009774
2.024220
2.049763
1.990622
1.990588
1.980670
1.984358
2.021546
2.016865
2.028811
2.033866
2.009820
2.004747
1.990320
1.982646
2.022569
2.021812
1.995557
1.978516
1.991587
1.992921
1.996001
1.986187
2.001922
2.002432
2.024514
2.022957
1.983420
1.980517
1.984548
1.985365
2.010145
2.010801
2.033515
2.018272
1.991122
1.984524
1.960513
2.012707
1.994133
1.993207
2.000896
2.029475
1.997164
1.987008
1.999975
1.980061
1.995180
1.998653
2.002567
2.017532
2.018753
2.009770
1.995279
1.969477
2.006038
2.004443
2.005220
1.985606
2.014816
2.006966
1.970617
1.979692
1.989870
1.985158
1.978608
1.984762
2.003218
2.001651
2.006686
2.018818
