2.007561
2.016281
2.006830
1.999280
2.000668
2.008185
2.003651
1.989895
2.006557
2.007820
2.007687
2.036786
1.991727
1.991257
2.002732
2.030465
1.984958
1.977845
1.979180
1.969335
2.005205
2.005941
2.007219
2.024152
2.010741
2.009859
2.001923
2.007083
1.989346
1.971048
2.003673
2.008326
2.016344
2.007796
2.035070
2.011805
1.991025
1.983045
1.965981
1.963095
1.999158
2.019319
2.028541
2.024987
1.994201
1.999718
1.965861
1.958808
2.001843
2.002479
1.995697
2.011116
2.011130
2.001523
1.990099
1.995802
2.016934
2.012091
2.001088
2.016748
2.004482
2.012024
2.004572
1.988761
2.002266
1.999603
2.019802
2.043420
1.987494
1.995502
1.971214
1.991162
1.998215
2.008978
1.987319
2.000777
1.984633
1.983096
1.997098
2.007962
2.015057
2.014545
2.010485
2.005500
2.009516
2.005596
2.005846
1.985612
1.991714
1.992838
1.975956
1.998248
2.005378
2.012910
2.016295
2.005025
2.014826
2.036366
2.058784
2.028779
1.993000
1.986105
1.970786
1.961548
2.010772
2.007236
2.006329
1.994925
2.013379
2.006305
1.993257
2.000231
2.001476
2.008948
2.012268
1.986884
1.998764
2.000785
1.993243
2.012503
2.000441
2.003902
2.004981
2.007331
2.004340
2.005935
2.014144
2.016303
1.996674
1.992815
1.966767
1.994166
2.000336
2.005390
2.011137
2.021355
2.004514
2.011221
2.024071
2.044998
1.997994
1.994303
1.993983
1.986198
1.990844
1.996352
1.991334
1.991104
1.994602
2.002675
2.016528
2.017635
1.999262
1.980561
1.962072
1.979670
2.009895
2.001223
1.969502
1.981174
2.010447
1.999691
1.984438
2.011487
1.988250
1.993647
1.991207
1.984186
2.002742
2.006378
2.002967
1.980683
1.992263
1.986621
1.995200
2.007562
1.983918
1.986565
2.005361
2.020135
2.004357
1.995804
2.010783
2.017826
2.004611
2.000994
1.997667
2.002557
1.995667
1.985401
1.988836
1.992499
1.980812
1.987925
1.988713
1.981077
2.007691
2.008056
2.014104
2.010646
2.007439
2.018009
2.044805
1.997926
2.006974
2.007449
2.038122
2.029945
2.002090
1.990964
1.978395
1.979989
1.999449
2.002260
1.999969
1.987783
2.008546
2.007147
2.000275
1.977146
2.015146
2.017563
2.029630
1.990476
1.992872
1.987372
2.001246
2.027850
1.999087
2.002150
2.005041
2.000143
2.012428
2.015223
2.020828
2.000877
2.007357
2.011111
2.007521
2.018489
1.989004
1.978496
1.972412
1.994656
2.001280
1.996604
1.996062
1.992609
1.989323
2.002111
2.002151
1.985611
1.994890
1.994171
1.985839
2.004644
2.004129
1.999665
2.007862
1.994521
2.000379
2.006005
2.014474
2.013948
1.988194
1.983752
1.978556
1.973612
2.002798
1.993085
2.005307
2.003490
1.986539
2.004054
1.988955
2.022248
2.002758
1.984236
1.972420
1.984308
1.996955
1.998053
2.022644
2.006683
2.017268
2.018204
2.006253
2.026835
2.000802
2.002367
2.001931
1.992055
1.998841
1.993962
2.003733
1.983915
2.001738
2.006045
2.000656
2.028310
2.010920
2.013687
2.063291
2.050475
2.000104
1.994341
1.955769
1.961914
2.005370
2.008023
2.027842
2.006058
1.992198
1.985586
1.976495
1.994438
2.005714
2.007518
2.024017
2.020411
2.003158
2.016063
2.013388
2.012710
2.002021
1.995344
1.985349
1.973307
2.009328
2.012393
2.022410
2.009388
1.978489
1.984174
1.996945
1.996586
2.001839
1.993427
2.025836
2.004179
2.003334
1.993167
2.000174
2.006772
2.008392
2.005479
2.006729
1.983474
2.016231
2.027761
2.042741
2.048023
1.982715
1.979845
1.954969
1.988606
2.014579
2.018114
2.024637
2.017399
2.003161
1.994134
1.982655
2.005940
2.005029
2.002768
2.002719
1.994478
2.015792
2.010156
2.043350
1.998479
2.006065
2.005564
1.988383
1.991890
1.999577
1.998448
2.016220
2.055608
1.986525
1.986253
1.965428
1.972739
1.998032
1.986129
2.001385
1.979722
2.003938
2.006176
1.992666
1.948370
2.006226
2.001538
1.992498
1.997935
1.998420
1.999894
1.987528
2.001699
1.985091
1.979848
1.955973
1.972835
2.017383
2.015625
1.991581
2.011176
2.003281
1.996368
2.006294
1.998233
1.996788
1.984719
1.929452
1.973031
2.007554
2.008769
2.017155
1.992098
2.011698
2.003151
2.017121
2.030748
2.005322
1.995419
1.988238
1.989151
1.989722
1.988364
1.966956
1.967737
1.984818
1.994923
1.986303
2.005413
2.004857
1.997778
1.994537
2.000641
1.995667
2.011775
2.036913
2.023285
1.997311
2.004714
1.990106
2.008175
1.993913
1.979493
1.960067
1.998877
1.995077
1.991712
1.994073
1.965567
1.989990
1.980213
2.006515
2.008004
1.977167
1.975147
1.954058
1.960861
2.001645
2.005912
1.972594
1.982565
1.987215
2.002883
2.009494
2.011516
2.004616
2.010026
2.018409
1.979813
1.999829
1.991468
2.014747
2.007469
1.996225
2.007729
1.998893
1.996514
1.993845
1.994960
2.012690
2.028984
1.985912
1.978819
1.951677
1.957583
2.010404
2.004276
2.019925
2.014623
1.996900
2.000575
1.997549
1.997213
2.000569
1.998970
1.992577
2.013504
2.002868
2.003093
2.031804
2.032880
1.996195
2.004887
2.029491
2.025213
1.988907
2.002006
1.994333
1.995519
2.004170
2.005713
2.005662
1.985803
1.999163
2.010871
2.027681
2.007647
2.007906
1.999094
1.995058
2.003064
1.981216
1.973231
1.958240
1.960219
1.986991
1.988328
1.982249
1.972153
2.000290
1.988174
1.982211
1.979387
2.000510
2.017470
2.021933
2.019209
1.995207
1.992366
1.997426
2.008807
2.012771
2.017190
2.032018
2.037044
2.001250
2.008571
1.989587
1.998625
2.002891
1.995650
2.014122
1.997475
1.993710
1.994827
1.992379
1.964479
2.003621
1.999820
1.990976
1.988823
1.996142
1.988655
1.983027
1.992929
1.993616
1.998043
2.011947
1.989932
2.000584
2.010751
1.995057
1.989938
2.006315
2.011645
2.008345
2.015514
1.994432
2.007976
2.026365
2.019926
1.996641
2.007878
2.020101
1.996071
2.017398
2.019768
2.032158
2.020378
2.003447
1.998559
1.996608
1.985813
1.992037
1.997141
1.986079
2.005262
1.995163
1.990313
1.977503
1.971234
1.986722
1.985241
1.970791
1.973587
2.017498
2.017656
2.012031
2.034169
2.004687
1.994894
2.001335
2.000524
2.002481
2.007802
2.021219
2.024030
2.009828
2.019962
2.043817
2.041627
1.991737
1.987799
1.989934
1.994549
1.997046
2.000785
1.979637
2.000273
2.005031
2.020755
2.036509
2.022363
2.004423
2.009968
2.039309
2.030738
1.990484
1.991316
1.990811
1.973472
1.991124
2.005269
2.030706
2.040210
1.998786
2.003929
1.992600
2.002342
1.994844
1.992987
1.993372
2.016715
1.983371
1.992451
1.973289
1.970391
2.000088
2.014024
2.004381
1.994067
1.994349
1.994771
2.011327
2.016322
1.996822
1.997174
2.003284
2.002951
1.997581
1.992254
1.997770
2.018631
2.014894
2.012740
2.012122
1.993992
2.000755
2.007009
2.034768
2.003702
2.008015
2.012338
2.007762
1.999030
1.997780
2.002492
2.005187
2.005123
1.997944
1.993169
1.979134
1.974306
1.997035
1.991420
2.013932
2.004909
2.002570
1.993407
1.948002
1.954547
1.988250
1.977155
1.953363
1.955174
2.014655
2.014217
2.022088
2.038440
2.008111
2.025687
2.050756
2.020004
1.996092
1.979864
1.985638
2.007018
2.008872
2.003650
1.995541
2.022842
2.000693
2.003991
2.009150
2.013461
1.988476
1.993711
2.019901
2.013797
1.998188
1.994055
2.009499
1.980855
1.976864
1.982538
1.974161
1.993643
2.003539
2.019476
2.001881
2.003678
2.020257
2.008529
2.025494
2.017816
2.008525
2.019059
2.011429
2.010976
1.986334
1.983123
1.963799
1.963124
1.995192
1.979262
1.974642
1.976628
1.991847
1.988891
1.975291
1.972772
1.994957
1.986765
1.991745
1.999798
1.990742
1.993879
1.992099
1.998666
2.003379
2.018941
2.023786
2.013317
2.006458
2.018258
2.004310
2.023890
2.010670
2.005965
1.998721
2.011015
1.997307
1.995839
2.002716
2.028845
1.994080
1.999441
2.003613
2.000985
1.990852
1.991886
2.015476
2.011196
2.001647
2.000372
1.994893
1.983793
1.997270
1.994450
1.979408
1.978880
1.999340
2.005422
2.039468
2.008550
2.011961
2.029009
2.031405
2.045405
2.004994
2.009494
2.000226
1.989913
1.999012
2.002683
1.986220
1.983868
1.990261
1.999146
2.013649
1.996168
2.007571
2.012195
2.035413
2.042483
2.004296
2.005396
1.972714
2.017020
1.985842
1.963626
1.962001
1.989292
2.000287
2.004514
1.995678
1.981534
1.991662
1.987344
1.981464
1.978675
1.996847
2.004193
2.011126
1.993316
1.996209
1.992403
2.008264
2.031977
1.994581
1.986570
2.036659
2.029746
1.998272
1.989227
1.986575
1.987613
2.001104
1.989721
1.958026
1.983034
2.006146
2.009985
1.997898
1.997912
1.995988
2.002288
2.028189
2.021828
1.989191
1.993977
2.008608
2.037573
2.006397
1.999771
1.993537
1.996160
2.006559
2.003104
2.002145
2.010329
2.006968
1.996113
2.007119
1.981163
2.002630
1.991779
1.994806
2.011519
1.992598
1.989052
2.001292
1.985273
1.993842
1.999261
2.000131
2.010137
1.992303
1.996648
2.029037
1.997169
1.993044
1.986397
1.982141
1.987693
2.014733
2.017540
2.021389
2.018621
2.004643
1.988616
1.974263
1.986664
2.009307
2.009527
2.010837
2.027312
2.008277
2.018968
2.030855
2.012515
1.988917
1.984243
1.985861
1.982802
1.994765
2.000620
2.000160
2.005807
1.983994
1.987849
1.978568
1.960590
1.997063
1.998925
1.986928
1.997118
1.995639
2.000204
1.996697
2.002967
2.015070
2.024858
2.024795
2.018522
2.006217
2.006596
2.001207
1.996777
1.996365
1.983362
1.991575
2.005401
2.003045
2.000625
2.006598
2.007259
1.989646
1.986599
2.016059
2.018182
1.996663
1.999091
1.997688
1.982491
2.003146
2.012288
2.057446
2.046926
1.992650
2.007928
2.022623
2.004069
2.000924
1.985616
1.995052
2.015163
1.984510
1.980774
1.987902
2.009736
2.007694
2.014735
1.992316
1.974826
1.990594
1.984115
1.992631
1.952319
2.002983
1.993355
1.990728
2.001225
2.001953
1.998385
1.984359
1.969057
1.990404
1.983575
1.984684
1.992159
1.999270
2.006055
2.008394
2.007466
2.006835
1.998370
2.014182
1.992956
1.996430
1.992741
1.954847
1.945704
2.005361
2.008076
2.011480
2.006934
2.005742
2.019951
2.031129
2.001680
1.996361
1.995993
2.016711
1.993627
1.979993
1.981764
1.987398
1.970308
1.995841
1.988493
1.969421
1.991077
2.004265
2.006479
2.013299
1.999224
2.007293
2.007859
2.010429
2.015245
2.021568
2.022763
2.035076
2.023879
1.991918
1.993689
1.985273
1.988367
1.997958
1.987733
1.977450
1.980423
1.997412
1.993512
2.014039
2.011207
1.996647
1.997187
1.967806
1.978262
2.005337
2.012783
2.051367
2.064583
1.989087
1.994745
1.998939
1.987238
2.006796
2.007501
2.008470
2.005294
1.995961
1.998496
2.004197
2.013130
1.994872
1.999929
1.973914
1.968313
1.993107
1.989494
1.967987
1.959942
2.015243
2.021764
2.024924
1.988401
2.001248
1.999322
2.001566
1.974202
1.982277
1.995863
2.003956
1.987768
2.012394
2.016338
1.997698
1.995304
2.012548
2.019587
2.015688
1.977078
2.016833
2.016503
2.015655
2.028097
1.996846
2.000851
1.998501
2.015967
1.999564
1.991621
2.024655
2.009428
1.989115
1.976656
1.984632
1.974924
1.991734
1.994954
2.009090
2.011915
2.006352
2.014736
2.007494
1.994422
1.998412
2.001040
2.008087
1.993835
2.004225
2.007957
1.991479
2.005661
2.018494
2.010592
2.002788
2.006142
1.991500
1.980113
1.962533
1.973566
2.003172
1.998577
2.019850
1.994221
1.985473
1.982784
1.976777
1.987395
1.988736
1.985289
1.988810
1.976547
1.989722
1.980786
1.992868
1.984790
1.988441
1.982727
1.994269
2.020921
2.002679
2.000092
2.003709
1.998696
2.000440
2.009999
2.015168
1.994971
1.997216
1.997867
1.990993
1.963968
1.989768
1.995201
1.976497
1.996197
1.995754
2.000728
1.994690
1.973798
2.010547
2.014980
2.015024
2.009292
2.003396
1.999171
1.988210
2.004934
2.000034
1.991166
1.989965
1.974068
2.018633
2.025045
2.029390
2.034193
1.992526
1.997488
1.998023
1.986114
2.003519
2.005389
1.998742
2.005742
2.000690
2.002373
1.998899
2.020163
1.984755
1.995240
1.992775
1.973564
1.990474
1.980588
1.955871
1.992203
1.978784
1.975134
1.990349
2.004042
1.998712
1.999311
1.979618
1.955519
2.009504
2.025318
2.043090
2.013110
1.990691
1.995301
1.991214
2.019119
2.005232
2.016866
2.001012
2.014073
1.989210
1.984331
1.984806
1.979698
1.987410
1.984182
1.996235
1.992263
2.007260
1.998634
2.030109
2.007319
2.025339
2.021696
2.006180
2.000788
1.999862
2.004447
2.023883
1.998618
1.997656
2.001438
2.022304
2.016507
1.985366
1.985134
2.007266
2.002859
1.991059
2.002720
1.983062
1.978902
1.996553
2.002924
2.011093
1.981610
1.977174
1.969452
1.964902
1.993337
1.997121
1.995528
2.005851
1.988700
2.002756
1.999580
1.996379
1.991146
2.009980
2.014194
2.034611
2.027644
2.007144
1.999942
1.998679
1.987915
2.000764
2.012199
2.014541
2.012812
2.011157
2.008311
2.014201
2.019105
2.009646
2.023910
2.029925
2.022022
1.984993
1.992290
2.011231
2.031667
2.007865
2.010148
2.018161
2.013050
2.001393
1.998392
2.026114
2.015579
1.997411
1.984975
2.020617
2.019696
1.986997
1.981573
1.994376
2.023366
1.990016
1.998126
2.000514
1.990902
1.998823
2.003082
2.005277
1.985711
2.006183
2.013994
2.027320
2.008771
1.996160
1.990826
1.954911
1.958981
1.990443
1.986305
2.005638
2.009062
2.002292
2.003860
2.008628
2.011193
1.994834
2.000624
1.992010
1.982656
1.984656
1.976475
2.007178
2.003098
1.989603
2.000130
1.985324
1.988837
1.990511
1.991024
1.981604
1.985279
1.999236
2.003831
2.007678
2.011468
1.993903
1.995625
1.990349
1.946670
1.988477
1.979167
1.978918
1.986933
2.002843
2.012005
2.021903
1.994605
2.001748
2.002652
2.024707
2.023483
2.007830
2.010086
2.000953
2.017610
2.016402
2.007685
2.016746
1.974062
1.992294
1.991654
2.021499
2.022392
2.001360
2.011278
1.964943
1.968914
1.996349
1.986124
1.996946
1.980059
1.985940
2.020577
2.021056
2.005297
2.000765
2.018194
2.037334
1.981629
1.998115
1.998792
1.971181
1.984809
2.004396
2.005650
2.009738
2.022785
1.990351
1.985217
1.981165
1.992834
2.006370
2.006542
2.002729
1.972807
1.996559
1.983683
1.990972
1.988155
2.020603
2.014313
2.029292
2.028328
1.992732
2.001014
2.016500
2.025022
1.991582
1.999182
2.037712
2.047297
2.000093
1.994865
2.038010
2.039601
2.000566
2.012404
2.030364
2.019402
1.997796
1.994874
2.018200
2.007069
2.003897
1.998476
2.010448
1.998757
2.003194
1.996591
1.972402
1.988411
2.006797
2.001587
2.038402
2.017025
2.002895
1.991243
1.978144
1.970862
2.014263
2.016764
2.020954
1.989216
2.001333
1.997968
1.987808
1.993451
1.997508
1.985951
1.993484
1.998173
1.999098
1.993585
1.981225
2.006943
1.987678
1.980530
2.003200
2.012305
1.982750
1.981200
1.991202
1.994189
2.002800
2.001161
2.018320
2.022633
2.003627
1.994460
2.001555
2.002005
2.005921
2.019450
2.041241
2.040325
2.016631
2.012628
2.026797
1.986780
1.985096
1.992849
2.007418
2.011103
1.986012
1.966980
1.943410
1.960495
2.000972
2.004321
1.995347
2.020190
2.001649
1.999826
1.978395
1.978055
1.983733
1.977888
1.948208
1.943550
1.995132
1.991859
2.030325
2.022982
2.008527
2.028744
2.028529
2.023638
2.008661
1.998146
1.983003
2.004931
1.996316
2.006343
2.013758
1.989295
2.003736
2.005485
2.031985
1.997121
1.996352
1.998834
1.974116
1.967087
2.006935
2.018612
2.037553
2.009735
1.999891
2.012509
2.016618
2.015647
2.004906
1.998633
1.964771
1.968426
2.008673
2.011053
1.988503
1.986443
2.002848
2.001655
1.985387
1.981664
1.999222
1.994885
1.984607
1.987850
1.996220
1.992376
1.975474
1.984397
1.997893
1.993610
2.007256
1.997758
