-0.030227
3.363147
-0.002057
-0.228886
0.132656
0.365920
0.168616
-0.093120
0.193304
-0.993397
-0.108762
-0.323493
0.134745
0.326457
0.161812
-0.100091
0.025748
1.928758
-0.014722
-0.286609
0.216820
-1.634752
0.080292
-0.196035
-0.204334
5.827458
0.552437
0.332717
-0.060380
3.540052
0.052252
-0.164546
-0.206829
5.888980
0.551753
0.331821
-0.067232
3.796150
-0.043351
-0.304165
-0.117145
4.972567
0.266086
0.019993
0.086517
1.117377
-0.054407
-0.268401
0.026918
1.901729
-0.015687
-0.286855
0.084994
1.154152
-0.057331
-0.269319
-0.020836
2.792633
0.351064
0.083515
0.192111
-1.141312
0.188736
0.006008
-0.052480
3.664769
0.151651
-0.060774
-0.073499
3.916970
-0.027670
-0.290365
-0.049073
3.617549
0.150346
-0.061667
-0.106795
4.466387
0.383882
0.168850
-0.110645
4.563237
0.080433
-0.141920
-0.122842
4.720281
0.222306
-0.029961
-0.021701
2.799057
0.347175
0.079556
-0.111602
4.548880
0.222364
-0.027267
0.054920
1.758343
0.000007
-0.229679
0.046015
1.499123
0.349280
0.167097
-0.017326
3.059130
0.111328
-0.089394
-0.114398
4.588325
0.399338
0.185357
-0.013447
2.988104
0.109889
-0.091828
-0.073084
3.404717
0.258498
0.028957
-0.080320
3.286540
0.462688
0.219700
-0.166889
5.267631
0.421239
0.144090
0.053477
1.780095
0.005114
-0.221799
-0.174065
5.451241
0.406547
0.130552
0.198241
-1.079510
-0.096185
-0.309258
0.030837
1.417416
0.235705
0.002454
-0.018618
2.998756
0.241578
0.023438
-0.050659
3.038732
0.219440
-0.012439
-0.027747
3.187740
0.235169
0.016648
0.041969
1.763958
-0.058886
-0.283735
-0.026817
3.349647
-0.005262
-0.232625
0.139591
0.182389
0.186240
-0.072666
0.199899
-1.120050
-0.087572
-0.302780
0.150372
-0.000569
0.177528
-0.080226
0.023332
1.939348
-0.018027
-0.284490
0.207296
-1.392832
0.058914
-0.215914
-0.179049
5.382459
0.523638
0.306276
0.031006
1.956509
-0.047664
-0.269012
-0.168971
5.168563
0.526151
0.309978
-0.097123
4.380226
0.002442
-0.261281
-0.080075
4.266092
0.234211
-0.007717
0.104419
0.781043
-0.074447
-0.284726
0.012017
2.188033
-0.021602
-0.290302
0.106315
0.718194
-0.059722
-0.270835
-0.015565
2.694845
0.323347
0.055631
0.177071
-0.817482
0.193103
0.006399
-0.050502
3.611736
0.123329
-0.084498
-0.098991
4.409704
0.006372
-0.254453
-0.052601
3.654042
0.122497
-0.085283
-0.093049
4.121976
0.406426
0.201435
-0.110323
4.493717
0.128146
-0.098441
-0.094069
4.180733
0.219586
-0.032590
-0.017279
2.720866
0.311814
0.045636
-0.096015
4.253496
0.201485
-0.051619
0.055260
1.741214
0.014983
-0.210357
0.025246
1.988082
0.323671
0.139371
-0.017782
3.078593
0.113745
-0.086640
-0.096449
4.216458
0.405527
0.199762
-0.021801
3.176107
0.106842
-0.094254
-0.046694
2.952978
0.241243
0.009501
-0.099768
3.696395
0.443283
0.201840
-0.167633
5.392684
0.384340
0.104886
0.053804
1.755045
0.018173
-0.208142
-0.170608
5.458381
0.378981
0.100073
0.203768
-1.202854
-0.111441
-0.316514
0.026545
1.540668
0.241524
0.003652
-0.014171
2.938772
0.247343
0.026434
-0.042358
2.849686
0.248310
0.017694
-0.021944
3.078359
0.259582
0.038693
0.050272
1.452779
-0.021390
-0.236520
-0.026349
3.339323
0.005123
-0.219283
0.147312
0.037758
0.174719
-0.080575
0.194480
-1.018615
-0.096951
-0.311479
0.172555
-0.446488
0.172804
-0.077527
0.011814
2.165278
-0.026306
-0.293781
0.212123
-1.493613
0.046250
-0.228181
-0.167897
5.197372
0.500359
0.285750
0.046210
1.536420
-0.026749
-0.243498
-0.169736
5.247211
0.496354
0.280425
-0.099539
4.432319
-0.008041
-0.270017
-0.077599
4.279656
0.223482
-0.021092
0.099590
0.870292
-0.076858
-0.289378
0.009329
2.207440
-0.024544
-0.292605
0.097620
0.912593
-0.084724
-0.296736
-0.035493
3.052791
0.308431
0.040115
0.141887
-0.114767
0.192376
-0.029559
-0.054172
3.683173
0.127299
-0.076001
-0.094377
4.353592
-0.019030
-0.281754
-0.050540
3.599166
0.134665
-0.068008
-0.088982
4.121567
0.394150
0.188121
-0.118681
4.651355
0.109369
-0.116130
-0.097655
4.278784
0.223655
-0.026447
-0.032000
2.966311
0.320744
0.054008
-0.093756
4.214294
0.213538
-0.035727
0.055772
1.727557
0.011490
-0.215634
-0.002209
2.572812
0.306693
0.123857
-0.020194
3.137275
0.077618
-0.122308
-0.087037
4.081238
0.374968
0.172669
-0.023242
3.217482
0.073143
-0.127222
-0.047298
2.935469
0.258466
0.027335
-0.122994
4.032443
0.508228
0.270753
-0.157435
5.207532
0.380243
0.103188
0.055141
1.768741
-0.004418
-0.231014
-0.160031
5.291353
0.375359
0.097568
0.177719
-0.711323
-0.068336
-0.276783
0.039722
1.271701
0.244982
0.008538
-0.013631
2.899821
0.263701
0.043205
-0.052225
3.035301
0.267505
0.033501
-0.016601
2.966831
0.266400
0.046634
0.031026
1.748376
0.006789
-0.212472
-0.007577
2.933808
0.006972
-0.218288
0.170627
-0.452432
0.160320
-0.092098
0.176445
-0.681164
-0.074588
-0.280078
0.162260
-0.303378
0.173614
-0.079022
0.013365
2.108716
-0.000874
-0.273509
0.195675
-1.191182
0.063454
-0.209599
-0.161370
4.975895
0.525226
0.305022
0.032020
1.738773
0.006150
-0.211583
-0.175733
5.270800
0.535168
0.319065
-0.081817
4.154749
-0.047500
-0.312000
-0.090125
4.488486
0.222030
-0.024322
0.111504
0.629324
-0.099643
-0.308999
0.015514
2.062927
-0.013436
-0.288909
0.112361
0.584610
-0.085590
-0.293408
-0.050627
3.300660
0.341061
0.077471
0.136599
0.008460
0.192435
-0.030819
-0.090281
4.248545
0.215161
0.004648
-0.082604
4.173958
-0.051170
-0.315550
-0.047239
3.562676
0.124172
-0.077061
-0.074524
3.806354
0.395346
0.190115
-0.131582
4.997130
0.091943
-0.140083
-0.096646
4.174395
0.244942
-0.002111
-0.064471
3.608663
0.335803
0.070500
-0.097858
4.186614
0.250361
0.002907
0.047910
1.887536
0.004543
-0.227830
0.015677
2.222742
0.272123
0.090900
-0.021841
3.190841
0.062901
-0.136690
-0.080846
4.009612
0.366082
0.154982
-0.021261
3.180720
0.063117
-0.136071
-0.040002
2.816635
0.245173
0.018240
-0.090496
3.507686
0.460364
0.219665
-0.181925
5.724671
0.350031
0.082615
0.052620
1.804563
0.010494
-0.221062
-0.189175
5.900167
0.347373
0.080203
0.149864
-0.127008
-0.076466
-0.277317
0.067776
0.748354
0.221561
-0.007522
-0.036404
3.431240
0.254912
0.030991
-0.043154
2.869687
0.246490
0.018152
-0.032637
3.378042
0.241447
0.018984
0.042181
1.482380
0.025487
-0.192018
-0.011184
3.028358
0.011403
-0.217832
0.157427
-0.224582
0.177189
-0.079974
0.187438
-0.936945
-0.063043
-0.269020
0.156158
-0.186786
0.174242
-0.080465
0.001988
2.297627
0.010651
-0.266406
0.182455
-1.033024
0.097031
-0.177860
-0.173767
5.183008
0.552144
0.329422
0.033809
1.675409
0.015736
-0.202875
-0.167282
5.059015
0.558665
0.335193
-0.077841
4.087583
-0.071840
-0.334261
-0.087115
4.453439
0.218764
-0.025102
0.112938
0.514088
-0.097023
-0.307139
0.007640
2.216149
-0.010273
-0.284548
0.091827
0.934285
-0.086803
-0.300436
-0.078911
3.915080
0.333409
0.079235
0.147363
-0.201915
0.183673
-0.034585
-0.083525
4.011788
0.224659
0.019930
-0.083421
4.196695
-0.079026
-0.342977
-0.061066
3.570112
0.221439
0.016558
-0.061217
3.619662
0.339229
0.130829
-0.095427
4.377859
0.045009
-0.192772
-0.103685
4.271899
0.262858
0.016663
-0.064939
3.609620
0.345840
0.086517
-0.109490
4.378991
0.269159
0.022200
0.081160
1.208522
0.009805
-0.212346
-0.011904
2.760488
0.270803
0.085995
-0.031769
3.343389
0.099548
-0.106362
-0.053762
3.500121
0.336222
0.128190
-0.024939
3.173050
0.108678
-0.095742
-0.054597
3.132291
0.229200
0.002616
-0.062244
3.071509
0.474343
0.245506
-0.191005
5.866954
0.360927
0.090355
0.079301
1.194543
0.028245
-0.193523
-0.200907
6.080357
0.358577
0.085307
0.167955
-0.530064
-0.053887
-0.263319
0.092698
0.231481
0.205069
-0.028705
-0.021437
3.183319
0.251089
0.028750
-0.059133
3.222837
0.220962
-0.008303
-0.031057
3.368297
0.243744
0.020674
0.048300
1.333552
0.012096
-0.203140
