1.996240
2.007549
2.005601
2.008012
2.000068
2.021968
1.999044
2.013395
2.018158
2.032906
2.034227
2.036869
2.009938
2.000204
1.973010
2.003647
2.007126
2.013832
2.012475
2.017706
2.026467
1.994523
1.994680
1.975278
2.020117
2.017655
2.017283
2.014787
2.018004
2.007090
1.996385
1.990188
1.988899
2.014635
2.006278
1.993158
1.996372
2.006384
2.006627
2.000146
1.995215
2.008366
1.998770
2.010199
2.005682
2.020903
2.025897
2.035642
2.011021
2.002742
1.979148
2.008894
2.012891
2.019060
2.013123
2.020262
2.026737
1.994366
1.997688
1.981993
2.020278
2.017759
2.016396
2.012873
2.018139
2.006371
1.999240
1.994615
2.002624
2.025090
2.013810
1.999526
2.000240
2.014506
2.017488
2.021688
2.025056
2.009355
2.003489
2.017764
2.009346
2.020555
2.016361
1.990243
1.982222
1.985745
1.992710
1.995389
1.990843
1.992060
2.000608
2.017896
2.031566
2.052687
2.020721
1.985086
1.991584
1.994177
1.968283
1.979894
1.968952
1.970217
2.000228
2.012983
1.978821
2.007480
1.996354
1.987203
1.994108
2.004528
2.002634
2.013408
2.017985
1.998312
2.002195
2.012104
1.994915
1.998610
2.005535
1.985625
1.980108
1.982666
1.987741
1.992729
1.991421
1.989990
1.992732
2.008233
2.015232
2.035937
2.008242
1.976440
1.990856
1.990982
1.964174
1.980273
1.970653
1.976721
2.000228
2.012983
1.977900
2.004779
1.994459
1.984950
2.007460
2.013763
2.024432
1.998533
2.010830
2.027771
1.991862
2.005176
2.010702
2.010885
2.007318
2.027514
2.013695
2.015662
1.983336
1.977846
1.978154
1.971161
1.996674
2.008408
2.018408
2.045786
2.028428
1.996868
1.995860
1.996473
1.998136
1.991940
1.976582
2.003584
1.989362
1.995838
2.002257
1.991034
1.998488
1.987545
2.002358
2.012885
2.008259
1.989275
1.997526
2.013502
1.990893
2.005905
2.017547
2.021502
2.017638
2.035562
2.014461
2.014118
1.985856
1.979515
1.982681
1.976549
1.994724
2.006198
2.013544
2.043145
2.027587
2.002574
1.996644
1.997543
2.005287
1.997205
1.978256
2.002866
1.989049
1.994793
1.998528
1.986730
1.993730
1.984232
2.000422
2.001756
2.008350
2.019805
2.011872
2.002903
1.994813
1.993119
2.014995
1.985412
1.994046
1.988735
1.999448
2.002612
1.977718
1.999452
2.008880
2.014315
2.007410
2.014601
2.025124
2.026793
2.029380
1.998032
1.993424
1.981836
1.985591
1.994092
1.991164
2.007021
1.995768
1.996865
1.980129
1.988610
1.982409
1.975410
2.004196
2.006510
2.016634
2.016147
2.012736
2.008744
1.992664
1.990114
2.005920
1.973946
1.986656
1.989315
2.000377
2.002929
1.975336
1.999023
2.006999
2.009700
2.007909
2.014794
2.023845
2.024909
2.024583
1.995045
1.994099
1.982383
1.986028
1.992656
1.991328
2.006421
1.995301
1.996819
1.980895
1.988617
1.988067
1.982687
2.005506
2.010868
2.021999
2.030411
2.026630
2.024623
2.008659
1.995688
1.992470
1.997648
2.000941
2.003481
2.003515
2.002418
2.021757
1.999494
2.003696
2.003015
2.008941
1.994577
2.014064
1.998736
2.000401
2.010492
1.989129
1.986336
1.970013
1.997898
2.000456
1.993822
1.992114
1.991401
1.974162
2.006201
2.008735
2.014136
2.005580
2.014113
2.024696
2.040744
2.028047
2.027617
2.007279
1.993689
1.988738
1.995249
1.999563
2.012494
2.005006
2.005548
2.030084
2.007927
2.012577
2.013682
2.010453
1.996676
2.016458
1.999591
2.001322
2.013371
1.990036
1.987489
1.972962
2.001627
2.002482
1.995166
1.992113
1.990535
1.970833
2.005442
2.008125
2.013053
2.008713
2.000715
2.007611
2.008159
2.006322
2.002981
2.006096
2.005763
2.022522
2.051969
2.040276
2.010465
1.989216
1.990142
1.987468
1.980063
1.973810
1.959563
1.999199
2.000544
2.004354
1.970951
1.970940
1.971597
2.006656
2.001954
1.979913
1.988933
1.998692
2.009268
2.003073
1.989930
1.984756
1.974430
1.961897
1.978265
2.010952
2.001600
1.997839
2.006300
2.000382
1.990196
2.005853
2.003340
2.010155
2.043536
2.034586
2.012207
1.988824
1.991705
1.988095
1.989156
1.981986
1.970483
2.001319
2.004200
2.009716
1.970113
1.972161
1.976741
2.008106
2.003852
1.985812
1.991141
2.000052
2.005755
2.003440
1.990723
1.993406
1.985112
1.972264
1.988836
1.994472
1.999833
1.970070
2.001468
2.001063
1.978940
1.995645
1.990384
2.008338
2.003513
1.995665
1.981293
2.011138
2.013346
2.023660
2.014804
2.019980
2.010272
1.999515
1.998687
2.008623
2.009699
1.995006
2.000483
2.018937
2.015385
2.026126
2.043158
2.037444
2.006802
2.015300
2.011471
1.990944
1.980445
1.993730
1.943923
1.996605
2.003745
1.968824
2.005121
1.998759
1.976215
1.993998
1.989561
2.014962
2.014061
2.000811
1.987908
2.009622
2.010524
2.017668
2.009502
2.020827
2.019716
1.997810
1.996579
2.000973
2.004233
1.988589
1.995934
2.018878
2.014644
2.024319
2.043355
2.035715
2.000765
2.015300
2.011167
1.991127
1.979970
1.992903
1.942147
1.999034
2.007017
2.003876
1.988158
1.999558
2.003382
2.005280
2.005071
2.003336
1.999605
1.992461
1.985060
2.008829
2.013279
2.004248
2.005436
2.010750
2.012516
2.000932
2.006583
1.999740
1.988522
1.983266
1.988322
1.984468
1.974923
1.960829
1.989736
1.990133
1.987897
2.003067
2.000581
1.984194
1.989683
1.984485
1.989788
1.994336
2.003345
1.995078
1.978914
1.991702
1.989049
2.002328
2.002162
1.993725
1.993483
1.984845
1.979092
2.007352
2.010830
2.001085
2.006753
2.013891
2.017841
2.001133
2.007954
1.998168
1.995630
1.987176
1.988232
1.983946
1.974431
1.960070
1.989514
1.990983
1.989419
2.002409
1.999622
1.980457
1.984931
1.980734
1.979931
1.988148
1.984295
2.004138
2.018457
2.016586
1.992602
2.007787
2.017853
2.014989
2.027700
2.022557
2.011970
1.999694
1.994355
2.000845
1.981410
1.999029
2.006513
2.004056
2.009672
2.000352
2.008169
2.024601
2.018027
2.000529
2.013135
2.003578
2.005504
2.015121
1.979550
1.991031
1.984728
1.943310
1.954934
1.968219
1.976225
1.991060
1.989960
2.023301
2.023915
2.013219
1.998098
2.003282
2.012853
2.017162
2.039389
2.033465
2.028728
1.998847
1.991836
1.995432
1.982488
1.996034
1.992977
2.004411
2.011141
2.003366
2.012988
2.026771
2.018466
2.001401
2.015030
2.000962
1.994770
2.009051
1.983521
1.990776
1.984510
1.942567
1.957560
1.969740
1.975986
2.001016
2.004882
2.024675
2.008374
2.008953
1.980566
2.012306
2.014597
2.031320
2.015482
2.013717
2.048063
2.007608
2.008994
1.993041
1.965357
1.954687
1.958459
2.031146
2.030245
2.036324
2.027279
2.006854
1.970097
2.015898
2.027233
2.024968
2.023905
2.007320
1.992437
2.019021
2.015087
1.999269
1.984366
1.983139
2.004564
2.000015
2.003588
2.032988
2.021639
2.013552
1.976872
2.009263
2.012965
2.026444
2.008354
2.009583
2.045440
2.008597
2.009030
1.998118
1.972818
1.960773
1.965243
2.029284
2.025804
2.024187
2.020434
2.004493
1.973361
2.016014
2.027747
2.027079
2.028200
2.010091
1.994491
2.019095
2.015173
2.002134
1.989978
1.988211
2.007350
2.008803
2.013971
2.018191
2.031454
2.025120
2.049627
2.002341
2.005901
2.015322
1.983258
1.976720
1.998713
1.998446
2.001892
2.008428
1.998940
2.013829
2.011679
2.009784
2.006386
2.014044
2.025295
2.010967
2.005893
2.018240
2.017729
1.997231
1.996209
1.997991
1.993964
2.010440
2.003900
1.983107
2.019294
2.012265
1.989008
2.003409
2.006321
2.003924
2.013239
2.012437
2.048447
2.003944
2.008641
2.022217
2.003137
1.998489
2.013812
1.999568
2.004580
2.022964
2.012009
2.022871
2.020315
2.007823
2.004895
2.014035
2.020875
2.007646
1.994543
2.017594
2.017029
1.996388
1.996036
1.997497
1.988751
2.011098
2.003616
1.984947
2.019068
2.011940
1.988410
2.012206
2.013474
1.992438
2.013545
1.998308
1.989864
2.017027
1.999611
2.002380
2.025040
2.001694
1.985850
2.020696
2.034320
2.023530
2.015366
2.011859
2.024436
1.996540
1.992462
1.999353
1.976622
1.981546
1.997846
1.993046
1.999729
1.998183
2.007374
2.005335
2.005690
2.009121
1.999804
1.992147
2.006536
2.004516
1.997709
2.007717
2.008091
1.996130
2.007194
1.993143
1.996440
2.015792
1.999404
2.000073
2.016732
1.999662
1.980839
2.022361
2.036904
2.028847
2.017434
2.016233
2.025784
1.996062
1.992627
2.002075
1.974615
1.979475
1.997554
1.993046
1.999729
1.998241
2.006960
2.005922
2.006167
2.009241
1.998679
1.991581
2.006030
2.004958
1.999522
1.996427
2.005191
2.031442
1.994627
1.987021
1.994322
2.013828
1.998571
1.971639
1.974676
1.981191
1.983352
1.992708
1.995375
1.981825
1.973221
1.996890
1.998851
2.004220
2.013303
2.028098
2.022408
2.010868
1.997877
1.982144
1.988803
1.971270
1.992716
1.998814
2.015202
2.003324
2.004701
1.999567
1.990124
2.001911
2.005583
1.992297
2.003412
2.018644
1.987463
1.985829
2.005318
2.013667
1.998004
1.975656
1.975569
1.982415
1.980092
1.991479
1.993704
1.975069
1.957431
1.984825
1.987706
2.006882
2.015328
2.030275
2.027754
2.015561
2.002748
1.982224
1.989450
1.974515
1.995600
1.998873
2.007363
2.003248
2.004782
1.997494
1.991015
2.002603
2.006984
1.989804
1.991656
1.982633
1.987864
1.973523
1.984528
2.012640
2.023907
2.029499
2.024246
2.012733
2.017903
2.014751
2.023250
2.039687
2.032557
2.020877
2.019080
1.996296
2.016373
2.027315
2.010933
2.015360
2.032190
2.004968
1.996171
2.013641
2.017526
2.024100
2.036676
2.016352
2.016237
2.002795
2.010616
2.005546
2.000101
1.992254
1.993452
1.988242
1.984627
1.969131
1.985527
2.009282
2.018920
2.021151
2.024163
2.015908
2.020681
2.015501
2.024033
2.040478
2.036313
2.023917
2.024415
1.994003
2.014336
2.031797
2.014805
2.020361
2.035357
2.001704
1.991732
2.006074
2.013267
2.022552
2.038854
2.016343
2.016410
2.001449
2.010102
2.002690
1.999079
2.019443
2.015768
2.017855
1.992482
2.007064
2.034723
2.002596
2.006563
2.007977
2.038288
2.025408
2.035091
2.011912
2.026845
2.046474
2.029041
2.013484
1.987005
1.998975
1.997687
1.996555
2.013404
2.006815
2.024646
2.002441
2.017472
2.016725
2.015369
2.006294
2.018301
1.999537
2.004241
2.025941
2.029906
2.025572
2.010426
2.016174
2.009674
2.010122
1.992594
2.003387
2.027218
2.001616
2.004344
2.004048
2.033172
2.019452
2.027240
2.012911
2.028182
2.046822
2.031616
2.017611
1.987168
1.998110
1.997654
1.998274
2.013368
2.005055
2.019870
2.002670
2.018055
2.014529
2.014862
2.006698
2.017777
1.999625
2.005344
2.029431
2.028583
2.024786
2.012947
1.996563
2.007616
2.006300
2.007186
2.001284
2.023329
2.013828
2.017349
2.027801
1.972579
1.984929
2.000677
1.997172
1.999473
2.011530
2.002620
1.996093
2.015621
2.001842
1.997141
1.978227
1.993333
1.982871
1.993856
2.004349
2.009114
2.028982
2.011876
1.998373
1.978923
2.006523
2.019587
1.989068
1.991864
1.989664
1.996013
1.996448
2.006582
2.007213
1.999135
1.996440
2.010198
2.009300
2.011593
2.024074
1.981478
1.992705
2.017280
1.997448
1.999625
2.007114
2.003237
1.989537
2.008446
2.001156
1.996255
1.974921
1.993424
1.983093
1.992829
2.003175
2.005803
2.024163
2.010253
1.997032
1.978806
2.006745
2.021610
1.995624
1.998936
1.997506
2.002580
2.000736
2.013098
2.018073
2.022908
2.023387
2.008618
2.004784
1.999323
1.991008
1.979196
1.991356
2.002006
2.007119
1.992328
2.008684
1.994348
1.992810
1.981662
2.008778
2.006605
1.979485
1.989837
1.992640
1.960319
1.992017
1.989509
1.991634
1.987988
1.985345
1.976469
2.011628
2.010875
1.995474
1.971904
1.997036
2.007447
1.991990
1.999887
1.998908
2.012609
2.014607
1.993350
2.006752
2.003288
1.997186
1.989606
1.995369
1.997700
2.006514
1.993044
2.009139
1.995777
1.997710
1.983888
2.011022
2.009826
1.986714
1.994018
1.997394
1.965597
1.991675
1.988263
1.990540
1.988556
1.985572
1.978781
2.011628
2.010875
1.993378
1.967701
1.994330
2.003870
2.005606
2.012132
2.021350
1.996322
2.009642
2.025492
2.002590
2.009551
2.013845
2.008980
2.001912
2.005944
2.013745
2.013528
2.021248
2.035809
2.040874
2.004784
2.008691
1.994121
2.009525
2.015701
2.012730
2.013185
2.003032
2.007833
2.006512
2.006651
2.015435
2.035646
2.010970
2.001033
2.025483
1.997369
2.000819
2.014290
2.000981
2.011950
2.006539
1.987552
1.996402
2.013273
1.999066
2.004333
2.006076
2.013812
2.002952
2.008168
2.010264
2.008499
2.021137
2.037809
2.040929
2.000647
2.007302
1.991645
2.004679
2.010953
2.007850
2.010885
2.006793
2.012622
2.014805
2.020212
2.025051
2.042034
2.009552
1.996863
2.017018
1.992186
1.998734
2.013537
2.000389
2.001571
2.009098
2.019966
2.010920
2.001912
1.998810
1.996902
1.966564
1.987555
1.998035
1.994766
1.999051
2.002498
2.009312
1.994352
1.995500
1.977008
2.007434
2.001859
1.977908
1.953789
1.973611
1.985979
2.007126
2.013119
2.014201
1.991784
2.000372
1.997839
2.000908
2.011126
1.978744
1.990714
2.001969
2.033819
2.004164
2.006325
2.017382
2.016307
2.011785
2.007753
2.001185
2.003607
1.976519
1.991268
1.999161
1.997239
2.001222
2.004972
2.010607
2.003975
2.005882
1.982509
2.007848
2.001803
1.977843
1.948476
1.970649
1.984687
2.006191
2.011878
2.011799
1.990898
1.998952
2.000165
2.001328
2.012812
1.983264
1.995950
2.003346
2.033798
2.005681
2.011151
2.023343
2.030234
2.026017
2.025408
2.005477
2.016059
2.006683
2.009865
1.988386
1.960583
1.999320
2.006923
2.018941
2.024742
2.024184
2.025952
2.011711
2.016939
2.018421
2.011520
2.021541
2.011126
2.007130
1.999598
1.991701
1.984333
1.984356
1.984923
1.987202
1.995069
1.996943
2.027603
2.029390
2.045997
2.005755
2.014120
2.023744
2.039086
2.026682
2.026595
2.007370
2.019122
2.015508
2.021078
1.993704
1.968420
1.996914
2.003480
2.019483
2.019726
2.022895
2.025427
2.010284
2.014665
2.016698
2.008424
2.017542
2.008983
2.005526
1.997899
1.990174
1.982534
1.982304
1.984970
1.988575
1.996317
1.998129
2.032086
2.034333
2.044029
2.009419
2.001440
2.007237
2.007699
2.005888
2.002005
1.998820
2.006177
2.009719
1.993920
1.987972
1.975531
2.007313
2.012109
2.039053
2.011385
2.006080
2.014678
2.006993
2.015091
2.029166
2.037603
2.024765
2.015092
1.984992
1.991593
1.986553
1.990590
1.997834
2.009371
1.997267
2.009515
1.999399
2.007901
2.018211
2.023797
2.011657
2.002324
1.997362
2.005840
1.999897
1.989220
1.999302
2.005500
2.015990
2.000717
1.993580
1.991776
2.007551
2.010930
2.040375
2.007560
2.004115
2.011689
2.006025
2.013786
2.023231
2.044894
2.031532
2.016386
1.984798
1.991252
1.986706
1.992594
2.000527
2.011113
1.996601
2.009140
1.998988
2.008329
2.018401
2.023613
1.994926
1.999372
1.971508
2.002274
2.001980
1.979628
1.999093
2.007649
2.016131
2.007716
2.019337
2.016685
1.991284
1.985070
1.996890
2.012334
1.998303
1.979315
1.999517
1.986714
1.982681
1.985480
1.987451
2.002611
1.992238
2.003610
1.997153
2.000898
1.995629
1.987960
1.999560
2.006237
2.002342
2.022927
2.016067
1.999377
1.996944
2.003358
1.970262
2.006507
1.999696
1.976834
1.996440
2.005475
2.014408
2.002204
2.016890
2.018934
1.988996
1.982484
1.992702
2.004676
1.990814
1.972791
1.999093
1.985876
1.978841
1.972407
1.976190
1.986513
1.992819
2.004646
1.995633
1.996031
1.994108
1.987415
1.999921
2.006778
2.002069
2.022007
2.014736
1.997597
1.998970
2.006228
2.003328
1.988982
1.999481
2.003910
2.013921
2.020120
2.021754
2.023933
2.010674
2.016806
1.999636
1.988252
1.993405
2.009876
2.000044
2.017616
2.015687
2.029258
2.047817
2.030884
2.011101
2.001465
2.001670
2.008682
2.022464
2.008851
2.020971
2.015265
1.997984
2.013611
2.019311
1.998269
1.996702
1.976316
1.994271
2.002555
1.994530
1.979738
1.991617
1.989665
2.010289
2.016831
2.021489
2.016697
2.008160
2.014566
2.001912
1.993469
2.004881
2.022801
2.007757
2.018217
2.016381
2.030317
2.048174
2.029193
2.010542
2.000270
2.002687
2.009435
2.021220
2.007752
2.020159
2.013768
1.996985
2.012857
2.015041
1.995191
1.992481
1.973525
1.988340
1.984408
2.004974
2.019003
2.016706
1.993168
1.999219
1.997178
1.992858
2.026238
2.011467
2.008989
1.993105
1.990633
1.971258
1.979272
1.982375
1.979758
1.992467
1.993258
1.958799
1.981344
1.976727
1.961874
2.003022
1.996249
2.003695
2.008027
2.008306
2.023948
2.012697
2.018053
2.010107
2.016570
2.007570
2.006609
1.991252
1.990073
2.024137
2.024461
2.013339
1.998726
2.002166
2.000212
1.991641
2.020544
2.011254
2.009148
1.997099
1.996647
1.977857
1.988779
1.985354
1.982460
1.992548
1.994166
1.955955
1.977770
1.974809
1.963271
2.003580
1.996595
2.007022
2.014684
2.013130
2.026352
2.013219
2.018318
2.010994
2.015831
2.005917
2.006319
2.001150
2.005258
2.023319
2.007281
2.008401
1.981346
2.026897
2.024497
2.005886
2.005260
2.009675
1.985645
1.997495
2.012724
2.014399
1.990714
2.000676
2.013818
1.996136
2.009865
2.017210
2.003824
2.004569
2.012073
2.004107
2.007410
2.020304
2.001749
1.999771
1.994043
1.999183
2.004585
2.017965
1.981403
1.989429
2.007927
2.000149
2.003963
2.031631
2.020547
2.013131
1.977807
2.026947
2.021603
2.003289
2.006760
2.012965
1.987053
1.995406
2.009555
2.005736
1.991640
2.001976
2.019678
1.998456
2.012367
2.020486
2.002329
2.004669
2.015450
2.003664
2.007458
2.018627
2.001620
2.000798
1.992266
1.999414
2.005544
2.018014
1.981631
1.990067
2.008274
2.008568
2.013972
2.017562
2.029811
2.024239
2.048752
1.995279
2.003444
2.017151
1.980705
1.980522
2.005547
1.991309
1.999414
1.989414
1.995120
2.003610
1.995076
1.995027
2.005495
2.018166
2.037641
2.009290
1.997111
2.003265
1.997901
2.001846
1.972617
1.969768
1.985748
1.986404
1.998379
1.983938
1.989110
1.991920
1.992672
2.003595
2.006732
2.003362
2.011596
2.011555
2.047573
1.991752
2.001303
2.012774
1.974688
1.972773
1.995833
1.989663
1.997219
1.987288
1.984307
1.995131
1.987084
1.996120
2.006734
2.019831
2.036087
2.009257
1.995431
2.003710
1.998350
2.002811
1.973348
1.969304
1.984009
1.986613
1.998835
1.986470
1.999314
2.000053
1.998899
2.012281
2.013553
1.992857
2.013065
1.998059
1.990273
2.001893
1.992870
2.011127
2.038180
2.016638
2.011094
1.994769
2.001878
2.011210
2.005644
2.007078
2.022890
2.006954
2.010375
1.985655
1.996012
2.002268
1.987450
2.007612
2.005708
1.987988
1.979641
1.992497
2.000524
2.003053
2.007103
2.017072
2.006357
1.987265
1.979879
2.007792
2.008170
1.996549
2.006628
1.992894
1.996714
1.997401
1.988751
2.010392
2.034577
2.016910
2.006583
1.994446
2.000378
2.009099
2.003409
2.008038
2.024077
2.005642
2.008268
1.980989
1.988578
1.998535
1.986832
2.006605
2.005146
1.987252
1.981056
1.991003
2.000856
2.003163
2.007635
2.017239
2.004604
1.985501
1.980485
1.995520
2.004008
2.028267
1.991771
1.985377
1.993345
2.018200
2.020872
2.034070
2.020533
2.009442
2.005702
1.990204
1.996450
1.989384
1.984141
1.979742
1.966998
2.002798
2.006361
2.034595
2.026025
2.035245
2.029264
2.000165
1.999980
1.970784
1.973499
1.981371
1.996571
1.998014
1.986273
2.000159
1.969204
1.963887
1.961154
1.991389
2.002229
2.015469
1.984606
1.984017
2.004510
2.019937
2.022654
2.034061
2.024099
2.009667
1.995908
1.991419
2.000681
1.995371
1.990039
1.981165
1.976608
2.003440
2.006050
2.033719
2.023813
2.033998
2.028619
2.001499
2.001650
1.974708
1.979191
1.984961
2.000018
1.997915
1.986121
2.000511
1.968716
1.964526
1.961035
1.989786
1.991574
1.982375
1.988172
1.974036
1.984754
2.011686
2.019177
2.026134
2.033094
2.026787
2.020191
2.000044
2.004694
1.992707
1.990673
1.995384
1.986634
1.998196
1.991836
2.002019
2.012890
2.006859
2.026301
1.995836
1.998416
2.009436
2.025115
2.019046
2.035712
2.006765
2.016914
2.026964
2.034250
2.022701
2.004879
1.992237
1.993370
1.987984
1.984784
1.969556
1.985753
2.009810
2.014219
2.022181
2.033635
2.040608
2.037674
2.001075
2.005455
1.992054
1.996040
1.998790
1.984359
1.995551
1.990654
2.006480
2.013918
2.008165
2.027441
1.996067
1.999270
2.011337
2.024897
2.018638
2.036710
2.007280
2.018665
2.030277
2.041655
2.029196
2.007346
2.019167
2.015766
2.017598
1.990047
2.005178
2.034541
2.005058
2.000844
1.993109
1.982833
2.000161
2.003852
2.007606
2.021797
2.040543
2.014856
2.005188
2.007005
2.010898
2.027162
2.039026
2.029565
2.029507
2.023595
2.007617
2.021932
2.006820
2.002690
2.007759
2.026029
2.001158
1.995283
2.001681
2.002116
1.995084
2.011124
2.015433
2.008669
2.008541
1.987160
1.999175
2.025590
2.002964
2.000141
1.989400
1.979054
1.994067
1.998482
2.008833
2.023716
2.042395
2.014764
2.005646
2.003545
2.009673
2.026375
2.037278
2.025362
2.022846
2.022524
2.006721
2.020167
2.004022
2.000441
2.008890
2.028307
2.001201
1.995121
2.001279
1.998758
1.995218
2.013295
1.996098
2.007399
2.006414
2.009983
2.001225
2.022726
1.994661
1.995781
1.958571
1.978188
1.987800
2.012622
2.008389
2.028419
2.025930
2.041362
2.024712
2.017067
1.992830
2.002608
1.987661
2.000912
1.998645
2.004367
2.005427
2.018602
2.009779
2.026262
2.037903
1.994650
1.997895
2.001010
2.023013
2.028437
2.012028
2.001330
1.995735
2.006346
2.007345
2.001744
1.996282
2.009124
1.998686
2.001744
1.971720
1.993974
1.996815
2.019201
2.005104
2.022617
2.019746
2.039314
2.026192
2.022526
1.989187
2.000324
1.985756
1.990765
1.990280
2.000114
2.004564
2.017556
2.003868
2.026821
2.037670
1.999138
1.997895
2.000681
2.022337
2.026853
2.011366
2.001517
2.000139
2.014765
2.018059
2.021419
2.022501
2.006426
1.997861
2.011441
2.016976
2.031819
2.031994
2.035164
2.000534
2.009835
1.995854
2.012377
2.008373
2.011765
2.002525
2.010318
2.006477
2.000323
2.005518
2.011226
2.006045
2.020197
2.035329
2.032473
2.017594
2.019363
1.993183
1.997156
1.996063
1.990286
1.985020
1.985810
1.994008
2.004788
2.003206
2.013138
2.015244
1.994883
1.997587
2.008245
2.004500
2.019816
2.023844
2.034098
1.996449
2.003459
1.989673
2.005842
2.004950
2.009043
2.004781
2.013309
2.011120
2.003231
2.001406
2.015797
2.004829
2.019813
2.034184
2.034930
2.019182
2.020556
1.992871
1.996993
1.995437
1.990312
1.984257
1.985435
2.006103
2.013065
2.023270
1.999746
2.011339
2.027740
2.003460
2.018060
2.008932
2.018079
2.015025
1.986657
1.995783
2.001882
2.008272
1.975049
1.987148
1.984742
2.019486
2.026665
2.013291
1.972639
1.971740
1.971316
1.998346
2.008393
2.006690
2.019588
2.017416
2.036502
2.010862
2.003356
2.032796
2.010479
2.008743
2.001626
2.001168
2.012578
2.007695
1.989943
1.997310
2.013478
2.002165
2.012399
1.994501
1.996112
2.003921
1.985570
1.998267
2.004885
2.012390
1.976576
1.988969
1.986845
2.018246
2.026093
2.008169
1.969961
1.969452
1.971116
1.999563
2.011095
2.014549
2.020419
2.016063
2.035602
2.009357
2.001368
2.033713
2.014215
2.012115
2.001704
2.000132
2.001266
2.008421
2.019341
2.010401
2.001677
1.992133
2.005375
2.010070
2.009967
2.006972
2.028278
1.997813
2.003868
2.003290
2.004646
2.003817
1.990570
2.015864
2.001024
1.995837
1.982710
1.980755
1.975514
1.998577
1.999172
1.991593
2.004740
2.015760
2.004239
2.008142
2.017304
2.035701
2.004713
1.997365
2.000688
2.003906
2.006020
2.016756
2.015683
2.011234
2.007517
1.991164
2.006104
2.016915
2.020584
2.017291
2.036326
1.999174
2.006180
2.004499
1.997352
2.001368
1.988372
2.016898
2.002282
1.998583
1.985717
1.984381
1.978897
1.998493
1.998920
1.991639
2.007595
2.016320
2.003304
2.006816
2.016900
2.031623
2.002668
1.994692
1.999774
2.005453
2.011070
2.022944
2.030891
2.027035
2.024641
1.994230
1.991654
2.012256
1.981279
1.991696
1.986582
2.005412
1.993844
1.981067
1.969925
1.984859
1.996348
2.017851
2.013265
2.056917
2.042186
2.036993
2.030962
1.998525
2.012989
2.016604
2.016829
2.025198
2.024712
2.007922
2.012531
2.005875
1.984978
1.988548
1.998070
2.005527
2.014040
2.024565
2.040160
2.027745
2.025768
1.992081
1.988559
2.003180
1.969812
1.984221
1.987161
2.003198
1.995025
1.988935
1.976793
1.991851
1.994065
2.016597
2.014918
2.052985
2.044089
2.038391
2.034086
1.999105
2.013079
2.015149
2.018082
2.026395
2.025425
2.008604
2.013940
2.011843
1.993316
1.990720
1.997641
2.009099
2.001772
2.008224
2.008400
2.006795
2.000174
2.005661
1.990337
1.980754
1.989740
1.996231
2.002593
2.001916
1.996936
1.983305
1.979821
1.974560
1.993902
2.011633
2.018317
2.030048
2.014029
2.011287
2.011326
1.993931
1.988994
1.971050
1.977142
1.981861
1.986505
2.020546
2.026421
2.023633
2.009589
2.012642
1.994387
2.011338
2.002657
1.998245
2.006476
2.000562
1.987390
2.004666
1.988489
1.978159
1.988643
1.995117
2.009847
2.002425
1.997681
1.983483
1.975013
1.970327
1.990961
2.008050
2.012133
2.021872
2.000802
2.001315
2.007295
1.993020
1.988528
1.972721
1.978123
1.983159
1.984264
2.020439
2.026654
2.024546
2.009561
2.014153
1.995849
1.994801
1.999135
1.971462
2.002425
2.002397
1.980077
2.005947
2.005207
2.022700
2.051227
2.039808
2.011835
2.000896
2.003342
2.011690
2.005883
2.003552
1.985317
2.015984
2.018416
2.013151
2.035189
2.039351
2.035578
2.011015
2.020668
2.015929
2.021867
2.028614
2.008733
1.988174
1.995622
2.000435
1.998336
2.008366
2.010419
1.996819
2.003121
1.970216
2.006658
2.000113
1.977282
2.005704
2.002784
2.010333
2.042794
2.034118
2.013577
2.001900
2.005484
2.012612
2.000124
2.000341
1.988410
2.015038
2.018163
2.011414
2.033897
2.038452
2.035151
2.011229
2.018811
2.015318
2.019193
2.026897
2.011656
1.987502
1.994661
1.997492
1.998689
2.007975
2.008325
1.998766
2.005712
2.004271
1.989152
1.999779
2.003761
1.995353
1.989051
2.005912
2.000312
1.993783
1.979261
2.000618
2.006249
1.988387
2.002048
2.000071
1.991515
1.989031
1.990749
1.996605
1.967177
1.977036
1.978651
2.003588
1.999732
1.991532
2.001008
2.001268
2.006005
2.008333
2.024321
2.004663
1.981333
1.990454
2.003274
1.994068
2.002040
1.995474
1.980128
1.992039
1.989571
1.993706
1.988228
2.012536
2.010861
1.998929
1.985875
1.998666
2.003045
1.980433
1.992761
1.993491
1.982208
1.989307
1.990410
1.995307
1.968383
1.981879
1.985519
2.002237
1.997920
1.988684
2.001978
2.001464
2.005588
2.008529
2.024859
2.004436
1.983220
1.991329
2.005882
1.988437
1.984640
2.004195
2.018689
2.016704
1.992923
2.005238
2.004963
2.003515
1.998631
1.991049
1.984730
2.001831
2.000163
1.953936
1.965071
1.981049
1.986382
2.003189
1.993640
1.982449
1.955247
1.965520
1.995665
1.995435
1.995668
1.991613
1.992718
1.998139
2.027914
2.007700
2.012735
2.013360
2.024789
2.016454
2.008794
1.991349
1.990306
2.023358
2.024157
2.013452
1.998265
2.002286
2.002053
1.993904
1.992510
1.983433
1.978947
2.001762
1.999495
1.954046
1.969399
1.985096
1.992767
2.003146
1.992533
1.983534
1.953814
1.961126
1.990081
1.996315
1.995364
1.994401
1.995086
2.001791
2.028195
2.008143
2.013382
2.016420
2.027303
2.021144
2.010839
2.001246
2.005348
2.024116
2.007501
2.008340
1.981427
2.008006
2.017496
2.011965
2.018668
2.015342
2.005091
1.992132
2.002112
1.970113
1.972861
1.976993
1.970051
2.005910
2.011531
1.995849
2.010907
2.003528
2.014060
2.013299
2.011386
2.015802
1.994963
1.989946
1.976181
2.007206
2.017557
2.008778
2.005010
1.992689
1.979712
2.000245
2.004053
2.032429
2.020767
2.013039
1.977969
2.003500
2.012548
2.014037
2.030428
2.026282
2.021614
1.994263
2.006009
1.965884
1.977634
1.977323
1.968718
2.005083
2.011108
1.993568
2.007145
2.000076
2.012643
2.013576
2.011059
2.017790
1.997126
1.991858
1.978968
2.005767
2.014156
2.004692
2.002760
1.990585
1.978320
