1.996136
1.997608
2.005498
1.999813
1.985408
1.994053
1.974222
1.985498
1.992517
1.992599
1.975995
1.997860
2.018768
2.015339
2.004481
2.018015
1.999172
2.012444
2.027666
2.036672
1.997590
2.005263
2.029039
2.023305
2.002383
2.002787
2.016601
2.004986
2.011923
2.004414
1.991839
1.999296
2.004143
2.012138
1.998507
1.984416
1.994681
1.995884
2.024522
2.000358
1.998021
1.998677
2.005506
2.000863
2.010598
2.005028
2.016157
2.024440
1.999152
1.995228
1.963687
1.992339
1.998657
1.991975
1.986023
1.974137
2.004837
2.018582
2.020693
2.015273
2.003545
2.011091
2.001075
2.011163
2.004481
2.010591
2.020381
1.986412
1.993793
2.002971
2.010421
2.012319
2.001572
1.999004
2.006808
2.008376
1.997325
1.995425
1.992928
1.986464
2.003971
2.000219
2.012635
1.997619
1.997818
1.999219
2.009124
2.010723
2.004499
2.006967
2.005456
1.983057
2.001609
2.000805
1.968228
2.004529
1.998146
1.976180
2.000824
2.033543
1.988214
1.976795
1.973716
1.973315
1.994652
1.999998
1.999175
2.035978
1.994214
1.984950
1.989500
1.993655
1.989944
1.990534
1.979283
2.004925
2.007503
2.012376
2.002509
1.968906
1.999883
1.993741
1.997941
2.024967
1.996481
1.994364
1.961823
1.983133
2.002459
1.991267
1.979445
1.981538
1.994515
2.001523
2.008409
1.997685
1.999426
2.016550
2.005185
1.989891
2.000973
2.003997
2.009685
1.999558
1.997528
1.988138
1.978573
1.985578
1.999498
2.002132
2.004773
2.000347
1.995090
1.998621
2.002367
1.988437
1.993836
1.996388
1.974826
1.998065
2.006473
2.005230
2.003280
1.974309
1.999242
2.008014
2.005994
1.988002
1.989449
2.001949
2.003356
1.986430
2.006575
2.008707
2.026537
1.984528
2.005696
1.987889
2.005361
2.012454
2.014459
2.008480
1.988261
1.979178
2.010232
2.008657
2.002137
2.008174
2.004906
1.994987
2.006685
2.004421
1.998961
1.985584
1.973977
1.972750
2.008132
1.994206
2.003825
1.986698
1.994956
1.998929
1.997425
2.020482
1.993729
1.999968
1.968699
1.962664
2.001253
2.002900
2.002998
1.988888
2.006939
2.002319
1.973977
1.954591
1.995772
1.985415
1.998285
2.003691
2.009922
1.996231
1.992178
2.020168
2.000595
1.999498
2.017277
2.041247
2.006459
2.009131
2.032594
2.008025
2.007216
1.997972
1.994865
2.010589
1.998198
2.003648
2.011438
1.974316
1.998438
2.005334
2.031928
2.011537
2.009490
2.004763
2.008626
1.986451
2.009715
2.011995
2.020594
2.008133
1.987226
1.985169
1.993801
2.000593
2.012152
2.015427
2.008082
2.016813
2.012365
2.005187
1.994027
1.987723
2.011579
2.008473
2.004987
1.992999
2.015755
2.027278
2.040257
2.046124
1.990782
1.995704
1.993850
1.967505
2.002288
1.999176
2.002811
1.992196
2.012953
2.014181
2.037787
2.021015
2.003808
2.004833
2.014008
2.017933
2.014069
2.006491
2.037407
1.995933
2.006643
2.000603
1.950958
1.992577
1.996758
1.991228
1.996784
1.998190
2.018735
2.008097
1.994037
1.975228
1.990396
1.997254
1.990745
1.992722
2.004720
2.008342
1.993568
1.951150
1.987359
1.998781
2.018496
2.003311
1.981868
1.985259
1.988802
2.003697
2.009767
2.000998
2.010374
2.028835
1.989620
1.996142
1.992648
1.986729
2.003459
1.996474
2.006095
1.998955
2.003233
1.999700
1.995488
1.967798
2.016867
2.027158
2.016723
2.041393
2.008634
2.014145
1.974617
1.979902
2.006010
2.002099
2.000249
2.004919
1.988991
1.986410
1.969370
1.970804
1.981396
1.986801
1.978706
1.983206
1.986688
1.984165
1.965351
1.966843
1.999007
1.991365
1.957647
1.981724
2.007687
2.007864
2.041034
2.032293
1.994497
1.981330
1.962066
1.996249
1.996751
1.993604
1.997715
2.004315
2.005469
2.012488
2.018946
2.004647
1.998574
2.000086
1.997023
1.983620
1.992079
1.985536
1.997682
2.026795
1.988164
2.002565
2.009509
2.011933
2.003269
2.009046
2.016408
2.021858
2.005526
1.992357
1.993609
2.006610
1.992025
1.995406
2.005382
1.987132
2.000436
1.996034
1.997302
1.993531
1.984985
1.978684
1.950770
1.958571
1.995522
2.006086
2.005566
2.032521
1.989132
1.987365
2.006024
1.970215
1.988483
1.991336
1.974158
1.951673
1.989985
1.985723
1.975849
1.972860
1.996606
2.005435
2.028854
2.024093
1.985653
1.993780
2.001160
2.023022
1.974802
1.986685
1.962066
1.978778
2.023378
2.034258
2.033777
2.020630
2.016805
2.016378
2.007308
2.025036
1.981839
1.972965
1.956049
1.956355
1.991308
1.992455
1.990017
1.970698
2.023343
2.025168
2.062739
2.047847
2.005673
2.008872
2.004854
2.000744
1.999292
1.994356
1.957529
1.969036
2.012769
2.017331
2.031781
2.036370
2.005817
2.013590
2.004197
1.988033
2.002100
2.014937
2.003154
1.988555
2.009167
2.007192
1.968080
1.950018
2.001081
1.994527
1.986194
1.974831
1.995224
1.989867
1.983242
1.990138
1.993227
1.984618
1.961800
1.986072
1.997568
1.991374
1.988615
2.021395
1.998896
2.000648
1.963493
1.974053
2.009192
2.006674
2.007819
1.981086
1.996880
2.007777
2.020237
1.996015
1.988013
1.993205
1.982223
1.995119
2.001950
2.003160
2.020274
2.001064
2.012081
2.011948
2.042097
2.055398
2.005885
2.003345
2.002292
1.993581
1.987337
1.985854
1.971234
1.973499
2.012440
2.015311
2.013814
1.992023
1.987271
1.984603
1.984535
2.014462
1.997498
1.985193
1.994668
2.021512
1.997826
1.987175
1.999783
1.982763
1.990829
1.986641
1.989134
1.993065
2.014437
2.017304
2.029577
2.038432
2.003076
2.013788
2.010781
2.003922
1.993728
1.991988
2.006164
1.990627
2.016209
2.013736
1.985499
2.009460
1.993486
2.006384
2.026763
2.041237
1.983585
1.990191
1.973366
1.978549
1.994809
1.998003
1.996297
2.007637
2.001526
1.982774
1.984813
1.994401
2.005317
1.995700
1.989144
1.987411
1.994183
1.994699
2.011140
2.013186
2.017136
2.024707
2.019445
2.024235
2.005371
2.009219
2.009644
1.997514
1.990977
1.983645
2.003789
1.992770
1.998271
2.006227
1.988834
2.006798
2.008299
2.012598
2.006895
1.997883
1.999938
2.012013
2.023507
1.990174
2.008766
2.007909
2.028776
2.064549
2.014509
2.004917
1.990094
1.992574
2.002610
2.005988
1.975964
1.985015
1.988608
1.976720
1.952211
1.954983
2.001565
2.000099
2.010689
1.992318
1.982031
1.979065
1.967582
2.000596
2.006249
2.014777
2.004716
1.996387
1.991998
1.993159
2.011064
2.024709
2.000423
2.005228
2.009975
2.012924
1.996318
2.004386
1.990310
2.016830
1.998609
1.997591
1.996484
2.007274
2.002585
2.004864
2.005575
2.015367
2.001053
2.001176
2.030505
2.029314
2.019655
2.008616
2.024833
2.015282
2.008027
2.011466
2.002975
2.007286
1.973346
1.965690
1.915635
1.940410
2.000431
2.020543
2.028473
2.023902
2.007249
1.999369
1.994475
2.005056
1.994323
1.986385
1.992795
2.001727
1.975844
1.991845
1.956906
1.969089
1.999180
2.011730
2.011453
2.004303
2.006341
2.014429
2.012122
2.000299
1.993762
1.991910
2.000054
2.009382
1.997637
1.995488
2.002214
2.029464
1.998652
1.986160
1.980994
2.002612
2.004017
2.019389
2.015263
2.004592
2.013786
2.013556
2.007851
2.002019
2.004556
2.000765
1.993042
1.991423
1.999850
2.006279
2.041798
2.010004
2.004701
2.009939
2.008736
1.997368
2.014672
2.029719
2.046436
2.027941
1.994768
1.987753
1.968277
1.960904
1.993343
2.006513
2.026526
2.019581
2.007714
2.011245
2.034712
2.041123
1.996062
1.995951
2.001469
2.010932
2.010222
2.009776
2.007060
2.002552
2.000805
2.000449
1.998703
2.012352
1.994530
1.991545
1.980668
1.973405
1.995603
2.003796
2.010238
1.993109
1.998835
1.988058
1.976923
1.998735
2.003815
2.000966
1.988783
1.991151
1.998369
1.994081
1.994380
1.985192
2.009074
2.019553
2.043062
2.040341
2.005373
2.009575
1.997159
1.997052
1.996268
2.006809
2.001299
2.002650
2.005677
2.014988
2.048268
2.025052
2.009902
2.000391
1.990506
2.015265
1.990656
1.991982
1.987734
1.972205
2.007388
1.997167
2.009452
1.981669
2.013018
2.009705
2.039600
2.031016
2.003734
2.015800
2.022911
2.036818
2.003498
1.993335
2.007361
2.019084
2.002033
2.016309
2.006701
1.993312
1.992059
1.985523
1.981405
1.986046
2.008754
2.013892
1.995596
1.991363
1.990809
1.997091
1.971548
1.976849
2.006090
2.017222
2.049451
1.998702
2.000926
2.008946
2.037216
2.005329
1.988333
1.982518
1.984434
1.980268
2.009143
2.021250
2.035371
2.046523
2.010189
2.018038
2.021947
2.000050
2.016664
2.018833
2.027692
1.990739
2.002898
1.991232
1.946239
1.952949
2.014905
2.023737
2.022823
2.021079
1.997723
2.002172
1.989204
2.001966
2.002805
2.005130
1.994802
2.014227
1.989393
1.977117
1.970874
1.991265
2.009326
2.005553
1.998604
2.029160
1.996509
1.999364
1.999119
1.983338
2.001785
1.984206
1.965394
1.971768
1.990780
1.991352
2.013689
2.006512
2.001811
2.007166
2.013890
2.011967
2.004449
2.019060
2.005666
2.006541
2.008307
2.014985
1.993347
1.975485
2.001979
2.008701
1.975130
1.966618
1.995612
2.002584
2.004337
2.031881
1.995849
1.998720
2.021389
2.005047
1.991328
1.988239
1.972099
1.972966
1.998373
2.004943
2.007582
2.007334
1.996299
2.003002
1.957099
1.967039
1.992013
1.991977
2.013334
2.030673
2.009222
2.012187
2.057259
2.049854
2.010217
2.005347
1.998892
2.011603
1.995017
1.994583
2.013698
1.991621
1.990644
2.004839
1.995448
2.016552
1.997801
1.996649
1.995328
2.017003
2.003059
2.015042
2.011519
2.013929
1.996844
1.995123
1.973366
1.977146
2.022742
2.024001
2.038621
2.025981
2.003345
2.011783
2.032782
1.998778
1.991841
1.998785
1.970490
1.987907
2.003455
1.992768
1.996844
2.005533
1.990935
1.999690
2.015650
1.996676
2.004968
2.012632
2.049267
2.063417
2.009861
2.012954
2.016324
2.027331
1.982112
1.984065
1.966814
1.978312
2.000192
1.986892
1.972925
1.997362
1.991143
1.985973
1.983432
1.982218
1.992559
1.990028
1.968866
1.958004
2.004973
2.009470
2.015598
1.992655
2.001408
2.011632
2.013902
2.014595
1.985471
1.984006
1.966685
1.971897
2.000501
1.987951
1.956350
1.983317
2.014218
2.022321
2.022586
1.981203
1.979395
1.991620
1.982831
1.996977
1.991929
2.004265
2.009670
1.985409
1.984198
1.979229
1.955761
1.968947
2.005167
2.002275
1.999162
2.007677
1.992978
1.995562
2.010514
2.014310
2.002980
2.012124
2.026320
2.044573
2.017904
2.020416
2.027598
2.004721
2.010720
2.002283
2.015264
2.024926
1.996325
1.999633
2.032107
1.996083
1.990062
1.978266
1.958160
1.971448
1.990015
1.978691
1.976684
2.009201
1.994029
1.995707
1.992011
1.994284
1.994583
2.011968
2.038319
2.024792
2.007567
2.017371
2.028949
2.008874
1.988485
1.983232
1.994909
2.021736
2.010701
2.013330
2.013467
2.009837
2.022007
2.029102
2.041493
2.011984
1.975479
1.974052
1.954567
1.964908
1.996356
2.000199
1.999226
2.004609
1.997113
2.001214
1.997693
1.978785
1.983272
1.978217
1.948468
1.949201
1.997985
1.993339
1.998252
1.964888
1.996247
2.007374
1.999869
1.998323
1.989186
1.986968
2.015915
2.016823
1.992193
1.997632
1.996315
1.985063
2.007133
2.016389
2.001561
2.005147
1.993642
2.004631
2.000462
2.008516
2.000328
1.998630
1.992439
2.013026
1.984789
1.980973
1.987151
2.007151
1.978248
1.975167
1.991822
2.004874
2.004904
2.005991
2.029204
2.014613
1.993355
1.993820
1.989065
1.990768
2.000169
2.010633
2.026535
2.009062
1.992177
1.985363
1.986477
1.993210
1.990380
1.985641
1.986674
1.980558
2.005021
2.006715
2.021104
2.004613
2.003633
1.988950
1.988251
1.994046
2.000943
2.020088
2.029458
2.023156
2.007077
2.021244
2.030366
2.002633
1.996990
1.999765
2.021031
2.015753
2.004503
2.013374
2.020472
2.027580
1.997119
1.997980
1.988903
1.995561
1.994275
1.995142
1.994318
1.965934
2.008122
2.008485
2.013855
2.019179
1.996976
1.995039
2.004784
1.987397
2.001050
1.989909
1.972134
1.988373
1.988679
1.988780
1.998978
1.977635
2.007982
2.012619
2.012129
2.019042
1.997987
1.999000
1.971310
1.979931
2.009757
2.007229
2.009741
2.014830
1.994491
1.989830
1.988729
1.973743
1.994630
2.002155
2.004762
2.015612
1.993835
1.996669
1.988133
2.008041
1.992766
1.997753
1.972803
1.967845
1.996960
1.983897
2.020496
2.017380
2.021062
2.016426
2.021344
2.031719
2.020228
2.019179
1.976526
1.972612
2.001568
2.007805
2.020242
2.014933
2.012954
2.017611
1.996538
1.990955
1.994569
1.988020
1.951032
1.955645
1.986306
1.990514
2.012785
2.014448
1.986480
1.983685
1.985899
2.004465
2.004209
2.009193
2.033995
2.029619
1.988902
1.978046
1.983708
1.977648
1.989610
2.000294
1.983957
1.986416
1.993353
1.991366
2.004926
2.013513
1.998718
1.985731
1.985442
1.983055
1.983972
1.992039
1.974937
1.970157
2.018249
2.010856
2.004519
2.007055
2.004018
2.012822
2.025125
1.997924
2.007263
1.997515
2.019144
2.050116
2.003194
1.997326
2.013376
2.019518
2.015993
2.013255
2.014568
1.993513
1.991610
1.980886
1.993699
1.985435
2.003607
2.013484
1.968152
1.971727
2.001382
1.997240
2.004798
1.979272
2.003445
1.996594
2.021481
2.005256
1.999567
1.993140
2.013650
2.004750
1.988959
1.996944
1.978718
1.995831
2.004281
2.005277
2.010592
2.024250
2.001601
1.989646
1.962883
1.979569
2.011315
2.028188
2.040165
2.029320
1.995296
1.977569
1.986897
2.004779
2.020437
2.027296
2.032862
2.036574
1.992313
2.000642
2.013911
2.023421
2.001587
2.006128
1.989226
2.010562
1.985460
1.988727
2.018812
1.985451
1.976143
1.983163
1.974500
1.994777
1.990465
1.980777
1.956414
1.996065
2.004570
1.999016
2.010595
1.996808
1.993571
1.993775
1.983709
2.002992
2.019097
2.020944
2.030988
2.018040
1.996560
1.983280
1.979359
1.979590
2.004697
2.016120
2.001062
2.015517
2.001996
1.998316
1.988283
1.994510
2.001323
2.006560
1.994346
2.016102
2.015711
2.032258
2.045590
2.025977
2.008011
2.018555
2.007870
2.030629
1.999199
2.003197
2.018657
1.992787
2.002131
2.000406
2.017535
2.022837
1.982829
1.980279
1.995357
1.938382
1.994214
1.992366
1.985491
1.996253
2.001177
1.999615
1.996513
1.988076
1.977686
1.971711
1.968608
1.998429
1.985307
1.967186
1.942985
1.962033
2.004233
1.995458
1.981709
1.992580
1.991837
1.991491
1.983760
2.010713
1.999523
2.002036
1.990130
1.986825
1.999627
2.011794
2.015164
2.011895
2.009758
2.029647
2.031189
2.024833
1.999149
1.996535
2.017482
2.006009
1.978658
1.970740
1.969703
1.985188
2.001202
2.003606
1.996166
1.981365
2.002086
1.998308
2.025143
2.016156
2.007108
2.017678
2.038094
2.013155
1.988298
1.994190
1.962142
1.998971
2.003035
2.003716
2.016986
1.986072
1.996066
1.986309
1.984279
1.987769
2.007351
2.015745
2.030562
2.009655
1.998662
1.994386
1.984973
1.987753
1.992146
1.997937
2.012938
2.025428
1.994139
1.990100
1.994771
1.990615
2.005680
1.999527
1.993502
1.993128
1.984727
1.976517
2.004949
2.002670
1.992842
1.993963
2.001489
2.012737
1.994755
2.013135
2.020265
1.990948
1.993580
1.988400
1.990773
1.992872
1.991596
1.997578
1.997784
2.009420
1.987841
1.978514
1.980317
1.986533
1.990574
2.010857
2.034704
1.989622
2.000019
1.995481
1.995615
1.984388
1.995424
1.999734
1.983425
1.986951
2.008459
2.011005
2.011222
2.030121
1.993245
1.992715
2.021907
2.023560
1.990503
1.991370
2.032655
1.965682
1.989602
1.976697
1.980011
1.967439
1.998672
2.000175
1.978506
1.989850
1.999555
2.003931
1.991982
2.000382
1.995894
1.996277
1.969214
1.991434
2.000953
2.011594
2.002570
1.996811
2.001421
2.020215
2.005425
1.993525
1.989229
1.987145
1.975248
1.991556
