2.002719
1.996465
2.009523
1.997096
1.975882
1.968439
1.964050
1.996453
1.996909
1.999386
1.998033
1.984550
2.011743
2.029292
2.031404
2.044747
1.998506
1.994009
2.009217
1.980250
1.989728
1.977555
1.979444
1.981862
2.000035
2.011910
2.015486
2.017232
2.007530
2.013779
1.988182
1.970823
2.004786
2.004945
1.972792
2.018305
1.986424
1.982253
1.962239
1.965256
1.999139
1.996420
2.002959
2.026393
2.001697
1.999089
2.025955
2.010049
2.000934
2.008428
2.011865
2.011119
1.994873
1.992580
2.007969
2.030400
2.003664
2.019640
2.024007
2.013918
2.001477
2.007129
2.009634
1.994253
2.005849
2.012425
2.025740
2.005851
1.995610
1.995802
2.016773
1.994219
1.995656
2.002368
2.027179
2.020989
1.991527
1.990414
2.015294
2.010821
2.006215
2.000454
1.993424
1.975024
1.984577
1.977271
2.006632
1.999803
2.021788
2.022336
2.035111
2.024608
2.003049
1.992307
1.994760
2.010831
2.005069
2.009377
1.998557
1.990346
2.011701
2.009120
1.985256
1.977833
1.989029
1.979632
1.982899
1.988530
2.005783
2.013106
2.051460
2.064832
2.015026
2.017194
2.021559
2.019283
1.985956
1.963592
1.961355
1.988965
1.995455
2.000416
1.990176
2.018425
1.991084
1.990280
2.019328
2.020226
1.994952
1.991027
1.970373
1.960834
1.993534
1.999344
1.998560
2.005739
1.993762
1.985607
2.035534
2.029574
2.010223
1.994300
1.989363
2.017055
1.996624
1.996396
1.969296
1.990685
2.014114
2.021987
2.017284
1.978449
2.006229
2.006688
2.001312
1.997325
1.989355
1.993310
2.008444
2.039675
1.997305
2.004067
2.031291
2.015140
2.020926
2.012681
2.025843
2.027287
1.991919
1.996466
2.011013
2.015326
2.003282
2.012308
2.057685
2.046272
1.992176
1.989055
2.000192
1.983441
2.008994
2.004135
1.988840
1.987376
1.997744
1.995271
2.018491
2.006645
1.991118
1.980490
1.963191
1.975438
1.990957
1.984784
1.991432
1.953357
2.005387
1.988695
1.974185
1.987785
2.010692
2.012412
2.032678
2.018786
2.013709
2.016103
2.020042
1.989057
1.987932
1.982643
1.994037
2.026354
2.007349
1.998945
2.014708
1.993426
1.982957
1.986432
1.976301
1.958724
2.018182
2.009775
1.993215
1.969279
1.983395
1.982828
1.993555
1.993815
1.997458
2.002284
1.995297
1.976290
1.979423
1.981159
1.986565
1.969120
1.996227
1.983186
1.993323
2.006551
2.009145
2.000441
2.006828
2.022472
1.985216
1.992265
2.006795
2.011704
1.992903
1.996759
1.999629
1.988850
1.991743
1.993005
1.984778
1.987139
1.992347
2.006938
2.020433
2.001431
2.006963
2.011859
1.976615
1.981843
1.995904
1.992905
2.034461
2.020237
1.978631
1.974725
1.990553
2.006595
1.989413
1.995181
2.000014
1.988046
2.002792
1.992635
1.990108
2.000678
2.002129
1.994893
1.957557
1.975117
1.994752
1.997481
1.974646
1.965167
1.989815
1.984867
1.987277
1.981305
2.016039
2.022113
2.026305
1.987705
1.996238
1.994302
1.954679
1.946726
1.996101
1.996149
1.995958
1.981845
2.004111
2.004287
1.986769
1.981785
1.997813
2.001244
2.020521
2.018122
2.016991
2.016616
2.015623
2.026911
1.996094
1.987838
1.967806
1.990662
1.996038
1.999731
2.011495
1.996633
2.006276
2.006064
2.017701
2.028655
1.996112
1.992994
2.003532
1.987139
2.005922
2.014757
2.009350
1.995498
1.997987
1.988519
1.979261
1.984222
1.990064
1.992166
1.989444
1.959247
1.994416
1.993279
1.989242
1.997312
2.012206
2.009586
2.015561
2.018314
2.002307
1.996872
2.017375
1.993067
2.005750
2.007230
2.007300
2.004855
2.020348
2.030078
2.035421
2.023936
2.014221
2.002912
1.980684
1.975074
1.997765
1.984708
2.021022
2.018425
2.003046
2.000179
2.002593
1.998094
2.000890
1.998928
2.003837
1.976763
2.004100
2.006690
2.006823
2.006272
1.999330
1.997227
2.003823
2.002860
1.997551
1.991688
1.957755
1.960963
2.011678
2.016476
2.015366
2.010124
1.996200
2.001284
2.001679
2.015683
2.012015
2.011890
1.973784
1.951914
2.004698
2.024585
2.051923
2.026217
1.988681
1.999363
1.986653
1.982483
2.002667
2.004414
1.993576
2.002863
2.000724
2.002217
2.011557
1.994303
1.998276
2.000204
1.953710
1.973193
2.004129
2.018984
2.012817
1.997349
2.002776
2.012734
2.025571
1.996510
1.998013
1.998688
1.978071
1.953871
1.985388
1.982627
1.977721
1.987472
2.010029
2.010349
2.042214
2.055761
2.002677
1.993200
1.959665
1.971397
2.000571
2.010033
1.962942
1.967382
1.987957
1.984899
1.995930
1.992633
2.000514
2.010391
2.015080
1.995279
2.001977
1.990326
1.999540
2.022317
2.022189
2.024824
2.027800
2.016185
2.002729
2.005358
2.010588
2.021844
1.985439
1.984541
2.006544
2.003097
2.003435
1.998389
1.987713
2.005156
1.991975
1.989584
1.998955
1.988994
1.999566
2.009272
2.006086
2.017110
1.993976
2.001896
2.016606
2.020657
2.001714
1.998829
1.996317
1.991155
2.000930
2.002812
1.998931
2.020518
1.999359
1.983091
1.978841
1.993658
1.989952
1.974176
1.967774
1.956328
2.004683
2.000566
2.012974
2.001147
2.009028
2.023867
2.030402
2.021882
2.009993
2.025056
2.042621
2.014451
1.995769
1.988804
2.008975
1.995330
1.981512
1.998886
2.014835
2.012446
2.001637
1.998582
1.987614
1.992951
1.987831
1.982123
1.994202
2.023064
2.007571
1.998643
2.030868
2.007919
2.013218
2.004284
1.986008
1.985873
1.988988
1.984463
1.931427
1.952600
2.003423
2.002904
2.020462
2.024997
1.989173
1.985693
2.005952
2.007327
1.990801
2.003166
1.985238
1.987065
2.006042
2.013680
2.005791
1.999178
1.989205
1.997676
1.996663
1.997413
1.986034
1.966863
1.941884
1.958190
1.990349
1.990806
1.980666
1.985231
2.010711
2.015114
2.039602
2.031627
2.003112
2.004013
2.004589
2.022781
1.994241
1.987415
1.950433
1.957862
2.007904
2.028415
2.029707
2.023792
2.002579
2.003475
2.024980
2.021762
1.985400
1.992919
2.011525
2.032666
1.999455
2.019298
2.028544
2.024065
1.982309
1.979423
1.965650
1.988921
2.006679
2.018446
2.035736
2.006994
1.997638
1.987777
1.999580
1.984297
1.989065
1.996287
1.999433
1.990271
2.005673
2.014022
2.010861
1.993402
2.011338
2.003796
2.014404
2.010384
1.998636
1.994562
1.982959
1.989097
1.990058
1.985142
1.980130
1.993150
2.001896
2.003039
2.007786
2.010509
2.015052
2.014433
2.011451
2.006406
1.997737
2.002483
2.024668
2.030668
1.993032
1.995670
2.002470
2.013524
1.990530
1.998246
2.036296
2.047136
2.000712
2.005578
2.008264
2.012644
1.994275
1.987436
1.968702
1.963294
1.995206
2.003276
1.978687
2.009979
1.991921
2.013611
2.032586
1.987698
2.003782
1.997209
1.972900
1.987359
2.008183
2.008819
2.001160
2.014038
1.998766
2.000590
1.998489
2.004583
1.993654
2.003412
2.024188
2.032258
1.990036
1.990891
2.034770
1.966359
1.998424
1.986426
1.993825
1.997633
1.985550
2.020082
2.020859
2.004609
1.999791
1.996969
1.995225
1.993046
1.999106
1.992337
2.015185
2.002012
2.000105
2.012966
2.004439
1.999815
2.004457
1.994932
2.002947
2.002968
2.007513
2.007599
2.004322
1.973311
2.008195
1.996139
1.980972
2.013971
2.008266
2.016224
1.982459
2.013006
2.002593
2.006046
2.011259
2.011241
1.999281
2.003397
1.994780
2.019344
2.000697
1.995576
2.037275
2.040687
2.003026
1.995474
2.011408
2.019833
2.009758
2.017069
2.029644
2.022839
2.001340
1.998521
1.969523
1.963111
2.007725
1.998090
1.983598
2.006026
2.007353
2.001736
2.038883
2.016988
2.005972
2.016549
2.037028
1.995025
2.006086
1.997811
1.975649
1.995426
2.000336
1.983891
1.981730
1.974698
2.000913
2.012242
2.012285
2.014597
1.999866
1.994956
1.981615
2.007300
2.012588
2.014544
2.024766
1.979591
2.015600
2.030475
2.038277
2.024129
1.983485
1.973084
1.937984
1.952512
1.996283
1.992962
1.976199
1.985165
2.006875
2.019847
2.041076
2.041486
1.989267
1.976879
1.970708
1.990023
1.999915
2.001660
1.990736
1.998097
2.001334
2.009004
1.997843
1.982604
2.002978
2.013023
2.050351
2.023965
2.002164
1.999975
1.977735
1.978380
1.998668
2.000897
2.006874
2.006743
1.997522
1.995028
1.997480
1.983061
1.997413
1.983278
1.967918
1.963048
1.988503
1.984005
1.978308
1.959738
1.996643
2.006995
2.015728
1.989794
1.999473
2.002603
2.019968
2.007112
2.008501
2.015098
2.013970
1.994614
1.989756
1.993272
2.019487
2.018939
1.994191
1.990411
1.975263
2.007785
2.004608
1.998356
1.964310
1.968170
2.011220
2.013261
2.057239
2.045150
1.991797
1.994164
2.016379
1.995808
2.007080
2.008277
2.019823
2.012436
2.013787
2.022935
2.000422
2.013136
1.997594
1.992717
2.006305
1.998303
2.001139
2.011612
2.011316
2.010773
1.994556
2.011837
2.021417
2.014887
1.974117
1.964561
1.965546
1.956323
2.011311
2.012409
2.035953
2.034356
2.012066
2.009655
2.010898
2.020129
2.003297
1.994820
2.001494
2.011213
1.986987
1.994481
1.952204
1.976596
1.993862
2.000919
2.007175
2.021868
1.986211
1.988283
1.992546
1.988659
2.004472
2.008954
1.992330
1.986931
2.000713
1.990912
1.983067
2.004356
2.001627
2.003048
2.018140
2.039731
1.999481
1.996118
1.981264
1.973505
2.002057
2.008273
2.037302
2.042552
1.997821
1.993077
1.995706
1.977745
1.986325
1.986378
1.965774
1.971051
2.003522
2.011396
1.991827
2.003419
1.996367
2.004244
2.007372
1.993912
1.991651
1.998617
1.998284
1.987735
2.013727
2.018818
2.040618
2.044852
1.984978
1.978021
1.953000
1.974327
1.980747
1.997063
2.002598
1.971458
1.998296
1.996686
2.026387
2.036087
1.993824
1.991614
2.000007
1.980885
2.002528
2.019467
2.013678
2.003018
2.012061
2.002475
2.018721
2.029497
1.992232
1.987874
2.003366
2.031388
2.010813
2.007824
2.023605
1.991647
1.998442
2.007387
2.035884
2.029470
1.993283
1.990723
1.988848
1.984596
1.996048
2.014666
2.038609
2.024891
2.008766
2.002529
1.976316
1.981241
1.993692
1.993022
1.966733
1.997189
1.999905
1.993161
2.009032
1.995492
1.998269
2.001561
1.987856
2.001194
1.978710
1.980035
1.961190
1.960667
1.988612
1.992924
1.956254
1.975328
1.999315
2.010726
2.022549
2.026376
1.990044
1.995490
2.012081
2.031317
1.989726
1.995239
1.998322
2.006313
1.998512
2.011629
1.999839
1.988255
1.987468
1.980305
1.985846
1.982165
1.994833
1.989765
1.959655
1.949852
1.988304
1.994292
1.987746
1.997984
1.987675
1.984574
1.958174
1.962742
2.005239
2.003443
1.996985
2.015594
1.989654
1.995059
1.990495
1.989109
2.012552
2.025063
2.032367
2.034337
1.995773
1.992441
2.002604
1.988209
2.011258
1.993925
2.003834
2.024274
1.998676
2.009913
2.024610
2.008446
1.997750
2.010403
2.019644
1.988663
1.988923
1.984859
1.949307
1.971351
1.996024
2.008820
2.004326
2.003603
1.994379
1.991840
1.998945
1.986676
2.001700
2.016324
2.018037
2.017436
2.012163
2.018157
2.011191
2.009131
2.001797
2.015178
2.016050
2.028874
2.005996
2.014286
2.019307
1.968419
1.979655
1.977279
1.962676
1.967859
1.992862
1.995489
1.992582
1.967712
2.004045
2.003611
1.997268
1.984537
1.999703
1.987422
2.001118
2.004481
2.014721
2.026691
2.024073
1.990875
1.989045
1.992039
1.996054
1.964915
2.000997
2.004984
2.006847
2.017127
2.011887
2.020755
2.010880
2.004259
2.002391
2.000652
2.018473
2.006651
1.996865
1.993747
1.990561
2.006128
1.994342
1.998380
2.019009
2.030842
1.993455
1.997630
1.984416
2.001351
1.985314
1.979792
1.963030
1.980290
2.003401
2.019577
1.995605
1.993343
1.994876
1.995773
2.000115
1.972548
1.990885
1.985380
1.988088
1.981465
1.996491
2.002431
2.017193
2.030911
2.012879
2.014933
2.018138
1.996791
2.004771
1.997261
1.990920
1.986733
1.993228
1.983968
1.983374
2.030637
1.988618
1.991235
2.003572
2.007287
2.003843
2.009373
2.036221
2.029330
1.997033
1.992567
1.947871
1.962941
1.991798
2.001024
1.996523
2.013417
1.996218
1.984873
1.957479
1.990465
2.003675
2.009826
2.040344
2.011563
1.984018
1.990063
1.969153
1.963641
2.015784
2.010617
2.011544
2.006025
2.010240
2.014357
2.007871
2.001609
2.012507
2.030196
2.028083
2.040653
1.999019
1.996083
2.010443
2.020728
2.014256
2.013824
2.008298
1.993141
2.003618
2.000627
2.014016
1.994880
2.015222
2.015442
2.024213
2.013324
1.983586
1.975261
2.003502
2.028284
2.000362
2.009075
2.021355
2.003990
1.998176
1.990136
2.007822
2.004423
2.015460
2.023029
2.041279
2.017100
1.994187
2.005522
2.007870
1.996229
1.998969
2.002329
1.983871
1.996944
1.987170
1.979425
2.013490
2.017640
1.995015
1.978227
1.986874
2.007444
1.993922
2.004436
2.027702
2.007299
1.984985
2.004394
2.030002
2.008099
1.998616
2.018775
2.027322
2.028028
1.998927
2.003226
1.975731
1.983911
1.976774
1.983192
1.974913
1.993090
2.015338
2.017021
2.028714
2.029288
2.004992
2.008862
2.012697
2.018673
2.011590
2.013690
2.021013
1.970031
1.997403
2.008276
2.014833
2.028328
1.994995
1.979321
1.974209
1.974430
1.984094
1.979407
1.981987
2.016276
2.006145
1.996498
1.993415
2.014551
1.990097
1.997454
2.026182
2.025867
2.019513
2.024500
2.032091
2.028866
2.005586
2.019187
2.001220
2.022898
2.007867
2.004524
1.974752
2.007645
1.999970
2.006458
2.028551
2.007545
2.008956
1.994351
2.002510
2.012227
2.004634
2.006383
2.018414
2.040784
2.000398
1.999228
1.991192
1.983411
1.996839
1.994327
2.020703
2.008544
2.000985
2.007620
2.047017
2.030951
2.020846
2.022035
2.025915
2.012201
1.998852
2.001723
1.986251
1.995825
1.997803
2.000970
1.979523
1.982167
1.992510
1.987190
1.971213
1.990524
2.003010
2.000144
2.011642
2.012036
1.998909
2.005152
1.976387
1.990016
2.001491
2.001447
1.988169
1.989161
1.999112
2.003699
1.991499
1.977114
1.994070
1.983242
1.994959
2.001106
1.989266
1.982744
2.001820
1.998368
1.990781
2.001544
2.013785
2.001975
2.010120
2.012178
2.012073
2.008130
2.000247
1.989674
1.985673
1.994313
2.007821
2.000977
2.022480
2.033160
2.002897
2.005526
2.006014
2.007504
1.997523
1.996785
1.964427
1.969155
2.011931
2.002700
1.988076
1.976215
2.006341
1.998889
1.994037
2.001073
2.010477
2.013412
2.009960
1.995685
2.008966
2.004693
2.004577
2.012350
2.017120
2.013769
2.003542
2.017182
1.990815
1.981786
1.953342
1.971448
1.995860
2.003350
2.006217
2.019865
1.979759
1.990363
2.013912
2.020841
2.002401
2.014367
1.998883
1.990600
2.004061
2.012842
2.002415
1.985883
1.998896
2.004518
2.016726
2.015427
2.007933
2.010238
2.008497
2.028477
1.991995
1.996716
1.995728
1.998199
1.992991
1.992206
1.995984
1.997226
1.998914
1.992748
1.986002
1.976240
2.002781
1.998845
2.030856
2.028608
1.998790
2.000919
1.987365
1.997890
2.003685
2.002292
2.036865
2.006999
1.993444
1.992090
1.998105
2.006324
1.999387
1.998003
2.005665
2.008995
2.000839
1.988344
1.983310
2.013789
2.004864
2.002970
2.011711
2.013989
1.984682
1.975534
1.964288
1.947552
1.991359
2.006324
2.025872
2.059771
2.002094
2.000589
1.967314
2.001530
2.024829
2.018844
2.046870
2.036590
1.998982
1.984292
1.985086
2.016113
2.002276
2.002220
2.019378
2.019782
2.005762
2.012474
2.021741
2.013106
1.989229
1.990408
1.980349
2.005798
2.002292
2.006235
2.029555
2.018260
2.001193
1.998862
1.988335
1.975109
1.983317
1.981829
1.979066
2.013661
1.999281
1.997252
1.991003
1.985632
1.994405
2.002685
2.010082
1.997180
1.995648
1.998037
2.021895
2.019829
2.005851
2.005071
2.004510
2.000849
1.998800
2.009921
2.025245
2.031108
1.994611
1.999007
1.987795
1.991178
1.995102
1.998714
2.002540
1.990454
2.002769
1.999486
2.026205
1.988265
