1.998257
1.998445
1.998619
1.997449
1.997374
1.998081
2.000242
2.000068
1.998445
1.998739
1.997793
1.999252
1.999806
1.999090
1.998025
1.999539
1.998557
1.999475
1.998801
1.999007
1.999345
1.999380
1.998195
1.998103
2.000811
2.000579
1.999548
2.000084
2.000407
1.999982
1.999649
1.999672
2.000046
2.000069
2.000973
1.999587
1.999746
1.999885
1.999596
1.999703
1.998641
1.998503
2.000220
2.000222
2.001472
2.000416
1.999362
1.999499
1.998916
1.999378
1.998677
1.999886
2.000492
2.000520
2.000402
1.999994
2.000455
2.000323
2.001373
1.999953
2.000651
2.000496
2.000547
2.001419
2.001231
2.000181
2.000152
2.000297
2.000599
1.999348
1.999993
1.999739
2.000200
1.999963
2.000360
2.001433
2.001465
2.001261
2.001296
2.000893
1.999719
2.000648
2.001462
2.000791
1.999583
1.999380
2.000375
1.999928
2.000174
1.998504
2.001068
2.000870
2.000731
1.999935
1.999895
2.000360
2.000893
2.001208
2.000469
2.000043
2.001249
2.000443
1.998528
1.998887
1.998182
2.001112
2.001037
2.000792
1.999876
1.999971
2.000788
2.001280
2.001655
2.002087
2.000239
2.000429
2.000139
1.999508
2.001059
2.001017
1.999199
1.999799
1.999357
2.000522
2.000938
2.000265
2.000453
2.000404
2.000796
2.001006
1.999974
1.999659
2.001719
2.001580
2.000528
2.001052
2.000588
2.000227
2.000139
2.000054
2.000208
1.999985
2.002178
2.002270
2.000195
2.000073
1.999100
1.999672
1.998986
1.999959
2.000730
2.000624
2.000461
1.999713
2.000042
1.999289
1.998929
1.998990
1.999251
2.001246
2.000477
2.000019
2.000140
1.999794
2.000182
2.000887
1.999583
1.999354
2.000228
2.000489
2.000785
2.000137
1.999343
2.000240
2.000369
2.000578
2.000545
1.999588
1.999139
1.999661
2.000270
2.000235
2.000990
2.000381
2.000778
1.999826
1.999844
1.999770
2.000653
2.001068
2.000239
1.999532
1.999161
1.999346
2.000029
1.999829
1.999109
2.000230
2.000813
2.000942
2.000707
2.000125
2.003180
2.001529
1.999191
1.999542
1.999012
2.000897
2.001121
2.001446
2.000018
1.999936
2.000268
2.000195
1.999368
1.999235
1.999642
1.999858
2.000717
1.999507
1.999786
1.999314
2.000029
2.000358
1.999927
1.999885
2.000920
2.000195
1.999147
1.999092
1.999122
2.000166
2.000248
1.999091
2.000563
2.000258
1.999549
1.998039
1.997953
1.998558
1.998257
1.998445
1.999086
1.999702
1.999348
1.999253
2.000242
2.000068
1.999387
1.999084
1.998163
1.998458
1.999806
1.999090
2.000046
2.000555
2.000902
1.999328
1.998801
1.999007
1.999738
1.999957
1.999888
2.001389
2.000811
2.000579
2.000306
1.999442
1.999830
2.000569
1.999649
1.999672
2.000544
2.001330
2.000689
2.001090
1.999746
1.999885
2.000153
1.999678
1.999473
2.000326
2.000220
2.000222
2.000202
2.000174
2.001302
2.001176
1.998916
1.999378
1.999554
2.000447
2.000682
2.001470
2.000402
1.999994
2.000404
2.002475
2.002005
2.001148
2.000651
2.000496
2.000574
2.000938
2.000784
2.002564
2.000152
2.000297
1.999293
1.999525
2.000484
2.000309
2.000200
1.999963
2.000146
2.001574
2.001582
2.000284
2.001296
2.000893
2.001040
2.001280
2.001283
1.999926
1.999583
1.999380
2.000728
2.001366
2.000353
1.998781
2.001068
2.000870
2.001199
2.002119
2.001803
1.999536
2.000893
2.001208
2.000590
2.000104
1.999186
1.999881
1.998528
1.998887
1.999066
1.999798
1.999578
2.000199
1.999876
1.999971
1.999730
1.999133
1.999819
2.000430
2.000239
2.000429
2.000565
2.000456
2.001131
2.002097
1.999199
1.999799
1.999182
1.998560
1.998307
1.998951
2.000453
2.000404
1.999296
1.999308
1.999796
1.999892
2.001719
2.001580
1.999587
2.000785
2.001407
2.001177
2.000139
2.000054
1.999124
1.999663
2.000711
2.000369
2.000195
2.000073
1.999407
2.001204
2.002139
2.001611
2.000730
2.000624
2.002526
2.001687
2.000894
2.000491
1.998929
1.998990
2.000115
2.000740
1.999770
1.998219
2.000140
1.999794
2.000115
1.999812
1.999693
1.998438
2.000228
2.000489
2.000367
2.000523
2.001280
2.001362
2.000369
2.000578
2.001316
2.001487
2.000611
1.998328
2.000270
2.000235
2.001334
2.001457
2.001789
2.001451
1.999844
1.999770
2.000667
2.000331
1.999213
1.999437
1.999161
1.999346
1.999320
1.999689
1.997241
1.998732
2.000813
2.000942
2.000779
1.999961
1.999860
1.999733
1.999191
1.999542
2.000119
2.000150
2.000320
2.002221
2.000018
1.999936
1.999099
1.998267
1.998850
1.999797
1.999642
1.999858
2.000109
2.000095
2.000173
2.000360
2.000029
2.000358
2.000573
2.000647
2.001760
1.999943
1.999147
1.999092
1.997876
1.998313
1.998251
1.999831
2.000563
2.000258
1.999679
1.999181
2.000059
1.999629
1.998257
1.998445
1.998954
1.999324
1.998751
2.000114
2.000242
2.000068
1.999994
2.000382
2.000849
2.000109
1.999806
1.999090
1.999558
2.000492
1.999326
1.999210
1.998801
1.999007
1.999581
1.999640
1.999550
1.998876
2.000811
2.000579
2.000483
2.000426
2.000959
2.000801
1.999649
1.999672
1.999741
1.999163
1.999331
1.999422
1.999746
1.999885
1.999251
2.000811
1.999407
1.999488
2.000220
2.000222
1.999868
1.999120
2.000579
2.002350
1.998916
1.999378
1.999271
1.999609
2.000632
2.000619
2.000402
1.999994
2.000595
1.999814
1.999428
2.000230
2.000651
2.000496
1.999958
2.000262
1.999527
1.999488
2.000152
2.000297
1.999777
1.999445
1.999835
1.999375
2.000200
1.999963
1.999933
1.999967
2.000207
1.999218
2.001296
2.000893
2.000838
1.999995
2.000104
1.998616
1.999583
1.999380
1.999438
1.999937
1.999787
1.998849
2.001068
2.000870
2.000829
2.001313
2.001093
2.001323
2.000893
2.001208
2.000146
1.999480
1.999133
1.998203
1.998528
1.998887
1.997263
1.998170
1.998342
1.999312
1.999876
1.999971
2.000426
2.000840
2.001598
2.000329
2.000239
2.000429
2.000088
1.999778
2.000226
2.001061
1.999199
1.999799
1.999487
1.998496
1.997145
1.999379
2.000453
2.000404
2.000746
2.000689
2.001035
1.999947
2.001719
2.001580
2.001050
2.000625
2.000562
2.001690
2.000139
2.000054
2.000257
2.000792
2.001318
2.000120
2.000195
2.000073
2.000038
2.000289
2.000925
1.998033
2.000730
2.000624
2.001166
2.001680
2.002151
2.001513
1.998929
1.998990
2.000085
2.000337
2.001681
2.000498
2.000140
1.999794
1.999274
1.998981
1.998832
1.998911
2.000228
2.000489
1.999768
1.999651
1.998575
2.000020
2.000369
2.000578
2.001303
2.000677
2.000153
1.999507
2.000270
2.000235
2.001464
2.001112
2.000379
1.999524
1.999844
1.999770
2.000291
2.000490
1.999272
1.999405
1.999161
1.999346
1.998976
2.000820
2.001252
2.000510
2.000813
2.000942
2.000651
2.001808
2.001405
2.000003
1.999191
1.999542
1.999014
1.999517
1.999239
1.999062
2.000018
1.999936
1.998650
1.999100
2.000184
2.000219
1.999642
1.999858
2.001543
2.000758
2.000386
2.001717
2.000029
2.000358
1.999781
1.998822
1.999742
1.999594
1.999147
1.999092
1.999815
2.000067
2.000400
1.999327
2.000563
2.000258
2.000379
2.001185
2.001326
2.000517
1.998257
1.998445
1.999420
1.999618
1.999971
2.001277
2.000242
2.000068
2.000435
1.999120
2.000333
2.000217
1.999806
1.999090
1.998965
1.999850
2.000259
2.000554
1.998801
1.999007
1.999976
2.001606
2.001185
2.000863
2.000811
2.000579
1.999990
2.000027
1.999470
2.000638
1.999649
1.999672
2.000846
1.999872
2.001267
2.000985
1.999746
1.999885
1.999572
1.999773
1.999798
1.999838
2.000220
2.000222
2.000730
2.000806
2.000275
1.999259
1.998916
1.999378
1.998342
1.998201
1.999112
1.999258
2.000402
1.999994
2.000002
1.999084
1.999772
1.999203
2.000651
2.000496
2.000975
2.001314
2.001261
2.001165
2.000152
2.000297
1.998991
1.997813
1.997105
1.998442
2.000200
1.999963
2.000098
1.999523
1.998512
1.999484
2.001296
2.000893
2.000648
2.001750
2.000631
2.000787
1.999583
1.999380
2.000522
1.999932
1.999982
2.000233
2.001068
2.000870
2.000077
2.000175
2.000737
2.000448
2.000893
2.001208
2.000207
2.000850
2.000190
2.000746
1.998528
1.998887
1.998089
2.000074
2.000975
1.999631
1.999876
1.999971
2.000364
2.000877
2.000993
2.000160
2.000239
2.000429
2.000064
1.999665
2.001342
1.999517
1.999199
1.999799
1.999743
2.000011
1.999591
1.999631
2.000453
2.000404
2.000482
2.000499
2.000244
1.999696
2.001719
2.001580
2.000822
2.001281
2.000069
2.000834
2.000139
2.000054
1.999652
1.999235
1.999369
1.998527
2.000195
2.000073
2.000073
1.999197
2.000172
2.001445
2.000730
2.000624
2.000864
2.001069
2.000053
1.999998
1.998929
1.998990
1.998493
1.997852
1.996994
1.998194
2.000140
1.999794
1.999677
2.000356
2.000164
2.000189
2.000228
2.000489
2.001205
2.001485
2.001312
2.000998
2.000369
2.000578
2.000304
1.998838
1.999128
1.998843
2.000270
2.000235
2.000739
2.001232
1.999944
1.999396
1.999844
1.999770
2.001249
2.000103
1.999559
2.000372
1.999161
1.999346
2.001114
2.001129
2.001047
2.001289
2.000813
2.000942
2.000916
2.000769
2.001109
2.000746
1.999191
1.999542
1.998362
2.000517
1.999415
1.999326
2.000018
1.999936
1.999929
1.999960
2.000414
1.999079
1.999642
1.999858
2.000623
1.999062
1.999659
2.000410
2.000029
2.000358
2.000093
1.999226
1.999438
1.999601
1.999147
1.999092
1.999730
1.999487
1.998226
1.998904
2.000563
2.000258
1.999373
1.998636
1.999823
1.999178
1.998257
1.998445
1.998779
1.999169
1.998846
1.998401
2.000242
2.000068
1.999503
1.999050
1.998479
1.998011
1.999806
1.999090
1.999191
2.000201
1.999355
1.999551
1.998801
1.999007
1.999780
2.000854
2.000800
1.999395
2.000811
2.000579
1.999617
1.998959
1.998292
1.999214
1.999649
1.999672
2.000788
2.000294
2.000730
2.000911
1.999746
1.999885
2.000011
2.000158
1.998043
1.998846
2.000220
2.000222
1.999207
1.999141
1.999302
1.999924
1.998916
1.999378
1.998650
1.999061
1.999011
1.999776
2.000402
1.999994
2.000473
1.999048
2.000286
1.999472
2.000651
2.000496
1.999716
1.999971
1.999813
2.001226
2.000152
2.000297
1.998849
2.000117
1.997935
1.999197
2.000200
1.999963
2.000392
2.001384
2.001266
2.001071
2.001296
2.000893
1.999735
2.000562
2.002188
2.001381
1.999583
1.999380
1.999591
2.000445
2.000327
2.000014
2.001068
2.000870
2.001126
2.000846
2.001018
2.000222
2.000893
2.001208
2.001594
2.000957
2.001424
2.000751
1.998528
1.998887
1.998801
1.997938
1.998435
1.998984
1.999876
1.999971
1.998843
1.998455
1.997545
1.999151
2.000239
2.000429
2.001090
2.000819
2.001251
2.002406
1.999199
1.999799
1.998638
1.999608
1.999870
2.001030
2.000453
2.000404
2.000124
2.000272
2.000128
2.001797
2.001719
2.001580
2.000636
2.001247
2.001573
2.001584
2.000139
2.000054
1.999397
1.999098
1.998512
1.998708
2.000195
2.000073
2.000386
2.000666
2.001032
2.000945
2.000730
2.000624
2.000659
1.999554
1.999504
1.999957
1.998929
1.998990
1.999295
2.000134
2.000528
2.000901
2.000140
1.999794
1.999620
1.999630
2.000093
2.000164
2.000228
2.000489
1.999364
1.999995
1.999381
1.998727
2.000369
2.000578
2.000569
2.000451
2.000327
2.000867
2.000270
2.000235
1.999842
2.000227
2.000884
2.000598
1.999844
1.999770
1.999089
1.998852
1.998100
1.998333
1.999161
1.999346
1.999735
1.999651
1.998702
1.999382
2.000813
2.000942
2.001121
2.000678
2.001658
2.000340
1.999191
1.999542
2.000024
1.999959
1.999477
1.999531
2.000018
1.999936
1.998706
2.000022
2.001284
1.998909
1.999642
1.999858
2.001297
2.002191
2.001637
2.000294
2.000029
2.000358
1.999501
1.998679
1.999540
1.999954
1.999147
1.999092
1.999037
1.998101
1.998611
1.999320
2.000563
2.000258
2.000203
1.999350
1.999507
2.000185
1.998257
1.998445
2.000018
2.000362
2.000974
2.000449
2.000242
2.000068
2.000310
1.999765
2.000451
2.000525
1.999806
1.999090
1.999481
2.000243
2.000769
1.999182
1.998801
1.999007
1.998007
1.999490
1.999593
1.999658
2.000811
2.000579
1.999928
2.000115
1.999922
1.999724
1.999649
1.999672
1.999974
2.001069
2.000446
2.001353
1.999746
1.999885
1.998983
2.000295
1.999676
2.000212
2.000220
2.000222
2.000350
1.999895
2.001353
2.000968
1.998916
1.999378
1.998838
1.999411
2.000371
2.000646
2.000402
1.999994
2.000151
1.999419
1.999569
1.999754
2.000651
2.000496
2.000242
2.002219
2.001514
2.000535
2.000152
2.000297
1.999981
1.999540
1.999621
2.000089
2.000200
1.999963
1.999877
1.998661
1.998685
1.998132
2.001296
2.000893
2.000090
1.999294
1.998696
1.999727
1.999583
1.999380
1.999280
1.999640
1.999112
1.998837
2.001068
2.000870
2.001599
2.001281
2.002107
2.002256
2.000893
2.001208
1.999855
1.999397
1.999093
1.999528
1.998528
1.998887
1.998100
1.998220
1.997992
1.997418
1.999876
1.999971
1.999741
2.000710
2.000309
1.999938
2.000239
2.000429
2.000717
2.000223
1.999905
2.000107
1.999199
1.999799
2.000209
1.999919
1.999786
1.999970
2.000453
2.000404
2.001287
1.999866
2.000566
2.000409
2.001719
2.001580
2.000054
1.998262
1.999274
1.998934
2.000139
2.000054
1.999723
2.000751
2.000729
1.999543
2.000195
2.000073
1.999337
1.999927
2.001286
2.002248
2.000730
2.000624
2.000644
2.000418
2.001141
1.999946
1.998929
1.998990
1.999610
1.998755
1.999236
1.999187
2.000140
1.999794
1.999888
2.000536
2.000986
2.001011
2.000228
2.000489
2.000408
2.000684
2.002136
2.000224
2.000369
2.000578
2.001356
2.001196
2.001746
2.002203
2.000270
2.000235
2.001066
1.999839
1.999517
2.000287
1.999844
1.999770
1.999390
1.998594
1.998577
1.998497
1.999161
1.999346
1.999124
2.000608
2.001447
2.002255
2.000813
2.000942
2.000947
1.999856
2.000116
2.000316
1.999191
1.999542
1.999833
1.998906
1.999772
1.998011
2.000018
1.999936
1.999696
1.997302
1.998096
1.998439
1.999642
1.999858
2.000599
1.999628
2.000166
2.000132
2.000029
2.000358
1.999583
1.999642
1.997632
1.998407
1.999147
1.999092
1.998393
1.997617
1.998025
1.998653
2.000563
2.000258
2.000274
2.000287
2.000904
2.000487
1.998257
1.998445
1.998148
1.999097
1.998981
2.000690
2.000242
2.000068
1.999477
1.997469
1.998312
1.998911
1.999806
1.999090
1.999958
2.000025
1.999415
2.000354
1.998801
1.999007
1.999126
2.000779
2.001142
2.000958
2.000811
2.000579
2.000635
1.999614
1.999062
1.999080
1.999649
1.999672
2.001240
2.001684
2.001461
2.000908
1.999746
1.999885
1.999936
2.001011
2.000304
1.999621
2.000220
2.000222
2.000303
2.000575
1.999850
1.999731
1.998916
1.999378
1.999415
2.000495
2.000870
2.000710
2.000402
1.999994
1.999985
2.001473
2.000617
2.000329
2.000651
2.000496
1.999467
1.999706
1.999857
2.000598
2.000152
2.000297
1.999658
1.999275
2.000014
1.999869
2.000200
1.999963
1.999817
1.999552
1.999217
1.999521
2.001296
2.000893
1.999974
2.000864
2.000393
2.007520
1.999583
1.999380
2.001048
2.001472
2.001612
2.000811
2.001068
2.000870
2.001300
2.000635
2.000815
1.999951
2.000893
2.001208
2.000652
2.000854
2.000564
1.998817
1.998528
1.998887
1.998639
1.999192
1.999572
1.999489
1.999876
1.999971
2.000957
2.001338
2.001075
1.998816
2.000239
2.000429
2.001106
2.001248
2.000970
1.999678
1.999199
1.999799
1.999285
2.000200
1.999565
2.000856
2.000453
2.000404
2.000557
2.001246
2.001244
2.001631
2.001719
2.001580
2.001087
2.000194
2.000316
2.001175
2.000139
2.000054
1.999644
2.001224
2.001713
2.000274
2.000195
2.000073
2.001116
2.001841
2.002257
2.002017
2.000730
2.000624
2.000901
2.000148
2.000240
2.000287
1.998929
1.998990
1.999858
1.999719
1.998699
2.000002
2.000140
1.999794
2.000298
2.000618
2.001490
2.001559
2.000228
2.000489
2.000264
2.000699
1.999571
1.999712
2.000369
2.000578
2.001148
2.000761
2.001091
2.002124
2.000270
2.000235
2.001134
2.002287
2.000711
1.999768
1.999844
1.999770
1.999797
2.000806
2.001327
2.001091
1.999161
1.999346
1.998737
1.998876
1.999857
1.999835
2.000813
2.000942
2.000328
2.000871
2.001218
2.000845
1.999191
1.999542
1.998706
1.999594
2.000549
1.999314
2.000018
1.999936
1.999730
1.999926
1.999037
1.998518
1.999642
1.999858
2.002927
2.000464
2.000275
2.000588
2.000029
2.000358
1.999214
1.999032
1.998979
2.000263
1.999147
1.999092
1.999149
1.999333
1.999082
1.999576
2.000563
2.000258
1.999847
1.999836
1.999643
1.999612
