1.996288
1.981334
1.991118
1.981701
1.996790
1.986572
2.011503
1.994212
1.996412
2.000169
2.000871
1.982411
1.991394
1.993834
1.986097
1.989550
2.008090
2.010175
1.987330
2.011766
1.999047
2.008173
2.027608
2.021324
1.983224
1.970357
1.953816
1.970350
2.004375
2.004432
2.010579
2.004455
1.991799
1.997386
1.999162
1.985727
2.009947
2.020305
2.021976
2.008111
2.003322
1.996572
1.990929
1.979458
1.982601
1.993921
1.993801
2.001342
2.011407
2.015230
2.045719
2.047667
2.014430
2.021829
2.025910
1.988845
2.015200
2.022659
2.032456
2.014547
1.990312
1.981198
2.003683
2.012571
2.008258
2.002055
2.001799
2.000469
2.008689
2.010475
1.993663
1.997992
2.016040
2.014727
2.015404
2.023625
1.991689
1.985364
1.980328
2.005362
2.021324
2.019418
2.042028
1.994672
2.005246
2.013429
1.987543
1.976078
1.998871
2.018489
2.009149
1.991374
2.007474
2.015639
2.009081
1.995907
2.004729
1.991212
1.978696
1.994992
1.987373
1.986660
1.961631
1.956104
2.003895
2.000558
1.977676
1.986731
1.995559
1.996523
2.032679
2.040685
2.002519
1.997789
2.018867
1.991875
1.990841
1.999241
1.988273
2.002578
2.003668
2.009328
2.033302
2.003426
2.003568
2.002519
1.991629
1.986964
1.997646
1.994417
1.997334
1.989967
2.002397
1.999747
2.001210
1.996807
2.000500
1.996903
1.982539
2.008505
2.009272
2.012188
1.981964
1.974004
1.989147
1.984339
1.985907
1.978886
1.993973
2.004341
2.026387
2.017049
2.011688
2.015999
2.015624
2.008226
2.001324
2.010397
1.994219
1.983443
2.000472
1.997354
1.970892
1.974745
1.997817
1.985917
1.990045
1.995850
1.995188
2.001052
2.007385
1.979467
2.004151
2.007524
2.001286
2.002300
1.988766
1.994512
2.010371
1.965632
2.009141
1.985428
1.961933
1.986389
2.010305
2.001173
2.002849
1.981889
2.005444
1.996077
1.987203
1.993954
1.997222
1.997739
1.977997
1.954012
1.991570
1.997417
1.991535
2.030675
1.982083
1.991347
2.020375
2.008309
2.025381
2.018201
1.999856
2.011845
1.987210
1.985454
1.992232
1.991803
1.986244
1.982792
1.994616
1.994528
1.991075
1.985004
1.970959
1.980705
1.990549
1.994410
2.001776
2.012584
2.006816
1.988596
1.964601
1.974788
2.016559
2.016914
2.025075
2.037354
1.984245
1.983931
2.006342
2.002169
2.013698
2.008873
2.025265
2.037335
2.013937
2.004747
2.022098
1.974561
2.000976
2.001770
1.989479
1.995735
1.993753
1.996248
2.021599
2.006849
2.003318
1.999809
1.996318
1.989783
1.988475
1.982312
1.977730
1.992007
2.009297
2.016579
2.011120
2.011475
1.995718
2.003751
1.992687
1.956069
2.029504
2.023190
2.038700
2.006021
2.009608
2.023820
2.029771
2.024858
2.013372
2.014943
2.036905
2.011204
1.985138
1.990846
1.991448
1.996191
1.999176
2.002944
2.002899
2.017793
2.013987
2.007830
2.017022
1.997834
1.986727
1.980413
1.993702
2.023270
1.989964
2.000109
2.009396
2.020043
1.998508
2.001207
1.968553
1.967636
2.006087
2.001843
1.996756
1.978143
2.001971
1.999203
2.014459
2.009711
1.988997
1.985189
2.006573
2.007322
2.010098
1.998853
1.986530
2.019852
2.006182
2.009473
1.994797
1.990453
2.008618
2.006653
1.976163
1.985607
1.996471
1.983597
1.989152
1.975671
1.991728
1.992101
1.981975
1.985853
2.002398
2.002178
2.002690
2.007746
1.980282
1.983067
1.974285
1.992738
1.988938
1.985063
1.982602
1.980454
1.986905
1.996079
1.996880
1.983308
1.999359
1.998487
2.013130
2.018002
2.002167
2.006576
2.009030
1.999777
1.990214
1.983965
1.994567
2.006320
2.001564
1.997232
1.996700
1.986899
2.011201
2.007825
2.013571
2.015411
1.995838
1.986504
1.998598
1.979069
1.993516
2.008447
1.969854
1.970602
1.996152
1.999230
2.017306
2.016236
2.010703
2.007328
2.007990
2.018221
2.000623
1.983664
1.991643
1.998461
1.990918
1.986286
1.980772
1.991151
1.996647
1.991809
1.990807
1.979527
1.994663
1.993391
2.001909
1.993435
2.013793
2.008847
2.030701
2.007245
1.987488
1.996908
1.992355
1.985120
1.991441
2.001857
2.042998
2.052143
1.985057
1.982162
1.963123
1.989753
1.997312
2.005513
2.030068
2.023106
1.992014
1.999406
2.010949
2.029449
1.990283
1.987960
1.999051
2.007680
2.003721
1.997438
1.971282
1.987532
1.986375
1.973590
1.984802
1.983185
1.999152
1.998775
2.007026
2.007131
1.998094
2.003808
1.974250
1.999731
1.992144
1.982150
2.006605
2.007357
1.995889
1.985158
1.992977
1.998318
2.014984
2.025588
2.022970
2.006678
2.003188
2.010072
2.001904
2.007025
2.010104
2.000394
1.987108
1.987784
1.978075
1.983627
1.964652
1.977901
2.001933
1.992631
2.002352
2.003314
2.008899
2.021482
2.031464
2.046849
2.004300
2.002661
2.012158
1.999587
1.993062
1.999963
2.009702
2.007715
1.991607
1.999970
2.000649
1.998373
2.000703
2.003621
1.996407
2.017810
1.993484
2.001087
2.004897
2.011356
1.990021
1.978408
1.971602
1.971276
2.009193
2.007549
2.012584
1.999571
2.011197
2.019114
2.027968
2.021074
2.009273
1.998253
1.982231
2.005163
2.002297
1.990982
1.950927
1.978957
1.998646
1.993125
1.992401
2.026151
2.003478
2.005505
2.004307
1.980217
1.994142
2.008922
1.991276
1.995902
2.000693
2.013148
2.015212
2.016619
1.993766
1.991175
2.027916
2.046082
2.000962
2.004613
2.008886
1.994798
1.992512
1.990470
1.972374
1.991933
1.999285
2.001356
1.988614
1.983456
1.994311
1.988892
1.971011
1.981380
2.005180
2.013976
1.999328
1.982179
2.007440
2.009044
2.005214
1.979239
1.992568
1.990295
1.991435
1.969485
2.003363
2.002435
2.024324
2.002135
2.002387
2.012983
2.051448
2.027858
2.005597
1.996731
2.017624
2.026362
2.014524
2.006489
1.981429
1.974263
1.998213
2.003790
2.001793
2.032044
2.007717
2.017564
2.000836
1.992563
1.987259
1.983023
1.978350
1.959353
1.994756
1.983549
1.978282
1.965245
1.996530
2.000143
1.993857
2.018374
1.994773
1.994772
1.990690
1.993561
2.010820
2.009488
1.984420
1.997289
1.993279
1.989213
1.974424
2.006523
1.992471
1.991802
2.003037
1.985526
2.010726
1.998880
1.994780
2.022830
2.006639
2.005719
2.012781
2.028180
2.020919
2.018249
2.040924
2.036536
2.013924
2.023291
2.000493
2.011814
1.994131
1.987554
2.000321
2.012369
1.999126
2.007050
2.039649
2.016315
1.991983
1.997451
2.001358
1.982190
2.010584
2.004412
2.015382
2.028570
2.013126
2.014579
2.038420
2.033984
1.999319
1.996384
1.982838
1.986492
2.012775
2.007575
1.998986
1.988973
2.001540
2.000928
1.988424
2.004819
1.991635
1.993803
1.996174
2.005470
1.988085
1.990830
1.995171
1.992969
2.004394
2.000991
2.008396
1.990257
2.013960
2.014609
2.038396
2.024601
1.997454
1.988613
1.987910
1.949249
2.005674
2.003544
2.004908
2.000688
2.001314
2.007391
2.037658
2.043136
2.001213
2.016324
2.011998
2.045627
2.017068
2.003878
1.994364
1.984223
2.002675
1.999645
1.989454
2.003807
1.989172
1.997158
2.015142
1.990947
1.989529
1.997230
1.999092
1.987595
2.004578
1.995561
1.997135
1.982129
2.006976
1.998198
2.009525
2.024990
1.991642
2.003780
1.992872
2.006404
2.011017
2.010617
2.024611
2.047688
1.995046
1.989232
1.990807
1.974681
2.004766
2.015102
2.037015
2.003121
2.009005
2.012926
1.974470
1.986071
2.004850
2.002651
2.034420
2.016256
1.990469
1.992359
1.996868
1.987367
1.998133
2.007507
2.036141
2.029409
1.996739
2.000623
2.010735
1.998339
2.001002
1.995679
1.959394
1.980076
2.010573
2.002785
2.025368
1.998389
1.994895
1.995123
2.002530
2.028339
1.996229
1.989726
1.999301
1.986121
1.986395
1.991855
2.026005
2.035116
2.000882
2.003790
2.007071
1.989491
1.996195
2.000109
2.024995
2.019928
2.013664
2.006988
1.967944
1.978456
1.990201
1.997444
2.013304
2.031411
2.004382
1.997137
2.013928
1.994899
1.989807
1.994661
2.002227
1.986918
2.019436
2.014931
2.028148
2.006621
1.993212
1.988336
1.990707
1.970582
1.988238
1.993769
1.979084
1.992113
1.986557
1.997340
1.985196
1.954755
1.991121
1.993475
1.985714
1.956832
2.012090
2.003288
1.976113
1.991239
2.001602
2.002106
2.011520
1.993088
1.996817
1.993838
2.005312
1.989398
1.989902
2.000690
1.960503
1.972251
2.021981
2.032213
2.029748
2.023343
2.015414
2.012277
2.024546
1.984216
2.003986
1.995702
1.992605
1.980847
1.996753
2.009667
2.004615
2.003081
2.016332
2.020965
2.023212
2.026484
2.004911
2.008734
2.007297
2.003448
2.007163
1.995053
2.000816
1.995332
2.005536
2.007383
1.984971
1.996421
2.004881
2.012002
2.013357
1.963076
2.009115
2.004892
2.005257
1.995377
2.010597
2.007978
1.967227
1.949510
1.997898
2.008972
2.018224
2.026717
2.008911
2.020356
2.035933
2.032777
2.014532
2.025514
2.024956
1.991990
1.998732
1.997622
2.014186
2.018818
1.996594
1.992457
1.955035
1.966969
2.005084
1.997622
1.987562
1.997364
2.020030
2.025293
2.029037
2.015398
1.996948
1.993921
1.990700
2.006174
1.995680
1.995363
2.004239
2.027385
2.012481
2.014339
2.043780
2.053991
1.980423
1.979958
2.005153
2.020963
1.995831
1.993372
2.006175
2.027867
1.994000
1.995073
1.999849
1.973506
1.988419
1.988170
1.991203
1.970264
1.998831
1.982211
1.986665
2.014930
2.005924
2.009478
2.010259
2.031351
2.007159
1.999019
1.991469
1.989032
1.990552
1.980490
1.980457
2.031393
1.990677
1.995302
2.008303
2.001268
1.992946
1.988959
1.996629
1.985274
1.997848
2.006425
2.003861
1.993354
2.000498
2.009705
2.046905
2.034881
1.996532
1.986237
1.959691
1.991808
1.999318
2.000862
2.002277
2.001325
2.001832
1.986455
1.982651
1.993166
1.994490
1.991645
2.019705
1.977568
1.988245
1.998076
1.991360
2.007675
2.011561
2.029572
2.027549
2.040970
2.010603
2.011288
2.050579
2.035595
1.994101
1.986649
2.015333
2.002661
1.992107
1.986040
1.981382
1.969759
1.994233
1.991320
2.006742
2.010949
1.982649
1.974772
2.002155
2.023472
1.992427
1.982502
1.983821
1.992004
2.011421
2.004403
1.987004
1.989145
1.999583
1.988708
1.973125
1.976828
2.007939
2.015904
2.001516
1.998749
1.999520
2.002124
1.983054
1.995096
2.005346
2.008906
2.000811
1.999456
2.011914
2.020870
2.019233
2.005627
2.002308
1.992938
1.987566
1.992829
2.017101
2.014066
2.006530
2.016519
1.998072
2.016335
2.028569
2.036517
2.003676
2.003339
1.996699
1.997244
2.000328
2.004954
2.007881
2.008153
2.000272
2.019811
2.013907
1.992254
2.008875
2.013902
1.994709
1.981101
2.011946
2.014944
2.023442
1.972641
2.024350
2.010879
2.009226
2.012631
1.996258
2.013724
2.021019
2.016508
2.000774
2.007745
1.994551
1.987616
1.987190
1.995262
1.995637
2.018095
1.992900
2.003338
2.035727
2.033544
1.988601
1.984665
1.963812
1.996539
2.011815
2.018971
2.018989
1.997844
2.016505
2.011557
2.011168
2.017559
1.997002
2.000394
2.029906
2.032202
2.008451
1.993582
2.000373
2.010968
2.002552
2.008450
2.006679
1.979794
2.014360
2.010246
2.010193
2.007805
2.008508
1.998285
1.985251
1.983276
2.007451
2.020397
1.991936
2.010923
2.021279
2.021491
2.025721
2.012295
1.994651
2.008209
2.023808
2.003202
1.995826
1.988111
1.969135
1.957732
1.999930
2.007569
1.996815
2.016079
1.997068
1.995352
1.991721
1.994386
1.997378
2.003217
1.971233
1.986414
1.994101
1.986456
1.965058
1.972302
2.000814
1.998505
1.996255
2.013822
1.997749
1.999198
2.022600
2.029674
1.987614
1.969254
1.966180
2.005514
1.991940
2.003417
2.014404
2.003320
1.984165
1.986221
1.992463
1.995047
1.997645
1.993127
1.992724
1.983732
2.008231
2.010266
2.013604
2.023428
2.006158
2.011355
1.994492
2.006842
1.997205
1.995309
1.961096
1.964479
1.985313
1.990722
2.001229
2.012325
2.010352
2.002890
1.994687
2.016399
1.998285
1.976171
1.955363
1.961738
1.990098
1.993093
1.993538
2.008979
2.018234
2.013907
2.003945
2.016461
1.995125
1.989759
2.007421
2.006232
2.004278
1.994230
2.007257
2.020976
2.006802
2.008074
2.017225
2.037466
2.000685
1.996480
2.003107
1.991037
2.003564
2.012689
2.003033
1.986456
1.989673
1.985338
1.991916
2.009428
2.006252
2.015089
2.040069
1.999279
2.007492
2.009862
2.022153
2.020957
2.013324
2.001653
2.005045
2.004727
1.998689
1.991879
1.986703
1.976144
1.999695
1.994565
2.035974
1.998461
2.016547
2.018171
2.032494
1.992673
1.992839
1.988766
2.018439
1.995159
2.007740
2.021157
2.014710
1.996777
2.002078
2.000311
2.008456
2.007995
1.992185
1.982590
1.981238
1.974319
1.993391
1.982060
1.976877
1.993617
2.002315
1.996225
1.957248
1.975565
1.998286
1.997551
1.989129
1.993861
2.001288
2.001649
1.972330
2.006755
1.998236
2.003993
1.997494
1.994034
1.999247
2.005824
2.011431
2.012783
1.998240
1.996313
1.978858
1.960255
2.000632
2.001181
2.028934
2.023619
1.990252
1.990502
1.978571
2.003472
2.019341
2.031018
2.026933
2.027142
1.992160
1.995050
2.012375
1.993676
2.004342
1.993629
2.030539
2.018990
2.005129
2.001162
1.996372
1.998598
1.995125
2.001836
2.008296
1.996564
1.994074
1.990994
2.003678
2.031307
2.013820
2.015449
2.058565
2.046029
2.007759
2.013564
2.036111
2.030771
1.994839
1.979784
1.963018
1.962084
1.994623
1.997752
2.004249
1.984207
2.001047
1.999452
2.016699
2.023373
1.999043
2.011966
2.005860
2.010760
2.007097
2.017985
2.008957
1.986189
2.005621
2.006354
2.005958
2.034431
2.007231
2.010374
2.026066
1.985915
1.989824
1.973650
1.978466
2.003471
2.002756
1.990908
1.991812
1.999504
1.994243
1.990574
1.984302
1.961141
1.988938
1.971952
2.003885
2.013893
1.997192
1.984374
1.972413
1.969556
1.996747
2.007644
2.003618
2.022668
1.998144
1.984957
1.968488
1.998582
2.001622
2.004298
1.986931
1.995589
2.003218
2.002943
1.997837
2.010794
2.007260
2.002444
1.973975
1.953539
2.008552
2.026664
2.039326
2.022593
1.983315
1.980211
1.955606
1.968678
2.002489
2.002455
1.986311
1.981861
1.986850
1.995811
1.973226
1.989696
2.006737
1.997876
1.994365
2.009939
1.994750
2.002119
2.002334
2.011225
1.980130
1.977170
1.957942
1.968069
2.001186
2.000988
2.001343
1.989121
1.992531
1.993473
1.976999
1.999449
1.986571
1.983847
1.993776
2.000132
1.998398
1.990648
1.976190
1.984591
2.013134
2.003297
2.020217
2.027533
1.994427
1.997846
2.039418
2.038367
2.012121
2.004544
1.992553
2.001354
1.989656
1.995690
1.993720
1.965986
1.998418
1.991499
1.995416
1.999811
1.997325
2.016394
2.039911
2.026683
2.000123
2.000047
1.971569
1.979621
1.998907
1.993140
1.960317
1.991467
2.004343
1.998880
1.948960
1.991367
1.998323
1.998851
2.014866
2.007979
1.977774
1.974068
1.954834
1.966378
1.995745
1.999995
2.003253
2.016867
1.994759
2.004146
2.011958
2.006966
1.989359
2.002107
2.022844
2.004773
1.992238
1.987887
1.980441
1.979516
1.998374
2.011033
2.005257
2.001963
2.006439
2.024791
2.021563
2.012691
2.004381
2.005339
2.003559
1.983922
2.003298
1.999712
1.995510
1.969759
2.018333
2.031255
2.040270
2.043095
1.997798
1.994692
1.993416
2.017294
2.023959
2.023337
1.999665
1.978566
1.993738
1.983932
1.987847
1.993071
1.981342
1.987969
1.979490
1.984479
2.002031
1.987752
1.974936
1.966467
2.002324
2.013280
2.028706
2.009877
1.995200
1.987671
1.963643
2.010360
2.002533
1.992414
1.979946
1.980480
1.998591
1.996005
2.001044
2.006504
1.987170
1.994473
2.005852
1.996870
2.000664
2.019382
2.026921
2.023040
2.010414
2.007884
2.003340
1.983067
1.999776
2.002902
2.007137
1.999230
2.002853
2.009149
2.017203
2.019519
2.005116
2.012646
2.041836
2.023464
