1.999281
2.000393
1.997508
1.995595
1.994844
2.010445
2.005586
1.999270
2.022114
2.028848
2.011797
2.009993
1.997972
2.000398
2.009391
1.977615
1.981261
1.950160
1.990195
2.002191
1.990310
2.029724
2.017581
2.005159
1.998039
1.996879
2.010327
2.007806
2.009777
2.009381
2.004928
2.008554
2.038374
2.026817
2.025029
2.007955
1.999421
2.000114
1.986771
1.986722
1.983157
1.997239
2.002602
1.996517
2.022524
2.025240
2.011561
2.006035
1.998423
2.002066
2.008923
1.984272
1.987258
1.956527
1.991182
2.001937
1.989113
2.028612
2.015553
2.000561
1.998242
1.996868
2.009438
2.008467
2.009953
2.009770
2.005604
2.009131
2.038622
2.028172
2.026356
2.006106
2.007751
2.016496
1.989262
1.977978
1.983469
1.970805
2.010558
2.007918
1.988699
1.993523
1.988507
2.003944
2.012540
2.010854
2.011964
1.985400
2.002165
1.971129
1.994886
2.003838
1.991549
1.981597
1.991520
2.023516
1.990248
1.975138
1.987570
1.963410
1.971477
1.994685
1.992835
1.997526
1.964162
1.984005
2.000984
2.013101
2.010515
2.022460
1.986682
1.992305
1.996389
1.982452
2.014208
2.013480
2.007738
2.012637
2.001308
2.006563
2.015692
2.015934
2.014622
1.989836
2.002385
1.966846
1.995885
2.003694
1.991108
1.985168
1.994362
2.021811
1.989126
1.972900
1.983703
1.959245
1.967873
1.992746
1.993020
1.997752
1.967030
1.986601
2.003959
2.013739
1.990709
1.995752
2.002682
1.999111
1.991357
1.989917
2.006099
2.006732
2.015537
2.027051
2.017650
2.022006
1.991819
1.980427
1.972925
1.980267
1.981547
1.968744
2.005731
2.013806
2.020217
2.030274
2.026308
2.014502
2.003539
1.996599
2.015883
1.993297
1.991846
1.991981
2.002517
1.998840
1.997222
2.018064
2.009511
1.995084
1.986581
1.992603
1.987885
1.984473
1.982622
1.984791
2.004375
2.004166
2.017004
2.020024
2.025398
2.037973
1.991606
1.980086
1.972758
1.984967
1.984421
1.968518
2.004434
2.010464
2.018818
2.027087
2.024775
2.013602
2.002841
1.995210
2.013078
1.992646
1.989120
1.991333
2.001728
1.998435
1.996144
2.017115
2.010082
1.992858
1.998833
2.003873
2.035886
2.050088
2.045442
2.029284
1.999868
2.000787
1.990620
1.977627
1.991196
2.003832
2.017469
2.010289
1.993554
2.007590
1.996634
2.009450
2.007723
2.013598
2.034321
2.020199
2.021218
2.016540
1.976793
1.978093
1.988001
2.004132
1.998748
1.997541
1.994130
2.000442
1.998068
1.975197
1.985982
2.001170
1.997997
2.003000
2.032264
2.051177
2.036737
2.021544
1.997888
1.998408
1.987918
1.975450
1.989423
2.002967
2.014890
2.003982
1.981197
2.001392
1.996834
2.010085
2.007084
2.012911
2.033701
2.020076
2.021428
2.014847
1.974168
1.975357
1.981079
1.996356
1.993030
1.993344
1.995777
2.001613
1.998242
1.970981
1.981497
1.990998
1.997652
2.003655
2.002546
1.974759
1.984962
1.988245
2.001669
2.001029
1.965866
1.973431
1.987173
2.016514
2.006728
2.009530
1.983035
1.980866
1.979374
1.967792
1.972570
1.975334
1.988343
1.997443
2.008937
2.022056
2.003926
1.996761
2.001780
1.978523
1.995289
2.009713
1.985354
1.995676
1.963212
2.007462
2.013646
2.015740
1.995133
1.999093
2.011701
1.989553
1.992200
1.997336
2.003605
2.006606
1.979238
1.986667
1.997691
2.029816
2.004274
2.005742
1.974590
1.972237
1.973520
1.968855
1.973992
1.976711
1.992715
1.998064
2.008280
2.018911
2.003443
1.996564
2.002873
1.971795
1.991329
2.010213
1.985887
1.996212
1.963008
2.006232
2.012107
2.013623
2.012794
2.028860
2.052712
2.045825
2.028307
2.030149
2.005992
2.009775
1.998497
2.018703
2.018627
2.014093
1.993220
1.987898
1.989404
1.979231
1.985478
2.005910
2.000943
1.997715
1.988408
1.984959
1.991966
1.983872
2.008898
2.008209
2.022829
2.014907
2.011790
2.000242
2.002789
1.995544
1.991514
2.003544
1.990447
2.010773
2.010084
2.022133
2.044434
2.026613
2.019316
2.026998
2.004398
2.005463
1.988106
2.009260
2.014355
2.014141
1.992672
1.988271
1.993026
1.986626
1.990827
2.003327
2.001093
1.997969
1.987911
1.980789
1.988660
1.982954
2.008944
2.007907
2.021249
2.013446
2.012484
2.003592
2.002230
1.994242
1.990372
2.002014
1.991684
2.014416
2.003306
1.994048
1.991573
2.019220
2.011243
2.002521
1.998702
2.005321
1.995688
2.005430
2.006382
1.981016
1.991957
1.996413
2.013928
1.966410
1.965842
1.979353
1.997009
1.999725
1.970576
1.997180
1.986496
1.993947
2.004324
1.999699
2.005220
2.010305
2.009357
1.990204
2.008512
2.006962
2.032295
2.025132
2.023125
2.029023
2.000233
1.992349
2.004385
2.021529
2.017037
2.013284
1.999291
2.003742
1.981223
1.987521
1.998836
1.977537
1.992684
1.996286
2.012709
1.970060
1.965052
1.978056
1.996948
1.999097
1.968468
1.999008
1.989850
2.000453
2.003936
1.998935
2.004804
2.009516
2.009495
1.985893
2.008312
2.006933
2.032194
2.022701
2.019637
2.028432
1.995849
2.003732
2.031466
2.011818
2.008527
2.010918
2.002528
2.007785
2.026697
2.004586
2.001234
2.014582
2.010203
2.002789
1.989000
2.017076
2.018554
2.024067
1.999710
2.010320
2.022487
2.017143
2.003849
1.996801
2.006292
2.012172
2.006803
1.997878
1.996415
2.011497
1.999932
2.003965
2.009213
1.991230
1.994118
2.006849
1.991698
2.001676
2.008923
1.986718
1.987893
2.013003
2.002412
2.008509
2.030724
2.010981
2.007149
2.011963
2.012291
2.006640
1.996639
2.026235
2.025831
2.031143
1.998491
2.010735
2.022190
2.019273
2.008505
2.002977
2.006174
2.011885
2.007411
1.999718
2.001666
2.013313
1.999419
2.002650
2.006117
1.993662
1.996860
2.006855
1.999962
2.004435
2.004981
2.008490
1.989334
1.984610
2.000989
2.000993
2.022374
1.992126
2.002484
2.006965
1.987204
1.992405
2.000426
1.999690
1.993959
2.001145
2.009668
2.007600
1.998387
2.011843
1.992561
2.012216
1.979971
1.992871
1.981974
2.005544
1.999868
2.009388
1.994388
1.989090
1.971090
1.992980
2.001854
2.003834
2.001527
2.006088
1.996867
1.992783
1.979446
1.989110
1.999343
1.998509
2.018334
1.989538
2.003873
2.010131
1.985537
1.989541
1.996760
1.999272
1.995576
2.001352
2.009276
2.006620
1.997331
2.011375
1.986335
2.003482
1.979181
1.991757
1.979030
2.002825
1.997252
2.006752
1.992766
1.986606
1.967257
1.992555
2.001865
2.004548
2.021931
2.023309
2.005136
1.990549
1.999660
2.002321
2.009537
1.999836
1.979434
1.991456
2.003020
2.020824
2.016466
2.019901
1.995553
1.987067
1.979349
1.971047
2.009595
2.004062
1.989969
2.010323
2.007796
2.002367
2.003632
2.008141
2.006737
2.033836
2.024824
2.021000
2.013725
2.025477
2.039630
2.034102
2.024965
1.991458
2.019314
2.017996
2.005841
2.000932
2.003243
2.012030
2.008907
1.999896
1.980055
1.991088
2.003029
2.027646
2.016606
2.018041
1.996012
1.987663
1.982099
1.977080
2.007635
2.004171
1.989905
2.007281
2.007155
2.000113
2.005543
2.010830
2.013124
2.038950
2.027539
2.023024
2.013286
2.024744
2.043107
2.036775
2.028356
1.997051
1.993779
1.999729
1.991027
2.005525
2.007381
2.020621
2.013803
2.018408
2.042293
2.042457
2.028335
2.010380
2.005986
2.003233
1.986895
2.011993
2.022418
2.017360
1.994503
2.006405
2.000050
1.994137
2.014234
2.011574
1.997289
2.012156
2.010136
2.005822
2.001941
2.005745
2.003353
1.997356
1.990274
1.983163
1.981677
1.963494
1.990590
1.994079
1.979748
1.986987
1.989645
2.006190
2.013008
2.015676
2.035460
2.042758
2.028827
2.015559
2.007339
2.004492
1.984583
2.014352
2.022599
2.014269
1.994646
2.006349
1.998170
1.990482
2.009433
2.012464
1.997273
2.012742
2.009918
2.007049
2.003489
2.007162
2.003486
1.997377
1.989721
1.983800
1.981923
1.964142
2.005686
2.018067
2.022669
2.017475
2.017982
2.007469
1.989569
1.991892
2.017402
2.012561
2.004003
1.993425
2.006322
2.010356
2.024644
1.998594
2.006859
1.998783
2.004403
2.009055
2.009143
1.977279
1.992354
1.985389
1.998797
1.989877
1.990992
2.005613
2.010783
1.993543
1.995712
2.004934
1.994773
2.015661
2.023088
2.030754
2.000793
2.011293
2.004327
2.003957
2.007865
1.994103
1.988544
1.991376
2.021722
2.021044
2.006084
1.998076
2.007549
2.013129
2.032272
2.006714
2.017378
2.012459
2.002198
2.006419
2.006994
1.984235
1.998506
1.989592
1.999054
1.989572
1.991588
2.008070
2.014038
2.002621
1.995712
2.004934
1.994760
2.015463
2.023021
2.031532
2.003843
2.013705
2.020417
2.009651
2.019009
2.016381
2.006419
2.007417
2.001460
1.986804
1.983388
1.981044
1.994533
1.998162
1.992925
1.983392
1.984081
1.973507
2.003964
1.990292
2.010158
2.008493
2.010225
2.001318
1.998831
1.998975
1.994657
2.011717
2.021503
2.005341
2.001426
2.000439
1.985869
1.999912
1.997205
1.997504
2.003789
2.016078
2.019757
2.009833
2.011203
2.008644
2.003498
2.005168
1.993798
1.984778
1.981618
1.982461
1.993674
1.999189
1.993135
1.990062
1.988645
1.984614
2.003317
1.989535
2.008940
2.010914
2.011398
2.003524
2.000571
2.000492
1.997393
2.012021
2.022705
2.002820
2.002382
2.001083
1.985827
1.997944
1.994092
1.993378
2.013655
1.998492
1.977190
1.986491
1.978468
1.968836
2.014648
2.028696
2.023533
2.025305
2.013716
2.000923
2.008175
1.999464
1.999668
2.000712
2.004879
1.995868
2.002057
1.996230
1.977916
2.011742
2.007528
2.000325
1.999136
2.007123
1.987869
1.960547
1.967715
1.966567
2.002419
2.001563
1.972071
1.985288
1.993497
1.994493
2.015403
2.004909
1.996403
1.999565
1.994570
1.978552
2.014034
2.028895
2.028527
2.026923
2.019651
2.010938
2.005791
1.995606
1.993389
1.997061
2.005822
2.003787
2.002178
1.996741
1.977260
2.012158
2.007845
2.003744
1.999089
2.007248
1.992291
1.968310
1.971172
1.969135
2.000674
1.999889
1.972288
1.986103
1.993577
1.994202
2.001703
1.995015
1.991270
2.019946
2.012042
2.002412
2.018685
2.020132
2.035979
2.022845
2.017020
2.034508
2.007245
2.007984
2.007062
2.013983
2.019918
2.027502
1.987511
1.981952
1.982090
1.991726
1.973435
2.008986
2.009838
2.021169
2.021939
2.029743
1.994584
1.993474
2.009397
2.024054
2.009747
1.997455
2.002460
2.000671
1.997817
1.993579
1.982661
2.024558
2.011737
2.007036
2.015129
2.017826
2.032240
2.011772
2.009023
2.028608
2.005711
2.005138
2.001228
2.016550
2.024723
2.033614
1.990578
1.987309
1.989470
1.997299
1.979726
2.009021
2.009148
2.019517
2.016814
2.023535
1.989201
1.992881
2.011401
2.025935
2.012801
2.000141
2.003186
1.999545
1.998850
2.000766
1.996982
1.994412
1.992482
2.007941
1.999675
2.011917
2.025048
2.014125
2.000452
2.002616
2.001986
1.998018
1.998018
1.975756
1.994111
2.003616
1.981919
1.991036
1.990411
1.969817
1.985114
1.995221
1.996733
1.999994
1.999230
2.007431
2.005050
2.009732
1.994327
1.984471
1.987233
1.966469
1.981130
1.991883
1.998990
2.000487
1.986245
1.985340
1.980667
1.994737
2.000416
2.014035
2.029507
2.030651
2.019847
2.014740
2.001530
1.996087
1.993214
1.978314
1.992840
1.991486
1.980951
1.988730
1.991726
1.976425
1.992924
2.005197
1.995788
1.997356
1.992757
2.002987
2.000971
2.006151
1.994186
1.983318
1.987479
1.969456
1.984493
1.994080
2.007353
2.016865
1.989414
1.979450
1.985346
1.971416
2.011007
2.000609
1.984249
1.998965
1.990498
1.982333
2.004979
2.008925
1.992925
1.966644
1.953334
1.970988
2.013945
2.010249
1.987183
2.004306
1.997972
1.992161
1.997156
2.004166
2.000397
1.984430
1.983448
2.002038
2.003186
2.014129
2.025969
2.030819
2.002905
2.001230
2.010117
2.022829
1.986491
1.993602
1.997864
1.982623
2.011098
2.001528
1.986510
1.991525
1.987314
1.974363
2.006514
2.009078
1.998059
1.972343
1.957663
1.974451
2.013409
2.009353
1.985852
2.000662
1.995124
1.996066
1.997068
2.004094
2.001929
1.984707
1.985004
2.006747
2.002809
2.013730
2.023107
2.028457
2.000960
2.000637
1.990174
1.995358
2.002208
1.999016
1.992550
1.989794
2.004236
1.985515
1.965317
1.997614
1.999772
1.992805
1.999600
2.004144
2.012040
2.009588
2.019030
2.008879
2.005602
2.013845
2.009745
2.018268
2.000748
1.996966
1.993147
1.984986
1.985631
2.002071
1.991513
1.975137
1.998873
2.003733
1.987291
1.979020
1.978182
1.965761
1.986046
1.992210
1.987411
1.984153
1.983667
1.984597
2.002971
1.984435
1.968963
1.994976
1.998140
1.991134
1.998756
2.004404
2.016407
2.014294
2.020016
2.010505
2.004524
2.012214
2.006421
2.009734
1.996546
1.992881
1.992503
1.984320
1.985402
2.000685
1.988165
1.974630
1.997289
2.000459
1.980743
1.971024
1.971397
1.961583
2.001026
2.006554
2.047862
2.047391
2.041636
2.022133
2.003706
2.015404
2.002787
1.988327
1.984407
1.978196
2.022235
2.037382
2.021034
2.018401
2.018275
2.032902
2.002549
2.007496
1.986014
1.991331
1.998124
2.002726
2.010810
2.022464
2.018267
2.009195
2.003217
1.989073
1.996265
1.989105
1.983668
1.987161
1.991497
1.975910
1.998715
2.003949
2.041078
2.047383
2.032036
2.012777
1.999128
2.008778
1.992039
1.992471
1.988404
1.984388
2.023561
2.040247
2.024387
2.019928
2.020602
2.031408
2.001284
2.006879
1.981728
1.978450
1.985646
1.995675
2.011488
2.023684
2.017324
2.008594
2.003705
1.992431
1.996061
1.989879
1.985283
1.987360
1.991211
1.978266
1.997788
2.003542
2.002294
1.975266
1.985910
1.988562
2.003725
2.005344
1.998326
2.016964
1.997725
2.009965
1.995708
1.997854
1.985259
1.966587
1.991130
2.001055
1.987522
1.989280
1.963169
1.952662
1.967140
1.985642
1.998802
2.013715
2.016565
1.992977
1.995961
2.010912
2.008675
2.006388
1.981091
2.027491
2.010462
2.015722
1.995269
1.998981
2.011487
1.990061
1.993147
1.997653
2.002897
2.002471
1.993610
2.015840
1.999201
2.005323
1.994576
1.995470
1.977112
1.949537
1.978238
1.988228
1.986455
1.988473
1.965652
1.956995
1.970185
1.990628
1.999686
2.015961
2.021003
2.000130
2.002142
2.017856
2.008656
2.006339
1.980693
2.026590
2.008871
2.013360
2.012751
2.029162
2.050836
2.045732
2.029662
2.032539
2.017815
2.028187
2.054100
1.974351
1.984862
1.991514
2.008097
2.015055
2.028496
2.025693
2.016753
2.014101
1.994016
2.003590
1.991112
1.950736
1.964971
1.967879
2.015377
2.018703
2.020381
2.014976
2.016418
2.009216
2.015593
2.015494
2.028104
2.007403
2.010684
2.006623
2.010641
2.022757
2.043216
2.026888
2.020873
2.028744
2.011847
2.016529
2.044590
1.973352
1.983160
2.004429
2.008455
2.015157
2.028601
2.028092
2.018013
2.015029
1.993074
2.002548
1.990550
1.947761
1.962970
1.969514
2.017687
2.020634
2.025707
2.016718
2.014770
2.007311
2.015467
2.016016
2.026885
2.008059
2.010357
2.005243
2.003253
1.994118
1.991477
2.019237
2.011453
2.003416
1.991759
1.991064
1.974108
1.966237
1.968718
1.978519
2.011790
2.022432
2.037420
2.028734
2.009863
1.975502
1.987191
1.984414
1.969767
1.984537
1.993790
2.005733
2.005907
2.022586
2.014304
2.029741
2.023198
2.018169
1.990559
1.997324
2.019806
1.994949
2.002334
2.004704
2.000180
1.992419
2.004289
2.021547
2.017246
2.014179
1.993174
1.994461
1.977211
1.968255
1.967777
1.971025
2.012551
2.023243
2.036474
2.028763
2.012245
1.977006
1.988494
1.986597
1.973659
1.981868
1.990759
2.006463
2.004962
2.021868
2.010602
2.026251
2.022434
2.022371
1.991830
1.998875
2.023356
1.998356
2.004440
2.005219
1.997442
2.006010
2.034811
2.014737
2.010357
2.013433
2.005932
2.016930
2.037059
2.035269
2.016676
2.019456
1.997448
2.001445
2.018098
1.999104
1.997024
2.014499
1.998529
2.003728
1.998137
1.975788
1.991294
2.000875
1.982545
1.995627
2.003905
2.026522
2.029489
2.026865
2.016597
2.017667
2.027163
2.016195
2.016348
2.009992
1.992347
2.002575
2.012542
1.988577
1.990467
2.016619
2.003015
2.011473
2.026309
2.035318
2.011992
2.014797
1.997919
2.002615
2.015745
2.001060
1.991143
2.011387
1.999350
2.003891
1.999129
1.976580
1.988445
2.000273
1.980966
1.992778
1.999295
2.020148
2.025538
2.024774
2.016505
2.017021
2.026298
2.014577
2.015670
2.008719
2.000072
2.003710
2.005251
2.009377
1.989339
1.984192
2.005004
2.010270
1.994845
2.007528
2.018757
2.013947
2.006487
1.993025
2.009845
1.995187
1.987920
1.981410
1.997931
2.016092
2.026374
2.006349
1.996672
2.006297
1.982203
1.990318
1.963786
1.964637
1.982161
1.981192
2.007007
2.003968
2.019909
2.006915
2.012735
1.988371
2.001637
2.005364
1.997137
1.993477
1.979509
1.988644
2.007309
2.016227
2.003785
2.012420
2.021201
2.017894
2.007747
1.995869
2.010526
1.997630
1.993701
1.986087
1.997047
2.015646
2.024932
2.013310
2.003694
2.008908
1.981575
1.989596
1.963326
1.967056
1.984572
1.986798
2.006973
2.003602
2.017924
2.006829
2.013435
1.991489
2.021990
2.023235
2.005096
1.990689
1.999929
2.002344
2.003727
2.020059
2.006019
2.020120
1.997101
1.986762
2.017634
2.019083
2.029169
2.046206
2.048341
1.993060
1.995074
1.998462
1.991129
1.979449
1.981715
1.968610
1.992591
1.983967
1.979056
1.938266
1.950683
1.954423
1.999654
1.998704
2.006115
1.997627
1.999398
1.995426
2.019374
2.017922
2.005802
2.001072
2.003512
2.012052
2.007019
2.025674
2.013395
2.029748
2.003687
1.995561
2.014311
2.014209
2.029700
2.048688
2.048740
1.987750
1.995664
1.997547
1.988892
1.980781
1.983400
1.967789
1.994942
1.990197
1.992139
1.949883
1.955231
1.952972
1.999654
1.998400
2.005735
1.998897
2.000170
1.998678
1.993650
1.999687
1.991029
2.004739
2.007083
2.022418
2.000632
2.010798
2.014860
2.003680
1.986799
1.969938
2.001263
2.001315
2.006499
1.983329
1.989948
1.972341
2.004063
2.000091
2.004001
2.002190
2.012616
2.016639
2.013732
2.013821
2.007494
1.988505
1.991600
2.005229
1.987629
1.984577
1.952022
1.966686
1.977976
1.988062
1.990460
1.994037
1.979751
1.986273
1.989446
2.007988
2.001370
2.011207
2.027022
2.014824
1.997275
1.986746
2.004230
2.006252
2.011229
1.996795
2.002761
1.980940
2.004490
1.999326
2.002352
2.004392
2.010719
2.011989
2.012744
2.012703
2.006621
1.986429
1.990243
2.007292
1.987805
1.984403
1.951713
1.967614
1.979450
1.989440
2.005550
2.017936
2.022675
2.017700
2.018372
2.008469
1.993441
2.001093
2.001452
2.002366
2.010453
2.021518
1.998667
2.005476
2.018618
2.021632
2.017501
2.018888
2.015248
2.020753
2.013786
2.026934
2.023383
2.026596
2.002429
2.008142
2.000885
1.991016
1.992364
1.981657
1.986966
1.979309
1.955135
1.960681
1.976761
1.996364
2.000658
2.011162
2.004333
2.004182
2.008255
1.995137
1.990753
1.998805
2.001739
2.000453
2.011613
2.025245
1.996447
2.003117
2.013550
2.008841
2.009764
2.010514
2.016076
2.020534
2.013858
2.024912
2.023289
2.025754
1.999744
2.007479
2.000872
1.995324
1.996042
1.984837
1.986890
1.980834
1.958847
1.963464
1.978075
1.991540
2.002344
2.011492
2.015304
2.003352
2.015057
2.014553
2.007165
2.021119
2.031525
2.041405
2.029702
2.044674
1.998168
2.006251
2.039774
2.007541
2.007583
2.013098
1.996261
2.002139
1.997697
2.017781
2.011806
2.032397
1.993795
1.990185
1.987867
1.993049
1.980029
1.954975
2.008909
2.021739
2.037284
2.042300
2.044236
2.010840
2.003087
2.014210
2.016405
2.003829
2.007694
2.006273
2.004989
2.019665
2.035040
2.027977
2.018087
2.032749
1.998735
2.005577
2.041905
2.003984
2.005628
2.010287
2.000766
2.008285
2.003919
2.021432
2.016646
2.031798
1.993433
1.987308
1.991161
1.997372
1.980546
1.951987
2.009794
2.022754
2.037198
2.043151
2.044163
2.011007
2.012817
1.997578
1.976175
1.987186
1.979721
1.967115
2.002893
2.002542
2.009572
2.028364
2.014515
2.024637
1.993270
1.992451
2.003256
2.015055
1.998510
1.982294
2.010370
2.004148
1.997451
2.049132
2.035765
1.999946
1.995997
1.997649
1.993919
2.023834
2.011217
1.981671
2.005850
2.009395
2.004164
2.016903
2.028859
2.036707
2.014990
2.004480
1.995211
1.999932
1.993981
1.976382
2.007108
2.007328
2.009946
2.022119
2.012724
2.022690
1.990853
1.989751
1.999477
2.006395
1.992676
1.978820
2.010970
2.005612
2.009579
2.054183
2.035848
1.996366
1.996594
1.996902
1.991770
2.024951
2.009763
1.979511
2.006596
2.010213
2.004893
2.016511
2.026572
2.034306
2.001227
1.994722
1.989973
2.019176
2.011779
2.003837
2.015755
2.015404
1.997926
2.010534
2.012315
1.995061
1.992339
1.984058
1.979656
2.003840
1.993130
2.016993
2.011505
2.001981
1.991301
1.971345
1.974125
1.989375
2.001538
2.014086
2.043238
2.028385
2.027733
2.034396
1.992197
1.984605
1.992669
1.996700
1.999694
1.999992
1.997341
1.993285
1.981364
2.023557
2.011540
2.008462
2.014682
2.011573
1.995118
2.005601
2.009979
1.993074
1.992873
1.986994
1.986368
2.012708
1.996788
2.012758
2.011909
2.004976
1.995976
1.977699
1.977934
1.990914
2.000193
2.010527
2.033908
2.020925
2.020710
2.027361
1.992324
1.985475
1.994291
1.998550
2.002839
2.001334
1.997797
1.999136
1.996230
1.994824
1.993415
2.008802
1.998302
2.009936
2.018727
1.969497
1.970746
1.984980
1.999047
1.999742
1.992117
1.985295
1.984168
1.979692
1.993375
1.997640
2.015175
1.986193
1.997064
2.020608
2.012458
2.021395
2.026858
2.026261
2.018475
2.009463
1.984376
1.969686
1.976334
1.996835
1.995543
1.990276
1.997937
1.998857
1.985493
1.985694
1.981604
1.995598
1.995773
2.009655
2.024478
1.972188
1.968749
1.982190
2.003041
2.005799
1.998322
1.995174
1.989572
1.982067
1.993935
1.997220
2.016426
1.986834
1.995212
2.016745
2.012313
2.021503
2.023445
2.025609
2.017082
2.009022
1.985179
1.970075
1.978019
1.997858
1.997217
1.988842
2.006134
2.015558
1.989589
1.980554
1.986004
1.972104
2.004170
1.998191
2.021814
2.030476
2.011916
2.009129
1.995831
2.007072
2.008148
1.984407
1.995022
2.014037
2.002749
2.004511
2.001899
2.021765
2.012708
2.016304
1.983304
1.984978
1.987312
1.983087
1.974203
1.985520
2.000968
2.011301
2.030020
2.017394
2.018363
2.023236
2.008899
2.021522
1.986666
1.994491
1.998416
1.983368
2.001186
1.995438
2.022224
2.026868
2.011687
2.005194
1.995184
2.006162
2.004827
1.989282
1.996984
2.017565
2.001260
2.004070
2.000163
2.019477
2.013700
2.016874
1.982301
1.984824
1.986790
1.978303
1.969602
1.981444
2.001642
2.011486
2.031345
2.019340
2.020297
2.019440
1.990347
1.995464
2.002820
2.000246
1.992010
1.990037
2.010667
2.007963
1.988805
1.993770
1.988721
2.003838
1.987064
1.997554
1.982986
1.982906
1.996307
2.003322
1.991009
2.004861
2.024718
1.973608
1.990083
2.001870
2.008651
2.020584
2.007687
1.997825
1.998401
2.021092
2.001588
2.006094
1.979294
1.980325
1.986698
1.974243
1.986219
1.992316
1.988023
1.985383
1.983188
1.984842
2.014317
2.013525
2.007844
2.012884
2.001618
2.006583
1.985736
1.995656
1.982233
1.973326
1.989773
1.993984
1.990794
2.004542
2.024719
1.970655
1.985118
1.996043
2.007545
2.019229
2.008465
1.997890
2.000162
2.022302
2.001419
2.005910
1.977716
1.983258
1.989218
1.976047
2.001364
2.007381
2.048946
2.052848
2.045747
2.024136
2.006171
2.006822
2.015792
2.025644
2.016751
2.023089
1.995893
2.004700
2.018465
2.000512
2.000500
2.018179
2.016235
2.023798
2.017752
2.008138
2.006699
1.999534
2.013267
2.023379
2.025287
2.018091
2.023282
2.023091
2.002485
2.007289
2.015139
2.005974
1.997322
1.991909
1.999053
2.004853
2.042311
2.052691
2.035518
2.012759
2.004448
2.004256
2.017259
2.018618
2.024499
2.039055
1.995863
2.003660
2.017143
1.999196
2.002370
2.019622
2.019128
2.026056
2.018077
2.011907
2.006389
2.001374
2.011839
2.022651
2.024089
2.015255
2.021242
2.020192
2.002198
2.007346
2.014895
2.004046
1.996691
1.989798
1.997675
2.003430
2.002052
1.975311
1.985334
1.988277
2.000346
2.000651
1.991575
1.976099
1.989876
2.005006
1.992756
1.991368
1.987946
1.963613
1.965482
1.967034
1.999129
1.985791
1.980811
2.006166
2.012207
2.036946
1.993560
1.997241
1.995379
2.000419
2.006730
2.018475
1.999723
2.002427
2.010563
2.034662
2.029875
2.031001
1.995156
1.998869
2.011275
1.990106
1.992571
1.997368
1.998228
1.998288
1.988873
1.973922
1.988105
2.004141
1.993667
1.995322
1.995897
1.983215
1.975947
1.979934
1.999074
1.985558
1.980384
2.002854
2.008289
2.031284
1.992785
1.996652
1.996781
1.998160
2.003747
2.012371
2.000112
2.002860
2.008244
2.031760
2.029083
2.027289
2.012813
2.028671
2.052808
2.045764
2.028419
2.030206
2.001194
2.000277
1.965375
1.971480
1.984725
2.014347
1.996198
2.004333
1.978147
1.983206
1.986342
1.977323
2.004449
2.019586
2.027113
2.011729
2.002677
2.010131
1.988532
1.998355
1.981908
1.996876
1.978922
1.991762
1.999198
2.009637
1.994980
1.981891
1.987135
2.004665
2.010333
2.022404
2.044528
2.026553
2.019269
2.026957
2.003130
2.005854
1.978930
1.984874
1.995277
2.027649
1.997204
2.005108
1.977541
1.988571
1.989413
1.978140
2.001860
2.017663
2.021797
2.010625
1.999934
2.004430
1.988924
1.997816
1.981527
1.997248
1.980809
1.990408
1.999430
2.010184
1.995607
1.982023
1.988155
2.004990
2.003454
1.993519
1.987336
2.017733
2.011554
2.003440
2.005947
2.009802
1.998267
2.018515
2.018386
2.014121
2.006360
2.024402
2.039391
2.013525
2.008848
2.009549
1.998282
1.995085
1.998949
1.978929
1.985767
1.998961
2.010305
2.018683
2.032983
2.001848
1.995878
1.976230
1.994524
1.996621
2.000148
1.985063
1.988773
1.986846
2.000381
1.991820
1.999968
2.017461
2.016602
2.014677
2.004353
2.005490
1.987876
2.009072
2.014114
2.014169
2.007732
2.026399
2.041934
2.012128
2.008104
2.004053
1.999260
1.997519
1.998952
1.977048
1.984346
1.994160
2.008018
2.016377
2.032116
1.998853
1.992335
1.969840
1.994794
1.996951
2.004801
1.990511
1.991745
1.990348
1.995899
2.004090
2.032788
2.016373
2.010020
2.013506
1.998103
2.004365
1.994883
2.003875
2.006548
1.982333
2.015580
2.042362
2.043561
2.042097
2.023140
2.009210
2.017020
2.031012
2.021218
2.020906
2.016472
2.007788
2.007364
2.008722
1.992682
1.984116
1.983026
1.987570
2.007638
2.012341
1.990243
2.008764
2.005519
2.009890
1.991459
2.000711
2.008539
1.988293
1.989189
2.013312
1.998692
2.002787
1.980417
1.985890
1.999002
1.978854
2.014133
2.039312
2.043038
2.040292
2.027525
2.017045
2.017738
2.031493
2.024321
2.020858
2.017408
2.007987
2.005123
2.005730
1.987071
1.977376
1.975713
1.983051
2.007263
2.012040
1.989855
2.006205
2.002878
2.010627
2.000064
2.004431
2.004886
2.007783
1.988770
1.982946
2.003143
2.008625
2.029997
2.005061
1.999862
2.016004
2.002514
2.010257
2.017637
2.029385
2.016257
2.013225
1.996714
2.008618
2.038479
2.040061
2.021883
2.009723
2.011673
2.022702
2.029223
2.036167
2.015814
2.008459
2.000260
2.002073
1.997271
1.959175
1.965047
1.972967
2.001629
2.006084
1.996773
1.992077
1.978882
1.987446
2.003028
2.009349
2.034024
2.009822
2.004446
2.012076
1.998023
2.002461
2.006694
2.019537
2.013538
2.015240
1.994759
2.004966
2.028134
2.031935
2.015796
2.008210
2.012024
2.024322
2.032858
2.038281
2.018625
2.011329
2.000260
2.001989
1.996068
1.958543
1.963664
1.970975
2.021742
2.023216
2.005705
1.990364
1.998617
1.997777
2.001221
2.001924
2.021840
1.989857
2.001739
2.007763
1.991511
1.999804
2.012877
1.974417
1.988517
1.983810
1.989217
1.973353
1.988524
2.000751
1.984571
1.985779
2.003958
2.010575
2.033105
2.022987
2.013165
1.995843
2.012095
2.009744
2.012241
2.010607
2.007664
2.001775
2.019126
2.017903
2.006411
2.000747
2.001927
2.006604
1.998376
1.997711
2.015783
1.985725
2.001245
2.009955
1.993995
2.002805
2.017417
1.976483
1.989962
1.985307
1.990334
1.974362
1.988221
2.000417
1.987269
1.990547
2.003129
2.008338
2.028680
2.019893
2.011527
1.998452
2.010461
2.008313
2.012774
2.011550
2.009172
2.002829
