2.010747
1.998938
1.980274
2.012009
2.018379
2.027846
2.007211
1.977630
2.000641
2.009586
1.997005
1.978547
2.004016
2.006123
1.994900
2.002850
2.009107
2.004115
2.010062
2.003750
2.004704
1.999945
2.019711
2.020100
1.999986
2.007707
2.032750
2.015391
1.994217
1.979049
1.964497
1.959906
1.998272
1.999282
1.981040
1.953139
1.993469
1.989041
1.967277
1.982861
2.004418
2.017090
2.038516
1.993784
2.002845
1.998596
1.998158
2.009988
1.987919
1.992737
2.021070
2.021303
1.988982
1.986241
1.994061
1.992017
1.989243
1.996111
2.033154
2.018945
2.010963
2.010831
2.017923
1.972497
2.000030
1.990489
1.995536
1.998642
2.007321
2.008112
2.017446
2.006892
1.984274
1.982679
2.005348
2.001455
2.008658
2.007424
1.990248
1.975940
1.990500
1.981218
1.978535
2.006971
1.996188
1.988821
2.014213
1.995306
1.975686
1.964723
1.965863
1.958994
2.001744
1.998695
1.996589
1.990400
1.996152
1.992259
2.016233
1.994394
1.993388
1.995400
1.995686
2.002519
1.981841
1.969373
1.950105
1.975551
1.994115
2.002366
2.009001
2.020783
2.009753
2.023641
2.030398
2.020690
1.997728
1.989721
1.986846
1.983059
2.004268
2.007647
2.020483
2.010035
1.988817
1.998704
2.003705
2.001246
2.000157
1.996264
1.979261
1.971705
1.987517
1.981779
1.994899
2.025643
2.008611
2.015597
1.994215
1.988875
2.012701
2.015408
2.057063
2.054729
2.011537
2.006255
2.007672
2.003564
1.998096
2.007051
2.007301
1.989975
1.991167
1.987806
2.008857
2.007752
1.985105
1.984112
1.997539
1.983208
2.002299
2.010689
2.014754
2.019225
2.006462
2.013765
1.990959
1.985225
1.996903
1.994711
2.021172
2.029183
1.991915
1.992786
1.982851
1.986614
2.003636
2.004455
2.023779
2.011048
2.006214
2.000656
2.009724
2.013995
2.007086
2.004401
1.980242
1.983868
2.009579
2.006822
2.025472
1.988692
2.002239
2.003148
2.023728
2.022287
2.005902
1.997790
1.997525
1.990791
1.997953
1.988708
1.974932
2.007818
2.005904
2.008995
1.991125
1.990871
1.992321
1.991517
1.964854
1.997685
1.998235
1.989298
2.002084
1.988548
2.004050
1.999964
2.006055
2.025338
1.987768
1.987320
1.965474
1.976872
1.992791
1.986946
1.986266
1.974058
1.998936
2.010751
2.022900
2.025806
1.990240
1.985298
1.980656
1.995685
1.996336
2.000321
2.022914
2.005076
1.983993
1.977945
1.963905
1.984080
1.995037
1.982406
1.981169
2.000448
1.992981
1.986218
1.955886
1.944077
1.990792
1.998822
2.037157
2.047400
2.003197
2.000856
2.012488
2.009365
2.013735
1.999356
2.014979
2.022046
2.011146
2.002770
1.997525
1.980371
2.014071
2.025356
2.032070
2.035189
2.001199
1.994157
1.970860
1.985849
1.990673
1.990820
1.984807
1.982628
1.992467
2.009402
2.032426
2.020394
2.026384
2.020551
1.999402
2.009430
1.989727
1.986206
1.948685
1.972947
1.998334
1.986386
1.992395
1.996174
1.999511
1.994103
1.989607
1.969835
1.982106
1.982464
1.965435
1.965467
2.010374
1.997408
1.969586
1.979474
1.998729
2.010061
2.014401
2.025723
2.004235
1.993799
2.001037
2.002615
1.995797
2.004040
2.007972
2.018963
1.997483
2.007842
1.996470
1.983560
1.998848
1.999721
1.988635
2.000058
2.000286
1.987843
1.999108
2.004629
2.001053
2.004082
1.995578
2.020374
1.995915
2.000000
1.987227
2.018255
2.008089
2.001314
1.993386
2.010594
1.992894
2.001822
2.000096
1.970887
2.000549
1.998047
2.018201
2.005164
2.008450
1.998714
1.984487
2.006720
1.997206
1.994027
1.996889
1.987536
1.997089
2.008285
2.022569
2.009159
2.000283
2.000804
1.995887
2.010306
2.001532
2.015929
1.992930
1.991959
2.001142
2.012644
2.014688
2.016832
2.007153
2.020458
2.003152
2.012640
2.001261
2.013699
2.013782
2.015515
2.006304
1.998888
1.989941
1.973851
2.004931
1.998197
1.991261
1.985826
1.995954
1.992806
1.978095
1.986444
1.994101
2.001296
1.993439
1.989310
1.993285
1.995826
1.998593
1.973639
2.003936
2.004801
1.988244
1.986724
1.990499
1.997313
1.992170
2.012264
2.003447
2.013086
2.051707
2.023945
1.995482
2.003877
1.978824
1.994156
2.003531
2.007324
2.010558
2.015430
1.990282
1.982517
1.979910
1.972480
2.009563
2.015257
2.011178
2.002877
1.987308
1.982924
1.980095
1.961387
2.000655
2.003600
1.969913
1.997184
1.994685
1.999324
1.982353
2.002309
2.001056
1.997252
1.991860
1.985622
2.013251
2.013490
2.023053
2.010972
1.991565
1.987142
1.968810
2.001842
1.986668
1.985231
1.965466
1.961454
2.000253
2.004037
2.019090
2.032089
2.012669
2.009312
2.012545
2.015907
1.992698
2.004362
2.007104
1.993920
2.014389
2.024436
2.003388
2.016516
2.004594
2.001428
2.004109
2.013972
2.003046
2.009096
2.032598
2.026517
2.010822
2.004935
2.030219
2.004324
1.984938
2.002508
2.026124
2.002655
2.010586
2.011334
2.030686
2.031935
1.986400
1.990289
1.999711
1.999571
1.984345
1.990645
1.974677
1.966902
1.996230
2.001452
2.007782
2.032472
2.006342
2.009664
2.012483
2.019734
1.987320
1.989785
1.993889
1.989610
1.994781
1.990191
2.004763
1.985349
2.015582
2.018975
2.012812
1.995587
1.997564
2.007831
1.977803
2.005601
2.005252
1.996148
1.997560
2.015863
2.002699
2.008772
2.036116
2.039014
1.990931
2.006891
1.978439
1.995822
1.997358
1.986261
1.994461
2.001249
2.010434
2.003339
1.989941
1.993216
1.998409
2.004474
2.029185
2.009180
1.991548
1.998820
1.999118
1.989618
1.996009
2.006524
2.005282
1.974548
1.998969
1.980405
1.991736
2.000930
1.996476
2.002634
2.015301
2.006660
1.999847
2.005073
2.044540
2.029426
1.994672
1.991686
1.999779
1.982021
1.994397
1.999437
2.027984
2.021439
1.977458
1.983015
1.976480
1.988950
2.011954
2.010426
2.014827
2.003084
2.002021
1.998859
2.008891
2.013518
1.997617
2.006487
2.034602
2.030456
1.994014
2.003071
1.976985
1.994314
1.995759
1.980414
1.967755
1.970875
1.999590
2.001086
1.997329
1.970770
1.989412
1.981395
1.996250
1.989765
2.001459
1.994449
2.012548
2.000986
2.012950
2.004520
1.986236
2.011549
2.001765
2.011702
1.995322
2.022589
1.993542
1.989615
1.964570
1.984408
2.003426
2.006083
2.008687
2.007853
1.988519
1.994016
2.010824
2.029715
2.003207
2.007100
2.011829
2.015164
2.001989
2.000023
1.992314
1.991263
1.994544
1.990248
2.000400
1.974874
2.008768
2.002791
2.006786
2.015320
1.988855
1.994853
1.984078
1.994649
1.991809
2.001573
2.001070
2.007760
1.996094
1.998666
1.976731
1.971977
1.996889
2.001968
1.999362
2.016358
2.000758
2.011573
1.995431
1.990808
1.996850
1.992243
1.999716
1.990209
2.003276
2.012762
2.005992
1.988919
2.002047
2.003781
1.991405
1.981488
1.994069
1.992980
1.981511
1.985570
1.992792
1.992655
1.996415
1.996401
1.996374
2.007878
2.002454
2.004241
2.008924
2.015879
2.013499
2.003183
2.000890
1.995073
1.996149
2.001920
2.008654
2.006809
2.018095
2.034217
1.993274
1.991358
1.998034
2.007888
2.005989
2.014409
2.019770
1.970603
2.011491
2.005380
1.978802
1.980453
2.003222
1.990499
1.978301
1.989042
1.990777
1.992471
1.991771
1.979226
1.988244
2.003019
2.025311
2.062007
2.015363
2.028123
2.027071
1.995035
1.989353
1.983731
1.988853
1.974809
1.995932
2.007423
2.010486
2.026368
2.001025
1.999592
1.986295
2.000803
2.005573
2.013252
2.028001
2.015737
1.998067
1.993479
1.989755
2.004052
2.004006
1.987506
1.980717
2.007520
2.006891
2.010332
2.011094
2.035527
1.999745
1.994360
2.000502
1.957833
1.997981
1.996196
1.988642
1.985853
1.994221
1.995643
2.000413
1.973583
2.001596
1.995013
1.991986
2.018699
1.998344
1.999674
1.983282
1.993445
2.008140
2.008298
2.004122
2.013992
1.992884
1.997171
1.985778
1.990083
1.993297
1.984074
1.982729
2.033868
2.001223
2.010316
2.014559
2.005966
2.007800
2.002568
2.002088
2.010837
1.987944
1.998499
1.985897
1.991732
2.009098
2.014457
2.008459
1.993046
1.995765
1.987934
1.958953
1.992932
1.991188
1.998027
2.007257
2.007631
1.997498
1.985834
1.979696
2.012284
2.002046
2.000712
2.029808
2.010923
2.010448
2.007098
1.979445
2.011148
2.011667
2.029713
2.026473
2.040193
2.016822
2.018197
2.017060
1.989598
2.001018
2.000867
1.987208
1.970295
2.008914
1.999452
2.010275
1.991908
1.996492
2.000813
1.988385
1.956976
1.985526
1.977830
2.005648
2.030350
2.004064
2.008677
2.020027
2.000340
2.006135
2.007730
2.007017
2.005801
1.998195
2.003998
2.024788
2.024861
2.000648
2.008058
1.988483
2.024055
1.998780
2.002229
1.984315
1.996583
1.998770
2.010806
2.001146
1.982636
2.003638
2.008178
2.019225
1.996323
2.015276
2.010814
2.024366
2.008298
1.998294
1.998359
2.005566
2.005309
1.998997
2.019935
2.028337
2.037736
1.993064
1.989640
1.988000
1.977753
1.998487
1.999671
2.013147
2.007600
2.006778
2.000667
1.976355
1.988629
2.001383
2.011509
2.012161
2.008885
2.011160
2.010701
2.017726
1.971810
1.989801
1.984085
1.983893
2.004826
1.991049
1.992164
1.992690
2.012209
2.017308
2.013588
2.021231
1.975537
2.005162
2.010517
2.019251
2.013889
1.991693
2.002917
2.035224
2.033425
1.983027
1.971980
1.967879
1.957399
1.978922
1.996036
2.005492
1.982195
2.011668
2.001247
2.003279
2.002622
2.010891
2.003368
2.006767
2.008965
2.008171
1.994083
2.003831
2.011905
1.983778
1.993727
1.997342
1.990688
1.996558
1.988641
2.024248
2.009797
1.997231
2.010430
2.019177
2.034535
2.022291
2.029700
2.023388
2.026163
2.020769
2.020658
2.022821
2.010691
2.006533
2.000444
2.011781
1.997039
2.004016
2.013303
1.995696
1.999948
1.998815
1.991476
1.971935
1.984352
2.015079
2.022036
2.023411
2.017481
1.999859
2.005523
1.976464
1.989022
1.992946
1.998045
1.997866
2.011539
1.986600
1.985463
1.992479
1.987569
1.982490
1.978454
2.002388
2.012373
2.004708
2.017366
2.020870
1.992306
1.991212
2.001043
2.012739
1.999572
2.003184
2.001723
2.026628
2.011587
1.996971
1.997209
1.993180
1.955728
2.009166
2.015499
2.022020
2.040837
1.987675
2.002189
1.993341
1.982488
1.996148
1.996056
1.963881
1.968483
2.012593
2.003891
2.012750
2.018301
2.007067
2.000031
2.005870
1.991992
1.994047
2.002258
1.997822
1.986535
2.010367
2.019187
2.032018
1.986592
2.017418
2.014226
2.003430
2.013632
2.010848
2.004213
2.005747
2.003329
1.987165
1.992458
1.996398
1.972840
1.997007
1.996049
2.015867
1.970108
2.008152
2.009847
2.012486
1.968639
2.004581
2.011837
1.995919
1.982431
1.990520
1.989730
1.952161
1.978161
1.986084
1.990058
1.983038
2.013003
1.990540
1.986438
1.985491
1.975722
1.997563
1.998236
2.017009
2.000561
1.997028
1.990411
1.984779
1.975821
1.987905
1.997231
2.019816
2.009729
2.025271
2.022958
2.012792
2.003534
1.997838
1.985789
1.963436
1.967766
1.996071
2.004846
1.981950
2.005846
1.998707
1.998684
2.007674
2.009821
1.991816
1.993147
1.984257
1.995070
1.988074
1.993072
1.996642
1.968428
2.002522
1.990077
1.977733
1.987232
2.004903
2.011121
2.047791
2.029202
2.001543
1.999023
1.967908
2.001914
2.010160
2.015277
2.027792
2.013456
2.001906
1.994419
1.993692
1.983380
1.997229
2.013795
2.003895
1.980829
1.995550
1.995985
1.962260
1.963738
1.988709
1.989506
1.978050
2.003713
2.016719
2.018826
2.004848
2.027621
2.005872
2.006676
1.999608
2.003906
2.003625
2.007058
1.998104
1.989353
2.003679
1.990367
1.989135
2.001522
1.994589
2.002802
2.012173
1.998243
2.001687
2.002203
1.990931
2.015594
1.995374
1.999100
2.001931
1.991282
2.016806
2.014205
2.015409
2.020162
1.982063
1.967581
1.970101
2.007661
1.996350
2.000522
2.002697
1.992072
2.000402
2.003217
2.018246
2.020036
2.000983
2.003933
1.995557
1.979070
2.004015
1.994500
1.985602
1.986837
1.993177
1.981839
2.001055
1.987358
2.007131
2.010138
2.027375
1.982667
2.002327
1.988828
1.997623
1.961906
1.999429
1.998968
2.005615
1.952040
2.003194
2.010470
1.994881
2.020125
1.996602
2.004415
2.028481
2.035650
1.998975
1.987967
1.980382
1.974392
2.001998
2.005258
2.014817
1.965043
2.010683
2.002210
2.012833
1.971882
1.997447
1.998942
2.021556
2.030929
2.008193
2.017158
2.010435
2.003063
2.006160
2.001462
1.972297
1.954164
1.991536
1.996697
2.013354
2.010182
1.994549
2.010506
2.031870
1.979422
2.009840
2.015024
2.014363
2.019426
1.997462
2.005049
2.001823
1.982774
2.006020
1.997025
1.993765
2.009981
2.006373
1.995742
2.025776
2.023542
1.994268
1.978454
1.993590
1.989023
1.997105
1.971964
1.932124
1.948076
2.007070
1.997838
2.015733
2.003847
1.985721
1.983757
1.991983
2.001155
1.994109
1.994005
2.006088
2.024598
2.003179
2.012549
2.038854
2.020238
2.012831
2.018029
2.028878
2.045287
1.997302
1.998653
1.990503
2.006881
1.989405
1.993724
1.993484
1.966731
2.019037
2.013875
2.018835
2.023532
2.006173
1.996400
1.987204
1.979441
2.008676
2.010531
2.018259
2.014470
1.991653
1.999807
1.988660
2.013701
2.005294
1.998481
1.950233
1.992003
1.985142
1.977818
1.966742
1.957228
1.985496
1.980067
1.994724
2.011347
1.995679
1.990026
2.018665
1.996796
1.996678
1.989487
1.988446
1.994603
1.987273
1.999557
2.020020
2.005016
1.994025
2.004764
1.992701
2.002301
2.018183
2.009012
2.024242
1.977882
2.006180
2.002799
1.967770
1.971073
1.996616
1.994890
2.020089
2.012151
2.002760
2.001843
1.994726
1.971242
2.012879
2.006495
2.007322
2.006893
1.983258
1.978957
1.953084
1.949011
1.998208
1.998265
1.983881
1.970404
1.998265
1.998577
1.996496
2.023691
1.980216
1.983579
1.977194
1.984169
1.987279
1.992233
1.991964
1.996523
2.006209
2.007404
2.040673
2.011867
2.005489
1.999930
2.039358
2.022597
2.002595
2.005705
2.005856
2.008537
1.996923
1.992079
1.997334
2.001766
1.990700
1.994842
2.008065
2.005205
2.006639
2.004724
1.976257
1.979679
2.007345
2.014380
2.035645
2.036871
2.013239
2.012993
2.058193
2.029676
2.004410
2.010575
2.015417
2.021773
2.011207
2.012044
2.004646
2.000247
2.000116
1.997258
1.992154
1.986840
2.006830
2.015710
2.011103
1.985921
1.997242
1.986588
1.977815
2.009811
1.996709
2.007574
2.004639
2.033207
1.986176
1.999344
1.990411
2.032280
2.005128
1.982608
1.967613
1.988810
1.994778
1.989732
1.986090
1.962069
1.986371
1.992013
1.979610
1.985940
1.985862
1.993434
1.998014
2.019446
1.998549
1.974433
1.967551
1.976880
1.986477
1.996081
2.025849
2.014729
1.997685
2.000483
1.983759
1.990406
2.004907
2.013942
2.011947
2.009402
1.992130
1.992340
1.993594
1.972862
1.995075
1.993137
1.976950
1.980320
1.999899
2.007148
2.008013
2.018103
2.003179
2.004508
2.002932
1.998188
2.015614
2.009267
2.029035
2.029146
2.006280
2.014191
2.004976
1.985950
2.010262
2.011723
2.013350
2.013838
2.010515
2.004141
2.014518
1.971783
2.004823
2.008743
2.017052
1.998761
1.995538
2.001703
1.994037
2.015214
1.994824
1.985234
1.959432
1.987943
2.001945
2.003202
2.004097
1.981401
2.007109
2.015998
2.015272
2.016496
1.995666
2.003019
2.039110
2.035854
2.008451
2.014327
2.010666
1.981296
1.986692
1.991510
1.984509
1.995466
2.012586
2.015199
2.013535
2.024708
1.991761
1.996928
2.000895
2.009678
1.997739
1.999303
1.970170
1.978566
2.006332
2.000945
1.983577
1.955783
2.011035
2.014800
2.017149
1.994945
2.009230
2.002960
2.053733
2.040548
1.997000
1.999672
1.975519
1.972086
1.998521
2.004754
2.005431
2.020657
1.991153
1.999675
2.007326
1.990495
2.016041
2.017274
2.032256
2.043286
2.004289
2.010727
2.002353
2.024890
