2.005073
1.998225
2.004217
1.990998
1.984782
1.992474
2.010770
2.012972
1.986403
1.991283
1.981242
1.963772
2.003689
2.012449
2.007912
1.997050
1.989691
1.990750
2.007699
2.007277
1.984424
1.991121
1.994762
1.975061
1.998218
1.993471
2.035318
2.024093
2.008160
2.015383
2.005591
1.968597
1.996809
1.997558
2.003537
2.008994
1.994949
1.992677
2.018293
2.013454
1.987156
1.991532
1.985259
2.014697
1.994360
1.996134
1.972306
1.964131
2.015926
2.028237
2.035806
2.038991
1.998806
1.987238
1.979760
2.001373
2.011413
2.022315
2.032299
2.001703
2.025445
2.023578
2.013543
2.004876
2.005387
2.006319
1.988534
1.981545
2.002297
2.008523
2.014821
2.006039
1.999202
2.011645
2.010446
2.012111
1.993772
1.989540
1.998011
1.993238
1.988590
1.994495
2.000479
1.970272
2.006068
2.000986
2.013696
2.022887
2.014532
2.012510
2.027665
2.021066
2.012543
2.009909
2.039512
2.030546
1.994710
2.015777
2.021070
2.049345
2.001526
1.993726
1.992843
1.980593
1.996062
1.994508
1.985629
1.995631
2.002005
1.991909
1.989393
1.984883
2.009695
2.015878
1.997690
1.993364
2.004372
2.016441
2.027117
2.042991
2.004795
2.005887
2.001209
2.004800
2.015795
2.007218
1.984089
1.972299
1.996916
1.999845
1.985944
1.998210
2.007563
2.020986
2.034329
2.045398
1.995511
1.993591
1.985335
1.975243
1.994480
1.998674
1.998418
1.985775
1.999352
1.998236
2.001626
2.000468
2.004975
2.010832
2.022093
2.022175
1.998361
2.003034
1.992137
2.000819
2.002381
1.997046
1.991741
2.006532
1.998986
2.000697
1.988928
1.972809
2.007016
2.023639
2.051177
2.024780
1.995632
2.008561
2.039191
2.031077
2.002835
1.985320
1.964619
1.972237
1.991117
1.981049
1.985660
1.983586
2.001178
2.002279
2.009893
1.955280
2.000269
2.014251
2.005099
1.989863
1.999428
2.013429
2.030048
2.006090
2.002669
2.008807
1.971189
1.968315
2.010204
1.998595
2.001229
2.001913
2.009712
2.001057
2.010287
1.971621
2.002638
1.991548
1.960300
1.966669
1.997975
1.997635
1.946335
1.980636
1.996191
2.001574
1.955303
1.968904
1.993331
1.994156
2.015349
1.995811
1.994211
2.009232
2.027143
1.976365
2.022651
2.025171
2.032061
2.018729
2.015154
2.017188
2.033616
2.007882
1.992117
2.006379
1.998163
2.016113
1.994622
2.001255
2.026516
2.016646
1.991482
1.976670
1.990427
1.987902
2.001910
2.010895
2.002525
2.006783
2.003686
2.004746
2.006017
2.004563
2.004752
2.012890
2.037520
2.003667
2.009184
1.999450
2.014512
2.025885
2.003322
2.013098
2.038739
2.019849
1.988387
1.970943
1.961870
1.956372
2.007687
2.014558
2.017478
2.026203
2.012767
2.018016
2.016800
2.025131
1.989727
1.989567
1.998240
1.993914
2.005541
1.994877
1.984723
1.977447
1.982899
2.001273
2.022743
2.016452
2.002632
1.997023
1.963334
1.947780
2.004585
2.008037
2.016741
1.995008
1.979943
1.984283
1.998752
2.046453
1.985497
1.979041
1.995084
2.013039
1.986966
1.981500
1.924849
1.950059
2.018485
2.008096
2.015841
2.005311
1.979402
1.991084
1.979830
1.997320
1.988353
1.986645
1.960813
1.972201
2.018932
2.010528
2.025594
1.977490
1.991072
1.997371
1.995924
1.999564
1.996973
1.993851
1.973271
1.986044
2.003684
2.012184
2.028137
2.047168
1.996200
2.006052
1.996593
2.005170
1.983716
1.979424
1.951995
1.948630
1.995913
1.989028
1.954657
1.963804
2.005968
2.013506
2.038379
2.067075
1.989647
1.976764
1.975912
2.010084
2.010836
2.028415
2.059008
2.043520
2.006618
2.008836
2.041789
2.012802
1.982949
1.980466
1.968432
1.987811
2.004991
2.000830
1.971573
1.982965
2.010337
2.014005
2.017861
2.009536
1.992132
2.004892
2.030323
2.027988
2.007186
2.005875
1.975909
1.980036
2.012469
2.004348
2.013912
2.010252
1.993619
1.992407
1.973031
2.003395
1.983800
1.980299
1.947572
1.950392
1.996257
1.995078
2.010325
1.988164
1.997773
1.995026
1.992057
1.987153
1.994926
2.001143
2.017531
2.022794
2.013311
2.015285
2.010849
2.030854
2.008888
2.017256
1.998914
2.000341
2.017872
2.019662
2.011522
1.984917
2.004602
1.982025
1.968082
1.987159
1.995012
2.000785
1.981227
2.004944
1.980586
1.986138
1.966634
1.983789
2.003653
2.004470
2.026933
2.010569
1.995614
1.995014
2.006759
1.996858
1.986970
1.996171
2.028146
2.016068
1.994276
2.002452
2.025427
2.028680
1.991639
1.976629
1.952052
1.966909
2.006355
2.009212
2.021154
2.004612
2.007958
2.002611
2.025390
2.025959
2.001792
2.008762
2.011294
2.020552
1.995788
1.986689
2.003359
1.996169
1.999435
2.008905
2.024619
1.998280
2.004103
2.013273
2.020037
2.028875
1.998309
1.991527
1.995296
2.006191
2.010890
2.005066
2.016216
1.973192
2.009202
2.016321
1.985377
2.015462
2.003708
1.999692
2.001908
2.002636
2.001607
1.989344
1.972484
1.994710
2.022095
2.013011
2.011880
2.011217
2.006854
2.016014
2.015233
2.016739
2.011389
2.017539
2.037857
2.034584
2.002149
2.008607
2.043200
2.011973
1.993224
1.988065
1.989713
1.976357
2.002344
1.990377
1.982491
1.985013
1.990239
1.995963
2.000788
2.010818
2.005472
1.997174
1.983275
1.997561
1.996742
1.993260
1.967992
1.985617
2.020359
2.016089
2.023233
2.033293
1.970399
1.977261
1.930563
1.945534
1.996963
1.999813
1.976203
1.970188
2.017240
2.032238
2.042210
2.029205
1.993853
1.997575
2.003154
2.026989
1.985977
1.990104
2.010902
2.016016
2.004083
1.989972
1.993785
1.988395
2.000307
2.007842
1.988202
1.996871
1.995855
1.998543
1.986315
1.993810
1.983678
1.981939
1.997370
1.995462
1.990952
1.989968
2.000175
2.012342
2.002866
1.992858
1.991208
2.012875
1.983127
1.982133
1.984133
1.986943
1.994356
1.990830
1.998247
1.978490
2.004741
2.008015
2.026643
2.015037
2.005894
1.998263
2.024254
2.052315
2.007819
2.008914
1.986701
1.983160
1.988275
1.983521
1.992804
2.006006
2.005746
2.009662
2.007905
1.986917
1.993848
1.986984
1.959354
1.952371
2.000622
1.996322
2.004587
1.977905
2.000269
2.004728
2.029034
1.993271
1.998349
1.999322
2.006536
1.999320
1.990366
1.991915
2.008331
1.989478
1.988638
1.994171
2.005702
2.006460
2.000471
1.988761
1.964097
1.979725
2.004047
2.013024
1.998895
1.988283
1.996089
2.001930
2.006135
2.002509
1.994815
2.009468
2.021582
2.016826
2.008470
2.012593
2.035543
2.031815
2.001526
2.005420
1.994023
2.015475
2.009030
2.019682
2.007973
1.995336
1.995188
2.000279
2.025429
2.019415
1.989671
1.999662
1.960274
1.982435
1.984751
1.974897
1.996255
1.992991
1.992009
1.992904
1.981695
2.002822
2.002188
2.013704
2.016180
2.007687
1.997444
1.998893
2.009173
2.002668
2.002532
2.003945
2.016668
2.035900
1.986144
1.976509
1.989003
1.977685
2.000152
2.007001
1.991513
2.013432
2.001806
2.002676
1.985639
1.963245
2.003504
2.010828
1.999156
2.003220
2.004493
2.012751
1.991876
2.001242
2.011511
2.025386
2.017881
1.986328
1.984024
1.982156
1.998263
1.946470
2.009560
1.990122
1.963454
2.000014
2.000333
1.995697
2.012475
2.000804
1.979719
1.996549
2.000436
1.968820
2.003223
1.992016
2.000773
1.994690
2.006974
1.999353
1.986016
1.995472
1.999212
2.020990
1.996501
1.991124
1.987256
1.976579
1.973819
1.976875
1.992343
1.989660
2.007189
2.030880
1.996382
2.004557
1.995610
1.982577
1.997643
1.995738
2.016356
2.005329
1.990843
1.983029
1.981726
1.976428
1.999079
1.996544
2.005562
2.025281
2.007560
2.001235
1.980530
1.984437
2.004068
1.998034
1.992761
1.991555
1.988541
1.992465
1.959989
1.996673
1.971994
1.967875
1.975845
1.989815
2.000044
2.006134
2.005423
1.998715
1.993687
1.999840
1.970784
1.982886
1.998008
1.992498
1.994867
2.005862
1.991085
1.997331
2.016603
2.026592
1.997186
2.003897
2.021666
1.956954
2.005048
1.997426
1.992686
1.965803
1.986632
1.978814
1.983813
1.979829
1.994726
2.013040
2.014451
2.019939
1.995073
2.013008
2.025169
1.992616
1.969113
1.966574
1.966747
1.965588
2.010600
2.011582
1.984523
1.971862
1.987618
1.993467
1.988999
1.987644
1.988603
1.991181
1.989128
1.999590
2.000024
1.994599
2.001286
1.982974
2.008101
2.000834
2.026390
2.048355
1.991998
1.993542
1.973856
2.009437
1.999093
2.010835
2.021565
1.991579
2.004092
2.000506
2.007715
2.013589
1.989935
1.977786
1.979942
1.964902
2.006636
1.997612
1.970410
1.962524
2.013725
2.000279
1.985434
2.012475
2.012432
2.017567
2.007274
2.005200
1.993073
1.999702
2.000787
2.017952
1.998874
2.018564
2.005398
1.998507
2.009206
2.002855
2.023530
2.015140
1.998331
2.006017
2.021292
2.003214
2.003208
2.003002
2.002851
1.989242
1.992578
1.990777
1.991931
1.995919
2.001744
2.021933
2.009723
2.023993
1.993525
2.005160
1.975581
1.992228
2.010970
2.006145
1.987984
1.986752
2.007298
2.016598
2.005643
2.004592
1.997116
1.986873
1.984852
2.014396
2.000073
2.000693
1.976814
2.011755
2.006205
2.010595
2.012447
1.992593
2.012871
2.015651
2.037546
2.019130
1.986025
1.979962
1.961425
1.979500
2.009881
2.007285
2.017551
1.990143
1.978893
1.977548
1.997388
2.000090
2.018895
2.027595
2.015523
1.994975
2.018397
2.009176
1.984890
1.968204
2.013433
2.017296
2.021228
1.998537
1.982012
1.975762
1.977777
1.985811
2.005689
2.011107
2.015766
2.005501
1.985911
1.995683
2.002025
1.984373
2.006624
1.999853
2.011501
2.028573
1.998255
1.994628
1.951567
1.962200
2.015952
2.014826
2.040787
2.040694
1.985563
1.994787
1.998788
2.016433
2.005256
2.008798
2.029445
2.027318
2.010114
2.014503
1.975152
1.979079
2.016400
2.009854
2.010459
2.006451
1.997682
2.004210
2.024029
2.034084
2.008906
2.006762
1.998879
1.990267
1.996010
1.992734
1.992306
2.018889
2.003422
1.993647
1.961902
1.971218
2.001001
1.997500
2.016221
1.990272
2.006456
2.003688
2.016128
2.026978
2.002727
2.015652
2.016608
2.036782
2.010529
2.018846
2.027736
2.022414
1.993896
1.993407
1.988457
1.971152
2.014059
2.019059
2.032918
2.011767
1.996343
1.999817
2.012992
2.009923
2.016420
2.027430
2.020062
1.997962
2.008138
2.013208
2.032519
2.003983
1.995447
1.999804
2.007897
1.994426
1.993145
2.002782
2.026996
2.008574
2.003673
2.002078
2.007989
1.992760
1.990653
2.006190
1.986431
2.015335
1.996333
1.994943
1.987055
2.009901
1.990089
1.988646
1.986251
1.965105
2.014122
2.017877
2.034123
2.034041
1.992561
2.006404
1.984925
1.966986
2.012375
2.018928
2.019338
1.998792
1.998237
1.995772
2.027241
2.032211
2.018506
2.032483
2.043566
2.035148
1.986533
1.981471
1.983292
2.016259
2.003311
1.992938
1.985756
2.010490
2.011613
2.014839
1.992481
1.969236
1.998220
2.004089
1.995148
1.978074
2.002370
2.006198
2.006894
2.009397
2.005379
2.001910
1.971904
2.004619
1.998033
2.005612
1.989723
1.951690
1.979204
1.982887
1.981535
2.010289
2.007306
2.011371
2.033414
2.005710
2.014629
2.016269
1.974149
1.950058
1.996212
1.995398
2.022122
2.008068
1.985065
1.986309
1.985243
1.983101
1.992879
1.991766
2.001112
2.031371
2.007233
1.996957
1.998989
2.016268
2.002542
2.005997
1.960086
1.976410
1.991950
1.986748
1.973478
1.991429
2.006332
2.009370
2.029229
2.021172
2.016804
2.006027
2.032527
2.010043
1.986872
1.981750
1.989203
2.001288
2.012971
2.014838
2.043769
2.050959
1.996296
1.985916
1.997827
2.003864
1.992156
1.993279
2.001965
2.000201
2.010716
1.999333
1.988617
1.997350
1.990141
1.989051
2.011840
1.999152
1.993984
1.983816
1.992954
2.021221
2.006151
1.998096
2.020066
2.031754
1.985759
1.994308
2.003835
2.023579
1.997351
2.008707
1.987484
2.001384
2.005829
1.998207
2.000517
1.993746
1.994562
1.994091
2.001933
1.989049
2.009116
2.011836
2.011352
1.993092
1.989223
2.004975
2.019224
1.996930
2.005265
2.015906
2.023686
2.004735
2.017881
2.017314
2.009884
1.997791
1.998868
1.980361
1.981146
1.994389
1.982378
1.993225
2.014971
2.018773
2.002842
1.991443
1.998772
2.016068
2.002423
2.009229
2.010796
1.989463
2.003517
1.999939
2.006063
1.986130
1.996747
1.990037
2.003327
1.987071
1.995630
1.998563
1.996411
1.995260
1.990191
1.981907
1.946559
1.966632
2.002946
2.010028
2.021717
2.022689
2.001864
1.998602
1.976182
1.971288
2.008575
1.998723
1.977780
1.977370
2.003218
2.004084
2.041303
2.008786
2.003375
1.996797
1.993324
1.985751
1.999746
1.981309
1.963710
1.982651
1.990847
1.985322
1.973360
1.948548
2.008599
2.017471
2.007578
1.999779
1.985828
1.977579
1.969201
1.955762
1.991132
1.976310
1.980014
1.985773
1.993220
1.989379
1.997705
2.005562
2.001928
1.999415
2.014947
1.994192
2.003620
2.002353
2.004419
2.020431
2.004132
2.006293
2.017836
2.018644
2.004795
2.008614
2.023496
2.024113
1.983275
1.989133
1.993668
1.980146
1.996674
2.002971
2.001333
2.017795
1.996543
2.016683
2.026745
2.016382
1.984523
1.983032
1.984871
2.019766
2.004400
2.011792
2.036060
2.024908
2.002017
2.004721
2.001653
1.990644
2.004125
2.000938
1.981176
1.952277
2.005527
2.011283
1.997501
1.980851
1.998578
2.011985
2.033371
2.029453
1.998431
2.002363
2.025523
2.002945
2.012527
2.014681
2.022889
2.002915
2.023550
2.030542
2.025359
2.026046
2.018002
2.019354
2.018177
2.009627
2.017493
2.027917
2.007778
1.975828
2.000227
1.993841
1.988068
1.971149
1.993833
1.992523
1.984250
2.003427
2.004287
2.004708
2.018619
2.020897
1.996785
1.989248
1.976051
1.965951
2.000131
2.008709
2.033135
2.016074
1.996287
1.999084
1.989745
1.976711
1.988240
2.004845
1.991381
2.023962
2.004618
1.993911
1.992776
2.010771
1.996800
1.996930
1.992672
1.999879
2.003564
1.998952
2.000456
2.013667
1.988145
1.978040
1.959453
1.984339
1.999511
1.995437
2.011298
1.984741
1.989309
1.985227
1.983269
1.997460
2.000234
1.992522
1.995297
1.983758
1.999887
1.990628
1.996631
1.999266
2.000126
2.018788
2.026394
2.033415
1.993124
1.986181
1.977220
1.994603
1.988240
1.981003
1.996512
2.030417
2.010677
1.998928
1.981745
2.011109
1.996774
1.989352
2.015624
1.995723
1.994700
1.985437
1.990378
2.009264
1.978612
1.984101
1.994222
1.991458
2.011326
2.020974
2.022910
2.025376
2.005802
2.001091
2.020269
2.024995
1.981112
1.969132
1.951129
1.976979
1.992482
2.003059
1.984270
1.967071
1.982576
1.979725
1.951005
1.986318
2.001220
2.013721
2.040570
2.026680
2.004361
2.016110
2.038444
1.993908
1.988562
1.998464
2.003596
2.002013
2.003107
1.990690
2.013971
1.989179
2.005628
2.004971
1.987529
1.991062
1.997053
2.002070
2.006161
1.969610
2.010442
2.010428
2.017311
1.972767
2.011165
2.005729
2.006173
2.003578
1.999855
1.995720
2.029782
2.038363
2.006589
2.002279
1.990887
1.996753
2.002196
2.006911
2.006385
2.001148
1.990896
1.982320
1.979794
2.008411
2.006390
2.013700
1.991371
1.983993
2.018447
2.016360
2.024300
2.017694
1.997357
1.985514
1.929662
1.969141
1.996875
1.996972
2.003291
2.021395
1.995330
1.997653
1.997610
2.001722
2.006534
2.004261
1.979327
1.983267
2.004933
2.005302
2.002720
1.971006
1.984067
1.993947
1.984003
2.005540
1.977656
1.976024
1.963511
1.950422
2.003154
2.006795
2.021482
2.011034
2.005290
2.007757
1.991985
1.991473
2.006263
1.992884
1.975514
1.990727
1.995275
1.991526
1.994810
1.968031
1.999080
1.996335
2.030877
2.044946
2.012631
2.015161
2.056970
2.054722
1.992594
1.986027
1.986359
1.974967
1.995516
2.001345
2.007756
2.008577
2.005041
2.010668
2.017632
1.981291
1.989681
1.991078
1.971914
1.954964
