-0.023429
3.154301
0.026879
-0.200704
0.144395
0.160623
0.129467
-0.103179
0.138208
0.446947
-0.075915
-0.267018
0.135241
0.369406
0.105210
-0.127822
-0.054620
3.099170
0.104309
-0.158979
0.189174
-1.207129
-0.001767
-0.160780
-0.198094
5.755026
0.530062
0.330903
-0.050649
3.228353
0.170268
-0.069800
-0.196159
5.692387
0.522152
0.321902
-0.023136
3.292891
-0.075994
-0.309864
-0.009816
2.896939
0.128340
-0.137082
-0.006687
2.614899
0.117077
-0.146164
-0.034618
2.712246
0.104515
-0.158373
-0.012686
2.733989
0.124312
-0.139661
0.107386
0.588303
0.013664
-0.229235
0.178740
-0.788903
0.204768
-0.008512
0.045229
1.982463
-0.045449
-0.282073
-0.026785
3.433850
-0.082674
-0.314746
0.040682
2.078632
-0.042230
-0.281821
0.224430
-1.430869
-0.135854
-0.291194
-0.044936
3.264689
0.065782
-0.186878
-0.009097
2.458677
0.234869
0.030296
0.105152
0.595411
0.047765
-0.194985
-0.006725
2.396333
0.248042
0.040592
0.129839
1.064932
-0.216184
-0.402487
-0.031455
2.878060
0.264153
0.038795
0.075671
1.141329
0.034929
-0.197996
0.230529
-1.571937
-0.123167
-0.277803
0.066699
1.325424
0.041515
-0.193917
0.000356
2.576060
0.072645
-0.173706
-0.307772
7.254184
0.814529
0.651742
-0.075472
3.967603
0.260896
0.015358
0.140380
0.818014
-0.220999
-0.406574
-0.075071
3.946529
0.257929
0.012688
0.119001
0.800605
-0.072599
-0.262958
0.124591
0.241747
0.031985
-0.174549
0.101961
0.921789
-0.034336
-0.251902
-0.004491
2.683780
0.069040
-0.177258
0.132328
0.419471
-0.077452
-0.297523
-0.061024
3.463560
0.160731
-0.082860
-0.010654
2.934656
0.020692
-0.207944
0.120080
0.656055
0.123246
-0.114227
0.111741
0.925520
-0.073221
-0.261709
0.129739
0.436667
0.135395
-0.101835
-0.035563
2.742619
0.096742
-0.164005
0.177290
-0.929492
-0.005920
-0.164849
-0.166415
5.192343
0.434362
0.249372
-0.066042
3.563335
0.158995
-0.081911
-0.154263
5.015283
0.407844
0.223560
-0.032467
3.546329
-0.075291
-0.307552
-0.006305
2.762086
0.142052
-0.121489
-0.028415
3.059551
0.130677
-0.136343
-0.029555
2.616301
0.105823
-0.154345
-0.005014
2.552515
0.134620
-0.128076
0.128828
0.120108
0.046449
-0.195094
0.206486
-1.324023
0.191724
-0.023965
0.036856
2.179104
-0.041834
-0.281893
-0.085130
4.483853
-0.013668
-0.253815
0.014294
2.649385
0.005098
-0.242936
0.216840
-1.204483
-0.157377
-0.317771
-0.035119
3.074291
0.054991
-0.196138
0.018618
2.052055
0.179921
-0.019865
0.125102
0.247394
0.039439
-0.203635
0.021346
1.979094
0.190227
-0.009679
0.149064
0.554722
-0.184610
-0.370360
-0.022731
2.684712
0.257087
0.034605
0.062475
1.422625
0.048074
-0.186415
0.216948
-1.189614
-0.163982
-0.323611
0.055665
1.524371
0.064844
-0.170490
-0.007245
2.735452
0.075322
-0.171781
-0.297454
7.037665
0.797839
0.637178
-0.064823
3.754514
0.257672
0.014187
0.145187
0.617266
-0.172113
-0.357351
-0.064798
3.764666
0.259245
0.016056
0.105695
1.075654
-0.073848
-0.261628
0.122298
0.344013
0.019227
-0.187802
0.132558
0.390216
-0.087176
-0.300817
-0.004691
2.660893
0.079940
-0.166083
0.132723
0.382203
-0.093320
-0.308801
-0.075039
3.755366
0.144013
-0.098620
-0.026925
3.283380
0.024008
-0.206440
0.155200
-0.059285
0.126855
-0.107858
0.096839
1.237460
-0.080578
-0.268139
0.156327
-0.075958
0.126282
-0.107923
-0.043677
2.968677
0.079029
-0.178175
0.197712
-1.222240
-0.087478
-0.236316
-0.144317
4.801927
0.412371
0.229088
-0.070499
3.785445
0.089475
-0.150588
-0.157826
5.072777
0.419665
0.230625
-0.023150
3.409224
-0.101284
-0.332455
0.011094
2.489075
0.114923
-0.148255
-0.015722
2.755746
0.148083
-0.119979
-0.046435
3.003236
0.095728
-0.160599
-0.024660
2.927204
0.153115
-0.115729
0.113026
0.530635
0.050424
-0.189748
0.195526
-1.174617
0.166102
-0.044047
0.012566
2.724878
-0.077390
-0.318000
-0.015677
3.226286
-0.094368
-0.327326
0.003273
2.814837
-0.052051
-0.291470
0.247060
-1.501679
-0.295700
-0.449350
-0.042401
3.184228
0.043467
-0.201916
0.028198
1.803733
0.193936
-0.005783
0.095951
0.845306
0.065132
-0.181313
0.025352
1.842992
0.202334
0.002122
0.153415
0.468638
-0.153287
-0.342260
-0.003249
2.307993
0.240376
0.027085
0.044639
1.662231
0.092017
-0.145613
0.216234
-1.193148
-0.145916
-0.304532
0.043824
1.683149
0.087789
-0.147167
-0.005485
2.671015
0.107453
-0.148112
-0.291961
6.940138
0.757816
0.600151
-0.075977
3.888394
0.316831
0.066786
0.140756
0.700155
-0.144221
-0.336528
-0.067640
3.713785
0.283186
0.038536
0.088760
1.424872
-0.080608
-0.261442
0.127985
0.190755
0.036414
-0.168675
0.157642
-0.011728
-0.145855
-0.361083
0.006510
2.424904
0.098519
-0.154738
0.156940
0.003191
-0.141662
-0.357574
-0.090281
4.058418
0.130899
-0.115303
-0.028491
3.229676
0.045073
-0.184087
0.134315
0.322938
0.137977
-0.096377
0.080298
1.576948
-0.069724
-0.253263
0.135862
0.277104
0.148152
-0.088914
-0.051982
3.076191
0.123937
-0.135657
0.184253
-0.954182
-0.086657
-0.237335
-0.174771
5.429112
0.419506
0.227571
-0.083429
3.948389
0.099678
-0.143304
-0.165999
5.272827
0.416489
0.225478
-0.012092
3.196535
-0.097539
-0.332668
0.023463
2.243978
0.120878
-0.145970
-0.008728
2.687601
0.144733
-0.127974
-0.051817
3.034182
0.140695
-0.122405
-0.038409
3.152943
0.209134
-0.067345
0.069301
1.485948
0.022480
-0.219636
0.193175
-1.165633
0.186541
-0.026802
-0.001525
2.903936
-0.057892
-0.297828
-0.008450
3.123923
-0.102311
-0.333183
-0.002727
2.964276
-0.067636
-0.310349
0.262816
-1.846137
-0.257352
-0.408574
-0.063527
3.568924
0.085061
-0.168126
0.037241
1.603787
0.197795
0.000773
0.074681
1.415594
0.014980
-0.227091
0.044732
1.407737
0.206515
0.014167
0.120970
1.058154
-0.104360
-0.297243
0.006879
2.072516
0.248562
0.036925
0.062732
1.262425
0.093166
-0.141107
0.258945
-1.791530
-0.281105
-0.431639
0.056793
1.393239
0.082387
-0.153072
-0.001296
2.521163
0.103924
-0.149180
-0.275436
6.705168
0.749669
0.594121
-0.073234
3.809137
0.296550
0.050236
0.118610
1.133672
-0.111507
-0.305397
-0.065285
3.665836
0.288490
0.043556
0.097290
1.206965
-0.095630
-0.276764
0.126913
0.220187
0.030837
-0.170439
0.168185
-0.263338
-0.133956
-0.348761
-0.000133
2.503185
0.073886
-0.178076
0.171208
-0.324572
-0.130619
-0.344992
-0.074472
3.813661
0.104733
-0.138422
-0.010404
2.839251
0.058893
-0.175116
0.148723
0.065340
0.096485
-0.138275
0.103713
1.062798
-0.086369
-0.266871
0.147876
0.106359
0.074840
-0.155463
-0.063419
3.205466
0.161335
-0.106836
0.187780
-1.041074
-0.087127
-0.241226
-0.168537
5.348502
0.381491
0.191729
-0.074871
3.819009
0.112331
-0.133796
-0.185048
5.637616
0.421568
0.227459
-0.016358
3.328960
-0.117705
-0.348893
0.017696
2.254429
0.158896
-0.106902
-0.031221
3.130143
0.143935
-0.128611
-0.089156
3.728468
0.173550
-0.096276
-0.028695
3.060736
0.153121
-0.118965
0.073761
1.397973
0.013077
-0.228456
0.194875
-1.150259
0.162369
-0.040179
-0.001676
2.997090
-0.086917
-0.329690
-0.021865
3.437574
-0.115956
-0.347392
0.002746
2.882086
-0.077154
-0.319491
0.283507
-2.286191
-0.278925
-0.427131
-0.033322
2.954923
0.095731
-0.154896
0.030103
1.699637
0.208268
0.011022
0.080329
1.261990
-0.007687
-0.247483
0.029873
1.707016
0.202321
0.004879
0.086650
1.672584
-0.078653
-0.277691
-0.051489
2.877055
0.328913
0.093680
0.059998
1.283335
0.105934
-0.128109
0.279529
-2.179514
-0.283455
-0.431138
0.058325
1.331108
0.099869
-0.133747
0.000202
2.462864
0.091062
-0.159862
-0.258269
6.379955
0.738491
0.576107
-0.061029
3.601960
0.272834
0.027047
0.104001
1.350287
-0.104818
-0.298959
-0.047280
3.425426
0.229514
-0.014465
0.069957
1.728821
-0.029304
-0.216971
0.103574
0.609594
0.101364
-0.105957
0.163573
-0.186496
-0.111780
-0.329555
0.039979
1.677564
0.102466
-0.148239
0.171899
-0.371347
-0.107451
-0.324067
-0.077823
3.865943
0.125446
-0.122772
