2.001967
2.006564
1.988783
1.987602
1.995491
1.991376
2.018574
2.003248
2.006166
2.002994
2.011405
1.999273
1.994159
1.993872
1.986951
2.004097
1.997105
2.009877
2.012570
2.032443
1.982006
1.986066
1.976371
1.990242
1.994407
1.988207
1.975083
1.994915
1.982282
1.992625
1.956985
1.963366
1.986069
2.003862
1.987140
2.020209
2.001962
1.991468
2.010566
2.027442
1.990544
1.982609
1.995488
2.009571
1.995223
1.983138
1.993856
2.005812
1.993407
2.004253
1.964987
1.984974
2.000140
1.996055
2.013767
1.991740
2.015036
2.006277
2.020162
2.018812
1.998671
2.001114
2.014790
2.016686
2.005932
1.997868
2.014831
2.028586
1.989295
1.986609
1.993823
2.016135
1.992022
1.986047
1.976628
1.995906
1.992873
1.984078
2.016512
2.030575
1.995977
1.995761
2.004287
2.002526
2.013006
2.014300
2.008719
1.998721
2.005117
1.998367
2.007718
1.990423
1.978666
1.984153
1.996651
1.995883
1.986401
1.992423
2.001774
2.013246
1.997698
2.004681
2.028351
2.021796
1.979968
1.988466
2.011815
2.022129
1.981362
1.990289
1.973910
1.982541
1.983073
1.980117
1.957568
1.991054
1.990146
1.998649
2.015603
1.993435
1.997408
1.997089
2.002930
2.001680
1.994336
1.999844
1.999355
2.000787
2.008481
2.010297
2.046548
2.013389
2.004957
2.003865
1.988168
1.990440
2.000264
1.998187
1.984878
1.970974
2.003235
2.010663
2.002266
2.011145
2.002509
2.002851
2.035794
2.005325
2.007453
2.012122
1.995348
2.035691
2.006872
2.002101
1.994279
1.997171
2.008638
2.021301
2.037007
2.013429
2.004150
2.000248
2.011703
1.999821
1.986653
1.979019
1.965561
1.948427
1.995539
1.994338
1.982778
1.981919
1.997625
1.985155
1.926478
1.971684
2.007332
2.005731
2.009256
2.016171
1.990219
1.978231
1.974570
1.973413
2.001267
2.000200
2.015665
2.022849
2.007113
2.011943
2.031557
2.034073
1.983902
1.992615
1.983032
2.003123
2.009237
2.008141
2.052564
2.038085
2.001915
1.995899
1.999516
2.027490
1.982005
1.979578
1.977392
2.011089
1.996159
1.997396
1.953180
1.993338
1.994882
1.991170
1.991691
1.964386
2.008591
1.998903
1.990111
1.999784
2.000499
2.005031
2.010667
1.999802
1.999080
2.010322
2.022060
2.028055
2.003980
2.015931
2.046145
2.033059
2.004870
2.011060
2.017824
1.979783
1.983297
1.971956
1.964285
1.953720
2.006849
2.003771
1.998808
1.972916
2.021294
2.029657
2.008587
1.975135
1.989573
1.987991
1.991107
1.996395
2.009022
2.001707
2.018337
2.013876
1.993249
1.998546
1.998069
2.023584
2.015750
2.009454
1.986321
1.978502
2.001795
2.009802
2.029078
2.017336
2.002122
1.999698
1.962419
1.974080
1.988221
2.001764
1.995593
1.996674
1.994912
1.987722
1.962635
1.963486
1.994795
1.999642
1.994158
2.017156
2.004963
1.997874
1.995854
2.008037
1.991162
1.997845
1.977283
1.990861
1.987768
1.989409
1.983593
1.974072
2.005269
2.006718
1.986661
1.983582
2.011437
1.997475
1.993078
2.020824
2.001162
1.993975
1.996335
2.004464
2.011365
2.027597
2.052981
2.062449
2.001426
2.008273
1.988024
1.998847
1.996137
1.984211
1.993093
2.018645
1.999510
2.005988
2.032142
2.012079
1.996908
1.986071
2.008435
1.988615
1.990809
2.000710
1.988114
1.993731
1.993909
1.997990
2.010731
1.988839
2.014713
2.027681
2.046459
2.047373
2.012109
2.005933
1.993061
1.985732
1.982817
1.972482
1.958829
1.976911
2.005528
2.010147
2.023921
2.012048
2.016786
2.018374
2.030059
2.019447
1.985178
1.984313
1.962274
1.999419
2.012919
2.013383
2.035247
2.020725
1.983238
1.996057
1.997458
2.002071
2.008802
2.024793
2.043096
2.008191
2.017126
2.016783
2.012434
2.034907
1.993859
1.984045
1.977790
1.968196
2.017314
2.005620
1.995573
1.978820
2.008248
2.002882
2.005735
2.002322
2.017400
2.029426
2.052262
2.041543
1.997856
2.001122
1.979613
2.001173
1.992170
1.998843
2.018635
2.019026
2.005626
1.996959
2.008609
2.026210
2.005766
2.014427
1.988416
1.976930
1.994100
1.979427
1.988074
1.991340
1.998688
2.003501
1.993158
2.001866
1.974589
1.973098
1.963245
1.963584
2.009311
2.016019
1.974133
1.980849
2.005679
2.002670
1.980339
1.987770
1.992786
1.989735
1.979922
1.996518
1.996151
1.996681
2.004395
2.003456
1.994843
1.998258
1.987048
1.983347
1.999464
1.993437
1.959136
1.980494
2.004481
2.003372
1.991092
1.983597
2.016292
2.025952
2.037201
2.016425
1.997620
2.000719
2.002360
2.005191
1.986077
1.994449
1.988107
1.988158
2.000296
2.003596
2.005366
1.991535
1.987487
1.982824
1.984462
1.974098
2.002488
2.000313
2.003660
1.988575
2.012177
2.011812
2.018511
2.035715
1.998733
2.002774
2.010844
2.001545
1.990640
1.994579
2.003885
1.984249
1.999317
1.985518
1.988970
1.998444
1.992568
1.990490
1.955057
1.984818
1.989679
1.993836
2.021574
2.015854
1.998360
1.994265
2.018227
2.005835
1.991109
1.995237
1.985270
1.958403
2.009439
1.998345
2.003937
1.984828
1.974560
1.976549
1.978531
2.001802
2.008251
2.019140
2.010696
2.010489
1.989494
1.998328
2.002818
2.012822
2.024988
2.036311
2.033388
2.023616
2.024391
2.017107
2.000615
2.012070
1.985175
1.990971
2.000432
2.017815
1.990353
1.993655
1.991035
2.000017
2.007122
2.019661
2.018260
2.016379
2.004338
2.009092
2.005361
2.006074
2.006277
1.989450
1.963790
1.973549
2.007514
2.004401
1.984661
1.975772
1.994321
2.000167
2.003394
1.998867
2.010371
2.003287
1.993752
2.024580
2.010115
2.006550
1.967040
1.950193
2.000747
2.002463
1.989036
1.993978
2.000465
1.987443
2.002363
1.993753
2.011181
2.027465
2.030283
2.042550
1.992071
1.987621
2.007601
1.998609
1.999488
1.997883
1.959176
1.968056
1.995148
2.002550
1.992419
1.962093
1.993393
1.976910
1.975459
1.974191
2.005430
2.006802
1.974824
2.018853
1.988398
1.983335
1.988579
2.013879
2.011285
2.011305
2.042531
2.053010
1.999276
2.001523
1.997628
2.015672
1.992658
1.990022
1.976847
1.991247
1.996449
1.992953
2.008840
2.030786
1.990131
1.989521
1.996608
1.980043
1.999874
1.986087
1.996579
2.025337
2.004770
2.000387
1.993339
1.979247
1.986908
1.989382
1.973096
1.967748
1.994726
2.000098
2.025254
2.019144
1.992031
1.986741
1.977300
1.992176
1.994554
1.991812
2.002147
1.990371
2.008513
2.008686
1.979079
1.984942
1.994426
1.997812
1.996087
1.981976
2.002486
1.993014
1.996593
2.010597
1.997935
1.998474
1.990324
1.981718
2.001558
1.985505
1.985245
1.995169
1.990135
1.984811
1.982312
1.977645
2.004095
2.004217
2.009240
2.004892
2.015433
2.018246
2.023296
2.022610
1.981096
1.990957
1.985910
1.988879
1.992021
1.986034
2.012209
2.000532
2.002083
2.000315
2.000749
1.990336
2.011332
2.013954
2.042903
2.045022
1.994825
2.001726
2.002477
2.009427
1.997884
1.994217
1.978977
1.992451
2.012482
2.003672
1.986876
1.988071
2.010103
2.005906
2.007802
2.017284
2.007065
2.009272
1.994552
1.996737
2.007402
2.007917
2.002623
1.997699
2.004376
2.021433
2.025928
2.026923
2.007768
2.017811
2.011927
2.000733
2.014845
2.010561
2.034775
2.007898
1.998448
2.018896
2.009955
1.994995
2.001383
2.010211
2.053417
2.045213
1.989790
1.986251
1.991570
2.003405
2.001877
2.004971
2.008342
2.015068
1.992924
2.001567
2.010265
2.030570
1.994463
1.996761
2.032521
2.041580
1.990542
1.983278
1.992629
1.953379
1.986086
1.979187
1.973416
1.987866
1.996788
2.016167
2.024342
2.022395
1.997927
2.004251
1.972800
2.000724
1.996603
1.993574
1.996411
1.992482
2.007465
1.998137
2.016126
1.994590
1.996443
1.994711
1.983216
1.994172
2.008529
2.015233
2.016507
2.001950
2.009909
2.001168
1.985708
1.987473
1.995197
2.006572
2.028330
2.019419
1.979402
1.980819
1.987405
1.970740
1.994918
1.999083
1.985271
1.984144
2.014419
2.011966
2.012277
2.005259
1.993041
1.999457
2.010777
2.007905
1.995174
2.000796
2.008336
1.979923
1.991387
1.993695
1.986468
1.989280
1.996261
1.978439
1.956694
1.961008
1.995039
1.985427
1.964884
1.956436
2.009348
2.008329
2.012988
2.000490
2.004693
1.994080
1.986928
1.993751
1.990497
1.996435
1.999221
1.987034
2.001206
2.003141
1.993607
2.018959
2.000140
1.999242
1.997268
2.009933
2.001314
2.003423
2.000892
1.975022
1.988499
1.987304
1.992867
1.993085
2.015080
2.022241
2.026493
1.988539
1.989970
1.995507
2.018257
2.030871
1.999053
1.993905
1.993184
1.982330
1.993256
1.992646
1.973168
1.993296
2.015657
2.016035
2.023235
2.038067
2.016155
2.015244
2.015716
2.025324
2.004744
2.014080
2.005284
1.996994
2.010500
2.000983
1.988814
2.014694
1.992561
1.989868
1.992676
1.970906
1.992255
1.993276
2.016802
2.007706
2.006976
2.015120
2.008047
1.995613
2.007083
2.007272
1.986413
2.011184
2.003884
1.994741
2.008328
2.018358
1.997925
2.003564
2.000126
2.031930
2.030431
2.025110
2.040520
2.006763
2.002618
1.997020
2.018407
1.992106
2.008876
2.019294
2.021705
2.008257
2.006163
2.015653
2.044742
1.998174
1.995056
1.994849
1.987201
1.994051
2.014492
2.006845
2.017243
1.997802
2.003125
2.000241
2.001323
1.997102
2.013641
2.020035
2.029404
2.013915
2.017976
2.019746
2.031907
1.988588
2.006699
2.005727
2.010962
2.025558
2.002436
1.999750
2.014434
2.008622
2.011419
2.015703
2.015358
2.007678
1.991768
1.985418
1.980795
2.005230
1.989758
1.978387
1.971238
1.989603
1.993636
1.999787
2.003976
1.988829
1.996249
1.982311
1.988309
1.976118
2.003251
2.006844
2.001633
2.005577
2.005311
1.992018
1.978642
1.995805
2.002475
2.008752
2.013331
2.010878
2.000843
2.001172
1.989356
2.006441
1.987427
1.996615
1.994453
1.983186
1.997538
1.997624
1.977988
1.954504
1.989719
1.998285
1.988453
2.001500
1.995070
1.998111
2.017695
2.000786
1.997836
1.989231
1.988038
1.950371
2.013193
2.009005
2.012721
2.014241
1.986259
1.982790
1.994192
1.993261
1.999623
1.995472
1.981536
2.007216
2.011613
2.014424
2.061363
2.049029
2.003388
2.001733
1.991819
2.007385
2.001211
1.984247
1.993074
1.999974
1.984762
1.984488
2.007129
2.002607
2.000835
2.009828
1.993652
1.983989
2.002077
2.013163
2.009771
2.010733
1.990943
2.002080
1.990852
2.001227
1.987547
1.997796
1.992558
1.985695
2.003484
2.000099
1.996216
1.989429
1.989881
1.996463
2.014061
1.965867
2.003471
1.991079
1.993506
2.002024
2.005455
2.005136
2.038337
2.020120
1.989197
1.987567
1.997563
2.005988
2.008642
2.022093
2.029137
2.022127
1.991130
1.997100
1.992046
2.032518
1.998334
1.984861
1.970817
1.995217
2.010471
2.003520
2.027686
1.998744
1.991377
1.982442
2.005908
2.008857
1.986843
1.981340
1.992704
2.022366
1.992235
1.985966
1.970984
1.980924
1.986487
1.986608
1.969381
1.977205
1.996623
2.001053
2.026455
2.021907
1.978283
1.984868
1.964219
1.978920
1.989861
1.986571
2.007013
2.008624
2.013874
2.008884
2.025047
2.036784
1.983766
1.978500
1.956172
1.966305
2.019187
2.014306
2.025804
2.005722
1.992103
2.000876
1.998760
1.996363
1.991421
1.991287
1.980466
1.983835
1.989392
1.983061
1.979623
1.991929
2.012344
2.003556
2.016995
2.025233
2.011452
2.003723
1.979430
1.991779
2.011669
2.020119
2.028964
2.022647
1.998254
1.997160
2.012003
2.016988
2.012747
2.014764
2.036651
2.010384
1.996743
2.015668
2.041766
2.027423
2.016367
2.013046
2.024061
1.983344
1.994291
2.009397
1.993342
1.998361
1.996400
1.986120
1.996323
1.977947
1.989877
1.999515
2.010064
2.019901
1.976846
1.974839
1.955942
1.962908
2.008146
1.995740
1.996784
1.995402
2.000466
2.000837
1.986471
1.982017
1.990614
1.985294
1.980664
1.991304
2.009595
1.997868
1.986483
2.019339
1.996395
2.009688
2.003660
2.001881
1.998543
2.009142
2.016249
2.030054
2.003376
2.002918
2.025121
2.003191
1.990810
2.000626
2.041620
2.050636
2.001791
2.001481
2.002339
2.007536
1.999873
1.996041
1.991511
2.012075
2.003552
1.996987
1.987760
1.996746
2.008142
2.017765
2.002177
1.992524
2.003816
1.996964
1.970764
1.986245
2.001109
2.005769
2.007839
1.999546
2.000280
2.009967
2.028256
2.008813
1.979762
1.979525
2.003449
2.017285
2.010043
2.009468
1.981792
1.999323
1.996662
1.984716
1.993124
1.997833
1.993120
2.007434
1.969735
1.969857
2.001318
2.020971
2.029937
2.024381
2.006157
2.010344
2.013980
2.034234
2.019297
2.018119
2.039664
2.032675
2.003240
1.993111
2.000800
1.998052
1.996944
1.991908
1.991017
1.978259
1.993118
1.994263
1.998180
1.969310
1.996839
2.005826
2.002336
1.991825
2.010960
2.005734
2.015322
2.029101
2.000673
2.004306
1.995217
2.017256
1.985976
1.983876
1.965408
1.991144
2.006234
2.009979
2.009378
2.018328
1.993576
1.990801
2.016929
1.974058
1.991616
1.993737
1.998298
2.010087
2.008818
1.998040
1.982674
2.005607
1.986457
1.974407
1.984985
1.983213
1.994438
1.995751
1.988120
2.010905
1.993971
1.988615
1.985743
1.972563
2.005279
2.003192
2.004042
2.000058
1.999815
2.013181
2.015816
2.015523
2.016230
2.026348
2.024492
2.008710
2.000432
2.008980
2.019995
2.013640
1.998489
1.988800
1.971772
1.973870
1.989824
1.998251
2.017917
1.992583
1.994610
1.990308
1.972615
1.982471
2.008151
2.020809
2.031267
2.047247
2.006051
2.008646
2.031298
2.031943
2.002370
1.991278
1.984786
1.991864
2.010591
2.009880
2.024512
2.049425
2.001802
2.011688
2.050066
2.026358
1.993197
2.001517
2.005182
2.012888
1.982498
1.992185
1.974593
1.968267
1.996789
2.015667
2.009791
1.991440
1.990370
1.992307
1.996060
1.986216
1.988401
1.984049
1.979380
1.959078
2.002317
1.990811
1.951025
1.978943
2.015715
2.014134
2.015089
1.993071
2.001507
2.007945
1.994900
1.988093
1.995043
1.994799
2.002329
2.030470
1.992194
1.988276
1.972407
2.006467
1.993634
1.990713
2.028175
2.045555
2.000750
1.992733
2.014956
2.003259
2.015893
2.011585
2.013337
2.016825
2.013996
2.006142
1.967854
1.977391
2.013532
2.023675
1.999665
2.012695
2.005682
2.013505
2.000764
1.980388
1.993005
1.976433
1.983448
2.003699
2.007994
1.998307
1.987897
1.985260
1.993841
1.989066
1.993630
1.972141
2.012694
2.014419
2.038586
2.033602
2.002260
1.992060
2.006832
2.019796
1.976356
1.982340
1.970605
1.990576
1.999880
2.006075
1.993910
2.015761
2.000548
2.001421
2.008549
1.991172
1.987716
1.990323
1.996044
1.991688
1.993283
1.984251
1.977383
1.964356
1.997107
1.983597
1.983977
1.983378
1.997423
1.998966
2.017540
2.028131
2.003772
1.994350
1.988736
1.978893
2.000755
2.006501
2.036889
2.043047
1.992625
1.992315
2.001328
1.983060
2.008613
2.017199
2.007417
2.030966
2.006554
2.010237
2.015852
2.025381
2.006396
2.006168
1.985603
1.998039
1.989752
1.997054
2.000146
1.986723
1.994524
1.987358
2.000423
2.012339
2.001239
1.999970
1.997451
1.986790
1.997063
1.974434
1.956059
1.965620
2.008507
2.019957
2.036551
2.033734
1.993587
1.988996
1.992281
1.974964
1.998736
1.995766
1.982403
1.987235
1.999985
2.002676
1.992034
1.987762
2.008215
2.012392
2.023111
2.039152
2.018658
2.024282
2.028359
2.014278
1.998767
2.008019
2.036230
2.029745
2.004653
2.001013
2.009535
1.991558
2.000800
2.004487
1.995645
1.983750
2.006394
2.009451
2.021310
2.023905
1.995894
1.993087
2.005509
2.026030
1.998209
1.991626
2.005699
1.989983
2.002391
2.018409
2.015683
2.048367
1.994873
1.983743
1.980829
1.985657
1.992971
1.988788
2.020742
1.998049
2.008104
1.999799
1.993711
1.994647
1.990917
1.996401
2.014514
2.032245
2.004950
1.994985
1.997841
1.983749
