1.989621
1.992373
1.984726
2.002608
1.993100
1.978165
1.929725
1.944048
2.017665
2.009078
1.910337
1.956491
2.000112
1.987551
2.016664
2.021546
1.994587
2.000314
1.962745
1.974302
2.021089
1.992467
1.943239
1.962179
1.988822
1.991525
1.967088
1.989045
1.994186
1.978902
1.945910
1.951653
2.014378
2.001116
1.896209
1.942837
1.999821
1.990474
2.020785
2.029170
1.993878
1.998527
1.962706
1.973155
2.024913
1.996413
1.950177
1.967955
1.989621
1.992373
1.984726
2.002608
1.993100
1.978165
1.929725
1.944048
2.017665
2.009078
1.910337
1.956491
2.000112
1.987551
2.016664
2.021546
1.994587
2.000314
1.962745
1.974302
2.021089
1.992467
1.943239
1.962179
1.988822
1.991525
1.967088
1.989045
1.994186
1.978902
1.945910
1.951653
2.014378
2.001116
1.896209
1.942837
1.999821
1.990474
2.020785
2.029170
1.993878
1.998527
1.962706
1.973155
2.024913
1.996413
1.950177
1.967955
1.989621
1.992373
1.984726
2.002608
1.993100
1.978165
1.929725
1.944048
2.017665
2.009078
1.910337
1.956491
2.000112
1.987551
2.016664
2.021546
1.994587
2.000314
1.962745
1.974302
2.021089
1.992467
1.943239
1.962179
1.988822
1.991525
1.967088
1.989045
1.994186
1.978902
1.945910
1.951653
2.014378
2.001116
1.896209
1.942837
1.999821
1.990474
2.020785
2.029170
1.993878
1.998527
1.962706
1.973155
2.024913
1.996413
1.950177
1.967955
1.989621
1.992373
1.984726
2.002608
1.993100
1.978165
1.929725
1.944048
2.017665
2.009078
1.910337
1.956491
2.000112
1.987551
2.016664
2.021546
1.994587
2.000314
1.962745
1.974302
2.021089
1.992467
1.943239
1.962179
1.988822
1.991525
1.967088
1.989045
1.994186
1.978902
1.945910
1.951653
2.014378
2.001116
1.896209
1.942837
1.999821
1.990474
2.020785
2.029170
1.993878
1.998527
1.962706
1.973155
2.024913
1.996413
1.950177
1.967955
1.989621
1.992373
1.984726
2.002608
1.993100
1.978165
1.929725
1.944048
2.017665
2.009078
1.910337
1.956491
2.000112
1.987551
2.016664
2.021546
1.994587
2.000314
1.962745
1.974302
2.021089
1.992467
1.943239
1.962179
1.988822
1.991525
1.967088
1.989045
1.994186
1.978902
1.945910
1.951653
2.014378
2.001116
1.896209
1.942837
1.999821
1.990474
2.020785
2.029170
1.993878
1.998527
1.962706
1.973155
2.024913
1.996413
1.950177
1.967955
1.989621
1.992373
1.984726
2.002608
1.993100
1.978165
1.929725
1.944048
2.017665
2.009078
1.910337
1.956491
2.000112
1.987551
2.016664
2.021546
1.994587
2.000314
1.962745
1.974302
2.021089
1.992467
1.943239
1.962179
1.988822
1.991525
1.967088
1.989045
1.994186
1.978902
1.945910
1.951653
2.014378
2.001116
1.896209
1.942837
1.999821
1.990474
2.020785
2.029170
1.993878
1.998527
1.962706
1.973155
2.024913
1.996413
1.950177
1.967955
1.989621
1.992373
1.984726
2.002608
1.993100
1.978165
1.929725
1.944048
2.017665
2.009078
1.910337
1.956491
2.000112
1.987551
2.016664
2.021546
1.994587
2.000314
1.962745
1.974302
2.021089
1.992467
1.943239
1.962179
1.988822
1.991525
1.967088
1.989045
1.994186
1.978902
1.945910
1.951653
2.014378
2.001116
1.896209
1.942837
1.999821
1.990474
2.020785
2.029170
1.993878
1.998527
1.962706
1.973155
2.024913
1.996413
1.950177
1.967955
1.989621
1.992373
1.984726
2.002608
1.993100
1.978165
1.929725
1.944048
2.017665
2.009078
1.910337
1.956491
2.000112
1.987551
2.016664
2.021546
1.994587
2.000314
1.962745
1.974302
2.021089
1.992467
1.943239
1.962179
1.988822
1.991525
1.967088
1.989045
1.994186
1.978902
1.945910
1.951653
2.014378
2.001116
1.896209
1.942837
1.999821
1.990474
2.020785
2.029170
1.993878
1.998527
1.962706
1.973155
2.024913
1.996413
1.950177
1.967955
1.989621
1.992373
1.984726
2.002608
1.993100
1.978165
1.929725
1.944048
2.017665
2.009078
1.910337
1.956491
2.000112
1.987551
2.016664
2.021546
1.994587
2.000314
1.962745
1.974302
2.021089
1.992467
1.943239
1.962179
1.988822
1.991525
1.967088
1.989045
1.994186
1.978902
1.945910
1.951653
2.014378
2.001116
1.896209
1.942837
1.999821
1.990474
2.020785
2.029170
1.993878
1.998527
1.962706
1.973155
2.024913
1.996413
1.950177
1.967955
1.989621
1.992373
1.984726
2.002608
1.993100
1.978165
1.929725
1.944048
2.017665
2.009078
1.910337
1.956491
2.000112
1.987551
2.016664
2.021546
1.994587
2.000314
1.962745
1.974302
2.021089
1.992467
1.943239
1.962179
1.988822
1.991525
1.967088
1.989045
1.994186
1.978902
1.945910
1.951653
2.014378
2.001116
1.896209
1.942837
1.999821
1.990474
2.020785
2.029170
1.993878
1.998527
1.962706
1.973155
2.024913
1.996413
1.950177
1.967955
1.989621
1.992373
1.984726
2.002608
1.993100
1.978165
1.929725
1.944048
2.017665
2.009078
1.910337
1.956491
2.000112
1.987551
2.016664
2.021546
1.994587
2.000314
1.962745
1.974302
2.021089
1.992467
1.943239
1.962179
1.988822
1.991525
1.967088
1.989045
1.994186
1.978902
1.945910
1.951653
2.014378
2.001116
1.896209
1.942837
1.999821
1.990474
2.020785
2.029170
1.993878
1.998527
1.962706
1.973155
2.024913
1.996413
1.950177
1.967955
1.989621
1.992373
1.984726
2.002608
1.993100
1.978165
1.929725
1.944048
2.017665
2.009078
1.910337
1.956491
2.000112
1.987551
2.016664
2.021546
1.994587
2.000314
1.962745
1.974302
2.021089
1.992467
1.943239
1.962179
1.988822
1.991525
1.967088
1.989045
1.994186
1.978902
1.945910
1.951653
2.014378
2.001116
1.896209
1.942837
1.999821
1.990474
2.020785
2.029170
1.993878
1.998527
1.962706
1.973155
2.024913
1.996413
1.950177
1.967955
1.989621
1.992373
1.984726
2.002608
1.993100
1.978165
1.929725
1.944048
2.017665
2.009078
1.910337
1.956491
2.000112
1.987551
2.016664
2.021546
1.994587
2.000314
1.962745
1.974302
2.021089
1.992467
1.943239
1.962179
1.988822
1.991525
1.967088
1.989045
1.994186
1.978902
1.945910
1.951653
2.014378
2.001116
1.896209
1.942837
1.999821
1.990474
2.020785
2.029170
1.993878
1.998527
1.962706
1.973155
2.024913
1.996413
1.950177
1.967955
1.989621
1.992373
1.984726
2.002608
1.993100
1.978165
1.929725
1.944048
2.017665
2.009078
1.910337
1.956491
2.000112
1.987551
2.016664
2.021546
1.994587
2.000314
1.962745
1.974302
2.021089
1.992467
1.943239
1.962179
1.988822
1.991525
1.967088
1.989045
1.994186
1.978902
1.945910
1.951653
2.014378
2.001116
1.896209
1.942837
1.999821
1.990474
2.020785
2.029170
1.993878
1.998527
1.962706
1.973155
2.024913
1.996413
1.950177
1.967955
1.989621
1.992373
1.984726
2.002608
1.993100
1.978165
1.929725
1.944048
2.017665
2.009078
1.910337
1.956491
2.000112
1.987551
2.016664
2.021546
1.994587
2.000314
1.962745
1.974302
2.021089
1.992467
1.943239
1.962179
1.988822
1.991525
1.967088
1.989045
1.994186
1.978902
1.945910
1.951653
2.014378
2.001116
1.896209
1.942837
1.999821
1.990474
2.020785
2.029170
1.993878
1.998527
1.962706
1.973155
2.024913
1.996413
1.950177
1.967955
1.989621
1.992373
1.984726
2.002608
1.993100
1.978165
1.929725
1.944048
2.017665
2.009078
1.910337
1.956491
2.000112
1.987551
2.016664
2.021546
1.994587
2.000314
1.962745
1.974302
2.021089
1.992467
1.943239
1.962179
1.988822
1.991525
1.967088
1.989045
1.994186
1.978902
1.945910
1.951653
2.014378
2.001116
1.896209
1.942837
1.999821
1.990474
2.020785
2.029170
1.993878
1.998527
1.962706
1.973155
2.024913
1.996413
1.950177
1.967955
1.989621
1.992373
1.984726
2.002608
1.993100
1.978165
1.929725
1.944048
2.017665
2.009078
1.910337
1.956491
2.000112
1.987551
2.016664
2.021546
1.994587
2.000314
1.962745
1.974302
2.021089
1.992467
1.943239
1.962179
1.988822
1.991525
1.967088
1.989045
1.994186
1.978902
1.945910
1.951653
2.014378
2.001116
1.896209
1.942837
1.999821
1.990474
2.020785
2.029170
1.993878
1.998527
1.962706
1.973155
2.024913
1.996413
1.950177
1.967955
1.989621
1.992373
1.984726
2.002608
1.993100
1.978165
1.929725
1.944048
2.017665
2.009078
1.910337
1.956491
2.000112
1.987551
2.016664
2.021546
1.994587
2.000314
1.962745
1.974302
2.021089
1.992467
1.943239
1.962179
1.988822
1.991525
1.967088
1.989045
1.994186
1.978902
1.945910
1.951653
2.014378
2.001116
1.896209
1.942837
1.999821
1.990474
2.020785
2.029170
1.993878
1.998527
1.962706
1.973155
2.024913
1.996413
1.950177
1.967955
1.989621
1.992373
1.984726
2.002608
1.993100
1.978165
1.929725
1.944048
2.017665
2.009078
1.910337
1.956491
2.000112
1.987551
2.016664
2.021546
1.994587
2.000314
1.962745
1.974302
2.021089
1.992467
1.943239
1.962179
1.988822
1.991525
1.967088
1.989045
1.994186
1.978902
1.945910
1.951653
2.014378
2.001116
1.896209
1.942837
1.999821
1.990474
2.020785
2.029170
1.993878
1.998527
1.962706
1.973155
2.024913
1.996413
1.950177
1.967955
1.989621
1.992373
1.984726
2.002608
1.993100
1.978165
1.929725
1.944048
2.017665
2.009078
1.910337
1.956491
2.000112
1.987551
2.016664
2.021546
1.994587
2.000314
1.962745
1.974302
2.021089
1.992467
1.943239
1.962179
1.988822
1.991525
1.967088
1.989045
1.994186
1.978902
1.945910
1.951653
2.014378
2.001116
1.896209
1.942837
1.999821
1.990474
2.020785
2.029170
1.993878
1.998527
1.962706
1.973155
2.024913
1.996413
1.950177
1.967955
1.989621
1.992373
1.984726
2.002608
1.993100
1.978165
1.929725
1.944048
2.017665
2.009078
1.910337
1.956491
2.000112
1.987551
2.016664
2.021546
1.994587
2.000314
1.962745
1.974302
2.021089
1.992467
1.943239
1.962179
1.988822
1.991525
1.967088
1.989045
1.994186
1.978902
1.945910
1.951653
2.014378
2.001116
1.896209
1.942837
1.999821
1.990474
2.020785
2.029170
1.993878
1.998527
1.962706
1.973155
2.024913
1.996413
1.950177
1.967955
1.989621
1.992373
1.984726
2.002608
1.993100
1.978165
1.929725
1.944048
2.017665
2.009078
1.910337
1.956491
2.000112
1.987551
2.016664
2.021546
1.994587
2.000314
1.962745
1.974302
2.021089
1.992467
1.943239
1.962179
1.988822
1.991525
1.967088
1.989045
1.994186
1.978902
1.945910
1.951653
2.014378
2.001116
1.896209
1.942837
1.999821
1.990474
2.020785
2.029170
1.993878
1.998527
1.962706
1.973155
2.024913
1.996413
1.950177
1.967955
1.989621
1.992373
1.984726
2.002608
1.993100
1.978165
1.929725
1.944048
2.017665
2.009078
1.910337
1.956491
2.000112
1.987551
2.016664
2.021546
1.994587
2.000314
1.962745
1.974302
2.021089
1.992467
1.943239
1.962179
1.988822
1.991525
1.967088
1.989045
1.994186
1.978902
1.945910
1.951653
2.014378
2.001116
1.896209
1.942837
1.999821
1.990474
2.020785
2.029170
1.993878
1.998527
1.962706
1.973155
2.024913
1.996413
1.950177
1.967955
1.989621
1.992373
1.984726
2.002608
1.993100
1.978165
1.929725
1.944048
2.017665
2.009078
1.910337
1.956491
2.000112
1.987551
2.016664
2.021546
1.994587
2.000314
1.962745
1.974302
2.021089
1.992467
1.943239
1.962179
1.988822
1.991525
1.967088
1.989045
1.994186
1.978902
1.945910
1.951653
2.014378
2.001116
1.896209
1.942837
1.999821
1.990474
2.020785
2.029170
1.993878
1.998527
1.962706
1.973155
2.024913
1.996413
1.950177
1.967955
1.989621
1.992373
1.984726
2.002608
1.993100
1.978165
1.929725
1.944048
2.017665
2.009078
1.910337
1.956491
2.000112
1.987551
2.016664
2.021546
1.994587
2.000314
1.962745
1.974302
2.021089
1.992467
1.943239
1.962179
1.988822
1.991525
1.967088
1.989045
1.994186
1.978902
1.945910
1.951653
2.014378
2.001116
1.896209
1.942837
1.999821
1.990474
2.020785
2.029170
1.993878
1.998527
1.962706
1.973155
2.024913
1.996413
1.950177
1.967955
1.989621
1.992373
1.984726
2.002608
1.993100
1.978165
1.929725
1.944048
2.017665
2.009078
1.910337
1.956491
2.000112
1.987551
2.016664
2.021546
1.994587
2.000314
1.962745
1.974302
2.021089
1.992467
1.943239
1.962179
1.988822
1.991525
1.967088
1.989045
1.994186
1.978902
1.945910
1.951653
2.014378
2.001116
1.896209
1.942837
1.999821
1.990474
2.020785
2.029170
1.993878
1.998527
1.962706
1.973155
2.024913
1.996413
1.950177
1.967955
1.989621
1.992373
1.984726
2.002608
1.993100
1.978165
1.929725
1.944048
2.017665
2.009078
1.910337
1.956491
2.000112
1.987551
2.016664
2.021546
1.994587
2.000314
1.962745
1.974302
2.021089
1.992467
1.943239
1.962179
1.988822
1.991525
1.967088
1.989045
1.994186
1.978902
1.945910
1.951653
2.014378
2.001116
1.896209
1.942837
1.999821
1.990474
2.020785
2.029170
1.993878
1.998527
1.962706
1.973155
2.024913
1.996413
1.950177
1.967955
1.989621
1.992373
1.984726
2.002608
1.993100
1.978165
1.929725
1.944048
2.017665
2.009078
1.910337
1.956491
2.000112
1.987551
2.016664
2.021546
1.994587
2.000314
1.962745
1.974302
2.021089
1.992467
1.943239
1.962179
1.988822
1.991525
1.967088
1.989045
1.994186
1.978902
1.945910
1.951653
2.014378
2.001116
1.896209
1.942837
1.999821
1.990474
2.020785
2.029170
1.993878
1.998527
1.962706
1.973155
2.024913
1.996413
1.950177
1.967955
1.989621
1.992373
1.984726
2.002608
1.993100
1.978165
1.929725
1.944048
2.017665
2.009078
1.910337
1.956491
2.000112
1.987551
2.016664
2.021546
1.994587
2.000314
1.962745
1.974302
2.021089
1.992467
1.943239
1.962179
1.988822
1.991525
1.967088
1.989045
1.994186
1.978902
1.945910
1.951653
2.014378
2.001116
1.896209
1.942837
1.999821
1.990474
2.020785
2.029170
1.993878
1.998527
1.962706
1.973155
2.024913
1.996413
1.950177
1.967955
1.989621
1.992373
1.984726
2.002608
1.993100
1.978165
1.929725
1.944048
2.017665
2.009078
1.910337
1.956491
2.000112
1.987551
2.016664
2.021546
1.994587
2.000314
1.962745
1.974302
2.021089
1.992467
1.943239
1.962179
1.988822
1.991525
1.967088
1.989045
1.994186
1.978902
1.945910
1.951653
2.014378
2.001116
1.896209
1.942837
1.999821
1.990474
2.020785
2.029170
1.993878
1.998527
1.962706
1.973155
2.024913
1.996413
1.950177
1.967955
1.989621
1.992373
1.984726
2.002608
1.993100
1.978165
1.929725
1.944048
2.017665
2.009078
1.910337
1.956491
2.000112
1.987551
2.016664
2.021546
1.994587
2.000314
1.962745
1.974302
2.021089
1.992467
1.943239
1.962179
1.988822
1.991525
1.967088
1.989045
1.994186
1.978902
1.945910
1.951653
2.014378
2.001116
1.896209
1.942837
1.999821
1.990474
2.020785
2.029170
1.993878
1.998527
1.962706
1.973155
2.024913
1.996413
1.950177
1.967955
1.989621
1.992373
1.984726
2.002608
1.993100
1.978165
1.929725
1.944048
2.017665
2.009078
1.910337
1.956491
2.000112
1.987551
2.016664
2.021546
1.994587
2.000314
1.962745
1.974302
2.021089
1.992467
1.943239
1.962179
1.988822
1.991525
1.967088
1.989045
1.994186
1.978902
1.945910
1.951653
2.014378
2.001116
1.896209
1.942837
1.999821
1.990474
2.020785
2.029170
1.993878
1.998527
1.962706
1.973155
2.024913
1.996413
1.950177
1.967955
1.989621
1.992373
1.984726
2.002608
1.993100
1.978165
1.929725
1.944048
2.017665
2.009078
1.910337
1.956491
2.000112
1.987551
2.016664
2.021546
1.994587
2.000314
1.962745
1.974302
2.021089
1.992467
1.943239
1.962179
1.988822
1.991525
1.967088
1.989045
1.994186
1.978902
1.945910
1.951653
2.014378
2.001116
1.896209
1.942837
1.999821
1.990474
2.020785
2.029170
1.993878
1.998527
1.962706
1.973155
2.024913
1.996413
1.950177
1.967955
1.989621
1.992373
1.984726
2.002608
1.993100
1.978165
1.929725
1.944048
2.017665
2.009078
1.910337
1.956491
2.000112
1.987551
2.016664
2.021546
1.994587
2.000314
1.962745
1.974302
2.021089
1.992467
1.943239
1.962179
1.988822
1.991525
1.967088
1.989045
1.994186
1.978902
1.945910
1.951653
2.014378
2.001116
1.896209
1.942837
1.999821
1.990474
2.020785
2.029170
1.993878
1.998527
1.962706
1.973155
2.024913
1.996413
1.950177
1.967955
1.989621
1.992373
1.984726
2.002608
1.993100
1.978165
1.929725
1.944048
2.017665
2.009078
1.910337
1.956491
2.000112
1.987551
2.016664
2.021546
1.994587
2.000314
1.962745
1.974302
2.021089
1.992467
1.943239
1.962179
1.988822
1.991525
1.967088
1.989045
1.994186
1.978902
1.945910
1.951653
2.014378
2.001116
1.896209
1.942837
1.999821
1.990474
2.020785
2.029170
1.993878
1.998527
1.962706
1.973155
2.024913
1.996413
1.950177
1.967955
1.989621
1.992373
1.984726
2.002608
1.993100
1.978165
1.929725
1.944048
2.017665
2.009078
1.910337
1.956491
2.000112
1.987551
2.016664
2.021546
1.994587
2.000314
1.962745
1.974302
2.021089
1.992467
1.943239
1.962179
1.988822
1.991525
1.967088
1.989045
1.994186
1.978902
1.945910
1.951653
2.014378
2.001116
1.896209
1.942837
1.999821
1.990474
2.020785
2.029170
1.993878
1.998527
1.962706
1.973155
2.024913
1.996413
1.950177
1.967955
1.989621
1.992373
1.984726
2.002608
1.993100
1.978165
1.929725
1.944048
2.017665
2.009078
1.910337
1.956491
2.000112
1.987551
2.016664
2.021546
1.994587
2.000314
1.962745
1.974302
2.021089
1.992467
1.943239
1.962179
1.988822
1.991525
1.967088
1.989045
1.994186
1.978902
1.945910
1.951653
2.014378
2.001116
1.896209
1.942837
1.999821
1.990474
2.020785
2.029170
1.993878
1.998527
1.962706
1.973155
2.024913
1.996413
1.950177
1.967955
1.989621
1.992373
1.984726
2.002608
1.993100
1.978165
1.929725
1.944048
2.017665
2.009078
1.910337
1.956491
2.000112
1.987551
2.016664
2.021546
1.994587
2.000314
1.962745
1.974302
2.021089
1.992467
1.943239
1.962179
1.988822
1.991525
1.967088
1.989045
1.994186
1.978902
1.945910
1.951653
2.014378
2.001116
1.896209
1.942837
1.999821
1.990474
2.020785
2.029170
1.993878
1.998527
1.962706
1.973155
2.024913
1.996413
1.950177
1.967955
1.989621
1.992373
1.984726
2.002608
1.993100
1.978165
1.929725
1.944048
2.017665
2.009078
1.910337
1.956491
2.000112
1.987551
2.016664
2.021546
1.994587
2.000314
1.962745
1.974302
2.021089
1.992467
1.943239
1.962179
1.988822
1.991525
1.967088
1.989045
1.994186
1.978902
1.945910
1.951653
2.014378
2.001116
1.896209
1.942837
1.999821
1.990474
2.020785
2.029170
1.993878
1.998527
1.962706
1.973155
2.024913
1.996413
1.950177
1.967955
1.989621
1.992373
1.984726
2.002608
1.993100
1.978165
1.929725
1.944048
2.017665
2.009078
1.910337
1.956491
2.000112
1.987551
2.016664
2.021546
1.994587
2.000314
1.962745
1.974302
2.021089
1.992467
1.943239
1.962179
1.988822
1.991525
1.967088
1.989045
1.994186
1.978902
1.945910
1.951653
2.014378
2.001116
1.896209
1.942837
1.999821
1.990474
2.020785
2.029170
1.993878
1.998527
1.962706
1.973155
2.024913
1.996413
1.950177
1.967955
