1.997467
1.990707
1.994739
1.976963
1.994144
1.994927
2.010568
2.026715
1.989444
1.998554
1.981524
1.987136
2.002623
2.022767
2.009678
2.027169
2.012170
1.999590
2.007972
2.001650
1.984662
1.995672
1.995628
1.972485
1.999278
2.000624
2.034443
2.037657
2.001863
2.009948
2.023567
1.998111
1.999506
2.000379
1.984729
2.018484
2.006076
2.007966
2.031842
2.000650
1.989361
1.992702
1.995016
2.016925
2.009380
2.001658
1.992918
1.999989
2.003640
2.013557
1.967241
1.971777
1.982243
1.981403
2.000475
1.999742
2.008545
2.019436
2.027635
2.014377
2.023712
2.016970
1.995716
1.985017
1.991574
1.990019
1.998717
2.005535
2.005414
2.006147
2.011126
2.024295
2.004113
2.009025
2.012897
2.006730
2.006436
2.001305
1.999893
1.982809
1.996030
2.001294
2.014183
1.977442
2.006026
2.001950
1.994452
1.996339
1.993314
2.001613
2.013418
2.022013
1.985137
1.992438
1.994649
2.007870
2.012724
2.018549
2.048963
2.017085
2.004385
2.003100
1.999872
1.980992
1.993067
2.007805
2.026533
2.019827
2.004701
1.999836
2.010269
1.997432
2.009436
2.008728
2.003186
1.993560
1.998835
2.001332
1.993207
1.976850
2.010024
2.014847
2.012032
2.008349
1.994097
1.988504
1.980091
1.974296
2.001164
1.996368
1.983053
1.993044
1.999449
2.010875
2.009879
2.030723
1.987646
2.000273
2.015790
1.985624
1.999414
2.006090
2.006160
1.983508
2.011033
2.023592
2.045806
2.039956
2.000958
1.999307
2.013231
2.019974
2.015413
2.029593
2.020741
1.998198
2.005945
2.002983
2.019627
2.011684
1.994539
1.999948
1.989727
1.983934
1.990016
1.992413
1.987216
1.972402
1.986930
1.967907
1.942585
1.960352
1.990765
2.005581
1.980209
2.012757
1.998380
2.004672
2.016869
2.009351
1.993004
1.995896
1.994485
1.950897
2.005647
2.020063
2.010160
1.999123
2.009858
2.029080
2.030987
2.024033
2.014199
2.020689
2.021791
2.001635
2.003160
2.010515
2.001022
2.015440
2.012615
2.004830
2.010346
1.964608
2.001131
2.005101
2.031092
2.005579
2.007106
2.018120
2.032616
2.010624
2.011893
2.015125
1.992392
1.970942
2.004332
2.002969
2.012104
2.031764
1.998040
2.014455
2.036071
1.987621
2.004316
1.991670
1.952529
1.957502
1.999165
1.992953
1.983824
1.987795
1.978981
1.984320
1.983056
2.010542
1.992924
1.988738
1.970307
1.979906
1.994708
1.980227
1.988852
1.981540
2.007955
2.002714
1.999535
2.029226
1.995153
1.993555
2.001804
2.013593
1.991588
1.992230
2.004189
2.031754
2.001591
2.009731
2.033241
2.013287
1.998852
2.007365
2.027820
2.023462
2.000832
2.013393
1.999700
2.005983
1.991224
2.011083
2.030202
1.988214
2.016635
2.007290
2.035966
2.012202
1.995686
1.987540
2.005490
2.004071
2.003556
1.996314
1.991197
1.976532
1.990625
1.988446
1.964988
1.970155
1.991683
1.991468
2.034849
1.964558
2.010141
1.998555
1.985142
1.993154
2.000284
2.008299
2.017411
2.030294
1.990011
1.979489
1.999642
2.007147
2.011020
2.003193
1.993937
2.012734
2.001961
2.012971
2.004797
1.996743
1.997264
2.008352
1.987231
1.998824
1.999959
1.997406
1.989907
2.004840
2.021525
2.019947
2.045094
2.000402
1.997861
1.995697
1.974273
1.974959
2.004748
2.005940
2.006172
2.009998
2.005758
2.012380
2.015339
2.004036
2.004397
2.005665
2.016759
2.013229
1.986234
1.984577
1.957168
1.951895
1.990643
1.999781
2.014081
1.996339
2.000573
1.995568
1.960965
1.957181
2.001227
2.008014
2.011416
1.986831
2.004304
1.995149
1.970785
1.986589
2.002963
2.009019
2.035988
2.005520
1.987375
1.980240
1.977042
1.977136
2.000266
1.986241
1.989425
1.977118
2.000268
2.004793
2.008128
2.019942
1.997819
2.008751
1.986015
1.954463
2.011176
2.015304
1.986077
1.975976
2.000849
1.990013
1.958910
1.983521
1.982640
1.970667
1.935318
1.951301
1.997650
1.978971
1.963230
1.980363
1.999596
2.007813
2.002220
1.987878
2.000431
1.998822
1.973065
1.978496
2.006433
2.002683
1.996641
2.006052
1.999255
2.006822
1.997120
1.986313
1.992154
1.986032
1.993793
2.002209
2.010453
2.014180
2.020700
2.009699
2.011195
1.986850
1.963913
1.986946
1.997187
1.998049
2.026282
2.000097
1.997564
1.986211
1.970307
1.961450
1.983205
1.990153
1.992228
1.985710
2.013836
2.023325
2.001197
2.018930
1.982279
1.990017
2.016413
2.003122
2.008174
2.016946
2.026789
2.007601
1.990608
1.992922
2.016041
2.016856
2.000603
2.003311
2.000296
1.985589
1.982294
1.973094
1.973165
1.973396
1.991405
1.997345
2.003021
2.013578
1.996890
1.998059
1.991267
1.998966
2.003119
2.004639
2.011306
2.004751
2.012357
2.014967
2.021786
1.999813
1.998123
1.996717
1.984434
1.997186
2.012748
2.003713
2.022554
1.970813
1.988791
1.987148
2.017818
2.017588
1.973551
1.965014
1.961434
1.953626
1.993744
1.994072
1.986497
2.002363
1.998870
1.995802
1.977047
1.975225
2.009589
2.016826
2.008893
2.011436
1.985436
1.980837
1.984487
1.999058
1.994465
2.002421
2.009460
2.020304
1.986765
2.004773
1.987497
2.020151
2.001042
2.002557
2.017688
1.995165
1.986332
1.991898
1.993341
1.996319
1.992445
1.986269
1.986490
1.988892
1.999861
1.994796
1.975070
1.965812
2.000328
1.996646
2.014024
1.993590
2.006991
2.010480
1.988121
1.958812
1.999226
2.001839
1.970519
1.968220
2.005389
2.020395
2.032032
2.009522
1.997846
2.005250
2.009839
1.999773
1.992611
1.985661
1.977371
1.997733
1.991738
1.994170
2.013385
2.016725
2.004718
2.007564
1.991211
1.987431
2.007107
2.007342
2.015977
2.021199
1.997662
1.994814
2.017393
2.028284
1.979156
1.984248
1.994887
1.992588
2.011444
1.999217
2.028511
2.025823
1.981600
1.983524
1.975313
1.993837
1.995765
1.996441
1.970833
1.976791
2.010201
2.008925
2.023144
1.992366
1.983431
1.980833
1.959163
1.993089
2.013994
2.015754
2.010236
1.986441
1.991465
1.984917
1.998070
2.007693
1.994411
1.999612
1.974027
1.968431
1.990450
1.986615
1.951263
1.985351
2.005289
2.003069
1.985052
1.986602
1.993822
1.992689
1.984801
1.981299
1.995079
1.999110
2.018577
2.017158
2.014903
2.019918
1.995860
1.991937
1.998495
2.010799
2.017890
2.015718
2.007843
2.002326
1.995582
1.997821
2.009127
2.000867
2.013336
2.013087
1.993695
1.992159
2.002329
1.993396
1.991450
1.979043
1.985053
1.977463
1.992740
1.987924
1.956199
1.951379
1.995927
1.982251
1.925824
1.972168
1.982537
1.978162
2.009741
1.994733
1.997185
2.005952
2.030552
2.023226
2.020025
2.011507
2.002163
1.999085
2.012518
2.024986
2.027864
2.030652
1.984483
1.993403
1.984540
2.004595
2.000287
2.012364
1.997854
2.005763
1.997397
1.996764
2.006558
2.001772
1.989667
1.978337
1.990330
1.984159
1.989137
1.983086
1.948153
1.969964
1.995520
1.992687
1.992910
1.964242
1.988591
1.991968
1.984228
1.979609
2.003606
2.011457
2.001894
2.004643
1.989933
1.996607
1.977137
1.991948
2.002513
2.015643
2.020904
2.036114
2.004716
2.010042
2.015699
1.978110
1.988116
1.987704
1.999921
2.017725
2.004338
2.003592
2.013660
1.997741
2.020832
2.027376
2.032449
2.032101
1.998977
1.986507
2.000137
2.001686
2.012186
2.004738
2.016699
2.014532
2.001558
2.011207
1.987996
1.991530
1.989645
1.977853
1.970853
1.969023
1.993149
1.982526
1.962104
1.996697
2.001343
1.999145
2.015330
2.005998
1.990349
2.003901
1.998738
1.997987
1.996102
1.997605
1.965790
1.978552
1.997607
1.990063
1.989270
2.025073
2.005656
2.019241
2.006874
2.018814
2.005309
2.020226
1.996336
1.993743
1.987219
1.986998
1.981091
1.971828
1.988065
1.988831
1.993795
1.964159
2.001200
2.006033
2.013975
2.004479
2.000307
2.001977
2.019016
1.994079
2.004150
1.995074
1.987105
1.985251
2.001801
2.009216
1.989352
1.996162
2.018336
2.007212
2.007668
2.004357
2.009081
2.009863
2.004942
1.981252
1.981399
1.974870
1.969373
1.996950
1.993506
2.002934
1.998747
2.015751
1.992571
1.996521
2.008054
1.988037
1.982273
1.993791
2.024612
1.965375
2.013470
2.005652
1.978466
1.969029
1.998231
2.008355
2.010672
2.007051
2.007657
2.007012
2.002616
1.990272
2.018415
2.018716
2.029721
2.019916
1.993440
1.990772
1.979242
1.988658
1.995988
1.999619
1.995599
2.016689
2.003691
2.000983
2.023831
2.013182
2.014008
2.016912
2.025788
2.015217
2.016571
2.016171
2.012213
2.034691
1.999137
1.993009
1.975661
1.976569
2.011985
2.000873
1.995950
2.026350
2.005111
2.013353
2.026749
2.007116
1.992477
2.004518
2.005997
1.998423
1.997650
2.000925
1.977870
1.999226
1.991454
1.994752
2.001501
2.016227
1.998590
2.006027
2.036679
2.014172
1.982785
1.974169
2.003793
2.001846
1.984331
2.003951
2.026984
2.000814
1.999916
2.005340
1.994177
2.002213
1.988325
1.982492
2.012174
2.008342
2.012766
2.006328
1.993679
1.986696
1.986974
1.977883
1.978845
1.989684
2.002556
2.006500
2.001800
2.011749
1.995255
1.995682
2.002382
2.005795
1.990433
1.991684
1.994253
1.989506
2.014230
2.014815
2.035831
2.023704
1.993740
1.990216
2.017333
2.025768
2.006843
1.997091
1.998306
2.013598
1.998119
2.001383
2.000933
2.004461
2.002221
2.006346
2.009061
2.011627
2.016814
2.004000
1.993467
1.982024
1.995134
1.995958
1.973201
1.989695
2.000147
2.007907
2.028527
2.006984
2.012209
2.012083
2.018594
2.037435
1.993636
1.995632
2.007988
1.994273
2.007733
2.000861
2.012175
2.028985
2.021146
2.015785
2.027095
2.024603
2.000334
2.006482
2.046149
2.028624
1.991137
1.995505
2.021942
2.015933
1.997561
1.999802
2.006599
1.979715
2.009291
2.013900
1.978525
1.988482
1.995941
1.992471
2.014975
2.003282
2.001767
1.998252
2.011097
2.011013
2.007926
2.018604
2.009518
2.007191
2.021088
2.028622
2.051926
2.041401
2.002051
1.997030
1.962806
1.984655
2.017912
2.019118
2.028344
1.996428
1.992503
1.985681
2.003753
1.999536
1.989724
1.992149
1.989623
1.997827
1.998878
2.005156
2.012874
1.999009
2.000791
2.005178
2.009092
1.991453
1.981459
1.979068
1.990546
1.994220
2.000867
2.002424
2.005770
2.004902
1.994462
1.999486
2.002027
1.996811
2.000535
2.000100
1.991767
1.997890
1.988980
1.994781
2.002308
1.986839
1.983908
1.990537
1.999120
2.002310
2.010249
2.004315
2.006391
2.012118
2.013217
2.031043
2.033443
2.045964
2.011002
2.023135
2.008047
2.016846
1.990803
1.993311
1.989595
1.963543
1.996187
1.992280
2.032524
2.021903
2.003966
2.014831
2.004980
1.993930
2.005690
2.007583
1.974935
2.018553
1.999234
1.986919
1.963935
1.990409
2.022102
2.032334
2.029784
2.023174
1.993356
1.995594
1.971809
1.964801
1.992475
1.990891
1.997532
1.997520
1.995935
1.991479
2.005330
2.027349
2.000295
2.009816
1.999185
1.997115
2.004986
2.007415
2.006829
2.003763
2.000531
1.998658
1.979869
1.975292
1.990786
1.988229
1.994247
2.007073
1.996102
2.002094
2.028381
2.017996
2.002018
1.991803
2.024174
2.009069
2.011582
2.010610
1.972672
1.957093
2.007500
2.008766
2.015353
2.023132
1.990009
2.002948
2.016777
2.056591
2.001030
1.993077
1.998487
2.010823
2.004304
2.013886
2.009584
2.030210
1.996878
1.993724
1.953774
1.968511
1.995437
1.996594
1.997328
2.004159
2.004779
2.013063
2.021831
2.009143
2.015788
2.018594
2.022997
2.021750
1.998000
1.996078
1.992631
2.020501
2.013420
2.013131
2.043798
2.053627
2.014297
2.003642
1.974973
1.973172
2.003387
2.003136
2.002441
1.991283
1.994422
2.001429
2.003839
2.007023
1.989052
1.993189
1.983340
1.989648
2.001168
1.985057
1.994118
2.019134
1.996705
1.994054
1.997585
1.997081
1.995926
1.997933
1.978062
1.984100
2.005995
2.006224
2.000878
1.995441
1.981440
1.973106
1.921790
1.957671
1.994065
1.989122
1.998964
1.988479
2.001747
2.018826
2.046955
2.023978
2.011944
2.015993
2.005551
1.988109
2.004246
2.014214
2.060556
2.046902
2.010840
2.000323
2.000603
1.995922
2.002190
1.986812
1.983061
1.992811
2.002289
2.015325
2.011091
2.001174
2.010189
2.007123
1.978615
2.008449
1.991433
1.984247
1.993018
1.952366
2.003014
2.004711
1.984089
1.985601
1.992020
1.985919
2.013391
2.001935
2.004329
1.996414
1.963137
1.964283
1.992760
1.998341
1.984451
1.959325
2.007216
1.998482
2.016642
1.993508
2.001063
1.998566
1.982188
1.980902
2.010675
2.003481
1.986616
1.991786
2.020974
2.023578
2.025384
2.013331
2.003393
2.012484
1.990767
2.027741
1.978435
1.979996
1.984031
1.970012
1.990710
1.994785
2.007105
2.002524
2.010854
2.020217
2.011701
2.001035
2.003867
2.011956
2.009978
2.015890
1.993893
1.996796
1.994933
2.001023
1.990667
1.993244
1.986912
1.990552
1.996296
2.008283
1.994871
2.002632
2.000855
2.007148
2.012340
2.015624
1.986926
1.969031
1.968314
1.961529
2.001004
2.012720
2.012725
2.010262
1.991591
1.997425
2.000022
1.988245
2.000421
2.008939
2.010953
2.034732
1.997606
2.016085
2.027128
2.019511
1.981202
1.997985
2.004168
2.009895
2.001803
2.004351
2.009407
2.005102
2.013965
2.021496
2.025202
1.988060
1.996873
1.996910
1.978437
1.977325
2.010932
2.017746
2.018690
1.996843
1.989391
1.983144
1.924436
1.954834
2.013271
2.010075
2.014511
2.017405
2.015973
2.014515
2.014324
2.023605
1.978367
1.976731
1.950752
1.991677
2.014939
2.011173
2.010131
2.009241
1.992471
2.004181
2.003056
2.003769
2.024759
2.031008
2.025536
2.027414
2.007101
2.015643
2.010478
1.996683
2.004501
2.013118
2.034288
2.046339
1.996684
1.990042
1.977320
1.963095
1.997399
1.989450
1.960133
1.961098
2.012357
2.018581
2.015367
1.995474
2.001972
1.997083
2.017889
1.993903
1.985907
1.998462
1.999958
2.002519
2.000916
2.000471
2.000555
2.015909
1.984691
1.982263
1.974134
1.992851
2.004409
2.014636
2.020679
1.994659
2.002769
1.999905
2.002401
1.997474
1.999445
1.996264
1.995806
1.980194
1.997832
1.994219
1.995628
1.986308
2.011958
2.005351
2.013970
2.015120
1.988904
2.002204
1.992618
1.979526
2.011372
2.015516
2.015835
2.008630
2.010064
2.005387
2.013342
2.007031
2.008847
2.002824
1.992281
2.015659
2.001949
2.007145
2.036381
2.038345
2.011172
2.022187
2.028646
1.986756
2.003494
2.006447
2.000108
2.008490
2.009171
2.003274
2.010473
2.003876
2.004104
1.994583
2.008597
2.018833
1.991545
2.001049
1.974137
2.004110
2.007392
2.006342
2.003368
1.967604
1.996965
1.997191
1.977311
1.953049
2.013048
2.024974
2.024824
2.011281
2.007928
2.017263
2.045335
2.002752
1.994859
2.004875
2.032625
2.038445
1.994816
1.995196
2.005489
1.999196
1.987266
1.983165
1.994700
1.993120
1.993060
1.978371
1.988205
1.999920
2.016165
2.018021
2.035493
1.993392
1.998492
1.993184
2.011575
1.994246
1.998641
2.004309
1.982767
2.006256
1.984842
1.984253
2.006296
2.001758
2.001507
2.001392
2.018144
2.025191
1.994807
1.984150
1.977260
1.993201
2.003202
2.010037
1.978515
2.012959
2.007531
2.012613
2.054690
2.026842
2.001955
1.998430
1.992785
1.986214
2.021610
2.026420
2.040140
2.038111
1.999699
2.004372
2.010695
2.013310
2.008796
2.013969
2.026881
2.025844
1.993400
1.991645
1.956411
1.951170
2.009455
2.023757
2.030386
2.024539
2.008538
2.007712
2.001875
2.024531
1.992670
1.996224
2.013954
1.995228
2.004949
1.994947
1.975597
1.994986
2.002639
1.986619
1.989609
2.008034
1.987383
1.981924
1.996657
2.023498
2.004060
2.016564
2.020479
2.014299
2.011675
2.013011
2.056809
2.036813
2.014789
2.031151
2.039442
2.021385
1.977364
1.963204
1.962364
2.002853
1.988475
1.984667
2.004903
2.005646
1.996607
1.999265
1.988358
1.989258
