2.005693
2.005889
2.009021
1.994186
2.007034
2.024965
2.021715
2.013071
1.984755
1.979713
1.985562
2.009772
2.006825
2.014793
2.007779
1.995133
2.007196
2.006066
1.994563
2.009670
1.997401
1.992267
2.008077
2.009156
2.023330
2.022979
1.997627
1.975852
2.006969
2.011059
2.005023
2.027294
2.002372
1.996902
2.018330
1.993813
2.005193
1.991450
1.972163
1.969295
1.994336
1.999252
2.000489
2.014631
1.995010
1.987160
1.964078
2.011368
2.005233
2.004345
2.015921
2.003467
2.003641
2.000466
2.002678
1.997857
2.012108
1.998720
2.006898
1.990596
1.983690
1.997045
2.009999
1.985867
2.009425
2.005966
2.003065
1.981708
1.988136
1.977125
2.000549
1.996246
2.011348
2.015617
2.014090
2.007921
2.004952
2.011455
2.025867
2.028707
2.000409
1.991868
2.024607
2.009945
1.986135
1.983779
1.976759
1.980184
2.012574
2.012013
1.997846
2.003787
2.003938
2.007050
2.000840
2.007338
1.983821
1.978079
1.956429
1.986430
2.005375
2.008221
1.989662
1.998177
2.006750
2.011963
1.985923
2.001311
1.994948
1.992406
1.982212
1.990283
1.997523
1.997555
1.978032
1.954201
1.998340
2.003458
2.013466
2.018498
1.988828
1.987337
1.990603
1.979748
2.004340
1.990244
1.991496
1.995416
1.993353
1.994795
1.983899
1.969104
1.986274
1.983609
1.994462
1.991884
2.006766
1.999212
2.003425
1.991083
1.995018
1.994578
1.994653
1.966520
1.990054
1.981006
1.967690
1.982522
1.995274
1.992915
2.014442
1.980027
1.984808
1.984597
2.007065
2.002318
1.996529
1.998851
2.008554
1.990141
2.001772
1.991814
1.991231
1.977916
1.994281
1.992966
1.985943
1.966101
1.999604
1.996411
1.992625
1.958457
2.001372
1.999468
1.992531
1.985271
2.002872
2.003237
2.022725
2.012503
1.986265
1.996228
1.993749
1.972345
1.991400
1.993680
2.012201
2.041463
2.000945
2.000297
2.005177
1.993461
2.009158
2.023568
2.029943
2.024171
1.993716
1.991281
1.995387
2.006085
1.989591
1.991780
1.988412
2.012188
2.008301
2.008317
1.986770
2.009843
2.008677
2.014654
2.028536
2.023431
1.986890
1.981397
1.992761
2.022291
2.020727
2.039552
2.056645
2.044648
2.026569
2.021517
2.005819
1.994070
2.011855
2.009900
2.055506
2.017352
1.989885
1.983651
1.988457
1.998042
1.989890
1.986491
2.007746
2.008160
2.013864
2.001014
2.028903
2.038110
1.997012
2.000394
2.012722
1.980052
1.986984
1.995799
2.000565
1.994039
1.986522
1.992020
2.001054
2.032493
1.991309
1.990608
1.980309
1.984574
2.015198
2.007734
2.014872
2.018763
2.005959
2.001888
1.999785
1.983405
2.001138
1.988017
1.979094
1.995382
2.007365
2.006815
2.018310
2.014692
1.998113
1.997358
2.012426
2.016338
2.000902
2.019957
2.020121
2.028783
2.011418
2.017016
2.018834
2.013444
1.997708
1.981698
1.959247
1.957033
2.008061
2.004140
1.986818
1.989407
1.996310
1.986174
1.996338
1.978661
1.990495
1.989236
1.993016
1.990064
2.001045
2.007110
2.012209
1.989158
1.997801
2.003065
2.003214
2.012734
1.992299
1.999122
2.010318
2.009039
1.990696
1.985340
1.980483
1.990788
2.012145
1.999810
2.037713
2.056415
1.992924
1.999693
1.988166
1.982036
1.999479
2.008194
2.030909
2.006323
1.998798
1.991426
1.981998
1.972773
1.990760
2.000620
2.041559
2.050465
1.993533
2.001018
2.008230
2.010283
1.991303
1.991995
1.989351
1.943503
1.998139
1.993183
1.983406
1.951976
2.012316
2.001365
1.991318
1.991075
2.003760
1.996570
1.970054
1.985060
1.999216
1.992839
1.981873
1.999802
2.013121
2.007022
2.020692
1.977911
2.013812
2.007662
2.025554
2.005047
1.966095
1.952968
1.949480
1.971936
1.996641
1.985082
1.993683
1.997233
2.001760
2.005998
1.997774
1.963656
1.999753
2.015058
2.038435
1.986038
2.001005
2.008678
2.014414
1.989182
2.000667
2.008456
1.999700
1.993226
2.002553
1.991812
1.999497
2.000787
1.997872
1.993058
2.018656
2.031639
1.995180
1.981498
1.989463
1.991707
1.985937
1.994544
1.973502
1.982896
1.998456
2.001994
1.975005
1.964235
2.000878
2.004622
1.995827
2.017819
1.996135
1.991358
1.963532
2.006759
2.000695
2.012725
2.030290
2.018958
2.002276
2.002027
2.017899
2.004532
1.996734
1.979284
1.986319
2.015365
2.008666
1.998002
1.982505
2.005697
2.002500
2.002224
2.004906
1.993924
2.001598
1.992742
1.982590
1.976068
2.009741
2.004153
2.014243
2.023041
1.996509
1.987296
1.973678
1.987003
2.000146
2.014366
2.017542
2.015415
1.998372
2.004159
2.008729
2.024442
1.988385
1.980923
2.005758
2.011682
2.005244
2.010717
2.021188
1.986731
2.013813
2.016900
1.986467
1.994853
1.994442
1.990147
1.972084
1.981482
1.981138
1.983114
1.960169
1.986741
2.019197
2.017794
2.037652
1.992811
1.997384
1.997305
2.007338
2.011665
1.991868
1.997826
2.006337
2.003481
2.002201
2.012423
2.050765
2.026824
1.986023
1.984409
1.956977
1.968898
1.985710
1.983675
1.955235
1.950542
1.993740
1.999173
2.002347
2.038634
1.997398
1.996704
1.989869
1.992491
1.989240
1.984151
1.979204
1.961303
2.005955
2.011040
2.010562
1.963153
2.004325
2.007661
2.031679
1.999609
1.996751
1.995147
1.961005
1.984935
1.979948
1.994311
2.015966
2.029802
1.992932
1.989196
1.974415
2.007355
2.004223
2.003657
1.993812
1.988338
2.010023
2.011369
1.981770
1.978239
1.998390
1.988863
1.979373
1.986486
2.009509
2.008575
2.025732
1.995637
2.012696
2.021921
1.997312
2.011097
2.000986
2.000466
1.989762
1.998939
2.005127
2.003563
1.987429
1.984938
1.999128
2.007336
2.005316
1.986553
1.988749
1.996180
1.982767
1.969137
2.012587
2.014187
2.038715
2.034463
1.996398
2.002428
1.984861
1.983598
2.012224
1.988350
1.960852
1.983838
2.010367
2.008338
2.003560
2.009320
2.010424
2.017542
2.005967
1.965859
1.987843
1.990277
1.995429
1.991786
2.010706
2.016077
2.046508
2.038884
1.984331
1.994312
2.024130
2.010204
1.993937
1.999841
1.967360
1.961879
2.014252
2.023118
2.025829
2.030533
2.000877
2.006686
2.036255
2.041755
1.992501
1.986936
1.943699
1.978425
1.990136
1.996270
2.001715
2.019426
2.002620
2.001033
2.018436
2.043358
2.001614
2.007937
2.009839
1.996526
1.989774
1.997606
1.999459
1.986496
1.992719
1.978804
1.968179
1.958655
2.011082
1.999899
2.012132
1.972315
2.011586
2.006876
2.010191
1.987104
2.013013
2.008935
2.025572
2.021543
1.994371
1.989367
1.992618
1.975210
1.991971
1.996756
1.977803
1.976690
2.008666
2.016748
2.013680
2.015103
2.012294
2.008205
2.002826
1.991058
2.000450
1.988280
1.983373
1.983113
1.998779
2.008221
2.036667
2.030698
2.009694
2.008617
2.046539
2.009299
1.980103
1.983382
1.988577
1.998117
2.003571
2.006415
2.016162
2.019123
1.995479
1.995730
1.978939
1.997555
1.998345
1.991527
2.004568
1.989457
1.994073
1.999980
1.988869
1.988865
2.000035
2.002595
1.972631
1.967110
1.989605
1.995808
1.990019
1.991894
2.001842
2.005357
2.014603
2.013316
1.989518
1.996260
2.013100
2.030498
1.985604
1.985945
1.982288
1.992417
1.999944
2.004941
1.986108
1.983506
1.990169
1.997589
1.994929
1.988345
1.995908
2.008457
2.036800
2.030243
1.988629
1.994313
1.979632
1.992651
1.985452
1.977090
1.966425
1.984540
1.981707
1.985820
1.975987
1.990593
2.006188
2.001213
2.001124
2.003752
2.000681
2.015581
2.030665
2.007770
1.995930
1.993789
2.004168
1.988434
1.993113
2.003619
2.049558
2.052131
1.990218
1.982866
1.995976
2.009345
2.005812
2.005771
2.038076
2.028734
1.997398
1.997518
1.940795
1.976760
1.996756
2.009509
2.004635
2.004762
2.005971
1.996775
2.013441
2.010301
1.998873
2.000474
2.013374
2.015193
1.991364
1.984017
1.997847
2.028786
2.017540
2.019916
2.038513
2.008931
2.004396
2.011374
2.012854
1.963461
1.999818
1.999929
2.006545
2.014342
1.996099
1.995648
2.004572
2.001877
2.002456
1.996640
1.996168
1.994513
2.000948
2.001066
2.002196
1.999453
2.014227
2.026074
2.024454
1.990812
1.997441
1.996711
1.996511
1.978506
1.998324
2.005332
2.028567
2.023286
1.987161
1.982335
1.972413
1.970243
2.008912
2.013724
2.015480
2.016602
1.996119
1.993458
1.991255
2.007181
1.995980
2.005159
2.020764
2.019631
1.997184
1.996256
2.002269
2.001970
2.018367
2.017429
2.008483
2.027531
2.001894
1.996123
1.955904
1.940718
1.993602
1.994688
1.999638
1.973253
1.990980
2.004157
2.011625
1.997074
2.002121
2.009273
1.999604
2.008666
2.000145
1.995364
1.961339
1.971687
2.019194
2.010270
2.018733
2.010346
1.991366
1.981196
1.980627
2.030436
2.003401
1.996600
1.977052
1.992154
2.003116
1.998956
2.011533
1.996929
2.001059
1.993892
1.985490
1.973020
1.995713
1.994076
1.974165
1.985743
1.996889
1.985812
1.957402
1.992697
2.006096
2.020080
1.994638
1.990318
1.989514
1.977223
1.973908
1.972368
2.009964
2.007928
2.011971
1.984365
2.009735
2.017495
2.042760
2.071566
2.011774
2.029702
2.027683
2.042142
1.984786
1.988164
1.990647
1.961588
2.002707
1.996594
1.999509
2.028973
2.004912
2.003394
2.003504
1.994807
2.006136
2.000709
1.971116
1.984446
1.982503
1.975308
2.003286
2.025531
1.996762
1.997417
1.971871
2.003741
1.999935
2.003162
2.007976
1.999359
1.997881
1.987239
2.003072
1.984088
1.991939
1.990893
1.971107
2.002040
1.999888
2.002443
1.982867
1.994747
1.986677
1.993295
2.000600
1.974294
2.007778
2.005197
2.003042
1.976652
2.016664
2.013947
1.987086
2.008527
2.014949
2.013572
2.006673
2.026895
1.998591
2.016796
2.028919
2.036881
2.003026
1.996488
1.988835
1.999002
2.014995
2.007129
1.983354
1.974955
2.005917
1.996210
1.990761
1.990863
1.982340
1.987223
1.962686
1.977102
2.011794
2.014546
2.022631
1.971815
1.998812
2.000138
1.993435
2.014899
1.994758
1.998667
1.993643
2.015604
1.996849
2.004593
1.987296
2.006015
1.992281
1.977025
1.956196
1.963630
1.991520
2.001372
2.035149
2.032883
2.000307
2.007829
2.022404
2.015873
2.011133
1.997112
1.992598
2.021095
2.002069
2.005263
1.974592
1.988619
2.001908
2.009294
2.022441
1.998430
2.007713
1.992442
1.999654
2.011553
1.996802
1.995738
1.986337
1.990122
1.998968
2.005534
2.030791
2.011821
1.989951
1.990591
2.006059
2.021795
2.003247
2.000897
2.007163
2.001671
2.022176
2.022412
2.026801
2.011949
1.999293
2.001349
2.030275
2.030129
2.011872
2.005193
1.993077
1.985390
1.999785
2.000006
2.034013
2.035194
2.004959
2.009143
2.041615
2.010726
1.997551
2.003831
1.972445
1.988532
1.997638
1.992312
1.972084
1.991974
2.013622
2.015208
2.038132
2.021633
2.006394
1.998458
1.991959
1.998852
1.997200
1.995343
1.972773
1.989511
1.991636
2.002972
2.014691
2.003182
1.986416
2.000121
2.028630
2.024329
2.017000
2.004935
1.995002
1.978723
1.993634
1.990915
1.998784
2.007543
1.993288
1.997078
2.004163
2.028172
1.997725
1.995760
1.962445
1.965876
1.994407
1.999011
2.032102
2.011729
2.006404
1.997409
2.007902
2.025474
2.003704
1.999278
1.991863
1.989978
1.983784
1.980398
1.997038
1.997032
2.018139
2.013981
2.005134
2.016764
2.008400
2.006893
2.022387
2.025764
2.007860
2.014285
1.971070
1.974912
1.994149
2.006712
2.026003
2.019526
2.003965
2.007098
2.026193
2.015068
2.004101
2.012233
2.001812
1.985680
1.983845
1.979566
1.981179
1.993667
1.999707
1.993202
1.958879
1.981265
1.995077
1.991188
1.979546
1.973282
1.991183
1.982776
1.956084
1.952176
1.998760
1.992029
1.986987
1.975144
2.005459
2.004791
1.994414
2.003423
1.999848
2.001475
2.000674
1.987831
2.009299
2.020061
2.042702
2.037886
1.991164
1.996270
2.010447
2.005593
2.002179
2.000166
2.009092
2.009440
1.992080
1.980602
1.986184
1.999553
1.990818
1.995124
2.007045
1.988583
1.992480
1.992296
1.986840
1.973448
2.009303
2.014196
2.034737
2.032316
2.001470
2.001361
1.971698
2.006753
2.007431
2.011491
2.037907
2.038300
1.990915
1.994674
1.985267
1.957248
2.001760
2.016927
2.005968
1.995034
1.984998
1.974897
1.999031
1.995456
1.990295
1.991120
1.980009
2.006203
1.995676
2.000576
1.983884
1.965647
2.024032
2.034464
2.033712
2.022622
1.999652
2.006296
2.032341
2.004187
1.986700
1.977454
1.987806
1.977599
1.994717
2.001400
2.007545
1.996372
2.005744
2.014823
2.011940
2.002279
2.004194
2.008645
2.005623
2.005076
2.003227
1.992056
1.949728
1.955267
2.009338
2.023501
2.014954
1.984273
1.995611
1.998444
2.004563
1.992453
1.997310
2.006557
1.990822
1.986912
2.010296
2.007013
1.968467
1.951497
2.010009
2.003663
1.994655
2.024236
2.005143
1.995908
2.004606
2.001066
2.006994
2.010092
2.026335
1.985096
2.007029
1.994988
2.003196
2.014483
1.999132
1.997351
1.958177
1.967431
2.004217
2.017033
2.004209
2.005598
1.997292
2.002505
1.991065
1.978850
1.998561
1.985006
1.973155
1.972307
1.993901
1.990938
1.997220
1.994148
2.011587
2.012194
2.044527
2.052695
1.989497
1.986453
1.968311
1.969664
2.002628
1.996662
1.992114
1.989535
2.006725
2.001819
1.973223
1.954278
2.003394
1.997394
1.992504
1.987791
1.999003
1.984257
1.993375
2.023629
2.009081
2.001888
1.992200
2.008103
1.995929
1.988173
1.991171
2.007906
2.006997
1.998078
1.995049
2.011660
2.004488
1.995843
1.996040
1.992097
1.995010
1.992672
2.003138
1.990847
1.995441
1.994694
1.971084
1.972159
1.999277
2.016427
2.016617
2.018194
1.987482
1.985128
1.993998
2.000559
2.001374
2.004105
2.026364
2.013275
2.001263
1.984288
1.983233
1.993594
1.992090
2.001552
2.015660
1.998322
1.989119
1.991331
1.988909
1.999509
1.990218
1.995316
1.993252
1.966369
1.997088
1.998857
1.993599
2.001308
1.992081
1.986362
2.012898
2.000855
1.990529
1.984321
1.983262
1.984057
2.000905
1.998840
2.003941
2.010866
2.004815
1.998348
1.948157
1.991814
1.995015
1.992612
2.024736
1.999218
2.012913
2.003544
1.984632
1.985277
2.000864
1.989224
1.957424
1.984277
1.993011
2.001134
2.001672
2.017913
1.988899
2.000814
2.021804
2.003960
1.989767
1.985920
1.985220
2.012216
2.007921
2.018389
2.012016
2.001244
2.006368
2.003149
1.998719
2.009372
1.996358
1.997200
2.001132
1.997806
2.004123
2.000542
1.997025
1.969132
1.998789
1.999938
2.012061
1.996009
2.002501
2.005627
2.009050
2.015755
1.995252
1.998692
2.029537
1.999146
1.997223
1.988026
1.990220
2.014351
1.981324
1.987494
1.978658
1.982404
2.000377
1.995825
1.999641
2.011203
1.997515
2.017308
2.025723
2.021352
2.008580
2.018786
2.032055
2.011164
2.010413
2.009003
2.015146
1.988842
1.997465
1.993630
1.997011
2.004170
2.003416
2.008163
2.019311
2.009454
2.009617
2.016528
2.017133
2.002015
1.996470
1.999480
1.996241
2.001891
1.983125
1.973289
1.977309
1.979252
2.002928
2.009129
2.016127
2.021398
2.003141
1.993884
1.983822
1.987283
2.012687
2.009968
2.008650
2.005489
1.988636
1.986921
2.015887
2.017780
2.013059
2.015576
2.045498
2.039175
1.995759
2.006402
2.006960
2.033629
2.005862
1.999898
2.009366
2.000814
1.995545
1.986469
1.965962
1.958004
1.984108
1.980443
1.986131
2.005828
1.999430
2.007191
2.029466
2.038300
1.986484
1.995290
2.005484
2.024912
2.002741
2.000574
2.030924
2.036981
1.999321
1.998435
1.996573
2.009425
1.991965
1.985910
1.987052
1.992060
2.007951
2.002879
2.020034
2.027628
1.991958
1.993285
1.990709
1.971139
2.002567
2.009976
2.007043
2.005731
1.999695
1.995971
1.998193
1.986577
2.005689
2.019352
2.027992
2.000546
1.995668
1.998120
2.020549
2.012989
2.005438
2.012959
2.005705
1.988948
1.995712
1.997147
1.995260
1.975108
