1.994218
2.003918
1.994723
2.005987
1.995202
2.005297
1.993620
2.001096
1.999244
2.003071
1.968937
1.965751
2.005552
2.011698
2.014408
2.001521
1.997549
2.002655
2.009914
2.013111
2.007485
1.996359
1.996072
2.012931
2.005224
2.005512
2.036645
2.022195
1.996330
1.977864
1.980986
2.010414
2.001661
2.008142
2.012488
1.988134
1.998687
2.000682
2.001965
2.007491
1.994934
1.978691
1.961355
1.993667
2.008861
2.001416
2.024102
2.001611
1.996592
1.988287
1.973738
1.988959
1.999750
2.004372
2.006609
2.019265
1.995751
1.999193
2.028275
2.007888
1.981327
1.974925
1.955967
1.965724
1.994488
1.997972
2.030235
2.026357
2.012709
2.018438
1.988605
1.995836
1.997398
1.978439
1.961470
1.979918
2.012657
2.003747
2.011222
2.016638
1.984400
1.983562
1.960915
1.965128
2.018060
2.013043
2.026243
2.008311
1.991856
1.997852
2.007533
2.003377
1.992870
1.986661
1.995011
2.005063
1.998045
2.002505
2.022050
1.991842
2.010221
2.000748
2.012674
2.020472
2.008859
1.999654
1.976318
1.989799
1.994627
1.994412
1.987834
1.991616
1.982389
1.990421
1.991686
1.984000
1.993723
1.980973
1.962552
1.975909
1.995541
2.015099
2.035207
2.019212
2.011066
2.009648
2.024297
1.983659
1.980897
1.994429
2.013733
2.024512
1.999864
2.002186
1.997341
1.984490
1.986180
1.985660
2.005953
2.027552
1.981801
1.974530
1.954302
1.976000
2.005616
1.993425
1.994116
1.987907
2.010749
2.011027
2.033830
2.001323
2.012488
2.015380
2.022974
2.002036
2.004885
2.009388
2.032399
2.022415
1.997275
2.012402
2.007373
2.004100
1.994550
2.009448
2.018332
2.031024
1.988906
1.995637
1.986988
1.969997
1.994814
1.995129
1.990107
2.008306
1.992505
2.003096
2.021640
2.017741
2.002982
1.999826
2.002047
2.018299
2.004969
1.997000
1.986961
1.995263
2.007322
2.016696
2.003503
1.969608
1.987873
2.006415
1.991259
2.021077
1.999065
2.001305
2.021466
2.025592
2.001642
2.013693
2.024157
2.008653
1.981446
1.980448
2.002890
2.017739
2.013322
2.022417
2.027140
2.030229
1.998052
1.994166
2.007115
1.987115
1.999639
1.999857
2.010697
1.999067
1.999102
2.018156
2.022779
2.020798
2.006047
2.009722
2.013625
2.030814
2.004315
2.010546
2.009882
1.991943
1.990935
1.983898
1.975468
1.997757
1.999008
2.002297
1.982648
2.004018
1.997941
1.998169
1.998029
1.972402
1.995912
2.004965
2.001516
1.991628
2.015632
2.011373
2.029081
2.020699
1.980314
1.985386
1.991980
1.989979
2.002317
1.992607
2.005221
2.019914
2.009107
2.012198
2.010977
2.009067
1.995934
1.989790
2.019927
1.980778
2.002520
1.991516
1.991524
1.989051
1.984858
1.980386
1.958620
1.993501
1.993068
1.991689
1.990979
2.012126
1.993919
1.993340
1.986518
2.005827
1.992868
1.986966
1.985625
1.971179
1.994979
1.997398
1.984712
2.000176
2.004134
2.002313
1.984921
1.985918
2.003116
2.010211
2.030885
2.007947
1.999166
2.008835
2.027221
2.014270
1.999695
1.990654
1.977456
1.979744
2.003335
2.005323
2.013370
2.011085
2.008028
2.002063
1.995444
1.996547
2.009987
1.994873
1.992233
1.977282
2.005059
2.008394
2.028992
2.037982
1.999542
1.990395
1.990629
1.999443
1.994879
2.007292
2.032942
2.025952
1.995626
1.981395
1.924782
1.971145
1.983320
1.982321
2.008941
2.025658
1.986209
1.996337
1.985068
1.973432
2.000050
2.020937
2.015844
1.998691
2.002459
2.017802
2.036194
2.011091
1.984219
1.992601
1.981606
2.002385
2.005752
2.001864
1.945679
1.992754
2.014833
2.014852
2.014778
1.988351
2.000676
2.007756
1.998313
1.991404
1.997978
1.997323
1.944870
1.978145
1.994577
1.993605
1.998736
1.967675
1.999883
2.003482
1.996607
1.999360
1.999908
1.993266
2.011437
2.000600
2.014060
2.009697
2.008617
2.016776
2.019026
2.019418
2.030730
2.002940
2.004509
2.009963
2.016655
1.979883
1.985758
1.995358
2.005031
1.974952
1.990631
1.973287
1.981987
1.995520
2.011854
2.000394
1.987405
1.983433
1.999112
1.995632
1.995443
1.999070
2.013201
2.006778
2.021550
2.018321
2.021324
2.019284
2.003617
2.005115
1.980815
1.987210
1.980018
2.007447
1.997820
2.005647
1.995276
2.012923
2.009286
2.015727
2.013300
2.019314
1.988756
2.002121
1.997848
1.996361
1.999086
2.013818
2.010926
2.026888
1.995661
1.983277
1.974934
1.977783
1.993933
1.995730
2.018122
2.029002
2.001027
1.997411
1.961456
1.944839
1.988333
1.987849
1.982039
1.973105
2.000250
1.989589
1.975619
1.980085
2.010296
2.020792
2.008257
2.023288
2.007213
2.011929
2.016661
2.025858
2.015092
2.004812
2.011420
2.004518
2.001845
2.008767
1.987656
1.995703
2.005360
2.009697
1.993087
2.007104
2.000026
1.998859
1.985704
1.969884
1.994706
1.971898
1.938440
1.949245
1.996886
1.992975
1.966024
1.980012
1.991981
1.995854
2.007290
1.985856
1.992078
1.988526
1.981578
2.009163
1.998022
1.999178
1.980454
1.985556
2.006415
2.005604
2.018504
2.038570
2.007998
2.016792
2.043419
2.073386
2.017953
2.018498
2.028342
2.024056
1.986192
1.996533
2.020018
2.018553
1.998228
2.000540
1.990457
1.982379
2.009047
2.011427
2.022573
2.021729
2.003590
2.001336
1.973860
1.986232
2.014226
2.015038
2.010333
2.034474
1.977397
1.982634
1.965518
1.981569
1.990814
1.979262
1.977546
1.980686
1.991840
1.988055
2.018896
1.994800
1.992087
1.992620
1.978383
2.003313
1.998136
2.001465
1.978412
1.998467
2.011103
2.013209
2.018344
2.002283
2.010976
1.998050
1.988572
1.991807
2.002612
1.997854
1.958022
1.981394
2.016105
2.012126
2.003820
2.026067
1.998662
2.002553
1.987507
1.993084
2.002642
2.004546
1.992849
2.004422
1.992049
1.995810
1.995158
2.007284
1.994773
1.992250
1.986025
1.965195
1.982041
1.985423
1.961846
1.968342
1.997423
1.998625
2.009120
2.007111
2.002283
2.012959
2.020439
2.039109
2.004562
2.008948
1.998931
2.018511
2.006889
1.997394
2.034123
2.024887
1.994143
1.978777
1.956191
1.963894
1.997547
2.001093
1.999479
2.003123
2.004796
2.016563
2.013468
2.007110
1.994446
1.999474
1.991848
2.007360
2.009553
2.015654
2.036280
2.028001
1.999582
2.006796
2.016607
1.993310
2.011893
2.012072
2.017656
2.036476
2.000008
2.005925
1.997560
1.990080
1.999793
1.997300
2.005084
2.006522
2.008223
2.020624
2.011930
1.985386
2.004523
2.000493
2.005228
2.003622
1.991799
1.995654
2.021665
2.014614
1.992350
1.993001
2.009238
1.990138
1.996908
1.989577
2.019311
2.031611
1.997470
1.991976
1.984671
1.965507
2.001684
2.004449
2.035031
2.005229
2.008304
2.018912
2.010995
2.008148
1.993357
2.000024
1.989419
1.999138
2.004731
2.007325
1.993740
1.974540
2.004285
2.006582
1.989045
2.001069
1.994877
1.991882
1.969490
1.985849
1.989488
1.992122
1.989621
2.002124
2.000157
1.994548
1.994745
1.986343
2.005506
2.007425
2.001031
1.994021
2.002381
2.000116
1.977520
1.979795
1.994500
1.999356
2.008224
2.027147
1.992440
1.998618
2.003946
1.996086
1.988307
1.994591
1.990768
2.002546
2.007501
2.009269
2.023643
2.001510
1.998696
1.998877
1.999204
1.990207
1.985834
1.979627
1.997345
1.996123
2.014336
2.031790
2.034773
2.041302
1.991131
1.984428
1.988375
1.989763
1.997352
1.990949
1.994554
2.004807
1.991613
1.994645
2.034579
2.035200
2.002983
2.007060
2.027481
2.017928
2.004723
2.006496
1.973059
2.017197
1.990917
1.977430
1.961953
1.942601
1.994009
1.997544
1.991022
2.010052
2.001867
1.999042
1.969798
1.979118
1.990990
1.981936
1.955465
1.952370
1.996798
1.994607
2.010757
2.028132
2.001937
1.996120
1.998598
1.976323
1.988138
1.998270
2.007623
1.986900
1.995314
1.995170
1.997640
2.009797
1.991966
1.995168
2.011355
2.004840
1.995838
2.002406
2.028629
2.020291
2.002970
1.977647
1.943421
1.956366
1.997641
1.984619
2.014079
2.010249
2.004767
2.019068
2.011855
1.998666
2.010852
2.013346
2.038907
2.035717
2.001500
1.992220
1.997293
2.010941
2.007217
2.007193
2.003999
2.009166
2.002908
2.007693
1.989606
2.000778
2.023639
2.024871
2.000408
1.982051
1.982984
1.973627
1.993611
1.989412
2.016063
2.018528
2.023114
2.021793
1.981604
1.986124
2.009487
2.016121
1.984915
1.986858
1.999030
1.986226
1.997141
1.985603
1.957022
2.004198
1.986003
1.974190
1.985447
1.981108
1.994346
2.000350
2.002208
2.006896
2.018062
2.023514
2.023555
2.011363
2.001077
1.998566
1.996811
1.955819
2.010424
2.010450
2.001491
1.982297
2.009203
2.023429
2.009869
1.980476
2.007525
2.007466
2.003857
1.996013
2.015555
2.022378
2.024318
1.953981
1.998664
1.991381
1.990391
1.968709
1.987766
1.985747
1.978010
1.985128
2.005485
1.995738
2.008006
2.001514
2.003765
2.014112
2.056935
2.044251
2.000849
1.999718
2.004804
1.978657
1.984998
1.994768
1.996946
1.969299
2.008893
2.015354
1.986041
2.004975
2.000776
2.004394
1.995655
1.984769
1.989756
1.981415
1.991193
1.950852
2.004806
2.007544
2.029943
2.014598
1.995452
2.000551
2.003494
2.020056
1.998347
1.984848
1.985115
1.993439
2.001928
1.993837
1.991951
1.984975
2.007828
1.997352
2.013920
1.991199
1.994040
1.998944
1.994217
2.015986
2.024915
2.021269
2.007380
1.996547
1.989688
1.981508
1.973926
1.988885
1.996632
1.992058
1.992598
2.010447
1.980176
1.982082
1.990073
1.973654
2.001757
1.998549
2.002067
2.033169
1.998672
2.002895
2.013870
1.972092
1.992506
1.990779
1.977779
1.964681
2.001081
2.016561
2.019599
2.019045
1.990782
1.993995
1.986325
1.995540
1.998843
1.990365
1.990836
1.987714
2.004541
2.001958
1.998844
1.971825
1.990038
1.992777
2.011219
2.035588
1.990488
1.995217
1.992374
1.998742
1.992030
1.997939
1.999132
1.989255
1.982180
1.990139
2.000628
1.992458
2.010629
2.014279
2.011685
2.012793
2.008840
2.007548
1.983437
2.003692
2.001092
1.996375
1.999875
2.009233
2.013090
2.019420
2.022084
1.984283
1.991550
1.982723
1.937230
1.947847
1.998331
2.009506
2.011322
1.994155
2.009390
2.007629
2.049784
2.022150
1.991200
1.999593
1.999373
2.019802
2.015101
2.013821
2.013030
2.019094
2.001467
2.008504
1.993859
1.989108
1.999525
2.004883
1.995192
1.986554
1.987290
1.992958
1.997842
1.995734
1.996065
1.997840
1.997631
1.996190
2.007851
2.018342
2.011186
1.998302
1.989051
1.986125
1.981827
1.958064
1.994955
1.997303
1.990166
1.950069
2.005658
1.995797
1.989659
1.997014
1.995995
1.988480
1.993956
2.016076
2.001920
1.996617
2.015141
1.991998
2.011111
2.019537
2.017651
2.002199
2.012746
2.004012
2.009249
1.971884
1.996414
1.978983
1.956747
1.958494
2.008877
2.004711
2.009170
1.984885
2.003045
1.999815
2.004077
1.998378
2.008175
2.017355
2.056862
2.014792
1.993629
2.008217
2.023983
1.977106
2.000035
2.004010
2.001353
2.008867
1.984092
1.974946
1.981260
1.982230
2.012450
2.015966
2.016104
2.007497
1.996527
1.991460
2.011035
2.001515
1.996151
1.985680
1.993722
1.984801
2.001871
2.010323
2.029104
2.007083
2.011619
2.015107
2.045174
2.038498
2.005014
2.008211
2.001656
2.006652
1.997126
1.991757
2.003647
1.998298
1.996019
2.003876
2.014454
2.018196
2.000115
1.995973
1.991194
1.962531
1.998714
2.006737
2.029335
2.039061
1.996768
1.997503
1.976877
1.953913
2.016828
2.002189
2.014011
1.993885
2.003374
1.996034
1.988393
1.979844
2.009037
2.004339
2.023407
2.000899
2.009624
2.004732
2.022177
2.025485
1.987731
1.985655
1.996969
1.996068
2.025466
2.027234
2.040266
2.020572
1.989199
1.981740
2.004600
2.009173
2.001859
2.009820
2.021866
1.997873
1.995664
1.996282
2.023319
2.014575
1.985974
1.985914
2.006594
2.000347
1.996024
1.998484
1.975754
1.997651
2.024948
2.022297
2.047894
2.001911
1.985541
1.993000
1.975929
1.990148
2.005225
2.004572
2.008344
1.991259
2.003515
1.998561
1.992654
1.986199
2.003753
2.009007
2.017051
2.026604
1.983094
1.976555
1.950053
1.948951
2.003618
2.002676
2.010103
2.001809
1.993511
2.005532
1.982065
1.963488
2.010655
2.025301
2.030326
2.028098
2.004283
2.013795
2.009523
2.019556
2.002528
2.010616
2.033563
2.012389
2.013844
2.007795
2.017395
2.025430
2.005727
1.997452
1.990610
2.011947
1.988502
1.981167
1.994616
2.024565
2.000308
1.991740
1.964280
1.984158
2.012167
2.016551
1.993707
1.991967
2.000731
2.006953
2.021415
1.993277
2.001985
2.012482
1.998815
1.955251
1.988759
1.985708
2.006040
2.006859
2.000460
1.998595
2.003433
1.994558
2.001274
1.998305
1.971830
1.973749
1.997823
1.997354
2.009211
2.015933
1.988740
1.992343
1.992340
1.982720
1.993072
1.992565
1.984761
1.986095
2.006890
2.007711
2.013817
1.973426
2.010331
1.987292
1.965598
1.991958
1.992083
1.995591
1.998251
2.034316
2.009779
2.011816
2.042722
2.025183
1.997189
1.994637
2.008753
2.012708
1.998020
2.000533
2.008614
1.992303
1.987650
1.992421
2.011501
2.002211
1.996379
1.999739
1.964541
1.984272
1.994127
1.997092
2.007633
2.003328
1.997398
1.988611
2.000389
1.979587
1.993864
1.990431
1.999546
2.009084
1.991909
2.000317
1.999927
2.016184
2.003129
1.991029
1.987476
1.995985
1.986180
1.994159
1.997729
2.017935
1.991341
1.985571
1.978825
1.992500
2.000757
2.004581
2.015632
2.000150
2.013490
2.005083
2.030380
1.969117
1.998477
2.005561
2.005677
1.989714
1.992631
2.006365
2.020261
2.004584
1.991274
2.001805
2.044467
2.053604
1.999886
1.993901
1.990577
1.995874
2.010279
2.016190
2.007289
2.009286
2.010802
2.009148
2.002594
2.014080
1.998411
1.986692
1.995320
2.017727
2.002756
1.996872
1.971392
1.989212
1.994935
2.001447
1.997744
1.992892
1.983889
1.988403
1.987165
1.994959
1.989648
1.992079
1.960004
1.959099
1.993738
1.984338
1.952973
1.968672
1.996513
1.985181
1.994617
1.998673
1.993167
2.000192
1.961731
1.972343
1.995637
1.993738
1.967541
1.962848
2.001779
1.998267
2.017178
2.039498
2.006532
1.998326
2.000483
1.989223
2.001838
1.990861
2.001060
2.000303
1.987447
2.001231
1.972140
1.980361
2.005689
2.009885
1.996742
1.985003
2.010743
2.005350
2.009385
1.979028
1.993277
1.978883
1.988716
1.985735
2.001681
2.005268
2.000163
2.025052
1.988550
1.990709
2.029757
2.021222
1.980498
1.982970
1.976392
1.997176
2.010725
2.005094
1.995039
1.985695
2.004430
2.008972
2.019088
2.015140
2.009599
1.997500
1.980582
2.004992
2.011364
2.011895
2.000014
2.020763
1.992407
1.985002
1.993100
2.003776
2.002429
2.007424
2.014721
2.013205
2.001967
2.009761
2.036080
2.029330
2.000777
2.013157
2.016860
2.017045
1.987888
1.986285
2.006892
1.992504
1.997114
1.998968
2.020271
2.018676
1.993459
2.000098
1.999588
2.000769
1.997340
2.004271
2.032064
2.006737
1.995329
1.989805
1.967861
1.980476
1.995366
1.998244
1.982342
1.987205
1.993258
1.988607
1.994596
1.982931
1.992803
2.001552
1.998733
1.992748
2.004432
1.997680
1.992524
1.972001
2.004102
2.012497
2.052880
2.031233
2.015737
2.032209
2.059518
2.017944
1.999863
2.009277
2.031278
2.025769
2.006022
2.002605
1.996395
1.992265
1.995677
2.000332
1.989431
1.982661
1.989507
1.984630
1.983099
1.962847
2.003430
1.996722
2.000173
1.981095
1.996374
1.995612
2.001683
1.997564
2.005052
2.006538
2.040994
2.038502
1.988456
1.980025
1.966700
1.995802
1.993145
1.988947
1.969352
2.004891
2.031925
2.027968
2.049304
1.995833
2.000631
2.006684
1.999882
2.003012
1.993325
1.984602
1.997614
2.023221
2.004532
2.022983
2.027376
2.036999
2.013709
2.022777
1.999257
2.010816
2.007165
1.998575
1.985917
1.978476
