2.010317
2.019660
2.005140
1.998310
2.001597
2.001206
2.004133
1.994724
2.017323
2.020629
2.054519
2.028532
2.021640
2.022428
2.025508
2.011621
2.001354
1.995451
1.962378
1.967494
2.002139
2.005048
2.010485
2.017604
2.013747
2.023013
2.017124
2.011702
1.986323
1.991836
2.007214
2.007566
1.998200
2.004339
1.973863
1.988188
1.995924
1.985575
1.988501
2.005379
1.998512
2.017799
2.033593
2.024329
1.986927
1.982819
1.968621
1.983129
1.998826
2.009246
2.040732
2.011132
1.990890
2.001425
2.011570
2.001929
2.006580
2.012360
2.027678
2.009746
2.011658
2.019033
2.018345
1.998023
2.014945
2.018206
2.020414
2.001824
2.006806
2.004037
2.006265
1.990037
1.997241
1.995272
1.959569
1.965497
1.997297
2.000097
1.976446
1.980303
2.013779
2.013268
2.012129
2.010214
1.993376
1.989055
1.941106
1.960085
2.006777
2.004207
2.027395
2.022272
2.018287
2.014148
2.005890
2.015840
2.022700
2.019605
2.036083
2.045039
1.995759
1.989975
1.977127
1.964924
2.011725
2.005647
2.009012
2.004110
2.001677
2.014305
2.036247
2.027940
2.003621
2.012839
2.002345
1.984799
2.001627
2.006931
1.998335
1.999725
2.001090
2.000820
2.004209
2.018154
1.998758
1.993914
1.995547
1.982810
2.012276
2.009353
2.014687
2.001770
1.999239
1.992717
1.987388
1.977427
2.001538
2.000939
1.994638
2.014428
1.997987
1.995512
1.989907
1.983646
2.011955
2.020632
2.040096
2.019927
1.997447
2.000741
1.999539
2.012018
2.002120
2.000157
2.008973
2.008516
2.000276
1.989853
1.996926
2.008319
2.006784
2.002574
1.987902
2.013404
1.991807
2.001317
2.014825
1.993110
1.995715
1.999687
2.008127
1.988281
2.000929
2.000031
1.966799
2.001830
1.993405
2.005557
2.009560
1.992928
2.005792
1.994745
2.005459
2.016059
2.012853
2.013760
2.026752
2.026165
2.000199
2.008967
2.004319
1.996325
1.989929
1.989861
1.977789
1.999036
2.007353
1.996687
2.014202
2.026808
2.007802
2.016936
2.048615
2.002912
1.982674
1.977973
1.981766
2.008780
1.991770
2.001094
1.999899
1.979287
1.994569
2.001405
2.006971
1.995191
1.992605
1.994562
1.997519
2.024624
2.015794
2.017470
2.039028
2.001670
2.003726
2.001576
1.966448
2.001379
1.990405
1.977862
1.981473
1.977408
1.996872
2.000670
2.006383
1.993181
2.015798
2.034016
2.030154
1.998528
1.994791
1.983965
1.975563
1.990150
1.994438
1.987379
2.007564
1.998125
2.005946
2.014775
2.061483
2.018393
2.004307
2.006002
2.021378
1.983478
1.990195
1.991974
2.008943
2.006456
1.998038
2.003300
2.001951
2.007420
1.996231
1.989759
1.975634
1.996032
1.989197
1.987252
2.016576
1.999408
1.996460
1.983559
1.969341
1.969065
1.997184
1.995805
2.018936
2.016328
1.993026
1.995155
2.008731
1.994099
1.995405
1.980194
1.987379
2.001573
1.995369
2.003746
2.025675
2.023580
2.008701
2.004071
1.977111
1.958190
2.010274
2.020841
2.031437
2.002008
2.012469
2.014123
2.058187
2.040257
2.008304
1.997469
2.013625
2.027687
2.012284
2.012085
2.023147
1.986777
2.007897
1.999087
1.997491
2.010540
1.994684
1.989072
1.999905
1.995966
1.995991
2.004829
1.994944
2.002340
2.013367
2.016624
2.008753
1.992525
1.983777
1.985633
1.980919
2.007397
1.984992
1.982372
1.993423
1.999163
1.993992
2.016155
2.021886
2.048861
2.002658
1.990995
1.988342
2.004023
1.977904
1.985501
2.005479
2.020759
1.972486
1.961152
1.948967
1.975877
1.989056
1.994228
1.993049
1.965338
2.004732
2.016877
2.025343
2.035834
1.994660
1.980636
1.964078
1.997429
1.995049
2.004292
2.005795
2.005603
2.002446
2.001897
2.008904
2.004919
2.004694
1.998076
1.947719
1.992851
1.994490
1.994372
1.988444
1.978534
1.982264
1.977249
1.953930
1.965917
2.002839
2.002849
2.041345
2.011284
1.996255
1.992516
1.984406
2.004948
1.986836
1.998202
2.017858
2.002394
2.003025
1.996945
1.992159
2.009346
1.982975
1.983474
1.966608
1.969632
1.987331
1.979425
1.971202
1.952200
2.017885
2.019918
2.033968
2.014248
2.005117
2.002093
1.997466
1.972302
1.991704
1.982867
1.988746
1.986933
2.011615
2.001124
2.020555
2.027239
2.001058
1.997989
2.015408
2.021405
1.991516
1.995574
2.034618
2.002653
1.981794
1.988078
1.980995
1.984288
2.008631
1.996084
1.997116
2.001012
1.997152
2.017426
2.040395
2.024733
1.982249
1.981541
1.984477
2.020171
1.990427
1.995253
2.020956
2.013959
2.000012
1.996347
2.000987
2.005569
1.993224
1.996797
2.015006
1.997262
1.978048
1.973839
1.952946
1.968486
1.998635
2.010436
2.021644
2.021301
1.992158
1.996312
1.992990
2.005732
2.002688
2.008333
2.015391
2.018152
1.995810
2.002771
2.031993
2.025173
1.999528
2.014371
2.009138
2.003803
2.019072
2.024279
2.006038
1.977787
1.990771
1.985806
1.987433
1.981337
1.995788
2.005734
2.004277
2.029901
2.009688
1.999511
2.017000
2.024395
2.002420
1.999856
2.001584
2.020839
1.999664
2.008832
2.029339
2.014711
1.997392
1.999812
2.014639
2.001598
1.986125
1.995194
2.003468
2.024186
1.989311
1.989441
1.999679
1.996015
2.001202
2.011516
2.028799
2.010008
2.004520
1.998765
1.991584
2.004003
1.995351
1.981533
1.956610
1.993998
1.993020
1.994923
1.990770
1.972766
1.980135
1.984216
1.998246
2.041149
1.999896
2.018668
2.027067
2.020508
2.002935
1.993022
1.997973
2.006895
2.002297
2.009435
1.999226
2.014924
2.004746
2.012728
2.005302
1.990149
1.988634
1.988612
1.959471
1.970324
1.995688
1.999571
2.001363
1.975187
1.995296
1.983474
2.005740
1.992062
2.000955
1.986205
1.964524
1.999690
1.995118
1.986225
1.967986
1.991029
1.992864
2.003863
1.989543
2.002453
2.005639
2.009353
2.007673
2.013917
1.985173
1.973149
1.956149
1.967863
2.000836
2.015276
1.999787
2.006221
1.988474
1.993470
1.983682
1.998943
2.011595
2.027858
2.061680
2.043840
1.992631
1.997581
1.991829
2.011429
1.982125
1.995376
1.996136
1.999548
2.003761
1.991713
1.987006
2.001277
2.011924
2.013685
2.010392
1.990313
1.992933
2.004735
2.027010
2.027055
1.999393
2.009238
2.026317
2.012173
2.008063
2.001352
2.002473
2.000712
2.016711
2.025394
2.037532
2.017056
2.014058
2.015677
2.028760
2.036873
1.993614
1.990990
2.005207
1.986833
2.001304
2.003932
2.023495
2.030048
2.004476
2.010368
1.982818
1.974185
2.007957
2.004307
2.004030
1.999552
1.985082
1.990841
1.974332
1.978639
2.018634
2.018813
2.011684
1.987248
1.985582
1.991300
1.979712
1.971042
2.001804
1.997689
1.977129
1.989346
2.001342
1.994156
2.013026
2.012502
2.017829
2.025930
2.019192
2.022131
1.996332
1.997232
2.009411
2.001539
2.014449
2.015818
2.016417
1.990561
2.005638
2.004395
1.999480
1.989379
1.991371
1.984712
1.982843
2.010140
2.000180
2.011836
2.023614
1.989001
2.005977
2.001605
2.027691
2.026335
2.001174
1.991554
2.009130
1.997765
1.990801
1.985665
1.985630
1.975490
1.996976
2.001202
2.006621
1.996743
2.002028
2.000009
2.010255
1.991351
1.998482
1.990013
1.996765
2.004841
1.996964
1.981481
1.994928
2.010532
1.997886
1.985098
1.991957
1.998149
2.003781
2.018900
2.030709
2.022005
1.996704
2.005162
1.990798
2.017016
2.021784
2.014335
2.017424
2.016305
1.977807
1.981766
1.969247
1.996086
2.009811
2.002565
2.007954
1.982044
1.993726
1.988099
1.996035
2.003203
2.005511
2.010444
2.004004
2.005944
2.001242
1.989882
1.980685
1.979558
1.998565
1.985097
1.984792
1.980029
2.025001
2.017265
2.000950
2.012278
1.990540
1.967266
1.946298
1.960591
1.976604
1.991760
1.957536
1.972012
1.969853
1.975256
1.929225
1.942826
2.009386
2.021172
2.007184
2.021365
2.009018
1.990007
1.967824
1.980485
1.994730
1.999658
1.988346
1.983954
1.997163
1.984953
1.984137
2.002804
2.003175
1.991359
1.993641
1.988641
2.000665
1.997450
1.985981
1.975644
2.001453
2.001346
1.988593
1.991356
2.008813
2.011663
2.007711
1.987373
2.005277
2.011146
2.009470
2.000784
2.002212
1.992457
1.993666
2.011704
2.000040
2.002103
1.990202
1.988508
1.995447
2.003578
1.994152
1.961635
2.004630
2.006297
2.019203
1.994332
1.996596
1.998984
2.004423
2.014290
2.009638
2.011205
1.991265
1.986978
2.001878
2.004328
1.994649
1.984333
2.000261
2.003468
2.000069
2.022463
1.993518
1.994996
2.011770
2.009725
1.999864
1.989019
1.975982
2.001225
1.999901
2.003575
2.028166
1.993289
1.991653
1.979027
1.974341
1.976950
2.006340
2.002723
1.994417
1.977251
2.011091
1.992000
2.007374
2.006631
1.996513
2.006882
2.000898
2.005436
2.003144
2.011464
1.998694
1.990059
2.013695
2.004774
1.994855
1.996274
2.010494
2.010202
1.978303
1.990277
2.008781
2.011406
1.981512
2.001417
2.011056
2.007854
2.036433
2.029676
2.008886
2.019284
2.009057
1.997301
1.992485
1.996574
1.992299
2.006492
1.989760
1.986580
1.985214
1.977745
1.997666
1.995319
1.983347
2.004189
2.009369
2.014870
1.997190
1.993614
2.003184
2.012491
2.017512
2.009072
2.005513
2.007286
1.999512
2.021542
2.001319
1.999932
2.005753
1.993295
1.995113
1.999348
1.999805
1.957668
2.007682
2.021105
2.037079
2.045991
2.003367
2.004933
1.993265
1.968197
1.994964
1.998713
1.989414
2.006267
2.010678
2.007828
2.009211
2.020296
1.986976
1.977392
1.989609
2.011984
1.997036
2.000435
1.986075
2.004035
2.008201
1.990088
1.965295
1.998745
2.002106
2.001686
2.005373
2.006295
2.014036
2.010582
2.027464
2.002085
1.991860
1.988576
2.005846
2.008755
2.000323
1.983018
1.968133
1.973091
1.997388
2.021108
1.995013
1.989767
1.997912
1.988413
2.013269
2.030074
1.992969
2.000137
2.012622
2.029769
1.993217
1.993250
1.994112
1.950243
2.002532
2.007692
1.972187
1.958844
1.990766
1.981869
1.979014
1.975614
2.006111
2.006736
1.995902
1.980873
1.998177
2.004960
1.970880
1.994182
2.005211
1.998902
1.979987
2.012047
1.996472
2.003200
1.956232
1.968670
1.973042
1.970052
1.981081
1.993326
2.003559
2.004831
1.998479
1.993695
2.013078
2.001360
1.986614
1.989340
1.998560
1.996737
1.991189
2.002226
1.991672
2.005999
1.997515
2.021197
1.995436
2.001373
2.014535
1.955005
2.006979
2.008577
2.016150
1.998307
1.993155
1.998846
2.012469
2.010925
1.992144
1.986961
1.992155
2.017343
2.003830
2.011547
2.031731
1.995598
1.967254
1.965506
1.965500
1.963131
1.995643
1.987303
1.992161
2.006665
2.009224
2.009271
2.012140
2.001695
2.006507
2.019335
2.039046
2.025993
2.009187
2.013496
2.018479
2.030827
2.005750
1.998515
2.024205
2.047880
1.992033
1.996773
1.997489
2.017539
2.005605
2.004949
2.002713
1.980315
1.998643
1.997213
2.002773
1.982886
2.005309
2.010257
2.017296
1.994892
2.006003
1.996558
1.969845
1.963522
1.983481
1.994777
2.000399
1.985185
1.993162
1.991835
1.978632
1.995472
2.005001
2.016616
2.033633
2.034888
1.977922
1.990910
1.986878
2.000473
2.007668
2.002579
2.023126
2.014659
1.996874
1.984453
2.018644
2.008687
1.993132
1.988900
1.991701
1.972045
2.005343
1.999174
1.992903
1.986289
2.003174
2.013380
2.027598
2.045210
1.995170
2.008511
1.978705
1.994897
2.001516
2.004922
1.986507
1.999166
1.998101
2.002657
2.002756
2.029714
2.006346
2.011344
2.016979
2.021222
1.987779
1.977152
1.978493
2.015336
2.005709
2.009426
2.010326
1.990107
1.985726
1.984278
1.992666
1.983850
1.995384
1.993774
1.986925
1.988978
1.996985
1.988363
2.001097
2.012456
2.008164
2.013161
2.010951
2.007279
2.019874
2.029219
2.016479
1.996833
1.999023
1.998518
1.998537
1.957204
2.006317
2.004289
2.010890
2.025713
1.995294
1.985349
1.948313
1.982610
1.985827
1.981361
1.954020
1.955350
1.985058
1.993484
1.993285
1.977651
1.999899
1.992257
2.002512
1.981188
1.993448
1.998114
2.000517
1.983270
1.998754
2.003977
2.035534
1.995080
2.006225
2.016197
2.003760
2.006541
2.004598
2.008948
2.032938
2.030525
1.981842
1.991893
1.989093
1.967688
2.002850
2.003056
1.992258
2.010030
2.017079
2.018581
2.029848
2.022398
2.005657
2.007920
2.032666
2.014631
1.995912
1.992593
1.995257
2.019616
1.993457
1.996851
2.000850
2.019292
1.998544
1.988010
1.987708
1.946772
1.994604
1.997776
2.014682
2.034687
2.005224
2.006334
2.023266
2.003981
2.011637
2.020545
2.030334
2.027015
2.024080
2.017464
1.996649
1.987359
2.003602
2.000151
1.989296
2.000140
2.000120
1.987452
1.994722
2.011549
2.004047
2.012499
2.019642
2.024632
2.006537
2.010907
2.029745
2.000959
1.997249
2.002876
2.014602
1.974421
1.992254
2.002704
1.988516
2.002154
1.997967
1.995684
2.024081
2.012109
2.000460
1.989109
1.972066
1.992112
1.994441
1.990180
1.980848
2.004029
2.004172
2.002302
2.000525
1.980346
2.004799
2.005061
2.036406
2.019037
2.007579
2.008580
2.020903
2.023753
1.994366
1.988734
1.989802
1.974741
1.998177
1.996069
2.027152
2.033005
2.008621
2.013747
2.012724
2.008070
2.010268
2.002084
2.028558
2.002650
2.002178
2.004044
1.988732
2.014246
2.021774
2.018221
2.024161
2.033772
1.996428
2.003058
1.990865
1.974416
1.999940
2.010561
2.010254
1.988965
1.995783
2.000066
2.026806
2.022923
1.995333
1.993689
2.023276
2.012857
1.985667
1.988568
2.010276
2.010500
2.008488
2.010632
2.033103
2.007946
1.996907
2.004543
1.993377
1.987564
2.018213
2.011818
2.026186
2.007896
1.987350
1.982963
1.990048
2.012786
1.992314
1.989888
2.001937
2.010675
2.005665
1.994138
1.993692
2.011626
1.992689
1.995492
1.994190
1.953150
2.010542
2.002069
1.978084
1.990085
2.007175
2.010400
2.004110
2.025867
2.005890
1.996856
2.021171
2.047361
1.985606
1.981458
1.989594
2.001046
2.014176
2.005340
2.012659
1.972201
2.012854
2.010282
2.025589
1.983864
2.005802
2.007478
2.022592
2.007558
2.002596
1.997279
2.005278
1.982096
1.989558
1.987781
2.010173
1.997170
1.996894
2.013342
2.033395
1.985055
2.005690
1.993320
1.996865
1.993865
1.987889
1.977130
1.997015
1.994064
2.001267
1.990068
1.966937
1.980930
2.007011
1.998651
2.000908
1.992731
1.995027
1.981286
1.989304
1.980028
1.996979
2.010164
2.022818
2.029609
2.013194
2.013979
2.000893
2.007316
2.001698
2.008111
1.992796
2.011989
2.015717
2.016030
2.009273
1.994759
1.996391
2.005318
2.016835
2.023686
2.004907
1.997529
1.990951
2.002106
1.993403
1.991572
1.987740
1.997498
1.992387
1.993662
1.984363
1.999918
2.003788
2.000113
2.006605
1.987478
2.006796
2.000514
1.992661
1.978511
1.979588
1.978422
2.001671
2.016969
1.992288
1.994737
1.982372
1.967507
2.001166
2.006216
1.993913
2.012052
2.001792
2.000043
1.976023
1.970286
1.989875
1.982054
2.004864
2.009649
2.006138
2.009691
2.009992
2.031087
1.996167
1.994284
2.016194
1.981702
1.984604
1.983017
1.996041
1.942659
1.991943
1.984478
1.970983
1.948379
2.019663
2.015716
2.038560
1.993681
1.995732
2.006402
2.002121
1.994277
1.998118
1.997229
1.994711
1.960702
2.008508
2.000650
1.982506
1.994306
2.001302
1.998524
2.015428
1.994971
1.984627
1.980291
1.951407
1.946364
1.995124
1.991439
2.017548
1.978142
2.002170
2.001361
2.007774
1.993690
1.998214
1.996906
2.014264
2.001257
1.997070
2.002557
2.000870
2.016117
2.004110
2.011451
2.040978
2.011163
1.990562
1.984707
1.979421
1.968927
2.009380
2.013211
2.026773
2.022766
1.987606
1.992894
1.958940
1.998271
2.003528
2.001055
1.979840
1.951806
2.009058
2.013565
1.985537
1.984828
1.998760
1.990203
1.975470
1.976021
1.988581
1.983556
1.986980
1.995674
1.991836
1.998160
2.012596
2.024417
2.021066
2.027424
2.018255
2.013775
