2.013502
2.030396
2.052945
2.059729
2.040392
2.051386
2.000639
2.011841
2.025341
2.028891
2.016292
2.023875
1.998379
2.003822
2.013292
2.006361
2.017538
2.013837
2.002980
1.996275
1.983218
2.015450
2.008175
1.996042
2.002382
1.998930
2.013140
2.026584
2.019493
2.017563
1.993233
1.995013
1.985777
1.967362
1.976593
2.005322
2.012029
2.025433
2.047034
2.044266
2.032909
2.051949
1.997222
2.005233
2.013267
2.028831
2.011116
2.018453
1.997535
2.004081
2.017658
2.011067
2.018750
2.015578
2.003101
1.996786
1.982562
2.015866
2.008491
1.999869
2.001533
1.997442
2.011794
2.023238
2.014744
2.017122
1.993179
1.995008
1.986000
1.967051
1.974781
2.003679
2.006275
2.001871
1.991753
2.004655
2.000659
1.998368
2.007056
2.010240
1.991574
1.999011
2.008124
2.010279
2.019924
2.035997
2.016741
2.013677
2.014556
2.030348
1.987038
1.978254
1.975879
1.989886
1.971256
2.001171
2.005393
2.006113
2.031406
2.003275
2.008511
2.018149
2.010840
2.005063
1.993890
2.008815
2.007830
2.006054
2.003217
1.998906
2.002602
2.007259
2.005462
2.008524
2.009810
2.017295
2.001439
2.004098
2.008962
2.013302
2.021251
2.038555
2.019464
2.015209
2.017124
2.029087
1.989589
1.983796
1.983547
1.995246
1.976067
1.998913
2.005995
2.006265
2.026358
2.002934
2.006510
2.014437
2.011053
2.004945
1.993663
2.008988
2.008732
2.008875
1.997348
2.003977
2.024611
1.992360
1.991658
2.003538
1.999414
2.018489
2.009070
2.012514
1.992388
1.978885
1.993165
1.995614
1.983045
1.969397
1.994938
2.000014
1.979156
1.989343
1.984479
1.965280
1.978989
1.992617
2.010885
2.006965
2.021027
2.018144
2.014766
1.996237
2.008545
2.006596
2.015133
2.023541
2.024390
2.018471
1.993054
2.000978
2.004377
1.970119
1.974118
2.003544
2.002391
2.023933
2.018940
2.023362
1.998467
1.984775
1.992032
1.993613
1.975713
1.953180
1.982391
1.987498
1.978188
1.987038
1.985794
1.971888
1.986811
2.002646
2.010782
2.006709
2.019204
2.016714
2.013903
2.003366
2.008895
2.007490
2.016259
2.025771
2.026061
2.019582
1.998639
1.999919
1.995210
2.003269
1.990043
1.992955
1.996297
2.003971
2.006764
1.999968
1.984026
1.967811
2.011718
2.019624
2.035107
2.034221
2.024828
2.017822
2.014955
2.009795
1.978710
1.998753
1.994373
1.987638
1.999913
2.004490
2.018532
1.997983
1.987544
1.998913
2.001976
2.015566
2.044227
2.027306
2.027513
2.039963
2.000790
2.002633
1.996012
1.998128
1.984275
1.988633
1.996664
2.003750
2.017803
2.009589
1.994324
1.984996
2.012076
2.019882
2.035242
2.037094
2.027169
2.020570
2.013995
2.008338
1.977209
1.994832
1.990378
1.991409
1.999581
2.003868
2.015280
1.996098
1.987763
2.003392
2.002424
2.016929
2.044490
2.028007
2.028240
2.037550
2.017607
2.018620
2.003823
1.996777
2.011213
2.013992
1.993152
2.000487
1.997166
1.991968
2.004514
2.018649
2.012812
2.025037
2.046023
2.030682
2.015108
1.978534
2.001846
2.009903
2.002017
2.016412
2.002827
1.999651
1.996976
2.017743
2.009681
1.979230
1.987291
2.008296
1.999381
1.990848
2.028016
2.010192
1.997315
2.011688
2.015206
2.013517
2.003545
2.002331
2.010642
2.014977
1.990671
1.998733
1.998239
1.990124
2.006021
2.022866
2.013574
2.025966
2.044867
2.030514
2.017052
1.979826
2.000767
2.007835
1.998455
2.008325
1.998539
1.995299
1.996443
2.019110
2.016754
1.980689
1.990240
2.015696
1.998963
1.990313
2.025200
2.009033
1.996337
2.010929
1.999301
2.008266
1.994175
2.008138
2.011025
2.021401
2.009032
2.018832
2.028730
2.031851
2.019870
2.039521
1.996619
1.999214
2.014843
2.000517
1.994376
2.014105
2.003288
2.008968
1.998397
1.995960
2.000416
2.004711
1.990873
1.985427
2.024413
2.025735
2.013040
1.988388
1.987733
1.994506
2.019199
1.989151
1.996206
1.986714
1.997613
2.003722
1.984341
1.993008
1.993096
2.002067
2.006417
2.017400
2.031098
2.019585
2.010591
2.028236
1.996950
2.000225
2.012489
2.002280
1.988154
2.010201
2.001709
2.007782
1.993299
1.982931
1.988150
1.997580
1.990656
1.984751
2.024071
2.026357
2.013732
1.988853
1.988879
1.995728
2.026666
1.993135
1.997692
1.987271
2.005750
2.017918
2.023329
2.021701
2.020144
2.006892
2.000084
2.002176
2.003937
2.024684
2.011701
2.014385
2.005665
1.992793
2.008206
1.994667
1.989833
1.981133
1.983667
1.986224
1.960648
1.950597
1.964515
1.983193
2.009347
1.999319
1.970251
1.986343
1.978614
2.001607
1.992840
1.993194
1.966457
1.971328
1.978017
2.000728
2.001262
2.011184
2.008351
2.015057
2.014501
1.989451
2.004097
2.006489
2.003636
2.018320
2.009721
2.012319
2.005275
1.993548
2.006668
1.995523
1.994223
1.983986
1.982494
1.984710
1.962086
1.954779
1.966482
1.986731
2.009973
1.998329
1.972047
1.987934
1.979636
2.001524
1.992715
1.992910
1.966542
1.971312
1.977224
2.001125
1.999798
2.009077
2.024479
2.007182
2.012742
2.009824
2.022249
2.020791
2.010076
2.010929
2.014308
1.999331
2.015638
2.015158
2.024245
2.040541
2.040252
1.990575
1.995508
2.004627
1.992301
1.949654
1.962096
1.963318
1.989854
1.984162
1.965871
1.960443
1.979537
2.009770
2.013846
2.009069
2.045970
2.035252
2.024476
2.033668
1.997556
2.009388
2.018835
2.006658
2.003852
1.999164
2.021054
2.016959
2.008696
2.008575
2.014895
1.998359
2.012315
2.010224
2.024671
2.043465
2.041503
1.986718
1.994565
2.003585
1.991739
1.946679
1.960095
1.966020
1.988864
1.984187
1.966537
1.959482
1.977795
2.009841
2.014608
2.009567
2.046241
2.034480
2.023989
2.033024
2.006059
1.992773
1.990072
2.000698
1.991143
1.983452
1.999827
2.012873
2.036360
1.990100
1.983472
1.992262
2.001924
2.004523
2.014792
1.991930
1.996983
1.973924
1.988443
1.987795
1.971817
1.988754
1.998402
2.009918
1.996803
2.001298
2.005608
2.014228
2.002811
1.983298
2.002760
2.013774
2.014652
1.997589
1.997199
2.011160
2.010503
1.999201
1.998243
2.002186
1.995421
1.986019
1.996729
2.011536
2.034948
1.989097
1.981607
1.988402
2.004891
2.009178
2.019425
2.004623
2.009542
1.982539
1.989746
1.989978
1.975670
1.985013
1.994135
2.009908
1.996308
2.002217
2.005933
2.007993
1.997142
1.977919
2.002925
2.013507
2.015351
1.998400
1.998607
2.012349
2.001164
2.001313
2.014236
2.039447
2.029025
2.016107
2.003509
1.994699
2.005867
2.021763
2.005692
1.996374
2.000652
2.005906
2.017017
2.019646
2.017360
2.017231
2.000715
2.005058
1.999338
1.974012
1.992010
2.002746
2.006690
2.019672
2.026423
2.012688
2.013475
2.035724
1.999067
2.000144
1.981822
2.001842
2.006769
2.010067
1.997289
1.998884
2.005984
2.040749
2.026510
2.016074
1.999845
1.991198
2.006293
2.018755
2.004676
1.990409
1.998265
2.003466
2.014936
2.010243
2.012216
2.009312
2.001536
2.005188
2.000330
1.973598
1.988053
2.001730
2.005949
2.017259
2.023529
2.010951
2.012659
2.033957
1.997685
1.997748
1.979925
1.998713
2.001335
2.006009
2.004810
1.998982
1.996549
1.987176
1.994393
2.008617
2.015247
2.011970
2.006242
2.003176
1.999798
2.008611
2.000757
2.009035
2.039490
2.011605
2.009476
2.012428
1.998093
2.016798
2.029879
2.002617
1.994448
2.005697
2.007698
2.018426
2.037802
2.055310
2.034153
2.007937
1.982579
1.975364
1.954013
1.958566
1.979071
2.005291
2.005771
1.999613
1.990086
1.984940
1.986590
1.999039
2.019214
2.016740
2.021077
2.017526
2.006187
1.997087
2.001324
2.008361
2.041620
2.008048
2.007522
2.009535
1.997209
2.016181
2.028437
2.009578
2.001638
2.008926
2.007163
2.018296
2.036683
2.052686
2.031942
2.008424
1.983585
1.976965
1.961046
1.963720
1.984128
2.007329
1.998685
2.002293
1.962588
1.969641
1.970162
1.944695
2.012688
2.013866
2.017087
2.031943
2.026088
2.031478
1.995141
1.994013
2.008509
2.018357
2.002578
1.987826
1.993010
1.995472
1.989257
1.981281
1.982904
1.973108
2.001796
1.999714
2.003145
2.001227
2.007084
2.003060
2.015047
2.015768
2.020842
2.022213
2.023069
2.001223
2.001504
2.009666
1.967005
1.982154
1.979582
1.955048
2.010566
2.011488
2.018172
2.026247
2.035063
2.047963
1.992724
1.991313
2.004134
2.010103
1.995208
1.980168
1.993599
1.994798
1.987301
1.987069
1.987808
1.974907
2.000799
1.998090
1.999788
1.996701
2.004298
2.002878
2.015621
2.016587
2.021276
2.024210
2.024373
2.001630
1.992670
1.995197
1.998911
1.989680
1.980057
1.975169
2.001094
2.003915
1.995888
1.973213
1.988820
2.001545
1.993821
1.987004
1.987110
2.012334
2.001342
2.018515
2.005592
2.001099
2.006445
2.002551
2.011120
2.015336
2.016471
2.012294
1.992781
2.007668
2.018472
1.991762
1.971137
1.965053
1.948087
1.976796
1.989186
2.016457
1.987938
1.991898
1.985546
1.977679
1.974766
1.971993
1.999608
2.001775
1.991881
1.969192
1.983274
2.000275
1.994545
1.990034
1.993698
2.021295
2.004665
2.013712
2.006019
2.000335
2.004796
2.004753
2.009064
2.009477
2.017320
2.013505
1.994617
2.014626
2.023891
1.998919
1.970465
1.964407
1.948039
1.977012
1.989576
2.018730
2.001116
2.006398
2.032395
2.033269
2.027414
2.012729
2.002090
2.003305
1.970400
1.980756
1.991236
2.014263
1.995306
1.995062
1.978800
1.978538
1.978598
1.978510
2.013600
2.018943
2.013344
2.028584
2.025020
2.017697
2.001116
2.004775
2.002770
2.032997
2.024524
2.003611
2.008558
2.005860
2.007691
1.999194
2.002678
1.993420
2.002443
2.005738
2.030709
2.035682
2.022649
2.010924
2.004084
2.007434
1.981732
1.994497
2.001663
2.029466
1.999300
2.001119
1.985006
1.988417
1.983894
1.980989
2.014057
2.018329
2.012391
2.027105
2.024897
2.016524
2.000032
2.003991
2.000203
2.026140
2.018255
1.999810
2.006617
2.004537
2.008160
2.002203
2.006861
1.997942
1.997525
2.005143
2.008717
1.971381
1.981474
1.986234
2.007863
2.015243
2.007285
2.031445
2.028793
2.021919
1.997642
2.010101
2.019823
1.994216
2.000930
2.015990
1.997109
2.003044
1.997197
2.015209
2.008382
2.026985
2.017144
2.017775
1.999344
2.016292
2.014204
2.006085
2.014288
2.013389
2.039619
2.010557
1.997278
1.994896
1.997859
2.004019
2.025862
1.992501
1.990526
1.988236
2.006291
2.010867
1.997204
2.021603
2.024077
2.021840
1.996995
2.009118
2.016503
1.999095
2.002893
2.019518
2.001614
2.009190
2.003419
2.018859
2.013416
2.026304
2.016463
2.016787
1.996496
2.010820
2.011226
2.006825
2.013843
2.011418
2.037988
2.010271
1.999640
1.998018
2.012565
2.029466
2.053280
2.059385
2.040761
2.053139
1.999443
2.007354
2.001465
2.007117
2.008638
1.981162
1.988341
1.998106
1.978761
1.982905
1.995552
1.997011
2.010301
2.003337
2.001003
2.051959
2.039343
2.002502
1.994594
1.998816
1.984484
1.977577
1.976996
2.000843
1.994452
2.014335
2.009441
1.996949
2.004762
2.037207
2.011091
2.024503
2.047455
2.044145
2.033565
2.053906
1.999258
2.004640
1.987468
1.990206
2.001846
1.978272
1.986695
1.995894
1.977444
1.971559
1.987242
1.988109
2.011128
2.005362
2.013057
2.057744
2.039708
1.998031
1.996484
2.000058
1.989575
1.982944
1.980422
2.004085
1.995450
2.015117
2.010679
1.998350
2.005012
2.036832
2.006529
2.002013
1.991398
1.999866
1.998093
1.997379
2.002633
2.007201
2.033539
2.015331
2.009093
2.028919
1.995754
2.005279
2.020062
2.000260
1.996860
2.015564
2.012419
2.002852
1.995196
1.972448
1.974798
1.988398
2.002086
2.003524
2.023157
1.991726
1.987574
1.986002
2.009645
2.011991
2.043688
2.053517
2.033597
2.021859
2.003471
1.999047
2.002246
2.002470
2.002827
2.005405
2.002004
2.007577
2.035787
2.021993
2.015385
2.026036
1.995431
2.004088
2.017090
1.997896
1.997545
2.015594
2.012507
2.004758
1.998487
1.977975
1.977891
1.990346
1.999982
2.000660
2.020322
1.989103
1.985355
1.982722
2.009603
2.011493
2.042769
2.054357
2.032830
2.020150
1.997451
2.004342
2.024791
1.992158
1.990726
2.003518
1.998018
1.996721
2.026906
1.992492
2.001406
2.003830
1.993695
1.994587
1.989973
1.971209
1.969795
1.972878
1.996783
2.000834
2.016873
1.981075
1.989909
2.018845
2.010367
2.021908
2.050790
2.046214
2.023355
2.025185
2.004666
2.011436
2.006753
2.003122
1.993423
1.995312
1.993157
2.001344
2.004557
1.969917
1.973186
2.003524
1.994416
1.992647
2.018724
1.984927
2.000060
2.007666
1.994606
1.998541
1.997952
1.990696
1.980260
1.986034
1.997343
2.000415
2.018124
1.981558
1.987826
2.014799
2.009964
2.020662
2.052707
2.052647
2.028481
2.026225
2.005193
2.011538
2.006010
2.002611
1.994049
1.994614
1.997857
1.997925
1.991185
1.998050
1.984895
1.989157
2.008270
1.996055
1.974767
1.993353
2.004331
2.018326
2.000486
2.006282
1.979974
1.985293
1.987520
1.982913
2.002195
2.004399
1.999624
2.020035
2.012111
2.013025
1.997616
1.998245
2.021772
1.992618
1.992374
2.018037
2.009223
2.005579
1.992432
1.988250
1.991541
1.980278
1.999590
1.999977
1.990743
1.991346
1.978303
1.985332
2.007540
1.995422
1.974478
1.991584
2.002492
2.024283
2.001312
2.006903
1.979143
1.990369
1.990203
1.981505
2.001092
2.003896
1.997985
2.017747
2.013103
2.013687
1.996749
1.997673
2.022902
1.997603
1.996665
2.016321
2.009763
2.007224
1.993451
1.990011
1.992262
1.976464
2.017619
2.018992
2.002590
1.996414
2.010846
2.011398
2.014159
2.020336
2.038743
2.045952
2.031736
2.017849
2.005654
2.020980
2.034914
2.006612
1.999967
2.002140
1.992995
2.007171
2.025573
1.978274
1.994864
2.004968
2.004577
1.995595
1.969291
1.998805
1.991956
1.982527
2.012357
2.009842
2.000863
1.998493
1.984794
1.982759
2.015218
2.013891
2.002312
2.001968
2.010276
2.012589
2.012693
2.016248
2.030015
2.045137
2.032869
2.022287
2.007026
2.022977
2.037631
2.005214
1.999540
1.997237
1.992780
2.006851
2.025574
1.975321
1.989899
1.999140
2.004699
1.997407
1.971423
2.003291
1.995968
1.987126
2.012832
2.012109
2.006290
1.999122
1.984097
1.980374
1.999853
2.008645
1.993732
2.008426
2.011142
2.020080
1.992940
1.993472
2.019300
2.009738
2.003553
1.996970
2.014841
2.037279
2.043380
2.039771
2.020797
2.008073
2.018352
2.024616
2.016930
2.010868
2.008592
1.997384
2.010129
2.021844
2.058091
2.025543
2.021787
2.008990
1.993952
1.991218
1.975689
1.986755
1.997013
2.027683
1.998165
2.004313
1.983820
1.993772
1.993926
2.001942
1.992096
1.993062
2.023589
2.017549
2.004779
2.000861
2.012113
2.032320
2.038142
2.038178
2.023855
2.014080
2.021245
2.026874
2.017255
2.014637
2.008282
1.999367
2.010436
2.022771
2.060181
2.026341
2.021917
2.007758
1.993043
1.988889
1.974483
1.986692
1.993658
2.021418
2.007041
2.018638
2.023665
2.021628
2.020009
2.006344
2.005873
2.006981
1.994662
1.985184
1.980288
1.975141
2.003142
2.012966
2.018333
2.027042
2.012987
2.011691
1.998701
1.986612
1.982788
2.006613
2.009036
2.030115
1.995687
1.995526
1.998554
2.016904
2.021851
1.985182
1.982748
1.978844
1.961345
1.981584
1.984798
1.976794
2.002554
2.011904
2.008688
2.014986
2.014365
1.988904
2.003206
2.005509
1.989613
1.984664
1.978778
1.976122
1.998628
2.005725
2.007230
2.017957
2.010426
2.012087
1.998645
1.986153
1.982131
2.004483
2.006565
2.027795
1.995922
1.996135
1.995562
2.012697
2.017839
1.980716
1.984007
1.980046
1.964677
1.985713
1.989773
1.978696
1.999730
2.008872
2.022645
2.006220
2.012579
2.010966
2.011102
2.026229
2.020481
2.019018
2.008960
2.003174
1.996240
2.003525
2.016183
1.976477
1.987384
1.984814
2.003953
2.020722
2.027296
2.014954
2.002868
2.012021
2.007053
2.010729
2.025358
2.000548
2.002392
1.993478
1.997534
2.001425
1.997051
1.972692
1.983588
1.959180
1.997488
2.009182
2.017000
2.005696
2.003837
2.000306
2.008075
2.023403
2.021140
2.017707
2.014611
2.013497
1.998724
2.006526
2.020723
1.978544
1.989688
1.987034
2.002458
2.019676
2.021280
2.014205
2.000305
2.005617
2.006339
2.010015
2.023645
1.991192
1.997592
1.989298
1.996413
2.000252
1.998187
1.982228
1.991244
1.962406
2.004365
1.991202
1.986654
2.000018
1.990562
1.982866
2.018421
2.019608
2.032313
2.022212
2.015599
2.033603
1.995722
2.003594
2.016783
2.019409
2.018657
2.003625
1.995671
1.992681
1.994348
1.978850
1.986159
1.999681
1.998503
2.006259
2.000960
1.992102
1.996085
1.994980
2.011854
2.012436
2.005122
2.019651
2.017254
2.007174
2.008810
1.997886
1.995568
2.001419
1.994563
1.986401
2.014816
2.017355
2.028924
2.015134
2.012829
2.034058
1.997151
2.005765
2.017573
2.012186
2.014880
1.996955
1.996807
1.995296
1.994736
1.976792
1.984380
1.994881
1.998382
2.005788
1.999487
1.987761
1.994116
1.996995
2.012190
2.012408
2.006074
2.017183
2.016912
2.003835
2.001365
2.001385
2.013981
2.040783
2.030487
2.017402
2.000625
2.010232
2.027367
2.007055
1.989853
1.992795
1.997605
1.985013
1.959261
1.951750
1.969818
1.969933
2.015181
2.027724
2.016612
2.019585
2.014891
2.004356
2.008936
2.010338
2.016515
2.034967
2.031488
1.991500
1.999116
2.002557
1.981253
1.958843
1.961000
1.982928
1.997490
1.998956
2.005728
2.042420
2.028092
2.017856
2.000716
2.011419
2.030234
2.023747
2.009823
2.007205
1.995647
1.986594
1.967667
1.958924
1.975744
1.967270
2.015721
2.027860
2.019046
2.018835
2.015373
2.004474
2.010767
2.011992
2.017764
2.040505
2.032451
1.997294
1.998415
2.001956
1.980604
1.954819
1.955795
1.981947
2.005564
1.999885
1.998260
1.989224
1.997259
2.011933
2.013219
1.999528
1.991018
2.019099
2.000629
1.984306
2.001338
1.995569
1.984684
1.978740
1.980698
2.010742
1.997364
2.009148
2.040732
2.040327
2.021449
2.007129
2.003848
2.018445
2.011686
1.994402
2.002070
2.003435
1.993383
1.998923
2.006442
2.009422
2.014748
1.997271
2.006668
2.000650
1.991663
1.987070
1.989457
2.002355
2.012612
1.999911
1.992316
2.011022
1.996350
1.978436
1.999975
1.993900
1.979751
1.969553
1.973028
2.002907
1.995410
2.005497
2.030387
2.032201
2.015144
2.005684
2.006434
2.021029
2.019070
2.004905
2.012043
2.013698
1.993898
1.999943
2.007966
2.014822
2.016912
1.998309
1.997974
2.002033
1.962802
1.969156
1.969847
1.945632
2.006400
1.987390
1.959845
1.985179
1.994084
1.989762
1.992335
1.997898
2.002723
2.006432
2.008137
1.994445
1.990344
1.972138
1.985031
1.991365
1.979326
1.980969
2.008857
2.017200
2.002542
2.008215
1.978267
1.982172
2.006680
1.999374
1.996470
2.020484
2.010925
1.998534
2.000793
2.009406
1.967372
1.981722
1.979387
1.956005
2.006128
1.988044
1.967576
1.991614
2.000064
1.990166
1.993385
2.000024
2.002697
1.998997
2.003406
1.996208
1.991460
1.973147
1.984863
1.991258
1.982099
1.985844
2.008237
2.017134
2.001613
2.006885
1.975086
1.982394
2.006006
2.000286
1.996129
2.022505
2.011903
1.999515
1.992987
1.995587
2.000770
1.990292
1.980525
1.975876
2.006962
2.014779
2.008265
1.990297
1.985828
1.984916
1.999473
2.008144
1.987722
1.996410
1.997521
2.003414
1.991987
1.996422
2.006717
2.035185
2.029848
2.009644
2.007616
2.029212
2.024194
2.008538
2.010870
2.010604
1.995866
2.008834
2.037690
2.027369
2.018548
2.012775
1.988255
1.992287
1.987405
1.978350
1.975204
1.972209
2.002217
2.008562
1.997640
1.994420
1.990465
1.988947
1.997521
2.005071
1.980732
1.987291
1.990209
1.994809
1.992166
1.997064
2.010073
2.041961
2.034308
2.010177
2.006786
2.027799
2.022054
2.005100
2.009920
2.008252
1.994825
2.006941
2.035527
2.025462
2.016744
2.010213
2.001687
2.006814
2.033067
2.032922
2.026363
2.013203
2.004895
2.006434
1.992085
2.019136
2.001869
2.020057
1.996224
1.995123
1.961732
1.969864
1.987535
2.009081
1.987850
1.985597
1.978137
2.000350
1.988433
2.006313
1.997716
2.009222
2.005210
2.018036
2.026643
1.998367
2.011055
2.018788
2.013296
2.014622
2.004982
2.030846
2.003013
2.006153
2.031200
2.035299
2.021729
2.011499
2.004040
2.002950
1.987286
2.018245
2.002335
2.014532
1.995429
1.992806
1.957286
1.971379
1.987392
2.013770
1.988532
1.985175
1.980285
2.001685
1.990107
2.013493
1.997284
2.006287
1.997076
2.006069
2.019798
1.992729
2.011757
2.019613
2.013424
2.013206
2.005015
2.029508
1.995910
2.001995
2.001059
1.968794
1.977877
1.983473
2.013473
2.022824
2.058652
1.975726
1.985872
1.987724
1.998218
2.010012
1.983733
1.981330
1.987253
1.973475
1.994765
2.014184
1.991402
2.002683
2.010729
1.990168
1.983442
1.999565
1.996634
2.016903
2.012441
1.998873
2.009192
2.021608
2.027353
2.001266
1.994525
1.983144
1.996227
2.000051
2.018491
1.989738
1.986654
1.985471
2.007129
2.011300
2.049166
1.974714
1.984947
2.001246
1.999162
2.012111
1.977016
1.980995
1.984138
1.971599
1.992733
2.010162
1.983922
1.993008
2.001908
1.989551
1.982489
1.997729
1.997690
2.020437
2.012134
1.996519
2.009259
2.022140
2.027796
2.001597
1.995342
1.984158
2.012946
2.029505
2.055170
2.061288
2.042101
2.053704
1.992172
1.991284
1.973498
1.964585
1.970550
1.980620
2.012827
2.001950
1.982295
1.961576
1.968786
1.984930
1.996303
2.006887
2.000462
1.972871
1.976062
1.979946
1.992494
1.980072
1.975550
1.970924
1.972990
1.999413
1.967855
1.954057
1.924761
1.945468
1.965339
1.985730
2.011472
2.024541
2.049471
2.046283
2.035097
2.054607
1.993779
1.994553
1.976983
1.966077
1.969928
1.974874
2.010749
2.000248
1.979670
1.959263
1.966593
1.975703
1.994496
2.005911
1.999626
1.971646
1.977881
1.979863
1.991592
1.978900
1.973296
1.965433
1.968984
1.995944
1.968663
1.955644
1.929919
1.951018
1.969439
1.981797
2.006143
2.001599
1.992321
2.003010
2.000482
1.998682
2.004135
2.017542
2.039503
2.037234
2.022182
2.031506
1.999628
2.006436
2.036957
2.047481
2.037800
2.033872
2.007819
2.018800
1.999887
1.997308
1.981647
1.994848
1.997621
1.991637
1.996867
2.016240
2.007438
2.019505
2.019008
2.026240
2.039711
2.039364
2.023087
2.005727
2.003085
1.998633
2.003169
2.005614
2.005781
2.007684
2.000251
2.009849
2.026908
2.040002
2.021018
2.030231
2.000525
2.007880
2.037598
2.042532
2.032398
2.030944
2.009134
2.019197
2.006916
1.998122
1.980632
1.990552
1.996985
1.992234
1.997688
2.018373
2.008885
2.019456
2.021405
2.030062
2.053203
2.046351
2.028459
2.010120
1.997434
2.004256
2.024749
1.990393
1.990026
2.002670
2.006606
2.009870
1.991919
1.999494
2.007626
2.010112
2.012839
2.010545
2.014508
2.017422
2.015334
2.021644
2.005672
2.011899
2.016460
1.998270
2.003401
2.017645
2.006772
2.002654
2.032551
2.040132
2.031489
2.027458
2.016082
2.024039
2.026763
1.986583
2.010316
2.015874
1.993140
2.001257
2.004515
1.968152
1.972486
2.002676
2.009360
2.017011
2.002087
2.004581
2.008111
2.013087
2.012091
2.009802
2.015474
2.016262
2.012582
2.021198
2.004014
2.011550
2.010869
1.996732
2.000564
2.017212
2.007478
2.003198
2.033991
2.041763
2.030315
2.024854
2.015313
2.022850
2.025160
1.986075
2.010718
2.018256
1.997668
1.998183
1.990647
1.997638
1.984990
1.989233
2.000163
2.019844
2.011997
2.017912
1.993459
1.977001
2.002197
2.014226
1.999579
1.972263
1.984539
1.987211
2.011476
2.011593
1.986782
1.997481
2.003002
2.004850
2.007356
2.007960
1.992587
1.991148
1.986768
1.995042
1.998723
2.003594
2.006444
1.994036
1.999401
2.008175
1.999402
2.000234
1.990129
1.990894
1.977968
1.985420
2.002823
2.024130
2.021277
2.027186
1.999891
1.981629
2.005326
2.016768
2.005072
1.987209
1.993398
1.989498
2.011595
2.011661
1.986281
1.999220
2.005861
2.003763
2.007220
2.008431
1.990721
1.987258
1.985821
1.994422
1.998941
2.003552
2.006940
1.993532
1.998481
2.007370
2.017104
2.018419
2.003178
1.996715
2.010957
2.012390
1.996221
2.003952
2.006117
1.996447
1.981742
1.965301
2.008892
2.008769
2.019082
2.029550
2.018293
2.012999
2.004331
2.010042
2.005444
2.044085
2.008521
2.004676
1.989791
1.990640
1.980082
1.987475
1.973330
1.977679
2.002110
1.998118
1.988542
2.001063
2.005120
2.003608
2.014703
2.013319
2.002900
2.002269
2.010386
2.013581
1.996588
2.003731
2.017157
2.006068
1.992086
1.982486
2.006453
2.005206
2.017999
2.039549
2.029630
2.019408
2.001989
2.007149
2.003320
2.041999
2.007107
1.998766
1.990700
1.992907
1.985945
1.990284
1.975151
1.980797
2.000418
1.996965
1.989978
2.001470
2.005265
2.004180
1.999897
2.008631
1.994524
2.009050
2.011159
2.021178
1.993073
2.000086
1.994401
1.990921
2.003710
2.017325
2.000514
1.992549
1.961608
1.995457
2.001439
2.036240
2.003448
2.019393
2.006483
2.019589
2.008264
2.001522
2.002338
2.000773
1.992961
1.991500
1.999770
2.016262
1.989873
1.999900
2.016142
2.016337
2.013113
2.007815
1.998209
2.004298
1.985108
1.994439
1.993763
2.002540
1.990385
1.997787
1.994687
1.988971
2.004890
2.021242
2.002996
1.997714
1.967974
2.004119
2.002498
2.024692
2.003933
2.019991
2.007558
2.017367
2.011434
2.004769
2.001308
1.997519
1.988950
1.991658
2.002837
2.021280
1.990068
2.000130
2.018197
2.015924
2.013130
2.009977
2.006343
2.018519
2.023925
2.021114
2.019218
2.004391
2.008973
2.019009
2.029304
2.033994
2.021105
2.042297
2.008354
2.010323
1.972921
2.010071
2.016074
2.016335
2.011792
2.012735
2.018495
2.026003
2.031789
2.011083
1.981006
1.966559
1.959624
1.956462
1.967749
1.980104
1.993889
1.999587
2.038899
2.016555
2.009072
1.990209
2.001855
2.011785
2.008947
2.014472
2.013575
1.986951
2.006358
2.017968
2.032148
2.024188
2.014275
2.032895
2.010292
2.009671
1.976009
2.012527
2.019746
2.018884
2.011811
2.013250
2.019184
2.026235
2.034122
2.015236
1.980909
1.966376
1.957854
1.951312
1.965573
1.978597
1.992117
1.998937
2.036335
2.014153
2.006842
1.984773
1.999407
2.009315
2.024138
2.007986
2.013213
2.011046
2.000209
2.003009
2.006200
2.027143
2.013971
2.015196
2.002298
2.002161
2.008364
1.976626
1.984851
2.000068
2.005928
2.013416
2.012838
2.023644
2.014883
2.012735
1.993664
2.000385
1.968730
1.991269
2.006323
2.018029
1.994985
2.001893
1.992219
2.000783
2.003729
1.990710
1.997165
2.009625
2.018494
2.007462
2.005721
2.000189
2.004222
2.007321
2.005930
2.020657
2.011950
2.013754
2.008538
2.008055
2.020458
1.995866
1.999054
2.008432
2.005524
2.013044
2.011494
2.024498
2.011579
2.006154
1.993279
2.000697
1.970741
1.994580
2.008786
2.018791
1.995478
2.002156
1.993209
2.005354
2.008677
1.998915
2.005744
1.992521
1.990067
1.999516
1.990002
1.982286
2.021986
2.020433
2.009513
2.009488
2.011587
1.994767
1.982615
1.980938
1.958523
1.953412
1.958130
1.979485
1.994395
1.988560
1.993023
2.001342
2.001269
2.002346
1.997892
2.006210
2.000619
2.001524
1.997953
1.990971
1.993457
1.985551
1.992999
1.998791
1.999466
1.992511
2.010188
1.998949
1.998238
2.001066
1.994112
1.985625
2.020790
2.016600
2.008133
2.007134
2.012174
1.993646
1.982010
1.979789
1.959281
1.956262
1.957065
1.977245
1.994407
1.989796
1.998376
2.002438
2.002392
2.001185
1.996687
2.004475
1.997530
2.004100
2.000699
1.990975
1.993496
1.985423
1.992380
1.998108
1.998915
1.990561
2.001686
2.001698
2.014298
2.039563
2.029272
2.017233
1.999649
2.010986
2.032688
1.979865
1.974853
1.986391
2.009400
2.015603
2.023054
1.989725
1.991289
1.983500
2.001075
2.011187
1.995336
1.984755
1.991502
2.007124
2.010839
2.009146
1.975745
1.979602
1.978701
2.014587
2.010568
2.010406
2.028786
2.025322
2.021984
1.997897
1.997811
1.999269
2.006045
2.040865
2.026778
2.016818
1.996470
2.009898
2.031559
1.977653
1.971998
1.983142
2.009900
2.014171
2.027437
2.009884
2.004527
1.986196
1.999765
2.009966
1.992943
1.978200
1.983653
2.004103
2.010366
2.007567
1.976628
1.984641
1.980065
2.016699
2.010070
2.010195
2.029497
2.027770
2.022436
1.995074
