1.979397
1.979952
1.949788
1.977485
1.989934
2.015194
2.001055
2.011315
2.028992
2.010134
1.998415
1.998843
1.996981
1.999777
2.007386
1.993476
1.992778
2.009806
1.997952
2.009232
2.026901
2.048602
2.023080
2.008783
2.021382
2.019861
2.019909
2.020115
2.022534
2.019870
1.985466
1.984053
1.994645
2.004345
2.002736
2.010827
1.977101
1.976243
1.941878
1.963288
1.974687
2.002866
2.001796
2.013765
2.032083
2.024641
2.016887
2.011800
1.997453
2.000947
2.005299
1.995330
1.987304
2.006644
1.998163
2.009157
2.026784
2.045647
2.022323
2.007684
2.021544
2.019964
2.019022
2.017936
2.022660
2.019151
1.985203
1.983708
1.994118
2.005261
2.003923
2.011502
2.006896
2.018256
2.040640
2.036154
2.027770
2.008119
2.007958
1.999708
1.991426
2.008564
1.995973
1.983147
2.006888
1.993308
2.005614
1.992546
1.985265
1.982314
2.009448
2.013818
1.993098
2.013953
2.013214
1.988473
1.997555
1.997402
1.967522
1.983523
1.970943
1.974690
2.000521
2.012907
2.007800
2.013779
2.026811
2.019439
1.999770
2.008156
2.006563
2.007040
2.007775
1.991716
2.008452
2.000951
1.992683
2.000975
1.993145
1.973342
2.008147
1.996152
2.006296
1.994989
1.991091
1.986465
2.008083
2.011033
1.988385
2.006532
2.009123
1.987793
1.996827
1.994208
1.963412
1.983428
1.972549
1.983954
2.001055
2.015195
2.011887
2.017721
2.029297
2.019073
2.007619
2.016536
2.027565
2.019281
2.024274
2.019653
2.003139
1.984305
1.964462
1.990686
1.995008
1.995933
2.016532
2.018137
2.031826
2.041992
2.045098
1.992176
2.004504
2.001245
2.030405
2.014591
2.029704
2.016537
1.996331
1.998088
1.998490
1.996413
1.979882
2.004788
2.018962
2.011267
1.987001
1.975791
1.995228
1.999438
2.006274
2.015506
2.019648
2.013224
2.009489
2.009118
2.001874
1.983288
1.968107
1.988318
1.993066
1.992753
2.013290
2.013832
2.033935
2.045828
2.046526
1.988770
2.004678
2.000024
2.028565
2.010266
2.025926
2.013021
1.997115
1.999159
2.005641
2.001731
1.981437
2.004055
2.018962
2.011267
1.987001
1.975536
1.994297
1.998468
2.017187
2.000977
1.978180
1.994630
1.983144
1.968845
2.006161
2.018127
2.006609
1.989137
1.986614
1.980194
1.999850
1.998614
2.002282
1.985281
1.989642
1.971084
1.997649
1.992897
2.008811
2.020591
2.012410
2.031754
1.988825
1.978512
1.984340
1.996804
1.991911
2.007512
2.014158
2.015790
2.013143
2.033348
2.024340
2.017991
2.017929
2.006880
1.996862
2.008823
2.000097
1.978896
2.002307
2.011409
1.995421
1.993931
1.991718
1.987582
2.002817
2.003551
2.007030
1.998844
2.002604
1.980344
1.994557
1.991323
2.012880
2.021658
2.013738
2.032166
1.989500
1.979059
1.984045
1.994670
1.991454
2.006565
2.013733
2.015234
2.011412
2.031241
2.022890
2.014397
2.005542
1.998151
1.986529
2.012761
2.005554
1.993539
1.999942
2.001971
1.995446
2.010238
1.990000
2.002425
1.997206
1.998859
2.011737
2.013071
2.011393
2.013367
2.012407
2.024115
2.029646
2.004564
2.010568
2.013189
1.988292
1.984730
1.969155
2.000587
2.002830
1.994507
2.010090
2.010873
2.026450
1.994111
2.012670
2.027938
2.001340
1.996566
1.974649
2.016661
2.008901
2.000586
1.999113
1.999098
1.990723
2.008356
1.991018
2.000656
1.994986
1.996500
2.006669
1.999597
2.003543
2.005671
2.011182
2.023116
2.026955
1.999341
2.003255
2.012091
1.989200
1.985883
1.972105
2.004316
2.004856
1.995851
2.008996
2.009812
2.029028
1.998020
2.014698
2.027566
1.993564
1.989690
1.980709
1.989479
1.991063
2.014209
2.015383
2.025813
2.051254
1.973640
1.986421
1.990123
1.995260
2.003253
2.034178
2.001132
2.002374
2.004580
1.992256
2.002180
1.990740
1.997296
1.996140
1.998121
2.007866
2.001859
1.984489
1.987826
1.996141
2.001583
2.002434
1.990762
2.004958
2.016823
2.008357
2.032166
1.994744
1.992072
1.976110
1.975313
1.976573
1.996448
2.011031
2.016153
2.042398
1.977279
1.988527
2.005667
1.995828
2.002578
2.036309
1.997765
2.000440
2.002009
1.988023
1.998478
1.986211
1.985665
1.987201
1.994502
2.009316
2.003757
1.990388
1.990034
1.997751
1.997801
2.002533
1.990798
1.998768
2.010942
2.002554
2.027386
2.008118
2.012718
1.990058
1.975243
1.980943
1.974461
1.991195
1.991103
1.970850
1.961962
1.965235
1.978041
1.992161
1.992812
2.002249
2.016664
1.998980
1.986564
1.997827
2.002012
1.992953
1.994798
2.000711
2.011163
2.014865
2.010183
2.024426
2.039779
2.032840
2.001687
1.999573
1.994118
2.025038
2.035261
2.035363
2.027393
2.009818
2.017784
1.985517
1.987014
1.993088
1.986599
1.992763
1.993914
1.972567
1.963602
1.963419
1.969994
1.989745
1.989926
1.998450
2.007272
1.992554
1.982419
2.000082
2.005122
1.997754
1.998316
1.996735
2.016462
2.014805
2.009443
2.022620
2.039975
2.031080
1.995721
1.999090
1.992987
2.023513
2.034836
2.037642
2.032784
1.993398
1.994713
2.010713
2.008167
1.996984
1.997282
2.005371
2.016293
2.036270
2.040991
2.019099
2.023775
1.992066
1.984326
1.981366
2.003299
1.994560
2.018379
2.023323
2.027074
2.018071
1.974800
1.973046
1.970557
1.985483
1.975991
1.959750
1.986808
1.991089
1.985141
2.002267
1.993652
2.022528
2.000671
2.008503
2.008205
1.991272
1.994290
2.000107
1.999015
1.994146
1.998605
2.002571
2.010974
2.025671
2.042664
2.017002
2.022236
1.992600
1.987262
1.988078
2.012167
1.998219
2.014144
2.022083
2.026571
2.012948
1.972122
1.971020
1.969513
1.984961
1.975499
1.958991
1.985916
1.991277
1.986182
2.001264
1.993321
2.022126
2.003431
2.008169
2.001865
2.003858
2.010418
2.057202
2.058284
2.052074
2.032019
2.002786
2.006816
1.983333
1.998135
2.010987
2.004597
2.001342
2.001339
1.994896
1.992735
1.988412
1.982107
2.013738
1.998326
1.990449
1.973297
1.972149
1.966330
2.002286
2.016421
2.012568
2.007124
2.013605
1.980714
2.004703
2.005779
1.995444
1.988858
1.997381
1.976801
2.004359
2.010048
2.052489
2.058665
2.043825
2.022713
2.005525
2.013203
1.992971
2.004055
2.014029
2.008390
2.005336
2.007396
2.001060
2.002640
1.993412
1.984454
2.015072
1.999584
1.991973
1.973707
1.972762
1.966297
2.003159
2.018215
2.009486
1.996966
2.007295
1.983898
2.004577
2.005296
1.996346
1.987108
1.996546
1.976127
2.003720
2.008524
2.013946
1.980676
1.989833
1.994308
2.004548
2.018467
1.993781
2.013794
1.991311
1.984936
1.994813
2.006397
2.004985
1.982631
1.992457
2.017779
2.018881
2.015587
2.046643
2.034901
2.031419
2.020124
2.013725
2.026176
2.023488
2.026248
2.009065
1.995373
2.016516
2.015298
2.043835
2.023081
2.025209
2.027209
2.002339
2.005762
2.026022
1.995574
1.999871
2.007536
2.008024
2.024280
2.001157
2.023287
1.998308
1.995131
1.994166
2.005487
2.001665
1.987507
1.994431
2.021540
2.018632
2.017876
2.045151
2.036730
2.033819
2.025091
2.013841
2.026691
2.025574
2.030543
2.011088
1.996877
2.016381
2.015392
2.046219
2.026982
2.027923
2.029551
2.006786
2.024132
2.052985
2.026163
2.010303
2.019898
1.999485
2.011994
2.012832
2.007310
1.990740
1.967144
1.987633
1.997652
1.981854
1.979125
1.992845
2.000256
2.010740
2.020353
2.026154
2.013516
2.010725
1.998133
2.016440
2.018827
1.998723
1.997022
1.998201
2.003119
1.998977
1.996461
1.977562
1.993777
1.994767
2.000491
2.004105
2.017808
2.044361
2.010810
2.002516
2.012607
2.000418
2.012827
2.028699
2.020501
2.004409
1.985347
1.986060
1.995296
1.982188
1.970942
1.987664
1.992537
2.006762
2.012908
2.015650
1.997545
1.999312
1.995515
2.015794
2.018127
1.997860
1.996849
1.997681
1.997840
1.999227
1.996269
1.974656
1.990941
1.991055
1.999108
2.008154
1.997726
1.993918
2.019831
2.015008
2.002408
1.990434
1.999544
1.994109
1.990837
2.003843
2.021340
1.995507
2.005625
2.021971
1.999262
1.998346
2.014604
2.015725
2.021197
2.019848
2.042683
2.046430
2.041215
1.989830
1.997113
2.000851
2.003858
2.005877
2.007363
2.001125
2.002013
1.987020
1.977056
1.972862
1.995278
2.004772
1.994798
2.000664
2.019046
2.020049
2.014670
1.987224
1.996693
1.994323
1.988767
2.005004
2.025484
1.995477
2.004585
2.020791
1.997946
2.000036
2.016100
2.015321
2.021525
2.018155
2.043011
2.047672
2.040195
1.989830
1.997113
2.000909
2.002817
2.005882
2.007570
1.998615
1.998478
1.978966
1.972303
1.968231
1.992709
1.999164
2.009592
2.037607
2.026610
2.016686
2.025908
2.005535
2.018651
2.024588
2.026361
2.017646
2.042931
1.991610
1.990964
1.986730
1.965307
1.968646
1.971201
1.990870
1.992204
2.001081
1.972773
1.976213
1.973908
1.982757
1.988519
1.975570
2.004701
2.008302
2.016834
2.001652
1.997161
1.965951
1.952175
1.962248
1.965375
1.996178
2.007925
2.018088
2.005424
1.999876
2.031500
2.003555
2.017238
2.029413
2.015629
2.010182
2.035623
1.992521
1.994918
1.994180
1.980541
1.976608
1.980732
1.991146
1.991864
1.999783
1.973854
1.980919
1.979834
1.982838
1.989166
1.978815
2.006812
2.007897
2.009036
2.001058
1.995523
1.963278
1.950231
1.960629
1.963587
1.997544
2.002800
2.005864
2.006651
1.987847
1.980839
2.002965
2.004650
2.013498
2.026349
2.013855
2.026080
1.998492
2.007787
1.980751
1.984028
1.987523
1.980612
1.998380
1.993395
1.977216
1.947744
1.960903
1.987291
2.003804
1.996580
2.019747
2.023393
2.029598
2.039329
1.993097
1.998536
2.009288
2.010388
2.002462
2.002151
1.998546
2.003766
1.996196
1.989356
1.977055
1.981449
2.007589
2.010195
2.014432
2.019172
2.009285
2.018191
1.999718
2.008734
1.980145
1.989393
1.990595
1.981314
1.998082
1.992248
1.977101
1.946574
1.956505
1.982109
2.000540
1.992141
2.012180
2.018266
2.028435
2.040900
1.993097
1.997787
2.008686
2.009302
1.999831
1.995435
2.011164
2.012475
1.996362
1.986208
1.994982
1.998023
2.018191
2.017816
1.999698
2.001780
2.000560
1.987764
2.007507
2.024475
2.034656
2.011471
2.009616
2.014142
2.006322
2.010786
1.994493
2.001521
1.996892
2.014969
2.000160
2.014075
2.003995
2.003042
1.995762
2.006358
1.997805
2.007168
2.012860
2.032907
2.031272
2.016933
2.011200
2.010774
2.004722
1.994923
1.998761
2.008885
2.017633
2.014991
1.998574
1.998883
1.999855
1.986503
2.008973
2.026613
2.036150
2.007572
2.006777
2.009874
2.005222
2.009147
1.990483
1.995818
1.992879
2.012265
2.000389
2.014659
2.001799
2.002535
1.996166
2.005984
1.997805
2.007012
2.013090
2.032398
2.032495
2.018711
1.979611
1.980470
1.950624
1.978633
1.991050
2.016435
2.000803
2.012741
2.024095
1.971548
1.970135
1.991316
2.017642
2.041649
2.043877
2.044783
2.024192
2.009303
2.012317
2.015442
1.992577
2.014601
2.005652
2.012126
2.004498
2.009651
2.029528
2.012783
2.002575
1.985735
2.004782
2.024372
2.013234
2.015361
2.009978
2.026869
1.977315
1.976761
1.942714
1.964436
1.975804
2.003978
1.998274
2.012760
2.030437
1.975717
1.968747
1.989053
2.017540
2.040736
2.046096
2.046587
2.030629
2.018528
2.008872
2.010460
1.987978
2.010168
1.999801
2.006582
2.003324
2.006339
2.024709
2.011160
2.001234
1.985618
2.004550
2.023085
2.011960
2.006979
2.003355
2.023422
2.006964
2.018188
2.040089
2.035998
2.027209
2.008133
2.005286
1.997997
2.020212
2.024599
2.009494
2.009151
2.001409
2.007602
2.019071
2.036182
2.023984
2.022044
2.011584
2.016343
2.037224
2.040681
2.030900
2.003570
1.991389
1.991414
1.987471
1.986392
1.984265
1.977218
1.994136
1.984554
1.998959
1.988268
1.990598
2.017082
1.999837
2.008088
2.006012
2.006885
2.007341
1.991730
2.002293
1.995340
2.021243
2.021351
2.009842
2.006270
1.996773
1.999806
2.008328
2.025932
2.021129
2.023912
2.010173
2.014476
2.030859
2.041612
2.027910
2.001860
1.991046
1.990169
1.986375
1.985861
1.982982
1.977157
1.995305
1.987349
2.005963
1.994686
1.996189
2.017299
2.007632
2.016713
2.027489
2.018131
2.023791
2.021033
2.013155
2.010026
1.987238
1.993863
1.987639
1.999538
1.992997
2.000448
2.009854
1.971004
1.986545
1.979156
2.009944
2.022144
2.016788
2.061194
2.047063
2.004428
2.005342
2.008436
2.010657
2.007472
2.022166
2.037354
1.995494
1.998369
1.991378
1.979118
1.982526
1.985967
2.006046
2.015444
2.019547
2.012740
2.009053
2.010640
2.014885
2.012297
1.998558
2.006260
1.996386
1.999870
1.994643
2.002089
2.011905
1.972764
1.987367
1.981207
2.011911
2.024458
2.020575
2.069324
2.050073
2.000337
2.009103
2.013226
2.018951
2.021044
2.031732
2.043741
1.994724
1.997892
1.992377
1.979093
1.984092
1.984854
2.016819
2.000227
1.975807
1.992609
1.981695
1.968497
2.006106
2.009685
2.020599
2.026458
2.016972
2.025309
1.993558
2.000212
2.007545
2.008225
2.010895
2.001399
2.004547
2.014491
2.038722
2.016739
2.001307
1.982834
2.011161
2.016705
2.019343
1.995723
2.007443
1.999293
1.995900
2.008286
2.021325
2.027340
2.033962
2.025932
2.017561
2.006131
1.994489
2.006802
1.998446
1.978547
2.004790
2.007020
2.021802
2.020410
2.024503
2.040988
1.994861
2.002898
2.011822
2.005822
2.009687
1.997938
2.004402
2.012656
2.035782
2.009468
1.998384
1.986737
2.010226
2.015464
2.016942
1.994837
2.005827
2.001619
1.996163
2.008838
2.023731
2.027641
2.033917
2.025733
2.005454
1.997831
1.985715
2.011507
2.004569
1.992807
2.000812
1.998891
1.979197
1.976610
1.988985
1.995798
1.994301
1.982762
1.952505
1.951238
1.967488
1.976492
1.997233
2.000648
2.022315
2.027053
2.027041
2.036067
2.006182
1.999403
1.994415
1.981732
1.982390
1.985982
2.015460
2.016134
2.033323
2.002460
1.988815
1.977434
2.001251
1.996247
1.973937
2.016894
2.009138
2.000694
1.998925
1.996643
1.976506
1.973512
1.986280
1.995422
1.992499
1.984573
1.960911
1.958266
1.973514
1.973941
2.000489
2.004501
2.027758
2.033329
2.030190
2.037627
2.005457
1.998573
1.993536
1.981790
1.982265
1.986033
2.013770
2.014384
2.031128
2.001809
1.990617
1.984220
1.993226
1.988864
1.977710
1.987287
1.989027
2.012552
2.001367
2.000268
1.963605
1.962481
1.978260
2.012324
2.006912
2.004850
1.999929
1.997141
1.996861
2.018472
2.007388
2.006020
1.991585
1.997864
1.989369
1.989253
1.983548
1.990613
1.987077
1.990575
1.999898
2.001990
1.999212
2.002065
2.008291
2.029332
2.027680
1.993686
1.995114
1.992328
1.975539
1.975002
1.975809
1.993236
2.002736
2.005525
1.976779
1.975724
1.988967
2.026788
2.004488
2.001816
1.988603
1.983108
1.985524
2.010560
2.008877
2.008382
1.990074
1.995359
1.988589
1.987780
1.983354
1.990272
1.987231
1.992579
2.002591
2.003733
1.998617
2.001575
2.009256
2.027149
2.025561
1.995343
2.008069
2.012565
1.989971
1.978843
1.985082
1.974385
2.006331
2.010928
2.003616
2.018916
2.018387
2.014865
1.989987
1.996406
2.008060
2.003726
2.004439
1.992849
1.991133
2.002382
1.992243
2.028308
2.012867
2.000265
1.991497
2.000846
1.993314
2.002501
1.996790
1.990976
2.006022
2.005028
1.995953
1.997861
2.003069
2.006631
2.009937
2.018035
1.985923
1.989107
1.996831
1.987450
2.004937
2.006742
1.993269
2.009365
2.015197
2.015883
1.991037
1.998820
2.007902
1.996345
1.999894
1.994832
1.992120
2.002128
1.991046
2.027196
2.010839
1.995667
1.992078
2.001881
1.992205
1.997600
1.994735
1.989885
2.006894
2.005782
1.997913
2.000233
2.003383
2.008644
1.993949
1.995620
2.011793
2.009145
1.996824
1.996911
1.996696
2.000375
1.991948
1.999675
2.003415
1.982249
1.996092
2.006149
1.987406
1.998351
1.997650
2.004616
1.995212
2.004989
1.996774
1.981797
1.991635
2.020451
2.002106
2.008698
2.017986
2.008130
2.019843
2.019688
2.003576
2.004272
1.992139
2.016679
2.008950
1.999677
1.991636
1.995017
1.999932
1.998819
1.992984
1.997304
1.997459
1.999587
1.978638
1.983469
1.997180
1.983100
1.994857
2.003844
1.981976
1.990570
1.991404
1.995770
1.996388
2.004928
1.996333
1.985368
1.994606
2.018926
2.003418
2.009614
2.016813
2.007031
2.019031
2.018166
2.003668
2.004514
1.993421
2.018904
2.009115
1.998931
2.003664
2.010179
2.057365
2.058439
2.052332
2.032070
1.995446
2.002591
2.015508
1.998642
1.997537
2.009254
1.992803
1.990632
1.953032
1.963818
1.982220
2.003099
2.006013
2.013677
2.018627
2.027262
2.024860
2.013110
2.003275
1.992786
1.999953
2.005222
2.005986
2.024239
2.000562
2.014908
2.013285
1.981221
1.994357
1.997654
2.004165
2.009808
2.052653
2.058820
2.044082
2.022766
1.994068
2.001285
2.015392
1.999881
1.999315
2.004258
1.992246
1.988385
1.949072
1.963706
1.981902
2.009399
2.004716
2.010334
2.017228
2.024176
2.024039
2.014964
2.003833
1.993132
2.003280
2.011880
2.010810
2.026643
2.000597
2.015425
2.017606
1.989916
2.000899
2.002165
2.004362
2.009009
2.014875
1.981269
1.990097
1.994078
2.000681
2.002559
2.019191
1.989017
2.003196
2.003750
2.001603
2.012191
1.987529
1.985025
1.988093
1.973558
2.007628
2.015075
2.038395
2.023058
2.025397
2.020740
2.011162
2.016216
2.032767
2.010650
2.002526
1.994273
2.002270
1.994186
1.970418
2.018833
2.019708
2.022971
2.002981
2.006247
2.026936
1.996168
2.000152
2.007382
1.999270
2.000597
2.016714
1.984740
2.003142
2.006044
2.001850
2.013137
1.980480
1.985949
1.986988
1.971952
2.006990
2.014388
2.037775
2.022935
2.025607
2.019048
2.010164
2.015203
2.029147
2.008778
2.002974
1.991394
2.004628
1.998996
1.979859
2.030787
2.030079
2.028022
2.005211
2.022243
2.049581
2.023828
2.009259
2.021166
2.009857
1.999328
1.979811
1.997847
2.010037
2.023223
2.015350
2.004717
1.981924
1.960729
1.966576
1.986607
1.971914
1.975583
1.985262
1.996880
2.006065
2.021718
2.005761
2.003300
2.013218
1.970848
1.963011
1.980468
1.996946
2.001931
2.021292
2.029304
2.018378
1.988253
2.002531
2.015920
2.040957
2.008475
2.001483
2.013875
2.009975
2.000063
1.980596
1.996040
2.009631
2.030349
2.013272
2.003086
1.978886
1.957287
1.963369
1.976217
1.973336
1.976960
1.989634
1.997501
2.005408
2.018574
2.006206
2.003749
2.014182
1.971637
1.962748
1.979066
1.996829
2.001972
2.021579
2.029803
2.018584
1.991466
2.008105
1.997285
1.994450
2.020864
2.015362
2.002741
2.010814
2.015749
2.042695
2.046887
2.031715
2.016103
2.000333
2.009864
2.038497
2.046441
2.034586
2.033239
2.001101
1.999702
1.992669
1.981508
1.989588
1.982983
2.008896
2.005037
1.984387
1.977731
1.991430
1.998252
2.001966
1.997894
1.983719
2.009058
1.995650
1.998318
2.004723
1.994356
2.001196
2.020080
2.020404
2.015003
2.007439
2.011068
2.034570
2.044653
2.030559
2.020518
2.001231
2.011182
2.039550
2.041950
2.029363
2.031327
2.001251
1.999955
1.992172
1.977344
1.986282
1.982066
2.007889
2.004476
1.983650
1.979160
1.989936
1.998694
2.001553
1.996844
1.983839
2.009085
1.995015
1.998498
1.998130
2.007850
2.037097
2.025279
2.016296
2.023600
1.995668
1.995756
2.027296
2.013526
2.007381
2.003187
2.010152
2.008207
2.008273
2.009767
2.010361
2.014032
1.996218
1.999312
1.968935
1.993699
1.982735
1.992159
1.998311
1.995836
1.969525
1.976304
1.984695
2.000955
2.002726
2.006781
1.998685
2.022040
2.006356
2.007798
1.995144
2.006183
2.017654
2.004581
1.999530
2.029067
1.994441
1.995357
2.032763
2.024162
2.012241
2.011065
2.009404
2.007465
2.009210
2.008625
2.007504
2.013603
1.996157
1.998742
1.966827
1.995526
1.986088
1.998664
1.999645
1.997505
1.973449
1.981996
1.988284
2.004308
2.002726
2.006514
1.998685
2.022164
2.007323
2.010097
1.997399
2.002235
2.005336
2.006566
1.987641
1.982031
2.004210
2.003139
1.998995
1.995175
1.987947
1.988563
2.007186
2.016115
2.002048
1.973077
1.986568
1.992372
2.000987
2.009715
2.023588
2.015771
2.001748
1.989997
1.997503
2.000880
2.017127
2.028559
2.020283
2.031967
1.993018
1.991040
1.961254
1.970050
1.978410
1.994773
1.998400
2.003201
1.995668
1.989271
1.976850
1.982641
2.002059
2.001976
1.993935
1.995756
1.986920
1.989645
2.010315
2.018793
2.007425
1.989273
1.997222
1.996766
1.999769
2.010130
2.023292
2.017902
2.006293
1.996163
1.997400
2.000721
2.016200
2.025653
2.016884
2.030425
1.993267
1.991772
1.963055
1.971484
1.978671
1.994921
2.012877
2.014251
1.997841
1.987175
1.994475
1.997342
2.015965
2.032288
2.020613
2.017003
2.009328
2.007067
2.009734
2.008461
2.021566
2.031081
2.025015
2.012741
2.009647
2.006742
1.999381
2.013715
1.994504
2.010786
2.008419
2.023870
2.009322
2.001604
2.010037
2.030236
1.999353
2.011272
2.009807
2.000237
2.004675
1.997013
2.012913
2.012550
2.006200
1.995996
1.998062
2.008122
2.015477
2.032652
2.025660
2.018056
2.014758
2.018696
2.007791
2.005674
2.021226
2.039348
2.032424
2.017007
2.009254
2.005840
1.998325
2.013246
1.988355
2.002052
2.006893
2.021465
2.006058
1.998568
2.009427
2.030994
1.998892
2.010261
2.007364
1.998899
2.003809
1.996742
1.979637
1.979940
1.949755
1.977439
1.990608
2.017862
2.022890
2.025781
2.048102
2.033863
2.025780
2.042493
2.002460
1.994930
1.962685
1.999945
2.005775
2.039806
2.008910
2.005070
1.994418
2.016038
2.011359
2.008488
2.002452
2.015387
2.009859
2.029302
2.036227
1.991919
1.996731
2.004916
1.987466
1.999028
2.000664
1.991082
1.977341
1.976232
1.941845
1.963242
1.975362
2.005144
2.018921
2.022999
2.043212
2.020199
2.014901
2.035677
2.005081
2.000512
1.969724
2.007040
2.005828
2.028238
2.006950
2.005180
1.995099
2.013197
2.009395
2.004760
2.001589
2.014341
2.004142
2.029860
2.035993
1.996407
1.995707
2.002777
1.985866
2.000801
2.001073
1.992057
2.007775
2.018989
2.043411
2.037136
2.031498
2.011939
2.000899
2.011378
2.028823
2.010148
1.998466
1.999202
2.006558
2.008820
1.972748
2.006693
2.013415
2.015977
1.995769
2.007732
2.000598
1.991171
2.009928
2.006157
2.001961
2.015015
2.032296
2.028717
2.013660
2.012873
2.009297
2.008349
2.046970
2.039509
2.040914
2.034666
2.000805
2.009059
2.009956
2.007971
2.011097
1.996156
2.001640
2.013828
2.031914
2.024655
2.016938
2.012158
2.009433
2.008730
1.977098
2.010832
2.017269
2.016463
1.995912
2.007676
1.998719
1.987400
2.004874
2.006992
2.000324
2.013702
2.029418
2.030248
2.014132
2.014100
2.009064
2.008974
2.046370
2.045225
2.046993
2.038694
2.007685
2.016771
2.027456
2.019200
2.024215
2.020862
2.009166
2.001917
1.996650
2.009764
1.996282
1.985387
2.002303
2.003947
2.011903
1.976006
1.982492
1.997361
2.005392
2.010501
2.007528
1.975681
1.991613
1.984660
1.998699
2.010471
2.008813
2.018927
2.014454
2.029814
2.003344
2.010350
2.031565
2.019798
2.015867
2.003424
2.006262
2.015761
2.019807
2.013385
2.009549
2.011176
2.009660
2.003160
1.997907
2.002175
1.993453
1.975581
2.008301
2.009633
2.024192
1.995504
1.997111
2.005783
2.003188
2.007767
2.004514
1.982623
1.997752
1.988860
2.000888
2.014507
2.024383
2.028123
2.019626
2.032298
2.005012
2.012278
2.033170
2.023372
2.017772
2.004650
2.013966
1.996538
1.972363
1.989265
1.979896
1.969536
2.003113
1.984223
1.964167
1.990745
1.995780
1.997143
1.975254
1.973196
1.943809
1.949097
1.953369
1.981587
2.003141
1.989314
2.007352
2.002873
2.004741
1.995500
1.997807
1.998128
1.986060
2.009185
2.015490
2.004743
1.988045
1.991204
1.988704
1.999115
1.999327
2.008220
2.014538
2.002551
1.990200
2.005526
1.997455
1.981811
2.001848
1.983206
1.967813
1.988376
1.993334
1.993534
1.974489
1.971765
1.944019
1.951508
1.952006
1.979178
2.002494
1.988557
2.006573
2.005026
2.006055
1.997741
1.997723
1.997876
1.986106
2.012039
2.016053
2.003808
1.987284
1.990669
1.990420
1.998176
1.997384
2.003560
2.005393
1.997732
1.987253
2.010908
2.004289
1.992266
2.005171
2.016646
2.007775
1.990478
1.987169
1.980730
2.009417
2.018492
2.029757
1.989443
1.992884
1.982040
2.003963
1.998251
1.979684
2.015682
2.010038
2.004283
1.998863
2.015596
2.019031
2.017187
2.023806
2.022215
2.005704
1.994216
1.999504
1.985724
1.989342
1.993418
2.001190
1.996147
1.975485
2.015818
2.007122
2.000406
2.001316
2.010149
1.996822
1.995450
1.992395
1.988118
2.010139
2.017400
2.035608
2.014478
2.007847
1.983362
2.004083
1.998682
1.979028
2.016098
2.010355
2.007702
1.999444
2.015685
2.017577
2.018762
2.025586
2.022935
2.004674
1.992256
1.996283
1.979531
1.983933
1.989084
1.994650
1.991054
1.983575
1.995634
1.997730
2.020135
2.000705
2.002386
1.995789
2.010389
1.989714
2.001485
1.999878
2.002381
2.010419
2.000555
1.999602
2.007889
1.985170
1.980652
1.980297
1.990311
1.970374
1.998365
1.992586
1.986197
1.959891
1.971080
1.977693
1.985247
1.979691
1.994654
1.981635
1.978195
1.996775
1.992643
1.995965
1.993377
1.979494
1.983791
1.983953
2.002141
1.999877
1.999513
1.991066
2.008507
1.990732
1.999896
2.000785
2.002062
2.004968
1.994207
1.993057
2.001282
1.988237
1.986079
1.988053
1.996113
1.977233
1.999190
1.991675
1.985732
1.961556
1.971865
1.978923
1.983006
1.979686
1.994964
1.982458
1.980376
1.998826
1.990960
2.007965
2.012703
1.990072
1.976013
1.982033
1.975010
2.015419
2.026398
2.051726
1.974373
1.986949
1.990538
2.006009
2.006180
2.007456
2.012046
2.005814
2.033417
1.982592
1.990744
1.992521
1.974118
1.988769
1.997678
2.010418
2.017967
2.013586
2.017419
2.026147
2.010054
2.009260
2.013978
2.006792
2.002393
2.004246
1.985485
2.009665
2.017608
1.985189
1.987400
1.993993
1.987757
2.011067
2.016738
2.042870
1.978034
1.989068
2.006083
2.005598
2.006182
2.007286
2.016400
2.011675
2.040689
1.981624
1.988438
1.993836
1.980703
1.996541
2.007675
2.010632
2.016110
2.012974
2.015282
2.024708
2.012501
2.010234
2.015275
2.006837
1.999216
1.996912
1.978578
1.993998
1.995957
2.012031
2.008782
1.996582
1.993343
1.990608
1.990246
1.965596
1.959423
1.961683
1.976425
1.999783
2.006461
1.997462
1.986991
1.976472
1.979190
2.012370
2.007386
1.980805
1.997754
1.993774
1.989531
2.003450
1.997038
1.989758
1.998441
1.999330
2.002841
2.012486
2.007210
2.013684
1.988910
1.985709
1.981353
1.991685
1.995353
2.000733
1.999239
1.993603
1.994335
1.990674
1.991211
1.964214
1.958588
1.957227
1.967741
1.999217
2.006833
2.000302
1.990615
1.990139
2.002692
2.011834
2.006491
1.979351
1.994147
1.991083
1.995391
2.003023
1.996319
1.989835
2.001635
2.002399
2.006072
2.011757
2.006859
2.012354
1.989273
1.986303
1.983231
2.004491
2.010744
2.058203
2.060540
2.052489
2.033593
2.005414
2.016316
2.036461
2.041737
2.019673
2.024273
1.987381
1.997012
1.987179
1.992405
1.987240
1.969786
2.005528
2.014122
2.009642
2.018764
2.002179
1.998865
1.997997
1.995227
1.991849
1.990511
1.997075
2.019494
2.001144
1.995197
1.994185
1.980827
1.981587
1.959103
2.004993
2.010374
2.053490
2.060921
2.044459
2.024355
2.002614
2.010997
2.025862
2.043410
2.017576
2.022735
1.987927
1.996686
1.988523
1.998422
1.990464
1.970470
2.003301
2.012381
2.007265
2.010032
1.998718
1.997000
1.999123
1.996269
1.995209
1.993345
2.000639
2.019434
2.001144
1.994119
1.994575
1.983028
1.983687
1.958079
2.004003
2.008587
2.013894
1.980294
1.989457
1.992878
2.002366
2.006751
1.983913
1.998739
2.011479
2.004670
1.986137
1.981572
1.966901
1.998754
1.998081
1.985898
2.001950
2.006800
1.984284
1.993502
2.001323
2.008571
2.011924
2.008250
2.013458
1.991259
1.988879
1.980693
2.007950
2.001801
1.982610
2.003091
2.008383
2.010234
2.002622
2.005826
2.025694
1.995055
1.999332
2.005765
2.005106
2.013139
1.993551
2.004659
2.014521
2.008463
1.985021
1.982009
1.964288
1.990833
1.988395
1.981522
2.000686
2.006183
1.979997
1.979781
1.987958
2.000925
2.012201
2.007978
2.015447
1.993533
1.990872
1.983481
2.008415
2.002704
1.984110
2.004447
2.009645
2.010701
