2.005618
2.000955
2.011231
1.995575
2.003933
1.997489
1.989846
1.986790
2.004319
2.003839
1.977466
1.966930
2.018306
2.014260
2.003703
2.014456
1.996474
1.984864
1.991923
1.984899
1.990744
1.995004
2.000090
1.984350
1.988745
1.999237
1.980888
1.982142
1.995664
1.996463
1.988824
2.001674
2.000850
1.998286
2.009090
2.010933
2.003150
2.005877
2.014339
2.020648
1.990867
1.996485
2.006235
2.001017
1.995404
2.003702
1.998080
1.986623
1.995798
2.010764
2.012842
2.006192
1.990623
1.988556
1.977854
1.965425
2.012815
2.009355
2.021510
2.042729
2.005778
1.995644
1.978302
1.995049
2.008097
2.015314
1.995954
1.987134
1.992972
1.986189
2.006831
1.995883
2.005799
2.000375
2.004449
1.992645
2.000818
2.006585
1.992676
1.998355
2.009741
2.012566
2.015695
1.985730
1.994453
1.998557
1.999918
1.980858
1.993839
1.987762
2.031637
2.016045
2.002156
2.001936
1.972323
2.006399
2.026203
2.023427
2.050905
2.004954
1.993469
2.003096
1.990455
2.002258
1.993914
2.000867
2.011889
2.015708
1.992585
2.002816
1.977742
1.977403
2.006668
2.008738
2.021880
2.002044
2.000684
2.018451
2.044585
2.027079
1.988495
1.994591
1.987563
1.971087
2.005075
2.018327
2.048737
2.037354
2.000787
2.002397
2.003895
1.976393
1.987178
1.992364
1.999915
1.998360
1.993702
1.987182
1.986576
1.961453
1.996026
1.998542
2.033891
2.005348
2.012911
2.012813
2.010047
2.003988
2.014880
2.017386
2.012128
1.995989
1.994944
1.988650
1.990240
1.991497
1.990464
1.993362
1.972502
1.959830
2.002976
2.010096
2.038972
2.010694
2.010929
2.003945
1.999238
2.033213
2.009389
2.015893
2.020283
2.030663
2.004243
2.006222
2.019810
1.980361
1.999284
1.996376
1.967925
1.968307
2.018409
2.012504
2.025114
2.008322
1.987607
1.971217
1.947569
1.961497
2.013374
2.012035
2.005472
2.015765
1.999321
1.985275
2.015368
2.011665
2.003243
2.011583
2.005902
2.014180
2.016066
2.011501
2.029556
2.018961
2.007096
2.012201
2.009166
2.009575
2.005469
2.007999
2.029882
2.041522
2.003026
2.010704
2.029085
2.007684
2.009340
2.021975
2.040419
2.031877
1.994825
1.990301
1.974260
2.002936
2.003798
2.000638
1.986559
2.011685
1.988452
1.977809
1.971519
1.949677
2.016288
2.019812
2.052669
2.028837
1.994259
1.989322
1.984501
1.994775
2.007987
2.005777
2.010119
2.025116
1.998140
1.994970
1.976065
1.971872
2.006538
1.992732
1.995540
2.016680
1.984748
1.982305
1.994301
1.998582
2.015238
2.006823
2.032168
1.969574
1.994959
2.009894
2.017013
2.031966
1.996409
1.993337
1.998781
2.011651
2.004016
2.001640
2.007359
2.023712
1.998199
1.992389
1.988213
1.966893
1.989652
1.999260
1.994600
2.000566
1.994517
2.007534
2.033411
2.026438
1.989933
1.995353
1.983551
1.988994
1.989971
1.969523
1.978391
1.997857
1.984393
1.992318
1.977568
1.991044
2.001334
2.013862
2.052224
2.039823
2.014228
2.023149
2.057947
2.025434
1.993386
1.980531
1.972396
1.987869
2.015191
2.018333
2.002631
1.978362
2.006938
2.003838
2.030177
2.025815
2.001653
2.003298
1.977807
1.994884
1.991999
1.996176
2.005641
1.998272
2.009361
2.002781
1.996078
2.003622
1.992068
1.981899
2.004290
2.002949
2.005463
2.002112
1.999212
1.976362
2.005926
2.008574
1.997285
1.989649
1.995477
2.005988
2.002366
1.993364
2.003308
2.006601
2.010145
2.012642
1.994533
1.982156
1.958657
1.981623
1.997574
2.000194
2.011781
1.969487
2.003170
2.010323
2.037187
2.041496
1.999343
1.995271
1.994892
1.999572
1.998914
1.997663
2.003720
1.984177
2.001636
2.000667
1.990277
1.974233
1.997819
1.997356
2.008928
2.015703
2.017666
2.016102
2.010168
2.016127
2.010559
2.032555
2.051225
2.050046
1.993038
2.003256
1.991941
2.004008
1.997001
1.987428
2.008275
1.996779
1.997004
2.000845
2.009766
1.986887
1.991614
1.994153
2.000945
2.008554
2.011961
2.008194
1.974408
1.958504
1.987214
1.984127
2.022008
2.019021
2.004072
2.007542
2.021108
2.009230
1.996231
2.005897
2.005234
2.030011
1.996095
1.991476
2.001298
1.986703
1.999445
1.989381
1.988033
1.998088
1.998382
2.003882
1.993619
1.983236
1.988606
1.998873
1.994294
1.997510
1.999944
2.008568
2.001753
1.989384
2.000511
2.006620
1.974764
2.012329
1.995697
1.992277
1.961671
1.978283
1.995207
1.985292
1.980923
1.995161
2.010368
1.997724
1.981943
1.987925
1.998330
2.005185
2.004018
1.993093
2.010326
2.023069
1.993902
2.008740
2.000529
2.010103
1.972997
1.980246
1.985416
1.985041
1.961078
1.964190
2.004805
2.011379
1.981878
1.971327
2.005504
2.016197
2.061810
2.020510
2.001557
2.008027
2.000181
1.999605
1.991966
1.990133
2.000205
1.987594
2.009871
2.010075
2.017295
2.018256
1.984655
1.979203
1.954925
1.971554
1.995756
1.987521
1.971681
1.994699
2.005562
2.000995
2.011193
1.995367
2.011487
2.000907
1.988271
1.985664
1.974521
1.966594
1.965713
1.957771
1.998623
1.998943
1.983735
1.982393
1.996287
1.984365
1.991451
1.984880
1.996275
1.994863
1.985953
1.997019
2.016260
2.013071
2.004777
2.026212
1.993949
2.000506
2.022753
1.998386
2.000927
1.998393
2.007809
2.008774
2.010426
2.005554
2.010782
1.979379
1.993666
1.997334
1.996853
2.011293
1.998890
1.994522
1.993810
1.987462
1.995085
2.010750
2.011110
2.001269
1.996220
1.984986
1.991713
1.995712
1.981321
1.983577
1.978498
2.007256
1.986929
1.992448
1.988939
2.012003
2.007815
2.015093
1.995987
1.987258
1.992330
1.980202
1.989085
1.978142
2.006259
1.996011
1.998104
2.007247
1.985380
1.991005
1.973970
1.978787
2.009575
2.012880
2.016278
1.986157
1.996101
1.974115
1.941581
1.950760
1.998574
1.992199
2.009838
2.021429
1.986369
2.005036
2.007450
2.008166
2.026278
2.022991
2.051046
2.003615
1.997666
2.018490
2.021402
2.016389
2.003187
1.998856
1.999239
1.999664
2.007223
2.009615
2.015870
2.011526
2.009492
2.011263
2.024650
2.000865
1.992755
2.001360
1.999288
1.993197
1.997896
1.997427
1.983792
1.996134
1.997387
1.997200
1.991396
2.000212
2.000899
2.002420
2.003463
1.975864
2.000340
1.999472
1.989534
1.990496
2.015669
2.016802
2.031383
2.014615
2.002735
2.016183
2.028782
2.016959
2.012872
2.012624
2.010659
2.003497
2.020576
2.029548
2.033499
2.032584
1.999000
2.013844
1.995163
1.989902
1.996855
2.006244
1.990936
2.017634
2.000808
2.007781
2.036618
2.014418
2.004409
1.999429
1.960435
1.981293
1.994813
1.987732
1.956077
1.949352
1.996955
1.986357
1.969280
1.959920
1.999302
1.996461
1.968191
1.967708
1.978302
1.994585
1.999054
1.983641
1.986568
1.980177
1.996784
1.997815
2.020299
2.006276
2.019662
2.017893
1.999273
1.985669
2.017048
2.011488
2.004573
1.997790
1.997730
1.995279
2.005226
2.003580
2.003216
2.033036
1.981376
1.992406
1.992549
2.013301
2.005332
2.008283
2.027341
2.040286
2.007131
2.003138
1.966403
1.983709
1.991715
1.987264
1.992259
1.984587
1.990090
1.984771
1.981799
1.986700
2.004290
2.000347
1.986720
2.010807
1.983514
1.976508
1.980146
2.008128
2.005874
2.001059
2.004300
1.993532
2.005085
2.011401
2.011756
2.001364
2.008245
2.007045
2.009525
2.025481
2.008402
2.021025
2.013170
1.986820
1.998596
1.985325
1.996040
2.000204
2.008764
2.004359
2.030035
2.029568
2.015315
2.006792
2.032025
1.969404
1.989797
1.985236
1.994837
1.994807
2.010564
2.013414
2.037199
2.034480
2.013870
2.043755
2.040410
2.025966
1.998131
1.992383
1.988051
1.968783
2.000122
1.992278
1.985913
1.977066
1.988802
1.989742
1.971932
1.993719
2.002391
1.988626
2.011835
1.989637
1.989744
1.969365
1.977186
1.996897
2.012075
2.011839
2.031939
2.006958
1.999970
1.984812
1.961588
1.998881
2.001169
2.000551
2.007952
2.019046
1.992658
1.981117
1.971376
1.986739
1.982069
1.974118
1.999939
1.996488
2.003837
1.996853
2.006258
1.992591
2.010612
2.007572
2.038090
2.031247
1.991886
1.995862
2.006318
1.998170
1.999551
1.998963
1.998316
1.991073
1.992806
2.001617
1.991184
2.012493
2.000616
2.002615
2.001321
1.989791
2.006153
2.009204
1.997316
1.989535
2.002655
2.001924
2.010914
1.997355
2.005102
1.995039
2.005936
1.999848
1.988304
1.980728
1.975708
1.981609
1.997526
2.000068
2.011343
1.967710
2.013847
2.010488
1.979232
2.001168
2.004312
2.005543
2.004507
1.985286
1.993401
2.011399
2.023577
2.044928
2.001028
2.000131
1.988890
1.971109
1.991628
2.000850
2.011795
2.011579
2.006695
2.003872
2.004136
2.001050
1.987537
1.980263
1.959507
1.953772
1.993822
2.004111
1.994474
2.003137
2.020221
2.016244
2.025292
2.019666
1.994548
1.995424
1.981695
1.978503
2.000872
1.983775
1.969220
1.973180
2.012204
2.008462
1.973476
1.958894
2.006097
2.019877
2.012658
1.999041
1.986398
2.005983
2.029939
2.005085
1.996650
2.000539
1.988416
1.979515
1.996167
1.991616
2.002240
1.987651
1.994161
1.988984
1.942206
1.961991
2.001211
2.016597
2.020719
2.020515
1.999892
1.993451
1.999815
1.999786
1.999960
2.008496
2.002251
1.989711
1.997359
2.001284
2.018744
2.024554
1.988449
2.000265
2.002057
1.984705
2.007184
2.009134
2.011727
1.993989
2.009737
1.997990
1.984380
1.986735
1.995782
1.991649
1.991307
1.967307
2.003269
2.019358
2.031860
2.024585
1.990694
1.997069
1.995834
2.003276
