1.982914
1.975028
2.004518
2.012387
1.996499
2.000725
2.004068
1.973372
2.009990
2.020951
1.991858
1.973412
1.996448
1.989450
2.015805
2.026525
2.008272
1.988495
2.000201
2.001509
1.984893
1.977127
1.967982
1.992736
1.987314
1.983748
2.013707
2.022492
1.996817
2.000301
2.003894
1.976071
2.013037
2.026597
2.004388
1.965354
1.997449
1.992819
2.018813
2.034149
2.008750
1.988738
2.000183
2.003321
1.985558
1.976821
1.968817
1.999897
1.982914
1.975028
2.004518
2.012387
1.996499
2.000725
2.004068
1.973372
2.009990
2.020951
1.991858
1.973412
1.996448
1.989450
2.015805
2.026525
2.008272
1.988495
2.000201
2.001509
1.984893
1.977127
1.967982
1.992736
1.987314
1.983748
2.013707
2.022492
1.996817
2.000301
2.003894
1.976071
2.013037
2.026597
2.004388
1.965354
1.997449
1.992819
2.018813
2.034149
2.008750
1.988738
2.000183
2.003321
1.985558
1.976821
1.968817
1.999897
1.982914
1.975028
2.004518
2.012387
1.996499
2.000725
2.004068
1.973372
2.009990
2.020951
1.991858
1.973412
1.996448
1.989450
2.015805
2.026525
2.008272
1.988495
2.000201
2.001509
1.984893
1.977127
1.967982
1.992736
1.987314
1.983748
2.013707
2.022492
1.996817
2.000301
2.003894
1.976071
2.013037
2.026597
2.004388
1.965354
1.997449
1.992819
2.018813
2.034149
2.008750
1.988738
2.000183
2.003321
1.985558
1.976821
1.968817
1.999897
1.982914
1.975028
2.004518
2.012387
1.996499
2.000725
2.004068
1.973372
2.009990
2.020951
1.991858
1.973412
1.996448
1.989450
2.015805
2.026525
2.008272
1.988495
2.000201
2.001509
1.984893
1.977127
1.967982
1.992736
1.987314
1.983748
2.013707
2.022492
1.996817
2.000301
2.003894
1.976071
2.013037
2.026597
2.004388
1.965354
1.997449
1.992819
2.018813
2.034149
2.008750
1.988738
2.000183
2.003321
1.985558
1.976821
1.968817
1.999897
1.982914
1.975028
2.004518
2.012387
1.996499
2.000725
2.004068
1.973372
2.009990
2.020951
1.991858
1.973412
1.996448
1.989450
2.015805
2.026525
2.008272
1.988495
2.000201
2.001509
1.984893
1.977127
1.967982
1.992736
1.987314
1.983748
2.013707
2.022492
1.996817
2.000301
2.003894
1.976071
2.013037
2.026597
2.004388
1.965354
1.997449
1.992819
2.018813
2.034149
2.008750
1.988738
2.000183
2.003321
1.985558
1.976821
1.968817
1.999897
1.982914
1.975028
2.004518
2.012387
1.996499
2.000725
2.004068
1.973372
2.009990
2.020951
1.991858
1.973412
1.996448
1.989450
2.015805
2.026525
2.008272
1.988495
2.000201
2.001509
1.984893
1.977127
1.967982
1.992736
1.987314
1.983748
2.013707
2.022492
1.996817
2.000301
2.003894
1.976071
2.013037
2.026597
2.004388
1.965354
1.997449
1.992819
2.018813
2.034149
2.008750
1.988738
2.000183
2.003321
1.985558
1.976821
1.968817
1.999897
1.982914
1.975028
2.004518
2.012387
1.996499
2.000725
2.004068
1.973372
2.009990
2.020951
1.991858
1.973412
1.996448
1.989450
2.015805
2.026525
2.008272
1.988495
2.000201
2.001509
1.984893
1.977127
1.967982
1.992736
1.987314
1.983748
2.013707
2.022492
1.996817
2.000301
2.003894
1.976071
2.013037
2.026597
2.004388
1.965354
1.997449
1.992819
2.018813
2.034149
2.008750
1.988738
2.000183
2.003321
1.985558
1.976821
1.968817
1.999897
1.982914
1.975028
2.004518
2.012387
1.996499
2.000725
2.004068
1.973372
2.009990
2.020951
1.991858
1.973412
1.996448
1.989450
2.015805
2.026525
2.008272
1.988495
2.000201
2.001509
1.984893
1.977127
1.967982
1.992736
1.987314
1.983748
2.013707
2.022492
1.996817
2.000301
2.003894
1.976071
2.013037
2.026597
2.004388
1.965354
1.997449
1.992819
2.018813
2.034149
2.008750
1.988738
2.000183
2.003321
1.985558
1.976821
1.968817
1.999897
1.982914
1.975028
2.004518
2.012387
1.996499
2.000725
2.004068
1.973372
2.009990
2.020951
1.991858
1.973412
1.996448
1.989450
2.015805
2.026525
2.008272
1.988495
2.000201
2.001509
1.984893
1.977127
1.967982
1.992736
1.987314
1.983748
2.013707
2.022492
1.996817
2.000301
2.003894
1.976071
2.013037
2.026597
2.004388
1.965354
1.997449
1.992819
2.018813
2.034149
2.008750
1.988738
2.000183
2.003321
1.985558
1.976821
1.968817
1.999897
1.982914
1.975028
2.004518
2.012387
1.996499
2.000725
2.004068
1.973372
2.009990
2.020951
1.991858
1.973412
1.996448
1.989450
2.015805
2.026525
2.008272
1.988495
2.000201
2.001509
1.984893
1.977127
1.967982
1.992736
1.987314
1.983748
2.013707
2.022492
1.996817
2.000301
2.003894
1.976071
2.013037
2.026597
2.004388
1.965354
1.997449
1.992819
2.018813
2.034149
2.008750
1.988738
2.000183
2.003321
1.985558
1.976821
1.968817
1.999897
1.982914
1.975028
2.004518
2.012387
1.996499
2.000725
2.004068
1.973372
2.009990
2.020951
1.991858
1.973412
1.996448
1.989450
2.015805
2.026525
2.008272
1.988495
2.000201
2.001509
1.984893
1.977127
1.967982
1.992736
1.987314
1.983748
2.013707
2.022492
1.996817
2.000301
2.003894
1.976071
2.013037
2.026597
2.004388
1.965354
1.997449
1.992819
2.018813
2.034149
2.008750
1.988738
2.000183
2.003321
1.985558
1.976821
1.968817
1.999897
1.982914
1.975028
2.004518
2.012387
1.996499
2.000725
2.004068
1.973372
2.009990
2.020951
1.991858
1.973412
1.996448
1.989450
2.015805
2.026525
2.008272
1.988495
2.000201
2.001509
1.984893
1.977127
1.967982
1.992736
1.987314
1.983748
2.013707
2.022492
1.996817
2.000301
2.003894
1.976071
2.013037
2.026597
2.004388
1.965354
1.997449
1.992819
2.018813
2.034149
2.008750
1.988738
2.000183
2.003321
1.985558
1.976821
1.968817
1.999897
1.982914
1.975028
2.004518
2.012387
1.996499
2.000725
2.004068
1.973372
2.009990
2.020951
1.991858
1.973412
1.996448
1.989450
2.015805
2.026525
2.008272
1.988495
2.000201
2.001509
1.984893
1.977127
1.967982
1.992736
1.987314
1.983748
2.013707
2.022492
1.996817
2.000301
2.003894
1.976071
2.013037
2.026597
2.004388
1.965354
1.997449
1.992819
2.018813
2.034149
2.008750
1.988738
2.000183
2.003321
1.985558
1.976821
1.968817
1.999897
1.982914
1.975028
2.004518
2.012387
1.996499
2.000725
2.004068
1.973372
2.009990
2.020951
1.991858
1.973412
1.996448
1.989450
2.015805
2.026525
2.008272
1.988495
2.000201
2.001509
1.984893
1.977127
1.967982
1.992736
1.987314
1.983748
2.013707
2.022492
1.996817
2.000301
2.003894
1.976071
2.013037
2.026597
2.004388
1.965354
1.997449
1.992819
2.018813
2.034149
2.008750
1.988738
2.000183
2.003321
1.985558
1.976821
1.968817
1.999897
1.982914
1.975028
2.004518
2.012387
1.996499
2.000725
2.004068
1.973372
2.009990
2.020951
1.991858
1.973412
1.996448
1.989450
2.015805
2.026525
2.008272
1.988495
2.000201
2.001509
1.984893
1.977127
1.967982
1.992736
1.987314
1.983748
2.013707
2.022492
1.996817
2.000301
2.003894
1.976071
2.013037
2.026597
2.004388
1.965354
1.997449
1.992819
2.018813
2.034149
2.008750
1.988738
2.000183
2.003321
1.985558
1.976821
1.968817
1.999897
1.982914
1.975028
2.004518
2.012387
1.996499
2.000725
2.004068
1.973372
2.009990
2.020951
1.991858
1.973412
1.996448
1.989450
2.015805
2.026525
2.008272
1.988495
2.000201
2.001509
1.984893
1.977127
1.967982
1.992736
1.987314
1.983748
2.013707
2.022492
1.996817
2.000301
2.003894
1.976071
2.013037
2.026597
2.004388
1.965354
1.997449
1.992819
2.018813
2.034149
2.008750
1.988738
2.000183
2.003321
1.985558
1.976821
1.968817
1.999897
1.982914
1.975028
2.004518
2.012387
1.996499
2.000725
2.004068
1.973372
2.009990
2.020951
1.991858
1.973412
1.996448
1.989450
2.015805
2.026525
2.008272
1.988495
2.000201
2.001509
1.984893
1.977127
1.967982
1.992736
1.987314
1.983748
2.013707
2.022492
1.996817
2.000301
2.003894
1.976071
2.013037
2.026597
2.004388
1.965354
1.997449
1.992819
2.018813
2.034149
2.008750
1.988738
2.000183
2.003321
1.985558
1.976821
1.968817
1.999897
1.982914
1.975028
2.004518
2.012387
1.996499
2.000725
2.004068
1.973372
2.009990
2.020951
1.991858
1.973412
1.996448
1.989450
2.015805
2.026525
2.008272
1.988495
2.000201
2.001509
1.984893
1.977127
1.967982
1.992736
1.987314
1.983748
2.013707
2.022492
1.996817
2.000301
2.003894
1.976071
2.013037
2.026597
2.004388
1.965354
1.997449
1.992819
2.018813
2.034149
2.008750
1.988738
2.000183
2.003321
1.985558
1.976821
1.968817
1.999897
1.982914
1.975028
2.004518
2.012387
1.996499
2.000725
2.004068
1.973372
2.009990
2.020951
1.991858
1.973412
1.996448
1.989450
2.015805
2.026525
2.008272
1.988495
2.000201
2.001509
1.984893
1.977127
1.967982
1.992736
1.987314
1.983748
2.013707
2.022492
1.996817
2.000301
2.003894
1.976071
2.013037
2.026597
2.004388
1.965354
1.997449
1.992819
2.018813
2.034149
2.008750
1.988738
2.000183
2.003321
1.985558
1.976821
1.968817
1.999897
1.982914
1.975028
2.004518
2.012387
1.996499
2.000725
2.004068
1.973372
2.009990
2.020951
1.991858
1.973412
1.996448
1.989450
2.015805
2.026525
2.008272
1.988495
2.000201
2.001509
1.984893
1.977127
1.967982
1.992736
1.987314
1.983748
2.013707
2.022492
1.996817
2.000301
2.003894
1.976071
2.013037
2.026597
2.004388
1.965354
1.997449
1.992819
2.018813
2.034149
2.008750
1.988738
2.000183
2.003321
1.985558
1.976821
1.968817
1.999897
1.982914
1.975028
2.004518
2.012387
1.996499
2.000725
2.004068
1.973372
2.009990
2.020951
1.991858
1.973412
1.996448
1.989450
2.015805
2.026525
2.008272
1.988495
2.000201
2.001509
1.984893
1.977127
1.967982
1.992736
1.987314
1.983748
2.013707
2.022492
1.996817
2.000301
2.003894
1.976071
2.013037
2.026597
2.004388
1.965354
1.997449
1.992819
2.018813
2.034149
2.008750
1.988738
2.000183
2.003321
1.985558
1.976821
1.968817
1.999897
1.982914
1.975028
2.004518
2.012387
1.996499
2.000725
2.004068
1.973372
2.009990
2.020951
1.991858
1.973412
1.996448
1.989450
2.015805
2.026525
2.008272
1.988495
2.000201
2.001509
1.984893
1.977127
1.967982
1.992736
1.987314
1.983748
2.013707
2.022492
1.996817
2.000301
2.003894
1.976071
2.013037
2.026597
2.004388
1.965354
1.997449
1.992819
2.018813
2.034149
2.008750
1.988738
2.000183
2.003321
1.985558
1.976821
1.968817
1.999897
1.982914
1.975028
2.004518
2.012387
1.996499
2.000725
2.004068
1.973372
2.009990
2.020951
1.991858
1.973412
1.996448
1.989450
2.015805
2.026525
2.008272
1.988495
2.000201
2.001509
1.984893
1.977127
1.967982
1.992736
1.987314
1.983748
2.013707
2.022492
1.996817
2.000301
2.003894
1.976071
2.013037
2.026597
2.004388
1.965354
1.997449
1.992819
2.018813
2.034149
2.008750
1.988738
2.000183
2.003321
1.985558
1.976821
1.968817
1.999897
1.982914
1.975028
2.004518
2.012387
1.996499
2.000725
2.004068
1.973372
2.009990
2.020951
1.991858
1.973412
1.996448
1.989450
2.015805
2.026525
2.008272
1.988495
2.000201
2.001509
1.984893
1.977127
1.967982
1.992736
1.987314
1.983748
2.013707
2.022492
1.996817
2.000301
2.003894
1.976071
2.013037
2.026597
2.004388
1.965354
1.997449
1.992819
2.018813
2.034149
2.008750
1.988738
2.000183
2.003321
1.985558
1.976821
1.968817
1.999897
1.982914
1.975028
2.004518
2.012387
1.996499
2.000725
2.004068
1.973372
2.009990
2.020951
1.991858
1.973412
1.996448
1.989450
2.015805
2.026525
2.008272
1.988495
2.000201
2.001509
1.984893
1.977127
1.967982
1.992736
1.987314
1.983748
2.013707
2.022492
1.996817
2.000301
2.003894
1.976071
2.013037
2.026597
2.004388
1.965354
1.997449
1.992819
2.018813
2.034149
2.008750
1.988738
2.000183
2.003321
1.985558
1.976821
1.968817
1.999897
1.982914
1.975028
2.004518
2.012387
1.996499
2.000725
2.004068
1.973372
2.009990
2.020951
1.991858
1.973412
1.996448
1.989450
2.015805
2.026525
2.008272
1.988495
2.000201
2.001509
1.984893
1.977127
1.967982
1.992736
1.987314
1.983748
2.013707
2.022492
1.996817
2.000301
2.003894
1.976071
2.013037
2.026597
2.004388
1.965354
1.997449
1.992819
2.018813
2.034149
2.008750
1.988738
2.000183
2.003321
1.985558
1.976821
1.968817
1.999897
1.982914
1.975028
2.004518
2.012387
1.996499
2.000725
2.004068
1.973372
2.009990
2.020951
1.991858
1.973412
1.996448
1.989450
2.015805
2.026525
2.008272
1.988495
2.000201
2.001509
1.984893
1.977127
1.967982
1.992736
1.987314
1.983748
2.013707
2.022492
1.996817
2.000301
2.003894
1.976071
2.013037
2.026597
2.004388
1.965354
1.997449
1.992819
2.018813
2.034149
2.008750
1.988738
2.000183
2.003321
1.985558
1.976821
1.968817
1.999897
1.982914
1.975028
2.004518
2.012387
1.996499
2.000725
2.004068
1.973372
2.009990
2.020951
1.991858
1.973412
1.996448
1.989450
2.015805
2.026525
2.008272
1.988495
2.000201
2.001509
1.984893
1.977127
1.967982
1.992736
1.987314
1.983748
2.013707
2.022492
1.996817
2.000301
2.003894
1.976071
2.013037
2.026597
2.004388
1.965354
1.997449
1.992819
2.018813
2.034149
2.008750
1.988738
2.000183
2.003321
1.985558
1.976821
1.968817
1.999897
1.982914
1.975028
2.004518
2.012387
1.996499
2.000725
2.004068
1.973372
2.009990
2.020951
1.991858
1.973412
1.996448
1.989450
2.015805
2.026525
2.008272
1.988495
2.000201
2.001509
1.984893
1.977127
1.967982
1.992736
1.987314
1.983748
2.013707
2.022492
1.996817
2.000301
2.003894
1.976071
2.013037
2.026597
2.004388
1.965354
1.997449
1.992819
2.018813
2.034149
2.008750
1.988738
2.000183
2.003321
1.985558
1.976821
1.968817
1.999897
1.982914
1.975028
2.004518
2.012387
1.996499
2.000725
2.004068
1.973372
2.009990
2.020951
1.991858
1.973412
1.996448
1.989450
2.015805
2.026525
2.008272
1.988495
2.000201
2.001509
1.984893
1.977127
1.967982
1.992736
1.987314
1.983748
2.013707
2.022492
1.996817
2.000301
2.003894
1.976071
2.013037
2.026597
2.004388
1.965354
1.997449
1.992819
2.018813
2.034149
2.008750
1.988738
2.000183
2.003321
1.985558
1.976821
1.968817
1.999897
1.982914
1.975028
2.004518
2.012387
1.996499
2.000725
2.004068
1.973372
2.009990
2.020951
1.991858
1.973412
1.996448
1.989450
2.015805
2.026525
2.008272
1.988495
2.000201
2.001509
1.984893
1.977127
1.967982
1.992736
1.987314
1.983748
2.013707
2.022492
1.996817
2.000301
2.003894
1.976071
2.013037
2.026597
2.004388
1.965354
1.997449
1.992819
2.018813
2.034149
2.008750
1.988738
2.000183
2.003321
1.985558
1.976821
1.968817
1.999897
1.982914
1.975028
2.004518
2.012387
1.996499
2.000725
2.004068
1.973372
2.009990
2.020951
1.991858
1.973412
1.996448
1.989450
2.015805
2.026525
2.008272
1.988495
2.000201
2.001509
1.984893
1.977127
1.967982
1.992736
1.987314
1.983748
2.013707
2.022492
1.996817
2.000301
2.003894
1.976071
2.013037
2.026597
2.004388
1.965354
1.997449
1.992819
2.018813
2.034149
2.008750
1.988738
2.000183
2.003321
1.985558
1.976821
1.968817
1.999897
1.982914
1.975028
2.004518
2.012387
1.996499
2.000725
2.004068
1.973372
2.009990
2.020951
1.991858
1.973412
1.996448
1.989450
2.015805
2.026525
2.008272
1.988495
2.000201
2.001509
1.984893
1.977127
1.967982
1.992736
1.987314
1.983748
2.013707
2.022492
1.996817
2.000301
2.003894
1.976071
2.013037
2.026597
2.004388
1.965354
1.997449
1.992819
2.018813
2.034149
2.008750
1.988738
2.000183
2.003321
1.985558
1.976821
1.968817
1.999897
1.982914
1.975028
2.004518
2.012387
1.996499
2.000725
2.004068
1.973372
2.009990
2.020951
1.991858
1.973412
1.996448
1.989450
2.015805
2.026525
2.008272
1.988495
2.000201
2.001509
1.984893
1.977127
1.967982
1.992736
1.987314
1.983748
2.013707
2.022492
1.996817
2.000301
2.003894
1.976071
2.013037
2.026597
2.004388
1.965354
1.997449
1.992819
2.018813
2.034149
2.008750
1.988738
2.000183
2.003321
1.985558
1.976821
1.968817
1.999897
1.982914
1.975028
2.004518
2.012387
1.996499
2.000725
2.004068
1.973372
2.009990
2.020951
1.991858
1.973412
1.996448
1.989450
2.015805
2.026525
2.008272
1.988495
2.000201
2.001509
1.984893
1.977127
1.967982
1.992736
1.987314
1.983748
2.013707
2.022492
1.996817
2.000301
2.003894
1.976071
2.013037
2.026597
2.004388
1.965354
1.997449
1.992819
2.018813
2.034149
2.008750
1.988738
2.000183
2.003321
1.985558
1.976821
1.968817
1.999897
1.982914
1.975028
2.004518
2.012387
1.996499
2.000725
2.004068
1.973372
2.009990
2.020951
1.991858
1.973412
1.996448
1.989450
2.015805
2.026525
2.008272
1.988495
2.000201
2.001509
1.984893
1.977127
1.967982
1.992736
1.987314
1.983748
2.013707
2.022492
1.996817
2.000301
2.003894
1.976071
2.013037
2.026597
2.004388
1.965354
1.997449
1.992819
2.018813
2.034149
2.008750
1.988738
2.000183
2.003321
1.985558
1.976821
1.968817
1.999897
1.982914
1.975028
2.004518
2.012387
1.996499
2.000725
2.004068
1.973372
2.009990
2.020951
1.991858
1.973412
1.996448
1.989450
2.015805
2.026525
2.008272
1.988495
2.000201
2.001509
1.984893
1.977127
1.967982
1.992736
1.987314
1.983748
2.013707
2.022492
1.996817
2.000301
2.003894
1.976071
2.013037
2.026597
2.004388
1.965354
1.997449
1.992819
2.018813
2.034149
2.008750
1.988738
2.000183
2.003321
1.985558
1.976821
1.968817
1.999897
1.982914
1.975028
2.004518
2.012387
1.996499
2.000725
2.004068
1.973372
2.009990
2.020951
1.991858
1.973412
1.996448
1.989450
2.015805
2.026525
2.008272
1.988495
2.000201
2.001509
1.984893
1.977127
1.967982
1.992736
1.987314
1.983748
2.013707
2.022492
1.996817
2.000301
2.003894
1.976071
2.013037
2.026597
2.004388
1.965354
1.997449
1.992819
2.018813
2.034149
2.008750
1.988738
2.000183
2.003321
1.985558
1.976821
1.968817
1.999897
1.982914
1.975028
2.004518
2.012387
1.996499
2.000725
2.004068
1.973372
2.009990
2.020951
1.991858
1.973412
1.996448
1.989450
2.015805
2.026525
2.008272
1.988495
2.000201
2.001509
1.984893
1.977127
1.967982
1.992736
1.987314
1.983748
2.013707
2.022492
1.996817
2.000301
2.003894
1.976071
2.013037
2.026597
2.004388
1.965354
1.997449
1.992819
2.018813
2.034149
2.008750
1.988738
2.000183
2.003321
1.985558
1.976821
1.968817
1.999897
1.982914
1.975028
2.004518
2.012387
1.996499
2.000725
2.004068
1.973372
2.009990
2.020951
1.991858
1.973412
1.996448
1.989450
2.015805
2.026525
2.008272
1.988495
2.000201
2.001509
1.984893
1.977127
1.967982
1.992736
1.987314
1.983748
2.013707
2.022492
1.996817
2.000301
2.003894
1.976071
2.013037
2.026597
2.004388
1.965354
1.997449
1.992819
2.018813
2.034149
2.008750
1.988738
2.000183
2.003321
1.985558
1.976821
1.968817
1.999897
