2.017758
2.017551
2.015058
2.008607
2.020793
2.014642
2.029811
2.029400
2.006505
1.997259
2.009035
1.986726
1.996080
2.006839
2.003453
2.030947
1.997609
2.003083
1.998079
1.993303
1.995458
1.987884
1.968426
1.957640
1.997201
1.993673
2.015868
2.003293
1.991886
1.985757
1.982372
1.989345
1.985677
1.994061
2.001499
2.022118
2.020226
2.032751
2.027929
2.026350
1.997031
1.997809
1.992870
2.003300
2.014352
2.017329
2.020876
1.990925
1.990988
1.986957
1.985934
1.985904
1.992586
1.992522
1.991891
1.971808
1.993159
1.990344
2.001872
2.030756
1.998751
1.995142
1.992947
1.990408
1.983732
1.983009
1.992210
1.991011
2.012134
2.021402
2.017744
2.016028
2.006163
2.013113
2.006448
1.987194
2.000261
1.999333
2.017973
2.024090
2.010773
1.999462
1.986125
2.010803
1.985642
1.992446
2.008032
2.014492
1.996655
1.998687
1.997526
1.981933
1.994029
1.985411
1.959586
1.984840
1.988592
1.971739
1.974413
2.000817
2.002847
1.995909
2.012182
2.021249
1.998312
1.994717
2.036070
2.026768
2.008539
2.015044
1.989464
1.972395
1.987670
1.993701
1.984255
1.996452
1.995493
2.005945
2.000765
2.021699
2.007132
2.016764
2.037879
1.995663
1.992778
1.995549
1.971988
1.963283
2.001279
2.008868
2.011110
2.009964
2.011688
2.017117
2.016074
1.994218
2.009554
2.024600
2.032011
2.019554
2.013315
2.014899
2.028285
1.982453
2.005083
2.006619
1.987513
1.981530
1.994571
1.995255
2.017338
1.994203
2.014778
2.016728
2.029541
2.037651
1.994096
2.002268
2.002016
2.009194
1.989855
1.978981
1.972713
1.999881
2.006997
2.005524
2.017067
2.028433
2.020325
2.020371
2.033614
2.023017
1.983560
1.991018
1.975663
1.979025
1.998349
1.990339
1.976825
1.986568
1.998186
2.000741
2.005308
2.006677
1.994528
1.992802
1.985988
1.995176
2.005397
2.012580
2.051699
2.064666
2.017741
2.024251
2.019458
2.025184
1.998237
1.990705
1.995898
2.000445
1.998586
2.001245
2.015386
2.006521
2.014825
2.005488
1.984764
1.975422
1.993479
1.989881
1.969819
1.959631
2.001548
2.012587
2.022581
1.990098
1.998099
1.999473
2.014055
2.007128
2.012541
2.015273
2.057206
2.049570
2.000250
1.998246
2.005118
2.003872
2.013710
2.020844
2.016931
1.977358
2.001800
1.999530
2.009542
1.989980
1.991803
1.987645
1.979262
1.981881
1.998894
2.010375
2.011230
2.010121
2.004102
2.024071
2.050954
2.021535
1.991915
1.996624
2.009281
2.012837
1.996739
2.005109
1.994342
2.020397
2.019059
2.033833
2.043022
2.045255
2.004251
1.997401
2.006689
2.016019
2.003823
2.016862
2.009219
1.992662
1.991329
1.979598
1.962225
1.974157
2.006508
2.010571
2.003060
2.003876
2.002505
1.987951
1.976473
1.970768
2.000273
1.989765
1.980878
2.006238
2.003018
1.993239
1.961939
1.970326
1.988540
1.982468
1.993591
2.024767
1.976596
1.992227
1.958071
1.964949
1.987053
1.995127
2.003332
1.996711
1.987097
1.986007
1.964869
1.973609
2.020513
2.023990
2.025361
2.016585
1.996582
2.000743
1.993088
1.974429
1.997734
1.985903
1.981006
2.001607
2.005549
2.013295
2.042496
2.025661
1.983943
1.975427
1.952904
1.972574
1.999738
2.008999
2.003636
2.012277
1.992699
1.996243
2.001466
1.990416
2.005338
2.012526
2.007949
1.997811
1.992082
1.996258
2.030932
2.048697
2.010698
2.000565
2.013533
2.026549
1.990889
1.973962
1.963906
1.958236
1.979525
1.976101
1.991769
2.007528
1.996444
1.997025
2.000597
2.009729
2.008747
2.010546
2.015842
2.022481
1.993926
2.011406
2.034905
2.020733
1.982513
2.001863
2.019090
2.013276
1.991893
1.986889
1.988825
1.982753
1.998501
1.987437
1.975690
1.998890
1.993706
2.002920
2.037662
2.025116
1.980153
1.981647
1.964697
1.962976
1.988031
1.982928
1.927855
1.954069
1.996790
2.002449
2.021620
2.017393
1.997391
2.009058
2.003948
2.007741
1.996538
1.990082
1.989815
1.982686
2.000436
2.012525
2.001810
1.991010
1.989979
1.998742
2.001034
1.998733
1.996150
1.992606
2.004561
1.986335
2.012903
2.010038
2.036683
2.028746
2.020178
2.030510
2.037877
2.013796
2.008157
2.005476
1.992755
2.007824
1.993521
1.987890
1.950976
1.956673
2.011842
2.008336
2.011633
2.014843
2.009513
2.015093
1.996608
1.992557
2.001107
1.997310
2.004415
2.005988
1.999338
2.009021
2.023222
2.009587
1.983634
1.980593
1.970749
1.990598
1.996867
1.983533
2.020103
2.016885
2.009336
2.022056
2.035302
2.046572
1.990550
1.992793
1.990115
2.003772
2.000557
2.014014
2.016117
2.015949
2.012321
2.004312
2.014155
2.010484
1.997312
1.990933
1.957018
1.959875
1.997650
2.002433
1.989391
1.999342
1.993887
1.987636
2.002099
1.976207
1.992644
1.995078
1.992466
1.965138
1.995610
2.001214
2.020245
2.025902
1.988438
1.998405
1.984676
1.986103
2.003173
1.987040
1.968687
1.974837
1.997042
2.005543
2.013588
2.006951
2.000731
2.004243
2.006586
2.014520
1.995183
2.003620
1.976606
2.004168
2.002376
2.012055
2.023753
1.995487
2.001437
2.008198
1.974798
1.966362
2.004446
2.003098
2.025938
2.047013
1.991850
1.995716
1.983268
2.003091
1.995495
2.005550
2.028406
2.034258
1.999330
2.008607
1.958851
1.962836
1.996931
2.002927
1.957477
1.968412
2.012806
2.010107
2.010419
2.005014
1.996792
2.000175
2.013631
2.030962
1.998552
1.991530
2.011311
2.000132
2.003921
2.006645
2.011730
2.021429
1.991701
2.006462
1.996340
2.016375
1.974806
1.973606
1.955943
1.940514
2.003136
2.007657
2.031375
2.024100
2.009454
2.018079
1.987517
2.017728
1.993005
2.000673
2.014026
2.022472
2.004465
2.013070
2.038094
2.004540
1.989884
1.984035
1.969890
2.023691
1.984492
1.990851
1.970230
1.965302
2.012804
2.018549
2.036136
2.034529
2.006214
2.002293
2.019414
1.999981
2.010772
2.014760
2.015847
2.026006
2.002198
2.007124
2.002224
1.983684
2.015099
2.016701
2.014225
1.993145
2.006438
1.997004
1.978086
1.998679
2.003448
2.000680
1.993966
1.998965
2.005004
2.009967
2.018032
1.994390
1.996491
1.998892
1.972529
1.997722
1.997350
1.986883
2.001532
2.000122
2.015664
2.029876
2.037341
2.025510
2.004275
2.003220
2.019313
2.024582
1.979170
1.991243
1.980559
1.998538
1.982438
1.985467
1.979587
1.971372
1.995080
1.977968
1.990054
2.006981
1.998182
2.001413
1.992386
1.997213
1.986269
1.967490
1.943671
1.960903
2.002268
2.010301
2.027223
2.045168
2.014737
1.996169
1.966954
1.975579
1.979442
1.985687
1.977278
1.990490
1.997355
1.993712
1.998201
1.985706
2.007431
2.027792
2.029291
2.024319
1.990839
1.978181
1.978178
2.011353
2.017375
2.021293
2.022507
2.041935
1.996454
1.979949
1.972540
1.974751
2.009064
2.015359
2.012740
1.992743
2.006691
2.017477
2.032935
2.008280
2.009036
2.012254
2.012598
2.006471
2.004837
2.003118
2.008803
1.999020
2.005063
2.016953
1.998022
2.020608
1.992175
1.995157
2.014316
1.991615
1.997093
1.992270
1.979355
1.984123
1.984251
1.980261
1.950599
1.953853
2.003756
2.002582
2.025017
1.996477
2.001743
2.002825
1.994274
1.987151
1.993784
2.010420
2.021014
2.014293
1.992127
1.995106
2.003293
2.013706
2.008494
2.017380
2.000464
2.002716
1.987432
1.995629
2.003845
2.002919
1.997292
2.000065
1.980114
1.983336
1.987850
1.995861
1.955888
1.979750
1.992111
2.013061
2.032961
1.987946
2.003672
2.004814
2.027934
2.011623
2.007843
2.015159
2.025832
1.999602
2.000788
2.005580
1.992710
1.978935
2.001655
2.003033
2.019565
2.039369
1.988690
1.989631
2.033131
1.964351
2.004287
2.005795
2.018535
2.003098
1.995491
1.998375
1.964923
2.008788
2.002329
1.992662
1.989505
1.999274
2.002818
2.010271
1.988783
2.003129
1.999134
2.011356
2.002214
1.997598
2.003806
2.013484
2.021171
2.028479
1.994066
2.012892
2.046696
2.014122
2.005878
1.994585
1.987553
1.996079
1.981297
1.999141
2.003437
1.969952
2.001783
2.004468
2.008353
2.012285
2.001744
1.990031
1.975449
1.996493
2.014020
2.010501
2.032114
2.039658
1.994059
2.003006
2.008030
2.024417
1.992435
1.987701
2.004365
2.030021
2.000449
1.996527
1.968207
1.962803
1.994011
1.989128
1.989966
1.974511
1.992559
1.996514
1.994253
1.988687
2.009902
2.012726
2.006389
2.032134
2.007913
2.000534
1.977618
1.981476
2.000252
1.983566
1.982911
1.977338
2.020011
2.015290
2.019986
2.032459
1.998111
2.008244
2.014752
2.013262
1.997108
1.997180
1.983862
1.998984
1.989716
1.995163
1.961111
1.977739
1.983754
1.972737
1.938392
1.952933
1.985580
1.989496
2.007183
2.013092
2.000762
2.013540
2.013468
1.994843
2.006620
2.003613
2.013547
2.014241
1.987511
1.980247
1.984950
1.979144
2.000135
2.008403
1.995768
1.980566
1.990938
1.989682
1.998067
2.010912
1.994777
2.001110
2.023486
2.024107
1.999365
1.985060
1.983990
2.015891
1.987695
1.992531
1.988430
1.988229
1.996620
1.982282
1.967238
1.961901
2.005769
1.995930
2.019460
2.048025
2.015783
2.007627
2.026360
1.994255
2.002624
2.001756
1.990410
1.975139
1.998528
2.011177
2.019281
1.987968
1.989074
1.993186
2.019385
2.018637
2.000374
1.995803
2.003868
1.977594
2.005027
1.997476
2.007070
2.009910
2.006924
2.006306
1.999272
2.002352
2.012052
2.018966
2.009566
2.012637
2.006863
2.007952
2.019984
2.011197
2.001819
1.989996
1.965018
1.980936
1.993384
1.992341
2.016938
1.992097
2.005002
2.007052
2.016598
1.993111
2.004866
2.004434
2.001650
1.988623
1.974014
1.963791
1.963805
1.957580
2.001417
2.005675
1.993297
2.014216
1.993910
1.999032
1.986318
2.008062
2.000048
1.998338
2.017617
2.014377
2.011550
2.020803
2.009501
2.004001
1.993888
2.000792
2.007907
2.021372
1.994012
1.994335
1.983269
2.002218
1.993906
1.992764
1.991446
1.994813
1.989282
1.991862
1.992888
2.007010
1.985433
1.979368
1.959668
1.978309
1.999537
1.996123
1.979393
1.972712
2.000828
2.007862
1.995348
2.014598
1.982008
1.980993
1.989123
1.993564
1.978620
1.995903
2.005319
1.982673
2.013737
2.015777
2.016532
1.993598
1.996933
2.005360
2.009186
1.994117
1.984549
1.982860
1.998150
1.945603
1.997048
2.009208
1.999200
1.993102
1.997345
1.988204
2.021198
2.006503
1.995564
1.993067
1.951655
1.963529
1.998416
1.996748
2.023793
2.035203
2.005486
1.997783
1.984322
1.992427
1.984906
1.989779
1.973153
1.992892
2.004572
2.010706
1.995655
2.008840
2.015927
2.011552
2.009962
2.004414
2.010865
2.007982
2.023196
1.990830
1.998902
1.996627
2.016203
2.005182
2.000106
1.995577
2.000561
2.000207
1.987819
1.985578
1.989070
1.976851
2.002192
1.997540
2.010697
1.991819
1.992786
1.992757
1.966125
1.997608
1.987961
1.992789
1.961261
1.997188
2.013424
2.020503
2.029536
1.997978
1.994610
1.993329
1.984276
1.957015
2.015395
2.021120
2.037858
2.015006
2.000275
2.011809
2.024461
2.027469
1.991311
1.997851
2.014181
2.024803
2.001045
1.988504
1.960625
2.026052
2.004867
1.996329
2.004254
1.991584
1.994404
2.005820
2.030879
2.009372
1.994726
1.989606
1.961706
1.949951
1.995326
2.014436
2.027071
1.994003
1.983636
1.990487
1.982702
1.997087
1.986283
1.996237
1.993962
1.970207
2.014739
2.017253
2.031073
2.033394
2.014524
2.027504
2.038063
2.038548
1.998409
1.993415
1.998418
1.983861
1.988862
1.993364
1.994379
1.980165
1.987349
1.993830
1.986949
2.016304
1.983641
1.978606
1.981681
2.014515
1.988181
1.983458
1.946823
1.970073
1.990783
1.977615
1.978644
1.966717
2.000142
1.985909
2.021657
2.009400
2.024301
2.021162
2.004239
1.997550
2.008204
2.005727
1.973017
2.005390
2.001209
2.014590
2.018522
2.030729
2.000107
2.020516
2.007443
1.998671
2.009899
2.024274
2.022882
2.005481
1.990116
1.994671
1.996347
1.972805
1.997103
1.994634
2.019850
2.005565
2.000146
1.987348
2.001434
2.003276
2.001734
2.022950
2.011464
2.025539
1.993238
1.994849
1.965467
1.968095
2.004979
1.996990
1.996379
1.985326
1.991212
1.984874
1.968046
1.991100
2.002344
1.999732
2.017470
2.005991
2.000583
2.000119
1.978275
2.012447
2.013176
2.015290
1.993456
2.014477
2.005163
2.005063
2.005971
2.002882
1.997817
1.988023
1.998591
2.004117
2.004049
2.019284
1.995067
1.993216
1.979438
1.977357
1.996950
1.998472
1.998766
1.994944
1.994842
1.975020
1.998026
2.003474
2.004351
1.986820
2.007419
2.000406
2.022417
2.032061
2.005024
1.997708
1.991762
1.987074
2.005731
2.011355
2.016835
2.006070
2.009656
2.019707
2.034282
2.030626
1.995467
1.999966
1.988878
1.974074
2.009865
2.012786
2.010355
1.996549
1.992307
2.002066
1.997283
2.014789
1.985520
1.994071
1.997859
2.014890
1.992418
1.990803
1.989060
2.007025
1.999179
2.002455
2.005676
1.952833
1.980059
1.991095
2.013649
2.019448
2.009873
2.015051
2.008206
2.002386
2.008091
2.007006
1.998310
1.988943
2.019625
2.007023
2.010996
2.035069
2.009220
1.998721
2.010236
1.971832
1.993431
1.997807
1.994895
1.997103
2.014261
2.014796
2.022793
2.013141
2.001083
2.013717
2.014341
2.033941
1.996534
1.991728
1.987023
1.999586
1.995631
2.011133
2.029254
1.972866
2.002721
2.002407
2.037470
2.005548
1.993426
2.004964
2.006899
1.994623
2.015010
2.027929
2.019982
1.994491
2.011789
2.017006
2.017499
1.993989
1.993849
1.979195
1.987210
1.982834
1.986485
1.979577
1.970069
1.957014
1.985089
2.003279
2.028264
2.005333
1.989847
2.005289
1.984161
2.013804
2.006679
2.013682
2.027554
2.036430
2.000603
2.010878
2.039174
2.022788
2.001823
2.002729
2.019147
2.017907
2.005587
2.008304
2.011075
2.019165
2.012377
2.018746
2.021004
2.001787
2.001207
1.996958
1.986107
2.003953
2.006922
1.996050
1.981776
1.976921
1.982576
1.981612
1.978503
2.011935
2.006225
1.996416
1.996371
2.019303
2.011104
2.014679
1.993514
1.973255
2.004017
1.995451
1.980619
1.995580
1.986313
1.978150
1.999919
2.013903
1.998362
2.010547
2.026836
2.031423
1.998847
2.005830
2.028057
2.007392
1.977689
1.980499
1.982209
2.011044
1.999135
1.986702
1.953736
1.966251
2.017185
2.010253
2.027732
1.982886
2.018530
2.027320
2.004866
1.972012
2.000795
2.007304
2.046243
2.029579
1.992179
1.990763
2.000490
2.030739
1.999148
1.997988
1.978913
2.024640
1.982063
1.979634
1.954020
1.952233
2.000399
2.007783
2.029716
2.012439
2.002132
1.999089
2.011476
2.012238
2.016329
2.005470
2.032642
2.011207
2.001339
2.005727
2.004687
2.003100
2.003144
2.005325
2.036655
2.006968
2.005575
2.001503
1.999686
2.012030
1.988927
1.982612
2.000515
1.993515
2.011715
2.001413
1.988261
1.997336
1.992916
1.999905
2.008607
2.015797
2.008374
2.008241
1.977949
1.978264
1.998723
1.991993
1.993370
1.999950
2.003219
2.005296
2.006394
2.007864
1.996755
2.007897
1.987661
2.001051
1.990096
1.987332
1.975681
1.989640
2.000360
1.999633
1.992527
1.984269
1.994829
1.987086
2.013817
1.991396
2.007846
2.003758
2.005755
2.012749
2.006467
2.014291
2.018662
2.002843
1.989838
2.000241
2.014781
2.016369
2.009042
1.988007
1.969657
1.986037
1.981981
1.970694
1.953172
1.976323
2.002736
2.016424
1.998808
1.990260
2.002586
2.009463
2.011948
1.986127
1.997768
1.998034
1.988078
1.975841
1.986760
1.994691
2.024815
2.012699
1.985056
1.994522
1.999691
2.001673
1.990791
1.990135
1.994658
1.992165
2.002745
2.009468
2.023428
2.025192
2.005841
1.990734
2.012449
1.989844
1.996280
2.000950
2.006565
2.016683
2.010601
2.005032
2.007547
2.005272
1.992225
1.990303
1.994402
1.997320
2.000091
1.981111
1.963572
1.982718
2.004228
2.000303
2.018053
2.000532
