1.987875
1.992067
1.946764
1.930117
1.957076
1.968478
1.993507
2.004334
2.024693
2.008955
2.003828
1.998813
1.987664
1.992132
1.946764
1.930906
1.958000
1.968840
1.993507
2.004334
2.024339
2.008325
2.002334
1.998631
2.003706
2.002550
2.020156
2.053909
2.033477
2.003031
1.997533
1.996744
1.986611
1.986144
1.990532
1.990178
2.003330
2.002026
2.019789
2.053479
2.032419
2.001441
1.996962
1.994528
1.982564
1.982385
1.986288
1.988076
1.988176
1.994788
1.980094
1.985302
1.986297
2.014689
2.003584
2.008566
2.014105
2.030334
2.018024
2.014039
1.988294
1.995453
1.979967
1.985011
1.986287
2.013190
2.003584
2.008553
2.013856
2.030759
2.019344
2.014255
1.999315
1.992971
2.032344
2.021015
2.013036
2.009153
1.992393
1.988924
1.986038
2.003636
2.019175
2.025573
1.999156
1.992772
2.034125
2.022162
2.014059
2.008032
1.992460
1.989378
1.987881
2.007992
2.021507
2.023480
1.997218
2.013512
2.035710
2.028645
2.009841
1.984690
2.002556
2.026384
2.030735
2.021095
2.029674
2.018444
1.997334
2.013883
2.037135
2.034934
2.014187
1.988854
2.003065
2.026708
2.032525
2.021744
2.030938
2.020520
2.003998
2.008337
1.998134
2.005710
2.002385
2.007029
1.993410
2.003024
2.000404
2.013714
2.009985
1.978499
2.003859
2.008265
1.997675
2.004561
2.001141
2.005538
1.991949
2.001729
2.000391
2.013760
2.010437
1.976944
2.009511
2.012553
2.031845
2.005547
1.981522
2.000863
1.995097
1.993720
1.975754
1.978346
1.984151
1.990726
2.009073
2.012201
2.029793
1.999204
1.978370
1.995415
1.995097
1.993645
1.975565
1.978345
1.984292
1.990880
2.000295
2.014919
2.027258
2.041482
2.036922
2.044113
2.006061
2.004580
1.991846
1.985867
1.985181
1.984284
2.000015
2.014528
2.025873
2.039680
2.036299
2.041102
2.005319
2.004225
1.987885
1.982836
1.983360
1.983079
2.006571
2.012365
2.000144
2.021264
2.011035
1.997005
1.996793
1.996568
2.009945
1.998624
2.016314
2.031015
2.006133
2.012354
2.000192
2.021114
2.011241
1.997440
1.995969
1.995556
2.010404
1.991979
2.010273
2.025529
2.018843
2.021826
1.996852
2.005584
1.995757
2.011105
1.994604
1.988215
1.976352
1.980552
2.011509
2.026977
2.016821
2.018453
1.993894
2.003671
1.994920
2.010989
1.994192
1.987183
1.975787
1.980472
2.012042
2.028263
1.994689
2.001183
1.986824
1.983758
1.981566
1.986895
1.997985
1.989314
1.978832
2.012204
2.008809
2.000634
1.994575
2.000684
1.984467
1.982830
1.980268
1.986122
1.995830
1.986538
1.976785
2.009094
2.006281
1.996522
2.011855
2.020724
2.024349
2.035848
2.025476
2.023185
2.011834
2.009408
2.011088
2.029531
2.029445
2.021487
2.013877
2.022895
2.027472
2.039427
2.025519
2.017861
2.011613
2.009417
2.011234
2.029263
2.029491
2.021291
2.002935
2.012514
1.988600
1.987943
1.984478
1.983387
1.996562
2.002993
1.987391
1.984428
1.998644
2.002598
2.002128
2.011418
1.990956
1.989373
1.986978
1.981495
1.996243
2.002901
1.987391
1.984676
1.999165
2.002857
1.987955
1.984224
1.976018
1.992067
2.001631
2.018280
1.985675
1.997360
2.014167
1.994757
1.991632
1.998303
1.987601
1.983889
1.974490
1.991876
2.002698
2.019026
1.985642
1.997397
2.014440
1.995468
1.993867
2.000360
2.008212
2.013093
2.012834
1.973179
1.981951
1.966688
2.011581
2.008476
2.004376
1.990228
1.994859
1.971833
2.008636
2.014165
2.013548
1.973188
1.981948
1.966435
2.011581
2.008476
2.004376
1.990612
1.995096
1.972274
2.008379
2.006242
1.985145
1.982003
1.993225
2.001770
2.006531
1.999599
2.008332
2.006313
1.994480
1.995981
2.007565
2.005259
1.984511
1.979008
1.991379
1.998018
2.006210
2.000048
2.009966
2.006490
1.994613
1.995286
2.007828
2.021136
2.021450
2.012618
2.017950
1.990311
2.003849
1.986930
1.985605
1.967942
1.968077
1.968691
2.008083
2.021927
2.024406
2.014641
2.017218
1.987191
2.003870
1.986991
1.984894
1.967238
1.967742
1.968784
2.009346
2.011908
2.042860
2.009227
2.011867
1.981562
1.993647
1.990163
1.974498
1.953793
1.967688
1.975961
2.009531
2.012688
2.044020
2.007335
2.012096
1.979879
1.993496
1.989400
1.970673
1.952710
1.967305
1.978457
1.994245
1.988983
1.990847
2.006288
2.006928
2.000327
2.001537
2.014924
2.037731
2.039835
2.028686
1.996856
1.994514
1.989220
1.992322
2.006297
2.005821
1.999556
2.001732
2.015176
2.037731
2.039783
2.028477
1.997539
2.008516
1.995743
1.975488
1.996349
2.009549
2.019384
1.995172
1.991371
2.008122
2.010163
2.014088
2.030223
2.006395
1.992486
1.968314
1.992320
2.005178
2.015070
1.994878
1.992906
2.013295
2.012999
2.015582
2.031101
1.998358
2.011583
1.973156
1.984220
1.971811
1.999515
2.007873
2.023537
2.004449
1.996474
1.999880
1.986666
1.998278
2.011738
1.973212
1.980496
1.967479
1.998456
2.007873
2.023623
2.003942
1.994633
1.999116
1.988122
1.997012
1.983666
1.969335
1.936219
1.952444
1.988726
1.997919
1.995848
2.015744
1.979315
1.974084
1.965850
1.996265
1.982120
1.967583
1.934528
1.949866
1.989427
1.997822
1.994507
2.010173
1.971149
1.967434
1.959081
2.001863
2.016246
2.010573
1.985672
1.984191
1.981208
1.994414
2.012249
2.022995
2.012058
2.020761
2.010865
2.001863
2.016197
2.010232
1.983687
1.982206
1.979819
1.994813
2.012851
2.024346
2.010742
2.020173
2.011601
1.999444
1.992400
1.976900
1.992464
1.997404
2.008081
2.004050
1.986589
1.971043
1.962846
1.967299
1.994930
1.999657
1.992830
1.977683
1.992117
1.997838
2.006389
2.004131
1.986697
1.970720
1.961538
1.967570
1.993924
1.996062
2.002930
2.025776
2.006657
1.998544
2.010873
2.005692
2.016271
2.024308
2.026171
2.019160
2.007891
1.995913
2.003103
2.026563
2.008534
2.001735
2.013826
2.005848
2.016612
2.023680
2.026211
2.018813
2.007194
1.984118
1.966572
1.965042
1.976859
1.983019
1.972106
2.001918
2.020474
2.021752
1.999035
2.004989
1.994273
1.984444
1.967622
1.965034
1.976708
1.983524
1.972905
2.002105
2.020876
2.021752
1.998924
2.004883
1.994142
2.014536
2.012028
2.021760
1.989684
1.997283
1.983119
1.997335
2.010421
2.001986
2.001464
2.009583
2.013773
2.013375
2.010622
2.022551
1.989488
1.998604
1.985364
1.997335
2.010402
2.002351
2.001582
2.009407
2.013902
2.013956
2.012370
2.027195
1.985418
1.996027
1.990530
1.992747
1.993892
1.979499
1.973808
1.978778
1.967450
2.013827
2.012515
2.028664
1.988878
2.001696
1.993214
1.993671
1.995655
1.983702
1.976048
1.980388
1.968792
1.991279
1.994080
1.995250
2.008548
2.004813
1.980661
1.988117
1.994179
1.992315
2.006752
2.014787
2.040060
1.990623
1.992773
1.992900
2.007755
2.004947
1.983020
1.988117
1.994179
1.992315
2.006302
2.014060
2.039893
1.997553
2.000652
2.009489
1.999797
1.996816
1.987224
2.009911
2.005884
1.985449
1.982853
1.978323
1.972504
1.997165
1.999529
2.005174
1.996231
1.992226
1.985614
2.009643
2.005249
1.983785
1.980826
1.978286
1.975413
1.981537
1.989226
1.966313
1.966076
1.980319
1.995632
1.989600
1.998354
2.003739
2.014411
2.013398
2.005070
1.981537
1.989026
1.966219
1.963854
1.980339
1.996639
1.989600
1.998375
2.003737
2.015146
2.013562
2.004839
2.010811
2.014423
2.017874
2.026115
2.022218
2.035365
1.992785
2.005013
1.996281
2.000479
2.009477
2.012570
2.011374
2.015136
2.022684
2.027818
2.023033
2.037129
1.992951
2.005570
2.001801
2.001465
2.009782
2.015912
2.001059
2.010859
2.009502
2.013760
2.000861
1.987823
1.993736
1.981926
1.965296
1.982445
1.988231
1.986203
2.001059
2.011238
2.009871
2.013899
1.999956
1.987486
1.993211
1.981287
1.964913
1.982951
1.990774
1.988227
1.985179
1.997352
1.966672
1.971498
1.977303
2.002699
1.996106
1.986675
1.982955
1.994866
2.010145
2.026016
1.986237
1.998875
1.968999
1.975103
1.981636
2.007308
1.996106
1.986675
1.982955
1.995241
2.010424
2.024512
1.999353
2.001978
1.962464
1.940415
1.942765
1.968467
1.998296
2.011702
2.025670
2.039156
2.032433
2.029623
1.998914
2.000975
1.959724
1.936287
1.941614
1.967427
1.998296
2.011739
2.025670
2.040887
2.035184
2.032700
2.015329
2.018525
2.015734
2.009577
2.010263
2.018012
2.003143
2.009965
2.018952
2.028416
2.017944
2.000160
2.015329
2.018525
2.015803
2.012196
2.010749
2.015962
2.003143
2.009918
2.018952
2.028570
2.017966
2.000075
1.998798
2.011015
2.009270
1.983812
1.976788
1.984408
1.997975
1.998282
1.990129
1.994286
1.986979
1.968439
1.998798
2.010731
2.007720
1.984092
1.977080
1.986358
1.998104
1.998340
1.990815
1.995699
1.988394
1.969757
2.015679
2.009807
2.015604
2.001595
2.025139
2.025066
2.022359
2.032468
2.031907
2.053058
2.047589
2.032918
2.015483
2.009349
2.015613
2.001596
2.024862
2.024745
2.022566
2.031912
2.031620
2.054756
2.049059
2.035392
1.994765
2.003271
2.013835
2.028457
2.005351
2.002989
1.997837
1.992640
2.001760
2.012122
2.016105
1.999308
1.994765
2.003174
2.013747
2.028182
2.003963
2.002305
1.997837
1.992648
2.001760
2.012241
2.016561
2.000030
1.989548
1.987153
1.984313
1.964631
1.972801
1.967907
2.011523
2.008516
2.006406
1.984298
1.987667
2.002051
1.991129
1.988123
1.983126
1.963553
1.972122
1.969148
2.010866
2.007883
2.007517
1.986111
1.986853
2.003452
