-0.008061
2.807121
0.106681
-0.104402
-0.122953
4.763779
0.338761
0.120744
-0.039956
3.477313
-0.028015
-0.265839
-0.121498
4.729966
0.343332
0.123572
-0.106179
4.798613
0.342077
0.091608
-0.117353
4.452783
0.353280
0.097144
-0.047130
3.525151
0.171800
-0.057055
0.229171
-1.902839
0.032508
-0.228886
-0.047614
3.538138
0.174738
-0.053251
0.157109
-0.543958
0.180022
-0.007441
0.001734
2.674739
0.096308
-0.117296
-0.128623
4.429484
0.312235
0.081479
-0.078235
4.318841
0.254338
0.014191
-0.128705
4.424150
0.308856
0.079323
-0.082987
4.237793
-0.062450
-0.270637
-0.149334
5.044942
0.349265
0.079997
0.173114
-0.611975
-0.067370
-0.274320
0.146825
-0.375383
0.193148
0.007194
0.168352
-0.496669
-0.081108
-0.289590
0.031482
2.032043
0.261005
0.083963
-0.008446
2.918299
0.228897
0.002452
-0.064338
3.748337
0.075080
-0.157356
-0.096302
4.515087
-0.057534
-0.266884
-0.074595
3.921162
0.097787
-0.136794
-0.116402
4.122424
0.488921
0.234878
0.105944
0.647851
0.271203
0.005708
0.007188
2.181282
0.124544
-0.140399
0.017685
2.300708
0.257959
0.072791
-0.000419
2.332956
0.122217
-0.141515
-0.006363
2.083684
0.265067
0.042818
-0.185630
5.452340
0.482816
0.263556
-0.053959
3.698134
-0.124634
-0.367148
-0.109247
3.987982
0.467995
0.219006
-0.037417
3.344895
-0.111829
-0.352305
-0.053247
3.733604
-0.021405
-0.262093
0.073996
1.311418
-0.025193
-0.250318
-0.020361
2.825108
0.300020
0.033149
0.003129
1.908712
0.260788
0.040724
-0.021009
2.835132
0.304645
0.039679
0.204658
-1.438497
0.039093
-0.221350
-0.010172
2.912447
0.078523
-0.125418
-0.112856
4.566482
0.349632
0.127888
-0.043398
3.535420
-0.028943
-0.268306
-0.115360
4.613415
0.353510
0.131862
-0.097441
4.660926
0.299337
0.055339
-0.102686
4.262743
0.319169
0.066875
-0.040621
3.384841
0.165474
-0.059864
0.200421
-1.370652
0.048413
-0.213843
-0.041200
3.405159
0.162209
-0.064478
0.154305
-0.457506
0.173822
-0.012882
-0.000563
2.753690
0.108547
-0.107775
-0.097486
3.852717
0.266788
0.039981
-0.092933
4.685806
0.242768
0.002935
-0.099446
3.882023
0.287176
0.057217
-0.095937
4.547031
-0.044584
-0.252223
-0.158849
5.164618
0.401670
0.133056
0.183231
-0.792091
-0.082484
-0.284420
0.150688
-0.389066
0.182512
-0.002957
0.153827
-0.154405
-0.083110
-0.291820
0.011646
2.430712
0.276839
0.096233
0.005797
2.651544
0.227645
0.005651
-0.073739
3.964936
0.076100
-0.153809
-0.093437
4.487868
-0.027866
-0.233773
-0.071795
3.929087
0.069131
-0.163084
-0.122333
4.219112
0.476685
0.225479
0.120133
0.309788
0.272695
0.004663
0.018693
2.007831
0.055257
-0.210742
0.013834
2.375456
0.280640
0.099426
0.011858
2.132564
0.064485
-0.202639
-0.005095
2.093619
0.246047
0.022168
-0.185648
5.454981
0.486302
0.266653
-0.058374
3.745595
-0.128024
-0.368281
-0.131606
4.396967
0.480033
0.229118
-0.056083
3.720998
-0.133573
-0.371460
-0.048394
3.663234
-0.020200
-0.261042
0.080432
1.232521
-0.060813
-0.280716
-0.023968
2.962578
0.302168
0.038197
-0.008791
2.155806
0.246099
0.021828
-0.024091
2.963933
0.305822
0.041082
0.214235
-1.513094
0.014080
-0.255176
-0.020936
3.140282
0.083017
-0.124020
-0.098036
4.258186
0.369644
0.149767
-0.050622
3.709521
-0.015871
-0.255182
-0.099739
4.193538
0.421144
0.199000
-0.130597
5.255496
0.280883
0.041456
-0.129278
4.852343
0.300623
0.044558
-0.038426
3.332634
0.169607
-0.056956
0.209454
-1.405466
0.002494
-0.266908
-0.037433
3.315397
0.159880
-0.065577
0.144021
-0.301150
0.183652
-0.003650
0.015791
2.494648
0.076457
-0.130797
-0.126052
4.400818
0.312478
0.078555
-0.125078
5.162072
0.276416
0.036865
-0.129042
4.436041
0.318057
0.088126
-0.101854
4.633730
-0.017772
-0.220372
-0.165934
5.305270
0.389721
0.118827
0.191220
-0.971063
-0.077700
-0.275374
0.139980
-0.213919
0.192661
0.003321
0.187448
-0.867597
-0.094060
-0.297687
0.035746
1.991000
0.272131
0.096799
-0.006369
2.903982
0.203396
-0.014967
-0.080271
4.114591
0.053351
-0.178693
-0.101318
4.620264
-0.015473
-0.220768
-0.087985
4.233671
0.068337
-0.162472
-0.115629
4.149694
0.449862
0.197054
0.135888
0.032931
0.247516
-0.021318
0.021938
1.874369
0.074747
-0.194310
0.035457
1.994667
0.279186
0.102978
0.016405
1.947465
0.084920
-0.184272
-0.020514
2.408865
0.241779
0.017124
-0.180686
5.328681
0.479431
0.262433
-0.060011
3.707166
-0.114568
-0.360745
-0.108529
3.921376
0.482192
0.229253
-0.054608
3.624458
-0.120597
-0.362788
-0.049476
3.613706
0.066064
-0.180766
0.070902
1.393211
-0.054968
-0.276169
-0.036397
3.206135
0.295228
0.024768
-0.008316
2.219458
0.226884
0.003725
-0.089096
4.335049
0.341616
0.073867
0.198690
-1.294929
0.056474
-0.213508
-0.029182
3.193296
0.116256
-0.089402
-0.109068
4.479792
0.379404
0.158129
-0.048163
3.620038
0.013001
-0.229897
-0.100796
4.315866
0.385278
0.164907
-0.098929
4.780547
0.238026
-0.005123
-0.116505
4.588090
0.298567
0.045903
-0.048114
3.550324
0.179447
-0.049411
0.212734
-1.495769
-0.000679
-0.266715
-0.052853
3.620138
0.181493
-0.047503
0.146076
-0.308635
0.192294
0.006724
0.009901
2.641215
0.090144
-0.123261
-0.128789
4.495116
0.290377
0.057037
-0.100371
4.794944
0.243386
-0.000243
-0.125727
4.420020
0.301596
0.068179
-0.114237
4.872572
0.001065
-0.207211
-0.164777
5.282689
0.367464
0.103410
0.195331
-1.066025
-0.073320
-0.278136
0.167302
-0.768587
0.226111
0.044287
0.186488
-0.858761
-0.064790
-0.274169
0.011106
2.400622
0.299474
0.121536
-0.007823
2.979176
0.183227
-0.036004
-0.106781
4.529326
0.091749
-0.135376
-0.108286
4.694003
0.034601
-0.182438
-0.085766
4.134376
0.070940
-0.151386
-0.121052
4.204751
0.463773
0.210089
0.110448
0.632078
0.239094
-0.024975
0.041826
1.455297
0.043335
-0.221872
0.019599
2.232006
0.280420
0.100312
0.018746
1.910617
0.069000
-0.202524
-0.003655
2.088682
0.238748
0.012358
-0.200688
5.752011
0.492977
0.274867
-0.062203
3.811631
-0.131986
-0.380886
-0.109393
3.839434
0.532235
0.272760
-0.061458
3.784095
-0.124271
-0.373992
-0.018552
3.000818
-0.002208
-0.237364
0.060267
1.434023
0.017078
-0.198988
-0.043137
3.341772
0.285514
0.015807
-0.005627
2.129638
0.241643
0.013535
-0.041883
3.305100
0.283262
0.014180
0.215662
-1.586216
0.023702
-0.249427
-0.026101
3.110498
0.112516
-0.093250
-0.133608
4.913673
0.405809
0.182100
-0.026256
3.184277
-0.003037
-0.242783
-0.136143
4.962800
0.416726
0.192789
-0.111956
5.024158
0.247793
0.000485
-0.127047
4.858959
0.254128
0.001611
-0.010139
2.928834
0.117128
-0.115522
0.211187
-1.495870
0.028080
-0.244485
-0.007552
2.885912
0.139421
-0.099691
0.164778
-0.722009
0.214155
0.028561
-0.003086
2.827042
0.136680
-0.070111
-0.124802
4.351174
0.293207
0.059824
-0.116329
5.127785
0.253949
0.006443
-0.124952
4.352566
0.294511
0.062199
-0.094538
4.365063
0.033253
-0.170702
-0.184162
5.630339
0.389251
0.116309
0.183128
-0.736196
-0.101552
-0.312887
0.167477
-0.770110
0.213771
0.028370
0.181934
-0.709977
-0.100355
-0.312023
0.027109
2.031954
0.296639
0.115948
-0.006170
2.923458
0.203216
-0.019563
-0.088975
4.164619
0.093461
-0.132217
-0.106234
4.642225
0.023872
-0.186780
-0.091425
4.224167
0.090536
-0.136623
-0.080707
3.367620
0.463249
0.213757
0.121205
0.592980
0.190088
-0.065148
0.048992
1.446352
-0.006450
-0.269765
0.028156
2.018853
0.300433
0.119880
0.050492
1.409101
0.002629
-0.261241
0.007130
1.890901
0.241735
0.005726
-0.188399
5.528728
0.519466
0.301093
-0.098765
4.412726
-0.046004
-0.294492
-0.090652
3.494066
0.499330
0.249179
-0.086404
4.216693
-0.062518
-0.312522
-0.019647
3.071737
0.032244
-0.200362
0.081306
1.117883
-0.049485
-0.266183
-0.064260
3.698168
0.365272
0.096623
0.000545
2.039285
0.231428
-0.003742
-0.082575
3.942742
0.379912
0.106595
0.213369
-1.523098
0.020397
-0.249409
