20.102638
20.117596
20.092544
20.108907
20.070522
20.020954
19.930117
19.921394
19.725409
19.870572
19.864221
19.979760
19.931540
19.940918
19.892178
19.626960
19.738436
19.867778
19.948052
19.959966
19.751582
19.904602
19.888834
20.032825
20.049792
19.934312
19.830642
19.910857
19.978794
20.055261
20.114592
20.145112
19.931651
19.721012
19.775461
19.904306
19.972615
19.922411
19.942587
19.913080
19.687343
19.618801
19.803150
19.661154
19.686833
19.962092
19.973204
19.712450
19.974967
19.923669
19.943485
19.913826
19.691883
19.627371
19.947587
19.900522
19.888127
19.900479
19.870528
19.713442
20.015066
19.970971
19.910176
19.914427
19.985903
19.960483
20.035883
19.984722
20.069117
19.806347
19.767624
19.804726
20.056935
19.938616
19.840598
19.936203
19.985384
20.052230
20.039735
19.985835
20.076936
19.813333
19.774228
19.811223
20.104131
20.070722
19.832697
19.722756
19.837744
19.880043
20.051002
19.985578
19.894867
19.925331
20.010533
19.955095
19.842778
19.801031
19.869730
19.638356
19.695512
19.830158
19.947930
19.908032
19.899051
19.920091
19.884721
19.734754
19.841932
19.793974
19.873464
19.641108
19.697174
19.831014
20.058588
20.094811
20.027587
20.050514
19.973230
19.869070
19.927849
19.804067
20.048647
20.025452
19.841484
19.674791
19.948696
19.892123
20.245520
19.973591
19.893735
19.982722
20.103688
20.071461
19.841923
19.737411
19.858525
19.884051
19.944932
19.888229
20.242634
19.970005
19.889572
19.987244
19.904306
19.980734
19.705150
19.700630
19.772721
20.067881
19.907318
19.865944
19.658449
19.629527
19.625852
19.664990
20.131080
19.955586
19.783618
19.724270
19.851707
19.797590
20.063685
20.113007
20.037949
20.088463
19.991895
19.875547
20.135238
19.964092
19.803715
19.744413
19.856003
19.790519
20.038548
19.903283
19.661981
19.965785
19.933013
20.202988
19.951768
19.669944
19.693105
19.721603
19.955316
20.068611
20.083454
20.130148
20.310741
19.977426
19.844603
19.866820
19.902187
19.975849
19.717116
19.701644
19.787632
20.077276
20.087309
20.130744
20.298577
19.964296
19.814956
19.890803
19.936852
19.940614
19.877598
19.602904
19.736347
19.868718
19.964105
19.872354
19.675676
19.485283
19.601541
19.840920
19.890348
19.813340
19.649555
19.678494
19.622610
19.742838
20.039558
19.911535
19.670905
19.984652
19.951286
20.221988
19.897427
19.821952
19.651488
19.690944
19.630220
19.752965
19.791413
19.663042
19.664369
19.930034
19.949370
19.689936
20.115756
20.134732
20.114146
20.112378
20.072567
20.012671
19.947770
19.931391
19.700492
19.901511
19.894033
19.996019
19.934139
19.935690
19.879695
19.602524
19.732013
19.866469
19.968800
19.972287
19.799890
19.966443
19.946720
20.015233
20.084534
19.983438
19.875364
19.920203
19.972949
20.033044
20.132827
20.156887
19.967464
19.746739
19.790621
19.909880
19.978251
19.924414
19.927608
19.883173
19.668064
19.629043
19.798984
19.661453
19.662030
19.913215
19.935141
19.691985
19.983415
19.936000
19.951891
19.902856
19.678567
19.599605
19.948328
19.913571
19.913854
19.907038
19.871196
19.729553
20.029336
19.979158
19.921802
19.920146
19.985932
19.946859
20.031099
19.995196
20.088870
19.860830
19.775666
19.751752
20.074134
19.971668
19.870784
19.914899
19.971423
20.039470
20.022364
19.979713
20.080005
19.865185
19.776666
19.753341
20.106561
20.067426
19.851498
19.753981
19.863728
19.881116
20.050885
19.982143
19.912967
19.925807
20.012182
19.942668
19.828719
19.769783
19.858817
19.631528
19.675189
19.807476
19.949355
19.917673
19.904838
19.922374
19.888289
19.706967
19.826391
19.772632
19.868126
19.625557
19.675250
19.808747
20.065571
20.111098
20.069916
20.105025
20.003810
19.887192
19.924853
19.785788
20.009686
19.987345
19.818192
19.703747
19.932731
19.891114
20.203054
19.992774
19.901829
20.018145
20.106946
20.064085
19.853732
19.757005
19.863625
19.871842
19.927837
19.888870
20.224227
19.993937
19.904123
20.036978
19.882493
19.946774
19.704260
19.686622
19.754246
20.066973
19.924035
19.886977
19.662628
19.575545
19.575753
19.616960
20.135920
19.973863
19.824227
19.744805
19.860366
19.832136
20.065198
20.115051
20.068139
20.098571
19.996907
19.880263
20.137782
19.977152
19.829126
19.745163
19.859152
19.826710
20.039613
19.903262
19.654929
19.976420
19.961567
20.233227
19.950565
19.657604
19.690519
19.684794
19.966542
20.101891
20.089970
20.128648
20.318789
19.991041
19.853088
19.874115
19.882119
19.959353
19.707587
19.691612
19.755344
20.056192
20.088449
20.117878
20.285597
19.967165
19.842346
19.892837
19.913356
19.905976
19.835953
19.581780
19.714452
19.881408
19.946985
19.847444
19.670413
19.471639
19.588043
19.812503
19.895180
19.819534
19.647036
19.676011
19.620725
19.751731
20.036854
19.903607
19.637651
19.967216
19.949897
20.228139
19.892495
19.820833
19.651133
19.667959
19.609390
19.750227
19.798142
19.675851
19.666415
19.911961
19.919804
19.667356
20.123602
20.146258
20.126620
20.156686
20.113844
20.034421
19.956831
19.952339
19.781512
19.952512
19.932399
20.026900
19.914563
19.906227
19.840080
19.577633
19.715313
19.889590
19.956845
19.949252
19.772206
19.946935
19.929723
20.037249
20.090450
19.987945
19.906235
19.962258
20.015119
20.032250
20.133127
20.152146
19.954751
19.718211
19.766554
19.895901
19.994011
19.944359
19.936087
19.896388
19.668697
19.630686
19.799443
19.675514
19.655762
19.911963
19.916506
19.665221
19.992912
19.943456
19.941240
19.897010
19.667599
19.634452
19.947950
19.908361
19.928549
19.918835
19.890620
19.709882
20.008962
19.969990
19.884929
19.880991
19.972732
19.941443
20.019480
19.978493
20.076253
19.904739
19.810886
19.763125
20.091262
19.985344
19.897701
19.952354
20.002832
20.047195
20.018452
19.976865
20.069761
19.898252
19.805496
19.770962
20.094419
20.045359
19.848664
19.762384
19.865541
19.853430
20.019946
19.954974
19.874308
19.919394
19.996319
19.933670
19.821021
19.760990
19.817481
19.595843
19.657043
19.822827
19.937657
19.901315
19.932831
19.911022
19.884306
19.698578
19.818737
19.764762
19.870167
19.621759
19.671698
19.818509
20.074233
20.130835
20.075690
20.093744
20.001288
19.885882
19.933334
19.810754
19.999368
19.982476
19.803743
19.693831
19.916521
19.878452
20.230997
19.997252
19.901658
19.983513
20.096740
20.043067
19.840409
19.752934
19.858272
19.839033
19.932044
19.896864
20.246654
20.008330
19.909750
19.993732
19.889565
19.978265
19.676341
19.655791
19.712699
20.010932
19.916363
19.888549
19.694598
19.588606
19.576509
19.615045
20.120834
19.943988
19.779910
19.732126
19.856371
19.825126
20.074918
20.125794
20.069693
20.065733
19.972590
19.875900
20.121049
19.947249
19.797965
19.741363
19.865428
19.840183
20.075628
19.938787
19.687498
20.038843
19.998679
20.232942
19.941516
19.648398
19.696306
19.667227
19.926502
20.062247
20.082782
20.123757
20.298084
19.942999
19.813863
19.911716
19.893503
19.995877
19.721442
19.678255
19.739097
20.028856
20.074189
20.114620
20.258234
19.927007
19.813353
19.906966
19.914463
19.908042
19.844562
19.591102
19.685427
19.883999
19.965856
19.849024
19.710105
19.480809
19.594026
19.817346
19.889840
19.826075
19.673217
19.676115
19.617295
19.745425
20.080762
19.950418
19.693441
20.019513
19.983045
20.215418
19.897485
19.833867
19.681169
19.674790
19.611218
19.731569
19.792562
19.657942
19.625302
19.905479
19.915191
19.642379
20.117015
20.128581
20.124437
20.114363
20.078681
20.040345
19.969534
19.940642
19.756027
19.918057
19.906949
20.045688
19.909514
19.904388
19.834670
19.578539
19.689550
19.902456
19.959299
19.929964
19.723999
19.943033
19.923905
20.058857
20.086481
19.983729
19.892569
19.952714
20.001966
20.058212
20.139022
20.157812
19.929845
19.732952
19.779741
19.887639
19.968301
19.923772
19.955109
19.915634
19.675154
19.636815
19.804173
19.674424
19.623857
19.906936
19.913829
19.638589
19.965334
19.926620
19.953338
19.920800
19.684153
19.654061
19.937581
19.902900
19.929087
19.924712
19.891158
19.690029
20.017933
19.968417
19.902105
19.923063
19.998890
19.950586
20.022075
19.979675
20.069110
19.869311
19.785131
19.740388
20.088419
19.988162
19.878451
19.928122
19.976436
20.015162
20.017249
19.976542
20.067699
19.865428
19.779534
19.738088
20.083905
20.024521
19.831510
19.748595
19.840926
19.783285
20.038871
19.994490
19.908848
19.944069
20.021004
19.960953
19.825513
19.768660
19.843339
19.632783
19.693267
19.839796
19.934067
19.900979
19.916996
19.914197
19.883023
19.674867
19.828222
19.771012
19.843146
19.632936
19.695441
19.833514
20.059851
20.130589
20.063790
20.094648
19.984436
19.888119
19.936261
19.811447
19.996719
19.980522
19.785397
19.657355
19.937242
19.911356
20.266068
20.025994
19.912040
20.008707
20.079586
20.018736
19.827251
19.730806
19.833947
19.787631
19.934885
19.911556
20.265221
20.026790
19.911307
20.008731
19.903327
20.016011
19.691818
19.649258
19.724108
19.996994
19.908135
19.893687
19.676988
19.589059
19.581453
19.598854
20.124780
19.934329
19.776257
19.769032
19.854092
19.791344
20.070552
20.124967
20.057521
20.082275
19.970402
19.858624
20.126777
19.940377
19.771946
19.738516
19.842419
19.781166
20.065287
19.937057
19.690745
20.046180
19.992353
20.216142
19.926021
19.638550
19.713942
19.669415
19.935915
20.054878
20.085833
20.155867
20.319968
19.945344
19.827253
19.916927
19.893802
19.994152
19.693399
19.688452
19.747795
20.019184
20.080986
20.148726
20.306137
19.932164
19.818311
19.923383
19.907208
19.901027
19.852152
19.565704
19.695423
19.883117
19.968761
19.844187
19.678467
19.429595
19.554447
19.791315
19.907269
19.844056
19.700003
19.687066
19.628721
19.740224
20.051799
19.903412
19.614652
19.982849
19.959304
20.214424
19.912823
19.849292
19.727273
19.709947
19.637308
19.738488
19.808006
19.665286
19.586894
19.867228
19.872743
19.509080
20.106625
20.121913
20.145916
20.096957
20.070190
20.023587
19.956366
19.926524
19.749401
19.952590
19.943146
20.071151
19.914321
19.905776
19.850951
19.570274
19.695008
19.883139
19.954845
19.923653
19.748470
19.956916
19.947055
20.060324
20.084531
19.977623
19.860972
19.927458
19.986499
20.024343
20.131974
20.149954
19.977199
19.776139
19.813184
19.903360
19.976165
19.911311
19.915700
19.849598
19.626954
19.569121
19.802529
19.665242
19.606312
19.902989
19.918356
19.636565
19.981776
19.929657
19.955121
19.912869
19.675813
19.614094
19.934310
19.902583
19.922968
19.908028
19.861754
19.654866
20.022193
19.981676
19.885929
19.903871
19.984651
19.956587
20.019721
19.974225
20.083306
19.920269
19.809361
19.761628
20.083203
19.979067
19.848581
19.921299
19.977923
20.018913
20.024133
19.977046
20.110234
19.888618
19.766673
19.738621
20.093383
20.038311
19.858518
19.756969
19.847948
19.815460
20.017946
19.976001
19.868224
19.911640
19.994143
19.929071
19.845194
19.783333
19.858253
19.661492
19.717709
19.843553
19.930852
19.904070
19.910328
19.881980
19.833523
19.648819
19.846430
19.785990
19.858542
19.663248
19.713584
19.826515
20.057312
20.119167
20.049762
20.089150
19.979282
19.861528
19.953571
19.826816
20.002701
19.983469
19.759184
19.651234
19.946930
19.945204
20.334018
20.057274
19.936633
20.036621
20.096071
20.051035
19.856881
19.764027
19.845872
19.808249
19.942407
19.937404
20.325933
20.055748
19.925402
20.026131
19.885848
19.990282
19.681294
19.674833
19.729317
20.025519
19.902212
19.884861
19.689142
19.619425
19.614581
19.602169
20.130990
19.951243
19.772191
19.738777
19.847550
19.810613
20.054758
20.111315
20.028152
20.071142
19.965811
19.841417
20.132687
19.948659
19.767818
19.733415
19.838311
19.800785
20.049626
19.892489
19.640499
19.991118
19.969993
20.236014
19.925482
19.631732
19.700207
19.649504
19.910209
20.022468
20.090434
20.159522
20.319665
19.940852
19.833401
19.927897
19.882725
19.993760
19.686328
19.673822
19.727542
20.022685
20.097694
20.168218
20.351966
20.017580
19.882003
19.951824
19.891620
19.894802
19.852877
19.577182
19.669619
19.851065
19.985635
19.846166
19.710701
19.470978
19.575646
19.826567
19.905237
19.846817
19.705889
19.677933
19.628449
19.761573
20.059947
19.901396
19.636334
19.983478
19.962425
20.203838
19.910038
19.855638
19.741131
19.712912
19.651790
19.780715
19.801364
19.655323
19.556428
19.887035
19.910306
19.653195
