1.995219
1.981768
1.990526
1.982029
2.017525
2.012881
2.027840
2.009096
1.990303
1.993423
1.993958
2.009202
1.995760
1.981675
1.924488
1.971161
1.992864
1.978446
1.965642
1.971348
1.996672
2.006031
2.017146
2.023055
2.010567
2.001622
1.976164
1.988596
1.999580
1.995165
2.000675
1.989870
1.984255
1.993301
1.983029
2.004376
2.002244
1.995682
1.983806
1.991814
2.006634
2.000153
1.991116
1.978046
2.012835
2.010403
2.025465
1.984134
2.012321
2.002444
2.003959
1.999480
1.995024
1.992260
1.992649
1.964739
1.992833
1.989325
1.997010
2.004080
1.989733
1.981340
2.004959
2.009105
2.005826
1.993403
1.997698
1.993609
2.008640
2.023197
2.018348
1.999284
2.004683
2.011309
2.014431
1.977430
2.010232
2.016282
2.050949
2.028030
2.019530
2.015658
2.037669
1.993231
1.998325
2.011442
2.024354
2.030838
1.998342
1.996924
1.980469
1.993507
2.011386
2.003360
2.016974
2.014835
1.992912
2.000015
2.012926
2.021152
1.984086
1.979759
1.951552
1.945648
2.005323
1.998290
1.991046
2.002980
2.001243
2.001596
2.027809
2.024457
1.990316
2.004122
2.001066
1.998092
2.004597
2.023674
2.045107
2.028357
2.003707
2.010990
2.039956
2.006633
1.979937
1.979148
2.002230
2.017082
2.005395
2.001201
1.996866
1.998018
1.987780
1.988682
1.983643
1.975294
1.997919
2.006590
2.007486
2.003513
2.009812
2.014032
1.986332
1.985667
2.004183
2.007136
2.007286
2.029446
1.994639
1.978687
1.961273
1.957831
2.001831
2.009286
1.988620
1.995545
2.002767
2.011565
2.046756
2.026780
1.999018
1.996109
1.971999
1.977080
1.995680
2.006596
2.001888
1.994316
2.004313
2.005008
2.002621
2.031814
1.991847
1.995955
2.007742
1.986571
2.000559
2.015479
1.990874
2.003948
2.013683
1.989532
1.964924
1.990064
1.994874
1.990463
2.018082
1.978720
1.986675
1.968190
2.004338
2.014122
2.018544
2.018520
2.029331
2.020444
1.997866
2.012038
2.002302
2.047492
1.984993
1.991592
2.015000
2.004882
1.992223
1.986925
1.981828
1.970000
2.002719
2.001642
1.997940
2.010750
2.016644
2.016477
2.012260
2.037519
2.008295
2.014303
1.987605
1.984729
1.990161
1.997873
2.002675
2.016735
1.999532
1.989867
1.977745
1.975632
1.987909
1.995946
1.974257
1.989899
1.997927
2.001240
1.979272
2.000776
2.003842
2.011327
2.011183
2.007327
2.014953
2.005143
2.022485
1.974402
1.999645
1.987130
1.979468
1.990774
1.990679
1.993462
1.975539
1.998550
1.999851
2.005334
1.994860
2.003782
2.009088
2.003687
2.007933
2.000795
2.007776
2.015872
2.009783
2.014242
1.999618
2.020519
2.014470
1.990671
2.013183
2.006062
1.994792
2.002515
1.997453
1.997798
2.009143
2.007779
1.992986
1.988478
1.969716
1.983765
1.984396
1.989047
1.988640
1.995479
2.001421
2.008003
1.998730
1.991028
1.997974
1.992587
1.961563
1.990911
2.000132
2.003645
2.002305
2.007415
1.988014
1.994604
2.028181
2.013810
1.997330
1.999799
1.974245
1.970095
2.015147
2.010439
2.009340
2.019202
1.994745
2.004016
2.013659
2.015265
2.012527
2.012518
2.018739
2.036486
2.007907
2.007804
1.994794
1.980912
2.004503
2.007813
1.991866
1.987457
2.010387
2.000668
1.985531
1.983073
2.004237
2.005798
2.004188
1.984047
1.991312
1.995470
2.021369
2.015545
1.997787
1.994750
2.015708
1.997195
1.980888
1.983281
1.975291
1.996612
2.000004
2.005730
1.993826
2.016344
1.993469
1.983373
1.984083
1.990794
2.008674
2.018160
2.011164
2.011339
1.997361
1.989515
1.987961
1.982111
1.987600
1.980256
1.991483
2.002301
1.997501
1.998615
2.020860
2.031474
2.002200
1.992567
1.981175
1.982665
1.990270
1.992385
1.989106
1.999547
2.010368
2.019694
1.999333
1.993293
1.997082
2.003115
2.027213
2.024689
2.007060
2.008833
2.015061
2.026258
2.002021
2.004803
2.007151
2.000157
1.993759
1.999658
2.004136
1.996868
1.984905
1.985411
2.000683
1.984795
1.993565
1.990572
2.005160
1.992653
1.995987
1.973602
1.944278
1.953932
1.989093
2.001793
2.002908
1.987303
2.013650
2.031137
2.033646
2.045449
2.002336
2.003419
2.023674
2.013867
1.998149
2.005397
2.026599
2.021333
2.006697
2.006500
2.017792
2.038907
2.003879
1.992844
2.003379
2.003353
2.006007
2.007566
1.975621
2.019550
2.007372
1.999004
1.997591
1.988903
1.997348
1.998917
2.003597
1.999869
2.008034
2.010200
2.023265
2.024784
2.002261
2.005252
2.003458
1.989661
1.995362
1.992593
2.008249
2.030759
2.003630
1.999215
2.006851
2.023987
2.002935
2.010355
2.004940
2.007710
1.992269
1.988740
2.015636
1.991908
2.005123
2.007141
2.028620
2.004382
1.996053
2.002218
2.028916
2.019817
1.993791
1.996536
2.019773
2.005383
2.003435
2.002171
2.013228
1.997803
2.001891
1.995745
1.954390
1.975316
2.008027
2.010789
2.018766
2.005765
2.001177
1.991955
1.996352
2.011464
2.001946
2.000373
2.012257
2.008861
1.991331
1.980865
1.974947
1.970572
1.996557
1.994995
1.985200
1.965099
2.016471
2.028684
2.040807
2.052045
2.015879
2.018646
2.024296
2.021548
1.990413
1.989312
1.979051
1.978465
1.998305
1.990188
1.990987
2.026290
2.005673
1.996024
2.031865
2.023578
2.015957
2.010593
2.040407
1.996751
1.994710
2.001517
2.004556
2.008563
1.998993
1.993540
1.988429
1.969105
1.999146
2.003243
2.007963
1.999525
2.009240
2.015588
2.034125
2.027517
2.006189
2.009441
1.997950
1.951602
2.007936
2.007889
2.003454
1.994543
1.995145
2.002557
2.002505
2.015914
2.006750
2.008412
2.004016
1.978273
2.007356
2.018534
2.007825
1.984620
2.003234
1.997618
2.007157
2.002427
2.003451
2.014243
2.059910
2.046782
1.994380
1.997185
1.981774
2.015405
2.014072
2.005716
1.981888
1.977986
1.995397
1.990232
1.984658
1.962450
1.989475
1.985176
1.973376
1.974901
1.990327
1.982649
1.991127
1.951643
1.996265
1.993135
1.995676
1.987704
1.995885
2.001325
1.998641
2.019458
2.002290
2.004868
1.987904
1.998451
1.996284
1.982254
1.963442
2.005140
2.007811
1.997776
2.014427
1.993144
2.007748
2.020622
2.005364
2.016316
2.010908
2.000490
1.999195
2.030905
2.004602
2.005091
1.988373
1.982388
1.989336
2.002671
2.013113
2.017452
1.978575
1.979757
1.984454
1.969777
1.993416
1.999231
1.991694
1.986708
2.000392
2.007214
2.035463
2.011417
2.001145
2.000788
2.000746
1.992805
1.982876
1.976034
1.949159
1.955024
1.991590
1.994654
1.987597
1.993969
1.998251
2.005625
1.977999
1.995226
2.010863
2.002067
1.983982
1.977400
1.993417
1.995609
2.034234
2.033417
1.992972
2.000849
2.023245
2.019162
1.992305
1.998383
2.000604
1.984714
2.000321
2.002686
1.968167
1.997152
2.015375
2.016293
2.038190
2.025458
2.000633
1.997358
1.968209
1.980472
1.980742
1.972263
1.958579
1.959991
2.014267
2.021164
2.025393
1.987108
1.987763
1.986645
1.968035
1.964834
2.016012
2.002799
1.991174
1.977509
1.996169
1.997410
2.002986
2.015619
2.012182
2.018170
2.031312
2.039223
2.015906
2.014763
2.014290
2.023209
2.004416
2.000947
2.003164
2.016016
2.005765
1.998980
2.009195
2.028198
2.003634
2.019394
2.010813
2.002716
1.994844
1.990074
1.985976
1.992010
2.006801
2.015152
2.008776
1.995589
1.988498
1.992573
2.002875
2.001506
2.008675
2.014093
1.977672
1.987419
2.025023
2.025274
2.002773
1.979938
1.996554
2.006971
2.017236
1.990585
2.002598
1.997225
2.017645
1.992618
1.995404
1.991832
2.007466
1.986002
2.001863
1.995840
1.964603
1.990622
1.994852
1.985157
1.963720
2.009667
1.986603
1.984878
1.968552
1.974582
2.001576
1.999354
2.000203
1.996557
1.991376
2.006929
1.978077
1.996505
2.001465
2.004629
2.009610
1.991583
2.010610
2.009104
2.007261
1.987763
1.992066
1.989796
1.989469
1.990289
2.012249
2.016376
2.015799
2.006421
1.994575
2.006018
2.005541
1.973873
1.988334
1.994058
1.998571
1.987264
1.986990
1.983417
1.972789
1.978710
1.993855
2.007514
2.028207
2.040314
2.004126
2.007168
2.001391
2.007610
1.994469
1.999871
2.030311
2.023972
1.991387
1.992785
1.990933
1.966252
2.006537
2.012214
1.984232
2.000651
1.998071
1.995921
2.013136
2.010160
1.996980
1.998004
1.976864
1.952783
1.993730
2.003646
1.980217
1.999016
2.021244
2.030569
2.020759
2.014879
2.002368
1.987502
1.989365
1.994887
2.011016
2.014971
2.007305
1.998481
1.987594
1.985319
1.994287
1.990586
2.012540
2.005340
1.988637
2.015996
2.003306
2.005727
2.008546
2.007124
1.990985
1.983070
1.970161
1.984803
1.987072
1.975856
1.949262
1.952454
1.984052
1.983728
2.005887
2.000899
2.003330
2.007237
2.013763
2.018152
2.011779
2.011494
1.972418
1.955923
1.993421
1.991500
1.980727
1.966784
1.999223
2.003272
2.010488
2.013498
2.002434
1.997851
1.993155
1.986649
1.991838
2.003415
2.005306
2.008817
1.996069
1.993016
1.956192
1.974372
1.990019
1.992582
2.011792
2.035136
2.016521
2.006072
2.018346
2.006945
2.009941
2.023851
2.030338
2.026116
2.002135
2.012994
2.010316
1.990054
2.013989
2.012307
2.037840
2.050971
2.009376
2.010376
1.989178
2.007884
1.995031
1.985832
1.987399
1.997836
1.988917
1.983048
1.997024
2.024324
2.008781
2.018275
2.018905
2.009309
2.000781
1.984738
2.000938
2.023517
2.010099
2.009886
2.054682
2.022597
1.997132
1.993761
1.995828
2.025717
1.988336
1.984847
2.005057
2.007104
2.010947
2.005536
1.979299
1.979148
1.992638
1.987678
1.989799
1.984182
1.987872
1.995647
1.995451
1.988095
1.998853
2.006536
2.045858
2.010290
1.992770
1.992128
1.982571
1.985276
1.989580
1.984282
1.988732
1.976363
2.003863
1.989551
1.982657
1.992976
2.002642
1.992075
1.983945
1.998631
2.008395
2.011275
2.035450
2.042156
1.999881
1.997747
2.012232
2.018072
2.000320
1.982853
1.979526
2.005487
1.990926
1.983762
2.009718
2.002722
1.998386
1.981878
1.959198
1.958008
1.995194
2.004048
2.009091
1.992200
1.997473
1.988117
2.001655
1.982343
2.000775
1.994471
1.994359
2.024073
2.013796
2.008527
1.991979
1.991978
2.000111
2.004504
2.005442
2.011360
2.006495
2.012201
2.000678
2.001235
1.990580
1.984948
1.980399
1.992230
2.003413
2.012731
2.019362
2.010831
2.011785
2.020660
2.010000
1.999467
2.000426
2.008104
2.027183
2.004608
2.007329
1.997709
2.002321
1.979285
1.991709
2.001740
2.044866
2.053296
1.991607
1.998636
2.007103
2.006089
2.002576
2.006237
2.012006
2.017655
1.999463
1.995277
1.991050
1.958176
1.992587
1.984631
1.979181
1.985067
2.002852
1.997017
1.970627
1.986989
2.017597
2.020571
2.022036
1.993876
1.998328
2.017602
2.033316
2.020851
2.010902
2.005342
2.022929
2.002423
1.989468
1.986499
1.989408
1.986980
1.996740
1.985427
1.994229
1.998082
2.004556
2.008382
2.020005
1.995310
2.010368
2.018244
2.017398
1.999848
2.001396
2.009528
2.020918
1.995258
2.013266
2.022859
2.020787
2.018437
2.001841
1.991016
2.000551
2.002242
2.001629
2.013800
2.006055
1.980934
2.013730
2.011649
2.008413
2.007893
1.986251
1.994829
1.979224
1.991089
1.995326
1.996677
1.994664
1.980020
2.001011
2.003820
1.996708
2.018268
1.993854
1.989201
1.986394
1.982621
1.994593
1.987757
1.973875
1.962857
2.003868
2.004319
2.015495
2.005444
2.008790
2.014139
1.989245
1.974500
2.008857
1.996914
1.980928
2.003619
1.989426
1.983032
1.984597
2.003734
2.001479
2.001762
2.004956
2.021110
2.009800
2.004839
2.015449
2.025850
1.998912
2.004802
2.005973
2.006341
2.000349
2.013325
2.016190
2.016977
1.982472
1.973895
1.968163
1.958457
1.997553
1.993689
1.988920
1.982898
2.003884
2.012121
2.027888
1.995694
1.997439
1.999091
2.022963
2.003783
1.994882
1.989128
1.971628
1.980283
1.984013
1.995203
1.997543
1.991019
2.007999
2.003741
1.989099
2.013343
1.995774
1.994634
2.004018
2.008778
2.021928
2.024882
2.039947
2.024389
2.004091
2.014194
2.053172
2.029027
2.005490
1.998714
2.009735
1.994113
2.005498
1.995519
2.008178
2.020519
1.991076
1.994099
1.995204
2.027829
2.004684
2.009410
2.046411
2.058039
1.988977
1.984550
1.980760
1.960468
1.994890
1.999384
1.999705
2.008968
2.007846
2.017076
2.046477
2.002409
1.999616
2.000718
1.964789
1.988181
1.991664
1.988042
1.972992
1.959230
1.992908
1.989301
1.975560
2.007458
2.004283
2.003867
2.027769
2.015326
2.014652
2.016369
2.036823
1.999327
2.002153
1.990823
1.983289
1.991341
2.015340
2.021845
2.017785
1.981528
2.013992
2.023264
1.999507
2.010311
2.011070
2.002475
2.012268
2.016744
1.993657
1.983034
1.976892
1.991792
1.999593
2.008573
2.004605
1.987902
1.995274
1.997265
2.008094
2.017482
2.012827
2.014411
2.038635
2.033599
2.011207
2.005929
2.009622
2.003631
1.998769
2.003493
2.003612
2.007255
2.011073
2.008831
2.005689
2.013751
1.989302
1.977484
1.959373
1.965486
1.986167
1.987732
1.993289
1.991030
1.991308
1.990896
1.954312
1.981289
1.993020
1.994982
2.008458
1.993086
1.988396
1.990021
1.955063
1.954726
1.989257
1.983832
1.990422
2.017353
1.999268
2.004145
2.031481
2.038976
1.988528
1.998648
2.022822
2.012218
2.013504
2.014933
2.058993
2.041355
2.002427
1.998992
2.018964
2.040844
1.997726
2.001478
1.996475
1.979215
1.989466
1.995465
2.000206
1.986934
1.987938
1.988508
1.981412
1.997395
1.996645
2.005888
1.996171
2.001964
2.011513
2.005306
2.013349
1.981299
1.992324
1.998367
2.000878
1.985003
1.995571
1.990869
1.992031
1.976070
2.010044
2.014989
2.029673
2.013931
2.003242
1.991977
1.992774
2.005338
2.010829
2.007667
2.001379
1.988314
1.977949
1.973719
1.993653
2.002562
1.997617
2.006841
2.034988
2.028380
2.016500
2.018536
2.006871
2.028261
1.995472
1.981238
1.967034
1.997086
2.002077
2.007649
2.016216
2.016459
1.991723
1.985882
1.983417
1.986478
1.996987
1.990616
2.003194
1.987741
2.000519
2.000102
1.992796
2.016365
1.982272
1.977019
1.953641
1.969876
1.989856
1.996954
1.994929
1.997551
1.994349
1.998469
2.023835
2.015704
1.989620
1.996590
2.012792
2.028228
1.999839
1.999284
2.011386
2.017376
1.982291
1.981967
1.965828
1.969215
1.989640
1.997533
1.990565
1.986600
1.998471
1.996488
2.009850
1.992183
1.987582
1.993299
1.978011
1.993427
2.001996
1.989797
2.000856
1.960138
2.011605
2.001452
2.019871
2.026694
2.005927
2.002457
2.001969
1.999378
2.009400
2.007575
2.009737
2.013884
1.996812
1.994272
2.004154
1.985574
2.000182
2.004460
2.013576
1.965739
1.993625
2.012835
2.034178
2.022581
2.005914
2.006625
2.040848
2.039587
1.997759
1.983310
2.018213
2.015131
1.997524
2.010772
2.006694
2.003891
1.990922
1.995987
2.014892
2.010648
1.979939
1.975121
1.953379
1.968089
1.992613
1.985155
2.001485
2.028515
1.994253
1.986206
1.951999
1.953827
2.005518
2.013692
2.017163
1.965142
2.005722
1.994349
2.023073
2.022877
2.000286
2.015517
2.010783
2.004021
2.005784
1.999480
1.996084
1.996208
1.989400
1.999077
1.980804
1.985841
2.014145
2.025261
2.024804
1.989669
1.995170
1.993989
2.008881
2.026993
2.002735
2.000666
2.001280
2.020713
1.986216
1.980458
1.968467
1.966793
2.003098
2.010743
2.022892
1.996545
1.996863
1.994755
1.992771
2.006828
2.018416
2.014679
2.021926
2.023679
2.000805
2.012102
2.029817
2.011590
2.016453
2.018281
2.009742
2.026532
2.002899
2.012943
1.968952
1.971304
1.993942
1.994851
1.999461
1.973458
1.985999
1.978263
1.968612
1.955322
1.999851
2.018539
2.027664
2.018711
1.997153
1.993532
1.962456
1.970965
2.003819
2.005844
2.012650
2.025772
1.992298
1.983024
1.978629
2.031081
1.996025
2.006352
1.997863
2.002118
