19.874375
19.899814
19.841053
19.546229
19.677123
19.854113
19.885116
19.864911
19.633415
19.582861
19.605520
19.703975
19.903199
19.871754
19.974198
19.679417
19.759572
19.872372
19.882409
19.863722
19.622544
19.572341
19.596185
19.684621
20.134133
19.956836
19.797253
19.707865
19.802312
19.713907
19.803648
19.668360
19.569245
19.897640
19.921671
19.700936
19.933249
19.629788
19.644514
19.633366
19.873589
20.016393
19.925395
19.923063
20.318019
20.062071
19.911925
19.987868
19.933851
19.631987
19.671890
19.657527
19.896129
20.035201
20.096426
20.176112
20.301755
20.013711
19.894476
19.998872
20.084232
20.016010
19.851950
19.900372
19.933724
19.970483
19.994819
19.867058
19.700268
19.473114
19.593659
19.854033
20.132316
19.956145
19.797296
19.729687
19.816336
19.709687
20.000359
19.879175
19.702809
19.505064
19.617903
19.878890
19.895228
19.842870
19.658872
19.642915
19.616680
19.743774
19.950269
19.924352
19.932001
19.895695
19.846782
19.667006
20.116200
20.127269
20.141545
20.092552
20.071160
20.069991
20.101443
20.172117
20.293629
20.009321
19.890971
20.002977
20.115544
20.137803
20.159673
20.099492
20.052738
20.013598
19.931409
19.927684
19.800105
19.965694
19.978461
20.044908
20.082404
20.015795
19.856098
19.785597
19.837976
19.701065
20.079764
20.088746
19.849434
19.698566
19.769759
19.916932
19.889578
19.834544
19.647148
19.641863
19.620253
19.748179
20.084180
20.089865
19.854592
19.699609
19.774548
19.921721
19.999370
19.936662
19.979685
19.982718
19.731109
19.645500
20.036559
20.109056
19.971446
20.036965
19.918567
19.764078
20.057486
20.028464
20.016297
19.954548
20.066909
20.018040
19.929831
19.912054
19.787759
19.973537
19.986600
20.055980
20.062906
20.048276
20.029492
19.976175
20.087034
20.030443
20.027578
19.990681
20.171159
19.886749
19.777570
19.693593
19.880195
19.975325
19.680902
19.613935
19.669187
19.960577
20.003703
19.951994
19.830811
19.953073
20.052468
19.962099
20.000916
19.939805
19.990992
19.993156
19.731638
19.624884
20.005501
19.959107
19.857443
19.971495
20.070416
19.978449
19.899638
19.862430
19.991524
19.699812
19.769934
19.871699
20.053340
19.877685
19.616699
20.024899
20.044641
20.248999
19.969965
19.820112
19.877436
19.912276
19.704842
19.608974
20.023975
19.991971
20.170333
19.890888
19.791568
19.741373
19.974649
19.840911
19.907228
19.984800
19.760648
19.653491
19.924874
19.915852
20.293106
20.060491
19.927861
20.025762
19.865140
19.885898
19.831982
19.546937
19.676958
19.821816
19.890661
19.882257
19.700866
19.661824
19.662395
19.715584
19.895194
19.858000
19.990369
19.681560
19.745942
19.850524
19.885477
19.871784
19.619871
19.566998
19.593077
19.694011
20.123048
19.955280
19.798679
19.733563
19.811455
19.722134
19.813500
19.687595
19.589590
19.881358
19.891676
19.657754
19.935202
19.641889
19.675139
19.638923
19.878433
20.028894
19.928572
19.918802
20.306808
20.075804
19.938612
20.024540
19.935663
19.641159
19.672634
19.640847
19.879732
20.035301
20.105518
20.166559
20.305902
19.975942
19.871256
19.996492
20.058804
19.997534
19.815591
19.876693
19.922906
19.941953
20.014310
19.897828
19.739019
19.519826
19.619869
19.856839
20.122373
19.952992
19.790056
19.724957
19.812688
19.713255
20.012155
19.896906
19.731558
19.515277
19.613968
19.852975
19.889498
19.840213
19.634243
19.651092
19.616590
19.719559
19.945966
19.917841
19.915597
19.891451
19.851815
19.627462
20.082557
20.095346
20.130433
20.078041
20.042773
20.045299
20.102339
20.169159
20.321018
20.005030
19.887590
20.017526
20.084008
20.094386
20.120376
20.047390
20.016043
20.019951
19.913413
19.904661
19.750695
19.951658
19.975712
20.068053
20.072686
20.021757
19.885939
19.814671
19.850526
19.716467
20.078769
20.072627
19.853268
19.699032
19.775655
19.916136
19.894735
19.844689
19.639275
19.649451
19.618501
19.735273
20.075835
20.069616
19.865097
19.701090
19.776103
19.910992
20.005125
19.940625
19.945773
19.933254
19.691062
19.603348
20.024620
20.097523
19.933926
20.063459
19.952596
19.777878
20.065366
20.034625
20.013682
19.947273
20.062639
20.032216
19.912263
19.898854
19.732544
19.938870
19.964365
20.048893
20.061282
20.045013
20.017243
19.943216
20.056296
20.017346
20.028324
19.990140
20.113895
19.832189
19.771545
19.725513
19.862866
19.960768
19.640179
19.576036
19.635255
19.944876
20.016429
19.953583
19.837901
19.957660
20.040145
19.981794
19.997959
19.933393
19.922806
19.927122
19.689554
19.602891
20.014104
19.950769
19.847447
19.967193
20.046181
19.983522
19.894612
19.856991
19.977445
19.713309
19.751014
19.809617
20.073562
19.899692
19.665938
20.029753
20.048502
20.266950
19.959140
19.810037
19.889814
19.937736
19.715550
19.621863
20.020133
19.993115
20.124194
19.807474
19.752024
19.735786
19.962119
19.817191
19.893399
19.921882
19.706521
19.613855
19.918042
19.925190
20.307103
20.065803
19.944974
20.048916
19.876266
19.896226
19.847262
19.562719
19.693923
19.848923
19.894878
19.872282
19.648587
19.618942
19.639290
19.735674
19.889184
19.857089
19.995982
19.728356
19.759551
19.821828
19.896176
19.869112
19.643136
19.580015
19.612436
19.741838
20.118640
19.949423
19.800575
19.740806
19.828294
19.734575
19.807739
19.676045
19.583363
19.905483
19.910001
19.663088
19.947852
19.652519
19.693677
19.627617
19.885337
20.065229
19.915752
19.922423
20.311587
20.075211
19.951104
20.049995
19.953951
19.651996
19.682974
19.610727
19.865298
20.023817
20.103837
20.174427
20.318035
20.029243
19.913101
20.023409
20.057270
19.986561
19.775182
19.825119
19.886211
19.931482
20.011012
19.897148
19.772406
19.539162
19.631656
19.835035
20.116800
19.939226
19.793378
19.737890
19.825430
19.730937
20.011268
19.907402
19.793970
19.558093
19.656774
19.864027
19.900330
19.852442
19.617109
19.642861
19.628071
19.726661
19.929026
19.892895
19.908338
19.899836
19.857486
19.645856
20.069610
20.077266
20.132835
20.066738
20.005787
20.021248
20.091454
20.165984
20.305773
20.022342
19.909785
20.035037
20.051143
20.054155
20.078097
20.005630
19.956429
19.960325
19.936724
19.924875
19.795961
19.952328
19.969407
20.006255
20.057548
19.997543
19.840134
19.781005
19.832495
19.695323
20.078785
20.066133
19.810152
19.653807
19.736274
19.887415
19.896400
19.840153
19.617724
19.634537
19.617366
19.723776
20.090532
20.076777
19.846395
19.676638
19.743720
19.892397
19.968943
19.885511
19.847246
19.873253
19.636867
19.573675
20.025037
20.090376
19.938446
20.049832
19.947522
19.778889
20.044048
20.016494
19.977663
19.901849
20.014700
19.994074
19.928155
19.913262
19.795449
19.971126
19.985418
20.033728
20.045832
20.013947
19.984523
19.890517
20.002933
20.003210
20.026556
19.991799
20.087059
19.799974
19.737569
19.718350
19.824152
19.907241
19.594681
19.548336
19.613446
19.928319
20.022724
19.965882
19.827159
19.942056
20.029426
19.971698
19.974805
19.886090
19.826837
19.859300
19.624520
19.572328
20.028147
19.980690
19.857723
19.969038
20.047851
19.976594
19.895998
19.855867
20.013063
19.746865
19.783220
19.839218
20.085000
19.921896
19.683549
20.041070
20.077205
20.297898
19.956100
19.804532
19.829748
19.934449
19.722440
19.629381
20.025876
19.997806
20.092494
19.783736
19.722883
19.702808
19.957138
19.807432
19.826010
19.930296
19.720750
19.629357
19.904634
19.904991
20.286156
20.100453
19.954430
20.055446
19.882339
19.907724
19.930328
19.614477
19.725528
19.895265
19.902891
19.877702
19.633448
19.576424
19.600773
19.720930
19.890189
19.855848
20.004832
19.721451
19.762039
19.812433
19.899579
19.877047
19.633804
19.574912
19.599312
19.716360
20.133450
19.947086
19.801959
19.780151
19.849972
19.742058
19.814500
19.698112
19.603436
19.903287
19.925408
19.693514
19.970790
19.687943
19.738279
19.653236
19.901299
20.070995
19.899675
19.901350
20.282280
20.100780
19.962137
20.056793
19.967409
19.686904
19.735437
19.657473
19.907824
20.072127
20.081450
20.150200
20.262746
20.014958
19.922190
20.033927
20.057930
19.992318
19.762231
19.827140
19.884023
19.937785
20.008157
19.908192
19.794484
19.580133
19.642677
19.813020
20.129571
19.948323
19.799789
19.765570
19.847253
19.742802
20.009204
19.903156
19.788235
19.552472
19.625084
19.804768
19.898777
19.852232
19.594404
19.639656
19.625860
19.719801
19.931481
19.882463
19.866250
19.860813
19.823621
19.570998
20.058535
20.058587
20.110542
20.046581
20.012134
20.027323
20.067975
20.139417
20.245945
20.001358
19.907295
20.026295
20.046362
20.047684
20.084279
20.024323
20.001870
20.033483
19.909040
19.903441
19.785763
19.968308
19.988776
20.044365
20.055435
19.996728
19.840440
19.756142
19.831962
19.671102
20.074061
20.058696
19.818469
19.617345
19.709384
19.892755
19.901362
19.853174
19.580673
19.629451
19.623342
19.719915
20.073341
20.063444
19.828454
19.628026
19.726363
19.889340
19.943481
19.852333
19.781813
19.832438
19.595570
19.565567
20.023206
20.109861
19.935625
20.070053
19.966524
19.831123
20.053720
20.031208
19.977495
19.919161
20.017995
20.007988
19.913900
19.900144
19.798001
19.966861
19.985340
20.042588
20.055091
20.027037
19.978980
19.912692
20.012817
20.004356
20.028659
19.979361
20.089480
19.772988
19.724406
19.692320
19.844455
19.915352
19.625070
19.617863
19.646390
19.953503
20.009586
19.949334
19.833055
19.945222
20.023482
19.983083
19.938274
19.845161
19.770119
19.828002
19.585868
19.563666
20.008184
19.952989
19.827908
19.947986
20.022708
19.981431
19.894474
19.853574
20.019627
19.763429
19.756554
19.808068
20.078752
19.932164
19.695870
20.029041
20.072921
20.275435
19.960585
19.822290
19.843590
19.944916
19.725955
19.628179
20.023375
19.981983
20.111109
19.816505
19.759065
19.711867
19.960026
19.829285
19.836113
19.941297
19.726809
19.635377
19.891915
19.889225
20.264404
20.065321
19.947952
20.068441
19.891343
19.896031
19.882229
19.571074
19.709258
19.876903
19.879016
19.854639
19.601096
19.519122
19.560885
19.699153
19.894863
19.839212
19.991501
19.738324
19.738813
19.800085
19.868315
19.839681
19.578992
19.509860
19.553472
19.693508
20.138807
19.963761
19.822774
19.789722
19.858453
19.813898
19.809261
19.685960
19.595222
19.898742
19.924427
19.685331
19.969916
19.696322
19.728600
19.659673
19.939913
20.109227
19.900596
19.897523
20.273840
20.081063
19.957532
20.059033
19.967774
19.695466
19.729044
19.662079
19.936266
20.103573
20.064404
20.138198
20.243063
20.007411
19.913439
20.016596
20.041323
19.978974
19.752644
19.853434
19.900652
19.979291
20.023446
19.947048
19.858824
19.618817
19.690995
19.794455
20.133940
19.960618
19.816006
19.773859
19.844558
19.810355
20.026620
19.944713
19.853704
19.609164
19.676770
19.794276
19.912282
19.861041
19.570925
19.657703
19.631762
19.720766
19.927131
19.887213
19.895896
19.872838
19.830984
19.571090
20.056461
20.068975
20.126586
20.026759
19.986732
20.008142
20.069467
20.136484
20.227497
19.975807
19.890898
19.986926
20.054459
20.067152
20.128515
20.025379
19.983280
20.011443
19.912902
19.908431
19.824499
19.989089
19.977314
20.033149
20.071102
20.015614
19.883362
19.792544
19.877030
19.729672
20.084426
20.047423
19.792415
19.607224
19.685347
19.878753
19.921501
19.867904
19.567811
19.598968
19.573558
19.683801
20.082837
20.043690
19.799253
19.622702
19.706269
19.893515
19.933780
19.834278
19.747124
19.832797
19.584840
19.560544
20.030537
20.095420
19.906507
20.037909
19.929748
19.796286
20.036345
19.997635
19.928840
19.921664
20.017644
20.028130
19.913333
19.906466
19.824762
19.996507
19.986876
20.034758
20.034642
19.997636
19.926424
19.918770
20.015672
20.024109
20.011852
19.973386
20.068942
19.759439
19.708546
19.700509
19.846683
19.920101
19.608864
19.612284
19.659474
19.937047
20.008276
19.950526
19.855761
19.953071
20.017451
20.000341
19.934094
19.832736
19.741318
19.832646
19.581644
19.553594
20.028532
19.979817
19.845427
19.941279
20.021566
19.967688
19.901452
19.865386
20.004403
19.748771
19.729725
19.783480
20.074442
19.928906
19.708708
20.014166
20.058364
20.285609
19.959271
19.828954
19.841192
19.948610
19.739540
19.664050
20.018306
19.977950
20.078489
19.802149
19.746990
19.711819
19.956664
19.825682
19.840206
19.944581
19.735813
19.662742
19.896451
19.899655
20.256083
20.058991
19.943284
20.047607
