2.001219
2.002091
1.994470
1.987157
1.993589
1.993919
1.987802
1.970617
1.987907
1.982948
1.985058
1.981266
1.993441
1.990025
1.995414
1.977123
2.013209
2.010073
2.016625
1.998830
1.997636
2.000508
1.979740
1.982185
1.992946
1.996587
2.013301
2.046528
1.996300
1.995514
2.009736
1.994124
1.998202
2.006051
2.035647
2.031005
2.009065
2.013757
2.038664
2.024976
2.000664
2.005479
1.992028
1.978479
2.008442
2.010606
1.993704
2.011100
1.995893
1.983079
1.957895
1.991601
2.000286
1.994542
2.010961
1.996076
1.989345
1.996879
2.021774
2.035621
2.001885
1.992100
1.989475
1.999808
2.010304
2.008618
2.050596
2.013075
2.000615
2.007155
1.999609
2.014505
1.988483
1.993450
2.009573
2.030074
1.984921
1.987933
1.985671
1.997289
2.005626
1.994355
1.987207
1.995169
1.993147
2.002432
2.014409
2.000708
1.999391
1.983345
1.963000
1.995690
1.988510
1.994912
1.987376
1.998980
1.983272
1.995954
1.996377
2.027588
1.994383
2.002557
2.008435
2.024368
1.999929
1.986306
1.973556
1.995460
2.000289
2.014455
1.999082
2.005511
1.996795
1.992847
2.002259
1.988393
2.008044
2.005933
1.998547
2.010481
2.009677
2.012920
2.005504
2.029906
1.996663
1.984266
1.967182
1.963632
2.003231
1.992014
1.991287
2.003504
1.996191
2.008669
2.004547
2.002725
1.995051
1.988772
1.994971
2.023017
1.996940
1.995664
1.981696
1.996633
1.996259
1.998424
1.993287
2.008470
2.017404
2.024424
2.035621
2.014618
2.005541
2.013248
2.015950
1.963624
2.003962
2.008631
2.008284
1.994277
2.006418
2.003055
2.012108
2.013893
1.995373
2.000261
2.023094
2.006197
2.009382
2.006316
2.002774
1.992944
2.015007
2.026536
2.023473
1.991632
2.004970
2.023569
2.030367
2.002267
1.998689
1.984512
1.983094
2.015213
1.997245
1.992817
1.985547
1.950604
1.999108
1.991884
2.011905
2.013786
1.997076
1.993067
1.990479
2.007299
1.981222
1.992096
2.001210
2.004365
2.002615
2.001599
1.990595
1.975831
2.014143
2.009579
2.026046
2.002627
1.988684
1.983981
1.985377
2.013166
1.994847
1.996130
1.999153
1.971766
1.988560
1.996670
1.991777
1.967246
2.005636
2.006061
2.000511
2.003272
2.001436
2.009870
2.018623
1.991844
1.999147
2.001619
2.001096
1.990520
1.993149
1.983740
1.985235
2.033884
1.973546
1.976631
1.966692
1.964509
2.004590
2.006823
2.015851
1.992138
1.988412
1.999085
1.979228
1.990007
2.001215
2.016503
2.027936
2.021461
1.996921
1.986710
1.960885
1.992818
1.985979
1.982879
1.961502
1.978212
1.999303
1.997091
2.017160
2.013829
2.002003
2.002165
2.017053
2.006877
1.995109
1.991492
1.997890
2.006220
2.011507
2.029122
2.025565
2.039254
1.991922
1.990049
1.994489
1.981100
1.989694
1.992127
1.993343
2.008103
2.008725
2.001681
2.014450
2.029625
1.989967
1.965846
1.944730
1.962500
1.983791
1.976049
2.005261
2.029219
1.989237
1.996635
1.959279
1.988096
1.977585
1.994224
2.004442
1.981837
2.004027
2.011221
2.019876
1.994597
1.996158
2.001305
1.989725
1.989468
1.999007
2.001843
1.984277
1.996662
2.001549
1.994995
1.961143
1.979940
1.997992
1.989261
2.022615
2.008031
1.999767
2.001985
2.009350
2.011895
2.007612
2.010131
2.003591
1.985424
1.998910
2.019729
2.028829
2.029319
1.992333
1.992954
1.992871
1.964769
2.004796
2.011782
1.997072
2.010404
1.991770
1.998512
1.994140
2.027368
2.007407
2.008811
2.022308
1.995382
2.010615
2.012550
2.019774
1.972598
2.011390
2.012610
2.015494
1.999299
1.988084
1.985607
1.989457
1.977043
1.998027
1.993352
1.965197
1.982908
1.991188
1.990462
2.013972
2.012228
1.991913
2.002769
2.034131
2.031754
1.992473
1.986850
2.000595
2.021208
1.994722
1.993439
1.985290
1.957280
2.000034
1.989648
1.975537
1.980057
2.007661
1.988672
2.002326
2.001304
2.009984
1.994923
2.003553
2.012373
1.986858
1.994023
2.020061
2.002355
2.004717
1.996164
2.004763
1.991796
2.001854
2.011462
2.009438
1.995040
2.006371
2.010342
1.980420
1.999728
2.020758
2.021794
2.024521
2.011658
1.997638
2.000179
1.989661
2.015311
1.985895
1.995486
1.994516
1.972011
2.010869
2.008990
2.000927
2.007317
1.997290
1.996262
1.992055
2.006667
1.998827
2.005114
1.975501
1.988155
1.998857
1.975749
1.964469
1.974670
1.987752
1.993834
1.988358
2.016782
1.994676
2.000472
1.965968
1.961560
1.996194
1.998578
1.997689
1.958273
1.991092
2.001037
2.014222
2.001518
2.001336
2.003652
2.048093
2.040265
2.024336
2.020786
2.003453
1.997944
2.001215
1.999118
2.020645
2.044509
1.985190
1.973708
1.986677
2.018977
1.997342
1.996871
1.963637
1.969175
1.998665
1.992735
2.000036
2.005335
1.990877
1.996054
1.996161
1.971385
2.007878
2.002952
2.009609
1.988174
1.993630
1.993344
2.007604
2.011837
2.017985
2.015171
2.004954
2.014399
1.990604
1.988900
1.961733
1.976679
2.003811
1.994830
1.994853
1.984503
2.010642
2.005752
1.999570
1.990109
1.991526
1.991190
1.990478
1.945425
2.003646
2.010949
1.998898
1.984999
1.987725
2.001955
2.025268
2.009661
2.005166
2.004990
2.005179
2.002915
2.002686
2.001744
2.006246
2.008930
2.006316
2.001255
1.982540
2.011018
2.000377
1.993943
1.990889
1.976921
1.990499
1.986970
1.967260
1.982421
1.997483
2.002039
2.002782
1.986264
1.989374
1.993941
1.984864
1.984413
1.998912
1.998058
2.000342
2.003389
1.999529
1.998319
2.006810
2.009954
1.998599
1.997841
1.974555
1.974723
1.995559
1.999614
1.988286
1.975280
1.988139
1.993470
1.992031
1.984207
1.990574
1.985644
1.995311
2.014453
2.001457
1.999497
1.968573
2.003041
2.014140
2.030497
2.064131
2.057572
1.999876
2.003111
2.006932
1.951713
2.004665
2.002587
1.993962
1.998818
2.006205
2.018049
2.038686
2.025005
1.989513
1.991175
1.980222
2.002031
1.997990
2.000732
1.994445
2.004703
2.011361
2.002073
2.014938
1.975113
2.007034
2.009225
2.038847
2.031219
2.002753
1.998695
2.006499
1.984260
1.993220
2.002059
2.010641
1.998173
1.987645
1.984586
1.955969
1.971815
1.996380
2.012035
2.030490
1.973648
1.993719
1.989509
2.002050
2.030065
2.006743
2.020992
2.037884
2.035529
1.994115
1.998400
2.000485
1.989101
1.996468
2.018182
2.036232
2.022502
1.994683
1.980202
1.988071
1.984627
1.999314
1.994316
1.995420
1.996082
2.005676
1.998961
1.989076
1.991752
2.007126
2.010423
2.028608
1.983886
2.001677
2.010867
2.002727
1.966905
2.002574
2.012248
2.039354
2.022829
1.989043
1.984218
1.976385
1.976473
2.008819
2.015955
2.018800
2.019846
2.000083
1.988006
1.979856
1.974055
2.005385
2.010964
2.016237
2.034020
2.007154
1.997079
1.982407
1.977674
2.017083
2.017664
2.007199
2.027316
1.993119
1.987104
1.999040
2.006857
2.006061
2.000564
1.970890
1.951640
1.991644
1.975015
1.987400
2.009183
1.986343
1.977996
2.000260
2.014289
2.001251
1.995476
1.960005
1.973357
1.994330
1.984517
1.947252
1.981982
2.006888
1.998016
1.995626
2.011165
2.000392
1.992686
1.999061
1.999141
2.015341
2.009599
2.025180
1.981312
2.003347
1.995942
1.988321
1.972890
1.996114
2.001017
2.035347
1.998850
1.985309
1.984028
1.992626
2.000054
1.983229
1.993910
1.985351
2.005122
1.982244
1.979748
1.954030
1.952123
2.007029
2.002939
2.004214
1.980342
2.017237
2.016894
2.027802
2.023336
1.990029
1.993590
1.992590
1.965059
1.995667
1.997654
2.013973
2.054720
2.003063
2.005842
2.038022
2.007792
2.004312
2.002051
2.000398
1.991823
1.995076
1.997317
2.013787
2.033404
2.005794
1.999585
1.950519
1.993059
1.987387
1.984716
1.997143
2.003266
2.008302
2.009171
1.980500
1.980110
1.996462
1.983983
1.999441
1.980545
1.997302
1.983726
1.986671
2.012084
1.987579
1.999421
2.020236
2.003770
2.001008
1.999030
1.950853
1.975841
2.001266
2.000530
1.993760
1.985786
2.017489
2.015984
1.997146
2.012325
1.998871
1.994465
2.022202
2.012395
2.003119
2.001597
1.993466
1.969601
1.986924
1.990987
1.989437
2.001640
2.008741
1.987394
1.968495
1.984505
2.003630
1.992864
1.983712
1.987366
2.004052
2.008049
2.022176
2.023858
1.980875
1.984693
1.975935
1.982001
1.988028
1.989376
1.996990
1.996424
1.987624
1.994918
2.028650
2.016409
2.000203
2.006939
1.991441
2.004435
2.002982
2.005016
1.991602
2.016118
1.998219
1.994913
1.999803
2.002974
1.991991
1.987514
1.958664
1.987778
1.997216
2.004120
2.011184
2.022358
2.001333
2.008379
1.969560
1.981800
1.997411
1.996540
2.026021
2.014210
2.003970
2.008942
2.014215
2.020701
2.000609
2.000567
2.016587
2.014432
2.011319
2.003691
2.015390
1.975289
1.992706
1.993266
2.010495
2.028725
1.984479
1.981034
1.988132
2.012755
1.996457
2.007075
2.003703
2.029968
1.992843
2.006362
2.027088
2.019081
2.007995
2.016877
2.016208
2.019514
2.003467
2.004699
2.030974
2.036106
2.005624
2.009492
2.007243
2.028471
1.985586
1.994049
2.001317
2.022280
2.013949
2.000529
2.010346
2.018568
1.990913
1.996955
2.000597
2.007776
2.012319
2.004197
2.001603
2.010445
2.006949
2.007302
2.026425
2.007687
1.991952
1.992008
1.991617
1.971413
2.014212
2.015730
2.005602
1.986535
1.999923
2.004515
1.982020
1.978528
1.996806
1.993060
1.999622
2.012690
1.990035
1.978754
2.002785
1.996219
2.006295
2.012985
2.006176
1.986922
1.973468
1.980958
1.970832
2.002132
1.999450
2.004426
1.984196
1.987718
2.003191
1.996389
1.989402
1.983500
2.013039
2.013046
1.996804
2.002420
1.994152
1.985546
1.960086
1.985014
1.993340
1.982564
1.950954
1.981548
1.984915
1.983707
1.980960
1.986626
1.995302
2.007534
2.021669
2.018165
1.993501
1.990045
1.978491
1.993323
1.987975
1.993801
1.984490
1.995949
1.993623
1.990364
1.989143
1.977337
1.986252
1.980629
1.999969
2.008722
1.996895
1.992844
1.982884
1.972954
1.992118
1.992881
1.979640
1.970043
2.011530
2.016363
2.016895
1.993224
2.002983
2.025857
2.008394
2.003384
1.997737
1.999197
2.012818
2.002171
2.008720
2.020241
2.041484
2.037190
1.995100
1.991842
2.015796
1.986052
2.014934
2.017036
2.029795
2.037641
2.001813
1.994273
2.004718
2.000579
1.995687
2.000585
2.010061
2.002273
1.992937
1.994337
1.997324
1.978437
1.998753
1.996179
1.994421
1.957088
1.983218
1.991708
1.975622
1.980097
2.002204
2.000701
1.994111
1.991030
1.996993
2.002949
2.025630
2.020985
1.999183
2.013539
2.004391
1.989292
2.004689
2.002298
2.001035
1.992901
2.017400
2.023550
2.019376
2.025164
1.991985
1.986526
1.982229
1.984183
1.998389
2.001236
2.014728
2.007796
1.999240
2.006191
2.035019
2.002077
2.007902
2.013729
2.026658
2.020851
2.001760
2.012480
2.023008
1.990508
2.004459
1.999751
1.988301
1.978118
2.001805
2.009840
1.999325
2.008875
2.003266
1.994676
1.948790
1.958318
1.987802
1.982947
1.984434
1.995645
2.001971
1.999628
2.009338
1.990263
2.002376
1.997998
2.017526
2.011076
2.000930
1.993670
2.003967
1.999951
2.008471
2.003765
1.995240
2.015732
1.987198
1.992614
2.003520
2.032872
1.995719
2.003903
1.989716
2.016403
2.003353
2.000009
2.007061
2.004563
1.988390
1.975681
1.974297
1.978037
2.005162
2.019809
1.999810
2.001660
2.005688
2.005244
2.016979
2.013958
2.006164
2.010554
2.002571
2.002900
1.999549
1.999451
1.983611
1.995224
1.999623
1.997322
2.004467
2.027306
1.988136
1.986067
1.973029
1.972625
2.008930
2.004541
1.985240
1.987052
1.977300
1.992499
1.958726
1.966418
2.005760
2.006502
2.014532
2.011582
2.001157
2.005296
2.006505
1.993488
2.011628
2.007761
1.998096
2.008741
1.993183
1.999853
2.016929
2.011174
1.997875
1.985937
1.981429
2.001439
2.001275
1.999413
1.972903
1.982777
2.002700
1.996541
1.992264
1.968460
2.000858
1.999349
1.978580
1.979175
1.998901
1.992012
1.980454
1.972333
2.005997
2.011969
2.014199
2.000833
1.984574
1.981737
1.982815
1.960644
2.012002
2.011842
1.987668
1.977485
1.991398
1.998603
2.016151
2.001199
2.013456
2.001285
1.991748
1.988633
1.995625
1.996958
2.001781
2.011129
2.004798
2.006205
2.000690
2.001852
1.995381
1.998536
1.988319
2.015119
1.990772
1.986892
1.981103
1.977303
1.968939
1.956198
1.952513
1.972784
1.998465
1.987211
1.974900
1.998223
1.997616
1.992111
1.993493
2.006584
2.012803
1.997112
1.987466
2.014490
2.001233
1.990599
1.957830
1.982696
1.999338
2.008848
2.000393
1.993102
1.997518
2.009121
2.005668
2.009999
2.000545
2.001772
2.014823
2.019770
1.997813
2.005176
2.030571
2.014003
2.006055
2.003810
2.007665
2.015208
1.996715
1.998278
1.970506
1.960676
2.013135
2.010684
2.039120
2.031090
1.998855
1.991587
2.001718
2.008336
2.008476
2.000782
1.985377
1.985041
1.994119
1.998875
2.030263
1.999203
1.998961
1.981733
1.983241
2.015802
2.009392
2.014695
1.996622
1.992662
1.997576
2.017258
2.025292
2.038205
2.010673
2.014679
2.032902
2.015245
2.008378
2.016471
2.026694
2.012281
1.997835
1.990268
1.977515
1.987734
2.009500
2.023252
2.037240
2.045983
1.994128
2.000696
1.974058
1.967786
2.017130
2.008500
1.996574
1.972707
1.995688
1.999970
1.993627
1.999189
2.014555
2.017862
1.988892
1.988506
1.997627
2.002419
1.989637
1.999278
2.002172
1.992207
1.988005
1.989910
2.006951
1.998826
2.007024
2.022568
1.990968
1.987016
2.016924
2.017846
1.991200
1.995690
2.004647
2.001797
2.002813
1.986665
1.967216
1.974046
1.996676
2.010899
2.037852
2.022740
2.009876
2.013133
1.976950
1.981383
1.984066
1.981172
1.987446
2.009763
1.996470
1.994277
1.983515
1.991151
2.001526
2.008192
1.974825
1.966431
1.992921
1.995725
1.982487
1.976945
2.003112
1.993488
1.958561
1.972010
1.992471
1.985906
1.989354
1.993464
1.982045
1.994957
2.018327
2.029447
1.996905
2.002488
1.956902
1.969458
1.998199
1.996338
1.983446
1.975953
1.997684
1.998513
1.997745
1.977402
2.005802
2.019966
2.033385
2.001618
2.009364
2.007943
2.024938
1.994424
1.990145
2.005397
1.996514
2.014655
2.000888
1.993801
1.994288
2.002026
1.996458
1.999893
2.010762
1.995132
2.008595
2.008079
2.005526
2.011211
1.989594
1.994671
1.984940
1.968476
2.004086
2.012422
2.037454
2.003856
2.005089
2.002747
2.014994
1.998149
1.988374
1.989593
1.989693
1.965390
1.994026
1.993726
1.958916
1.974387
2.010452
2.017737
2.008405
1.969163
2.011045
2.014915
2.016497
2.026782
2.003361
2.013212
2.025715
1.998791
2.021205
2.033175
2.040526
2.030703
1.994978
1.999622
1.974128
1.962942
2.015391
2.026794
2.032424
2.037712
2.005230
2.009542
2.017793
1.993057
1.999296
2.001895
1.979546
2.005586
2.005742
2.007818
2.006807
2.006221
2.013373
2.018011
2.000659
1.997736
2.003620
2.009595
2.012634
2.000463
1.978893
1.991233
1.980804
1.997881
2.002204
2.006671
1.988458
1.999820
2.014493
2.013794
1.975375
1.951814
1.988069
1.973223
1.976813
1.962537
2.014694
2.012213
2.026057
2.020352
2.002987
2.011069
2.028227
2.044651
1.995777
2.005577
2.023942
1.994518
1.998418
2.000762
1.957349
1.974439
2.018033
2.011906
2.002218
2.000909
2.000807
1.988890
1.987339
1.984505
1.990566
1.978281
1.977674
2.009505
2.007272
2.002845
2.022165
2.006551
2.008636
2.009263
2.039805
2.052769
1.989359
1.979720
1.987273
1.977411
1.995453
1.998384
1.982078
1.998462
2.009640
2.013274
2.013628
2.008444
1.996110
2.004306
1.992955
1.973695
2.002146
1.993209
2.007653
2.027378
1.989746
1.994758
1.974979
1.997169
2.004944
2.009978
2.018758
2.018266
1.984609
1.980804
1.950857
1.954240
1.999863
1.998841
2.008924
2.024716
