1.999191
2.006224
2.038086
2.016301
1.999137
2.008440
2.003379
1.994119
2.008007
2.021388
1.994330
2.012440
2.018923
2.014406
2.004655
2.016591
2.005348
1.986896
2.004010
2.011190
2.014010
2.006902
1.994180
1.983932
1.994326
1.991641
2.018413
1.978961
1.997747
1.995390
1.992036
1.993477
2.003488
2.013041
2.002758
1.986721
2.006167
1.992907
2.001882
1.985924
2.013958
2.014861
2.036392
2.023553
1.991103
1.985403
1.983549
1.970335
1.989064
1.971162
1.967977
2.007844
1.998537
1.991395
1.985216
1.976096
1.995117
1.984881
1.997939
2.005436
2.016983
2.003897
1.992520
1.981271
2.000495
1.991191
1.976897
1.976529
2.006070
2.011029
1.992008
2.006367
2.002447
2.000016
2.008610
2.008995
1.997528
2.002818
2.010915
1.975531
2.007675
2.001335
2.011794
2.027005
2.002163
1.990844
1.982827
1.988665
1.990741
1.993690
1.994309
2.008710
2.001558
2.000791
1.970940
2.005632
2.011485
2.014615
2.006925
2.015365
2.009188
2.013174
1.975566
1.986022
2.000101
2.019123
2.013129
1.990914
2.001303
1.997192
2.002860
1.990680
1.989890
1.989757
1.978133
2.000895
2.003286
2.000294
2.002337
1.993874
2.001875
1.996839
1.962103
1.984817
2.000099
2.007192
1.994253
1.987618
2.012775
2.001364
2.000745
2.002084
1.994812
2.001440
2.007959
1.996692
1.998420
1.993269
1.997606
1.996873
2.001014
2.004987
2.008257
1.991570
2.015143
2.011151
2.010012
2.016357
2.008294
2.022347
2.017089
1.999049
1.996021
1.999658
2.006204
1.994769
1.982483
1.984757
1.989886
2.006116
1.989397
1.994245
2.001558
1.986241
2.009452
1.999356
1.984556
1.982854
1.999607
1.999230
1.983535
1.994973
2.006417
2.010290
2.028251
1.987600
2.016123
2.026105
2.014546
2.041268
1.990831
1.993444
1.988443
1.962436
1.999735
2.007702
1.997051
2.016374
2.000046
2.000478
2.028135
2.023525
1.996720
1.984351
1.971125
1.969442
1.986646
1.984608
1.967696
1.968442
2.021425
2.030403
2.025592
2.019947
1.997691
1.999732
2.023463
2.030194
2.004958
2.000872
1.995971
1.998848
2.007507
2.002644
1.973945
1.953821
2.006479
2.013713
2.018978
2.006615
2.005133
2.007695
2.007375
2.004952
2.008208
2.010585
2.015249
2.027450
1.994025
1.978837
1.962916
1.961646
2.007194
1.999069
1.994972
2.011666
2.005668
1.992157
1.995131
2.005666
2.011467
2.010313
1.973663
1.955858
1.998239
1.976417
1.951223
1.959162
2.005468
2.006514
2.005027
2.033990
1.986581
1.984162
1.994437
1.999726
1.988907
1.987513
2.008449
1.971327
1.995552
1.992329
1.954593
1.969636
2.007348
2.009539
2.020646
2.039187
1.987347
1.969440
2.002445
2.012123
1.989726
1.995018
1.993996
1.967465
1.975000
1.986561
1.962496
1.978011
2.014207
2.015030
2.044241
2.055445
2.008044
2.010753
2.024082
2.023956
2.002278
2.001626
1.996081
2.009904
2.004300
1.997400
1.947482
1.989022
2.023202
2.025148
2.062495
2.049900
2.001204
1.984713
1.994208
2.018904
1.993063
1.989182
2.016342
1.993488
1.987162
1.995344
1.972058
1.988222
1.988584
2.002159
2.022655
2.003576
2.003258
2.015581
2.005014
1.989631
1.993341
1.988618
1.995833
1.984294
2.003520
1.997548
1.956797
1.974254
1.991594
1.993176
1.976859
2.000081
2.004876
2.001172
1.996600
1.969524
1.998092
1.991922
1.991351
2.024399
2.002071
1.986764
1.982572
1.992202
1.996329
1.995295
1.981475
1.962836
2.012067
2.004021
1.992207
2.000243
1.980564
1.986885
1.978111
1.982484
2.001939
2.003645
2.021759
2.002929
1.992128
1.986103
2.013679
2.002655
2.006168
1.996303
2.033411
2.023957
1.998593
1.992584
1.960264
1.991694
2.000311
1.997179
2.002800
2.004873
1.988553
1.985655
1.984390
2.014273
2.012946
2.007063
1.994407
1.995964
2.008156
2.013575
2.036296
2.031675
1.994861
2.005022
2.013498
2.012871
2.003204
2.009016
2.017593
2.021583
2.003020
2.014880
2.010869
2.003867
2.010422
2.019697
2.011795
2.000370
2.007281
2.018515
2.007906
1.986108
2.003738
2.005064
2.002649
1.983738
1.996582
2.006801
2.005310
2.029610
1.995488
1.998397
1.997461
2.007425
2.001265
2.007600
2.014049
2.016617
1.993949
1.990302
1.982694
1.958390
1.993064
1.982788
1.984960
1.992328
1.987289
1.996475
2.006552
2.026177
2.004765
2.009137
2.010157
2.000185
1.997952
2.016456
2.028041
2.020757
2.001985
2.005010
1.985642
1.995228
2.002886
1.992917
1.981145
1.982148
1.991770
1.993182
1.989311
1.971152
2.007652
2.006459
2.026828
2.063010
2.010616
2.018249
2.018470
1.995265
2.002406
2.001096
1.985472
1.981960
2.001483
2.004359
2.007605
2.000001
2.005098
2.013600
2.005702
1.988821
1.979364
1.976591
1.965681
1.999905
2.015010
2.011412
2.009641
2.009496
2.001005
1.999796
1.999333
1.988950
1.989474
2.001962
2.001893
1.985967
1.993793
1.985319
1.964743
1.987808
1.998280
1.996658
1.996096
2.007628
1.996593
1.989938
1.976131
1.960597
1.994495
1.997304
2.038153
2.035038
2.004173
1.993560
2.004781
2.004855
1.988666
1.993274
1.984725
1.999957
1.973737
1.965780
1.915661
1.938726
2.000053
1.999765
2.000217
2.016810
2.000938
1.999680
1.972258
1.981512
2.002546
2.004594
2.002926
1.989337
2.011776
2.014300
2.011863
1.991717
1.999677
2.010459
2.010402
2.000956
1.997649
1.994432
1.995992
1.985936
1.997097
1.999985
2.004392
2.019291
2.006526
2.008433
2.030139
2.005550
2.014230
2.015984
2.030035
2.038051
2.003054
2.018900
2.011931
2.002994
2.008089
2.002294
1.991134
2.015303
2.004910
2.022160
2.013898
2.004474
2.007880
2.009502
2.016908
2.005775
1.985000
1.990641
1.973095
1.977731
2.014331
2.029779
2.050088
2.030339
2.004800
1.994359
2.010444
2.020767
2.024474
2.024032
2.000329
1.977395
2.016222
2.028262
2.039596
2.047155
2.017202
2.025153
2.019668
2.023640
2.009931
2.008981
2.007567
2.001948
2.008287
2.017193
2.044188
2.002918
1.995776
1.987326
1.963281
2.009941
2.015018
2.009876
2.040123
1.996922
1.998781
2.010803
2.022041
1.989946
2.002344
2.000161
1.989461
1.993988
2.015925
2.018069
2.035658
1.993529
2.009738
2.007082
2.003969
1.983199
2.006474
2.011277
1.999897
1.956092
2.002269
2.000445
2.010399
1.991652
2.005597
2.014873
2.048002
2.023080
1.995033
1.984151
1.980615
1.995046
1.986173
1.982871
1.972751
1.980153
2.003240
1.996863
2.006466
2.001819
1.995747
2.004032
1.988545
2.013247
2.004597
2.018132
2.026863
2.037218
1.998417
2.002890
2.009199
2.011201
2.008463
2.013647
1.986477
2.002171
1.988541
1.985481
1.970709
1.973850
2.005685
2.010685
2.002962
2.005098
1.991464
1.997116
1.970428
1.975383
1.992176
1.996048
2.012895
1.995272
2.003243
1.990405
1.992696
1.997179
1.996782
1.982430
1.967102
2.007437
1.975427
1.990563
1.956503
1.970156
2.011824
2.019482
2.022552
1.998576
2.013240
2.013968
2.057769
2.041229
1.990562
1.983060
1.970809
1.985232
1.989209
2.003322
2.011045
2.015766
1.997227
1.984798
1.982441
2.001898
2.002739
2.005595
1.994107
2.013223
1.998439
2.010046
2.004009
2.008788
1.994085
1.992982
1.982233
1.964968
1.982245
1.975973
1.947276
1.956335
2.004136
2.010131
2.008609
1.999180
1.989741
1.990291
2.008816
2.001368
2.002735
1.990978
1.989969
2.004998
1.989033
1.991299
2.010137
2.035777
1.994019
2.002106
2.024440
2.021213
1.995031
1.996270
2.003785
2.011326
1.993732
1.999663
2.001435
2.029624
1.996433
1.982126
1.966237
2.000749
2.009718
2.010408
1.985828
2.005767
1.980202
1.971702
1.957720
1.957793
1.999754
1.988700
1.975485
2.000436
1.992388
1.992797
2.013923
2.029860
1.982450
1.977973
1.953655
1.965345
2.011226
2.010295
2.054923
2.022106
2.011955
2.016793
2.028975
2.036368
1.996666
2.006372
2.000329
2.003956
1.998136
1.996503
1.995149
2.016515
1.979850
1.979222
1.961110
1.969686
1.987123
1.995399
1.999362
1.989639
1.994673
1.991093
1.988325
1.994106
2.011962
2.008916
2.038952
2.031185
1.993913
2.001113
1.976150
1.992236
2.012172
2.001546
2.016496
2.026339
2.001318
1.990227
1.981643
1.995927
1.996141
2.007138
2.018480
1.994222
2.008656
2.013506
1.995766
1.994276
1.983977
1.986810
1.967526
1.981632
1.996371
2.014708
2.035526
2.022353
1.995189
1.979280
1.948861
1.945737
1.986910
1.985212
1.969434
1.972865
2.008152
2.020807
2.036130
2.047027
2.002331
2.013326
2.014234
2.014754
1.979629
1.976217
1.957481
1.965545
2.000511
2.005557
2.005787
2.012272
1.992340
1.989580
1.990302
1.992568
1.997124
2.000473
1.985628
2.002297
1.992531
2.004918
2.010225
1.985691
1.998510
2.011061
2.008921
2.002426
2.000064
2.008999
2.029835
2.007650
1.994905
2.007862
2.026725
2.036561
2.001055
1.983822
1.967092
1.972114
2.019062
2.021881
2.030020
2.005456
1.996347
1.993321
1.989818
2.013665
1.996356
1.991810
1.985938
1.954318
1.996270
1.994094
2.008899
2.008772
2.002162
2.008030
1.973787
1.966419
1.993112
1.995212
1.990578
1.992415
2.002097
2.011960
2.027634
2.009426
2.011597
2.005459
2.022783
2.003774
2.005906
2.009385
1.999728
1.991586
1.995551
2.002154
1.955110
1.967934
2.021300
2.028417
2.041097
2.013439
2.001358
2.021165
2.027044
2.021417
1.999558
2.008638
2.018230
1.985023
1.988462
1.977189
1.950656
1.952390
1.991593
2.006392
1.996628
2.018740
1.998132
1.993405
1.998117
1.966179
1.993809
1.996511
1.999347
1.971684
1.987651
1.997925
1.979040
1.989346
1.999114
2.003672
2.008334
2.011035
2.003369
2.011437
2.029939
1.992443
1.994898
2.005196
1.998161
2.008005
2.007532
2.011759
2.012763
2.016640
2.003597
2.003748
2.017262
2.005668
2.018137
2.007661
2.019983
2.008415
2.008916
2.012193
2.016917
2.028470
1.992967
1.992986
1.989074
1.990022
1.990850
1.994775
1.986931
2.007646
2.009277
2.004629
2.017177
2.025601
1.994247
1.984354
1.989213
1.999147
2.003884
2.007739
2.014169
1.993448
2.002567
1.987859
1.988449
1.992636
1.998856
2.008662
2.024684
2.012635
2.004639
2.011613
2.025462
1.993930
1.996874
1.993751
1.996890
2.025670
1.979045
1.991657
1.986903
2.000899
1.996763
1.997351
1.986656
1.994256
2.002879
2.004776
2.025420
2.028783
1.995418
1.994685
2.004605
2.007822
1.998664
2.006285
2.046214
2.012946
2.002732
2.012569
2.026030
2.043529
1.989334
1.989782
2.000158
1.977924
1.984431
1.991306
1.974740
1.969717
1.993295
1.998594
2.001908
2.038207
2.008663
2.010798
2.035234
2.041300
1.988465
1.976985
1.976838
2.013753
1.994753
2.002827
2.006105
2.018253
2.014938
2.013377
2.018724
1.994163
1.997950
1.998059
1.961849
1.986058
1.994915
2.003336
2.010409
1.991198
2.009472
2.013681
2.012438
2.009529
2.018906
2.017825
1.975096
1.971285
2.002140
1.992988
2.011704
2.001457
2.000116
1.989854
1.980704
1.989944
2.006336
2.010701
1.999850
1.999925
1.985086
1.980138
1.951076
1.951887
1.986155
1.982883
1.986216
2.002962
1.997136
1.981512
1.992445
2.012461
1.998939
2.007842
2.004291
1.984705
2.007600
1.998753
2.007613
1.982858
2.005807
2.015959
2.004314
2.007116
1.996892
1.983258
1.979850
1.981570
1.977506
1.982837
1.969109
1.995133
2.011396
2.009306
2.002157
2.005892
1.992279
1.984029
1.977280
1.983081
2.005142
2.006498
2.031338
2.011359
2.003948
1.998761
2.015028
2.019712
1.999841
1.983531
1.980461
1.977598
1.994616
1.997865
1.966587
1.959175
1.989537
1.986114
1.990771
1.985206
2.004306
2.004760
2.021516
2.001900
2.004109
1.996896
2.020616
2.004775
2.008847
2.018581
2.001692
2.017384
2.000890
1.998243
2.017195
2.040781
2.015118
2.024096
2.022508
2.020191
2.004854
2.013176
2.019090
2.027202
2.011446
2.028231
2.041231
2.029407
2.000115
1.996801
1.989787
1.981971
2.011868
2.008188
2.014505
1.985863
1.995953
1.997255
1.995260
1.982115
2.000635
1.989715
1.972086
1.990294
1.985375
1.988160
2.016802
1.982672
1.999083
2.000897
1.987978
1.983672
2.012146
2.008549
2.004358
1.988061
2.008349
2.013620
1.988418
1.972551
1.993956
1.988396
1.988688
1.974141
2.018803
2.020763
2.030598
2.017963
1.999486
2.003362
1.992724
1.986607
2.001613
2.006473
2.016087
2.018606
1.998967
2.004072
2.005241
2.005072
2.020925
2.016343
2.020796
2.031554
2.015476
2.032849
2.046697
2.028067
1.994723
1.981800
1.981503
1.987648
1.990003
1.996490
1.993111
1.997608
1.995931
1.997557
2.022050
1.998982
1.986594
1.989193
2.011309
2.011501
1.995272
1.994551
1.989335
1.996541
2.012288
2.004926
1.997450
1.997834
1.992184
2.001131
2.000456
1.993066
2.022604
2.024748
2.041130
2.025404
1.992985
1.990719
2.003548
2.009580
1.992151
1.991141
1.981847
2.007774
1.992479
1.996498
1.991249
2.004760
2.006501
2.002950
2.000959
2.000969
2.004469
2.009500
2.045648
2.057580
2.006466
1.997093
2.019872
2.048324
1.978884
1.970212
1.969782
1.985023
2.007103
2.008941
2.004103
2.025677
2.006001
2.007041
2.040521
2.036703
1.992739
1.989740
1.972766
1.958530
2.002545
1.997161
2.004997
1.981352
2.004659
2.005936
2.019646
1.988943
1.996930
2.002645
1.992764
2.007272
1.992193
1.984226
1.999730
2.030044
2.015994
2.022160
2.022733
1.984664
2.001462
1.989735
1.965287
1.980061
1.994764
1.991635
1.994470
1.990545
2.000516
1.998711
2.004126
2.008841
2.004559
1.998139
1.998410
1.997566
1.996338
1.999924
2.014554
2.019139
2.001857
2.008067
1.992719
2.012884
1.993676
1.989835
1.992375
1.993770
1.998250
1.988030
2.009163
2.024968
1.986076
1.981315
1.973133
1.972467
1.990272
1.979075
1.960761
1.970489
1.993032
1.994909
1.987057
2.005328
1.996025
2.000198
1.982881
1.990051
2.003856
2.003468
1.993180
1.976140
2.017118
2.016626
2.007107
2.024361
1.989504
1.983059
1.990611
2.018108
2.001497
2.006403
1.993771
2.012061
2.000929
2.001880
1.980228
1.988500
2.004591
2.007661
2.005004
1.998058
1.997213
1.992918
1.963609
1.973173
1.997014
2.000405
1.996791
1.980104
1.983954
1.981642
1.995393
1.941885
1.989723
1.987937
1.976056
1.992868
2.005888
2.006801
2.008738
1.993592
2.001052
1.993662
1.984385
1.971870
1.992643
1.997949
2.002538
1.989561
2.008489
2.000819
1.984930
1.996681
1.999790
2.004556
2.034180
2.049947
1.996336
1.988848
2.005474
2.012935
2.009953
2.007157
2.006905
1.979042
1.978563
1.975085
1.992656
2.001203
1.999697
1.997496
2.015796
2.004421
2.010248
2.014307
2.026647
2.005770
1.992593
1.999611
2.000228
2.014578
2.006530
2.005907
2.006412
1.997903
1.990885
1.984831
1.983624
1.984156
1.987696
1.992879
1.959808
1.998496
1.987704
1.997169
2.002639
2.019165
1.983099
1.994905
2.000531
1.981743
1.996190
1.986109
2.003715
1.983042
1.994914
1.998102
2.022139
2.015204
1.988850
1.994695
2.004909
2.019848
1.991130
2.002924
1.995912
2.026299
1.997990
1.986157
2.016536
2.011771
2.014744
2.011430
1.979636
2.004496
1.997699
1.995277
2.005733
1.988362
1.994825
2.013670
2.021499
1.992615
1.989336
1.999975
2.026218
2.036959
2.004766
2.007528
1.988682
1.997452
2.003971
1.996633
1.991787
1.990187
2.009496
2.008478
2.013550
2.014374
2.000427
1.997144
1.996636
1.987607
1.993272
1.986612
2.010593
1.995875
1.986154
1.986327
1.993657
1.977037
1.996290
2.003777
1.988300
2.007822
1.998943
1.984478
2.019044
2.017157
1.990166
1.977185
1.980501
1.964813
1.997239
1.991273
1.995527
1.995909
1.998114
1.997174
1.995489
1.953261
2.002864
2.006455
1.975498
1.988912
1.995214
1.987444
1.952365
1.954749
2.000882
2.019813
2.005014
1.994391
1.991232
1.988287
1.960748
1.965526
