1.980494
1.977473
1.957253
1.967555
2.006887
2.017511
2.008630
1.986866
2.012574
2.012613
2.002128
2.007392
2.006719
2.016324
2.003506
2.006136
2.006938
2.004458
1.989781
1.997552
2.013018
2.003676
2.018729
2.026922
1.993969
1.990079
1.983128
1.959309
1.993653
1.990778
1.983412
1.995248
2.004665
2.005190
2.027843
2.012696
1.996962
1.995664
1.958540
1.950278
1.997162
2.016377
2.040713
2.026817
2.001538
2.005231
1.988453
1.996291
1.994149
1.997227
1.984091
1.967665
2.004403
2.005608
2.021571
2.002164
1.999643
2.016196
2.012612
2.024057
1.978075
1.975717
1.959834
1.968001
2.001711
2.001309
1.986060
1.981443
1.995843
1.994475
2.016215
1.982653
2.003969
2.012670
2.019298
2.026303
2.002246
1.994186
2.002997
2.018655
1.997937
2.011214
2.005496
2.001328
2.003172
2.003661
2.005426
1.990802
1.999035
1.998143
1.993167
1.960078
2.000669
1.989405
1.973414
1.991011
2.000304
2.011068
1.995503
1.987862
1.998553
1.995168
1.992670
2.017981
1.994887
1.997811
2.039426
2.038478
2.001336
2.000411
2.004906
1.993893
1.994129
1.988544
1.987841
1.973700
2.004074
2.001898
2.028359
2.027362
2.002241
2.012748
2.027573
2.007076
2.000169
1.998705
1.967519
1.977475
2.009468
2.014195
2.027555
2.022659
2.021080
2.016581
2.022839
2.033184
1.981026
1.958298
1.921477
1.945892
1.999740
2.018973
2.027279
2.021951
1.996282
2.000519
2.002963
2.017052
1.989011
1.982488
1.984779
1.998492
1.987167
1.989943
2.012147
2.012488
1.982904
1.978066
1.962253
1.987734
1.991985
1.993441
1.997179
1.969755
2.005251
2.023905
2.021391
2.010722
1.985040
1.990699
2.000779
2.030658
1.993212
1.990237
2.002117
2.011089
1.992329
1.998003
1.994524
1.967955
2.009106
2.012942
2.014624
2.018842
2.022735
2.021217
1.995511
1.975209
2.006892
2.006701
2.019677
2.017790
2.005642
1.996556
2.021621
2.049553
2.012586
2.022047
2.001741
2.013654
1.991509
1.994137
1.987445
2.010211
1.995089
1.987361
1.963211
2.009998
2.008079
2.003919
1.986765
1.988583
2.001838
1.997356
2.005552
1.981680
1.992138
1.991576
1.997256
1.987063
2.000442
2.010135
2.025014
2.015229
2.010450
2.006888
2.003179
1.983374
1.990684
1.997707
2.010132
2.010316
2.002043
1.991102
1.967561
1.981946
1.997138
1.988817
1.992082
1.988045
2.005939
2.009878
2.034200
2.037538
1.984651
1.982445
1.975140
1.981936
1.999107
1.991517
1.981656
1.971255
2.000659
2.006341
1.990231
2.011418
1.981871
1.981295
1.968963
1.981985
1.983836
1.991569
1.973219
1.971598
2.006419
2.010667
1.982990
2.001492
2.012191
2.001031
1.994711
1.991430
1.993330
1.994508
1.986813
2.003678
2.013205
2.000139
2.017177
2.016693
2.014534
2.013287
2.014714
1.991378
2.003606
1.990467
1.993917
1.998575
1.966573
1.952594
1.949746
1.972348
2.001201
2.006448
1.993319
2.015061
2.007586
1.997256
2.022951
2.008768
2.000876
1.993165
2.014144
2.000064
1.989508
1.981258
1.968991
1.984322
2.001101
2.009686
1.997859
1.991256
1.984383
1.982637
1.998102
1.944034
1.994145
1.997207
1.984679
2.003685
1.994193
1.977439
1.985556
2.004984
1.994509
1.992790
1.983357
1.967147
1.999077
2.002774
1.973010
1.964092
2.008304
2.000106
1.984223
1.996571
2.008559
2.003326
1.992360
2.002501
1.976991
1.982155
1.968250
1.994113
1.988711
1.990585
2.008916
2.033839
1.996374
1.979357
1.985545
2.013657
1.999787
1.998183
2.016380
2.005404
1.997672
2.013624
2.007539
2.012865
1.998685
1.983445
1.979297
1.975517
2.008414
2.009377
1.987828
2.006608
1.996083
1.986970
1.971499
1.985540
1.988147
1.993196
1.959626
1.998217
2.008357
2.001448
1.992223
2.012058
2.008175
2.017523
2.003708
2.023408
2.010718
2.008763
2.053035
2.018990
2.013522
2.018955
1.988421
1.994714
1.992742
1.998202
2.012861
2.024512
2.000769
1.999453
1.984417
1.999970
2.001445
1.998671
1.994111
1.983309
1.988036
1.995875
1.998664
1.990906
1.991492
1.996508
2.004012
2.000993
1.994889
2.013071
2.021060
1.991726
1.992527
1.973104
1.996466
1.980576
1.998939
2.001416
1.990524
1.984296
2.001112
1.989440
1.977822
1.995141
1.997041
1.996986
1.992010
1.995647
2.000376
1.996398
1.996436
1.986286
2.000300
2.006340
2.010949
2.025737
1.998106
2.001849
1.990915
1.983438
1.996982
1.980745
1.951598
1.948567
1.979683
1.992824
2.012325
2.026425
1.991146
1.978302
1.977133
1.962186
2.003416
2.008249
2.007770
1.998842
1.993954
1.980149
1.979181
1.985542
1.998468
2.002778
2.002967
2.012733
2.008693
2.008444
2.023747
1.996004
1.999761
2.017831
2.000750
1.991950
1.982183
1.989484
1.971578
2.007018
2.011999
2.005479
1.999152
1.998706
1.999272
2.007729
2.031262
2.006505
1.987172
1.994078
1.979385
1.965369
2.002303
2.022073
2.009689
2.026941
1.997456
1.997712
2.033509
2.029010
1.993097
1.997478
1.990999
2.005832
1.996938
1.992069
1.986588
1.954261
2.009768
2.017177
2.007596
1.969457
2.000227
2.000799
1.983972
2.017340
1.980543
1.976561
1.977930
2.001524
2.007635
2.009632
2.005349
2.028014
2.012063
2.005113
2.023498
2.004165
2.013946
2.023439
2.028886
2.033203
1.982228
1.981403
1.999622
1.996474
1.990039
1.991108
1.982643
1.982748
1.997349
2.002922
1.992085
2.000473
2.001360
2.009340
2.017336
1.989420
2.003040
2.009458
2.009305
1.996577
2.003731
2.008630
2.012576
2.004636
1.990479
1.992449
1.995207
2.008222
1.998970
1.996854
2.001650
2.007142
1.986581
1.996056
1.977540
1.987793
2.014300
2.008767
2.022380
2.016044
1.984978
1.992295
1.994342
2.008138
1.995189
2.007716
2.016361
2.018405
1.998019
1.986626
2.003726
2.022822
2.003441
2.003343
2.018470
2.004141
2.001027
1.988930
1.984982
1.983450
2.009248
2.008692
2.002377
1.992445
2.002680
1.994665
1.987401
1.993883
2.001843
2.001387
1.987686
1.971977
2.009735
2.003547
2.015224
2.024676
1.994756
1.996520
1.981134
1.998599
1.999285
2.010523
2.011320
2.031951
2.003913
2.010680
2.046041
2.006048
2.004447
2.008121
2.007043
2.001079
2.004323
2.008823
2.018204
1.986678
2.002858
2.005514
2.014418
2.014019
2.014742
2.028859
2.021118
1.997509
2.000821
1.994723
2.001326
2.010003
2.006682
2.006573
2.011310
1.996031
1.996558
1.995601
2.006692
2.011550
1.995486
2.008614
2.034659
2.028543
1.990523
2.005358
1.980086
2.013022
2.011670
2.005465
2.010065
1.990675
1.998675
1.992739
2.006963
2.012581
1.993047
1.998877
2.001988
2.037691
2.001182
2.015581
2.031384
2.005893
2.013431
2.019898
2.021566
2.000237
2.000124
1.988320
1.994898
1.957093
1.994322
2.000554
2.005144
2.019522
1.997772
1.997583
1.962608
1.986744
1.998149
1.998390
1.944119
1.979563
2.011881
2.014364
1.992642
1.970730
2.007460
2.003231
1.993479
1.978188
1.984031
1.997193
2.005281
1.986042
1.999666
1.989163
1.982596
1.990410
2.019149
2.021894
2.039751
2.011446
1.978852
1.984630
1.983522
2.009999
2.008190
2.017638
2.020911
1.998179
1.996252
1.985818
2.015930
2.007865
1.998728
2.007220
2.003929
1.984388
2.001528
2.000350
1.999475
1.998253
1.991157
1.991210
2.002220
2.029529
2.001271
2.006193
2.020814
1.987417
2.004929
2.008003
1.986382
1.995076
2.012024
2.010468
2.006021
2.012064
2.008623
2.014190
2.016734
2.019207
2.015848
2.007056
2.035206
2.012740
1.992668
1.983232
1.955163
1.978862
1.986849
1.985797
1.991299
1.974526
1.993955
1.998971
1.967067
1.961943
2.001337
1.996564
1.958752
1.941571
2.010841
1.999099
1.986590
1.994230
2.004971
2.021087
2.041946
2.014919
1.997263
1.995830
1.997979
1.967173
2.003594
2.002066
2.022218
2.041992
2.020023
2.010503
2.019939
2.008352
1.997110
2.008226
1.986997
1.999490
2.002064
2.010993
1.990610
2.002533
1.999099
1.988601
1.991051
1.976401
2.011654
2.007794
2.011434
1.983743
1.995626
1.991488
1.964045
1.981035
2.005588
2.012338
2.014819
2.003878
2.012784
2.013813
2.023792
2.025925
1.984621
1.995254
1.994350
1.969894
2.012517
2.008126
2.001727
1.988251
2.009393
2.017952
2.043746
2.073070
2.000947
2.007900
2.011608
1.986780
2.001373
2.011966
2.019590
2.025514
1.989485
1.991481
1.990705
2.015783
2.003187
2.007082
2.016632
2.018341
2.005085
2.000557
1.971734
1.984298
2.000950
2.005071
2.008431
2.019882
1.996002
2.006462
1.994698
2.027076
2.023295
2.018229
1.996744
1.982157
1.989801
1.996675
1.993515
1.994001
1.991929
1.991874
1.971412
1.999165
1.998850
1.979557
1.963085
1.981479
1.998446
1.995248
1.972436
1.976247
1.995955
2.000815
2.015767
1.979530
1.991601
1.999975
1.998724
1.991249
2.015667
2.013314
2.007260
2.026569
1.992205
1.986008
1.994660
2.004712
2.003918
2.004542
1.983975
1.993282
2.004770
2.002892
1.998663
1.981723
2.006011
2.002720
2.000021
2.000854
1.982582
1.987708
1.966910
1.977323
1.981905
1.988304
1.987044
1.981000
2.016256
1.998876
2.022346
2.025642
2.009901
2.015575
2.016434
2.010555
2.005762
2.006769
2.038242
2.031890
1.992631
1.977020
1.955407
1.962594
1.999408
2.002331
1.997406
1.986444
2.005986
1.998915
1.963716
1.990824
2.000031
2.006694
2.006106
1.983106
1.992052
1.984548
1.998932
2.029303
2.000684
2.007492
2.021657
1.998336
2.011754
2.013399
2.020749
1.998611
1.995183
2.010857
2.008598
2.013065
1.993946
2.000470
1.988407
1.979819
2.003589
1.996469
1.996064
1.993741
2.003407
2.000383
2.007108
2.005196
1.994463
1.994362
1.988083
2.006934
1.976406
1.966145
1.932465
1.950364
1.989844
1.991907
1.990027
1.944001
1.987240
1.980932
1.970062
1.969482
2.004545
2.008895
2.042692
2.011378
1.986303
2.003851
1.986848
2.018939
2.000712
2.005836
2.032632
2.045888
2.012930
2.006185
2.014703
1.968016
2.017267
2.016974
2.009165
2.023958
1.997132
1.995799
1.972703
1.989998
1.999985
1.995443
2.014925
1.993574
1.992335
1.981496
1.991518
1.995785
2.000691
2.016957
2.039237
1.989737
1.999804
1.994956
1.964844
1.973195
1.994316
1.998096
2.005243
2.029888
1.991276
1.984874
1.976455
1.996811
2.002128
1.997234
2.004558
1.982286
1.995411
1.981212
1.991067
1.983198
2.001542
1.993892
1.985016
1.972639
1.984114
1.979507
1.996025
1.996965
1.978535
1.983491
1.995019
1.992685
1.998156
2.001213
2.010300
2.015208
1.999770
2.008364
2.029469
2.023593
2.010832
2.009301
2.010617
1.981842
2.004615
2.008727
2.028157
2.018551
1.982764
1.980294
1.960236
1.991449
1.999481
2.001514
2.002901
2.008759
2.002800
1.995787
1.991017
1.981234
2.005039
2.003860
2.004864
1.996803
1.990023
1.981670
1.950746
1.950375
2.005485
2.003948
1.986495
1.988766
1.995737
1.999151
2.029150
2.008088
1.989477
1.981325
2.003676
2.012934
1.998380
1.987419
2.003329
1.985963
1.990808
1.994447
2.010073
2.003461
2.006983
2.002251
1.993861
1.998211
2.012223
2.004259
2.010998
2.016087
2.020076
2.018632
2.042679
1.996759
2.015517
2.013936
1.985637
2.006536
2.009554
2.013451
2.039024
2.033998
1.996248
1.982874
1.925104
1.971681
1.996637
2.001067
2.018966
1.988009
1.986765
1.985836
1.958442
1.953158
2.005064
1.996181
1.991213
1.991053
1.984398
1.972667
1.991675
1.989533
1.983659
1.992599
1.982649
2.002784
1.992774
1.981913
1.961833
1.978242
2.003021
2.008553
2.032418
2.000129
1.997458
2.003960
1.987412
2.006760
1.986044
1.977395
1.986606
1.977670
1.995057
1.993095
1.994506
1.966011
1.985134
1.984954
2.006681
2.029378
2.008830
2.011105
1.980845
1.976059
2.002191
2.006963
1.977179
1.990825
2.009870
2.023866
2.015057
1.983534
2.004958
2.011425
2.019022
1.977634
2.004544
2.009226
2.031383
2.022450
2.000206
1.996715
1.973961
1.976369
1.993547
1.994625
2.009156
2.021233
2.005696
1.996627
2.004372
2.000773
2.012540
2.005274
2.021031
2.016512
1.994011
2.006056
2.025494
2.019583
2.010567
1.987394
1.964568
1.987927
1.999614
1.999819
2.031385
2.035993
1.999303
2.004021
1.993702
1.982260
1.989548
2.003340
2.000184
1.996586
1.998608
1.999750
2.021916
2.025683
1.982768
1.991826
2.021149
2.008989
2.009734
2.002025
1.995222
2.000423
2.002439
1.996128
1.989852
1.985921
1.987247
1.988935
1.982173
1.971043
1.999070
1.999193
2.009693
1.994992
1.990508
1.994897
2.002185
2.013681
1.992436
1.989430
1.995875
2.003159
1.996105
1.988513
1.992547
2.008367
2.001893
2.009138
1.988854
1.995053
1.998900
2.001099
1.980470
2.003456
2.013844
2.003906
2.021258
1.977263
2.004862
2.000695
1.994271
1.996013
1.999814
2.016051
2.015691
2.017576
1.993301
1.997613
2.011005
1.988691
2.001295
1.992432
2.007297
2.022766
2.010076
2.017424
2.010793
2.010973
1.993274
2.005022
2.025481
2.018297
1.989137
1.991529
1.987903
1.998429
2.017931
2.020839
2.035047
2.021556
1.991699
1.991148
1.990983
2.012210
1.983907
1.989433
1.992598
1.997093
1.993471
1.989595
1.980230
1.975564
2.000270
1.998239
2.005378
2.012680
2.016814
2.017151
2.012283
2.035625
2.002449
2.010128
2.030391
2.007962
1.996756
1.998787
1.969964
1.967474
2.010637
2.023084
2.046167
2.041138
1.991430
2.000360
2.003005
2.019439
1.997257
1.999416
1.976052
1.998660
2.007988
1.992424
1.983649
1.968590
2.005644
2.008221
1.992692
1.989266
1.991164
1.992101
1.987823
1.974064
1.996212
1.996956
2.002699
2.000043
1.999313
2.004855
1.994537
2.002933
1.982579
1.981611
2.005262
2.025259
1.981092
1.984565
1.976284
1.994250
2.003030
2.017216
2.007677
1.997284
1.996036
1.987336
1.993142
2.017051
1.995628
1.996043
2.003174
2.003371
2.005506
2.001783
1.945770
1.990924
1.990424
1.983547
1.994027
2.006021
1.999117
2.005394
2.032057
2.005010
2.008763
2.008212
2.010761
1.987339
1.998356
2.002917
2.005934
2.008964
2.000876
2.003384
1.997942
2.000143
1.997109
1.999248
2.016437
2.016926
2.003132
1.992196
1.951728
1.957497
1.983198
1.973243
1.977304
1.977788
2.012733
2.011939
2.018177
2.035744
1.984180
1.993512
1.997594
1.971752
1.995766
1.994686
2.002263
1.996548
2.010152
2.006424
2.001432
2.030298
2.012575
2.015118
2.047099
2.039884
1.989643
1.993258
2.020814
2.015718
2.019768
2.017183
2.002382
2.003768
1.997422
2.004394
2.029571
2.022195
2.002915
2.016099
2.001105
2.005204
1.999417
2.008707
2.031614
2.040681
2.007687
2.018530
2.009514
2.009401
1.999308
2.013684
2.008931
2.026115
1.999672
1.998515
2.006870
2.008087
1.990859
1.988202
1.969150
1.971861
2.007558
2.002977
2.020082
2.026304
1.990440
1.993296
1.991050
1.999717
1.999778
1.989583
1.975054
1.982620
2.002439
2.008894
2.000567
2.008051
2.009541
2.002556
1.994605
2.011819
1.996107
1.998195
2.021672
2.014974
1.994944
2.000097
2.003515
1.998921
2.003728
2.007489
1.991638
2.005738
2.003752
2.000921
2.010979
1.997734
1.996798
1.994511
1.970844
1.971471
2.003171
2.000984
2.005580
1.990268
2.011295
2.027572
2.029635
2.042365
1.991333
1.987865
1.981909
2.008360
1.990646
1.978054
1.969342
1.969673
1.991560
2.000357
2.013476
1.996504
1.992455
2.006656
1.986505
1.965786
2.005329
2.006814
1.973676
2.018257
1.986253
1.996481
2.019826
2.017557
1.999639
1.993358
1.994920
2.027214
1.988553
1.983189
1.979560
1.979943
2.004771
1.994979
1.989117
2.010144
1.996287
1.992233
2.008186
2.030932
1.976826
1.982248
1.965899
1.979395
2.001076
2.004701
2.009670
2.000750
2.001655
1.989593
1.948864
1.979218
2.002974
2.014215
2.000109
1.956642
1.996283
2.003001
2.028502
2.018960
2.011611
2.014509
2.017758
2.001321
