2.014547
2.015026
2.015229
2.010784
2.013750
2.009577
1.976942
2.000490
2.002964
1.995121
1.989333
1.976484
1.993237
1.991287
2.005073
2.010837
1.985251
1.982550
1.998766
2.014282
1.996797
1.990095
1.979997
1.963005
2.003778
1.993297
1.989099
1.988621
1.994908
2.000103
1.987316
1.982090
2.006324
1.996431
2.020977
2.047774
1.998395
2.003967
1.992933
1.979487
2.002434
2.002574
2.004377
2.021034
1.997470
2.004223
1.992560
2.010137
1.988712
1.980519
1.968378
1.993810
2.002742
1.998001
2.002892
1.979813
1.992145
1.979503
1.982698
1.973133
1.999001
1.995034
1.988400
1.982986
2.002791
2.007195
1.977298
1.991258
2.003516
2.023015
2.028111
2.035750
2.000154
1.988904
1.963190
1.977719
2.002761
2.022072
2.034461
2.008575
2.006407
2.002337
1.985284
2.009491
1.995643
1.997330
2.013593
2.025361
1.992581
1.980946
1.988569
2.015010
2.001260
2.008084
1.991417
2.012385
1.982437
2.004660
1.983013
2.013563
2.006558
1.994294
2.003604
2.014006
2.000283
2.001430
2.033429
2.038087
1.992674
2.003622
1.988194
1.973123
1.992552
1.993788
1.985566
2.003516
2.003559
2.014899
2.002865
2.031314
2.007358
2.017529
2.051947
2.004318
2.008954
2.002522
2.000450
2.008863
2.006763
1.997364
2.019326
1.986815
2.001452
2.005822
1.992851
2.011474
2.006424
2.002782
1.990570
1.984155
2.016085
2.017104
2.036589
2.001407
1.990301
1.987885
1.994829
1.999493
1.996434
1.992998
2.022399
2.037555
1.984224
1.982734
1.995231
1.942639
2.000411
1.996476
2.018777
2.026967
1.994708
1.983761
1.973253
1.986567
2.003165
1.997676
1.991500
1.990123
2.018919
2.019200
2.025830
2.020913
2.008810
2.000919
1.982216
1.993381
2.000631
2.011323
2.031170
1.998335
1.997206
2.000560
1.996626
2.003938
1.990911
2.006984
2.029802
2.023008
2.006138
2.006530
2.002677
1.969271
1.997227
1.996285
2.014173
2.001336
1.995695
1.990073
1.998088
2.004092
1.992546
1.995282
2.008068
1.990691
1.999088
1.992284
1.979990
1.974969
2.007770
1.995118
1.984534
1.998607
1.988676
1.994419
1.961490
2.000578
2.001729
2.004628
2.007970
2.018380
2.011749
2.014052
2.057998
2.039456
2.010648
2.022118
2.046361
2.039886
1.995562
2.002087
2.008887
2.005338
1.988257
1.994678
2.009140
2.019746
2.001550
2.005082
2.012810
2.035091
1.994595
2.005000
1.993849
2.002666
1.991749
1.994711
1.990387
1.973313
1.989100
1.975576
1.978881
2.002537
1.994816
2.013002
2.019533
1.992016
1.990790
1.986800
1.980240
1.996930
2.002745
1.993106
1.992390
2.011041
2.003568
2.018811
2.009101
1.998172
2.011616
2.028870
2.043166
2.025839
1.998659
1.993909
1.988007
1.982004
1.997060
1.989144
1.995145
2.028966
1.996482
1.981915
1.966140
1.996842
2.000669
2.005350
2.029554
2.005130
1.995785
1.988147
1.962235
1.977679
1.992315
1.979199
1.979703
1.963207
2.000526
2.000858
2.033757
2.021224
1.982178
1.978558
1.957403
1.969608
2.001152
1.986154
1.943898
1.953398
2.007986
2.003009
2.021259
1.994765
2.001314
2.019833
2.005995
1.997706
1.999613
1.999452
1.992995
2.008855
1.985191
1.984155
1.963249
1.968003
2.010221
2.002532
1.995595
2.032118
2.007592
2.011223
2.029513
2.051365
2.001616
2.021605
2.008032
2.027289
1.990487
1.981533
1.979650
1.974095
2.011441
2.001367
2.016288
2.017958
2.001755
2.014208
2.001506
2.005597
2.015071
2.009682
2.023666
2.020723
2.000370
2.000482
1.984732
2.018196
1.997254
1.985899
1.951219
1.984333
1.995441
2.016366
2.040750
2.027172
1.993777
1.992735
1.976580
1.973024
2.000391
2.004471
2.022937
1.998922
1.980134
1.977338
1.990918
1.994793
1.990344
2.004766
2.002394
1.997695
1.980644
1.976136
1.954168
1.976366
2.014093
2.005828
1.995263
2.015144
2.001870
2.011623
1.991725
2.004866
2.004651
2.009837
2.013837
2.009008
1.995356
1.987703
1.985478
1.986368
1.996115
2.011105
2.006247
2.003962
1.997556
1.995206
1.979478
1.979339
2.018289
2.019700
2.040465
2.018834
1.984275
1.991833
1.993324
2.009726
2.005668
2.017710
2.024690
2.040639
2.001559
1.999305
2.002600
2.019599
1.991392
1.998058
2.013826
1.997499
1.993290
2.003482
1.971346
1.964626
2.009252
2.008742
2.004861
1.991192
2.013835
2.023959
2.026077
2.022218
2.000377
2.010599
2.027433
2.009821
1.988249
1.981392
1.981299
1.986161
2.011168
2.014547
2.015379
2.017897
2.000324
2.011446
2.011732
2.030964
1.993214
2.001842
1.992023
2.009740
1.999710
2.017664
2.027882
2.021270
2.000804
1.990654
1.957164
1.982005
2.008489
2.022409
2.015290
1.994730
2.015204
2.029502
2.022092
2.001281
1.998231
1.998173
2.006775
2.013633
1.996838
1.998840
2.000939
1.976248
2.008888
2.002779
1.991285
2.001361
1.998362
2.004517
2.007371
2.013643
1.990109
2.001674
1.974639
2.008971
1.999186
2.004809
2.003689
1.982286
2.006787
2.010080
2.008987
2.010909
2.000261
2.001443
2.027432
2.000470
2.012812
2.013686
2.016498
2.008445
2.015542
2.022293
2.023725
2.001303
1.996234
2.000492
1.999035
2.001054
1.994731
1.995313
1.987684
2.007343
2.009065
2.017801
2.028228
2.010076
1.999081
2.004332
1.993729
1.971204
2.013357
2.017857
1.996043
1.974255
1.993683
2.002308
2.007249
2.021425
1.997800
2.008136
2.027939
2.012768
1.994508
1.995278
1.989343
1.997158
1.996107
1.996299
2.011628
2.027855
1.978675
1.983664
1.983012
2.010190
1.999720
1.999086
2.006854
1.996527
2.001788
2.003371
2.021267
2.029720
1.988403
1.985670
2.018758
2.016306
2.004003
2.003613
1.978249
1.966766
1.991461
1.992229
2.001581
2.030182
1.998295
2.011699
2.014714
2.034945
1.986607
1.995238
1.983217
1.972447
1.984973
1.982069
1.984205
1.998705
2.004732
2.008280
1.989355
2.012366
2.016612
2.007270
2.036464
2.015435
2.001266
1.990683
2.010078
2.024899
2.014203
2.015695
2.016394
1.991109
1.993804
1.988261
1.985642
1.994554
1.994069
1.997802
1.994693
1.968124
2.010626
1.997820
1.984834
1.993273
2.015293
2.007579
2.019433
2.018445
1.999758
1.992025
2.011694
1.998089
2.007128
2.023090
2.029037
2.008859
1.998624
1.988916
2.005672
1.988920
1.997768
2.009940
1.988913
2.000298
1.994447
1.987397
2.026675
2.030119
1.993649
1.976555
1.986400
2.003272
2.008474
2.008765
2.017291
2.020013
1.995855
1.990488
2.032194
2.016704
2.006063
2.011449
2.015235
2.002001
1.985293
1.991372
2.001120
2.014845
1.981010
1.985560
1.976696
2.002155
1.995618
1.997602
1.970189
1.973790
2.018269
2.015605
2.008005
1.980402
2.001693
2.008209
2.012643
1.988484
1.989576
1.998225
2.016187
1.994684
1.998641
1.984403
1.979926
1.978304
1.995487
2.002192
1.975063
1.974365
1.995013
1.991137
1.990645
1.963746
1.999920
2.004403
2.007371
2.020326
2.000525
1.998092
1.987395
1.973449
2.008239
2.019874
2.005654
2.023069
2.017617
2.021955
1.993171
1.989309
1.990650
1.997090
2.002213
2.003531
1.997290
1.977919
1.961939
1.979534
2.008511
2.020460
2.034343
2.012323
2.001661
1.998146
1.986062
1.973656
1.989566
1.977528
1.982308
1.974627
2.009915
2.015981
2.020714
2.030443
1.992738
1.986080
1.993393
2.004121
2.006680
2.005690
2.008971
2.014266
1.996968
1.997109
1.976121
1.987022
2.022976
2.015138
2.007931
2.002126
1.994333
1.995048
1.966205
2.003608
1.983301
1.990622
1.991730
1.984889
2.007388
2.007123
2.049828
2.037801
1.998376
2.000386
1.991018
1.983190
1.990848
1.979634
1.991561
1.985223
2.004870
2.011108
2.002534
1.993003
1.999981
2.001609
1.996841
1.982925
2.008816
1.999725
1.991934
1.997394
1.990391
1.977955
1.972805
1.976940
1.992217
2.000193
1.982968
1.999081
1.984447
1.996304
1.983276
2.016990
2.012323
2.015303
2.021997
1.998804
1.983345
1.972975
1.963720
1.953011
2.012394
2.001333
1.990621
1.994536
2.018405
2.026971
2.032333
2.030563
2.006260
1.991728
1.992430
2.013194
1.994198
1.994349
1.989030
2.008904
1.994284
1.998283
1.998451
2.023720
1.992707
1.998141
1.996296
2.010375
1.992641
1.981958
1.952354
1.990430
2.001239
2.001063
1.989592
2.008677
1.987280
2.005872
1.991583
2.021905
1.994594
1.987648
1.961791
1.962925
2.004669
2.007084
1.997503
2.019963
2.007031
2.020888
2.013403
2.022578
2.001537
2.011574
2.040222
2.026757
1.999952
1.996422
2.014292
1.995072
2.003785
2.004019
1.983102
1.981262
1.996454
2.000799
1.993593
2.012566
2.000661
2.003329
2.023845
1.997093
1.984665
1.987446
2.003869
1.990076
1.990515
1.983089
1.975818
1.998590
1.996401
1.984900
1.991993
2.019869
2.000671
1.998765
2.002464
2.002594
1.983851
1.977020
1.978640
2.008868
1.991167
1.981412
2.004789
2.001408
1.980087
1.985261
1.994397
1.991821
2.014821
2.027316
2.047326
2.048203
1.997601
1.988381
2.017715
2.028850
1.998926
2.010023
2.009816
2.008003
1.974055
1.981493
1.990981
2.002298
1.984140
1.980080
1.958282
1.993151
1.984737
1.984607
1.962466
2.000228
2.007092
2.007787
1.996012
1.980948
2.003393
2.001133
2.019067
2.010075
2.002086
1.983030
1.949656
1.980483
2.003965
2.002295
1.984353
1.986149
1.992784
1.983545
1.977351
1.968506
2.005711
2.007584
2.001084
1.995315
2.003957
2.012484
2.020980
2.004527
2.020855
2.028429
2.028900
2.027860
2.008750
2.002825
1.996676
1.997047
1.991977
1.997963
2.019385
2.021897
2.005781
2.006739
2.016718
1.998197
1.981320
1.973644
2.003712
1.999819
2.002219
2.005851
2.015044
2.003073
1.995387
1.981546
1.925254
1.971444
1.974096
1.972063
1.963987
1.964148
1.996929
1.988769
1.998971
2.012209
1.987170
1.976051
1.979206
1.991064
1.994710
1.975700
1.965444
1.960108
1.984564
1.992986
1.983324
2.004836
1.993676
1.998307
1.987159
1.983237
1.993076
1.997446
1.993744
2.012880
1.993025
1.991177
2.019138
2.028058
2.004475
2.002030
1.989086
1.953418
1.993746
1.991325
1.992469
1.964746
1.986693
1.993735
1.984054
1.981662
1.984798
1.995207
2.000494
1.983818
1.996132
1.996685
1.976336
1.993434
1.980134
1.982878
1.994137
1.982179
2.004215
2.009964
2.015810
1.979565
1.998990
2.003032
2.011938
2.002982
1.996017
1.985159
2.018078
2.010666
2.020948
2.017666
2.030043
2.023443
1.984186
1.978332
1.956064
1.972625
2.014302
2.008979
2.025366
2.020851
1.997097
1.993289
2.013236
1.998292
2.002660
2.005611
1.989377
2.002287
1.995670
1.992659
2.017636
2.006300
1.985166
1.977708
1.976226
1.965304
1.989847
2.003084
1.998424
1.996910
1.989615
1.998587
2.002992
2.011838
1.987021
1.986345
1.996062
1.987399
2.016484
2.017399
2.027160
1.995269
1.996429
2.000906
1.978141
1.984535
1.987551
1.987680
1.980433
1.972995
2.007258
2.020790
2.018857
2.016953
1.999672
1.997957
1.995850
1.957780
1.979086
1.976727
1.983992
1.995470
1.997648
1.993584
1.991474
1.981140
2.001737
2.008741
1.988985
1.994516
2.010243
2.002604
1.994163
2.025642
2.000449
1.993038
1.997489
1.975217
1.985270
1.992803
2.005711
2.004657
2.005129
1.994717
1.997493
2.004564
1.992131
1.995804
2.007406
1.985354
1.992726
1.988212
2.008373
1.999883
1.984892
1.994414
1.996438
1.974053
1.995877
1.990909
2.031297
2.022669
1.993277
1.972653
1.979281
1.995016
2.018042
2.018312
2.028909
2.023685
1.989358
1.983544
1.990379
2.013409
1.994700
1.996316
1.997980
2.018537
1.995228
1.995159
1.975030
1.971959
1.990870
1.989982
1.991761
1.990445
2.016147
2.016925
2.011833
2.035700
1.990881
1.990064
1.999811
1.984259
2.024377
2.019938
2.001676
1.992808
1.998408
1.995535
1.983115
1.980005
1.983069
1.989309
1.978508
1.986613
1.998062
2.001211
1.978991
2.000812
1.991946
1.986410
1.979537
1.991694
1.996673
2.002353
2.012853
1.974460
2.005445
2.006338
2.014152
2.022146
1.999449
2.014055
1.996103
1.993795
1.999829
2.005212
1.993650
2.001897
1.998314
1.998523
1.991312
1.980922
2.003273
2.000202
1.995551
1.971089
1.993449
1.994419
1.996036
2.007337
1.993826
1.989685
1.988735
1.970773
1.995691
1.996481
2.008090
2.006533
1.981766
1.991588
1.986169
1.987274
2.007555
2.011614
2.010056
2.009706
2.013913
2.002420
1.972545
1.972564
1.997379
2.008736
1.998670
1.988761
1.997706
2.001409
1.999586
2.003838
1.997845
1.993804
1.978686
1.991576
1.997409
2.009554
2.009449
1.990691
1.996547
1.993788
1.994623
1.995018
1.998013
2.005036
2.013452
2.000436
2.011742
2.011760
2.017955
2.036220
2.004893
2.021064
2.026483
2.027589
1.997072
2.003227
1.991952
1.986432
2.001397
2.019308
2.046308
2.030326
2.005332
2.001868
2.009193
1.996268
1.991844
1.996109
2.022085
2.016496
1.991080
1.987776
1.994368
2.004935
1.993107
1.996616
1.988590
1.951383
2.005684
2.020036
2.018529
2.006689
1.984778
1.995776
1.962722
1.965217
2.008136
2.018274
2.010159
2.008168
1.986686
1.979326
1.973120
1.986059
2.012074
2.003798
2.009188
1.973084
2.004750
1.998332
1.962686
1.966688
1.995491
2.005752
1.966235
1.984854
1.989642
1.991849
1.989504
1.999626
1.996407
1.994159
1.983402
1.995433
1.995536
2.010660
2.032011
1.982622
2.018037
2.019193
2.019994
2.011258
1.989629
1.987896
1.995040
2.016607
1.993219
1.999079
2.003672
1.995986
1.994432
1.997815
1.983177
1.982402
1.996215
1.985215
1.994628
1.977342
2.003216
2.011343
2.005844
2.015228
2.003826
1.996534
2.008520
1.992352
2.012412
2.028497
2.030465
2.041557
1.996277
1.978954
1.951961
1.961390
1.996047
2.005536
2.016136
2.023575
1.989950
1.972188
1.973452
1.969885
1.981964
1.990796
1.976905
1.987531
2.004905
2.006682
1.973798
2.016250
2.001663
2.003978
1.995920
2.019044
2.004835
1.998252
1.988739
1.979379
1.981129
1.998798
2.010767
2.017740
2.008262
2.010157
2.043225
2.013952
1.995092
1.992685
2.007086
2.030357
1.989388
1.995560
2.017348
2.027776
1.990295
1.983036
2.005500
2.008848
1.992680
1.987603
1.938462
1.966871
2.006814
2.011569
1.994554
2.034658
1.996192
2.002511
2.028885
2.020404
2.004402
2.013368
2.004574
1.997904
2.022124
2.018302
2.039476
1.995730
1.991809
2.002874
2.002633
2.007243
1.996230
1.996523
1.982950
1.979560
2.001207
1.993353
1.999647
2.011603
2.007802
2.008809
1.982905
2.008072
1.985130
1.978311
1.951299
1.950442
1.995681
1.989028
1.957583
1.962336
2.007255
2.013064
2.031940
2.035721
2.015610
2.018556
2.025348
2.021670
2.009822
2.020614
2.022648
2.011206
2.003863
2.011757
2.040249
2.014686
1.984753
1.981461
1.970515
1.990419
1.994993
1.994505
1.949078
1.986650
1.994457
2.000728
2.002821
2.007444
2.014433
2.021247
2.033773
2.015845
2.009607
2.011901
1.988465
1.985292
2.009994
2.004332
2.015988
2.017423
2.005665
2.018551
2.048031
2.032218
2.008171
2.007911
2.003383
1.994993
1.992368
1.987113
1.982629
2.006111
2.000228
1.997091
1.970650
1.971168
2.003333
2.010249
2.037616
2.040100
1.990417
1.988456
1.991022
1.994563
2.003720
2.013850
2.056933
2.045720
2.005199
1.991654
1.978830
1.996287
2.010487
1.985618
1.962583
1.987223
1.992697
2.001126
1.978115
2.004352
2.004563
2.003217
1.969614
1.979497
1.989866
1.981837
1.990405
1.950366
1.989473
1.997533
1.985357
1.997066
1.985615
1.990458
2.013708
2.003887
1.994729
2.004711
2.030183
2.035014
1.991198
1.997884
1.973055
1.986093
2.008339
1.997570
2.014648
1.993895
1.999901
1.995568
1.980236
2.008781
1.989347
1.997320
2.001608
2.017629
1.996570
1.989664
2.011123
1.998768
2.011246
2.025123
2.049662
2.061811
1.980578
1.982905
1.990095
1.974968
2.002329
2.011130
1.993126
1.981054
