2.013922
2.014716
1.970637
1.946110
1.998877
1.998517
1.985668
1.997163
2.008891
2.004199
2.007670
2.013251
1.996145
1.985733
1.960984
1.992807
1.993740
1.990327
1.989033
1.984646
1.999231
2.001465
1.958158
1.977003
1.994594
2.004086
2.002824
1.970279
2.003067
2.016811
1.998782
1.990358
2.011547
2.029108
2.026630
2.040209
1.989169
1.983160
1.983555
2.003327
2.010270
2.008896
2.041064
2.049665
2.001451
2.002364
1.999479
2.013318
1.991765
1.993293
1.996921
1.993800
1.983796
1.975546
2.005326
2.028951
1.982748
1.972784
1.969146
1.959062
1.998317
1.989820
2.004401
2.026147
2.004828
1.999044
1.991207
1.978571
1.993544
1.992135
1.998642
2.006929
1.998866
2.002408
1.985130
1.997721
1.983755
1.994398
1.995886
1.989299
1.991669
1.990721
1.998238
1.988302
2.005938
2.005578
1.987705
1.986670
1.991268
2.006394
2.027278
2.064062
1.998515
2.018650
2.029189
2.039089
2.006170
2.000029
2.010713
1.997157
1.997327
1.977576
1.977310
1.992036
1.990830
1.981537
1.980177
1.973341
2.006147
2.014029
2.028130
2.015219
2.011258
2.012772
2.020256
1.973361
1.993379
1.998828
1.998494
2.011533
1.996197
1.989169
2.007227
1.989778
2.000670
1.996487
1.987085
1.983371
1.998282
1.996909
1.987506
1.983762
1.991553
2.002113
2.035489
2.031986
2.002688
2.000888
2.026523
2.011117
2.008823
1.999639
1.982796
1.982206
2.015072
2.012257
2.015168
2.018908
1.993635
1.998109
1.985362
1.990813
2.008644
1.993887
2.003998
2.013435
2.013066
2.003824
2.013303
2.017328
2.008435
2.016592
2.007281
1.997770
2.011062
2.005358
2.028997
2.004504
2.006476
2.011166
2.002266
1.983950
2.020756
2.020659
2.021935
2.010362
2.011077
2.004144
2.005816
2.003198
2.007152
2.006633
2.012924
2.029927
1.995939
2.002013
2.007914
2.033725
2.010760
2.007733
1.980170
2.012067
1.999279
2.005112
1.975222
1.988398
1.990574
1.989699
1.953662
1.980165
1.998210
2.016974
2.030764
2.021748
1.998728
2.010367
1.978187
2.001261
1.995572
1.999962
1.989285
1.958659
1.991442
2.001761
2.012495
2.000624
1.987911
1.997389
2.020734
2.011698
2.005876
2.012570
1.998942
1.983828
2.011011
2.003096
1.988215
1.993211
2.002479
2.009030
1.990162
2.026539
1.996204
1.996444
1.962870
1.969356
1.991468
1.993255
1.985944
1.998149
2.016110
2.016407
2.010866
2.004336
1.995317
2.002586
2.014821
2.008564
1.993893
1.993342
1.992187
1.996081
2.017842
2.014566
2.004271
2.014078
2.011040
2.016350
2.030282
2.015601
1.996464
1.988380
1.971931
1.957824
2.009602
2.008175
2.007177
1.997592
2.000806
2.010670
2.012669
2.010020
2.004913
2.012456
2.000094
1.985939
2.016097
2.018713
2.006482
2.029477
1.998276
1.999363
1.996302
2.004890
1.999686
2.000109
1.998839
1.970851
2.005353
2.009890
2.018646
2.010531
1.997783
1.991247
1.983293
1.974364
2.001503
2.001523
1.990424
2.014266
1.999818
1.996496
1.996866
1.989438
1.993464
1.990173
1.966127
1.986333
2.010517
2.003584
2.007827
2.008985
1.998923
1.998313
2.006572
2.009717
1.999941
2.003129
2.017726
2.020233
2.010820
1.999307
1.982701
2.010223
1.993439
1.992263
1.998942
1.972701
2.022860
2.031315
2.027012
2.030814
2.001216
1.998493
1.967743
2.002334
2.002686
1.989759
1.997508
1.961130
2.001588
1.994755
2.012113
2.018369
1.995024
2.000026
1.995897
2.015069
2.014036
2.021844
2.025054
2.020341
1.989060
1.989809
1.977282
2.002893
2.001265
2.004804
2.015269
1.965756
2.006307
2.016870
2.037651
1.994959
1.992963
1.992458
1.983970
1.986657
2.005972
2.018327
2.024844
1.999461
1.994431
2.002807
2.011657
1.998771
1.991937
1.996471
2.013226
2.010962
2.012740
2.014843
2.027079
1.981969
2.008106
2.005933
2.018726
2.031037
1.987610
2.000859
1.991479
1.980062
1.995634
2.000006
2.002066
1.991800
2.006272
1.996641
2.026344
2.024517
1.991359
1.981550
1.976744
2.003944
1.992137
1.994348
1.995007
1.980404
2.011128
2.019678
2.032207
1.988283
2.006090
2.009710
2.027090
1.983456
1.994452
1.994057
2.007132
2.024268
1.997668
2.000110
2.002813
2.002462
2.002171
2.001135
1.987604
2.003510
2.009197
2.009911
2.012497
1.967607
1.998582
1.986488
1.978999
1.973694
2.018616
2.013039
2.018917
2.023742
2.003126
2.004932
2.017770
2.009274
1.998612
1.992806
1.997285
1.953473
1.996894
1.996496
2.013171
2.001649
2.005955
2.000771
1.970436
1.950789
1.985594
1.978121
1.970105
1.958164
2.013010
2.015519
2.057196
2.052352
2.007430
2.004421
1.999410
2.009036
1.998154
2.004212
1.977692
2.007819
2.006219
1.997624
1.997291
2.011150
1.993818
2.004024
1.991591
2.001941
2.000900
2.011274
2.011359
2.012005
1.988314
1.999274
1.988578
1.992023
2.004884
2.009605
2.047952
2.028690
1.985854
1.984812
1.993613
2.000473
2.013771
2.006839
2.006328
2.007245
2.005998
1.997658
2.008339
2.012643
2.002958
2.002171
2.031726
2.011298
1.994993
1.993636
1.958902
1.961544
1.989387
1.994047
1.993434
1.964373
1.987858
1.993043
1.993123
1.997557
1.998712
1.986714
1.978921
2.008995
2.010346
2.002523
2.015851
1.994655
2.003192
1.989376
1.989442
2.001855
2.005695
1.999030
1.949738
1.990209
1.990884
1.995556
2.009625
2.004822
1.988441
1.987492
1.964417
1.974448
1.996491
2.002299
2.025679
2.025053
1.979935
1.964783
1.967981
2.003419
1.987217
1.999672
2.020703
2.006685
2.011791
2.011886
2.005571
2.000450
1.983619
1.976870
1.957140
1.975300
2.014663
2.010346
2.020871
2.008608
1.993429
1.981979
2.002201
1.985563
2.003334
2.001821
1.995005
1.971252
1.985973
1.999050
1.991706
2.034580
2.011157
1.999209
2.014440
2.025730
2.008748
2.001887
1.976467
1.990179
1.996542
2.003859
2.028057
2.034077
1.980456
1.983812
1.977567
1.984490
1.998177
1.974619
1.967231
1.976711
1.995751
2.013737
2.038861
2.023080
2.019661
2.014883
2.021186
1.975867
2.007301
2.016345
2.008327
2.001917
1.997706
1.993099
1.998645
2.001823
1.995095
1.992716
1.976971
1.981091
1.978882
1.979357
1.965724
1.962230
2.010653
1.999412
2.002752
2.000721
1.997621
2.005071
2.000394
1.982140
2.002978
2.008407
2.013418
2.021185
2.009649
2.011066
2.012619
2.012702
1.999400
2.011740
1.999242
1.990121
1.998548
2.011281
2.018736
2.033175
2.006994
1.997614
2.012393
2.004881
1.996986
2.007578
2.004002
2.030706
2.001348
2.002235
2.004479
1.981204
2.008627
2.004714
1.998588
2.017600
2.000915
1.993433
1.975741
1.992029
1.997172
1.998349
1.989100
2.006818
1.988336
1.996538
2.000365
2.022331
2.012594
2.015421
2.014012
2.022942
1.998151
2.007981
2.021829
2.009209
1.982165
1.979715
2.002706
2.013251
1.992864
2.001775
1.987784
2.012528
1.992190
1.992287
1.993040
1.974261
2.008188
2.000461
2.049905
2.037908
2.001654
2.014262
2.015643
2.014172
2.006436
2.013260
2.016592
2.039768
1.997700
1.992541
1.991258
1.993604
2.006892
2.013729
2.005861
1.986541
2.003977
2.010488
2.002126
2.023854
1.992618
1.994390
1.994345
1.971285
1.992983
2.000890
1.997425
1.978598
1.996051
1.995460
2.019655
2.013001
1.993938
1.984711
1.959484
1.985224
2.003169
2.003119
2.003175
1.978064
2.000325
2.005405
2.008051
2.017028
1.996622
1.994890
2.016887
1.970382
1.999535
1.997057
1.992197
2.021678
1.987418
1.992869
1.984027
1.994718
1.981930
1.964877
1.947154
1.960647
1.993145
1.997338
1.979831
2.000750
1.991422
1.988240
1.986289
1.974162
2.002312
2.005966
2.006749
2.008030
2.012216
2.016238
2.016423
1.991514
2.004698
2.000373
2.012635
2.011530
1.997055
2.000143
2.012003
2.029434
1.998175
1.986717
1.966935
1.969701
2.012606
2.010261
2.052994
2.024953
2.015385
2.016759
2.030447
2.038202
1.983728
1.981810
1.983562
2.003615
2.003709
2.009806
2.035072
2.026366
2.001969
1.988614
1.976736
1.987629
1.997966
1.987387
1.982847
2.011278
1.982710
1.990753
1.974760
1.978870
1.989149
1.994902
1.997204
1.956707
1.983233
1.989909
1.967734
1.964356
1.998454
2.014680
2.008193
1.986194
1.985275
1.990244
1.976495
1.983547
2.017042
2.023280
2.017622
2.022813
2.001633
1.997561
2.015604
1.997369
2.016373
2.018543
2.015183
1.996060
2.004498
2.009190
1.996468
1.987813
2.006413
2.013458
2.014139
2.014291
2.002742
2.013228
2.027663
1.990138
2.003910
2.005766
2.031393
2.019865
1.996733
1.986354
1.993465
2.000232
2.016746
2.012670
2.015712
2.016317
2.014857
2.007259
2.028680
2.028009
2.001441
1.998938
2.008951
1.990337
1.998311
1.997180
2.011633
1.963679
1.996006
1.976906
1.988657
2.003845
2.003636
1.993930
1.982954
1.987430
1.994872
2.002159
1.991848
2.015404
1.996118
2.004158
1.992175
2.018960
2.012278
2.002766
2.008149
2.017683
1.976462
1.982080
1.973154
1.986395
2.003185
2.011435
1.993614
2.018728
2.008892
2.015092
2.013146
1.983656
2.006287
2.011492
2.002360
2.005570
2.007371
2.016748
2.045467
1.996590
1.997063
1.980760
1.970748
1.977878
1.997679
1.998117
2.019796
2.028971
2.006573
2.001875
1.986165
1.957946
1.976256
1.991787
1.956211
1.963890
1.998641
2.003949
2.014981
2.006193
2.005788
2.017191
1.999920
2.024695
2.006797
2.012369
2.011647
2.019534
1.990993
1.999524
2.006612
1.990681
1.998297
1.986083
1.978123
2.000346
1.999698
1.991650
1.983913
1.985784
2.002398
2.003081
1.992955
1.990969
1.996844
1.971999
1.933241
1.948279
2.000736
1.979857
1.945298
1.955808
2.004399
2.010706
2.009359
1.998218
1.995482
2.004063
2.018428
2.018915
1.997478
2.000580
1.978335
1.975223
2.012879
2.017677
2.029101
2.046025
1.999850
2.019466
2.013364
1.984730
1.996518
1.998111
2.003704
2.009365
1.991944
2.003431
2.003897
1.995143
1.999785
2.002806
1.982618
1.973174
2.010123
2.012293
2.023888
2.020122
2.006177
2.020322
2.017710
2.035918
1.998343
1.986920
1.974823
1.997466
1.996636
2.005444
2.001050
1.994377
1.999771
1.991053
1.989569
1.999842
1.996850
1.990434
2.019608
1.997965
1.998121
2.020824
2.024547
1.997373
1.998279
2.010372
2.005794
2.009121
2.002585
1.996648
2.006125
2.005846
2.005136
1.992438
1.981814
1.992105
2.003906
1.999293
1.965462
1.968221
2.005233
1.998177
2.000111
1.992246
2.012630
2.010316
2.038699
2.029750
1.994816
1.984750
1.984761
1.991284
1.994438
2.003394
2.009818
2.025986
1.997475
1.996562
1.978134
1.960682
2.002831
2.014246
2.052661
2.032548
2.009087
2.014698
1.996900
1.992701
1.996820
1.998996
1.996987
1.988440
2.008794
2.012149
2.007627
2.032042
2.006122
1.998779
2.042334
2.028302
1.983945
1.985810
1.991673
2.007094
2.009687
2.023839
2.038257
2.049099
1.984383
1.984824
1.969401
1.978784
1.998179
1.998579
1.983703
1.993680
2.008306
2.014803
2.036847
2.036517
1.990391
1.987236
1.979695
1.992897
1.997272
2.001994
1.990153
1.999576
2.006995
1.992251
2.026738
2.012188
2.008798
2.004986
2.013374
2.019201
2.007833
2.017157
2.012898
1.987763
1.997189
1.992766
1.998409
1.990527
2.003136
1.985820
1.966167
1.972804
1.984564
2.002329
2.002139
2.023385
1.997535
1.983761
1.979374
2.013681
1.995238
1.988842
1.989140
1.959731
2.011219
2.001079
2.007497
2.024007
2.001549
2.008225
1.971150
1.964635
2.006512
2.008345
2.019585
2.032290
2.003685
2.002765
1.991390
1.976971
1.999113
2.001553
1.987775
1.989287
1.996644
2.012043
2.000674
2.013236
1.996330
2.001758
1.955467
1.968153
1.979523
1.983368
1.979605
2.001096
2.003566
2.003758
1.996084
2.002379
2.004701
2.006731
2.002487
1.999904
1.988809
1.984117
2.000569
2.009435
1.991967
2.006184
1.997617
2.015680
2.006342
2.002031
1.997460
2.002079
2.005194
2.009010
2.021865
1.992686
2.004882
2.007395
2.016758
1.997764
2.019444
2.020876
2.057631
2.032453
2.004681
2.012790
2.038053
2.004791
1.993646
1.992814
1.999299
1.998312
1.999783
2.000114
2.019031
2.015180
1.994824
1.999813
2.038062
2.036515
1.986600
1.991688
2.009694
2.013353
2.011520
2.015934
2.017203
2.027632
1.984685
1.989939
1.999377
1.993867
1.991724
1.991477
1.993200
2.010001
1.999496
1.999334
1.973382
1.981282
1.999035
2.007965
2.043447
2.014990
2.005006
2.008896
2.017299
1.994184
2.006200
2.019157
2.020647
2.020217
1.977034
1.993565
2.001450
1.978438
2.000434
2.005822
2.008006
2.021375
2.004314
2.001750
2.007180
1.990640
1.978975
1.990718
1.979389
1.997517
2.000628
2.016019
1.989529
1.974628
1.996426
1.989569
2.025146
2.010777
2.006582
2.028741
2.022506
2.012039
2.004494
2.000491
2.024555
2.023877
2.003037
2.011876
2.027547
2.047086
2.002645
2.011773
2.005740
1.986540
2.005176
2.012687
1.990722
1.997901
2.020974
2.021306
1.998098
1.983725
2.001689
2.015302
2.037638
2.027109
1.990496
1.977572
1.978117
2.011348
2.010035
2.023997
2.037568
2.010908
1.986741
1.985616
1.991116
1.980377
1.993576
1.986656
1.964340
2.015507
2.013323
2.011020
2.011242
1.995782
2.009542
2.013407
2.015697
2.009054
2.008489
2.007706
1.985879
1.978275
1.996759
1.995616
1.988058
1.954001
2.004859
2.002423
2.003336
1.987655
1.997368
2.000270
1.995520
2.006147
1.984573
1.980898
1.950963
1.955818
1.997507
2.005912
2.030008
2.023932
2.003882
1.997624
2.004673
1.991992
1.988137
1.990256
1.985868
1.982163
1.994890
2.001892
2.005402
1.986247
2.008268
2.016992
1.999777
2.000984
1.998469
1.996942
1.984545
2.000493
1.983615
1.991557
1.994532
1.972333
2.005809
2.007907
1.984883
2.001788
1.995626
2.003481
1.992252
1.993045
2.004050
2.004981
2.027371
2.010867
1.997493
2.001164
1.989889
1.979194
1.987370
1.992750
1.985633
2.011046
1.999690
1.986467
1.983687
1.993403
1.991587
1.999581
1.990444
1.976889
2.004640
2.006047
2.020217
2.004303
2.001264
2.011099
1.988588
2.005207
2.025911
2.021581
2.008675
1.999404
1.991247
1.981632
1.970170
1.983166
1.987451
1.977390
1.979801
1.976225
2.004295
2.012942
2.017931
2.026302
2.000253
2.011787
2.020788
2.017521
1.989051
1.995650
2.001703
1.972675
1.994316
1.993574
1.987982
1.970775
2.006962
2.015746
2.059511
2.015525
2.002038
1.990536
1.975495
1.996964
1.999946
2.011753
2.004277
1.987227
2.003415
1.995277
1.994912
1.983141
1.992798
1.996489
2.012703
2.044480
1.988891
1.987060
2.016309
1.997651
1.993782
1.988474
1.990608
1.976380
1.997033
1.985659
1.955603
1.992701
2.005672
2.006012
2.006543
2.006744
2.008297
2.009963
1.993636
2.010932
1.994371
2.003433
2.026441
2.018684
2.020222
2.015585
2.021993
2.033237
1.994591
1.993444
1.994654
1.955990
1.997336
2.002112
2.002002
1.985248
2.010875
2.008269
2.045745
2.010593
2.013974
2.014503
2.023758
1.995437
1.987238
1.990923
2.011810
2.017054
2.002072
2.012302
2.019330
2.008196
1.996051
1.999312
1.990335
1.976220
1.991694
1.999138
2.008375
2.000401
1.978860
1.982046
1.973567
2.000134
1.992918
1.991539
2.004210
2.013200
2.005050
1.990053
1.983821
1.970062
2.000021
2.002328
2.006222
1.949607
2.000396
1.987113
1.973362
1.996938
1.974942
1.965536
1.955594
1.981981
2.005672
1.997959
2.020682
2.049322
2.006964
2.001101
1.996418
2.002671
2.010520
2.002363
2.013787
1.973190
1.994546
1.982900
1.966247
1.964245
2.003027
1.998750
2.006731
2.003044
2.000766
1.996400
2.005820
1.978755
1.994194
1.988564
1.974502
1.992246
1.994871
2.009609
2.030717
1.977536
1.997252
2.001288
1.992773
2.011922
1.994953
1.991729
1.983448
1.999821
2.001215
1.989627
1.965028
1.981903
1.999349
2.006789
2.051369
2.005241
