2.003173
2.007376
2.028487
2.026341
1.991451
2.001797
2.016643
1.997346
1.993489
1.987794
1.992585
1.992072
1.990113
2.002161
1.974520
2.008407
2.003249
2.004217
2.000372
1.987708
1.983442
1.989305
1.973640
1.969461
2.013307
2.013655
2.027692
2.028268
2.012096
1.998941
2.001442
2.017998
2.014400
2.020961
2.021708
2.001535
2.018135
2.011798
1.982801
1.963855
2.013986
2.013500
2.018742
1.993605
1.983523
1.978960
1.981809
2.011389
1.997762
2.013285
2.002337
2.012077
2.012500
2.016825
1.993572
1.972820
1.990114
1.997146
1.999852
1.988675
2.001561
1.992417
2.011686
2.000293
2.001363
1.998294
1.962639
1.996462
1.986354
1.978590
1.992026
2.001671
1.978678
1.984006
1.983179
2.010652
1.991480
1.984331
2.015960
2.000667
1.998274
1.983099
1.993898
2.012489
1.996495
1.992651
2.014588
2.001274
2.017690
2.021772
2.058234
2.031877
1.992130
1.993230
2.005990
2.034328
2.003198
2.015683
2.009714
2.003101
1.977233
1.982513
1.968910
1.995788
1.994107
1.988290
1.975703
1.995464
1.986537
1.991422
2.006690
2.009444
2.016424
2.007138
2.034247
2.012715
1.995210
1.997194
1.988853
1.966587
1.999630
1.985841
1.985496
1.980418
1.994950
1.981631
1.986936
2.000576
1.997140
2.007027
2.033142
2.007363
2.008406
1.997214
1.985372
1.992985
2.011875
2.008315
2.010235
2.032097
2.009368
2.018486
2.000086
2.018306
2.006660
1.996208
2.012086
2.025796
2.006079
2.003205
2.004686
1.991254
1.996575
2.006310
1.983536
1.997361
1.986872
1.987658
1.996451
1.996813
2.000746
1.996321
1.989141
1.981133
2.013637
2.016821
2.006952
1.994313
2.005544
2.003176
2.027111
2.023093
2.005911
2.012793
2.015485
2.004321
2.007579
2.006209
2.010380
2.002901
2.001329
2.003735
1.992223
1.984353
1.977991
1.985819
2.008113
2.023178
2.000456
2.014744
2.037171
2.028656
2.001468
2.007859
2.011923
1.987312
1.993698
2.005309
2.010291
2.002848
2.000199
2.002809
1.993625
1.985236
1.995008
2.002865
2.003608
2.005518
2.013310
2.010080
2.014179
2.002401
2.000128
2.004293
2.007055
2.019085
1.995975
2.006174
1.966572
1.996142
1.993185
1.978819
1.975696
1.981709
2.004886
2.005539
2.042950
2.011092
1.998594
2.002188
2.000620
2.013081
1.997827
1.979072
1.962508
1.979892
2.001365
2.006523
2.003407
2.018536
2.012886
2.004859
1.997768
1.998628
1.988095
1.978639
1.970547
1.953221
1.995185
2.000018
2.008080
1.987314
1.991901
1.986055
1.994616
2.003231
1.994043
1.991441
1.976433
1.962766
1.992695
1.997152
1.991322
2.004610
2.000200
1.998114
2.015826
2.023394
1.999263
2.006862
2.002292
1.996020
1.982983
1.989976
1.992150
1.985157
1.996432
2.000403
1.971284
1.960316
2.005892
2.009315
2.007053
2.027456
1.981953
1.982500
1.984026
2.018642
1.990980
1.999700
1.997994
1.975160
2.000444
2.002810
2.000408
1.986796
1.991648
1.987360
1.994062
1.997699
1.997069
2.002719
1.993113
2.005898
1.998031
2.010145
2.019679
2.025391
1.990367
1.977388
1.980231
1.976167
2.012042
2.014723
2.020279
1.999237
1.988650
1.998640
2.007552
1.995149
2.000206
1.998496
2.003094
2.010192
2.017300
2.022554
2.004074
1.972952
2.007210
2.016055
2.060382
2.016762
1.994213
1.994680
1.989214
2.006801
2.003156
2.007584
2.008112
2.002874
1.998905
1.989152
2.011112
2.026756
1.998121
2.008330
2.027998
2.015702
1.989969
1.988432
2.017381
2.000427
1.987839
2.005628
1.989263
2.021100
1.989016
1.985668
1.973076
1.989247
2.004350
2.003172
1.993106
1.976261
2.003632
1.997398
1.992545
2.004591
1.995686
2.003503
2.023223
2.021516
2.000032
1.996009
2.013834
1.994372
2.007094
2.006981
1.995876
1.997463
2.005252
2.008820
2.006596
1.996387
2.001428
1.992939
1.996933
2.004852
2.011597
2.010986
2.021917
1.986771
1.991682
1.985420
1.977296
1.997716
2.013005
2.009102
2.007538
2.032168
2.005129
2.008170
2.011118
1.997508
1.996372
1.984713
2.009764
1.994200
1.982626
1.984758
1.979890
2.007465
1.979607
1.985250
1.995798
1.994069
1.991645
1.995362
1.973457
1.988384
1.995313
1.988477
2.003395
2.012817
1.984020
1.972221
1.955836
1.967191
1.972399
1.960830
1.947408
1.975511
1.983169
1.980280
1.958875
1.991770
1.996186
2.004682
2.007132
2.026087
1.993458
1.999511
1.998892
2.016350
1.982157
1.995256
1.995903
2.001259
2.002605
2.001161
2.009408
2.006071
2.006125
2.004054
1.984139
1.985631
1.980151
1.974639
1.974166
1.975084
1.982341
1.994269
1.998612
1.981874
2.007516
1.999838
2.001209
2.000508
1.996576
1.992221
1.983295
2.003593
2.007969
2.001916
1.995256
1.996340
2.008504
2.021630
2.034156
2.029929
1.996401
1.985241
2.013556
2.008556
2.005017
2.012172
1.983746
1.975481
2.015624
2.017886
2.029140
2.012541
1.995945
1.982364
1.925910
1.971956
2.009083
2.019707
2.020562
2.029763
2.004083
2.006145
1.987443
1.996380
2.002498
1.999534
1.979031
1.989021
1.990755
1.994455
2.031051
2.004134
1.983779
1.993136
1.982649
2.002659
2.004835
1.996873
1.974582
2.004368
1.986078
1.985726
1.992118
1.978474
2.003609
2.001535
1.993074
1.988182
1.990582
1.995237
2.019770
2.012693
1.995146
1.993493
1.996219
1.967234
1.983046
1.963057
1.948531
1.996955
1.996805
1.994859
1.993433
1.951399
1.988420
1.985028
1.986786
1.978400
1.992852
1.996079
1.991966
2.002714
2.004798
2.009948
2.017436
1.978679
1.998577
2.002360
1.986891
1.994788
1.998255
1.990143
1.997967
1.979590
1.998011
1.985062
1.989421
1.996166
1.990274
1.984860
1.985097
1.981450
2.012611
2.005270
2.021557
2.017044
2.007938
2.025170
2.036744
2.020953
1.982536
1.993118
1.992047
1.969849
2.009710
2.000771
2.003752
1.983923
1.998617
1.999974
2.013978
1.999585
1.990675
2.004079
1.999008
1.998372
2.015838
2.011877
2.017235
2.029573
1.989505
1.992436
1.994867
2.017999
2.026015
2.019825
2.002437
2.012432
1.995316
1.981320
1.957013
1.990994
1.987272
1.986880
1.980543
1.972497
1.994466
1.990510
2.004324
1.998202
2.024831
2.018844
1.998805
1.986140
2.006929
1.987186
1.961817
1.976052
2.000413
2.007803
2.002566
2.012759
2.001699
2.009347
1.989203
1.994303
1.999144
1.994903
1.987584
1.971541
1.995507
2.000516
2.014584
1.975536
2.001657
2.003029
1.988910
1.992977
2.001254
1.985535
1.962982
1.999676
1.994259
1.998755
2.010738
1.989049
1.997947
2.013928
2.019405
2.008229
2.004530
2.003322
2.001879
1.983603
1.994985
2.003230
1.993950
1.956816
2.002758
2.016466
2.001459
2.007828
2.018354
2.018467
2.029417
2.019996
1.994945
1.986018
1.963629
1.959477
2.010911
2.015069
2.012378
2.008368
1.998805
2.002746
1.999498
2.019120
2.003676
1.991682
1.987754
2.001061
2.016772
2.016241
2.012359
2.036840
2.017617
2.010455
2.018657
2.030674
1.999745
2.006649
2.005277
1.982248
2.004714
2.001082
1.995637
1.978346
2.017004
2.024855
2.037301
2.016689
1.997636
2.000662
1.978793
2.000550
1.993460
1.993383
1.953651
1.969836
1.993978
1.999046
1.988732
1.986000
2.010709
2.009812
1.976210
1.987955
2.008092
2.005454
2.004841
1.998857
1.999177
2.003978
1.991386
1.998448
2.026382
2.016843
2.000219
2.030728
1.992745
1.996393
1.992483
1.950485
1.988979
1.985609
1.982524
1.975675
1.999717
1.991178
2.008253
2.008255
1.994832
1.994536
2.002967
2.005029
1.991051
1.989476
1.971814
1.997066
2.012477
2.004240
2.012215
1.966061
2.000992
1.999281
2.004324
1.991490
1.990907
1.983606
1.983091
2.010101
1.998737
2.002822
2.003245
2.005158
1.999773
1.991012
1.984329
2.014688
1.997189
2.014184
2.036247
1.988636
2.010676
2.007597
2.005634
2.016383
1.996938
2.000239
2.003016
1.993765
2.012033
2.011368
2.017383
2.035422
1.991007
1.993380
1.975772
1.962926
1.995187
1.980806
1.989433
1.981755
2.013815
2.010494
2.029317
2.005534
2.002622
2.017855
2.029828
2.020809
1.990737
1.995185
2.020929
2.014623
1.993596
2.002369
2.006192
2.002054
1.998985
2.008100
2.026628
2.024506
1.991908
1.999349
2.012618
2.031079
1.994148
1.988024
1.996525
2.005387
2.008053
2.018501
2.009359
2.006676
1.997065
1.998510
1.970325
1.993175
2.003687
1.996296
1.990670
1.974929
1.998417
2.004539
1.972588
1.998995
1.989207
1.966173
1.943244
1.958186
1.989659
1.992064
1.989407
1.998713
1.989173
1.990864
2.008226
1.999253
1.989313
1.979386
2.001544
2.004771
2.010509
2.001261
1.986722
1.987723
1.995048
1.999530
1.989318
1.987332
1.993781
1.999471
2.000739
1.995219
1.998895
2.004147
2.002730
2.016152
2.019861
2.017497
2.041636
1.997096
1.992720
1.999215
2.011262
2.010008
2.009171
2.011902
2.006529
1.986325
2.013560
2.031386
2.032966
2.045223
1.999027
2.003812
1.992067
2.024844
1.985720
1.982283
1.955700
1.947850
2.009841
2.009411
2.013165
2.000876
2.004652
2.006441
2.020082
1.993728
2.005338
2.006938
1.974833
2.018768
1.993784
1.990708
2.008545
2.007370
2.002188
2.007286
2.032495
2.003654
2.004985
2.005922
2.002700
1.980348
1.994129
1.995621
2.013343
2.010516
1.995296
1.992023
2.007612
2.029174
1.975629
1.977561
1.978458
1.996298
2.010920
2.015091
1.986310
1.977929
1.992238
1.989466
1.973808
1.994302
2.010248
1.991319
2.007533
2.008797
1.996073
2.003040
2.029816
2.019498
2.003797
2.002715
1.986226
2.011155
1.999706
1.997198
1.973124
1.980179
1.993751
1.990125
1.990167
1.969280
2.008062
2.010717
1.983269
2.003134
2.000767
1.992384
1.997152
2.011899
2.008931
2.005252
2.010875
1.998691
2.012035
1.986909
1.961458
1.985805
1.997927
2.003155
2.002504
2.030467
1.996414
1.994636
1.982982
2.003028
2.015242
2.017734
2.022337
2.021261
1.987290
1.986424
1.986710
1.999614
1.983211
1.990295
2.014660
2.004320
1.995267
1.994861
1.989154
1.990340
1.995591
1.999383
1.999484
1.956910
1.994890
2.002011
2.005365
2.008892
1.981546
1.978970
1.960692
1.972821
1.991058
1.997271
2.002025
2.013348
2.006919
2.006917
2.016769
2.030072
1.987489
1.977635
1.990263
2.014788
2.005942
2.006354
2.000316
1.994743
1.995502
2.000114
2.036908
2.036642
2.014099
2.004376
2.021971
1.972261
1.993602
1.998882
2.002772
1.983186
1.993304
1.989289
2.005761
2.010316
2.004019
2.013424
2.060216
2.047064
1.996752
1.994891
1.988847
1.992047
2.008423
2.015970
2.010501
2.014221
2.001585
2.001049
1.989151
2.005822
1.992558
1.993002
1.994708
1.949492
1.991069
1.984162
1.993284
1.952747
1.999120
2.008123
2.035270
2.034462
1.986447
1.991494
1.993408
1.995388
1.998477
1.987760
1.986861
1.947349
2.004744
1.998168
1.980265
2.015813
2.008422
1.999038
2.017459
1.994983
2.016033
2.015617
2.016034
1.999391
1.999857
2.002523
1.972037
1.969384
2.001311
1.997582
1.988000
2.000201
1.997678
1.996128
1.991202
2.001145
1.980854
1.983163
1.990262
1.974994
2.003529
2.008120
2.020619
2.018837
2.004348
2.006908
1.991759
1.988313
1.992586
2.004675
1.992194
2.004802
1.992095
1.987409
1.994638
2.018265
1.991940
1.995203
1.988239
1.990444
2.002844
2.000440
2.005214
2.021272
1.982301
1.983894
1.975384
1.993828
2.004077
2.003714
2.035016
2.015100
2.007079
2.020571
2.042366
2.027207
1.991383
1.996854
1.999602
1.988913
1.999863
1.991556
1.994922
2.049483
1.990875
1.983078
1.995095
2.005064
2.010066
2.001921
2.024179
1.997076
1.999539
1.997110
2.001827
1.985225
2.014599
2.022228
2.026855
1.988681
1.997496
2.001305
1.980608
1.983671
1.995238
2.000197
2.021629
2.019957
1.994758
1.998522
2.024111
2.020820
2.004725
2.018261
2.035130
2.036771
2.015873
2.014177
2.013759
2.022156
2.014701
2.003868
2.017023
2.050349
1.994448
1.993061
2.004383
1.994206
2.018219
2.013906
2.027565
2.007378
2.005581
1.999055
1.991980
1.987239
2.007375
2.015574
2.008571
1.995378
1.983254
1.983701
1.990028
1.998924
1.997395
2.004888
2.029209
2.022670
2.011045
2.002324
1.973811
1.988723
2.006945
2.011701
2.015489
2.019505
2.001936
1.997375
2.018151
1.992874
1.996526
2.000259
1.993887
1.984556
1.997112
1.996908
2.006125
2.002332
2.013723
2.010095
2.022008
1.981555
1.995464
1.987246
1.998686
2.011475
2.002955
1.999996
2.001557
1.996873
1.999870
1.990982
1.978790
1.979426
2.003835
2.011638
2.002618
2.004427
2.007636
1.994673
2.000494
1.996791
1.995656
1.986141
1.949623
1.983442
2.012258
2.016879
2.016213
2.008745
1.992124
1.986802
2.002604
2.001826
2.004452
2.003598
2.014659
1.998350
1.999464
2.011291
2.022035
2.030386
1.999082
2.004236
2.033756
1.992521
2.003363
2.006394
1.999807
2.008331
2.003838
2.006718
1.985655
1.985995
1.989747
1.978154
1.970797
1.968716
2.004787
1.997603
1.987314
1.998604
2.015529
2.017202
2.030063
2.022635
1.996572
1.997177
1.977330
1.952846
2.003003
1.994189
2.005827
2.019049
1.998848
1.991151
1.991025
2.026082
1.980378
1.979951
2.003662
2.018624
1.993425
1.996527
2.009634
2.032443
1.986540
1.983599
1.993614
1.992701
2.002234
1.992979
1.983518
2.002067
2.000267
2.003661
2.005629
1.998625
2.005764
2.008784
2.010700
2.030979
1.998729
1.985023
1.990543
2.008453
1.984681
1.984427
2.006350
2.001781
2.004630
2.017597
2.004061
1.993762
2.008923
2.010086
2.006983
1.982402
1.997416
2.006026
2.003556
1.995112
1.997901
1.996151
2.024142
2.013739
2.000764
1.998711
1.992006
1.984782
1.993328
1.995386
1.994714
2.011806
2.015197
2.007054
1.980256
1.973467
1.994330
1.990290
2.017135
1.975737
2.007516
2.009247
2.023944
2.025925
2.009791
2.024171
2.031422
2.025610
1.986383
1.985317
1.991405
2.001453
1.996716
2.000630
1.996400
2.017976
1.991844
1.987091
1.983482
1.970429
2.001826
2.004605
1.988813
2.013063
1.986628
1.980152
1.992808
2.021748
2.003083
2.010657
2.026730
2.000770
2.011716
2.000573
1.997328
2.028562
1.999600
1.989489
1.975091
1.976051
1.996525
1.994436
2.025897
2.013959
1.988473
1.984826
2.004586
2.005609
1.996207
2.008523
2.010655
2.020787
1.999268
2.006797
2.036618
2.014919
2.001138
1.989198
1.980575
1.988360
1.986068
1.981907
1.988394
2.013007
1.992212
1.991892
1.983479
1.985695
2.004191
2.008473
2.008391
1.972103
2.013680
2.006400
1.993902
1.985971
2.000075
2.019022
2.012909
1.990942
2.007522
2.010734
2.004240
2.026392
1.999429
1.998072
2.012919
2.018721
1.994306
1.990876
1.976890
2.000556
2.013909
2.014575
2.035003
2.023676
1.999827
2.006638
1.994618
1.986712
2.006907
2.007849
2.021343
2.002476
1.997398
1.988324
2.001193
1.982780
2.009606
2.006533
2.026313
2.026125
2.016442
2.002539
1.991950
1.979088
2.015119
2.009636
2.008689
2.015339
1.986971
1.975279
1.995231
1.991222
1.990755
1.985811
1.980983
1.990905
1.983026
1.979812
1.991966
1.999539
2.007496
2.000638
2.011472
2.026575
2.010297
1.999746
1.985520
1.984221
2.012077
2.013618
2.002260
2.008140
1.991437
2.001451
2.043564
2.051852
2.001037
2.012903
2.026165
2.023788
2.008642
2.013697
1.978594
1.989316
1.999724
2.007180
1.996386
2.016577
1.992977
1.990965
1.984825
1.995638
2.003331
1.997412
1.970077
1.987481
2.003174
1.994407
2.012086
2.010367
2.002447
1.996555
1.962804
1.986091
1.997688
1.999847
2.022999
2.030957
1.993170
1.995535
1.984848
1.969677
1.996477
1.985377
1.994178
1.999153
1.996585
1.993982
1.983517
1.979613
2.002421
2.005163
2.011416
1.996485
2.008753
2.011263
2.016855
2.027120
1.995886
1.994304
2.015795
1.981706
2.002026
1.990482
1.999945
2.000733
1.994551
2.002479
1.978222
1.996785
