1.998578
1.992431
1.988403
1.967373
1.978601
1.994999
1.999672
1.984472
2.015950
2.017200
2.032694
2.014609
2.012402
2.028314
2.028251
2.040070
1.989574
1.970844
1.978860
1.997206
2.004409
1.997449
1.996727
1.996834
1.998401
2.012670
1.993672
1.989585
1.999816
2.007471
2.021397
2.026074
1.994655
1.982373
1.973394
1.987250
2.006370
2.002676
1.965351
1.983243
1.995101
1.988361
1.957358
1.950871
2.003538
2.004183
2.001944
2.011632
1.990912
1.995384
2.004836
1.997560
1.983765
1.976670
1.979569
2.008078
1.985763
1.979763
1.997169
1.997081
1.984836
1.988916
1.986761
2.001457
2.006199
2.010032
1.996669
1.988029
2.007939
2.019972
2.014601
1.988174
2.005579
2.003914
2.003071
2.032865
2.000630
1.995768
1.976244
1.985784
1.999258
2.002526
2.012024
1.970142
1.990027
1.985502
1.994069
1.993434
1.991593
1.987027
1.992597
1.986066
2.001906
1.993518
2.001121
2.012405
2.001618
1.999682
1.987702
1.972087
1.999770
1.992179
1.985093
1.975243
2.006621
2.001429
2.007022
1.995615
1.990239
2.004554
2.001289
2.030273
1.993316
2.003612
1.992816
2.004471
2.011932
2.010438
2.030102
2.004738
1.999334
1.987617
2.000169
2.001894
2.011752
2.021644
2.029795
2.010049
2.012642
2.008654
1.973087
1.958430
1.981628
1.973942
1.999237
1.994593
2.010865
2.014221
2.038625
2.035529
1.996646
1.999659
2.009388
2.008767
1.994914
1.991253
2.000906
1.986510
1.999762
1.999808
2.003574
1.992371
1.988680
1.989354
1.971849
1.994557
1.992122
1.991375
1.956556
1.994888
1.999616
2.007617
1.999784
1.987181
2.001475
2.000232
2.008687
1.996737
1.999448
1.984458
1.960847
1.997562
2.003695
2.013777
2.056274
2.043716
2.010156
1.997583
1.985227
1.989143
2.013725
2.010201
1.978502
2.000482
2.003792
1.996879
2.005690
1.991134
1.998846
2.000028
1.974545
1.989323
1.984084
1.983825
1.957822
1.963189
1.991244
2.000239
2.011039
2.011628
1.992759
2.002255
1.991258
2.012842
1.995750
2.002772
2.009340
1.996946
1.991127
1.988778
1.997948
1.987022
2.020061
2.016122
2.026922
2.020771
2.005373
1.995645
2.007603
2.001164
2.000796
2.008620
2.016793
2.002662
2.004444
1.999894
2.012257
1.996824
2.005073
2.018522
2.009268
1.997177
2.003016
2.004138
2.004880
1.986507
1.998135
1.994727
1.974015
1.985379
1.995177
1.983577
1.992574
1.984883
1.994223
1.989587
1.941942
1.962935
2.006908
2.004510
2.004688
2.001176
1.990552
1.994069
1.986414
1.995655
1.998965
1.996613
2.005811
2.007441
1.996065
1.998691
2.016376
2.025894
1.994656
1.995561
1.981118
1.978109
2.013458
2.011211
2.003587
2.021405
1.995451
2.010736
2.009205
2.003206
1.995076
1.991618
1.991510
1.967526
1.986623
2.006752
2.029243
2.004523
2.024584
2.024838
2.058322
2.050686
2.008981
2.016784
1.998745
1.991024
1.985213
1.993064
2.008959
2.005865
2.001638
2.017135
2.020065
2.020516
1.991132
2.005307
1.985071
1.993150
2.009449
2.013378
2.013652
1.985123
1.988904
1.986518
1.979309
1.987371
1.988490
2.000704
2.002249
1.984986
1.980540
1.984024
1.984600
1.978395
2.025105
2.022235
2.049326
2.003978
1.990744
1.999014
2.010427
1.993737
2.003449
2.019223
2.031538
2.024138
2.006949
2.017534
2.009957
1.997566
2.007587
2.009659
2.023579
2.002028
2.003637
1.997901
1.991372
1.988932
1.988772
1.985120
1.986828
1.992005
1.998552
2.005163
1.995720
1.998562
2.000471
2.002643
2.002713
1.976090
1.991384
1.996180
2.000360
1.983384
2.000140
2.006830
2.043892
2.023264
2.017354
2.012005
2.033375
2.022215
2.012616
2.012681
2.011303
2.003589
2.004080
2.006897
2.015504
2.022655
1.995825
1.997050
1.997747
1.995322
1.997751
1.987162
1.994050
1.995468
2.001887
2.008363
2.037449
2.012878
1.991599
1.990284
1.978965
1.966137
2.007057
2.008491
2.019086
2.006015
1.998378
1.993806
1.994129
2.004598
2.000411
1.998933
1.971253
1.974191
1.994034
1.987640
2.008789
1.998605
2.011073
2.012747
2.010783
1.991053
2.004853
2.008235
2.001589
2.007756
1.999308
1.985716
2.015585
2.012440
1.994048
1.997643
1.998693
1.979781
1.990511
1.999121
1.984863
1.992807
2.006284
2.004935
2.015679
1.989432
2.004583
2.007733
2.028088
2.038794
1.993938
2.004083
1.990995
2.002124
2.011472
2.005823
2.007495
2.011464
1.996105
1.982970
1.986147
1.983882
2.005516
2.002204
1.988788
2.010661
2.000430
2.018337
2.043595
2.024953
2.012373
2.015639
2.044940
2.036114
1.986143
1.991080
1.999702
1.984985
2.006196
2.004089
2.008736
2.025089
1.987041
1.992594
1.998288
1.997396
2.002322
1.998759
2.009714
2.004635
2.000835
1.995967
2.000261
1.981040
2.013004
2.003265
2.022058
1.964921
2.014594
2.017715
2.011516
1.997139
2.008863
2.013335
1.985211
2.003576
2.003310
1.998490
1.992704
1.985254
1.998575
1.992377
1.988249
1.967617
2.011570
2.005108
2.000386
2.034652
1.991630
1.979342
1.987401
1.994243
1.999866
2.015551
2.007750
2.009922
1.989326
1.970758
1.979082
1.998267
2.018482
2.012507
2.025234
2.007853
1.992325
2.005809
2.018486
2.054972
2.004624
2.015532
2.011404
2.014916
1.994740
1.982563
1.973220
1.987521
2.004312
2.012578
2.006876
2.013374
2.005575
2.005094
2.009063
1.992006
1.997940
1.999793
2.009966
2.030069
1.991453
1.995832
2.005395
1.997544
2.002070
2.010408
2.028834
2.008056
1.982632
1.975082
1.945809
1.950450
1.973157
1.982292
2.010648
2.006688
2.006331
2.009966
1.996127
1.987930
1.988253
1.977622
1.971737
1.949984
1.993190
1.988526
2.008184
2.010289
1.993371
1.993219
1.985692
1.986395
1.997855
2.000778
2.012231
1.968407
1.998521
1.994957
1.977032
1.976328
1.995020
1.992811
1.955388
1.986371
2.003087
1.992625
2.007648
2.015016
2.001502
1.999574
1.987927
1.970218
1.995491
2.009702
2.019736
2.030826
2.010138
2.014559
2.006454
1.987004
1.981611
1.982220
1.954274
1.952268
1.993452
2.003674
1.992328
2.003951
1.989841
2.000218
1.996916
2.001494
1.988731
1.991788
1.992031
1.980960
1.987646
1.980486
2.025619
2.019298
2.012763
2.008813
1.973825
1.959238
1.984806
1.992739
1.977113
1.991437
1.995995
1.992395
1.991744
1.996642
1.991919
1.995396
1.981253
1.980151
1.994911
1.991182
2.000761
1.986525
2.015814
2.019032
2.003845
1.979158
1.993372
1.989180
1.994331
2.016377
1.990955
2.002027
2.042943
2.049552
1.999887
2.006870
1.998916
1.986909
2.008728
2.002692
1.995588
2.004562
2.006131
1.991353
2.013008
2.001168
1.998595
2.000653
2.006832
2.009734
2.010175
1.997677
1.986229
1.990515
1.995950
2.006135
2.003248
1.992998
1.994401
1.996130
1.996075
1.997795
2.004842
1.990440
1.963880
1.982142
1.985454
1.985947
1.963231
1.965781
2.002615
2.009339
2.035972
2.041196
1.993074
2.006939
2.021161
2.004871
2.017311
2.017035
2.025330
2.029434
1.991663
1.989637
1.998101
1.986464
1.997399
1.997235
2.010494
2.017058
1.992961
2.006486
2.027925
2.038517
2.002465
1.985646
1.975440
1.967607
2.004736
2.000280
2.011820
1.996742
1.996300
1.986209
2.007009
1.996151
2.004302
1.997067
1.992085
1.987760
2.001924
2.005340
2.000212
2.025323
1.995728
1.984467
1.993851
1.986061
1.987067
1.984431
2.021660
2.017174
1.997394
1.999332
2.000738
1.983837
1.995171
1.990495
1.981401
1.999814
1.999021
1.996763
2.007458
2.008872
1.999140
1.990728
1.991011
2.000913
2.024597
2.031791
2.027513
2.028866
2.008700
2.010269
2.013477
2.000826
1.995632
2.011301
2.009355
2.004804
2.000585
2.006997
1.974801
2.011596
1.992923
1.978713
1.988018
1.984364
1.988343
1.999986
1.996812
1.996162
2.009840
2.017239
2.001815
1.993997
1.998695
2.006032
2.005461
1.992651
1.999760
2.003941
2.008006
2.014858
2.003070
2.018838
2.017460
1.998823
2.009443
2.013482
2.013317
1.984611
2.004723
2.011745
1.981790
1.971025
1.997301
2.002558
2.033926
1.995021
2.002824
2.012093
2.045847
2.025548
2.024945
2.021681
2.048432
2.001971
2.010066
2.010866
2.017576
2.020515
1.999131
2.018704
2.010027
1.993116
2.002102
2.006876
2.023025
2.002609
2.007701
2.009026
2.022552
2.003945
2.011887
2.000970
1.987136
1.984523
2.011161
2.022717
2.029893
1.985851
1.992915
2.003787
1.985945
2.015026
2.000005
2.002031
2.002616
1.975826
1.996982
1.995363
1.985960
1.995394
2.003719
1.998769
1.995263
1.972907
1.993544
1.999082
2.005624
2.020865
2.012877
2.012750
2.011330
2.003331
2.010305
2.005539
2.010416
1.979030
1.997988
2.006507
2.043470
2.006641
1.998386
2.001367
2.021389
2.027172
2.001901
2.008453
2.037903
2.015801
1.996710
1.985469
1.991803
1.994415
1.997678
1.994564
2.019868
2.010560
2.012899
2.014142
2.037428
2.031059
2.000397
1.998990
1.970916
1.973496
1.990806
1.979223
1.986651
1.977763
1.992776
2.000220
2.004600
1.978121
2.018675
2.018847
1.989552
1.982012
1.999030
1.985943
2.015692
2.011654
1.995354
1.972846
1.939479
1.951341
2.006242
2.010406
2.047161
2.022426
1.995561
2.001620
2.001697
2.023273
2.004638
2.007834
2.028636
2.039363
1.997751
2.018098
2.023930
2.018599
1.993219
1.980420
1.989506
2.014373
2.003204
2.005985
2.017820
2.041684
2.005359
2.002133
1.987909
2.009968
1.992918
2.001352
1.998442
1.992339
2.008297
2.000394
2.005186
1.981332
1.990241
1.988578
1.998848
1.978566
