4.247438
4.210143
4.212973
4.199901
4.167685
4.182153
4.249651
4.206864
4.203902
4.205343
4.173127
4.180287
4.247297
4.212513
4.212663
4.198742
4.171626
4.177409
4.247810
4.214879
4.208557
4.198000
4.168568
4.187065
4.251497
4.215008
4.204172
4.195880
4.174526
4.181535
4.246778
4.213284
4.205927
4.203898
4.177888
4.184270
4.247057
4.210629
4.208261
4.201124
4.167375
4.183594
4.249903
4.222173
4.216469
4.198582
4.175591
4.186180
4.250954
4.211902
4.206466
4.199809
4.174758
4.197363
4.249861
4.206986
4.210485
4.204258
4.181983
4.184938
4.249548
4.216519
4.213006
4.211693
4.173761
4.182451
4.248099
4.213375
4.217549
4.199588
4.174569
4.189956
4.250537
4.222406
4.213430
4.195011
4.189792
4.189379
4.252567
4.215417
4.215842
4.211094
4.175767
4.186389
4.247197
4.212140
4.208951
4.199328
4.176047
4.182640
4.250192
4.231714
4.215448
4.199060
4.173791
4.193033
4.252821
4.216422
4.214674
4.203480
4.177217
4.190973
4.246730
4.208469
4.214061
4.212222
4.190308
4.201553
4.251099
4.212131
4.219789
4.206144
4.181556
4.209172
4.248517
4.221978
4.225726
4.216364
4.182327
4.186382
4.247052
4.217654
4.227192
4.223741
4.186218
4.197617
4.248891
4.217457
4.217630
4.200681
4.193307
4.186988
4.256004
4.227582
4.216034
4.206533
4.171189
4.180291
4.247546
4.215591
4.219332
4.199096
4.172194
4.182322
4.250819
4.232098
4.220663
4.202155
4.172878
4.182655
4.249103
4.218930
4.209337
4.201228
4.176537
4.191326
4.249405
4.209232
4.212669
4.201145
4.177136
4.185607
4.250655
4.214258
4.204481
4.204307
4.173467
4.191567
4.251737
4.214373
4.213703
4.208261
4.184042
4.187895
4.251448
4.223055
4.222248
4.211134
4.172827
4.187143
4.249764
4.215083
4.213500
4.204737
4.174722
4.176547
4.251335
4.223278
4.213966
4.200633
4.181920
4.192729
4.248663
4.210336
4.210663
4.198709
4.167128
4.212663
4.254099
4.218128
4.216352
4.211065
4.194046
4.200969
4.244885
4.215754
4.218596
4.232117
4.194931
4.189503
4.248161
4.211807
4.226312
4.217986
4.178682
4.187365
4.250965
4.246251
4.230491
4.201214
4.171516
4.193220
4.248415
4.220129
4.206562
4.198799
4.182354
4.195477
4.248866
4.205823
4.209723
4.209054
4.175054
4.184666
4.249354
4.213332
4.215802
4.210053
4.174973
4.183330
4.247438
4.231618
4.226612
4.222865
4.210862
4.238913
4.249651
4.234441
4.230871
4.231403
4.220056
4.221689
4.247297
4.233210
4.232555
4.233390
4.218672
4.225707
4.247810
4.234200
4.240430
4.226507
4.225108
4.229576
4.251497
4.234206
4.235422
4.226325
4.210967
4.224132
4.246778
4.229051
4.237410
4.233675
4.215156
4.217785
4.247057
4.232070
4.225841
4.245635
4.235320
4.225879
4.249903
4.240821
4.237802
4.226606
4.215529
4.236747
4.250954
4.236038
4.237337
4.234601
4.231219
4.232306
4.249861
4.225398
4.240693
4.236143
4.223559
4.230623
4.249548
4.235210
4.234748
4.229178
4.220933
4.234047
4.248099
4.232541
4.228827
4.228011
4.218940
4.223175
4.250537
4.252118
4.244735
4.233582
4.223631
4.232627
4.252567
4.233856
4.232348
4.241969
4.236800
4.233122
4.247197
4.237578
4.229276
4.237415
4.218777
4.221828
4.250192
4.242905
4.239105
4.241051
4.240429
4.233153
4.252821
4.238435
4.245555
4.239283
4.220042
4.222307
4.246730
4.229423
4.274228
4.240359
4.223110
4.232331
4.251099
4.233691
4.240818
4.241227
4.224328
4.231563
4.248517
4.240537
4.248943
4.235178
4.218833
4.231716
4.247052
4.240771
4.235001
4.229553
4.227741
4.218401
4.248891
4.243145
4.242604
4.238380
4.217573
4.226043
4.256004
4.252158
4.240397
4.229480
4.226647
4.231434
4.247546
4.235610
4.235922
4.234786
4.218992
4.220224
4.250819
4.253372
4.235747
4.226407
4.215157
4.246566
4.249103
4.239474
4.236114
4.237792
4.223560
4.233076
4.249405
4.230614
4.243773
4.233059
4.218828
4.221575
4.250655
4.235203
4.239578
4.230527
4.237999
4.230944
4.251737
4.232295
4.239190
4.238701
4.226918
4.225456
4.251448
4.241302
4.231776
4.229641
4.206989
4.218226
4.249764
4.232575
4.238857
4.245714
4.221046
4.230542
4.251335
4.241080
4.235917
4.237692
4.229371
4.227290
4.248663
4.231917
4.233821
4.226485
4.221742
4.217363
4.254099
4.237912
4.253980
4.237843
4.220798
4.256683
4.244885
4.238362
4.254090
4.236634
4.222385
4.238214
4.248161
4.232423
4.224522
4.230499
4.209587
4.229285
4.250965
4.260635
4.242280
4.238679
4.224789
4.231142
4.248415
4.241666
4.237401
4.229824
4.227132
4.222899
4.248866
4.226807
4.230646
4.218493
4.213633
4.223590
4.249354
4.232603
4.241552
4.250749
4.226506
4.222835
4.247438
4.239736
4.244362
4.239453
4.236843
4.239472
4.249651
4.240988
4.245320
4.249207
4.251486
4.247138
4.247297
4.240596
4.238752
4.248292
4.240715
4.241507
4.247810
4.242141
4.242550
4.235546
4.243054
4.243137
4.251497
4.245555
4.251538
4.254078
4.241802
4.235133
4.246778
4.238531
4.255628
4.255435
4.248893
4.242190
4.247057
4.245462
4.256379
4.274863
4.253008
4.243678
4.249903
4.251211
4.239990
4.241959
4.238949
4.240033
4.250954
4.243110
4.247509
4.253230
4.247017
4.255448
4.249861
4.233673
4.253819
4.242630
4.237851
4.256906
4.249548
4.244750
4.241347
4.250701
4.245187
4.237207
4.248099
4.243956
4.248253
4.254506
4.236268
4.236842
4.250537
4.261415
4.253928
4.243261
4.236908
4.241872
4.252567
4.243389
4.254478
4.247197
4.249624
4.250150
4.247197
4.245926
4.242079
4.243071
4.230423
4.245343
4.250192
4.254573
4.257127
4.255353
4.263242
4.252711
4.252821
4.247601
4.244805
4.244205
4.243856
4.236815
4.246730
4.236118
4.245398
4.239397
4.232023
4.240345
4.251099
4.245943
4.244007
4.237402
4.229364
4.245530
4.248517
4.250594
4.240577
4.243092
4.235161
4.249623
4.247052
4.257897
4.248240
4.246779
4.243310
4.248331
4.248891
4.249496
4.244067
4.242331
4.237611
4.241515
4.256004
4.255526
4.261091
4.270350
4.253348
4.255199
4.247546
4.243085
4.244580
4.263697
4.237374
4.241333
4.250819
4.258216
4.244052
4.233463
4.232681
4.235343
4.249103
4.253664
4.244472
4.239080
4.242678
4.244265
4.249405
4.241443
4.238636
4.248911
4.245939
4.250362
4.250655
4.241717
4.241030
4.245599
4.242810
4.243364
4.251737
4.244274
4.243615
4.252911
4.240078
4.231376
4.251448
4.252774
4.264157
4.253986
4.242827
4.243768
4.249764
4.241548
4.258242
4.242170
4.235906
4.245941
4.251335
4.251204
4.243500
4.254220
4.244057
4.248022
4.248663
4.239593
4.238268
4.250628
4.244200
4.236715
4.254099
4.247500
4.250102
4.258305
4.249227
4.247832
4.244885
4.248662
4.257182
4.252395
4.239694
4.243062
4.248161
4.239689
4.252845
4.245431
4.241466
4.250620
4.250965
4.260722
4.260257
4.254956
4.241799
4.239261
4.248415
4.255434
4.240047
4.242321
4.236429
4.245876
4.248866
4.233878
4.239474
4.234750
4.237070
4.237322
4.249354
4.242737
4.244772
4.246884
4.244820
4.243127
4.247438
4.253247
4.259715
4.255555
4.253986
4.245582
4.249651
4.249167
4.256845
4.251317
4.261094
4.262928
4.247297
4.248202
4.244003
4.246755
4.254331
4.255117
4.247810
4.251066
4.254276
4.249811
4.247642
4.245262
4.251497
4.247146
4.259554
4.247268
4.238860
4.237255
4.246778
4.243968
4.246915
4.241450
4.247010
4.263712
4.247057
4.245137
4.244463
4.260237
4.252702
4.247581
4.249903
4.252826
4.262886
4.265359
4.253469
4.256062
4.250954
4.245772
4.242850
4.240855
4.247687
4.253354
4.249861
4.237530
4.253865
4.242464
4.253716
4.244508
4.249548
4.248519
4.245434
4.242710
4.242732
4.248115
4.248099
4.248883
4.246632
4.254671
4.251718
4.250900
4.250537
4.266928
4.252388
4.261113
4.251719
4.252056
4.252567
4.246807
4.249566
4.250066
4.252738
4.278423
4.247197
4.254333
4.258134
4.242127
4.247267
4.247942
4.250192
4.257460
4.258279
4.256700
4.256054
4.247682
4.252821
4.252154
4.257012
4.258281
4.252201
4.249718
4.246730
4.247378
4.258166
4.263946
4.256498
4.239430
4.251099
4.249326
4.247954
4.255549
4.248360
4.250499
4.248517
4.251319
4.250984
4.249290
4.248769
4.240668
4.247052
4.253094
4.245459
4.250992
4.252830
4.258235
4.248891
4.247878
4.261149
4.249166
4.237064
4.244205
4.256004
4.261715
4.265464
4.251408
4.250090
4.247446
4.247546
4.243511
4.240525
4.255032
4.263852
4.244138
4.250819
4.259284
4.238578
4.241855
4.235690
4.247947
4.249103
4.251892
4.253125
4.246135
4.243036
4.249747
4.249405
4.245499
4.250366
4.249701
4.257451
4.250553
4.250655
4.246477
4.271705
4.247149
4.248278
4.247190
4.251737
4.245381
4.245402
4.248227
4.258863
4.247452
4.251448
4.257577
4.241029
4.251485
4.246085
4.241072
4.249764
4.245175
4.245851
4.243635
4.240660
4.252686
4.251335
4.250204
4.255315
4.259856
4.245238
4.250180
4.248663
4.242886
4.263644
4.257801
4.243174
4.256517
4.254099
4.251466
4.255238
4.248251
4.243782
4.245782
4.244885
4.253210
4.244184
4.240867
4.241908
4.242156
4.248161
4.243388
4.260296
4.265669
4.256832
4.241965
4.250965
4.261392
4.248065
4.242002
4.236322
4.252504
4.248415
4.260877
4.249802
4.253980
4.253016
4.265011
4.248866
4.239350
4.259364
4.253753
4.240673
4.241591
4.249354
4.241495
4.248597
4.244035
4.256071
4.254601
4.247438
4.251333
4.247150
4.245626
4.249574
4.245669
4.249651
4.250165
4.250602
4.243431
4.239240
4.241817
4.247297
4.257365
4.262698
4.256624
4.244981
4.251075
4.247810
4.252812
4.251433
4.271356
4.261341
4.242938
4.251497
4.248593
4.244172
4.238894
4.239925
4.285963
4.246778
4.245961
4.259609
4.271725
4.256526
4.267240
4.247057
4.246905
4.254480
4.252009
4.256418
4.252446
4.249903
4.250777
4.240280
4.250364
4.255506
4.250531
4.250954
4.251824
4.242822
4.253698
4.238473
4.254946
4.249861
4.242244
4.242597
4.251977
4.244864
4.248954
4.249548
4.249445
4.251016
4.252209
4.249992
4.248601
4.248099
4.250260
4.263811
4.292097
4.272129
4.252242
4.250537
4.265670
4.261511
4.243927
4.238536
4.249536
4.252567
4.247192
4.248730
4.243038
4.253491
4.261113
4.247197
4.246867
4.242886
4.247697
4.242275
4.252494
4.250192
4.255715
4.281497
4.250446
4.303601
4.269646
4.252821
4.251505
4.264567
4.255920
4.249610
4.256810
4.246730
4.247146
4.251880
4.241341
4.242355
4.239523
4.251099
4.248032
4.245107
4.250442
4.246545
4.248985
4.248517
4.248924
4.253089
4.253961
4.259200
4.243857
4.247052
4.251581
4.250551
4.265671
4.261883
4.259878
4.248891
4.253289
4.247521
4.247259
4.253985
4.267030
4.256004
4.264234
4.267747
4.260820
4.249206
4.256155
4.247546
4.242919
4.247905
4.260658
4.261546
4.267229
4.250819
4.258781
4.245413
4.247334
4.248490
4.254327
4.249103
4.249976
4.258902
4.250445
4.252373
4.254866
4.249405
4.244181
4.243553
4.246169
4.244005
4.253866
4.250655
4.247599
4.250135
4.245969
4.246209
4.250355
4.251737
4.246620
4.258919
4.254234
4.259235
4.254700
4.251448
4.257510
4.245886
4.256358
4.248511
4.247629
4.249764
4.248312
4.245138
4.254495
4.251349
4.247982
4.251335
4.251579
4.252362
4.251431
4.246761
4.253505
4.248663
4.247999
4.243003
4.246329
4.238091
4.240413
4.254099
4.252518
4.254082
4.246401
4.243366
4.245489
4.244885
4.254001
4.257963
4.260865
4.247431
4.249042
4.248161
4.242694
4.237258
4.240931
4.314983
4.262420
4.250965
4.261906
4.269504
4.248529
4.265898
4.244824
4.248415
4.256491
4.254183
4.257144
4.242791
4.246177
4.248866
4.239316
4.258768
4.264176
4.265599
4.258218
4.249354
4.241432
4.247593
4.245064
4.248180
4.247067
4.247438
4.248258
4.249340
4.251868
4.248286
4.245399
4.249651
4.246056
4.257635
4.248298
4.247278
4.245131
4.247297
4.248443
4.251366
4.260608
4.279905
4.260820
4.247810
4.248445
4.229267
4.262568
4.258995
4.249207
4.251497
4.249903
4.249555
4.258692
4.259262
4.255078
4.246778
4.247100
4.248769
4.259813
4.262185
4.256009
4.247057
4.245491
4.246436
4.249362
4.257311
4.248103
4.249903
4.251200
4.252191
4.243056
4.249285
4.260898
4.250954
4.255770
4.252594
4.253285
4.262089
4.255898
4.249861
4.245361
4.244763
4.251766
4.244475
4.267489
4.249548
4.249094
4.269010
4.256505
4.250115
4.247891
4.248099
4.246883
4.239108
4.246437
4.254019
4.247658
4.250537
4.260949
4.247350
4.256165
4.255937
4.254295
4.252567
4.247552
4.253818
4.269801
4.252450
4.264034
4.247197
4.247413
4.254900
4.254566
4.252599
4.249532
4.250192
4.255027
4.250356
4.244437
4.247087
4.259601
4.252821
4.248363
4.247720
4.248658
4.251700
4.258195
4.246730
4.243722
4.249961
4.243586
4.248114
4.245476
4.251099
4.249803
4.255113
4.253422
4.248299
4.252727
4.248517
4.248107
4.252212
4.259773
4.257834
4.263605
4.247052
4.252389
4.248717
4.255876
4.250887
4.255496
4.248891
4.256278
4.268897
4.258276
4.250808
4.247110
4.256004
4.256352
4.259233
4.269012
4.262736
4.264895
4.247546
4.243396
4.235063
4.241564
4.236430
4.241002
4.250819
4.265961
4.250966
4.254384
4.256992
4.263669
4.249103
4.252236
4.256551
4.249467
4.249472
4.251433
4.249405
4.244065
4.243980
4.247622
4.242860
4.255569
4.250655
4.251809
4.237978
4.244579
4.245003
4.252699
4.251737
4.249407
4.245024
4.251057
4.255322
4.253063
4.251448
4.256561
4.256667
4.247610
4.251844
4.257150
4.249764
4.246889
4.241347
4.240485
4.241332
4.255089
4.251335
4.251908
4.247123
4.240811
4.252200
4.252302
4.248663
4.246442
4.248191
4.248634
4.251646
4.255282
4.254099
4.253697
4.253671
4.254597
4.251355
4.266813
4.244885
4.257891
4.248009
4.246584
4.296398
4.261786
4.248161
4.240435
4.242315
4.256289
4.252442
4.241630
4.250965
4.260745
4.247354
4.251810
4.249504
4.245354
4.248415
4.255658
4.249300
4.245047
4.250183
4.246323
4.248866
4.236934
4.243232
4.242965
4.242807
4.263754
4.249354
4.241076
4.252399
4.261872
4.263281
4.253197
4.247438
4.251925
4.244490
4.243875
4.239283
4.253474
4.249651
4.242656
4.255403
4.243647
4.238267
4.244913
4.247297
4.252254
4.262215
4.252789
4.249918
4.250132
4.247810
4.247858
4.243222
4.250965
4.246487
4.258533
4.251497
4.248752
4.259998
4.240182
4.243562
4.253059
4.246778
4.243509
4.248800
4.258278
4.251393
4.253302
4.247057
4.244095
4.239854
4.244447
4.243673
4.254306
4.249903
4.254028
4.248441
4.258100
4.249659
4.241359
4.250954
4.252029
4.256661
4.247390
4.250166
4.256984
4.249861
4.242093
4.249890
4.260719
4.258980
4.247069
4.249548
4.252252
4.250552
4.253993
4.255224
4.255885
4.248099
4.249646
4.251254
4.255417
4.253481
4.257845
4.250537
4.263941
4.256372
4.249429
4.244007
4.248557
4.252567
4.248392
4.265562
4.252301
4.250805
4.251093
4.247197
4.246370
4.244377
4.250892
4.248037
4.242428
4.250192
4.258147
4.244882
4.250003
4.242600
4.252604
4.252821
4.248707
4.251509
4.248421
4.250401
4.238232
4.246730
4.242233
4.250448
4.262213
4.251906
4.252056
4.251099
4.248370
4.255972
4.247960
4.246888
4.244270
4.248517
4.248220
4.253404
4.244931
4.248862
4.257974
4.247052
4.253081
4.249103
4.256873
4.248289
4.248397
4.248891
4.257437
4.286149
4.264663
4.261182
4.248864
4.256004
4.257175
4.243857
4.250816
4.250084
4.250246
4.247546
4.247222
4.251576
4.247237
4.252122
4.241854
4.250819
4.263745
4.248874
4.243884
4.250935
4.253510
4.249103
4.252685
4.248758
4.250855
4.255438
4.257540
4.249405
4.246006
4.247874
4.249188
4.255617
4.254820
4.250655
4.249683
4.249920
4.249729
4.255648
4.267055
4.251737
4.251338
4.242915
4.254211
4.250335
4.241274
4.251448
4.255384
4.245750
4.253931
4.265911
4.247940
4.249764
4.246283
4.242390
4.250658
4.272919
4.248476
4.251335
4.252898
4.252057
4.259670
4.258626
4.247946
4.248663
4.247882
4.248486
4.254795
4.252722
4.243866
4.254099
4.252578
4.240869
4.243264
4.261527
4.256002
4.244885
4.257473
4.262809
4.247322
4.259917
4.243205
4.248161
4.243062
4.249447
4.240028
4.241828
4.243205
4.250965
4.262996
4.255327
4.255933
4.246942
4.259690
4.248415
4.256880
4.243704
4.246019
4.247047
4.239094
4.248866
4.239212
4.258323
4.256592
4.251930
4.247691
4.249354
4.240770
4.249223
4.252842
4.261869
4.248409
4.247438
4.245730
4.241121
4.250686
4.250195
4.246346
4.249651
4.242331
4.245091
4.256257
4.258337
4.252347
4.247297
4.246681
4.245572
4.252293
4.249882
4.248225
4.247810
4.248480
4.240685
4.243701
4.260286
4.256424
4.251497
4.248608
4.241684
4.249371
4.251598
4.247257
4.246778
4.243524
4.249964
4.240018
4.238985
4.242399
4.247057
4.243242
4.247475
4.249784
4.256118
4.264730
4.249903
4.253482
4.251197
4.247246
4.254380
4.253991
4.250954
4.254352
4.244648
4.244385
4.241378
4.234546
4.249861
4.245252
4.247818
4.245507
4.245392
4.244602
4.249548
4.249826
4.249385
4.251700
4.244311
4.248823
4.248099
4.248440
4.245091
4.248170
4.255629
4.249639
4.250537
4.259133
4.246635
4.243355
4.249833
4.246367
4.252567
4.251029
4.251809
4.255415
4.252854
4.249272
4.247197
4.247219
4.245846
4.235577
4.245287
4.238255
4.250192
4.256821
4.256509
4.250784
4.253622
4.249790
4.252821
4.250499
4.263053
4.236265
4.235522
4.298652
4.246730
4.241970
4.245936
4.249931
4.251182
4.259966
4.251099
4.249885
4.248081
4.254618
4.250953
4.251171
4.248517
4.246628
4.257019
4.248130
4.237467
4.257221
4.247052
4.250394
4.251317
4.259248
4.264542
4.250858
4.248891
4.256334
4.251210
4.246438
4.247984
4.251268
4.256004
4.253389
4.249387
4.254838
4.247615
4.250913
4.247546
4.246970
4.244419
4.248338
4.249547
4.251787
4.250819
4.260798
4.251492
4.248259
4.246554
4.243642
4.249103
4.254269
4.244165
4.245647
4.236628
4.244261
4.249405
4.250544
4.239490
4.258069
4.248210
4.247639
4.250655
4.247567
4.254786
4.248664
4.257644
4.255618
4.251737
4.248913
4.254502
4.244674
4.247728
4.252207
4.251448
4.256139
4.249981
4.252240
4.256177
4.250147
4.249764
4.246464
4.263831
4.252862
4.257178
4.255116
4.251335
4.251549
4.255740
4.249676
4.243065
4.245103
4.248663
4.245587
4.241302
4.238602
4.244409
4.245764
4.254099
4.252292
4.249315
4.251714
4.256073
4.252527
4.244885
4.258194
4.236311
4.283324
4.255410
4.248828
4.248161
4.242452
4.245209
4.238558
4.236990
4.244810
4.250965
4.264454
4.247869
4.242600
4.237706
4.239034
4.248415
4.255981
4.248225
4.242079
4.244706
4.243726
4.248866
4.238637
4.248085
4.246909
4.249962
4.241809
4.249354
4.240737
4.265335
4.245622
4.246060
4.245492
