-0.000495
2.915194
-0.052814
-0.297030
0.265117
-1.891448
-0.282885
-0.432819
-0.005433
2.797382
0.048548
-0.177072
0.268228
-1.956750
-0.280951
-0.431027
0.014128
2.456056
0.116862
-0.148391
0.039482
1.550920
0.187604
-0.007786
0.088266
1.633758
-0.073594
-0.270393
0.179933
-0.864729
-0.082918
-0.238789
0.107484
1.283955
-0.110860
-0.306655
0.195490
-1.150671
0.169290
-0.032943
0.062704
1.280626
0.106079
-0.130875
-0.002490
2.562884
0.072129
-0.180622
0.041167
1.851752
0.125755
-0.134771
-0.003060
2.568901
0.071998
-0.180611
-0.037490
3.039820
0.094069
-0.155053
-0.056947
3.532619
0.272973
0.028563
0.098644
1.177829
-0.077137
-0.258016
0.181103
-0.871194
0.175602
-0.029219
0.091049
1.341384
-0.079618
-0.262745
0.000544
2.154760
0.259951
0.047464
0.166952
-0.260629
-0.112005
-0.327083
-0.071595
3.773778
0.100675
-0.145301
-0.031950
2.926793
0.092121
-0.158308
-0.095378
4.278882
0.103735
-0.145793
-0.263086
6.475033
0.737779
0.576033
0.148494
0.110339
0.067372
-0.161323
-0.091406
3.759329
0.186636
-0.075451
-0.018515
2.341618
0.294782
0.049115
-0.077415
3.437590
0.186449
-0.069049
0.105641
0.581892
0.090560
-0.115371
-0.184370
5.618291
0.425213
0.231767
0.009335
2.708426
-0.046819
-0.280176
-0.256542
6.337059
0.737201
0.576312
0.008433
2.728263
-0.041850
-0.275603
-0.007988
2.858781
0.023655
-0.204994
-0.039808
3.168892
0.175972
-0.093663
0.057055
1.723327
-0.015680
-0.253919
0.138197
-0.033514
0.023502
-0.171325
0.077719
1.306608
-0.026048
-0.265728
0.197187
-1.256767
-0.077737
-0.231677
-0.002540
2.976425
-0.056928
-0.303083
0.285066
-2.236887
-0.297798
-0.441829
-0.008548
2.858917
0.032024
-0.197063
0.284764
-2.236004
-0.302271
-0.448580
0.028824
2.107540
0.115190
-0.144430
0.041419
1.436392
0.208442
0.011499
0.111502
1.134249
-0.078590
-0.270550
0.192461
-1.163319
-0.072304
-0.226979
0.116347
0.996480
-0.080643
-0.272276
0.176833
-0.782320
0.155049
-0.046066
0.070580
1.088073
0.097130
-0.137646
0.033086
1.801823
0.105072
-0.144766
0.033666
2.027244
0.111508
-0.148312
0.030680
1.858703
0.080936
-0.169288
-0.035479
3.035793
0.067474
-0.181772
-0.030131
3.040229
0.249124
0.008364
0.054435
2.016833
0.004468
-0.185232
0.177482
-0.787551
0.157041
-0.045200
0.071837
1.686664
-0.016807
-0.205226
-0.009754
2.228863
0.256435
0.013008
0.185766
-0.559008
-0.136342
-0.351471
-0.087392
4.042472
0.146118
-0.104306
-0.034016
2.981030
0.075070
-0.173991
-0.080809
3.916663
0.141000
-0.108074
-0.241932
6.034171
0.736915
0.574408
0.151090
0.034823
0.073430
-0.154411
-0.089466
3.670180
0.209308
-0.053946
-0.009072
2.186803
0.272939
0.032769
-0.075842
3.459674
0.181313
-0.083519
0.118556
0.411630
0.028065
-0.174900
-0.164224
5.181656
0.411545
0.225148
-0.005925
3.111168
-0.082501
-0.313130
-0.239610
5.990460
0.732710
0.571059
-0.003523
3.059665
-0.080196
-0.311562
0.004209
2.582364
0.072440
-0.160759
-0.027968
2.943698
0.177438
-0.092892
0.076982
1.310999
-0.020126
-0.259555
0.107745
0.534583
0.078225
-0.118174
0.066916
1.526607
-0.024655
-0.262570
0.192973
-1.164885
-0.062861
-0.217817
-0.010605
3.147398
-0.088676
-0.328434
0.275062
-2.005443
-0.304557
-0.453076
-0.000308
2.666665
0.071575
-0.161724
0.272180
-1.953215
-0.306263
-0.457476
0.056634
1.584248
0.112756
-0.135491
0.059315
0.977621
0.236441
0.036989
0.134219
0.605708
-0.082157
-0.266011
0.188261
-1.069622
-0.066388
-0.218601
0.130737
0.706361
-0.095001
-0.281688
0.171289
-0.714650
0.175870
-0.033895
0.078112
0.929327
0.084620
-0.144585
0.036396
1.721294
0.058142
-0.192426
0.069951
1.368981
0.102308
-0.146219
0.037609
1.694659
0.052977
-0.197867
-0.041757
3.074368
0.102533
-0.147191
0.010710
2.241110
0.211012
-0.032288
0.055307
1.965130
0.012490
-0.177243
0.177997
-0.829681
0.164627
-0.037597
0.064546
1.843995
-0.013581
-0.201240
-0.022673
2.594877
0.290888
0.047913
0.171560
-0.243510
-0.145142
-0.358054
-0.075517
3.670449
0.150288
-0.092450
-0.038902
3.009270
0.104063
-0.145741
-0.082253
3.790770
0.160163
-0.083681
-0.242030
6.055240
0.701286
0.539578
0.171508
-0.380466
0.052161
-0.175764
-0.083768
3.604991
0.186809
-0.071880
-0.037584
2.908165
0.286001
0.042499
-0.081071
3.554476
0.192885
-0.067584
0.115643
0.368072
0.076120
-0.120232
-0.163769
5.054274
0.438736
0.249416
0.015532
2.650709
-0.085520
-0.314590
-0.243846
6.134885
0.697927
0.533633
0.013631
2.689935
-0.090950
-0.318436
0.003678
2.614181
0.061986
-0.172816
-0.012480
2.706910
0.123733
-0.139336
0.055325
1.776734
-0.020919
-0.261249
0.111204
0.498549
0.034072
-0.164150
0.058572
1.667972
-0.018188
-0.250048
0.206351
-1.461477
-0.057907
-0.206807
-0.018476
3.254141
-0.054599
-0.294800
0.271289
-1.858366
-0.344347
-0.490865
-0.004288
2.719668
0.060092
-0.175705
0.277822
-2.014509
-0.345073
-0.490405
0.069220
1.293735
0.140613
-0.111420
0.084045
0.516197
0.209557
0.014004
0.130752
0.797172
-0.121463
-0.311292
0.206224
-1.474605
-0.039221
-0.187860
0.132400
0.759811
-0.118149
-0.307272
0.175566
-0.804236
0.178886
-0.019939
0.076381
0.889869
0.105138
-0.121049
0.053459
1.445920
0.006920
-0.236012
0.071409
1.264483
0.139563
-0.112889
0.051104
1.485730
0.006668
-0.237040
-0.039707
3.046166
0.094330
-0.155585
0.001802
2.467722
0.192889
-0.049508
0.056289
2.048974
-0.019767
-0.209343
0.175969
-0.833805
0.175096
-0.024541
0.061195
1.930150
-0.029352
-0.218623
-0.009682
2.302831
0.227213
-0.011467
0.176349
-0.403831
-0.116628
-0.330606
-0.121247
4.544537
0.174082
-0.073786
-0.047450
3.199662
0.095296
-0.156514
-0.118092
4.485774
0.173557
-0.072825
-0.202965
5.441944
0.607566
0.454981
0.140549
0.258356
0.044811
-0.184052
-0.072466
3.463365
0.168116
-0.088010
-0.013480
2.379501
0.219444
-0.019783
-0.066114
3.341227
0.131719
-0.119512
0.129121
0.148728
0.028132
-0.172488
-0.145107
5.009899
0.328614
0.146272
0.027259
2.372939
-0.068434
-0.291524
-0.203101
5.464921
0.596339
0.442638
0.023138
2.437510
-0.063590
-0.289105
0.004491
2.551449
0.068285
-0.167724
-0.022554
2.955122
0.115425
-0.149008
0.054582
1.763514
-0.022129
-0.256032
0.142510
-0.029897
-0.023971
-0.223758
0.044227
1.969518
-0.050595
-0.284844
0.207792
-1.442107
-0.082432
-0.224729
0.046185
1.967262
-0.075624
-0.309825
0.258081
-1.608286
-0.355246
-0.496782
0.004857
2.530934
0.061483
-0.174645
0.253813
-1.543569
-0.348916
-0.492383
0.052019
1.651272
0.142570
-0.112531
0.089838
0.417746
0.170188
-0.021410
0.132706
0.705287
-0.111898
-0.299619
0.194008
-1.273341
-0.045775
-0.191616
0.135498
0.637585
-0.100057
-0.283951
0.177095
-0.949602
0.194717
0.004458
0.079025
0.837702
0.116309
-0.113667
0.027497
1.940213
0.014845
-0.228784
0.057083
1.521478
0.157860
-0.097990
0.025436
1.960447
0.024191
-0.219279
-0.044084
3.152029
0.087691
-0.164319
-0.006729
2.648222
0.182461
-0.060909
0.052899
2.067628
-0.015416
-0.207448
0.161047
-0.548864
0.165875
-0.038259
0.051848
2.125938
-0.038353
-0.227240
-0.029507
2.649229
0.256697
0.012193
0.207330
-1.047008
-0.116352
-0.329692
-0.093932
4.138685
0.122383
-0.123113
-0.039111
3.057353
0.085389
-0.165471
-0.096082
4.204402
0.117153
-0.128657
-0.205241
5.465282
0.610097
0.458463
0.142880
0.209113
0.037745
-0.190714
-0.057447
3.182176
0.130744
-0.119573
-0.020877
2.499592
0.248949
0.007332
-0.061366
3.233707
0.139749
-0.113294
0.131322
0.151431
-0.020018
-0.228730
-0.141587
4.990901
0.286843
0.107815
0.017424
2.505472
-0.109407
-0.336550
-0.222347
5.851824
0.609252
0.451533
-0.002951
2.835160
-0.051912
-0.273724
-0.008319
2.799924
0.074081
-0.164148
-0.024741
3.059492
0.098044
-0.171076
0.052349
1.908401
-0.047442
-0.278062
0.140430
-0.078854
0.004104
-0.204711
0.075598
1.408414
-0.078467
-0.306490
0.203988
-1.415423
-0.086662
-0.230164
