2.004420
1.996717
1.999926
1.995823
1.998137
2.003830
2.007208
2.016486
2.019204
2.041049
2.040563
2.040497
1.996783
1.996232
1.958250
1.965592
1.984824
2.002903
2.002285
2.023857
2.038584
2.034973
2.016032
1.992275
1.997765
1.996071
2.011188
2.008908
2.010997
2.011300
2.000258
1.999709
2.009533
1.994909
1.997157
1.995575
2.005860
1.997805
1.994864
1.996860
1.994963
1.998109
2.006132
2.012471
2.005778
2.029356
2.033737
2.039438
1.995961
1.994222
1.954102
1.967727
1.985969
2.008156
2.002844
2.024003
2.041869
2.030860
2.014687
1.993612
1.997968
1.996059
2.010299
2.009568
2.011221
2.011689
2.000258
1.999405
2.009153
1.996179
1.997929
1.998827
2.001695
2.005598
1.955480
1.971309
1.970956
1.952978
2.001230
2.011070
2.003353
2.014989
2.014511
1.987873
1.998777
2.010406
1.982350
1.978064
1.985522
1.976890
2.003521
2.009908
2.018472
1.995951
2.002085
2.009268
1.987631
1.972639
1.984847
1.959854
1.969253
1.992282
1.988885
1.987403
1.957393
1.972948
1.980903
1.992988
2.004603
2.013275
1.963733
1.981899
1.978204
1.956392
2.000376
2.007833
1.988924
1.996415
2.007238
1.986581
1.999720
2.012506
1.975633
1.977729
1.982439
1.975193
2.003601
2.008977
2.015443
1.997601
2.003507
2.008505
1.986510
1.970401
1.980980
1.955592
1.965815
1.990536
1.989061
1.987228
1.957083
1.973877
1.982378
1.994367
1.994907
1.998522
1.998775
1.986120
1.982320
1.980277
2.002634
2.005561
2.030081
2.019014
2.011494
2.029014
2.013306
2.003288
1.986629
1.962069
1.968536
1.987112
2.014844
2.017034
2.023943
2.001003
2.000108
1.978416
2.004570
1.998333
2.015228
1.989445
1.987247
1.987867
1.988404
1.981839
1.957852
1.964673
1.979578
1.995779
1.989945
1.994598
1.986063
1.979647
1.979103
1.975733
2.001491
2.005959
2.032392
2.025492
2.018043
2.026644
2.011646
2.001597
1.984005
1.959807
1.966092
1.977680
2.015492
2.019773
2.024221
2.000858
2.003217
1.985132
2.003872
1.996945
2.012422
1.988794
1.984521
1.987218
1.988329
1.983364
1.961563
1.967457
1.980892
1.990954
1.996373
2.000684
2.024601
2.022214
2.015053
1.999933
1.993796
1.991898
2.021981
1.990949
2.001833
2.003630
1.999085
2.006191
2.039331
2.048298
2.037589
2.030457
2.000461
2.017785
2.031984
2.053684
2.022134
1.988840
1.978296
1.980425
1.987493
2.007603
2.001787
2.002179
2.009034
2.022201
2.037358
2.040424
2.043405
2.009817
1.997730
2.000824
2.033540
2.028460
2.012568
2.001661
1.992353
1.990325
2.015669
1.985109
1.999885
2.007698
1.999982
2.007636
2.039972
2.043490
2.032154
2.027911
1.992585
2.008275
2.015649
2.036934
2.009873
1.982067
1.975670
1.977689
1.980572
1.999827
1.996069
1.997982
2.009919
2.023215
2.037271
2.041275
2.043332
2.009985
1.999873
2.006697
2.010715
1.978137
1.988496
1.993600
2.006341
1.991220
1.967458
1.980516
1.991140
2.006351
2.011347
2.008832
2.016621
2.020869
2.015834
2.021371
1.995559
2.002935
2.007216
2.033689
2.020763
1.996452
2.004992
1.996225
2.000755
1.973254
1.992539
2.004189
2.007657
2.010238
2.004659
2.011854
2.024599
2.031981
2.000965
2.006463
2.028233
1.998890
1.996082
1.988546
2.005121
1.989215
1.964723
1.978569
1.988472
2.013685
2.010877
2.008806
2.018454
2.019551
2.014548
2.023195
1.993609
2.000725
2.002353
2.031089
2.020094
2.002017
2.004509
1.996028
2.002276
1.973975
1.993720
2.005351
2.008403
2.011056
2.005388
2.011462
2.022312
2.029580
2.019304
2.034331
2.049402
2.053305
2.037463
2.055191
2.014645
2.015821
2.034023
2.042490
2.027382
2.013072
2.003344
2.015734
2.004511
1.979003
1.989851
1.988602
2.003649
2.012639
2.022802
2.012936
2.018106
1.990919
2.010538
2.011271
2.025742
2.014664
2.008592
1.999061
1.993010
1.983780
1.992542
1.994141
1.998846
2.000974
2.016282
2.029336
2.044909
2.035482
2.028228
2.057055
2.013478
2.012493
2.025096
2.039856
2.026671
2.016739
2.006472
2.018276
2.008995
1.993948
1.998710
1.990888
2.004409
2.012892
2.022307
2.011571
2.014048
1.988251
2.010585
2.010969
2.024230
2.013105
2.009094
2.002616
1.993137
1.984650
1.994164
1.995991
2.001992
2.002316
2.009887
2.009440
1.997593
2.013834
2.008224
2.000365
1.993578
1.993929
2.011110
2.010721
2.004769
1.995935
2.009889
2.009632
2.022094
2.025299
2.017951
2.009304
2.010893
1.999308
2.021171
2.001068
1.999907
2.008973
2.005437
1.998487
2.007706
2.012187
2.010185
1.989715
1.983750
1.967640
1.974509
1.995385
1.993438
1.987848
2.006705
2.006055
2.007653
2.012693
2.008987
2.005674
1.992665
1.993843
2.017668
2.019876
2.007956
1.999506
2.007775
2.006212
2.019417
2.031289
2.024057
2.010272
2.012405
2.001407
2.023565
2.001548
2.000526
2.011828
2.005048
1.997722
2.007290
2.011677
2.010518
1.985684
1.984552
1.968029
1.976194
1.996408
1.995111
1.986414
2.000978
2.012365
2.045283
2.011935
2.005842
2.010763
2.004662
2.006631
2.005958
1.996108
1.986310
1.981175
1.997912
1.991540
1.964345
1.996287
2.001270
2.033450
2.003319
2.003528
2.005178
1.972508
1.972267
1.972433
2.008137
2.014620
2.007812
1.997859
1.994193
2.008308
2.000294
2.009934
2.030040
2.018449
2.019283
2.024541
1.996886
2.009111
2.024622
1.989747
1.988238
2.013148
2.002259
2.005040
1.998395
1.993167
1.983461
1.980162
2.000753
1.996933
1.971829
2.004388
2.001537
2.021833
2.005523
2.007391
2.012156
1.972774
1.975012
1.979684
2.008250
2.014384
2.009073
1.999657
1.999175
2.009123
2.000968
2.010119
2.031365
2.020396
2.021217
2.020744
1.993657
1.990873
1.980608
1.981695
1.972206
1.984929
2.009839
2.024313
2.019422
2.026710
2.015648
2.010134
2.007307
2.009283
1.973860
2.012166
2.017335
2.017309
2.000307
1.997386
2.000669
2.008662
1.995302
2.005824
1.981982
1.993901
1.977668
2.001627
1.996141
2.007978
2.001874
2.006968
1.980005
1.978796
1.985795
1.975283
1.995246
1.992868
1.980071
1.977448
1.966481
1.982835
2.006812
2.021486
2.019816
2.025953
2.021630
2.020905
2.009245
2.008631
1.976640
2.014225
2.021006
2.019760
1.998601
1.995288
1.992983
2.002542
1.988421
2.001210
1.981191
1.992843
1.974724
1.998908
1.993524
2.005342
2.001705
2.006784
1.978427
1.981729
1.988314
1.977088
2.016866
2.020800
2.011686
2.007288
2.017578
2.029052
2.015040
2.016992
2.032620
2.025812
2.019287
2.034732
2.002330
2.000172
2.005353
1.977656
1.988213
2.001655
1.999147
2.005727
1.997257
1.998840
1.992475
1.987595
2.004003
2.007458
2.007195
2.034438
2.027311
2.022578
2.003830
2.008216
2.015825
2.006981
1.997190
1.992336
2.013239
2.012549
2.002956
2.003775
2.011629
2.021458
2.011339
2.014609
2.028661
2.019013
2.017072
2.035634
2.008570
2.006066
2.017446
1.996896
2.002417
2.010024
1.999348
2.007098
1.995391
2.005096
1.996071
1.988197
2.005914
2.010147
2.013582
2.039547
2.029772
2.024279
2.003542
2.008273
2.015581
2.005053
1.996523
1.990225
1.995373
2.007228
1.995592
2.008218
2.006933
2.017049
1.997638
2.006110
2.022048
1.997513
1.986399
1.990560
1.984505
1.983098
1.960684
1.956433
1.962443
1.982259
2.001245
2.007374
2.003389
2.007794
2.024458
2.018467
1.996544
2.009142
2.004386
2.003983
2.000158
2.003361
1.999488
2.001276
2.010230
2.033449
2.027999
2.031905
1.994724
2.004327
1.988847
1.995187
1.990743
1.996854
1.997729
2.007297
2.025100
2.014215
2.006824
2.003827
1.983900
1.981987
1.960508
1.959544
1.961348
1.980476
2.001600
2.008844
2.006402
2.012587
2.026872
2.019026
1.996527
2.009727
2.004168
2.005204
2.001717
2.005126
1.999877
2.001709
2.007911
2.030547
2.027208
2.028193
2.006896
2.018752
2.025448
2.020416
2.018944
2.018351
2.015692
2.003243
2.000121
2.029334
2.008536
1.990898
2.010687
2.016918
2.025535
1.989573
1.991843
1.984035
2.034232
2.032941
2.041955
2.026939
2.007780
1.974579
2.000325
1.991483
1.992592
2.005694
2.011144
1.995629
2.000118
2.010844
1.996485
1.987278
1.991793
2.007059
2.002156
2.011689
2.010206
2.013692
2.014504
1.999035
2.015085
2.003626
2.001663
2.020893
2.003748
1.984612
2.011188
2.015485
2.029918
2.009424
2.004774
1.986107
2.032160
2.028501
2.029785
2.018677
2.004226
1.977152
2.000583
1.991177
1.993442
2.008829
2.014561
2.004708
2.000350
2.011391
1.997112
1.986590
1.991660
2.006533
2.001827
2.008246
2.015540
2.008220
2.018970
2.017435
2.007877
1.989284
1.964202
1.980863
1.990205
1.995758
2.003348
2.005936
2.012407
2.008742
2.003617
2.006236
2.010125
2.007530
2.013873
2.022029
2.005771
2.005039
1.997568
1.997028
1.994579
2.013463
2.022935
1.998627
1.994000
1.995757
2.001248
1.985813
1.990183
1.986863
1.998728
2.007628
2.007905
2.003045
2.005973
2.002748
2.007604
1.989939
1.971933
1.986944
1.996621
1.995709
2.003389
2.005355
2.006517
2.001444
1.997030
1.999289
2.008077
2.005545
2.011698
2.015640
2.002211
1.994451
1.999308
1.998545
1.997316
2.013767
2.024137
1.996105
1.993922
1.996215
2.004857
1.989421
1.991243
1.989299
2.007155
1.998654
1.994133
2.013649
2.000652
1.980876
2.005422
2.013533
2.004715
1.996189
1.991416
1.994184
2.002825
2.006375
2.008169
2.015626
2.004394
2.029497
1.992174
1.989066
1.994122
1.986671
1.987129
2.001169
2.000909
2.008336
1.991346
1.964073
1.971313
1.967991
2.006992
2.010509
1.990175
2.011020
2.008911
2.009907
2.011110
2.004355
2.002326
2.013339
2.004683
1.985703
2.000796
2.007451
1.994050
1.999755
1.995904
1.998606
2.002415
2.006377
2.007999
2.022802
2.011447
2.036275
1.991697
1.989232
1.996844
1.984060
1.984360
2.000196
2.000861
2.008461
1.995768
1.971836
1.974769
1.970542
2.006617
2.010207
1.989787
2.008461
2.006271
2.010644
1.998010
1.997515
2.004951
2.031230
2.021350
2.015702
2.003939
2.003692
1.998525
2.019723
2.002654
2.020174
2.003085
2.007413
2.005182
1.992790
1.984540
1.977410
2.002965
2.010795
2.018581
2.013384
2.004730
1.992855
2.009004
2.018710
2.020039
2.029390
1.994656
1.990397
1.999027
2.001613
1.996807
1.958999
1.964756
1.970520
1.993841
1.994969
1.996087
2.030561
2.017914
2.014604
2.002988
2.000816
1.993874
2.018635
2.002897
2.014124
2.002519
2.007786
2.007811
1.996610
1.997097
2.000049
2.005194
2.012523
2.020343
2.018798
2.009512
1.998237
2.008314
2.017057
2.014914
2.023182
1.989272
1.989804
1.999027
2.001529
1.995436
1.958692
1.963936
1.969606
2.003939
1.996430
1.997821
1.996287
1.999884
2.005827
2.012139
2.020651
2.049044
1.976883
1.989009
1.997822
1.989074
1.999026
1.987264
2.006489
1.996557
1.974233
1.997856
2.019037
2.025225
2.008117
2.013109
2.029433
1.996187
1.999890
1.999025
2.012198
2.008946
2.012410
2.009981
2.009421
2.009788
2.010443
2.009542
2.003464
2.005379
1.997528
1.992758
1.997324
1.996853
2.000278
2.007233
2.011412
2.044298
1.978986
1.991723
2.014119
1.989698
1.998753
1.987227
2.009896
1.998264
1.975920
1.995563
2.017000
2.029707
2.012018
2.017822
2.030789
1.995243
1.997251
1.992553
2.007753
2.004867
2.008936
2.008347
2.007990
2.010321
2.011386
2.011050
2.004789
2.001591
2.005485
1.955572
1.972176
1.971476
1.952248
1.996434
1.993772
1.983529
1.966538
1.970714
1.977249
1.985970
1.982423
1.963986
2.004169
2.003155
1.991611
1.997112
1.995653
1.987853
1.997429
1.996511
2.014041
1.997807
2.006003
2.002900
1.985026
1.984507
1.999097
1.997680
2.007206
2.008536
1.973786
1.979148
1.958566
2.004499
2.013162
1.963824
1.982766
1.978562
1.955662
1.998698
1.998335
1.988390
1.969835
1.971892
1.974341
1.985252
1.983327
1.963462
2.000533
1.998031
1.990746
1.996164
1.994989
1.989742
1.998559
1.996078
2.011813
1.997718
2.005932
2.004433
1.985303
1.986064
2.003974
1.997680
2.007060
2.010300
1.975579
1.980406
1.956115
1.995038
1.998574
2.000498
1.987195
1.982696
1.979838
2.002706
2.014631
2.032461
2.026660
2.015087
2.021207
1.999243
2.000638
2.004879
1.997241
1.995336
1.994756
1.998399
1.998056
1.978507
1.993562
1.980205
1.987995
1.993383
1.983148
1.985164
2.003817
1.995962
1.981826
2.000794
2.013407
2.029746
1.984414
1.994283
2.013418
1.990021
1.994437
1.987209
1.977798
1.977208
1.974489
1.999073
2.008029
2.019437
2.026411
2.009940
2.016616
2.001157
2.005978
2.015889
2.010932
2.006130
2.006248
1.997713
1.997169
1.975201
1.993652
1.980853
1.986971
1.992739
1.982482
1.984935
2.002431
1.992614
1.981319
1.999041
2.011110
2.025794
1.980655
1.991957
2.008821
1.996052
2.000347
2.023573
2.021898
2.014371
1.999245
2.005568
2.007406
1.988446
1.997061
2.004958
2.014280
2.000373
2.004490
2.018388
1.988201
1.990235
1.954964
2.006432
2.003904
1.979545
1.985015
1.988629
1.959222
2.012134
2.024419
2.017892
2.011823
2.006021
1.989790
2.005375
2.018099
2.018830
2.018556
2.029143
2.038528
1.997409
2.000487
2.032513
2.028056
2.011997
2.001131
2.008323
2.014203
1.997501
2.001295
2.005710
2.017332
2.000824
2.006158
2.017921
1.994429
1.994959
1.959969
2.008481
2.007034
1.986061
1.989246
1.993682
1.964819
2.012812
2.025639
2.016950
2.011223
2.006510
1.993148
2.004399
2.017222
2.020832
2.021930
2.029659
2.036387
1.998900
2.005786
2.009100
1.977220
1.988069
1.993366
2.005150
2.019936
2.011422
2.017322
1.992996
1.974889
2.007468
2.005932
2.002724
1.978628
1.997141
1.970555
2.009136
1.995399
2.012147
2.011070
2.009337
2.006986
1.997638
2.012975
2.019625
1.995681
1.994467
2.006421
2.018099
2.019733
2.008647
1.994345
1.979297
1.976072
1.999992
2.005552
2.026618
1.997767
1.995465
1.988387
2.008406
2.025615
2.021554
2.027186
1.998472
1.981154
2.010042
2.010252
2.003618
1.980968
1.995762
1.965005
2.007945
1.993403
2.007625
2.007588
2.006875
2.008772
1.998522
2.015221
2.024063
2.002834
2.000648
2.013365
2.018658
2.020452
2.009446
1.995366
1.978944
1.976363
2.019378
2.034258
2.048645
2.054004
2.037228
2.054388
1.995758
2.002652
1.999566
1.991626
1.984172
1.968529
1.987546
1.977625
1.971047
1.978384
1.978008
1.960141
2.006236
2.000564
1.978307
1.948462
1.964621
1.979181
2.017669
2.020443
2.021862
2.018281
2.019765
2.012337
2.012338
2.010084
2.010478
1.999446
2.008434
2.021858
2.016356
2.029263
2.044072
2.036149
2.028087
2.055675
1.996585
2.003545
2.011010
2.000993
1.993092
1.985602
1.987513
1.976574
1.969786
1.982159
1.980609
1.960001
2.006651
2.000508
1.978149
1.947078
1.963858
1.977493
2.019980
2.022374
2.027188
2.020023
2.018117
2.010432
2.011502
2.009220
2.007701
1.997723
2.009443
2.022152
2.008250
2.007335
1.995605
2.013078
2.008656
2.001734
1.991469
2.002960
1.998872
2.001386
2.008311
2.017270
2.017899
2.011999
1.994860
2.010501
1.996814
2.005997
2.015216
2.019727
2.020990
2.014097
2.025001
2.015752
2.005749
2.021535
2.013753
2.021644
2.015197
2.008545
1.999092
2.003266
2.004789
2.010206
1.994110
1.989533
2.005199
2.004076
2.006109
2.012323
2.009697
2.007476
1.988781
2.000541
1.999158
1.999492
2.010112
2.021184
2.015597
2.005801
1.983099
2.003161
1.995341
2.003916
2.013788
2.017454
2.019267
2.011001
2.021013
2.013608
2.004804
2.020817
2.009786
2.017689
2.013397
2.011423
1.999756
2.003373
2.005492
2.011350
1.995002
1.991604
1.999741
2.010538
2.042908
2.007766
2.000751
2.009094
2.009663
2.016705
2.024197
2.028636
2.016412
2.037094
2.004767
2.007104
1.971525
1.973156
1.976129
1.967860
2.005627
2.015201
2.038532
2.034714
2.024577
2.018017
1.981322
1.995822
2.005327
2.024128
2.026682
2.023839
1.999399
1.996731
1.990159
1.992703
1.984200
1.992099
1.995649
2.007284
2.021881
1.984915
1.983122
2.010316
2.007879
2.016489
2.025072
2.021513
2.013349
2.031628
2.002313
2.003373
1.963102
1.965330
1.970987
1.970537
2.004659
2.013896
2.032482
2.042005
2.031215
2.019228
1.979743
1.992973
2.000717
2.017754
2.022855
2.021749
1.999589
1.996775
1.990901
1.993338
1.983728
1.988407
1.993749
1.991266
1.982286
1.981669
1.972324
1.984346
1.998873
2.002840
2.004661
2.032591
2.017246
2.017045
1.994170
1.988129
1.991473
1.979505
1.989222
2.012121
1.998524
1.985731
1.978188
1.980325
1.983881
2.000803
1.980648
1.987969
1.963692
1.965351
1.983877
1.984365
1.991490
1.982265
1.974979
1.982967
1.976997
1.982192
1.995338
1.993261
1.981749
1.977359
1.966599
1.982395
2.002378
2.006259
2.002548
2.024482
2.015320
2.015267
1.993948
1.988710
1.994792
1.986058
1.992846
2.008033
2.000813
1.989381
1.982283
1.975381
1.979434
1.994687
1.980020
1.987247
1.963233
1.967769
1.986288
1.989972
1.990935
1.981846
1.976390
1.982678
1.976119
1.981809
2.016476
2.019240
2.010103
2.004869
2.013894
2.026674
2.023912
2.023662
2.008210
2.012426
2.011376
1.995882
1.993630
2.001503
2.022392
1.965934
1.965975
1.975747
2.007253
2.017576
2.034938
2.022550
2.006297
2.001697
1.992796
1.985392
1.982795
1.942681
1.953323
1.954662
2.009325
2.024680
2.027605
2.006455
1.990859
2.004466
2.012849
2.010989
2.001372
2.001568
2.007785
2.019270
2.022396
2.019216
2.004892
2.009676
2.010725
1.994421
1.995001
2.002002
2.022908
1.975181
1.970978
1.976510
2.007947
2.018944
2.035836
2.020955
2.005925
1.999980
1.995147
1.991656
1.995878
1.954298
1.957872
1.953162
2.010802
2.026243
2.030679
2.006730
1.991323
2.002157
1.995516
2.007332
1.995790
2.008783
2.007119
2.017545
1.998309
2.005817
2.032654
1.981926
1.975974
1.988368
2.009864
2.004361
1.989216
2.011645
2.013024
2.022474
1.994879
1.994271
1.956946
1.976874
1.972719
1.955570
2.011808
2.011821
2.004105
1.985991
1.988316
2.001152
2.009823
2.008540
2.003875
1.989137
1.994901
2.011188
1.994867
2.004431
1.989045
1.995752
1.990929
1.997350
1.995349
2.004939
2.030672
1.978042
1.971426
1.984786
2.011110
2.006814
1.995038
2.017798
2.018469
2.027779
1.994959
1.995537
1.955852
1.975599
1.973107
1.958022
2.010819
2.010621
2.003344
1.985086
1.988868
2.005965
2.010213
2.008333
2.005033
1.989961
1.995193
2.011549
2.007508
2.020403
2.028000
2.021455
2.019435
2.018754
2.007231
1.999459
2.007402
2.021762
2.005271
2.000622
1.985440
1.988406
1.989674
1.995489
1.994507
2.004921
1.999403
2.015028
2.023948
2.010316
2.004732
2.002809
2.002213
2.006790
2.000161
1.989853
1.990173
1.982974
2.001982
2.009614
2.008826
1.993916
1.993170
1.994742
2.002623
2.013126
2.011565
2.014030
2.014650
1.999384
2.003343
1.995824
2.008130
2.018632
2.003349
1.993648
1.983458
1.985378
1.986851
1.996852
1.998223
2.005492
2.001723
2.017397
2.027164
2.008242
2.003828
2.004289
1.999529
2.006126
2.000147
1.994161
1.993851
1.986153
2.001693
2.009693
2.009367
1.994922
1.995345
1.996125
2.002046
2.008654
2.015765
2.008307
2.018680
2.017664
2.019066
2.016058
2.020296
2.010757
2.005504
2.014207
2.013304
2.014855
1.990874
1.977630
1.975832
1.966514
1.994354
2.006783
2.019853
2.040553
2.014085
2.002474
1.994528
1.989713
1.987672
1.992636
1.980258
1.954941
1.998824
2.002667
1.989727
1.982242
1.980246
1.995690
1.998947
2.008036
2.008130
2.003132
2.005683
2.002976
2.020671
2.017383
2.023180
2.015131
2.003117
1.996637
2.014729
2.014420
1.992259
1.976900
1.977126
1.969056
1.994564
2.006708
2.019735
2.037571
2.013355
2.001375
1.994166
1.986835
1.990966
1.996959
1.980775
1.951953
1.998878
2.002796
1.991899
1.987928
1.985835
2.004629
2.006777
1.998229
1.993072
2.012099
1.999219
1.981073
2.013793
2.013972
2.012417
2.023137
2.019185
2.023458
2.002293
2.003359
1.978593
2.009674
2.019553
2.016594
2.006944
2.008805
1.991346
2.001678
2.005205
1.983898
1.999698
2.001494
2.002296
2.029913
2.016288
1.980572
1.995809
2.001935
2.003784
1.997409
1.991560
1.955994
2.010732
2.003930
2.001264
2.011788
2.003181
1.985998
2.011537
2.010633
2.011924
2.019990
2.030136
2.041534
2.003982
2.004298
1.976225
2.011577
2.019552
2.013423
2.005578
2.006355
1.986632
1.994257
2.001371
1.983280
2.000295
2.000748
2.000146
2.031030
2.014835
1.978413
1.995213
2.000396
1.997632
1.995339
1.990923
1.956470
1.998203
1.997677
2.005611
2.032465
2.021892
2.017017
2.003014
2.006472
1.995896
1.972703
1.989835
2.003289
2.005737
2.004640
2.017038
1.995861
2.001377
2.003914
2.002461
2.000415
2.025562
2.015560
2.027131
2.019815
2.000916
2.015033
2.044395
2.031015
2.029087
2.037587
2.006889
2.014604
2.018262
2.007091
1.998527
2.000361
1.994035
1.995131
1.996522
2.031769
2.019323
2.015483
2.001999
2.005345
1.993742
1.970044
1.985364
2.002761
2.006914
2.007263
2.024900
2.004566
2.012195
2.017147
2.003267
2.000450
2.024687
2.013337
2.026160
2.018356
1.999571
2.011473
2.035065
2.023555
2.022063
2.030441
2.005460
2.013265
2.017457
2.006261
1.997688
1.999045
2.003805
1.996294
1.997520
1.995285
1.998409
2.005169
1.997793
1.995198
1.953923
1.971059
1.984202
2.009252
1.992599
1.994495
1.996365
1.981408
1.976347
1.968008
1.996891
1.992904
2.008346
2.021297
2.012199
2.026314
2.009209
2.016744
2.021984
2.027841
2.019975
2.007922
2.005036
1.999969
1.999136
2.036032
2.023089
2.005910
2.005245
1.997392
1.992458
1.996322
1.995404
1.999689
1.999247
1.998395
1.965348
1.983298
1.993265
2.020492
1.991739
1.995522
1.996574
1.988149
1.981056
1.977277
1.993800
1.991329
2.012415
2.022364
2.013528
2.027200
2.009064
2.016852
2.018572
2.027056
2.018047
2.007037
2.004672
1.998961
2.001629
2.036012
2.022590
2.003903
2.001681
2.005388
1.955521
1.971986
1.971447
1.952091
2.007386
2.017221
2.021061
2.044208
2.043431
2.040951
2.010565
2.008777
2.018090
2.009953
2.013431
2.002243
2.011632
2.024206
2.029747
2.020983
2.024320
2.021362
1.982352
1.985386
1.987126
1.986698
1.979095
1.996256
2.004664
2.008639
2.001687
1.984035
2.002949
2.013377
2.004589
2.013065
1.963773
1.982576
1.978552
1.955519
2.006310
2.013207
2.007635
2.032516
2.036477
2.039918
2.008381
2.005268
2.011351
2.003525
2.012237
2.008610
2.010407
2.023419
2.027699
2.016347
2.017144
2.019773
1.981435
1.985460
1.987084
1.985776
1.978268
1.996306
2.004001
2.008187
2.000467
1.982602
2.003232
2.013736
1.994910
1.998466
2.002698
1.992811
1.986736
1.982553
2.001694
2.012141
2.003881
2.014692
2.015785
1.988040
2.010193
2.012604
2.011084
2.010684
2.016217
2.020056
1.991983
2.001514
1.991848
2.002393
1.997140
1.997061
2.011342
2.022572
2.015220
2.002731
2.001884
2.023628
2.024668
2.035056
2.075313
2.053215
2.038581
2.017940
1.989893
1.994329
1.989409
1.983455
1.981252
1.977098
2.000862
2.008904
1.989452
1.996118
2.008550
1.986748
2.008659
2.009758
2.005401
2.013145
2.020876
2.025775
1.987749
1.997812
1.987318
1.990077
1.988021
1.993281
2.010236
2.021057
2.015997
2.002795
2.003644
2.024837
2.023722
2.033031
2.069924
2.047539
2.034299
2.014160
1.997113
2.000556
2.023028
2.021474
2.013479
1.997891
2.001364
2.004091
2.022231
2.012563
2.005453
2.026734
2.000052
1.994637
1.996755
1.968612
1.988068
1.997694
1.999920
2.002133
1.992375
1.994029
2.000492
2.006195
2.011645
2.021533
2.026931
2.020099
2.022961
2.020309
2.014147
2.015929
2.004944
2.020124
2.013663
2.014996
1.998955
2.002017
2.033857
2.028736
2.011403
1.999378
2.000221
2.004518
2.024542
2.019041
2.012002
2.024363
1.999716
1.992447
1.991845
1.971081
1.985856
1.985062
2.002176
2.005125
1.997053
1.996891
1.996299
2.010372
2.010218
2.020805
2.025572
2.016271
2.019601
2.016066
2.012969
2.014221
1.999127
2.012634
2.008776
2.010650
1.999028
2.006116
2.008947
1.977136
1.987587
1.992665
1.994028
1.992007
2.023219
1.992077
2.002190
2.003982
2.007960
2.013390
1.995965
1.967462
1.955343
1.965954
2.018665
2.025151
2.014290
1.975004
1.971093
1.971605
1.993664
1.998536
1.994052
1.997223
2.003597
2.015435
2.023570
2.022319
2.038128
2.038258
2.029516
2.014719
2.000120
2.005882
2.026466
1.997888
1.995148
1.987643
1.992585
1.990434
2.016906
1.986237
2.000243
2.008031
2.009184
2.013576
2.001248
1.973170
1.959931
1.969409
2.017425
2.024931
2.010218
1.972689
1.969246
1.970774
1.992889
1.997947
1.995455
1.994963
2.000614
2.009331
2.023708
2.022005
2.038231
2.039229
2.031741
2.015446
2.019005
2.034029
2.049189
2.054039
2.037043
2.054964
2.005876
1.990505
1.965740
1.982083
1.995464
2.009928
1.998592
2.005674
2.013418
2.004686
2.015257
2.008571
2.014343
1.997727
1.989700
1.977455
1.976230
1.972987
1.986809
1.997020
1.981229
1.996124
1.979134
1.992539
1.998232
2.011488
2.023400
2.001804
1.996145
1.993291
2.015984
2.029034
2.044538
2.036185
2.028332
2.056667
2.003646
1.988188
1.961144
1.978167
1.991039
2.017430
1.997518
2.004814
2.016309
2.010578
2.017753
2.012275
2.015677
1.998985
1.992447
1.980462
1.979856
1.976370
1.987201
1.996482
1.980848
1.996496
1.981021
1.991426
1.997620
2.010851
2.021699
1.999391
1.995892
1.995244
2.009531
2.009023
1.997061
2.013453
2.008892
2.002036
2.013668
2.014773
2.037580
2.046781
2.031555
2.011806
2.018929
2.034895
2.020186
2.020079
2.019578
2.029623
2.017674
2.014163
2.048066
2.039868
2.036373
2.030041
2.008091
2.018130
2.032130
2.009195
2.003500
1.985095
2.003596
2.008227
2.036099
2.015685
2.023644
2.014212
2.006349
2.005637
2.007120
2.012313
2.009656
2.007346
2.012500
2.011445
2.029075
2.045756
2.032164
2.015346
2.020255
2.037452
2.022909
2.021636
2.022147
2.028362
2.017533
2.016470
2.045754
2.042545
2.038940
2.034536
2.005804
2.015824
2.031263
2.006200
1.999957
1.978704
2.003272
2.007889
2.035656
2.012749
2.019273
2.011306
2.001169
2.012718
2.045416
2.012387
2.006153
2.011295
1.995115
1.996820
2.017822
2.017587
2.009856
1.999288
1.994428
1.997295
1.985606
1.971442
1.994039
1.999081
2.011039
2.019162
2.025328
2.006638
2.004272
2.000948
2.008515
2.009238
1.995139
1.982901
1.981499
1.986608
1.989217
1.984630
1.974846
1.989646
1.985348
1.989999
1.997077
2.009465
2.024755
1.990199
1.988550
2.013681
1.994462
1.996657
2.024296
2.026440
2.012860
2.003001
1.993295
1.995184
1.978411
1.954887
1.981283
1.985544
2.007457
2.012833
2.017153
1.992353
1.993700
1.996294
2.006275
2.006245
1.989528
1.976160
1.974187
1.982089
1.989102
1.984492
1.974419
1.988851
1.983989
1.989937
1.993511
1.990589
1.980570
1.981689
1.972390
1.984743
2.005182
2.007368
2.005832
1.997320
1.986702
1.980807
2.011757
2.019987
2.036806
2.031401
2.021636
2.017116
2.013303
2.015412
2.008904
2.034409
2.038687
2.034531
2.009293
2.021351
2.028585
2.035180
2.015499
2.010499
2.008223
2.006536
1.978783
1.999601
2.001800
2.010695
1.995099
1.992584
1.980032
1.977442
1.966665
1.982648
2.002779
2.005777
1.998269
1.994379
1.983853
1.979910
2.012114
2.020244
2.036941
2.034273
2.024035
2.020320
2.012667
2.015469
2.007141
2.034424
2.039270
2.033056
2.009644
2.022971
2.032220
2.037294
2.018310
2.013369
2.008473
2.005782
1.978499
1.998145
2.001431
2.011685
2.016976
2.020470
2.009614
2.004856
2.015227
2.027145
2.010083
2.024728
2.019219
2.026404
2.015790
2.009789
2.010654
2.024016
2.041615
2.034959
2.015960
1.983002
1.988915
1.989447
1.996016
1.966598
1.972755
1.969704
2.002864
2.010485
2.030150
2.021534
2.015037
1.998364
1.990146
1.997363
1.977988
2.001121
1.991915
2.018482
2.013349
2.012220
2.000883
2.001343
2.009099
2.019420
2.007056
2.021901
2.019613
2.025285
2.020993
2.019278
2.011416
2.024946
2.040458
2.034791
2.017904
1.984323
1.989191
1.989108
1.994718
1.967679
1.977515
1.975630
2.002035
2.008247
2.025726
2.018440
2.013399
2.000973
1.989660
1.996986
1.975992
2.000039
1.992563
2.016609
