1.997452
2.011390
2.010903
2.013457
2.008912
2.031712
2.004689
2.017406
2.014439
2.016638
1.990300
1.962920
1.990250
1.990807
1.970633
1.974959
1.975050
1.993221
2.009099
2.008152
1.980779
1.988434
1.989872
1.961273
2.019814
2.017761
2.015419
2.012846
2.015251
2.005540
1.989708
1.994024
1.980830
2.004140
1.994063
2.018305
1.996688
2.010265
2.009299
1.998731
1.996848
2.015122
2.006583
2.020678
2.022295
2.027650
1.995404
1.970127
1.989946
1.990209
1.970661
1.975024
1.973525
1.995479
2.011344
2.011373
1.988008
1.992615
1.994626
1.966551
2.019976
2.017864
2.014532
2.010932
2.015386
2.004821
1.989776
1.994388
1.979815
1.999910
1.991729
2.016334
2.001908
2.014125
2.014114
2.013570
2.018964
2.017757
1.996669
2.005396
2.014413
1.997446
1.991494
1.975208
2.006298
2.012164
2.020189
1.992439
1.991992
1.989718
2.009400
1.993514
2.014698
2.022755
2.018206
2.015830
1.993147
1.996347
1.970580
1.984296
1.970096
1.966843
2.007134
2.003860
2.045839
2.033461
2.029884
2.021280
1.995353
2.003773
2.001020
2.008942
2.016723
2.007836
1.997151
2.004719
2.020684
2.004225
1.997221
1.991453
2.006798
2.010706
2.023225
2.007336
2.001185
1.990925
2.008209
1.991518
2.010176
2.019274
2.015805
2.017615
1.992419
1.993153
1.966471
1.984675
1.971797
1.973347
2.008590
2.004953
2.046717
2.034344
2.030639
2.027507
2.008046
2.015921
2.029996
2.002238
2.012176
2.019679
1.997390
2.006333
2.011510
2.010998
2.018803
2.016871
2.004554
2.007785
2.000204
1.998167
1.995134
2.001215
2.006357
2.000918
1.976473
1.952567
1.972060
1.982652
1.994392
1.996796
1.995945
1.990115
1.974919
2.003889
1.993740
1.975957
1.954073
1.975366
1.995000
2.000139
2.004078
2.014813
2.012036
1.990602
1.996079
2.002836
1.994647
2.004044
2.009787
2.006202
2.016764
2.019299
2.004595
2.007203
1.994512
1.991044
1.988533
1.994535
2.006772
2.000862
1.976407
1.947254
1.969097
1.981361
1.995176
1.997867
2.003096
1.995433
1.976729
2.003132
1.993043
1.974839
1.952195
1.972978
1.991839
1.998036
2.004331
2.005997
2.019253
2.027551
2.018998
1.996978
2.011111
2.018188
2.016935
2.021262
2.008251
2.017486
2.004580
2.007614
2.002490
2.011258
1.997493
2.024687
2.010948
2.015264
2.015449
2.009413
2.020539
2.010458
1.994071
1.983844
1.987073
1.995754
1.991065
2.003561
1.998320
1.997205
2.017492
2.011388
2.007013
2.037155
2.006489
2.008384
2.019838
2.020544
2.017456
2.004594
2.007136
2.014248
2.015771
2.013305
2.005549
2.015295
2.004170
2.007743
2.003959
2.018884
2.005020
2.032140
2.009520
2.012990
2.013726
2.006317
2.016540
2.008315
1.994746
1.984392
1.987510
1.994319
1.991229
2.002961
1.997835
1.996308
2.015168
2.012946
2.009534
2.036792
2.006456
2.013403
2.019946
2.032139
2.028256
2.023904
2.000083
2.002313
1.996109
2.022698
2.010585
2.004363
2.003704
2.010755
2.004819
1.993138
1.985395
1.972159
2.006601
2.014985
2.029870
2.037283
2.024771
2.016362
1.989392
1.986356
1.970869
1.999454
2.000861
1.993387
2.004738
2.009708
2.019602
2.035212
2.032606
2.013794
2.006212
2.015677
2.019181
2.040101
2.028869
2.026182
2.002924
2.004962
1.994813
2.017396
2.011002
2.007067
2.003895
2.012384
2.007690
1.995579
1.995217
1.990330
2.005633
2.013680
2.023935
2.044574
2.031539
2.017656
1.990299
1.987509
1.973818
2.003183
2.002887
1.994730
2.003770
2.008003
2.017030
2.033006
2.030523
2.013515
2.003736
1.997952
2.006882
2.009827
2.010644
2.000896
2.023900
2.021807
2.004562
2.002964
2.006809
1.989108
1.990118
1.995343
1.977177
1.998938
1.990266
1.971908
1.998859
1.984505
1.976804
1.983040
1.987732
2.005030
2.007605
2.003141
1.979952
1.988335
1.998660
2.007425
2.009092
2.021822
2.028827
2.016831
2.022661
2.018942
2.003592
1.996794
1.995940
2.005821
2.004342
1.997135
2.023950
2.018913
2.002248
2.004106
2.009550
1.988003
1.990742
1.995178
1.977200
2.002345
1.992174
1.973180
1.998435
1.983666
1.973125
1.972786
1.978280
1.990548
2.009055
2.005039
1.985852
1.990543
2.000390
2.003644
2.010421
2.023795
2.031076
2.018063
2.024787
2.019392
1.993318
1.999677
1.959592
1.988959
1.990724
1.970098
1.992762
1.999972
2.006669
1.971752
1.973496
2.002189
1.988318
1.982470
1.965263
2.010024
2.006847
1.993860
2.014400
2.028361
2.048119
2.029902
2.012995
2.002697
2.017963
2.013743
2.026053
2.046453
2.038135
2.003887
1.987330
1.976818
1.976116
1.964880
1.972333
1.949548
1.994528
2.002242
1.956820
1.994008
1.988553
1.966871
1.989234
1.997841
2.002459
1.965589
1.965680
1.992475
1.987898
1.983691
1.965221
2.006711
2.001394
1.992890
2.015094
2.029729
2.048859
2.028265
2.012433
2.001406
2.017904
2.013002
2.024247
2.046650
2.036405
1.998032
1.987352
1.977720
1.979129
1.967509
1.974014
1.955008
1.995666
2.003428
1.999860
1.981978
1.991121
2.001510
2.003718
1.994506
2.017230
2.040452
2.017290
2.010014
1.997804
1.999202
2.001027
1.999304
1.999952
1.997885
1.993124
1.993218
1.957474
1.981039
1.975910
1.958586
1.986035
1.976808
1.961613
1.988972
1.989925
1.986745
2.009243
2.001535
2.020532
2.000209
1.993073
1.980210
1.990373
1.998938
1.986664
1.968384
1.979854
1.983117
1.999786
1.990578
2.017087
2.040398
2.018794
2.005793
2.000460
2.004013
2.010884
2.010738
2.007247
2.005461
1.993205
1.994127
1.954631
1.977465
1.973992
1.959983
1.985513
1.976316
1.960854
1.988750
1.990775
1.988266
2.009061
2.001609
2.021116
2.007417
1.998751
1.983733
1.986806
1.986798
2.005415
2.018200
2.020050
1.997840
2.018004
2.020577
2.029772
2.016710
2.011464
2.003282
2.001389
2.006996
2.028489
1.993064
1.996904
1.960142
1.995989
2.009429
2.015268
2.004694
2.004153
2.007130
2.001978
2.015363
2.005105
2.005397
2.013667
1.979162
1.995263
1.990914
1.990238
2.015149
2.005785
1.993913
1.990517
1.991996
2.022943
2.029420
2.020961
2.003966
2.019742
2.022323
2.029762
2.020169
2.010114
1.991509
2.001840
2.008771
2.027463
1.998776
2.001174
1.964554
1.998309
2.011931
2.018544
2.003199
2.004305
2.010545
2.003752
2.018352
2.003689
1.996238
2.007869
1.982346
1.998118
1.995341
2.003962
2.025611
2.013317
2.000387
2.000717
2.007791
2.019466
2.004851
2.009816
1.983474
2.011351
2.014061
2.014141
2.026606
2.025447
2.020835
2.005342
2.002377
2.000649
1.973491
1.988772
1.968737
1.994048
2.005533
2.016700
2.039958
2.012166
2.000704
2.015206
2.027144
2.025592
2.026859
2.011037
1.995204
2.000767
2.013650
1.980099
2.007933
1.996131
1.986795
2.000205
2.006517
2.032960
2.021102
2.015135
1.977423
2.009528
2.010711
2.013143
2.028920
2.040764
2.041124
2.008954
2.008128
2.005208
1.979891
1.990621
1.964028
1.995140
2.006772
2.018365
2.038294
2.012148
1.999151
2.015322
2.027659
2.027661
2.031154
2.013749
1.997318
2.000767
2.013650
1.979178
2.005231
1.994236
1.984542
2.014016
2.021481
2.034437
2.041495
2.034758
2.055021
2.002487
2.000149
1.995583
1.980652
1.995962
2.004565
1.984596
1.972615
1.963655
1.974112
1.974600
1.959701
2.007285
2.009342
1.984506
1.992857
1.998643
1.984746
2.018303
2.018095
1.996710
1.995249
1.998028
1.999128
1.989147
1.996289
2.003013
1.991457
1.998537
1.987359
2.008057
2.013479
2.020321
2.022964
2.022816
2.052603
2.000393
1.999446
1.991915
1.976647
1.990207
1.999355
1.984714
1.971707
1.962338
1.978117
1.976870
1.959646
2.005974
2.007234
1.979841
1.985423
1.994909
1.984128
2.017657
2.017395
1.995848
1.995076
1.997534
1.993915
1.988835
1.995243
1.999284
1.987154
1.993779
1.984046
2.012518
2.012269
2.001494
2.022324
2.005681
1.995547
1.995383
1.991543
1.952081
1.973498
1.984936
2.011692
2.019681
2.011767
1.995605
2.005493
1.996460
2.000174
2.002907
2.006225
2.035217
2.021425
2.031459
2.024163
1.992556
1.998965
1.998091
2.006662
2.004016
2.005640
1.995788
1.996607
1.981791
1.990174
1.983192
1.973463
2.006570
2.005254
2.000795
2.011888
1.998179
2.000279
1.999281
1.997840
1.967635
1.989465
1.994679
2.019377
2.018411
2.007769
1.989004
2.004284
1.998518
2.001101
2.003549
2.005915
2.034341
2.019213
2.030211
2.023518
1.992556
1.998965
1.998149
2.006248
2.004603
2.006117
1.995322
1.996560
1.982557
1.990182
1.988850
1.980740
1.998465
2.003048
2.034616
2.001500
1.996016
2.002486
2.000715
2.013029
2.023458
2.043703
2.042470
2.041166
2.001910
2.002113
1.962120
1.961878
1.970028
1.962905
1.996761
1.988978
1.999124
2.010919
2.004990
2.024518
1.980550
1.988863
1.972875
2.003678
2.007966
2.021605
1.992198
1.991460
1.974509
2.008900
2.011150
2.014456
1.993855
1.999959
2.016336
1.990103
1.988830
2.007583
2.000441
2.009834
2.010555
2.031688
2.033934
2.040292
1.999348
1.997710
1.953693
1.953979
1.965274
1.965150
1.994392
1.988425
2.004238
2.012184
2.006556
2.025890
1.980630
1.989509
1.976119
2.006563
2.008026
2.013584
1.992198
1.990594
1.971179
2.008142
2.010540
2.013373
1.992914
1.992136
1.986470
1.989959
1.975575
1.994108
2.004098
2.016921
2.012206
2.022924
2.020508
1.991320
1.997487
1.993698
1.996878
1.974211
1.980620
2.001139
2.011508
2.026472
2.035692
2.025868
2.026899
2.024231
2.004747
1.996791
2.015530
2.017771
2.023953
2.035741
2.002825
1.988273
1.984345
1.973723
1.962420
1.976983
1.995856
1.994764
1.991496
1.986440
1.970972
1.990761
2.002959
2.011483
1.998335
2.002241
2.010268
1.989362
1.997265
1.994365
1.999005
1.979505
1.983871
1.997664
2.010283
2.025685
2.033944
2.021665
2.020238
2.023162
2.001483
1.992352
2.007964
2.013512
2.022405
2.037919
2.003193
1.989065
1.992995
1.984405
1.972786
1.987554
2.018745
2.016157
2.017139
1.986357
2.000609
2.025153
1.995339
2.007377
2.016782
2.016223
2.008817
2.034086
1.997936
2.004989
2.016950
1.973128
1.972154
1.975854
1.991792
1.999937
1.988659
1.999769
1.996730
2.003553
2.002948
2.017793
2.016794
2.015548
2.004223
2.013979
2.015683
2.010834
1.990263
1.980304
1.993928
1.941442
2.015714
2.009522
2.006953
1.984506
1.996421
2.018463
1.994370
2.008339
2.024254
2.028240
2.019799
2.042029
1.999597
2.006528
2.020563
1.984175
1.979732
1.976416
1.988148
1.997632
1.986754
1.989621
1.988365
1.999299
2.003177
2.018376
2.014598
2.015041
2.004627
2.013454
2.015683
2.010530
1.990446
1.979829
1.993102
1.939665
1.997041
2.010842
2.010476
2.013301
2.009241
2.031717
1.991488
1.988298
2.007623
1.987837
2.000921
1.996058
2.011809
2.000290
1.975176
2.008020
2.009787
2.016277
2.003346
2.010027
2.004060
1.999705
2.004555
2.010160
2.005032
2.010451
2.029627
2.010661
1.996756
1.979738
2.003425
2.001575
1.987132
1.994474
1.986723
1.991257
1.996277
2.009717
2.008872
1.998567
1.997177
2.015126
1.989508
1.985929
1.997556
1.973086
1.990601
1.994471
2.013055
2.002952
1.981314
2.012788
2.014947
2.021342
2.005601
2.013019
2.008704
2.002613
2.000443
2.014731
2.003858
2.007140
2.024808
2.009038
1.995415
1.979621
2.002768
2.000617
1.983395
1.989655
1.982544
1.980157
2.001900
2.014503
2.017478
2.015945
2.020880
2.021850
2.009279
1.994704
1.987980
1.994615
2.000117
2.010974
1.984669
1.990461
2.004639
2.008611
2.000407
1.999947
2.020514
2.027995
2.013435
1.972845
1.971818
1.970034
1.991801
1.989364
1.991080
1.987424
1.985866
1.976079
1.990508
1.984687
1.941682
1.954168
1.969601
1.976257
1.995069
2.003647
2.003402
2.012022
2.018467
2.011093
2.008032
1.992683
1.985195
1.992963
1.999392
2.020461
1.982555
1.987381
1.999670
2.005682
2.000995
1.998185
2.019274
2.027423
2.008312
1.970167
1.969743
1.969879
1.991458
1.988119
1.989986
1.987992
1.986093
1.978392
1.990253
1.984469
1.940940
1.956794
1.971113
1.976018
2.008666
2.016044
2.030969
2.006166
2.016083
2.019463
2.004889
2.006721
2.026718
2.045820
2.033981
2.010174
2.012860
2.015561
1.984785
1.977974
1.976784
1.969819
2.016100
2.000836
1.997044
1.982407
1.980645
1.976133
2.004288
2.009759
2.005658
2.004645
2.013654
2.032938
2.021184
2.019079
2.006472
1.987973
1.984623
2.007521
2.004698
2.014936
2.013047
1.994599
2.000046
2.002969
2.005189
2.005030
2.015380
2.040411
2.030000
2.013020
2.013626
2.014121
1.987361
1.979642
1.981137
1.975058
2.017134
2.002094
1.999790
1.985414
1.984271
1.979516
2.008049
2.014548
2.013951
2.018206
2.023270
2.039325
2.021258
2.019165
2.009337
1.993585
1.989695
2.010306
2.003493
2.005060
2.013460
2.016079
2.010367
1.993454
1.998843
1.996847
2.021706
2.010848
2.001494
1.983945
1.997838
1.999129
1.975865
1.993000
2.004819
2.013169
2.019284
2.014774
2.056981
2.041822
2.037824
2.031134
2.007729
2.014723
2.016148
1.992609
2.001440
1.997885
2.011208
2.005165
1.985821
2.023412
2.018064
1.991670
2.005650
2.007542
2.014045
2.009214
2.008835
1.999497
1.997537
1.995989
2.028779
2.019394
2.005010
1.989976
1.998596
1.999591
1.973483
1.992498
2.003014
2.008555
2.018275
2.016569
2.053296
2.043548
2.039134
2.034830
2.006794
2.013482
2.013747
1.991724
2.000019
2.000211
2.011867
2.004880
1.987661
2.023186
2.017739
1.991189
2.006750
2.014626
2.023325
2.036534
2.031029
2.026570
2.007790
2.005619
2.010083
2.006992
1.997146
1.991812
2.004256
2.002917
2.022627
1.997509
2.002851
2.003785
2.010685
2.018650
2.026349
2.006625
2.007716
2.008950
2.006289
1.998309
1.989934
1.980549
1.981640
1.984960
2.006896
1.997163
1.989401
2.005936
2.004208
1.997526
2.006505
2.016899
2.022560
2.044497
2.031552
2.029133
2.004838
2.002723
2.000472
2.000870
1.989632
1.985731
2.005510
2.005840
2.030594
2.005942
2.011540
2.014311
2.007102
2.012465
2.018173
1.994311
1.998101
2.003753
2.004686
1.996610
1.988407
1.978750
1.979589
1.985007
2.006533
1.995619
1.988108
2.005612
2.004984
1.999458
2.004534
1.998284
2.007068
2.011126
2.010815
1.997706
2.008013
2.016175
2.010650
2.020443
2.013884
2.001687
1.989740
1.990364
1.988583
1.979818
1.974267
1.962419
2.015057
2.017888
2.011415
2.035505
2.038716
2.036876
1.983808
1.990373
1.987785
1.992764
2.001196
2.010654
2.004143
2.005995
2.001386
1.991668
2.002801
2.006660
2.003293
1.996428
1.995129
2.007233
2.006205
1.995970
2.003507
2.011175
2.012729
2.032306
2.026019
2.019438
1.989116
1.991745
1.989162
1.989121
1.982223
1.973335
2.014111
2.017800
2.010034
2.034104
2.036950
2.035643
1.983614
1.990031
1.987938
1.994768
2.003889
2.012397
2.004067
2.006076
1.999313
1.992558
2.003493
2.008061
1.992451
1.998613
1.958337
1.989536
1.991734
1.973339
2.012880
2.015994
2.035214
2.018590
2.013487
2.049325
2.014441
2.017110
2.029901
2.015709
2.019716
2.006974
1.988322
1.990804
1.997003
1.968676
1.976712
1.976727
1.991780
2.003358
1.997306
2.000582
1.996325
1.990207
2.016952
2.016359
2.006752
2.013237
2.006482
1.999038
1.993661
2.001455
1.955928
1.994223
1.989064
1.969689
2.009836
2.014408
2.031075
2.011839
2.009286
2.046637
2.012018
2.013360
2.023039
2.008034
2.018336
2.014717
1.988598
1.990464
1.995705
1.969882
1.981511
1.983595
1.992361
2.004394
1.995786
1.995715
1.994804
1.989662
2.016943
2.016532
2.005406
2.012722
2.003626
1.998016
1.997101
2.004906
2.001259
1.983971
1.992520
2.002623
2.002602
2.005475
2.017671
1.987529
1.976942
1.995638
2.010807
2.017553
2.020617
2.013161
2.014980
2.015063
2.003812
1.995742
1.987154
1.961026
1.971017
1.997558
2.002737
2.008832
2.023599
2.012424
2.023191
2.017574
1.998721
2.002746
2.023848
2.030298
2.026814
2.012793
1.991808
2.000416
1.988062
1.970377
1.981253
1.984230
2.004140
2.008288
2.023846
2.007222
1.998401
2.010616
2.009329
2.015049
2.017615
2.014618
2.018860
2.020515
2.003769
1.994616
1.988375
1.959451
1.966694
1.992140
2.003753
2.009584
2.022355
2.011325
2.022379
2.016077
1.998808
2.003849
2.027338
2.028974
2.026027
2.015313
1.987155
1.987398
2.005252
2.017362
2.019143
1.997598
2.015356
2.001714
2.004480
2.026261
2.004860
1.989641
2.000226
1.994097
2.000571
1.981006
1.997645
2.003615
2.006654
2.012362
1.997990
2.013142
2.005188
2.015468
2.004940
1.997439
2.003771
2.004436
2.005035
2.021645
2.007488
2.020452
1.992434
1.994076
1.991054
1.996797
1.990866
1.992596
2.022781
2.028591
2.020054
2.003724
2.014121
2.001508
2.002141
2.017874
2.003166
1.984575
1.999379
1.991578
1.995158
1.982084
1.994829
1.990079
2.005827
2.011939
1.995709
2.009379
2.001736
2.014051
2.005499
1.997785
2.007099
2.011093
2.009859
2.024049
2.007710
2.022475
1.998990
2.001148
1.998897
2.003364
2.000619
2.008149
2.019831
2.005079
2.009879
1.983989
2.013044
2.000716
1.975271
1.972005
1.982633
1.988562
2.009600
2.014820
1.995386
1.964681
1.952146
1.954915
2.016059
2.023611
2.003405
2.016169
2.006694
2.012756
2.006350
2.009397
2.025992
2.002411
2.000522
1.993462
2.012691
2.012550
1.994141
1.972015
1.996382
2.006382
2.000107
2.006874
2.033390
2.021575
2.015285
1.978315
2.012982
2.000137
1.976394
1.971827
1.983593
1.981924
2.010589
2.014828
2.000669
1.972358
1.958372
1.961832
2.012911
2.019590
2.001885
2.013077
2.002062
2.009225
2.005908
2.009444
2.024315
2.002743
2.001876
1.990972
2.012691
2.012550
1.992045
1.967812
1.993677
2.002804
2.014404
2.021795
2.033010
2.040551
2.033938
2.054296
2.014014
2.023769
2.024672
2.016446
2.002931
2.007927
1.998302
2.001399
2.004804
2.001491
2.016287
2.013856
2.007640
2.015474
2.036084
2.038009
2.029619
1.997619
2.002699
1.997705
2.001893
1.971679
1.968216
1.983140
2.011860
2.002796
2.028916
1.997473
2.001256
2.015467
2.008444
2.013792
2.018894
2.022020
2.021954
2.051878
2.009012
2.017579
2.013474
2.017405
2.005930
2.010626
1.999423
2.004057
2.019339
2.014019
2.024861
2.022402
2.006229
2.013607
2.029719
2.038940
2.026629
1.995411
2.003144
1.998154
2.002858
1.972410
1.967752
1.981401
2.010685
1.999173
2.021895
1.992604
1.999044
2.014359
2.012222
2.011730
2.000979
2.022010
2.005132
1.994348
2.004774
2.008412
2.009728
2.032715
2.018967
2.031520
2.017893
2.033606
2.020793
2.015341
2.012389
2.026716
2.005833
2.015769
2.003132
2.046051
2.038236
1.996942
2.007756
2.004984
1.987417
1.979449
1.992223
2.000126
2.000066
2.009938
1.975691
1.987716
2.000124
2.031406
2.006060
2.004607
2.000397
2.011574
1.997631
1.999080
2.003614
2.005968
2.006032
2.028480
2.016257
2.026551
2.019557
2.036190
2.026110
2.017409
2.016762
2.028064
2.007885
2.018105
2.007499
2.053621
2.041258
1.993685
2.006749
2.004422
1.986681
1.980865
1.990729
2.000458
2.000486
2.011624
1.980211
1.992831
2.001501
2.031385
1.999679
2.005119
2.038321
2.004695
1.996997
1.999231
2.014677
2.019695
2.027602
1.968110
1.983842
2.000376
1.992301
1.995265
1.982924
1.977453
1.999529
2.000613
1.998493
2.009485
2.026573
2.012019
2.000736
1.985167
1.999601
1.999005
1.973715
1.975501
1.982843
1.997177
1.987727
1.996351
1.999551
2.029429
2.031571
2.048337
1.995070
2.002030
2.020042
1.993299
1.989811
2.004328
2.010865
2.014201
2.023875
1.977095
1.990951
2.016492
1.991072
1.993594
1.976167
1.961663
1.987653
1.989198
1.998348
2.007650
2.023581
2.004463
1.997763
1.988731
2.000935
2.000674
1.977639
1.981193
1.986433
2.000624
1.989100
1.997599
2.000737
2.033912
2.036514
2.046369
1.991529
1.992080
1.989253
1.991633
1.977369
1.993352
2.005165
2.001443
1.996520
1.979298
1.987190
1.990965
2.013900
2.021990
2.038058
2.035266
2.022516
2.019227
1.998643
2.004678
2.024670
2.025453
2.025978
2.032811
1.995302
1.998100
2.010956
2.025702
2.016969
2.034014
1.997706
2.010822
2.002075
2.010345
2.020244
2.027477
1.994471
1.994822
1.994286
1.987431
1.971767
1.991442
2.007133
2.005690
2.002870
1.989608
1.991109
1.986531
2.014479
2.022532
2.038830
2.039116
2.025609
2.024119
2.001312
2.007742
2.028964
2.031433
2.028445
2.034934
1.995533
1.998955
2.012857
2.026219
2.017394
2.034178
1.997040
2.010447
2.001663
2.010773
2.020434
2.027293
2.019135
2.015890
2.016326
1.987449
2.000625
2.025212
1.999594
2.006221
2.011828
2.007062
1.998902
2.008324
2.012145
2.026892
2.049267
2.028791
2.013885
1.987531
2.012199
2.010884
1.995897
1.997533
1.988495
1.982334
2.007466
2.021184
2.005366
1.995973
2.002868
2.023564
1.999250
2.006164
2.002749
2.022750
2.014781
1.998634
2.016193
2.009409
2.005729
1.984007
1.994370
2.017842
1.996070
2.000781
2.003407
2.012263
2.000267
2.010437
2.013144
2.028428
2.049616
2.031729
2.017917
1.988253
2.013539
2.013262
1.993899
1.996501
1.989239
1.985520
2.005940
2.018778
2.002101
1.992937
2.002258
2.024410
1.999610
2.006705
2.002476
2.021829
2.013450
1.996854
1.995750
2.011192
2.012987
2.008641
2.006316
2.030574
1.996768
1.997344
1.955534
1.980687
1.992515
1.994237
1.996546
1.998519
2.011269
2.000152
1.992681
2.012655
1.991033
2.000903
1.991977
2.028729
2.017067
2.011841
2.004702
2.018380
2.009209
2.024537
2.037022
1.994236
1.998100
2.014309
2.020788
2.002961
2.001214
1.980839
1.995711
2.010578
2.013276
2.001118
1.998374
2.012656
1.999142
2.004050
1.965157
1.984498
1.993591
1.996708
1.996823
1.998671
2.006617
2.000825
1.986002
2.005335
1.991726
2.000583
1.990830
2.026984
2.014471
2.007034
2.003839
2.017334
2.003298
2.025096
2.036789
1.998724
1.997100
2.013555
2.016517
1.999882
1.996993
1.978047
2.002006
2.014579
2.018449
2.016046
2.020234
2.021382
2.004857
2.017861
2.014259
2.016228
1.990979
1.963516
2.007716
1.995235
2.008878
1.996060
1.992961
1.979321
1.991595
1.998723
1.980113
1.968384
1.980702
2.015085
2.007055
2.021957
2.041358
2.037375
2.020868
2.018682
2.012786
2.017209
2.009345
2.016707
2.007488
2.008253
1.995174
2.003723
2.004373
2.012123
2.017821
2.010625
2.006751
2.021133
2.022115
2.027240
1.996083
1.970723
2.007111
1.995826
2.008843
1.997682
1.998272
1.982090
1.992594
1.998579
1.979672
1.972054
1.983340
2.013624
2.005839
2.021573
2.040213
2.039831
2.022456
2.019855
2.013308
2.017474
2.010232
2.015968
2.005835
2.007964
2.008011
2.015840
2.029858
2.004514
2.013107
2.018263
1.996670
2.005397
2.014255
1.995485
1.990400
1.972386
2.012315
2.014242
2.023690
2.035506
2.040136
2.003068
2.000991
2.008884
2.017003
2.028896
2.022952
2.015612
1.997932
2.007649
2.006339
2.019443
2.016440
2.035827
1.998909
2.004233
2.016615
1.981345
1.990756
2.011803
2.004044
2.014732
2.011972
1.992754
1.996699
2.001323
1.997152
2.004719
2.020526
2.002264
1.996127
1.988631
2.008834
2.009385
2.023846
2.037754
2.041220
1.999054
2.000316
2.006469
2.016195
2.027654
2.022052
2.017553
1.999149
2.010351
2.014197
2.020274
2.015086
2.034927
1.999140
2.005192
2.016664
1.981574
1.991395
2.012150
2.004179
2.006551
2.019711
2.022576
2.015559
1.995048
1.997303
2.006264
2.011364
2.010826
2.018169
2.016383
1.998020
1.999962
2.002941
1.989453
1.993151
1.977454
2.007555
2.010857
2.038526
2.027298
2.028117
2.015251
1.999595
1.998877
1.992283
2.006699
2.015945
2.005986
1.986615
1.999037
1.983614
1.989273
1.992507
1.994181
2.006336
2.008938
2.020295
2.015197
2.013883
2.002209
1.994560
2.003974
2.009641
2.006030
2.016130
2.018811
2.001692
2.004674
2.007894
2.002711
2.006420
1.986619
2.006916
2.010170
2.037906
2.027175
2.028455
2.013559
1.999511
1.998625
1.992329
2.009553
2.016508
2.005051
1.986825
1.999494
1.986145
1.999477
2.000640
2.000480
2.006582
2.014507
2.023602
2.036178
2.030300
2.026602
2.010908
2.016992
2.014664
2.020408
2.007254
2.017292
1.998661
2.005268
2.020819
2.027573
2.024563
2.027619
1.971723
1.975356
1.982611
1.997293
2.006778
2.017156
1.999583
2.013331
2.019196
2.014874
2.025138
2.023925
2.003485
2.006460
2.014129
2.007568
1.987568
1.980120
2.006338
2.016780
2.022837
2.044141
2.030823
2.029263
2.006933
2.013052
2.013500
2.012451
2.004552
2.015095
1.995581
2.000245
2.016639
2.017623
2.019577
2.022089
1.973396
1.976745
1.986114
1.999994
2.008201
2.017060
2.000163
2.013420
2.017742
2.016127
2.026335
2.024638
2.003595
2.006992
2.014296
2.005815
1.985804
1.980726
2.004530
1.998955
2.007041
2.009714
2.008263
1.998397
2.000220
2.002967
1.998209
2.029454
2.014770
2.004043
2.004505
2.010153
2.036638
2.008116
2.004659
2.014456
2.001665
1.999023
1.980718
1.985071
1.993890
1.981800
1.993246
1.987247
1.967748
1.973721
1.978903
1.983166
1.997024
1.985340
2.001421
1.969940
1.963751
1.960195
2.003546
1.996987
1.992924
2.004958
2.001339
1.992008
2.003061
2.005667
1.997505
2.024158
2.015057
2.006011
2.004629
2.008846
2.037727
2.002051
2.001563
2.011442
2.001377
1.998808
1.978896
1.976029
1.987535
1.978451
1.992334
1.986781
1.969418
1.974506
1.980133
1.980925
1.996924
1.985188
2.001773
1.969452
1.964391
1.960076
1.992447
1.998854
1.957812
1.985521
1.988343
1.971537
2.023537
2.020392
2.002596
2.003701
2.008002
1.990292
1.990423
1.984985
1.999948
2.016224
2.000375
1.983525
1.996333
2.002367
1.984617
2.002722
1.991960
1.997616
2.012037
2.018826
2.017438
2.022778
2.029940
2.009362
2.006153
2.016331
2.026298
2.033050
2.022560
2.007531
1.993657
2.001419
1.955039
1.992785
1.988997
1.970463
2.023586
2.017498
1.999999
2.004774
2.010742
1.989187
1.988007
1.982285
1.995760
2.008567
1.992886
1.977054
1.997277
2.003293
1.984822
2.005709
1.995848
2.003450
2.012251
2.016969
2.016826
2.020104
2.028224
2.012190
2.006668
2.018082
2.029611
2.040454
2.029054
2.009998
1.997159
2.005066
2.002187
1.984611
1.992834
2.002120
1.993068
2.000080
2.006870
1.972024
1.973109
2.000336
1.997716
1.986868
1.989725
2.005922
1.996889
2.014262
1.999884
2.012147
2.016364
2.012711
2.001543
1.995399
2.004139
2.000128
1.991644
1.999634
2.000146
2.004921
2.001636
1.996400
2.002507
2.001996
1.995071
2.009186
1.991866
2.000576
1.988991
1.971018
1.981567
1.983727
1.989310
1.997833
2.001821
1.965451
1.965041
1.990347
1.999992
1.992085
2.001200
2.018847
2.004516
2.014869
1.999002
2.012428
2.016002
2.015094
2.006473
2.001170
2.003265
1.998955
1.989521
2.000560
2.000335
2.004505
2.001679
1.996239
2.002105
1.998639
1.994886
2.010850
1.987252
1.987749
2.006747
2.017563
2.018477
1.998648
2.004688
1.994717
2.017558
2.042027
2.018106
2.008273
1.992968
1.992273
1.973283
1.981585
1.982787
1.982414
2.011637
2.012964
2.006063
2.025129
2.003967
2.013194
1.994509
1.994934
1.990772
1.991470
1.998311
2.028405
1.998018
2.001453
2.023820
2.030512
2.013275
2.001254
1.990963
1.992946
2.024275
2.028707
2.019434
2.004917
2.000756
1.990790
2.017415
2.042088
2.019750
2.004257
1.996962
1.998288
1.979881
1.991092
1.985766
1.985116
2.010770
2.011470
2.002113
2.024001
1.998274
2.004367
1.995389
1.994631
1.993560
1.993838
2.001963
2.028685
1.998018
2.001124
2.023145
2.028928
2.012613
2.001441
2.001159
2.008641
2.019643
2.004266
2.009183
1.982237
2.020707
2.022932
2.032472
2.020840
2.013843
2.008021
1.992514
2.006806
2.015098
1.992472
2.001177
2.015143
2.012226
2.006139
1.994129
2.020151
2.013641
2.005941
2.013199
2.013037
2.019322
1.997193
1.990526
1.974944
1.992120
1.996135
1.995800
1.989896
1.984978
1.985845
2.000647
2.007366
2.033268
2.020996
2.014655
1.976563
2.022445
2.024714
2.032462
2.024076
2.012247
1.993591
1.990426
2.003638
2.006449
1.993818
2.002518
2.020760
2.010265
2.006200
1.994100
2.017179
2.013001
2.003686
2.013477
2.012710
2.021311
1.999356
1.992438
1.977731
1.991808
1.995972
1.995174
1.989922
1.984215
1.985436
