2.003347
1.995180
1.997013
1.995951
2.000926
2.003779
2.009663
1.993449
1.973969
1.977772
1.988369
1.994669
1.990118
1.999577
1.987644
2.004775
1.993490
1.969913
2.007224
2.015580
2.033878
2.018843
2.013151
2.026127
1.997610
1.995252
2.009331
2.008649
2.010452
2.010095
2.001717
2.006595
1.977803
1.976832
1.983935
1.974125
2.005687
1.997823
1.993196
1.998866
1.999578
1.998806
2.009248
1.993191
1.977519
1.979736
1.990021
1.991431
1.990742
1.999327
1.987607
2.008182
1.995197
1.971600
2.004586
2.012763
2.020790
2.009264
2.006067
2.026284
1.997813
1.995240
2.008442
2.009309
2.010676
2.010484
2.001548
2.006411
1.976225
1.979765
1.986455
1.975619
1.997285
2.003820
1.947434
1.973990
1.973087
1.952090
2.006170
2.012891
2.007287
1.996535
1.989019
1.996200
1.986409
1.982728
1.967247
2.005932
2.002263
1.989144
2.021494
2.015939
2.023200
2.000460
2.000868
2.006056
1.987033
1.971373
1.984345
1.959385
1.967718
1.992781
2.004603
2.009185
2.016640
2.007137
1.998093
1.991752
1.999592
2.010006
1.952832
1.980992
1.977104
1.953697
2.001040
2.006364
1.995597
1.999013
1.993318
2.000682
1.985691
1.983632
1.966723
2.002297
1.996961
1.987876
2.023762
2.019049
2.026932
1.999176
1.998586
2.002580
1.985911
1.969134
1.980477
1.955123
1.964280
1.991035
2.004315
2.009243
2.016397
2.005209
1.997426
1.989640
1.996204
2.001733
2.001946
1.985482
1.983181
1.982168
2.004978
2.007773
2.009258
2.029223
2.012092
2.028493
1.997431
1.999333
2.005718
1.996703
1.994643
1.998097
1.999850
2.003381
2.001245
1.989074
1.980048
1.978531
2.004598
1.997143
2.009497
1.988360
1.989099
1.988510
1.997338
1.998634
2.008584
2.031045
2.025498
2.029223
1.990655
1.997278
1.989028
1.974952
1.975363
1.971053
2.003735
2.004442
2.004069
2.028175
2.011907
2.023203
1.999344
2.004814
2.016777
2.010395
2.005410
2.009279
2.002957
2.005458
2.006822
1.988840
1.980281
1.976441
2.003900
1.995754
2.006691
1.987709
1.986373
1.987862
1.997726
1.999067
2.006265
2.028143
2.024707
2.025512
1.994937
2.001872
2.030937
2.027041
2.021400
2.006018
2.010966
2.019484
2.042958
1.972325
1.987903
2.001908
2.000013
2.005063
2.023096
1.993981
1.996780
1.960650
1.998622
1.996556
1.991554
1.991334
1.990145
1.977844
1.978867
1.982353
1.989341
2.008778
2.001219
2.000999
2.000576
2.011513
1.998569
1.989815
1.994102
2.008358
1.997599
2.002194
2.041235
2.032575
2.017328
2.007707
2.006984
2.012114
2.039468
1.977995
1.991168
2.016676
2.000464
2.006731
2.021790
1.998836
2.000910
1.965087
1.998787
1.996006
1.991896
1.991749
1.990650
1.979268
1.976241
1.979616
1.982420
2.001001
1.995501
1.996802
2.000808
2.012061
1.999195
1.989126
1.993969
2.007833
2.005502
2.011934
2.020008
1.986821
1.995192
1.990157
1.997926
1.993341
1.985810
1.973504
1.978046
1.983802
2.008458
2.005861
2.003143
1.978217
1.995618
1.967436
1.993821
1.995892
1.988523
1.980631
1.991585
2.018301
2.004581
1.997592
2.004452
1.973199
1.992307
2.005238
1.994289
1.996262
2.003601
1.990910
1.995306
1.991592
2.006306
2.012492
2.036980
2.007437
2.003497
1.987603
2.000190
1.997903
1.990342
1.976128
1.978963
1.981024
2.011032
2.010181
2.004037
1.980465
1.994137
1.961887
1.995903
2.000968
2.001380
1.990552
1.997635
2.020326
2.004098
1.997396
2.005972
1.973921
1.993489
2.006401
1.994012
1.996279
2.006040
1.992297
1.994457
1.991285
2.016523
2.030477
2.041043
2.048054
2.033779
2.059013
2.002208
2.015006
2.031565
2.025897
2.012610
2.021718
1.989302
1.979546
1.975558
1.982165
1.982650
1.963054
2.011713
2.005524
1.995298
2.014071
2.004630
2.000447
2.011331
2.011491
2.029494
2.017464
2.012426
2.003163
2.006937
2.010574
1.989876
2.011236
2.009145
2.010457
2.014737
2.027998
2.040887
2.040692
2.032151
2.059433
1.998248
2.008137
2.019539
2.027344
2.009787
2.017669
1.989269
1.978494
1.974297
1.986170
1.985379
1.962914
2.010557
2.003475
1.987442
2.006017
1.996533
1.993563
2.011377
2.011189
2.027914
2.016004
2.013182
2.006435
2.006562
2.010273
1.989489
2.008676
2.006504
2.011194
2.014297
2.017699
2.007292
2.026988
2.016960
2.003664
2.002610
2.005441
1.977990
1.994314
2.003946
2.015633
2.020770
2.016075
2.001070
2.016279
2.001203
2.005487
2.010451
2.015174
1.985013
2.008653
2.019943
2.059739
2.005724
1.999520
2.009657
2.013569
2.009849
1.990628
1.998891
2.001630
1.996432
1.959160
1.965363
1.970785
2.010026
2.013289
2.016469
2.024693
2.017705
2.012859
2.004745
2.011188
1.985435
1.996934
2.003288
2.015299
2.019545
2.011738
1.993119
2.011202
2.001670
2.004577
2.008986
2.012511
1.978619
1.990810
2.005800
2.051427
2.005335
1.998756
2.009241
2.013059
2.010181
1.986597
1.998891
2.001546
1.995060
1.958852
1.964543
1.969871
1.997736
2.010449
2.047975
2.023917
2.013008
2.019426
2.007210
2.024327
2.018822
2.024506
1.999793
1.975655
2.002107
2.003881
1.965512
1.969989
1.975041
1.966248
2.007237
2.017043
2.022748
2.030901
2.027329
2.004318
2.008989
2.014967
2.008538
1.997781
1.994714
2.011015
2.009351
2.008959
2.009310
2.009350
2.008471
2.001589
1.993204
2.005411
2.020233
1.997697
1.993226
2.016100
2.010609
2.030890
2.031006
2.033599
2.003583
1.983235
1.999653
2.000151
1.957089
1.962000
1.970064
1.968909
2.008405
2.017889
2.020681
2.030579
2.023159
2.001058
2.009101
2.014731
2.009799
1.999580
1.999695
2.011830
2.007717
2.007528
2.009842
2.010292
2.009979
2.002951
1.991668
1.989622
1.973973
1.992015
1.975867
1.991709
1.993856
2.000091
1.997925
1.995226
1.986618
1.978421
1.994694
1.988211
1.990684
1.976886
1.984814
2.005895
2.015271
2.011370
2.031155
2.000551
1.991595
1.979510
1.982451
1.996339
1.988971
2.007849
2.002090
2.012171
1.997747
2.003998
2.002012
1.968362
1.975892
1.957181
1.995829
1.994458
1.977750
1.987987
1.972328
1.989319
1.994549
2.000156
2.007315
2.002610
1.993635
1.994111
1.994471
1.988792
1.994003
1.983391
1.988433
2.001808
2.016575
2.012117
2.027932
2.000104
1.990005
1.985049
1.981660
1.995281
1.986027
2.005130
1.999474
2.009535
1.997747
2.003852
2.003776
1.970155
1.977150
1.954730
2.010655
2.012676
2.010889
2.003610
2.013285
2.032727
1.990756
1.999957
1.994238
1.997703
2.008641
2.017890
1.994304
2.002317
2.018857
1.960853
1.961971
1.974125
1.984161
1.996139
2.004906
2.023427
2.015926
1.992598
2.005522
2.010110
2.009681
2.035630
2.028565
2.021339
2.000451
2.013681
2.031164
1.985608
1.995125
2.013955
2.006561
2.004031
2.003432
2.001996
2.008821
2.023438
1.987956
1.997263
1.993565
1.992577
2.007647
2.019794
1.996029
2.003310
2.020877
1.971308
1.967837
1.974946
1.981911
1.993094
1.998852
2.019317
2.012864
1.994755
2.007433
2.012799
2.016069
2.040739
2.031026
2.023040
1.998698
2.011384
2.027212
1.981849
1.992799
2.009359
1.995922
2.011836
2.008551
2.013487
2.010432
2.020391
2.013105
2.019284
2.025945
2.033018
2.019703
2.034192
2.010811
2.003413
1.986161
2.010337
2.011992
2.018388
2.001256
1.998727
2.019276
2.023772
2.013590
2.005923
1.996213
2.008776
2.001861
2.000956
1.997563
2.003528
2.004559
2.017095
2.017789
2.016479
2.026931
2.035636
1.995620
2.009746
2.003464
1.998213
1.993442
2.000654
2.009480
2.016514
2.024580
2.025373
2.016430
2.029672
2.012057
2.005866
1.992278
2.018938
2.019329
2.024418
2.000844
1.998701
2.019072
2.024940
2.016744
2.005171
1.996196
2.009362
2.001643
2.002177
1.999122
2.005292
2.003584
2.016217
2.019790
2.019852
2.027448
2.033495
2.007923
2.015914
2.018554
2.010759
2.010157
2.007341
1.998057
2.001303
1.998262
2.027451
2.014717
2.015186
1.985509
1.988477
1.996299
2.000591
1.996955
2.009325
2.002338
1.992963
2.004776
1.989796
2.003958
2.004324
1.998627
1.990697
1.991686
2.000318
2.007907
1.991233
2.015932
2.017379
2.005774
1.992435
1.978065
1.975301
2.001661
2.007947
2.002153
2.001007
2.003600
1.994510
2.000994
2.004088
1.995608
2.018786
2.012822
2.014588
1.983443
1.985562
1.992571
1.999793
1.998292
2.008082
2.002985
1.993947
2.015456
1.999860
2.010647
2.008521
1.998884
1.990391
1.992536
2.003452
2.011489
2.001373
2.016490
2.018098
2.006573
1.993456
1.977711
1.975592
2.003770
2.011347
2.017067
2.011104
2.022958
2.018774
2.022086
2.021880
2.010528
2.013848
2.013439
1.994644
2.012842
2.013902
1.979754
1.975123
1.970418
1.962362
2.004530
2.009448
2.010913
2.027302
2.030344
2.024193
1.999399
1.999097
1.994584
2.013096
2.022844
2.000077
2.012696
2.010560
2.010449
1.996657
2.006012
2.021225
2.001126
2.011891
2.009471
2.002304
2.006714
1.999526
2.020424
2.017014
2.006058
2.011473
2.013392
1.994225
2.013608
2.012380
1.982330
1.976707
1.974865
1.967460
2.004578
2.008940
2.009486
2.029989
2.034586
2.024914
2.001015
1.999912
1.997249
2.012771
2.024104
1.997546
2.012053
2.009880
2.008304
1.996224
2.007996
2.022162
2.003772
1.997979
1.994822
2.013821
2.002570
1.978503
1.993525
2.000770
2.020797
1.972850
1.971414
1.981958
2.003080
2.004347
1.980087
2.011526
2.019141
2.019334
1.987355
1.983947
1.978014
1.982671
1.986982
1.965988
1.999518
2.006446
1.987251
1.963170
1.970296
1.967029
1.998568
2.002667
2.002042
2.008687
1.993065
1.989995
2.006544
2.002094
2.001210
2.010071
2.003169
1.979362
1.989998
1.998716
2.016904
1.968976
1.966163
1.977235
2.004769
2.005548
1.978136
2.013877
2.019776
2.016627
1.987266
1.985424
1.980857
1.982782
1.989835
1.974309
1.999471
2.006571
1.991673
1.970778
1.973497
1.969716
1.999232
2.002774
2.002745
2.009831
1.993958
1.992066
2.003330
2.007395
2.019991
2.040653
2.034480
2.036678
2.007054
1.998619
2.017622
2.026709
2.011230
2.001019
2.004400
2.003973
2.014942
1.990522
1.997081
1.998820
1.981633
1.982728
1.963258
1.971591
1.977314
1.992366
2.010782
2.019495
2.020851
2.027665
1.994209
1.991145
1.999836
1.996185
1.993684
1.995461
1.985172
1.991703
1.999733
2.006025
2.013829
2.042287
2.030278
2.032889
2.003166
1.995629
2.018840
2.023954
2.008228
1.993508
2.005653
2.006896
2.023271
1.999103
2.007831
2.012261
1.982755
1.985027
1.965981
1.971313
1.978554
1.993827
2.010093
2.017842
2.015725
2.021457
1.988826
1.990552
2.000026
1.996229
1.994426
1.996096
1.984854
1.989023
2.003175
1.994552
1.997624
1.996923
2.002324
2.003820
2.020446
2.020911
2.027625
2.019870
2.010285
2.009287
1.992372
1.994368
2.000685
1.980881
1.977486
1.969672
1.999463
2.006331
1.998417
1.994812
1.995937
2.004979
1.996190
2.000931
2.002525
2.015618
2.011354
2.014146
1.992019
1.982043
1.975413
1.982435
1.976113
1.981238
2.005514
1.997196
1.993807
1.999633
2.000627
1.998730
2.021982
2.022879
2.027497
2.023963
2.009344
1.995703
1.991884
1.995164
2.000160
1.986331
1.980957
1.979108
1.999766
2.007858
1.998063
1.998438
1.997452
2.006839
1.995246
1.998292
1.996052
2.011173
2.007275
2.010672
1.991546
1.981642
1.976485
1.982584
1.975563
1.981101
1.998317
2.004371
1.948273
1.973306
1.973061
1.952634
2.011330
2.011327
2.011493
2.020993
2.017372
2.015806
2.013068
2.010781
2.021218
2.010150
2.014302
2.000161
2.001649
2.022943
2.040149
2.042202
2.020141
1.999800
1.997065
2.004646
2.000857
1.982946
1.983114
2.000892
2.008720
2.023809
2.025847
2.004754
1.988887
2.005392
2.000625
2.010557
1.953671
1.980307
1.977078
1.954240
2.009074
2.008052
2.011104
2.020206
2.030625
2.034571
2.010729
2.007225
2.014479
2.002929
2.012567
2.007385
2.002209
2.023090
2.043433
2.039767
2.020711
2.002445
1.996976
2.004574
2.002390
1.983223
1.984671
2.005601
2.010198
2.025372
2.028920
2.005029
1.989351
2.003083
1.996673
2.002059
2.004001
1.982606
1.980902
1.980188
2.004857
2.007942
2.002945
1.975854
1.991281
2.001817
2.010385
2.013022
2.012780
2.012074
2.018255
2.018649
2.002716
2.009110
2.014720
1.993018
2.004498
2.011637
1.992449
1.981760
1.976212
1.999762
1.991008
1.978741
2.010470
2.008649
2.003716
1.992835
1.998096
2.013206
1.991123
1.997604
1.991083
1.972227
1.973421
1.968670
2.003047
2.005544
1.996915
1.971028
1.985064
1.999730
2.009150
2.010741
2.009714
2.016463
2.024118
2.025183
2.002796
2.008179
2.011691
1.994667
2.005584
2.011233
1.991805
1.981094
1.975983
1.998376
1.987661
1.978234
2.010860
2.008442
2.004873
1.993659
1.998388
2.013566
1.995582
2.002129
2.031987
2.029195
2.022292
2.006610
1.997099
1.994014
1.949099
1.967223
1.983358
2.009234
2.003167
1.998211
2.006491
1.980402
1.994784
2.002439
2.014774
2.018990
2.027446
1.998437
1.996469
1.974923
2.013407
2.025167
2.019314
2.014355
2.007911
1.991544
2.002705
2.008748
2.004056
1.989999
1.989811
1.993049
1.998244
2.002452
2.042338
2.034729
2.018220
2.008388
1.998115
1.996584
1.959211
1.978757
1.991418
2.019785
2.002710
1.995904
2.001551
1.981982
1.992992
1.989444
2.015421
2.021729
2.027724
1.998291
1.999680
1.981639
2.014085
2.026387
2.018372
2.013754
2.008400
1.994902
2.002416
2.008827
2.004596
1.991005
1.991986
1.994432
2.005550
2.012390
2.018740
1.984643
1.994199
1.988461
2.004570
2.015544
2.022004
2.043385
2.045077
2.046175
2.008517
2.013273
2.000293
1.970814
1.956965
1.965540
2.002079
2.018759
2.033467
2.054015
2.022505
1.988522
1.998047
2.011643
2.017925
1.995784
1.995102
2.007088
1.999056
2.004334
1.996853
1.988977
1.986240
1.998488
2.006354
2.012870
2.035523
2.005534
2.001783
1.985339
2.003798
2.011745
2.008601
2.030864
2.036567
2.044257
2.009506
2.013280
2.005576
1.976745
1.961280
1.969253
1.994203
2.009096
2.017132
2.037266
2.010056
1.979814
1.998930
2.013890
2.022363
2.002937
2.001283
2.014032
1.999110
2.004463
1.999025
1.994663
1.991828
2.007427
2.016184
2.029987
2.040127
2.046242
2.032836
2.059032
2.003424
2.013372
1.998591
2.013953
2.016510
1.989794
1.997859
2.003835
2.009169
2.000200
2.011926
2.008632
1.996901
2.005681
2.010187
2.036136
2.022496
1.995242
2.017025
2.019980
2.020361
2.016193
2.017465
2.012332
1.995241
2.001835
2.005637
2.001718
1.994959
1.959373
2.014045
2.027220
2.039467
2.037586
2.029646
2.057370
2.001729
2.008240
1.981618
1.991705
2.006215
1.987935
1.996785
2.003040
2.012059
2.006225
2.015056
2.012972
1.994951
2.003471
2.005324
2.033536
2.021816
2.000807
2.019336
2.021911
2.025687
2.017936
2.015817
2.010427
1.994645
2.000296
1.999484
1.999648
1.994322
1.959849
2.014533
2.017747
2.006663
2.026265
2.016250
2.003840
2.003305
2.009960
2.033495
2.028602
2.020192
2.035780
2.018068
2.035241
2.018504
2.016941
2.015141
2.022577
2.004404
2.013571
2.020625
2.012443
2.018733
1.991156
2.004411
2.021884
2.011405
2.027018
2.020076
2.015502
2.007880
2.016134
2.019637
2.010872
2.001974
2.004162
2.010263
2.013337
2.015840
2.024086
2.017146
2.011679
2.002006
2.010604
2.036942
2.036248
2.029083
2.040223
2.019732
2.038219
2.023348
2.017875
2.017635
2.021970
2.005164
2.013823
2.020130
2.011078
2.014566
1.988299
2.003465
2.021167
2.007704
2.023528
2.019445
2.019879
2.006451
2.014794
2.018833
2.010043
2.001135
2.002847
1.997309
2.009679
2.047043
2.022110
2.012505
2.018638
1.995383
1.991670
2.018912
1.988242
1.999140
2.003416
1.994232
1.997054
1.985186
1.980691
2.000496
2.002226
2.010250
1.998482
2.017112
2.001631
1.999985
2.007276
1.981923
1.997223
2.008489
2.029117
2.028199
2.023014
2.007230
2.004369
2.007010
2.045824
2.030417
2.009556
1.992777
2.004642
2.019762
1.995894
1.991836
2.015506
1.993735
1.989329
2.011284
1.979813
1.994731
2.004055
1.993099
1.994942
1.978244
1.964137
1.987740
1.989210
2.011761
2.000581
2.019506
2.002143
2.000604
2.010132
1.980344
1.994374
2.003816
2.022742
2.024316
2.020923
2.006866
2.003361
2.009503
2.045804
2.029918
2.007549
1.992295
1.989955
1.973355
1.992740
1.976290
1.992285
2.007546
1.993912
1.974346
1.982125
1.993657
2.006533
2.014310
2.023222
2.041271
2.032413
2.019750
2.013089
2.003184
2.004030
2.007615
1.971976
1.972848
1.975822
1.979982
1.987610
1.962604
1.962680
1.979604
1.981711
2.004507
2.007451
2.001087
1.984309
2.002227
2.014084
1.996456
1.994791
1.976528
1.988015
1.972230
1.989865
2.006514
1.992055
1.972915
1.981123
1.993116
2.018014
2.014667
2.023474
2.041406
2.035117
2.022182
2.016086
2.005304
2.007685
2.012976
1.971138
1.974068
1.980966
1.979354
1.986889
1.962145
1.965098
1.982015
1.987318
2.003451
2.006390
1.996566
1.982197
2.001926
2.012060
2.010393
2.011898
2.009324
2.001028
2.011515
2.032103
2.015101
2.017396
2.040756
2.047655
2.033404
2.013397
2.010780
2.023220
2.041243
2.033713
2.017568
1.985810
1.999494
1.997599
2.003083
2.010535
1.996440
2.003534
1.993572
1.986673
1.987541
1.947415
1.957690
1.953244
2.025081
2.035206
2.075564
2.056393
2.040680
2.018280
2.006999
2.003947
2.002194
1.998614
2.005843
2.021170
2.012324
2.011476
2.026132
2.042380
2.030343
2.016199
2.011779
2.024566
2.040620
2.035266
2.020147
1.986696
1.997789
1.995501
1.995397
2.005018
1.990172
1.998874
1.995700
1.993039
2.001283
1.959188
1.962280
1.951593
2.024135
2.033180
2.070175
2.050718
2.036399
2.014500
1.996108
2.012326
2.008600
2.014347
2.011173
2.020844
1.995681
1.995825
2.011032
2.012926
2.005719
1.989260
1.995452
1.997371
2.006932
1.990995
1.987191
2.005813
2.000062
2.006582
1.998915
1.998427
1.990086
1.986339
2.012449
2.012031
2.004010
1.984953
1.987250
2.000290
2.014178
2.015526
2.004828
2.018948
2.013502
2.012934
1.995805
2.010236
2.003551
1.999156
1.994183
2.001107
1.995029
1.995971
2.017431
2.019304
2.008057
1.994014
1.995952
1.998683
2.006001
1.998108
1.985223
2.005184
2.000262
2.007954
1.997049
2.004684
1.993682
1.986941
2.011460
2.010830
2.003249
1.984048
1.987803
2.005103
2.013001
2.013818
1.999011
2.011458
2.008615
2.008589
2.007796
2.015394
2.017466
2.009701
2.011269
2.009073
2.009321
2.010006
2.015046
2.008713
1.995909
1.985721
2.007758
1.995200
2.008814
1.992319
1.985744
1.979602
2.002056
2.008264
2.005261
2.011600
2.027792
2.017504
2.002345
2.006334
1.999690
1.990238
1.990361
1.978081
2.024051
2.022417
2.038721
2.036059
2.027542
2.014191
2.001535
2.008025
2.002331
2.000980
2.003569
1.994154
2.006352
2.006946
2.003510
2.004015
1.991980
1.984289
2.007368
1.996026
2.008544
1.994159
1.990792
1.981976
2.002411
2.009733
2.008275
2.016393
2.030184
2.018056
1.999660
2.005671
2.000071
1.994374
1.993937
1.981261
2.024189
2.022104
2.038824
2.037029
2.029767
2.014918
2.004299
2.013417
2.018931
2.005383
2.018101
2.017522
2.008261
2.019849
2.013978
2.023397
2.014713
2.007310
2.012748
2.012905
2.020470
2.035978
2.036543
1.992282
2.035090
2.033537
2.043371
2.031453
2.010939
1.977258
1.994647
1.990087
1.991469
1.996019
1.982027
1.956253
1.997798
2.010797
2.021782
2.002640
1.997516
1.995472
2.002058
2.014718
2.012614
1.997672
2.003501
2.000055
2.004820
2.016519
2.014945
2.025280
2.022514
2.022259
2.009267
2.008048
2.020626
2.038503
2.037671
1.987811
2.033019
2.029096
2.031201
2.023191
2.007386
1.979832
1.994286
1.987209
1.994763
2.000341
1.982544
1.953265
1.997186
2.010160
2.020081
2.000227
1.997264
1.997425
2.003998
1.998444
1.996669
2.014896
2.002558
1.977485
2.011812
2.009931
2.021014
2.016508
2.009847
2.035138
2.000862
2.003885
2.012194
1.994166
1.999203
1.979393
2.010119
2.006546
2.012069
2.022522
2.007122
2.004436
1.999660
2.002593
2.003538
2.029656
2.016940
1.981086
2.003063
2.006999
2.035029
2.015414
2.023845
2.013978
2.006770
2.002560
2.003058
2.011146
2.003156
1.978086
2.008755
2.007689
2.017956
2.010863
2.008702
2.034722
2.003829
2.008165
2.016170
2.006965
2.011456
1.986472
2.008071
2.004561
2.009894
2.016134
2.003562
1.993847
2.000257
2.001847
2.001389
2.030774
2.015486
1.978927
2.002739
2.006661
2.034586
2.012479
2.019473
2.011072
2.002975
2.006380
2.018166
2.038484
2.033622
2.035056
1.996342
2.005482
2.021393
1.991809
1.983429
1.992537
2.004198
2.012727
2.031629
2.030487
2.025936
2.027886
1.993963
1.990885
1.998978
1.986672
1.988073
2.000573
2.000244
2.014678
2.040473
2.032623
2.031618
2.037970
1.989249
1.985043
1.976113
1.992425
1.986476
1.990199
1.999378
2.005010
2.011612
2.040422
2.029604
2.031261
1.996584
2.007084
2.024695
2.008408
2.004157
2.006212
2.001187
2.007992
2.025143
2.018643
2.019420
2.020575
1.993486
1.991050
2.001700
1.984061
1.985548
2.000397
1.998898
2.011119
2.031143
2.025163
2.024595
2.030823
1.989135
1.984905
1.975685
1.991630
1.985116
1.990137
2.004181
1.995628
2.001152
2.001190
2.004907
2.006586
2.013750
2.001179
1.999636
2.022817
2.001055
1.984317
1.998034
2.003962
2.023789
2.000261
2.002202
2.013522
2.001937
2.009529
2.021728
2.014782
2.005214
1.995053
2.010259
2.018056
2.026426
2.029804
2.022035
2.011949
2.007978
2.006115
1.977984
2.000039
2.003569
2.011351
2.006520
1.998271
1.997335
2.003873
2.003229
2.001495
2.013143
2.001404
2.000153
2.014034
1.996144
1.977902
1.998602
2.003221
2.025919
1.996704
2.000402
2.010625
2.004165
2.011257
2.023490
2.020179
2.009901
2.000436
2.010114
2.018164
2.023014
2.028674
2.019947
2.011054
2.008227
2.005361
1.977699
1.998583
2.002570
2.011229
1.998774
2.004614
1.950305
1.974212
1.973235
1.950182
2.009427
1.993213
1.972491
1.977637
1.988760
1.994784
1.991187
1.988211
1.996892
2.014587
2.000389
1.981106
1.997364
2.018920
2.029309
2.009343
2.014432
2.028358
1.982012
1.985195
1.987183
1.987665
1.979998
1.996271
1.990045
1.997235
1.977861
2.000319
1.990921
2.016837
2.001081
2.010800
1.955702
1.981213
1.977251
1.951789
2.009012
1.992955
1.975807
1.979464
1.990858
1.991662
1.988771
1.985511
1.992511
2.006283
1.992839
1.974623
1.995071
2.016882
2.033791
2.013244
2.018876
2.030194
1.981096
1.985268
1.987141
1.986742
1.979171
1.996322
1.989559
1.996858
1.975865
1.999238
1.991569
2.014964
1.995326
2.001566
2.003154
1.987923
1.985611
1.984536
2.006065
2.012598
2.007202
1.996095
1.988814
1.996061
1.992434
1.982241
1.980479
2.006119
1.995616
2.013426
1.997204
1.995817
1.985877
1.998662
1.996832
2.013025
2.010412
2.021997
2.013975
2.002215
2.001166
2.023464
1.990325
1.991632
1.966453
1.972730
1.984450
1.979922
1.989776
1.997112
1.990168
1.976840
1.976806
1.972106
2.000936
2.006071
1.995512
1.998573
1.993113
2.000543
1.994078
1.986961
1.990732
2.019014
2.003362
2.012228
1.996256
1.995154
1.987766
1.999792
1.996384
2.010797
2.009306
2.020642
2.014753
2.002280
2.002926
2.024674
1.989895
1.990338
1.965633
1.972567
1.985388
1.984969
1.995212
2.001876
2.031138
2.024172
2.018051
2.002475
2.005058
2.007957
2.010183
2.030079
2.012412
2.028751
1.993124
1.993459
1.977010
1.980686
1.982655
1.984056
1.998787
1.997994
1.976204
1.993763
1.980479
1.988312
2.011503
2.020624
2.023511
2.018651
2.021815
2.021203
1.994068
1.986338
1.972448
2.002214
2.002447
1.995943
1.998028
2.002518
2.041548
2.029772
2.013985
2.004545
2.003815
2.004626
2.005178
2.029306
2.012227
2.023460
1.997118
1.999403
1.983189
1.989994
1.986811
1.987073
1.998101
1.997108
1.972898
1.993854
1.980701
1.987225
2.010076
2.019896
2.022153
2.014823
2.019228
2.018116
1.994626
1.986342
1.972266
2.002462
2.002607
2.001141
2.005478
2.012523
2.019947
1.986348
1.994819
1.990124
2.011430
2.019482
2.044570
1.973771
1.988581
2.002515
1.999196
2.012841
2.023175
1.997215
2.005199
2.017957
2.006534
2.003521
1.977650
1.983816
1.988478
1.957581
1.994310
1.998188
1.993130
1.995949
2.002341
2.013713
1.993354
1.991995
1.965456
1.952553
1.961816
1.965427
2.006281
2.012763
2.036564
2.006845
2.003018
1.987504
2.007448
2.012112
2.041081
1.979441
1.991847
2.017283
1.996719
2.009204
2.012613
1.995917
2.004604
2.022038
2.008779
2.006742
1.984879
1.988068
1.993232
1.963133
1.993536
1.997599
1.994532
1.993689
1.999358
2.007608
1.992448
1.991752
1.964670
1.953482
1.961448
1.966767
2.016812
2.030810
2.041744
2.048422
2.035683
2.060219
1.999958
1.995523
1.987766
1.974308
1.979290
1.985108
1.989100
2.000672
1.987911
1.991287
1.999179
1.997724
2.009012
1.996365
2.012053
2.010561
2.008990
2.008565
1.985432
1.995509
1.981035
1.996029
1.979464
1.994561
2.009226
2.002368
2.007180
2.013679
2.008710
1.999674
2.014673
2.028043
2.041028
2.039766
2.032493
2.058461
2.002222
2.000085
1.992299
1.976933
1.979997
1.982330
1.987454
1.998460
1.985897
1.979763
1.991143
1.988536
2.007820
1.994368
2.007531
2.007080
2.006528
2.010351
1.985824
1.994970
1.980654
1.996401
1.981352
1.993448
2.010727
2.005508
2.014355
2.016264
2.009421
2.001784
2.014381
2.017306
2.007589
2.027169
2.016255
2.004363
2.002179
2.014958
2.031113
2.025457
2.011710
2.020120
1.994426
2.000321
2.014084
2.004082
2.002035
2.014612
2.009097
2.004883
1.988329
1.958427
1.972957
1.984733
2.007806
2.018965
2.032907
2.011436
2.005554
1.985198
1.991368
2.010333
2.015720
2.005023
1.988820
2.000719
2.010110
2.012895
2.016714
2.024856
2.016546
2.011092
1.998218
2.008089
2.019087
2.026904
2.008888
2.016071
1.993673
1.998411
2.010791
2.000517
2.001257
2.013949
2.009512
2.004826
1.988172
1.957044
1.972194
1.983044
2.005519
2.016659
2.032039
2.008442
2.002011
1.978868
1.990569
2.008138
2.011983
2.000912
1.986442
2.000195
1.997845
2.010818
2.047581
2.023472
2.012411
2.019812
2.002946
2.005750
1.977745
1.994042
2.003376
2.013905
1.991629
1.994668
1.993013
1.977990
1.975267
1.970650
2.010718
2.015094
2.013409
2.008170
2.019472
2.010927
2.007125
2.008079
1.993992
1.983539
1.982862
1.987891
2.008800
2.018368
1.997555
2.007353
1.994255
2.000430
1.993313
2.005781
2.019839
1.997252
1.992795
2.016432
2.005547
2.012490
1.986800
1.998606
2.005526
2.017645
1.992784
1.998687
1.999246
1.991338
1.982418
1.984023
2.009290
2.012820
2.011686
2.005074
2.015473
2.008784
2.004885
2.005086
1.988381
1.976799
1.975550
1.983372
2.007424
2.016234
1.995238
2.000069
1.987781
1.993746
1.992121
1.989864
1.973005
1.992322
1.976518
1.992002
2.006074
2.022210
2.015997
2.021427
1.994949
1.973274
1.998714
2.003684
1.986198
1.988692
1.995777
1.993130
2.005713
2.016618
2.038104
2.035533
2.023799
2.017531
2.009275
2.021312
2.028580
2.034890
2.015398
2.009097
2.002295
2.015359
2.034503
2.035416
2.024172
2.029371
1.996282
1.994700
1.976179
1.987597
1.972458
1.989582
2.009473
2.028773
2.028181
2.030545
1.998735
1.980855
1.999540
2.004305
1.985180
1.993431
1.998381
1.989976
2.004745
2.015313
2.032054
2.043047
2.030574
2.018053
2.009626
2.022932
2.032215
2.037004
2.018209
2.011967
2.002295
2.015582
2.033977
2.035275
2.025477
2.030014
2.010819
2.012869
2.012042
2.003711
2.012791
2.027904
1.993784
1.999754
1.996848
1.993750
1.985666
1.978010
2.010573
2.027059
2.046378
2.014780
2.007578
2.004893
1.998651
1.986372
1.978478
1.980809
1.984871
1.999275
2.003006
2.010791
2.029515
2.017272
2.011770
1.994978
1.993600
2.007631
2.019964
2.034371
2.021831
2.006891
2.007990
2.005691
2.005058
2.001297
2.007409
2.016979
1.994477
1.999819
2.006238
2.001135
1.992531
1.993700
2.011687
2.028609
2.048165
2.014642
2.007497
2.001077
2.000940
1.989774
1.982470
1.975689
1.980232
1.993395
2.002177
2.008554
2.025090
2.014108
2.010354
1.997726
1.994500
2.008032
2.022168
2.032360
2.021277
2.002619
