2.005748
2.008905
2.019007
1.994805
1.997551
2.000364
1.989678
1.995074
1.988572
1.998035
1.984457
1.985593
2.012882
2.009626
2.036271
2.028669
1.995388
1.998220
1.996891
2.008387
1.999193
1.998292
2.018329
2.014146
1.996272
1.993523
2.001934
1.983633
2.002603
2.013600
2.028001
1.999227
2.009207
2.014701
1.996722
1.992745
2.005046
2.009318
2.011108
2.003748
1.991212
1.992261
1.993092
2.008817
2.008306
2.014604
2.011576
1.991732
1.999295
2.008694
1.961069
1.966817
2.009710
2.023761
2.038206
2.047474
2.009376
2.008841
2.028878
2.065655
1.977714
1.994498
2.005447
1.983136
1.991754
1.994363
2.014199
1.992202
2.003770
2.006796
2.011491
2.021889
1.997896
2.002179
1.991793
2.000875
1.980184
1.976151
1.962949
1.995247
1.997906
1.990221
2.024734
2.010951
1.994193
2.010390
2.020555
2.014271
1.991896
1.999452
2.012813
2.021972
2.003646
1.987355
1.967500
1.974550
1.997599
1.996600
1.995107
2.007188
2.004673
2.011948
1.995046
2.005820
1.988917
1.997999
1.957578
1.979741
2.004920
2.001375
2.017002
1.997239
2.001977
2.008299
1.975399
1.967483
1.971370
1.964286
1.912300
1.940117
1.988677
1.987270
1.990619
1.978735
2.002136
2.003552
2.014696
2.036587
2.004119
2.001024
1.994384
2.000385
1.996965
2.002207
1.956226
1.969718
1.998033
2.008790
2.008520
2.003530
1.995711
1.994572
1.988091
1.954252
2.002982
2.011066
1.989750
2.002655
2.004098
2.003488
2.019428
2.025763
1.991618
2.005348
1.996550
2.014032
2.003520
2.019409
2.016171
2.005461
2.003722
1.995899
2.002393
1.989947
1.981778
1.998786
2.003094
1.969317
1.984321
1.965416
1.941625
1.960338
2.004865
2.012631
2.037987
2.003936
2.015457
2.030789
2.048012
2.029245
1.985240
1.993811
1.997165
1.972180
1.990784
1.986861
2.002248
2.027549
2.008355
2.029295
2.031572
2.026225
2.011841
2.016204
2.016282
2.023737
2.009820
2.009894
2.007924
2.000808
1.987330
1.992462
1.985044
2.006294
2.007249
2.000882
1.979412
1.984844
2.006593
2.018195
2.033799
2.009716
2.005151
2.009409
2.018187
1.994452
2.004092
1.999328
1.988563
1.990889
2.024996
2.022001
2.010580
2.003683
1.988416
1.992408
1.959335
1.977393
1.994384
1.990034
1.975706
1.984642
1.979259
1.991260
1.979770
1.998122
2.007518
2.016728
2.047853
2.023205
1.990069
1.995128
2.002705
1.973643
1.988146
1.980408
1.983602
1.979171
1.992589
1.995933
2.004736
2.014001
2.001960
2.011523
2.028901
2.047927
2.003877
2.017679
2.026769
2.037243
2.003803
1.995760
1.994424
1.980856
1.988146
1.993722
1.987821
1.986841
1.992779
2.013319
2.033894
1.991429
1.990639
1.977839
1.977698
2.011070
1.993011
1.999754
1.976004
1.980289
2.004655
2.005552
2.004752
2.003480
1.998668
2.010339
2.019970
1.988579
1.989769
1.991497
2.035426
1.965247
2.010598
2.014195
2.016408
2.010289
2.010237
2.017992
2.021971
2.000180
1.997833
2.002686
2.002685
1.985428
2.011484
2.017876
2.007495
2.006394
1.998693
2.010594
2.002580
1.999060
1.984498
1.980857
1.950795
1.953510
2.003293
2.005919
1.994381
2.013404
1.997084
2.000336
1.991238
1.978307
2.005133
2.004915
2.002273
1.988111
2.002181
2.004871
2.008862
2.012007
2.007948
2.016407
2.000738
2.001860
1.990230
1.990139
2.010289
2.003458
2.000765
2.003086
2.008316
1.950840
2.010400
2.021163
2.009089
2.003723
1.999794
1.996367
1.966787
1.961088
2.003872
2.004793
2.027948
2.011052
1.994936
2.002771
2.005339
2.032404
2.011119
2.001886
2.014720
1.975648
1.985962
1.979285
1.957867
1.976067
1.999699
1.983404
1.983072
1.977208
2.004496
2.006183
2.019825
2.004255
1.991464
1.991282
2.013019
2.030939
1.994765
2.010862
2.032127
1.980671
2.013622
2.016193
2.018603
1.994254
1.983809
1.973169
1.937817
1.952456
2.004128
2.012861
2.019457
2.026226
1.998206
1.997610
1.997803
2.020699
1.992620
1.976334
1.985377
1.982214
1.996015
1.991359
1.947849
1.961937
2.000210
2.009453
1.996180
1.979297
2.001377
1.989854
1.974857
1.996477
1.992413
1.998895
1.971236
1.990110
2.002557
2.012188
2.038176
2.021086
2.017235
2.012875
2.015771
2.008016
1.995090
1.979653
1.963036
1.959157
1.993995
1.988925
1.990239
1.975631
1.982876
1.985871
1.966842
1.981037
2.006525
1.995482
1.980345
1.977222
2.002537
1.997976
2.011665
1.990610
1.989170
1.993407
2.020510
2.021195
2.020993
2.015574
2.021920
2.033229
2.000335
2.010758
2.013579
2.014935
1.986577
1.979757
2.002860
2.017477
2.015294
2.020535
2.033598
2.012459
2.006985
2.008288
2.017803
2.010719
1.987137
1.990797
2.012179
2.015658
1.990581
2.003956
2.006392
1.985445
2.018695
2.009979
2.029609
1.983518
1.993438
2.004720
2.029579
2.009658
1.974891
1.964627
1.964585
1.958920
1.992686
1.990987
2.000995
2.012083
2.015853
2.020061
2.022847
2.001485
1.982658
1.980444
1.955123
1.951415
2.014793
2.017678
2.031321
2.032041
1.993845
2.001032
2.007773
2.020860
2.006442
1.998540
2.022219
2.049427
1.993921
1.995035
1.993417
1.996335
2.003770
2.005928
2.037604
2.005039
1.985983
1.982852
1.984897
2.016428
2.001456
1.998125
1.982546
1.973967
2.000501
1.996348
2.006076
1.979191
2.021915
2.029117
2.041610
2.015842
2.009484
2.010854
1.982091
1.983285
2.006612
2.003613
1.971783
2.005017
1.996752
2.005236
2.010063
1.994134
2.001421
1.989409
1.965038
1.981879
1.997946
1.992746
1.997059
1.963203
1.999933
1.999970
1.996461
1.988477
1.997489
1.995356
2.021739
2.006908
1.997999
1.995786
2.024411
2.034095
2.002018
2.005881
1.994359
2.016358
1.993940
2.004771
2.001871
2.010638
2.006752
1.984904
1.968173
1.984764
1.991532
1.985491
1.971727
1.990836
2.011123
2.007147
2.023280
1.991036
1.992923
1.993052
1.981223
2.003844
1.994190
1.994581
1.988844
1.994913
1.988241
1.996673
2.030582
2.016192
1.996971
1.986720
1.995127
2.002046
1.992785
1.992417
1.966196
1.998230
2.000341
2.006446
1.991382
2.011112
2.003546
1.989248
1.985221
1.992096
1.998446
2.004956
2.011763
2.023092
2.005339
1.998772
2.020067
2.033850
1.999696
2.011682
2.023726
2.027718
1.984714
1.983010
1.997770
1.945772
2.001726
2.001426
1.994941
1.999277
2.011187
2.004004
2.016430
1.976531
2.009647
2.013651
2.009330
1.996163
1.994561
1.989323
1.960576
1.948746
2.006882
1.999297
1.986668
1.994121
1.989878
1.990059
2.000137
1.979110
2.007546
2.017832
2.020153
2.020692
1.980570
1.991907
2.012305
2.017292
2.013909
2.025456
2.035566
2.036856
1.998553
1.996783
2.017246
2.004703
1.993750
2.001008
2.004857
2.013401
1.989679
1.995317
1.998949
2.007244
1.994847
1.998581
1.995986
1.997703
1.988433
1.983060
1.945775
1.969858
1.988324
1.992878
1.960075
1.996200
2.018563
2.017572
1.977949
1.973825
1.999069
2.003412
1.981146
1.978007
2.004056
2.003955
2.039356
2.009170
1.999897
2.011557
2.016410
2.027625
1.992800
1.999709
2.017677
2.027283
1.986303
1.983588
1.987095
2.006714
1.998685
2.004515
1.983848
1.990160
1.986346
1.977062
1.967940
1.954561
1.999806
1.987676
2.000079
2.005191
1.995769
2.014495
2.027529
1.994745
1.999074
1.985502
1.983737
1.981360
1.985100
1.984172
1.982592
1.988482
2.002069
2.003672
2.016811
2.017608
2.001754
1.998847
2.016798
2.005085
1.998933
1.993841
1.998707
1.984365
2.004779
1.998635
2.013662
2.020314
1.988265
1.982470
1.995732
2.007772
1.983179
1.981935
1.979322
2.014035
2.003135
2.018147
1.993257
1.993061
1.990617
1.977819
1.979944
1.964372
2.003974
1.997721
2.020831
2.004669
1.997180
1.997747
2.010475
1.999137
1.997664
2.009889
2.027975
2.032091
2.004326
1.997139
1.990117
1.986673
1.998747
2.018392
2.004608
1.995923
2.012023
2.028606
2.042021
2.027260
1.997005
2.003591
2.009325
2.001653
2.017464
2.026883
2.007695
1.974354
1.989849
1.997355
1.990448
2.010046
2.001296
2.023002
2.011391
2.025528
1.984932
1.987869
2.015977
1.982893
1.997390
2.003220
2.024511
2.019688
1.999745
2.008406
2.029078
2.014387
2.009012
2.013948
2.011713
2.003628
2.000278
2.000354
1.978359
2.012244
2.018006
2.019796
2.029823
2.018334
1.997487
1.998595
2.011534
2.007794
2.005743
2.002475
2.001821
2.010858
2.014497
2.014930
2.022844
2.009751
1.977779
1.974893
1.991277
1.991837
2.015558
2.033113
2.048060
2.026992
2.002726
2.011973
2.000736
2.007967
1.999739
1.992279
1.995549
2.000729
1.993533
2.004425
2.006357
1.994460
2.005490
2.010548
2.015876
2.005941
1.994721
1.993604
1.987054
1.993958
2.001451
1.994288
2.004715
1.999783
1.995670
1.987372
2.015868
1.993372
1.984375
2.002801
2.026042
2.002451
1.985602
1.995131
1.999569
2.016380
1.991674
1.990840
1.981163
2.007634
1.987511
1.976142
1.975984
1.981037
1.981074
1.969055
1.952234
1.977927
2.006306
2.010423
2.011260
2.019562
2.009023
2.007451
1.998808
1.989996
1.979387
1.972528
1.973606
1.986956
1.999374
1.996897
2.005210
2.024111
1.985763
1.995271
2.001168
2.001790
2.006880
1.997349
1.998768
2.015939
2.001500
2.014402
2.014789
2.035026
2.001611
2.002647
2.016712
1.985813
2.000720
2.005921
2.005177
1.995406
2.010356
2.004087
2.006799
2.002732
1.998498
2.005652
2.027670
2.007248
2.015417
2.027825
2.019007
1.994161
1.994807
1.992395
1.996177
1.992896
2.003206
1.995953
1.991964
1.962720
2.005428
2.013043
1.988812
1.982252
2.000825
2.007104
2.046357
2.027619
1.989473
2.005588
1.985057
2.015096
1.993596
1.987461
1.989836
1.990308
2.010480
2.009591
1.986131
1.977807
2.006359
2.003474
1.979815
1.982917
2.001884
1.999083
2.010476
2.011016
2.012270
2.018830
2.020759
2.002100
1.994302
1.998840
1.981709
1.988344
1.994391
1.998152
1.984049
2.012791
2.006751
2.009743
1.995133
1.991693
1.989636
1.982896
1.999511
1.993548
2.011157
2.014082
1.992180
1.972782
1.999001
2.000592
1.979890
1.990883
2.014939
1.999403
1.990163
2.015702
1.991289
1.985227
1.985564
1.975098
2.003420
2.005831
2.009925
2.010003
1.977633
1.980243
1.981279
2.008501
1.990094
1.987626
1.974302
1.990283
1.999205
2.007222
2.026928
2.011637
1.996192
1.983268
1.983206
2.000087
2.007955
2.003049
2.006097
2.012039
1.993393
1.992081
2.002834
2.032393
1.999589
2.003607
2.034914
2.049954
2.007840
2.001527
1.983648
1.984647
2.012104
2.004398
2.000552
1.978428
2.003207
2.016471
1.998280
1.990459
2.016293
2.006074
2.032449
2.009940
2.009854
2.014957
2.030278
2.009564
2.009367
2.012740
2.029070
2.014649
2.026928
2.020414
1.996054
2.009947
1.991256
1.991416
1.995665
1.995390
2.011656
2.000678
1.988380
1.997297
1.989915
1.999207
2.009015
2.022494
2.016767
2.007294
1.991271
1.970055
2.009747
1.996168
1.969580
1.978179
1.992833
1.991106
1.995679
1.997948
1.996277
2.007529
1.987221
2.002027
1.989527
2.000602
1.993307
2.023068
2.006218
1.997502
2.006402
2.023359
1.999322
2.000068
1.989505
1.998424
1.991015
2.006458
2.025021
2.061313
2.005466
2.015242
2.021325
2.004090
1.989894
2.000687
2.028999
2.037436
2.011310
2.013759
1.974856
1.982955
1.994741
2.003810
2.003582
1.970819
2.006374
2.014290
2.028736
2.016205
2.003075
2.010305
2.012708
1.986140
1.991841
1.985088
2.005546
1.991434
2.005233
1.995847
1.958849
1.971140
2.002496
2.004307
1.998666
2.015587
1.999084
1.996909
1.986791
1.983275
2.002908
2.009795
2.022028
2.023830
1.996866
1.989413
1.989050
1.992929
1.995825
1.996419
1.992736
1.973428
2.006217
2.001406
1.990656
1.976786
1.993287
1.997858
1.984622
1.990403
2.000435
1.981635
1.963224
1.981976
1.989760
1.986909
1.959724
1.963808
1.994677
1.998168
2.008641
1.995896
2.007307
2.006776
1.988792
1.985961
2.007037
2.011627
2.002527
1.985464
1.993110
1.987698
1.995525
2.006776
2.011835
1.999197
2.005901
2.000196
1.988950
1.989582
1.988809
1.964703
1.990215
1.981864
1.978855
1.972237
2.011063
2.007965
1.979581
2.011792
1.981903
1.987162
1.992578
1.981649
2.004790
2.006741
2.023917
1.996279
2.020231
2.033065
2.038612
2.031517
2.000192
1.996234
1.992169
1.986548
1.995667
1.999772
1.987480
1.958708
2.001476
2.004584
2.002193
1.989531
2.009549
2.020512
2.027127
2.015781
2.005198
2.006969
2.005799
2.007453
2.014669
2.011323
2.013001
2.018013
2.002556
2.009586
1.990693
2.024208
2.012634
2.015544
2.022885
2.003323
2.007495
2.003107
2.002720
1.982654
2.015702
2.014623
1.972363
1.947389
2.012217
2.007077
2.031882
2.005735
1.997784
1.997423
2.003768
2.003799
1.994109
1.993500
1.984371
2.003342
2.013959
2.019106
2.049186
2.018439
1.999582
2.003619
1.960270
1.979728
1.995269
2.001586
2.006498
2.031740
2.001086
2.011526
2.011332
2.008401
1.987584
2.005180
1.992185
2.024429
1.998428
2.001691
1.990431
1.975602
2.009838
2.010363
2.041459
2.051375
1.998319
2.008402
1.974421
1.997723
2.005294
2.009959
2.018948
2.009597
1.999942
1.995783
2.011440
1.984839
1.988027
2.001322
2.013662
1.988037
1.999332
1.991249
2.005258
2.027676
2.010640
2.001770
1.986644
1.994305
2.011144
2.004095
2.008388
2.010471
1.993229
1.986372
1.978443
1.994368
2.004876
2.002547
2.020892
2.014131
1.990850
1.989849
1.997789
1.987124
1.995704
2.001681
2.009434
2.005360
2.022914
2.031113
2.025860
2.031441
1.978053
1.983608
1.995337
1.993436
1.996474
2.002111
2.017517
2.009797
2.002619
1.984603
1.985280
1.995283
2.009891
2.008300
2.008207
1.997498
2.013685
2.021101
2.021144
2.015130
1.982034
1.978391
1.952217
1.987023
2.003429
2.010075
2.000009
2.013345
1.997575
1.990014
2.009055
1.992570
1.999547
1.999946
1.999092
1.970226
2.004674
2.016654
2.021336
1.997943
2.005800
2.004889
1.984041
1.989482
2.003788
2.001705
2.010027
2.033122
2.008747
1.998028
1.981083
1.983175
1.994539
1.990631
1.966963
1.985722
1.986428
2.000298
1.991780
1.981914
2.006944
2.002214
1.992874
1.998065
1.993388
1.989752
1.970924
1.978325
2.008935
2.017291
2.006379
1.996597
1.993625
1.991952
1.996971
1.973459
2.010965
2.020726
2.032529
1.988317
1.997374
1.985778
1.931950
1.974125
2.001763
2.010023
2.034093
2.009885
2.005407
2.005159
2.009947
2.026226
1.995357
1.999805
1.993210
2.011358
2.008853
2.010535
2.012065
1.967035
1.984345
1.993811
1.983315
2.005000
1.995620
1.988864
2.004139
2.001462
1.997610
2.016647
2.029431
2.017763
1.994652
1.994519
1.985554
1.989988
1.996736
1.996224
2.012872
2.001914
1.995141
1.990245
1.995145
1.968211
1.999711
2.008004
2.018621
2.033268
2.006472
2.012890
2.002833
1.985341
2.009622
2.007270
2.017140
2.032458
1.997897
2.003926
1.982907
2.008597
2.004822
2.010537
2.018745
1.982187
1.999651
1.995080
1.982709
2.001993
2.017145
2.017772
2.013135
2.007619
1.992071
1.994956
1.995381
1.981391
2.005500
2.010253
2.047341
2.028241
2.006783
2.002254
2.017959
2.011830
2.003783
2.003864
2.014687
2.010942
1.996059
1.988379
1.973705
1.956163
2.001918
2.001158
1.988939
2.004770
1.994785
1.994269
1.960571
1.963421
1.988181
2.001221
1.989069
1.992286
2.003352
1.992335
1.965447
1.984185
1.998739
2.000969
1.998395
2.005603
1.998077
1.991358
1.994942
1.954656
2.003325
1.989279
1.986522
1.993952
1.986556
1.986809
1.978144
1.968621
1.997324
2.007161
1.983359
1.953762
1.998588
1.995055
1.992434
1.988343
2.007868
2.005493
2.001361
2.009109
1.979335
1.964056
1.967155
2.002456
2.000999
2.009187
1.991340
2.000810
1.999286
2.009038
2.003510
1.989283
