2.001330
2.011866
2.009373
2.008031
1.990580
1.999308
2.011592
2.001321
2.010257
2.010164
2.026141
2.053535
2.002445
2.011206
2.028908
2.045496
2.003504
2.008624
2.036549
2.026793
2.003277
1.994731
2.001231
2.009682
2.000555
1.987451
1.977387
1.996201
1.990756
1.992151
1.994589
1.983318
1.990469
1.978836
1.979024
2.011416
1.997025
1.998327
2.008221
2.017781
2.000057
1.990513
1.978881
2.002814
1.996175
1.984500
1.967369
1.964691
1.993303
1.992233
1.999116
2.029969
2.008907
2.012116
2.011397
2.007685
2.009927
2.008082
2.008130
2.025678
1.985786
1.985975
1.966923
1.973643
1.996677
2.000721
1.999869
2.009474
2.014279
2.006079
1.970482
1.979423
1.985243
1.980997
1.951094
1.947930
2.007654
2.014524
2.017980
2.036756
1.985772
1.979587
1.957617
1.975151
1.998169
2.004974
2.030647
2.014264
1.992605
1.987456
1.990575
1.968716
2.008356
2.016601
2.002055
2.005281
2.003108
2.009691
2.012376
1.974653
2.012032
2.001954
2.018214
2.029339
1.996769
1.992084
1.980300
1.950150
2.002380
2.002335
2.010880
1.994742
2.003758
2.005349
2.029113
2.013729
1.984511
1.981343
1.957426
1.956551
1.995975
2.014440
2.038031
2.024394
2.014251
2.008615
2.026639
2.002821
2.001849
1.991566
1.983823
1.971320
2.004611
2.006896
2.020130
2.001347
1.993152
1.987068
1.996431
1.973682
1.978171
1.979586
1.961576
1.958804
2.000339
2.008213
2.016079
1.991384
2.008476
2.009025
1.993121
2.003878
2.003748
2.012079
2.014810
2.025192
2.005155
2.013222
2.024046
1.999613
2.000188
2.013685
2.003511
1.992133
1.987717
1.996521
1.977551
1.988585
2.010422
2.023198
2.040204
2.039199
2.001879
1.990396
1.973160
1.991550
1.987848
1.982841
1.972376
2.001102
2.005523
2.003606
1.997240
2.015198
2.003706
2.004936
2.019276
2.007824
2.019680
2.024429
2.029846
2.018621
1.995892
1.990150
1.991253
1.975138
2.000683
2.012203
2.033922
2.040230
1.998527
2.008198
2.023797
2.008163
2.008655
2.000850
2.013219
2.025343
1.997087
1.992693
2.004909
2.025016
2.020309
2.015701
2.019383
2.031705
2.006551
2.006536
1.998817
1.987511
2.000327
2.015051
2.018021
2.018115
2.004044
2.011031
2.020485
1.988112
2.008494
1.999520
1.990248
1.991346
1.987298
1.990496
2.012383
2.014583
2.003068
2.010501
1.997135
1.980184
1.991844
1.993528
1.990489
1.966671
1.999980
2.001577
2.008264
2.011407
2.000611
2.010617
2.049075
2.036612
1.992356
1.990544
2.002040
2.011844
1.985460
1.974446
1.991500
2.008879
2.002933
2.007116
2.010490
2.020360
1.992852
2.000709
1.996400
2.031155
1.991278
1.998204
1.990081
2.008028
2.006445
1.997353
2.021043
2.051166
1.998725
2.011432
2.010138
1.999406
1.994279
1.999072
1.986619
2.003386
1.996362
1.992892
1.961063
1.982797
1.996627
1.994475
2.009257
2.014954
1.998906
1.994670
1.998632
1.973972
1.989862
1.984796
1.961451
1.985000
1.996971
2.002542
2.018472
2.030100
1.999327
1.987668
1.977440
1.983951
2.009856
2.017022
2.007527
2.008323
2.002001
1.989880
1.964340
1.980331
1.997810
2.004972
2.011785
1.978939
2.003917
2.009909
2.036348
2.028159
2.002103
2.010439
2.010311
1.996324
2.018768
2.015164
2.005625
2.018421
2.001720
2.006587
1.994925
2.015589
2.000960
2.012243
2.029639
1.994986
1.983042
1.989099
1.968603
1.965712
2.010973
2.009033
2.001448
2.008060
2.005397
2.011652
1.996236
1.982832
1.993252
1.993066
1.982321
2.002098
1.996619
1.996788
1.972715
2.007401
2.014324
2.013447
2.008945
1.992765
1.995163
2.000914
1.966273
1.959928
1.985235
1.994721
1.993198
2.014860
2.001382
2.008164
1.995443
2.014408
2.010761
2.004246
2.030495
2.008338
1.997385
1.989029
2.005214
2.002485
2.001777
2.000258
2.021706
2.045855
1.995273
1.997194
2.027506
2.027729
1.983992
1.982227
1.998207
1.944720
2.007591
2.006280
2.007990
2.013005
1.994469
1.978217
1.986153
2.007239
2.008044
2.002150
2.005814
1.986573
2.005503
2.019713
1.990678
2.013540
2.005129
1.997247
1.983771
1.993953
2.005027
2.014770
2.010411
2.026433
1.976515
1.983426
1.976261
1.993145
2.010087
2.007054
2.004516
1.993137
1.998219
1.995259
1.991170
1.987200
1.998189
1.995963
2.016666
2.005374
1.986672
1.989937
1.954905
1.982398
1.996030
1.981448
1.975292
1.973065
2.004783
2.005044
2.012199
2.013957
1.990589
1.973198
1.967175
2.006030
1.988052
1.992223
1.959682
1.996256
1.999660
2.001256
2.005743
1.988686
2.005867
2.019154
2.000738
2.022470
1.991452
1.996899
1.986657
1.986628
2.003150
2.009592
1.992870
2.003548
1.992526
1.999753
2.015994
2.025045
1.998015
2.011215
2.009628
1.986391
2.000526
1.999293
1.991935
1.982464
1.989375
1.994198
1.992641
1.983852
1.989436
1.991976
1.996080
2.010808
1.995519
2.014319
2.026391
1.992747
1.993823
1.995164
1.994121
1.973145
1.997280
1.999849
1.977510
1.980932
2.004322
2.003013
1.997045
2.001181
1.999193
1.995986
2.003433
1.990837
1.999145
1.993616
1.997056
1.984472
2.004744
2.011867
2.002894
2.028798
1.999337
2.003252
1.989978
1.977508
2.006094
2.007912
2.038128
2.031705
2.013092
2.003401
2.002947
2.004905
1.989547
1.975695
1.975027
1.964438
1.995421
1.994424
2.006658
1.994956
1.999105
1.989686
1.987947
1.994614
1.991162
1.986058
2.000229
2.029513
2.006978
2.019427
2.011154
1.994900
2.001485
2.020165
2.004810
1.995000
1.992339
1.996786
1.990139
2.000197
2.006013
1.997858
1.993002
2.000487
2.000878
1.995332
1.995450
1.994470
1.997253
1.997475
1.986093
1.991822
2.002210
2.023062
2.011157
2.025181
2.002212
2.004503
2.010950
2.017793
1.995038
2.002588
2.004632
2.020990
1.988136
1.983111
1.976520
1.974276
1.999901
2.004083
2.034279
2.026097
2.000270
2.000177
1.979705
2.012780
1.993856
1.998282
2.014093
2.011338
2.008462
2.009910
2.008029
2.028088
2.017252
2.017680
2.007394
2.027931
2.006833
2.003376
1.996592
1.994628
1.979834
1.978075
1.995963
2.000032
2.021540
2.017469
2.024125
2.023393
1.997095
2.000232
1.987469
1.998809
2.000984
1.994759
1.957829
1.969386
1.994901
1.980104
1.966332
1.961248
2.005428
2.011858
2.017957
2.007527
2.016094
2.025060
2.039464
2.002404
2.004670
2.002935
2.010267
2.011799
2.002761
1.995683
1.984375
1.971066
2.007509
2.008583
2.007681
2.037180
1.985643
1.994381
1.996346
2.015066
2.003409
1.999477
1.999995
2.029009
1.998772
1.984297
1.985185
2.016168
2.009308
2.006495
2.007435
1.983814
1.989473
1.971680
2.003226
2.009760
2.008797
2.008295
1.998539
1.988404
2.013042
2.008999
2.037915
2.045787
2.001845
1.998996
1.988420
1.976205
2.005644
2.003844
2.001803
1.990955
2.001734
2.001704
1.994316
2.009631
2.001213
2.013942
2.015125
2.034140
1.988624
1.976787
1.959319
1.970640
2.004734
2.004504
2.002289
2.000591
1.996490
1.983870
2.000415
1.981920
1.986891
1.993735
1.972352
1.993465
2.015008
2.028798
2.019878
1.995699
2.004070
2.000599
2.036713
2.020779
2.005290
2.006055
2.013992
1.992054
2.018400
2.015823
1.993644
2.012018
1.993387
1.995110
1.982318
1.999653
1.989933
2.004892
1.980435
2.012812
1.998313
1.999501
1.971612
1.983085
1.997406
1.992948
2.012978
2.012425
2.004796
1.994496
1.985184
1.987732
2.013428
2.006495
1.991306
2.000255
2.012011
2.018723
2.021030
1.999169
2.002252
2.006463
2.026814
2.018732
1.994290
1.998597
1.999668
2.013566
1.999888
2.006039
1.987114
2.004039
1.997945
1.994655
1.967328
1.992669
2.010881
2.014457
1.993620
1.973352
1.990133
1.982644
1.934897
1.965519
1.980513
1.995737
2.004897
1.986069
1.998273
2.002153
1.967111
1.980743
1.995864
2.002179
2.013099
2.015582
1.977972
1.981735
1.981818
2.010214
2.001430
2.014804
1.999127
2.003739
1.999310
1.991308
2.023076
2.007378
1.991870
1.993084
2.010571
2.027992
2.004274
2.007656
2.002477
1.982299
1.991284
1.990830
2.000167
2.030775
1.990239
1.980305
1.980831
1.997299
2.003905
2.007312
1.989176
2.006645
2.003504
2.004201
2.031186
2.035125
1.994829
1.986206
1.991771
1.993972
2.016128
2.006288
2.033216
2.011654
1.997432
1.998984
1.995961
2.003810
1.987582
1.985524
1.989862
1.978999
2.011483
2.003691
2.001261
2.011211
2.004302
1.993693
1.982911
1.984683
2.011010
2.001425
1.988743
1.996256
1.975450
1.970276
1.960245
1.970644
1.994800
1.992485
1.982924
1.957413
1.994905
1.991342
1.998305
2.012378
1.999251
2.001747
2.003499
1.997982
1.997604
2.007820
1.985971
1.999819
1.978870
1.987529
2.002211
2.011357
2.003574
1.994362
2.001372
1.983418
2.003960
1.998842
1.989844
1.985577
1.990557
2.002939
2.000796
1.984355
2.007006
2.015518
2.018352
2.004848
1.985153
1.978271
1.980047
1.971066
1.984024
1.993531
1.991574
1.975310
1.995250
2.008170
2.022362
2.017647
2.003252
1.993918
2.004800
2.004041
2.001241
2.007528
2.004881
1.985672
1.992384
1.983740
1.965677
1.962969
1.987592
1.992869
1.988256
2.015590
1.997323
1.992176
1.980962
1.973443
2.000580
2.002165
2.001904
1.991501
2.000852
2.006066
2.012032
2.021946
2.016759
2.012515
2.003202
2.018819
2.024400
2.021564
2.003915
1.996630
2.009280
2.020173
2.043307
2.042692
2.004753
2.007008
2.027475
2.007054
1.999323
1.980900
1.961652
1.980294
1.984222
1.982928
1.995751
2.008754
1.992117
1.998416
2.004691
1.977075
1.991863
1.992324
1.991980
1.971934
2.009312
2.013326
2.023058
2.011898
1.992854
1.987524
1.997565
2.008242
2.014784
2.036386
2.057671
2.026578
2.003549
1.997774
1.994187
1.986241
1.999504
2.013714
2.002840
1.989964
2.016263
2.027950
2.040980
2.046814
1.981690
1.987890
1.990278
1.980671
1.998277
2.000696
1.993674
2.012798
2.004128
2.006149
2.005859
2.005414
1.998759
2.005766
2.035173
2.000950
2.015109
2.009417
2.040145
1.996273
2.000036
2.002962
2.001182
1.988151
2.005188
2.011976
2.024633
2.046566
1.997813
2.001789
2.002733
1.988795
2.003037
1.994295
1.951172
1.959167
2.003837
2.005859
1.991369
1.949877
2.012346
2.015185
2.022721
2.005202
2.009338
2.000651
1.968330
1.979605
1.996968
2.004277
1.993023
1.981487
2.008251
2.003414
1.995807
2.021097
2.003152
1.997924
2.008785
1.999817
1.994686
1.994351
1.985180
2.002119
1.984050
1.987265
2.007623
2.020092
1.996668
2.000837
2.002626
1.952777
2.003369
2.019103
2.001829
2.003979
1.989590
1.988194
1.965647
1.968185
1.986733
2.004001
1.988442
2.021603
2.008469
2.009803
2.016145
2.009470
2.013992
2.003719
2.014421
1.976481
1.990454
1.987606
1.974821
1.970774
1.994010
1.980351
1.962423
2.002699
2.000086
1.995986
2.012154
1.988323
2.008320
2.006241
1.999433
1.975906
1.999672
2.016124
2.035723
1.980875
2.011739
2.008830
2.001083
2.010764
1.988361
2.003618
2.011060
2.012590
1.992364
1.985641
1.976690
1.993313
2.005342
2.008281
1.999939
2.014987
1.993738
1.978153
1.985103
1.984087
1.999894
1.998574
1.980953
1.983089
1.987168
1.981306
1.955673
1.958415
1.978573
1.984440
1.997311
1.996644
2.003361
1.999312
2.006998
1.994089
1.998981
2.012527
2.041792
2.029122
1.991245
1.999926
2.015693
1.997144
1.995099
2.003762
2.027549
2.022647
1.982250
1.977688
1.950787
1.981165
2.002080
1.983727
1.971741
1.984775
2.004916
1.994627
1.976829
1.969503
1.990703
1.986257
1.982032
1.977606
1.981812
1.972640
1.957555
1.960908
2.007193
2.006089
1.988166
1.991162
2.002152
2.006468
2.000159
2.029664
1.985990
1.977602
2.002179
2.009992
2.001106
1.989676
1.959084
1.982177
2.014191
2.018592
2.031779
2.036437
2.007118
2.002402
1.993034
1.998302
2.005927
2.007444
2.026096
2.022386
2.014911
2.010920
2.026482
1.984856
2.006630
2.003590
2.005099
2.015050
1.996050
1.988250
1.985102
1.992825
1.997278
1.984638
1.928445
1.972447
2.002157
1.993417
2.024999
2.003172
1.983333
1.980616
1.953920
1.949365
1.993843
1.997389
2.029932
1.997773
1.997056
2.009352
2.021181
1.995297
1.985505
1.995049
1.984347
2.004043
2.015057
2.018087
2.024535
2.017431
2.003650
2.003425
2.031937
1.997604
2.007813
2.017464
2.029184
2.011897
1.987952
1.985372
1.968172
1.975196
1.994970
1.991441
1.995769
1.969464
1.998847
1.997376
2.014139
2.055055
2.007647
2.009435
1.982225
1.982531
1.996859
2.000576
1.998792
2.003515
1.990880
1.987310
1.991485
1.995597
2.004257
2.010085
2.016887
1.979570
1.998616
2.000282
1.985394
2.000998
2.004136
2.002122
1.990029
1.982445
1.991431
1.988223
2.019734
2.021604
1.991838
2.004388
2.029420
2.040898
2.010182
2.004228
2.021432
2.015048
2.007138
2.008376
2.017458
1.993688
2.010239
1.987664
1.967072
1.987291
1.986056
1.983069
1.989005
2.010828
1.992309
1.993141
2.008715
2.011388
1.989362
2.002920
1.996540
1.997002
2.004178
1.997159
1.994784
2.001709
1.986719
1.994995
2.022996
2.011159
1.990583
1.982820
1.985075
1.990511
2.007002
2.011553
2.008066
1.999460
1.987580
1.989170
1.984562
1.972320
1.989174
1.979498
2.006059
2.008559
1.994605
2.002041
2.011100
2.023330
2.005697
2.020939
2.032316
2.001186
1.988378
1.977819
1.955798
1.956620
2.001498
2.009079
1.991589
1.999940
2.000400
1.991584
2.014770
2.008054
2.011030
2.002655
2.016994
1.974937
2.007533
2.008079
2.004360
2.009137
2.000641
2.003907
2.010062
2.014175
1.994883
1.998875
2.011127
1.989149
1.996330
2.000293
1.996836
1.995866
2.007531
2.017118
2.012546
2.018588
1.994859
1.995786
1.962682
1.974874
2.021458
2.009373
2.028181
2.020360
2.017025
2.019255
2.032252
2.019954
2.004598
2.006219
2.005946
1.985168
1.988373
1.993529
2.001535
2.008062
1.995924
2.001244
1.971926
1.965874
1.993505
1.986476
1.989792
1.997771
2.017410
2.017164
2.011666
2.033527
2.000112
1.987983
1.982387
1.979058
1.996678
2.000443
1.969482
1.970269
2.013023
2.016836
1.994673
1.994419
1.996460
1.995698
2.002882
2.028608
1.995825
1.999149
1.977416
1.997970
2.004000
1.996734
2.018629
1.999766
1.998570
2.004714
1.983295
1.984630
1.987456
1.973764
1.980007
1.969486
1.999668
2.006553
2.041180
2.010104
1.997932
2.003101
1.991409
2.001170
2.000800
2.010729
1.994157
1.985325
1.984252
1.984533
1.980332
1.988188
2.018956
2.011165
2.002710
2.002072
2.008985
2.013605
2.037229
2.044495
1.997282
1.998099
2.006579
2.002799
2.003162
1.997766
1.996103
1.985878
1.990937
1.985740
2.000905
2.007646
1.990017
1.980119
1.993320
1.987313
1.995860
2.003126
2.007763
1.988493
1.998052
2.002740
2.003446
2.002037
2.004701
1.995159
2.001469
1.998725
1.997795
1.999480
2.014160
2.010133
1.990218
1.995868
1.975392
1.993461
2.006060
2.008826
2.002179
2.001701
2.012244
2.012739
2.020466
2.038271
2.003743
2.017716
2.031667
2.018431
1.997008
2.000356
2.008326
1.998069
2.020836
2.027724
2.033510
2.040219
2.008874
1.998720
2.009537
1.985379
1.988688
1.993308
2.020064
2.013375
1.994031
1.992249
1.992962
2.016332
1.999207
2.007378
2.028618
2.021534
1.991298
1.980439
1.953380
1.989453
1.991830
1.984953
1.979347
1.986894
2.009320
2.019587
2.013131
2.010878
1.996126
1.990078
1.995916
2.016454
2.000797
2.002287
2.011897
2.006812
2.005349
2.015610
1.996346
2.011508
1.990211
1.986094
1.987041
1.986272
1.991237
1.993125
1.992392
1.997872
1.997431
1.992516
1.978791
1.973567
2.003165
2.011957
2.001337
2.010206
1.999911
2.004061
2.022894
1.999705
2.013736
2.023431
2.021931
2.019717
1.994666
1.999100
2.000505
2.002741
2.008366
2.025948
2.050784
2.019516
