1.996047
1.984586
1.993962
1.982584
1.987634
1.985180
1.977163
1.983644
2.021218
2.023469
2.035981
2.023844
2.001304
2.021409
2.008497
2.027760
1.997139
2.001988
2.013100
2.006509
1.995681
2.004872
2.014411
2.020100
2.007837
2.013987
1.985097
2.003282
2.004677
2.010048
2.047255
2.059716
2.000322
2.000493
1.981989
2.015949
2.003293
2.011627
2.002333
2.015815
2.004584
1.998316
1.989876
1.979279
1.998723
1.986631
1.985790
1.992680
1.992443
1.990002
1.974023
1.957859
1.980652
1.977734
1.991054
1.994711
2.004806
2.004902
2.015800
2.036323
1.991131
1.982747
2.003080
2.008357
1.989124
1.980262
1.970143
1.986290
2.015767
2.022025
2.017243
1.981038
2.004128
2.008181
2.009869
2.005594
1.992555
1.988360
1.970866
1.979997
2.023398
2.019215
2.041183
1.996726
1.993555
1.991983
1.981247
1.965881
1.996912
1.999552
2.015140
2.021854
1.984998
1.992150
1.994233
2.009875
2.000772
2.008277
2.030865
2.014198
1.984659
1.977812
1.951777
1.948391
1.988952
1.991454
2.011983
2.035304
1.987793
1.975862
1.954640
1.964066
2.009827
2.009122
2.005230
1.993104
1.995745
1.989013
2.007360
2.006080
2.003707
2.013844
2.042218
2.015997
2.008623
2.007874
1.983914
2.004232
1.989884
1.984300
1.987701
2.015286
2.000485
2.012221
2.013724
2.032885
2.000443
2.009879
2.017293
2.033132
2.012312
2.016158
1.991538
1.989388
2.008951
2.006593
2.049297
2.021462
1.998528
2.000939
1.994899
1.975947
2.014699
2.029533
2.019922
2.000422
1.999895
1.997190
1.990675
2.005825
2.000875
1.997905
1.970228
1.972636
1.987485
1.994286
1.998011
1.992389
1.992077
1.997098
1.999592
1.986431
1.990898
2.005220
1.979474
2.012642
2.004197
2.005050
2.015439
2.011559
2.012254
1.987418
1.968071
1.992068
2.005176
1.994934
1.988004
1.998051
1.977299
1.972422
1.993538
2.002539
2.014558
2.021570
2.022055
2.001889
2.004061
1.994347
1.969391
1.986900
1.987125
1.992578
2.012062
2.002895
1.996416
1.979152
1.956699
1.957833
1.992234
1.986399
1.987089
1.989202
2.012765
2.017274
1.994891
1.973659
1.997691
2.008036
1.985649
1.954255
1.989589
1.997516
1.998230
2.016125
2.000143
2.004393
2.001229
2.007858
1.992434
1.997928
2.020652
2.010088
1.978470
1.983808
1.984133
2.009863
1.998446
2.005959
2.000929
1.985561
2.012683
2.003627
2.028241
1.971021
2.001936
2.009705
2.030038
2.007268
1.999332
1.996555
2.006909
1.989128
1.991472
1.992834
2.005787
2.034439
2.011410
2.014825
2.021864
2.010088
2.010915
2.016640
2.011375
2.014076
2.000150
1.995917
1.991115
1.960884
2.010930
2.008865
2.011642
2.016128
2.016539
2.007084
2.036522
2.015347
2.013433
2.023686
2.002891
2.019008
1.983979
1.988983
1.986921
1.993129
2.011111
2.007297
2.026392
2.002475
1.998649
1.985857
2.020507
2.019070
2.011267
1.999611
1.987320
1.994979
1.983023
1.973556
1.974829
1.974271
1.995548
1.995663
1.965460
1.963783
2.000874
2.008290
2.019987
1.997238
1.994438
1.986394
1.950599
1.952064
1.997206
2.009720
1.988329
1.999755
1.996713
1.995931
1.985467
1.992157
2.004059
2.007620
1.993803
1.984153
1.985840
1.993520
1.976610
1.988821
1.989737
2.000175
1.981443
1.984649
2.005595
2.011806
2.015838
2.002380
1.998315
1.995210
1.976326
1.973304
1.980941
1.983611
1.974265
1.994944
2.003502
2.003641
2.011596
2.002213
2.003479
2.010406
2.018532
1.991826
2.001453
2.007797
2.012820
1.988738
2.001219
2.002892
2.018371
1.994053
1.990807
1.982916
1.991277
2.004292
2.012642
2.008466
2.018103
2.028875
2.001658
2.010461
1.966937
1.969372
2.000044
2.004525
2.007468
2.020483
2.006446
2.009002
1.984501
1.958103
1.996295
1.999655
2.020254
2.017729
2.001078
2.007433
2.019715
1.989735
2.003661
2.004579
2.007696
2.022048
1.997505
1.978425
1.962518
1.980307
1.992201
1.993577
2.013612
2.016084
1.992846
1.986664
1.995849
1.983520
1.997527
1.997547
2.009756
2.014946
1.993774
2.000882
2.011920
2.016853
1.992489
1.986073
1.992840
2.002570
2.010814
1.998156
2.027354
2.026365
1.998275
2.007393
2.031958
2.024419
1.990934
1.993364
1.997941
2.035116
2.004043
1.999199
2.006969
1.998499
1.982150
1.989237
1.990192
1.984935
2.014240
2.016130
2.009955
1.987333
1.997081
1.996342
2.002457
1.997384
1.996421
1.999307
1.965061
1.985564
2.000370
1.995053
1.982607
1.993303
1.999796
2.001501
1.995693
1.983234
1.993902
1.991703
1.983679
1.980777
2.000121
2.007338
1.998969
2.000352
2.002578
1.990052
1.984687
1.994041
2.001303
2.000453
2.013149
2.019757
2.012350
2.015532
2.022687
2.001210
2.009514
2.000625
2.011923
2.013349
2.006519
2.003898
2.015635
2.000227
1.998262
2.005508
2.005638
1.989133
1.988029
1.970848
1.946241
1.961549
1.994273
1.994885
1.989428
2.008839
1.980702
1.976585
2.008165
1.992681
1.993086
1.984428
1.981020
1.974429
2.011510
2.008879
2.004509
2.018217
2.008545
2.027856
2.027022
2.023530
1.987343
2.005746
1.991023
2.019745
1.999582
2.011736
1.998965
2.006942
2.000136
1.992417
1.993035
2.026444
1.989902
1.992995
1.962198
1.959856
2.007596
2.019206
2.035450
2.011391
1.999951
1.996690
2.014449
1.996001
1.988973
1.991804
1.983918
1.979181
1.999517
2.002742
2.003408
1.997240
2.000481
1.997089
2.016691
2.038676
1.996634
1.991838
1.983012
1.992514
1.991339
1.984434
1.975683
1.998980
1.988710
1.987928
2.000952
2.016480
2.009498
2.011315
2.012752
1.985160
2.011730
2.005897
2.015202
1.980405
1.996988
1.994920
2.001823
2.013988
1.981456
1.986838
1.995504
1.992979
2.001502
2.010971
1.988017
1.992903
2.015623
2.007403
1.984127
1.982640
2.011278
2.004605
1.994323
1.983995
1.993898
2.014251
2.032966
1.985352
1.984131
1.980321
1.958821
1.993513
1.995414
1.996716
1.965977
1.977299
1.997201
2.002082
1.998138
2.019568
2.003643
2.009141
2.016443
2.014370
1.992224
1.992541
2.036955
1.964966
2.004066
2.002944
1.987085
1.987299
1.986896
1.987559
1.990785
1.962324
2.007903
1.997905
1.993776
2.023288
1.991595
1.997091
1.993991
1.998618
1.999960
2.012498
2.006393
1.999483
2.007784
2.001050
1.993720
1.995425
2.018331
2.007040
2.009144
2.002217
2.001777
2.007593
2.032239
2.011257
1.992891
2.002134
1.997643
1.990844
2.001878
2.004260
2.007197
2.010700
1.995309
1.981500
1.925559
1.972531
1.982515
1.995020
2.023937
1.963611
2.012511
2.004449
1.991264
1.985964
2.007273
2.002268
1.997151
1.991949
1.999989
1.995906
1.965464
1.957332
1.984194
1.993450
1.982519
2.003509
1.993841
1.991236
1.979476
1.988386
2.011430
2.014422
2.030222
2.014264
2.006202
2.006925
2.041459
2.038635
2.002074
1.990130
1.990368
1.976699
1.994028
1.991415
1.991992
1.964549
1.999519
1.993845
1.979640
1.977186
2.016311
2.003755
1.991719
1.980290
1.992975
1.984126
2.000261
2.027195
1.981074
1.968357
1.930640
1.946248
2.004189
2.010064
2.014751
1.979818
1.992297
1.995205
2.001390
2.015221
2.005677
2.001562
2.009934
2.026061
2.004300
1.998086
1.997803
1.996453
1.999298
2.005398
1.994506
1.984077
2.011790
2.003603
2.015723
2.014644
1.987565
1.981770
2.011077
2.006376
2.011036
2.018004
1.980923
1.989169
1.988474
1.982458
1.970905
1.968107
1.997080
1.986628
1.974055
1.963126
1.989112
2.001991
1.997151
1.995920
1.990346
1.991485
1.994425
1.990465
2.002475
1.994106
1.962944
1.992949
2.016597
2.018235
2.005435
2.027340
1.989368
1.991195
2.011540
2.017186
1.987785
1.987098
1.979940
1.973185
2.001804
2.005177
2.005904
2.009454
2.002860
2.001308
2.007791
1.990242
1.996023
1.992872
1.967042
1.974202
2.004253
2.007263
2.011159
2.005682
2.001568
2.008987
1.987020
1.994476
1.995145
1.997674
2.009604
1.993985
1.991226
1.997473
2.005937
1.994124
2.000048
1.991987
1.983228
1.968784
1.974443
1.966153
1.964776
1.956046
1.992715
1.996303
2.007531
1.985957
1.996726
1.998794
2.005013
1.980875
1.989781
1.990816
1.991244
1.969655
2.011251
2.011673
2.009565
1.983667
1.994707
2.000336
2.008315
2.018786
2.018342
2.019025
2.029944
2.025684
2.022193
2.030334
2.054156
2.040717
2.019791
2.028841
2.020835
2.013917
2.005627
2.005284
2.000312
1.989566
2.001313
1.997796
1.978125
1.966280
2.015122
2.016088
2.011495
2.034563
1.999145
2.005037
2.012021
1.999069
2.001130
2.001820
2.006283
2.009870
1.996542
1.984816
1.998876
1.981917
1.998017
2.004627
2.008007
1.997739
1.997962
2.001588
1.978188
1.998256
2.000289
2.000265
1.991225
1.997740
2.011787
2.008535
1.971515
1.959519
2.013363
2.009321
1.976058
1.999623
1.998832
1.993472
2.014504
2.025322
1.998480
2.002526
1.988687
1.996847
2.012235
2.025437
2.008342
2.017616
1.993698
1.992088
1.954188
1.972544
2.004438
1.994325
1.991727
1.988558
2.011325
2.008046
2.024348
1.993421
1.996387
1.997389
2.008820
2.006722
1.998290
1.987028
1.963471
1.990408
2.012900
2.011828
2.032384
2.044031
1.996704
2.002752
1.992868
2.007961
1.991284
1.987983
1.953865
1.988223
1.997653
2.001586
1.999611
2.003261
2.000835
2.010075
1.999706
2.000166
1.996608
1.980844
1.995817
2.023158
2.003185
2.008025
1.978166
1.991294
1.999706
2.011058
2.021037
2.015204
2.011714
2.011832
2.018398
2.035859
2.006025
1.996828
2.031357
2.013381
1.991154
1.988218
1.996224
1.984617
1.995634
1.998591
2.014538
2.024309
1.994356
1.988884
1.957073
1.952805
1.991826
1.996205
2.021315
2.014709
2.004951
2.013849
2.008936
2.029382
2.004851
1.992276
1.977195
1.985413
2.000616
2.001556
2.035032
2.036311
2.011968
2.023250
2.028220
2.026519
2.007962
2.017834
2.011060
2.008290
1.997709
1.995278
1.992591
2.020173
1.991002
1.985380
2.013803
2.000404
2.008309
2.001733
1.999464
2.007371
1.989063
1.984220
1.948813
1.971193
1.990063
1.992621
1.989660
2.001159
1.987824
1.991948
1.978589
1.988307
2.015901
2.010183
1.995033
1.993181
1.990089
1.988175
1.994507
1.999371
2.002211
2.012420
2.020570
2.032947
1.992610
1.998612
2.003735
1.997168
1.981655
1.974877
1.925007
1.961242
2.008927
2.017664
2.001908
1.991809
2.002842
1.997326
1.991428
1.989494
1.999029
1.987237
2.000670
2.000964
2.013787
2.031455
2.033954
2.045504
2.011152
2.000424
2.001930
1.996601
2.002551
2.005050
2.011209
2.021209
1.991999
2.009342
2.033747
2.024518
2.001640
1.998593
2.015661
2.008031
2.005488
2.007033
1.975434
2.017925
2.002489
2.004380
1.984847
1.987122
1.997768
2.014782
2.025685
2.013837
1.998934
1.990803
1.979179
1.974735
2.005162
2.021638
1.996969
1.993427
1.996597
1.994914
2.011647
2.029221
1.997945
1.994607
1.978511
1.980924
2.011777
2.017417
2.015788
1.994929
2.009993
2.021424
2.042823
2.037435
2.004630
1.996690
1.988980
1.985101
1.996593
2.002588
2.027345
2.019688
1.988959
1.993294
2.003887
2.004143
2.013274
2.013735
2.013435
2.004711
1.990448
1.993800
1.990010
1.977991
1.992892
2.002645
1.995014
2.013319
2.001446
1.993325
1.999498
2.011675
1.996513
2.008022
1.993898
2.003506
1.997265
1.992862
1.982773
1.964079
2.004721
2.018902
2.011070
2.000696
2.007925
2.008517
2.003898
1.990988
2.014642
2.016960
2.019289
2.019369
1.999627
2.008202
2.011680
2.035483
2.002000
2.003033
2.005190
2.022621
2.000476
2.004820
2.030637
2.003070
2.013474
2.017617
2.028558
2.019122
1.994914
2.001102
2.004627
2.008887
1.997349
1.998571
1.980262
1.981233
1.999624
1.995254
1.986330
1.984041
2.002738
1.988586
1.943928
1.953697
1.993704
2.004699
2.003002
1.996254
2.007934
2.007925
2.003542
1.995702
1.977791
1.975925
1.949829
1.991012
2.006176
2.002111
1.988068
2.012431
2.010196
2.001919
1.996493
2.032886
1.986906
2.007125
2.030594
2.005854
2.004191
2.014149
2.056583
2.044815
2.005135
2.013506
2.034491
2.047835
2.007395
1.997020
2.004213
2.015231
1.999798
2.013067
2.000986
2.004455
2.001403
2.004909
1.998402
2.012011
1.989967
1.981388
1.991161
1.950731
1.985317
1.998528
2.000602
2.002767
2.008792
2.018940
2.055162
2.006465
1.992434
1.990546
1.972472
1.966783
2.007182
1.996398
1.995820
2.013519
2.008093
1.997453
2.015895
1.994739
1.999301
1.995678
1.994298
1.978632
2.015984
2.017236
2.038161
2.006782
2.014267
2.005554
1.995586
2.016241
2.001260
2.004886
2.025318
2.005286
1.979762
1.981925
1.989678
1.973099
2.010697
2.005012
2.012412
2.004644
1.993698
1.984363
1.974645
1.986938
1.997623
1.995023
1.975180
1.976957
2.000757
2.006061
2.046439
2.029149
1.990772
1.994148
1.986766
1.994795
2.010189
2.004702
2.012083
2.003070
1.998639
2.001593
1.998846
2.004247
1.992479
1.998915
2.014228
1.995921
2.000331
1.996974
2.008773
2.008620
1.992405
1.999270
2.000887
1.990576
2.013371
2.025684
2.025426
2.017437
1.992186
1.994908
2.006354
1.988289
1.987394
1.980855
1.980852
1.985489
1.992693
1.987287
2.003554
1.998221
2.013758
2.020240
2.025123
1.985442
1.993203
1.978482
1.989380
1.998518
2.011275
2.015181
2.056956
2.037443
1.999070
1.989650
1.957511
1.982250
2.000455
2.003787
2.001812
2.002652
2.015464
2.014331
2.014592
2.021857
2.003016
2.003399
2.022656
2.026687
1.994049
2.003467
1.990367
2.001730
2.008559
2.001842
1.991508
2.000335
2.011200
2.006279
2.009464
2.012375
2.007037
2.017238
2.010100
1.998162
2.021396
2.026594
2.040107
2.037535
2.006090
1.994934
1.994895
2.012204
2.000509
2.000691
2.029620
2.001604
2.003875
2.012491
2.001151
1.993556
2.002151
1.996675
2.015896
1.992589
2.009304
2.007592
2.002248
2.024413
1.996184
1.980626
1.961337
1.990145
2.009155
2.019027
2.028312
2.011621
1.991719
1.990487
1.996920
1.995366
2.000686
1.998074
2.000723
1.996312
2.003419
2.015979
2.021254
2.017569
1.981802
1.976046
1.955767
1.968953
1.994452
1.995729
1.990526
1.996817
1.991673
1.990786
1.996583
2.003257
2.012289
2.016168
2.016558
2.007158
1.996137
1.998777
1.989508
1.990654
1.984363
1.983124
1.962537
1.967373
1.986960
1.984454
2.020211
2.016795
1.991319
2.005348
2.018679
2.055597
2.004781
2.007710
2.002108
2.006780
2.006237
2.016953
2.047113
2.033916
2.010015
2.000806
2.012918
2.020018
1.984596
1.981002
1.984089
1.999499
2.004798
2.013873
2.022190
2.008447
1.997245
1.998325
1.977140
1.953076
2.010494
2.023441
2.042380
2.057284
1.996687
2.017395
2.041853
2.025376
1.993629
1.987183
1.982591
1.994126
2.001920
2.002437
2.003736
1.993561
1.987775
1.985472
1.995723
1.994495
1.981976
1.989126
1.975027
1.976267
1.981774
1.975224
1.952502
1.974906
2.007637
2.022669
2.031302
2.009932
1.995077
1.997098
1.976775
1.987176
1.985668
1.984860
2.006444
2.000095
2.014285
2.009755
2.018565
2.005353
1.995985
2.010406
2.004819
2.003928
2.009202
2.009535
2.017015
2.019454
2.009953
2.014524
2.006138
1.987293
2.002872
1.997906
1.992436
1.985440
2.002582
2.021535
2.022057
2.012534
2.003342
2.000930
2.002813
2.018785
1.997016
1.999560
1.972072
1.978064
2.010365
2.006730
1.979139
2.006052
2.010747
2.024638
2.029852
2.027155
2.003117
2.010667
2.025034
2.001547
2.000684
2.011819
2.023780
2.009514
1.995971
2.003330
1.976920
1.975251
1.991295
1.993546
1.975005
1.954113
1.988167
1.981176
1.994205
2.023493
1.984236
1.983060
1.935202
1.962596
1.999570
2.017531
2.026218
2.021304
2.017807
2.022157
1.993302
1.989797
2.002448
2.012108
1.992441
2.026894
1.988587
1.985032
2.006465
2.006644
1.994147
1.995303
1.993458
2.019398
