1.995838
2.001356
2.017528
2.028300
2.019992
2.051154
1.992358
1.993691
2.006672
2.002413
1.990762
1.966598
1.995838
2.001089
2.016996
2.027815
2.019989
2.051447
1.992321
1.993428
2.006519
2.002189
1.991201
1.968371
1.994422
1.998409
1.990715
1.993846
1.989927
1.985992
2.020620
2.037168
1.994871
1.997923
1.990841
1.979577
1.994210
1.998418
1.990682
1.994102
1.989431
1.986056
2.020620
2.037168
1.995369
2.001000
1.994798
1.982226
1.990117
2.001169
2.015200
2.014283
2.006518
2.032696
1.988202
1.995739
1.986547
1.978926
1.984030
2.013991
1.989524
1.999788
2.007707
2.007414
2.000807
2.030320
1.987937
1.995824
1.986582
1.979222
1.983685
2.013928
2.006407
2.008426
2.030369
2.018014
2.012472
1.975380
2.009916
2.016757
2.034993
2.023335
2.014102
1.993915
2.005397
2.007233
2.030219
2.021318
2.015047
1.980373
2.009188
2.015305
2.033887
2.022886
2.014609
1.993645
1.991571
1.994333
2.000853
2.012951
2.006039
2.004401
2.004296
2.021948
1.983184
1.982935
1.990365
1.980725
1.991571
1.994310
2.001663
2.013402
2.004750
2.005107
2.004054
2.021847
1.982956
1.982553
1.989785
1.979753
1.987857
1.969601
1.950833
1.970238
1.975586
1.996835
2.008224
2.012425
2.011971
2.014695
2.012600
2.025761
1.989192
1.971305
1.953704
1.973443
1.976188
1.996780
2.008629
2.012682
2.013013
2.015573
2.014063
2.029099
1.984278
1.973344
1.979258
1.967050
1.967380
1.985220
2.002466
2.010479
1.998783
1.998568
2.001233
2.025517
1.983057
1.972052
1.978524
1.967559
1.968124
1.984810
2.001898
2.009563
1.998423
1.997034
1.999111
2.021649
2.006304
2.029266
2.025509
2.028113
2.028580
2.009508
1.992882
1.997622
1.989386
1.976968
1.992399
1.982593
2.005832
2.029413
2.025807
2.027574
2.027995
2.007568
1.992259
1.995776
1.985749
1.976648
1.991348
1.984163
1.995226
1.998806
1.990891
2.005496
2.002515
2.021020
1.992718
1.988554
1.977112
1.990548
1.990912
2.012851
1.994906
1.997635
1.989215
2.008328
2.006015
2.019595
1.992718
1.988560
1.976931
1.990572
1.990939
2.012707
1.990321
1.990072
1.985987
2.003540
2.001140
2.010253
1.985676
1.981021
1.967877
1.996332
2.002778
2.007171
1.991131
1.990973
1.987319
2.002499
2.002334
2.009102
1.986568
1.982956
1.971472
1.999665
2.004447
2.007491
2.011735
2.015168
2.002540
2.003731
2.002582
2.002493
2.006953
2.009946
1.993699
2.000144
2.002027
2.006124
2.012188
2.015763
2.007229
2.003294
2.002141
2.000266
2.007585
2.011197
1.994895
2.001465
2.001664
2.007367
2.003474
1.998008
2.009936
1.991423
1.994480
1.991021
2.014669
2.013281
1.973902
1.993547
2.001676
2.006075
2.003233
1.998243
2.011968
1.990114
1.993071
1.987495
2.014669
2.013281
1.973902
1.993958
2.002172
2.007098
1.992591
1.989739
1.972706
2.002419
2.005574
2.010896
2.007869
2.011916
2.013564
2.024302
2.007304
1.999690
1.993378
1.991276
1.978432
2.003815
2.006289
2.012696
2.007546
2.011522
2.010507
2.021507
2.005778
1.998901
1.997988
2.002160
1.988318
1.986242
2.005846
2.013976
1.997176
1.996616
2.006051
1.973118
1.975568
1.980260
1.997988
2.002160
1.988399
1.986220
2.005879
2.014515
1.997176
1.996628
2.006004
1.973075
1.974795
1.978868
2.002412
2.004559
2.013486
2.034972
2.010551
1.960427
1.993291
1.988943
1.969825
1.971389
1.991908
1.999625
2.002412
2.004559
2.013363
2.035234
2.010961
1.961844
1.993291
1.989004
1.970312
1.972403
1.991661
2.000086
2.010710
2.009612
1.983757
1.994022
2.006755
1.999469
1.993406
2.005504
1.996803
2.008529
2.008387
2.009765
2.010331
2.008986
1.984125
1.991916
2.005359
1.999557
1.991938
2.004542
1.994579
2.006104
2.006282
2.011204
1.991090
1.997301
2.022930
1.977942
1.995702
2.019315
2.001330
2.004459
2.006012
2.010976
2.023127
2.028547
1.991377
1.999038
2.025967
1.977079
1.993906
2.018479
2.001330
2.004459
2.006179
2.010335
2.022309
2.028285
2.013730
2.017041
2.020238
2.002303
2.012293
1.987791
2.025005
2.035778
2.028400
2.030295
2.000377
1.981737
2.013981
2.017220
2.020090
2.001443
2.012096
1.988037
2.025402
2.036175
2.027734
2.027763
1.997137
1.979780
1.991565
1.991723
1.964751
1.996816
1.994959
1.991039
2.012033
2.019806
2.024206
1.986025
1.984908
1.993875
1.991529
1.991976
1.964569
1.998250
1.996639
1.995498
2.012033
2.019704
2.024206
1.986103
1.985086
1.993487
1.991107
1.987871
2.015602
2.029139
2.031644
2.030247
2.003992
2.013632
2.023007
2.021982
2.020151
2.005815
1.990711
1.987519
2.014200
2.030290
2.032890
2.033141
2.003883
2.012983
2.022602
2.022073
2.021548
2.008215
2.002219
1.996942
1.994745
1.976694
1.998875
1.984296
2.000919
1.997936
2.011466
2.017721
2.001164
1.988137
2.003086
1.998491
1.996284
1.976658
1.999678
1.985674
2.000411
1.997073
2.009668
2.017655
2.002332
1.988727
2.006765
2.021820
2.003694
2.012665
2.018775
2.012993
2.012867
2.013916
1.984123
1.985065
1.989809
1.999729
2.006927
2.021743
2.003583
2.013067
2.017349
2.009012
2.013570
2.014304
1.985042
1.986397
1.989000
1.999380
1.991390
1.988318
1.973385
1.961428
1.972504
1.987444
1.994818
2.014785
1.988753
1.962118
1.987551
2.003124
1.990437
1.987609
1.973745
1.961120
1.973216
1.988891
1.994818
2.014785
1.988753
1.961957
1.986984
2.003687
1.992044
1.987436
1.977950
1.952160
1.965076
1.991588
2.003682
1.998995
2.016878
1.976012
1.974752
1.986166
1.990718
1.985934
1.975114
1.948004
1.962140
1.987350
2.003682
1.998995
2.017353
1.976080
1.974704
1.986190
2.004983
2.000376
1.996240
2.005265
2.006224
2.009643
1.996269
1.995391
1.978151
1.980914
1.999482
2.014321
2.004668
2.000048
1.995576
2.004936
2.006058
2.008790
1.996269
1.995391
1.978311
1.980415
1.999416
2.013064
1.998318
1.997306
1.963019
2.005449
2.018386
2.012260
2.003447
2.014401
2.019702
2.019565
2.012711
2.025554
1.997666
1.996842
1.964283
2.006024
2.016851
2.011639
2.003447
2.014667
2.019907
2.021672
2.013581
2.025925
1.999346
2.001276
2.016898
2.007415
2.007633
2.011689
1.979822
1.991162
1.977460
1.992798
2.007968
1.990916
1.999237
2.000987
2.015965
2.006706
2.006827
2.010327
1.979571
1.991624
1.977238
1.993086
2.009271
1.990332
1.998402
1.992563
1.987730
1.983319
1.989352
2.000990
2.021455
2.010752
1.993752
2.005757
2.004969
1.998564
1.998457
1.992007
1.987213
1.984623
1.989047
2.001348
2.021430
2.011056
1.994661
2.005137
2.004345
1.996937
2.021492
2.022786
2.023483
2.032682
2.020413
2.014633
1.990522
1.990825
1.959102
1.983860
1.990353
2.012259
2.021590
2.023011
2.023215
2.032682
2.020652
2.014821
1.990781
1.990824
1.959102
1.983971
1.990810
2.011107
1.992611
1.987934
1.984639
1.990986
1.984751
1.989003
2.008512
2.013929
2.041560
2.042026
2.031575
2.059516
1.993952
1.988501
1.990053
2.002181
1.994280
1.990690
2.007897
2.012618
2.038560
2.037772
2.029132
2.062010
2.007668
2.008015
2.000252
2.016229
2.017564
2.013080
2.010059
2.016756
2.014907
2.012849
2.022065
2.040006
2.007668
2.008015
1.999824
2.015848
2.017372
2.012896
2.010392
2.018107
2.016587
2.012535
2.021915
2.041131
1.999009
1.998191
2.004574
2.027824
2.019701
2.007994
2.017973
2.013954
1.987271
1.992638
1.994561
2.001059
1.998634
1.997271
2.004247
2.027524
2.019474
2.010225
2.017864
2.013954
1.987293
1.992057
1.994549
2.001145
1.998764
2.007664
2.027315
2.027847
2.025612
2.015141
1.999626
2.007527
2.030251
2.047830
2.035315
2.026140
1.998799
2.007227
2.027052
2.028797
2.024123
2.014639
1.999379
2.007067
2.027386
2.044065
2.032227
2.021516
2.000635
1.999981
2.008528
2.002512
2.005246
2.034602
2.005674
2.001988
1.955610
1.998515
1.994305
1.998132
2.000226
1.999983
2.008261
2.002611
2.005241
2.034250
2.005828
2.002304
1.957110
2.000495
1.995551
1.997537
2.007924
2.014644
1.966675
1.988792
1.985863
1.986176
2.011356
2.011877
2.023232
2.020700
2.004485
1.988149
2.007628
2.014282
1.965287
1.986671
1.984845
1.982983
2.011383
2.011910
2.023752
2.021139
2.003496
1.987833
2.001233
2.009461
2.011615
2.025465
2.022797
2.006129
2.002365
2.020716
2.012547
2.006355
2.000404
1.997023
2.000339
2.007663
2.010334
2.024448
2.022441
2.004279
2.002608
2.020720
2.013248
2.007678
2.000224
1.994529
1.994391
1.988581
1.984007
1.974846
1.975997
1.991236
2.001404
2.006043
2.001086
1.982483
1.981955
1.997366
1.994391
1.989095
1.985035
1.976393
1.977305
1.989476
2.002496
2.006697
2.004248
1.984152
1.982706
1.995611
2.011464
2.006081
2.025048
2.037247
2.029561
1.997395
1.995963
1.996419
2.005426
2.015816
2.000803
1.977206
2.011254
2.006111
2.023276
2.036538
2.031845
2.004700
1.996267
1.996896
2.006170
2.014352
1.998568
1.976400
2.011661
2.020351
2.007560
2.012140
2.015092
2.045627
1.985184
1.986457
1.974287
1.996087
1.993128
1.984494
2.012041
2.022639
2.011171
2.015553
2.018048
2.048807
1.985250
1.986677
1.973938
1.994342
1.991937
1.982099
2.010710
2.016566
2.037186
2.016404
2.002499
1.995831
2.015887
2.007530
2.025229
2.012811
2.026952
2.022469
2.010406
2.015945
2.035590
2.017890
2.004149
1.997501
2.015887
2.007530
2.025229
2.012846
2.027333
2.022721
