2.010620
1.999680
1.985807
2.012545
2.000946
1.995603
1.995059
1.991365
1.997535
2.000076
1.971929
1.961938
2.007799
2.016466
2.002754
2.005799
2.001401
1.994754
1.966244
1.982639
2.003057
1.994778
2.008324
2.019343
1.988918
1.984716
1.981088
1.974553
1.996685
1.979258
1.987772
2.017814
2.004209
2.006600
2.030068
2.014335
2.006012
2.013796
1.994679
1.990312
2.007151
2.017417
2.045412
1.998098
2.017027
2.017725
2.006201
2.026996
1.994900
1.985581
1.972580
1.986585
2.004869
2.006601
2.019867
2.005420
2.001816
2.001536
2.007991
2.012437
2.015579
2.018059
2.028847
1.989058
2.000146
1.994175
1.956804
1.967314
2.013801
2.017772
1.988519
1.990973
2.004374
2.013068
2.019964
2.027877
1.997451
2.002641
2.031543
2.024139
1.989570
1.979582
1.975001
1.997400
2.001845
1.994975
1.983799
1.972996
1.991351
1.996292
2.004043
2.000310
2.001153
1.989469
1.972656
1.990275
1.999804
2.017478
2.057312
2.026743
2.001775
2.006980
2.016040
2.015059
2.008264
2.004842
2.006904
1.982948
1.996689
1.995412
1.987858
1.992321
1.994984
1.990031
1.988939
1.974934
2.006058
1.995121
1.980856
2.007946
1.997458
1.999088
2.025019
2.009219
2.005609
2.002476
2.002511
1.994593
1.979443
1.993710
2.015995
2.028462
2.020765
2.016215
2.021411
2.032437
2.000937
2.015063
2.031624
2.019936
2.011822
2.014827
2.064066
2.052444
1.998533
1.986236
2.000632
1.980567
2.008987
2.007928
2.024534
1.995911
1.987686
1.990450
2.012059
2.018075
1.999829
2.003524
1.999886
1.996490
2.004080
2.016936
2.013174
2.013191
2.017801
2.015387
1.990875
2.011635
1.987140
1.991560
1.974840
1.963599
1.992845
1.991764
2.008290
2.014477
2.007571
2.004737
1.990346
1.995724
2.002959
1.992749
2.000694
2.008019
2.005250
1.995349
1.987443
1.987833
2.010162
2.019107
2.010963
1.972465
2.006813
1.997394
2.019897
2.050994
1.996589
1.995715
1.959138
1.950835
2.000243
1.988173
1.971671
1.996834
1.996752
2.005121
1.989829
2.006912
2.014998
2.024489
2.028158
2.031717
2.001433
1.997079
2.005244
1.978893
1.999327
2.015720
2.012009
2.023922
1.986513
1.985759
1.966195
1.972296
2.001027
2.004598
1.971747
1.980819
2.003714
2.011555
2.014413
2.001564
2.002704
1.991257
1.967682
1.982483
2.001662
1.995207
2.003601
2.019736
1.984044
1.978301
1.952980
1.971947
1.993462
1.994213
2.012036
2.024410
2.013788
2.009574
2.023027
2.018779
2.002163
2.006427
1.991257
2.012553
2.000325
2.010522
1.992113
1.984569
2.011759
2.004066
2.019629
2.029369
2.002701
2.003894
2.034416
2.039242
1.998976
1.988901
1.984358
1.983132
1.992938
1.993459
1.982237
2.000793
2.003750
2.002178
2.029614
2.031208
1.994687
2.010806
2.037055
2.022355
2.007025
1.998516
1.992886
2.002257
1.995944
1.998071
1.982233
1.998843
2.001428
2.006961
1.993872
2.014794
1.981480
1.959602
1.923367
1.946648
1.976627
1.974316
1.954118
1.959598
1.995723
1.993003
2.000476
2.011960
2.002756
2.007547
2.016782
2.016283
1.983849
1.982001
1.997124
1.941307
1.982091
1.977670
1.960676
1.987090
1.996692
2.007875
1.996500
1.995829
2.003195
1.999228
1.992129
1.990114
1.995840
2.008253
2.037318
2.030998
2.006902
1.999707
1.986410
1.992974
1.993835
2.001380
2.001053
1.969521
2.001249
1.999096
1.991561
2.010263
1.994184
2.007587
2.026492
2.020525
2.000254
2.014096
2.027441
2.006542
1.999770
1.997206
2.018233
2.006161
2.012910
2.023943
2.005381
2.019372
1.997866
2.009809
2.024566
2.004835
1.995960
1.991493
1.979621
1.970887
1.997575
1.997211
1.943964
1.978653
1.988044
1.993457
1.961826
1.999161
1.992067
1.992023
1.996485
1.985662
2.000921
2.018879
2.023432
2.017556
2.009116
2.019467
2.043318
2.043385
2.017650
2.020807
2.040086
2.011287
1.992586
1.998083
2.013397
2.024278
1.996827
1.988506
1.993296
1.989033
1.994006
1.995413
1.995863
1.967696
1.990709
1.992446
1.991390
1.974306
2.001434
2.000642
2.003098
1.999534
1.994444
2.012441
2.021374
1.990838
1.981677
1.980182
1.967029
1.981095
2.005358
2.010371
2.008675
2.015314
2.000835
2.015125
2.005297
1.993428
2.008188
2.014709
2.018157
2.023780
1.999638
1.994774
1.997051
1.985737
2.011373
1.998727
2.014080
2.015178
1.992473
1.996256
1.985345
2.003979
2.000554
2.007333
2.034587
2.003357
2.002226
1.996096
1.956732
1.943399
1.989654
1.976571
1.979390
1.967537
2.008798
1.998596
2.024018
2.007720
2.001204
2.007108
2.019132
2.017379
2.003155
1.992728
1.949013
1.955580
2.018315
2.008762
2.015043
2.006057
2.001621
2.019908
2.005237
1.993767
1.993470
1.996879
1.984146
2.002991
2.004394
2.009722
2.038026
2.030416
2.009088
2.002940
1.995995
2.024299
1.995551
1.994952
1.973524
1.987697
2.001098
2.022568
2.010392
2.025079
2.008164
2.003705
1.992045
2.002849
1.983892
1.992662
1.974655
1.969909
2.003952
2.019524
2.004669
2.004520
2.008495
2.017201
2.040369
2.068945
2.001310
2.001366
1.980708
2.012201
1.997577
2.014071
2.006477
2.011097
2.015767
2.014239
2.015578
1.995918
1.990934
1.987371
1.970828
1.968687
2.007367
2.001830
1.970513
1.984864
1.979787
1.978127
1.996698
1.998637
2.007616
2.000554
1.992233
2.011231
1.997246
1.991225
2.013247
2.005896
2.010221
2.004932
1.998154
2.009156
1.993140
1.991093
1.970044
1.999183
2.004900
2.011354
2.015303
2.005717
2.001152
2.000048
1.986329
2.000572
1.995207
1.978862
1.985931
2.008182
1.997234
1.995358
1.979115
1.979118
2.014905
2.014204
2.005265
2.026091
1.985289
1.993906
1.996950
2.015130
1.992533
1.973322
1.996410
1.980354
1.978327
1.983925
1.976348
1.994031
1.990302
1.998931
2.014211
1.995367
1.980653
1.985783
1.960408
1.979935
2.008986
2.008210
2.000081
1.988857
2.000328
2.005941
2.010137
2.024220
1.995795
1.980152
1.974150
1.974643
1.992113
1.987577
1.982334
1.979390
1.992096
1.977234
1.956160
1.966771
2.000419
2.012958
2.013370
2.033227
2.003911
2.008243
2.008374
1.998150
2.007014
2.019018
2.005762
2.026339
2.000772
1.988837
1.956525
1.982810
2.001042
2.009202
2.023721
2.000494
2.017129
2.030871
2.022872
1.996832
1.981099
1.987768
1.968877
2.004457
2.002043
2.001368
1.996620
1.985122
2.005552
2.001301
2.000410
2.009149
2.003917
1.999956
2.006430
2.004986
1.991135
2.006259
1.983586
2.014963
1.998060
1.998916
2.034371
2.029768
1.998761
2.002512
1.986366
1.982798
1.993833
1.997395
2.030194
1.999997
2.004744
2.008657
2.044076
2.012251
2.013442
2.019821
2.021604
2.001057
1.981126
1.977065
1.978064
2.001129
2.000013
2.003880
1.995931
1.982325
2.008744
2.019095
2.031758
2.012694
1.997229
1.995298
1.971344
1.988033
2.011757
2.013812
1.992329
1.972133
1.990921
1.992064
1.982393
1.984044
1.998906
1.988920
1.988385
1.989608
1.995140
2.000125
1.997093
2.004071
1.994137
1.998713
2.004935
2.029250
1.977713
1.981642
1.981363
2.006936
1.989876
1.992029
1.998236
2.009771
2.006436
1.998878
1.992650
1.994413
1.990183
1.986997
2.016909
2.019045
1.983387
1.979849
1.994215
1.996003
1.991655
1.991196
2.002608
2.030431
1.996187
2.008214
2.017670
2.020707
1.993306
1.999258
2.000094
2.010134
1.984543
1.980837
1.988105
2.008412
2.003367
2.006553
2.022321
2.010017
2.015753
2.006364
2.033889
2.011750
2.002242
1.994045
1.989167
1.993663
2.010456
2.010755
2.012680
2.028252
1.992611
1.985844
1.986197
1.991459
1.991239
1.983543
1.956109
1.953414
2.009600
1.999753
1.988024
1.995836
2.003699
2.010124
2.044860
2.004242
1.996366
1.998867
1.987670
1.997921
2.005969
2.020371
2.030526
2.000777
1.989974
1.994817
2.007497
2.005174
1.998129
2.007731
1.986276
1.999527
1.999847
1.993798
1.998763
2.008375
2.003565
2.001120
2.006765
2.008949
2.007990
2.008548
2.011754
2.015635
2.009586
2.012994
2.033093
2.029659
2.005442
2.012667
2.015097
2.003920
2.011988
2.006032
2.008967
1.986641
2.000708
1.985646
1.994942
2.015913
1.996193
1.996938
1.968514
1.978040
1.983901
1.974201
1.996965
1.994100
2.001799
2.009045
2.013671
1.988737
2.000425
1.988518
1.994727
1.957000
2.001010
1.997022
1.983511
1.968218
1.994990
1.999930
1.973559
1.968090
1.986132
1.976725
1.989826
1.978141
2.000449
2.005374
2.010965
2.021297
2.007087
2.001977
1.991897
1.976963
2.006000
2.009999
2.012667
2.007830
2.011898
2.015890
1.995592
1.992884
2.009977
2.024394
2.016189
1.985003
1.999510
1.980696
1.962453
1.980165
2.008732
2.018324
2.021892
1.999437
2.005237
2.006968
2.012818
1.999859
1.988579
1.976167
1.983681
1.974524
2.006251
1.996412
2.005255
1.998872
1.992215
1.986979
1.996843
2.005868
2.001925
2.007073
2.020107
1.985983
1.997635
1.993915
2.013755
2.012283
2.017793
2.009915
2.003570
2.006506
1.996102
2.001860
1.991635
1.980972
1.980651
1.987924
1.989838
1.981399
1.993666
1.984212
1.956024
1.979745
1.995365
1.999727
2.004046
2.013407
1.990475
1.980818
1.993722
1.984787
2.004175
1.998105
1.992834
1.988446
1.999480
2.002353
2.000217
1.987476
2.004772
2.019848
2.041517
2.014639
1.981948
1.995941
2.004016
1.984805
1.988943
1.994544
1.974977
1.994735
1.998133
1.990622
1.992019
2.007914
2.012253
2.015647
2.021659
1.999649
2.002218
2.011316
1.989867
2.001854
1.999453
1.991793
2.023542
2.008913
2.019236
2.027048
2.033484
2.036796
1.998145
2.015723
2.016945
2.018740
1.995054
1.993882
1.986821
2.004965
2.011689
2.012454
2.020764
2.024158
2.005200
2.008072
1.989933
2.005085
1.990185
1.980060
1.956039
1.992570
1.988511
1.991073
1.990234
1.999250
1.985812
2.003439
1.988021
2.021227
2.001892
2.012650
2.019249
2.024503
1.988260
1.985031
1.990332
1.977684
2.004983
2.016226
2.000806
2.013230
2.002558
1.998930
2.004697
2.012609
1.999876
1.995405
2.012709
1.989634
1.997230
2.008849
1.994518
2.029177
1.996418
1.996327
1.991779
1.964071
1.999762
2.004358
2.022189
1.996782
1.993384
2.001941
2.002148
2.019592
1.991454
1.984740
1.976444
1.994794
1.998371
1.996135
1.973368
1.974741
1.999878
1.990932
1.991528
1.976230
1.978319
1.971296
1.968101
1.999205
1.995545
1.995500
1.999547
1.998822
1.978602
1.984274
1.997354
1.996547
2.005310
2.006367
1.985068
1.992246
1.984652
1.994481
1.995025
1.975041
2.001426
2.013270
2.014773
2.013039
1.997437
1.989058
1.989233
2.021916
1.982580
1.979914
1.955600
1.989284
2.016542
1.998918
2.022884
2.027011
1.991202
1.995592
1.991241
2.019024
2.001261
1.997762
2.026365
2.017403
2.009344
2.006866
2.013829
1.988105
2.005954
2.005824
1.988307
1.991519
2.006129
1.999435
1.961615
1.989852
2.025045
2.021385
2.005488
1.999540
2.006114
2.014704
2.027295
2.009109
1.983255
1.973492
1.976162
1.981831
2.007849
2.002879
1.996056
2.000841
1.993887
2.009082
2.007664
2.010410
1.996469
2.002760
2.012021
1.981023
1.984604
1.976646
2.006840
2.004834
2.012521
2.014060
2.042820
2.039335
1.997304
1.984991
1.928217
1.971815
1.976157
1.966538
1.933373
1.950775
2.007134
1.999544
1.998573
1.985884
1.988270
1.978731
1.978596
1.984747
1.998943
2.006562
2.028073
2.037162
1.984583
1.993727
1.983625
2.003949
2.001285
2.007046
2.034094
2.046474
2.008190
2.010919
2.019191
2.013682
1.992634
1.991709
2.022211
2.023324
2.003940
2.000109
2.015177
2.022970
1.995136
1.991086
1.994418
1.968402
1.992885
1.980872
1.990974
1.993561
1.999478
2.004763
2.007875
1.986691
1.998062
1.998475
1.970622
1.985032
1.996565
2.000193
2.018249
2.010256
2.004255
2.009793
2.016881
1.977763
2.001939
1.996958
2.003172
1.983041
1.995665
2.001879
1.993796
1.983620
2.020777
2.014196
2.028792
2.028693
2.001511
1.999512
2.003924
1.985056
2.010077
2.004300
2.019769
2.014634
1.999139
2.002325
2.011413
2.009785
1.993512
1.995453
1.990244
1.945635
1.996859
1.994679
2.018148
2.007572
1.990227
2.002159
1.979855
1.958872
1.988610
2.002055
1.994583
1.995758
1.997499
2.000186
2.002303
2.008087
2.014961
2.005006
2.016595
1.972996
2.014320
2.016508
2.019396
1.989379
2.004969
1.995104
1.988485
2.009790
1.987166
1.988442
1.982184
1.971973
1.995207
1.998885
2.027704
2.006567
2.001430
2.018615
2.040009
1.984774
1.982636
1.981459
1.990890
1.994680
2.001132
2.010994
1.995989
1.956055
2.001604
2.009065
1.989905
1.997930
2.012403
2.004819
2.010534
2.018035
1.996089
1.983498
1.991157
1.988555
1.985327
1.993439
2.007630
2.010210
1.987106
1.988692
1.987771
1.979732
1.993615
1.998421
2.011732
1.990126
1.996380
2.001116
2.020083
1.988048
2.000199
2.012587
2.032039
2.021058
1.994385
1.990963
2.030018
2.022669
2.006970
2.011303
2.038257
2.030236
2.017634
2.020552
2.034005
2.019931
1.993288
1.981252
1.960763
1.976883
2.001572
1.990608
1.977607
1.973259
1.996403
1.998894
1.973330
1.966512
1.992456
1.993388
2.006640
1.999441
2.017453
2.017550
2.014076
2.035808
1.985313
1.985298
2.006535
2.028077
1.988790
1.980616
2.003739
2.012597
2.002854
2.001639
1.985154
1.982539
1.986802
1.995000
1.998280
2.018359
1.997199
2.001349
1.981168
2.000683
2.004115
2.009060
2.031257
2.021994
2.018833
2.016358
2.030213
1.987097
2.007152
2.006595
2.015882
2.026408
1.989826
2.003549
2.014894
1.998508
1.999804
2.003930
1.992495
1.997599
1.994656
2.006266
2.025732
2.020338
1.983461
1.976934
1.947634
1.943313
1.996190
1.995464
1.994016
2.001792
2.001940
1.989303
1.996448
2.016808
1.996563
1.996693
2.003120
2.002842
1.997952
1.998994
2.021416
2.023995
2.003845
2.004762
2.031104
1.996933
2.014103
2.002955
1.977164
1.972649
1.992920
1.983303
1.946855
1.962970
1.997680
2.002263
2.005166
2.005051
1.998478
1.998053
2.008527
1.995847
2.008866
2.010973
1.988878
1.985570
1.997202
1.995757
2.002733
2.000156
2.004386
1.996599
1.993298
1.982492
2.014452
2.014244
2.020302
2.036855
1.997556
1.999458
1.977640
2.000868
2.004222
2.001858
1.990349
1.979410
2.003417
2.023083
2.051905
2.027351
1.992344
1.978098
1.983148
1.985224
1.989095
1.994449
2.020813
2.014341
2.000874
1.991985
2.007419
2.023988
2.010233
1.989563
1.967198
1.984255
2.004622
2.019013
2.015638
2.002595
2.004732
2.009358
2.023283
2.022403
2.008497
2.018971
2.011586
2.010015
1.991728
1.990581
1.989197
2.009727
1.985372
1.995687
2.025199
2.008539
2.003358
1.995861
1.967168
1.969825
2.002312
2.010213
2.036642
2.024547
1.991425
1.994229
1.992663
1.998418
2.003528
2.011428
2.030808
2.007591
1.991339
1.998214
2.004682
2.016035
2.021077
2.024768
2.028236
2.016772
1.996723
2.001756
2.025904
2.005246
1.994246
2.000297
2.003419
2.001128
2.009623
1.995165
1.987659
1.973135
2.011582
2.004492
2.016143
1.970824
2.001072
2.010503
2.006683
2.016610
2.002182
1.994821
1.991449
1.975349
2.012544
2.029553
2.031623
2.045379
1.981722
1.980051
2.004693
2.023989
2.008065
2.018383
2.011556
2.014192
1.989799
1.971810
1.967479
1.959614
1.993848
1.997380
1.988010
1.978401
2.004542
2.005722
1.972926
2.016599
2.006406
2.003493
1.948767
1.991734
1.988205
1.993630
2.003680
2.007443
1.981696
1.997310
2.013447
2.013794
1.989765
1.980647
1.964020
1.986613
1.996174
1.992339
2.008163
2.032343
1.999711
2.001834
1.996414
1.998964
1.999967
2.003137
1.969032
1.966370
1.990736
1.984687
1.929922
1.958218
2.002760
2.021614
2.027336
2.036457
1.995864
2.002415
2.028356
2.021674
1.985263
1.994943
2.001244
1.975262
