2.005093
2.003187
2.011877
2.014175
1.991344
1.992387
1.993123
1.972044
1.987375
1.981403
1.957113
1.959662
1.996916
1.984346
1.929179
1.972443
1.996172
1.984766
2.005665
2.011614
2.000704
1.986137
1.994484
2.018752
2.000022
2.014305
2.003514
1.993917
1.994877
2.003648
2.027532
2.023254
1.984606
1.994499
1.984871
2.003878
1.997303
1.991236
1.997077
1.995490
2.002237
1.999605
1.991475
1.977913
1.999825
2.006507
2.034863
2.002818
1.981975
1.972365
1.956504
1.960120
1.995132
1.991567
1.995179
1.966808
1.992853
1.989720
2.006754
2.027200
2.006144
2.006786
2.009056
2.006045
2.002377
1.992542
1.947965
1.955382
2.013498
2.018507
2.032355
2.037198
2.003810
2.009717
2.017537
1.980066
1.991226
1.988849
1.994812
1.995879
2.004136
2.005385
2.015500
1.993687
2.008171
2.003032
1.994299
2.021532
1.995624
1.988270
1.983908
1.992155
2.009556
2.003368
2.020623
2.015147
1.991785
2.000383
2.009412
1.989753
1.998261
1.993287
2.013913
2.011573
2.003224
2.019096
2.002111
2.003033
1.996872
2.009392
2.021151
1.994909
1.989541
2.002960
1.996638
1.997105
2.005831
2.021426
2.051116
2.025732
1.995431
2.000410
2.004398
2.013756
1.991519
1.988378
1.972430
1.971495
1.986530
1.985119
1.971610
1.974321
1.987468
1.989108
1.983694
1.972973
1.985941
1.994329
2.008081
2.002832
1.981546
1.995812
2.001177
1.986693
2.012526
2.008468
2.002262
2.011208
1.991866
1.988163
1.992254
1.995800
2.001664
2.009259
1.990420
1.999023
2.016885
2.016566
2.023423
2.015688
1.999631
1.990983
2.022246
2.004274
1.998870
1.997522
1.978981
1.979100
1.991939
2.004576
2.025728
2.039111
1.993398
1.997639
2.007663
1.987923
2.005746
2.007278
2.010734
2.018974
2.003231
2.006870
1.991849
2.010467
1.991233
2.000479
2.015055
1.997119
1.994054
1.994614
2.012068
2.017363
2.017784
2.020138
2.031790
2.019845
1.989023
2.002542
2.012219
2.007002
1.988710
1.985822
1.990966
1.979085
1.990331
1.985271
1.978384
1.977405
2.007984
2.012368
2.007316
1.998354
2.018089
2.018106
2.013244
2.033153
2.003078
2.000470
2.006876
1.991600
1.994994
1.994614
1.986819
1.963263
2.000455
1.989422
1.959868
1.985087
1.988022
1.977679
1.953066
1.956849
1.996840
2.001587
1.980987
2.001801
2.002624
2.005819
2.024472
2.022211
2.003778
1.994966
1.999592
1.981780
2.006296
2.003660
2.004414
2.011265
2.000847
2.004195
2.008372
2.014419
1.998484
2.003653
1.991292
2.001900
1.994097
1.995959
2.008232
1.963414
1.984280
1.994832
1.992402
1.974225
1.994112
1.998081
2.029362
1.997933
2.020866
2.009093
2.027259
2.018997
1.997238
1.997433
2.006238
2.000253
1.999382
1.994468
1.980413
2.013831
1.988568
1.992545
1.989098
2.019035
2.007610
2.017806
2.030411
2.011521
1.994737
1.986282
1.990718
1.998013
1.998834
2.003687
2.004683
2.004180
2.000979
1.999784
2.014906
2.039180
2.023926
2.021463
2.006834
1.999423
1.997007
2.000739
1.997402
2.002128
1.996026
1.995066
1.999069
2.024013
2.014285
2.013988
2.021352
2.039363
1.992836
1.997941
2.011185
2.034959
1.992441
1.997896
1.999503
1.976945
1.991270
1.988258
2.018403
2.020509
1.999799
2.006439
2.039893
2.010484
1.988562
1.994156
2.021621
2.014353
1.992118
1.977940
1.964454
1.975144
2.006527
1.999770
1.997730
1.985860
1.983677
1.980655
1.986326
2.009024
2.008571
2.013206
2.037122
2.044120
2.010067
2.020002
2.012571
2.011663
2.001482
1.993625
1.981726
1.989869
2.006526
2.008403
2.009286
2.008511
1.991442
1.983282
1.987046
1.992593
1.993748
2.002073
2.008799
1.991911
1.990733
1.993411
1.993239
1.997694
1.991812
1.988087
1.997634
2.007189
1.998391
2.003720
2.006778
1.990285
2.005066
2.020104
2.032689
2.002172
2.005649
2.009587
1.998368
1.997988
1.994191
2.000001
2.003882
2.000932
2.012128
2.016801
2.052330
2.031914
1.994508
2.000508
1.992314
1.979689
2.008801
2.009784
2.012477
2.015774
2.007732
1.997285
2.009452
1.984997
2.011983
2.029117
2.031603
2.044115
1.994835
2.001498
2.014063
2.029174
1.994973
1.996978
1.994991
1.947760
1.995078
1.997355
1.964152
1.976313
1.991010
1.985120
1.983620
1.990528
2.004998
2.005445
1.972860
2.019255
2.004922
2.023327
2.043541
2.027147
2.014160
2.005115
2.018307
1.979555
1.995781
1.999886
1.972694
1.969097
1.989641
1.985674
1.986548
1.984440
1.995690
1.993302
2.008174
2.029599
1.996874
2.006054
2.008302
2.004229
2.000433
2.017801
2.037689
1.983553
2.013662
2.018495
1.999104
1.995960
2.015357
2.024636
2.024538
2.020033
1.996323
2.002088
2.027912
2.021153
2.002684
2.011321
2.047427
2.026222
1.994672
1.980758
1.987121
1.984515
1.988735
1.975792
1.981395
1.970010
1.995388
1.996681
1.994430
1.982106
2.003157
1.992695
1.996082
2.012078
2.001139
2.016499
1.993323
2.007144
1.997950
2.008110
2.031242
2.019466
2.017664
2.010106
2.003938
2.006649
2.007721
2.014299
1.990035
1.971933
2.014988
2.017051
2.020794
2.018057
1.998065
2.011348
2.000921
2.047110
2.003646
1.993763
1.978160
1.969115
1.989990
1.980077
1.992768
1.984502
2.000194
2.007831
2.010996
2.009879
1.994177
1.999110
1.998182
2.004436
2.009029
2.015776
1.988020
1.983143
1.987925
1.978990
1.999364
2.009279
1.990732
1.996791
1.978948
1.996446
1.995962
1.996305
2.016346
1.994275
2.005684
2.005458
2.000927
1.995704
2.003986
2.010413
2.009500
2.007253
2.017228
2.014129
2.028931
1.986009
2.020125
2.027813
2.032935
2.037574
2.021968
2.023232
2.034966
2.025279
2.002438
2.011433
2.056738
2.046044
2.010145
2.004205
2.009591
2.002389
1.983091
1.978769
1.950363
1.944428
1.991620
1.981000
1.955449
1.992370
2.005849
2.013885
2.052712
2.065976
1.989395
1.983549
1.992143
1.953839
1.991982
1.987076
1.966049
1.982305
2.003997
2.006875
2.036181
1.999156
2.005906
2.017416
1.999286
2.011908
1.993296
1.989145
1.966327
1.955459
2.006836
1.998507
2.014298
1.993998
1.988366
1.994935
2.032614
2.017301
2.007684
2.008980
1.985214
1.985476
1.999839
2.004563
2.022407
1.995044
2.013450
2.020554
2.016518
1.977241
1.979318
1.981208
1.986940
1.969763
2.008471
2.008849
1.994003
1.980666
2.004044
2.001273
1.988406
1.981954
1.976171
1.968925
1.965118
1.997012
1.991244
1.994415
2.007502
2.010570
1.991686
1.993353
1.984258
1.986205
1.996383
1.994002
2.018170
1.994436
2.009963
1.988295
1.965819
1.983731
2.000795
2.011405
2.012932
2.013124
1.991204
1.980617
1.964433
1.975538
1.989273
1.994785
2.000112
1.987607
1.997861
1.990417
1.988354
1.981365
1.987247
1.997182
2.027548
2.011346
2.001018
1.998285
2.023406
2.007370
1.988711
1.982656
1.994994
2.022622
2.015225
2.021859
2.026508
1.989166
2.009352
2.017354
1.997580
1.989785
1.992055
1.999258
2.006401
2.018956
2.005462
2.011874
2.025925
2.001627
1.996345
2.000223
1.993469
1.973440
2.016244
2.015649
2.014083
2.026444
1.985477
1.984077
1.997842
1.983945
2.010199
2.001908
2.012148
1.974074
1.985277
1.976707
2.007566
2.001529
1.992854
1.998456
1.999264
1.987988
2.005746
2.015015
2.007073
1.993722
2.002693
2.003926
2.022124
2.012345
2.008951
2.018847
2.011608
2.015221
1.988878
1.980163
1.981233
1.986291
1.978720
1.975088
1.990867
2.005307
2.003373
1.998546
2.019447
1.994130
2.006486
1.998319
1.997454
1.988989
1.986683
1.992025
1.999888
2.005776
1.991668
1.991750
2.020871
2.021352
1.988702
1.983206
1.983699
1.979239
2.000438
1.995534
1.985428
1.987450
2.004876
2.000816
2.006272
2.023933
1.997103
2.000671
1.968784
1.967650
1.999119
1.999413
1.970859
1.992425
1.998405
2.001672
2.021864
2.016664
2.010398
2.014674
2.015403
2.009817
1.996447
2.000335
2.021738
2.003721
1.998180
2.002042
1.984871
1.984129
2.019939
2.012424
2.025918
2.026458
1.995492
1.994050
2.003672
1.986880
2.004376
2.006826
1.998396
2.006541
2.002439
2.000430
2.012233
2.008358
1.984955
1.985334
1.978055
1.981902
1.996472
1.993797
2.017689
2.006922
2.012420
2.009417
2.014755
2.018360
1.998238
1.998681
1.978268
1.954725
1.991181
1.988792
1.982425
1.979854
1.991199
1.986581
2.000860
2.008391
2.014020
2.016013
2.018998
1.989091
1.996907
1.984608
2.021532
2.019055
1.987088
1.984216
1.996293
1.993405
1.998778
1.992948
1.986754
1.967502
1.997874
2.000210
2.012226
2.013074
1.983714
1.981825
1.992596
1.993890
1.996757
1.990002
1.954541
1.957187
1.985965
1.985485
2.007202
2.003150
1.996167
2.004764
2.010400
2.019492
1.996990
2.001221
2.012498
2.001050
1.984991
1.992726
2.008512
2.011647
1.989590
2.000084
1.986270
1.987952
2.000653
1.998185
1.991548
1.985086
1.995283
1.998579
1.982281
2.015523
1.999465
2.008727
2.032209
2.024471
1.995457
1.992147
2.032222
2.023643
2.002284
2.012893
2.023425
1.994753
2.009613
2.024144
2.030133
2.021376
1.997270
1.994167
1.998389
1.991736
2.000296
2.001875
2.013203
2.012365
1.996004
1.998637
1.974403
1.966978
2.001663
2.011214
1.962755
1.967260
1.987537
1.981535
1.994927
2.024769
2.008316
2.020534
2.004758
2.013684
2.005507
2.014544
2.002211
2.009218
2.003559
2.001932
1.984603
1.981157
2.003545
2.005292
2.008927
2.021404
1.989792
1.986278
2.006418
2.009039
1.993493
2.000312
1.992683
1.987455
2.001028
1.993770
2.007243
1.998235
2.007222
2.006118
2.015820
2.026809
1.993163
2.000777
2.016284
2.025969
1.990444
1.991000
1.981477
1.984477
1.996840
2.004615
1.977883
1.994971
1.987491
1.975745
1.976507
1.976358
1.994860
1.994044
1.991142
1.999495
2.004272
1.999996
2.012353
2.000949
2.002215
2.002395
2.023880
2.022297
1.999882
2.002910
1.969771
1.997994
1.999882
1.996012
2.001433
2.025116
2.013883
2.003180
1.979998
1.974495
2.002283
1.999022
1.987702
1.992802
1.997491
1.987443
1.999588
1.982035
1.986915
1.985970
1.968726
1.965867
1.999507
2.004698
2.010163
1.996522
1.998501
1.996297
2.004262
2.001931
2.003497
2.003078
2.020455
2.025532
1.990280
1.985046
1.980813
1.993487
2.004733
2.001636
2.004310
2.016079
2.004442
1.998793
1.986255
1.969408
2.004456
2.024580
2.053410
2.027902
1.986869
1.966652
1.942817
1.958566
1.991379
2.000022
2.040154
2.049695
1.988107
1.990828
1.999991
2.000040
2.012675
2.009995
1.986981
1.977805
2.003980
2.018770
2.014728
2.000095
2.008449
2.029389
2.029460
2.023992
2.003708
1.996845
1.973616
1.989336
1.993933
1.990536
2.007784
1.987150
1.996391
1.999967
1.992601
2.017593
2.002789
1.993804
1.966984
1.971463
2.006651
2.018566
2.036688
2.011466
1.998457
1.986968
1.994775
2.000489
1.990472
2.006291
1.978251
1.996499
2.011360
1.995757
1.994702
2.018101
2.020994
2.024099
2.024881
2.017309
1.999769
1.995374
1.984585
1.987278
2.003504
1.993689
2.000868
1.999912
1.995996
2.006268
2.007827
1.975619
1.997126
2.003899
2.030515
2.015448
1.998687
2.007789
2.004897
2.017220
1.993846
1.995580
2.003010
2.013486
2.000803
2.004320
1.995986
2.020398
1.993985
1.999296
2.027449
2.021946
2.010118
2.005913
1.994166
1.993362
1.990408
1.974290
1.964453
1.957597
1.991287
2.012077
2.031599
1.988075
2.007201
1.997234
1.983156
2.004684
1.993757
2.003622
1.978261
1.996319
2.008540
2.008919
2.023282
2.008974
1.982245
1.998651
2.015738
2.014225
1.989801
1.990585
2.033499
1.965743
1.999967
2.011971
2.015409
2.014906
2.013095
2.005352
1.987831
2.012426
2.019668
2.009804
1.993650
1.972097
1.990087
1.985408
1.932607
1.958089
2.000476
2.013101
2.003113
1.999371
1.995332
1.992048
1.975491
1.984356
2.003913
2.006868
2.011738
2.015879
2.008145
1.999088
2.003502
2.027375
1.990431
2.000547
2.005142
2.003267
2.001883
2.004839
2.007979
2.012706
2.002767
2.013449
2.051237
2.025435
1.992142
2.002051
2.001565
2.009118
2.005387
2.011761
1.974870
1.978247
1.994916
1.988145
1.951827
1.960242
2.000443
1.996649
1.967015
1.960906
1.988096
1.983820
1.978682
1.959937
2.004448
2.012835
2.008234
1.991026
2.002180
1.997377
1.957498
1.975425
1.982696
1.980828
1.964857
1.989525
2.000488
1.985391
1.985754
1.977205
1.994605
1.990760
1.975966
2.008500
2.009094
2.017243
2.017494
2.009027
1.997860
1.997776
1.999121
1.980303
2.011910
2.004092
2.016716
2.012180
1.982942
1.972844
1.936087
1.950695
2.013714
2.023312
2.000232
2.012469
2.011710
2.005801
1.979211
1.978374
1.993469
1.998782
2.008214
1.994376
1.997677
2.003318
2.026909
2.031755
2.001245
2.008477
1.996683
1.982437
2.012015
2.012776
2.036347
2.034474
1.988812
1.983276
1.988052
1.975856
1.990008
1.992040
1.989357
1.962306
1.994507
2.002765
1.978092
2.006868
1.996744
1.983573
1.972867
1.967356
1.986278
1.988082
1.992577
1.989790
2.000875
1.983052
1.977850
2.005753
2.020453
2.029110
2.033274
2.017356
1.995108
2.004165
2.027098
2.031323
1.990351
1.992464
2.017171
2.016502
2.001590
2.007420
2.036862
2.042221
1.999810
1.993025
1.992198
2.019648
2.004812
2.008540
2.009450
2.007399
1.999770
1.992053
2.015372
2.002264
2.006215
2.007372
2.019453
2.012930
1.992307
1.999788
2.000060
1.990336
2.002085
2.010657
2.017179
2.008744
2.011392
2.010713
1.971696
1.951169
2.008129
2.016797
1.980961
2.010889
1.974304
1.965131
1.964881
1.955824
1.993990
1.990923
1.994951
1.976876
1.992090
1.997988
2.008331
2.007165
1.997304
1.999747
1.956016
1.975131
2.010117
2.017023
2.029235
2.022976
1.993530
2.000458
2.007356
2.020927
1.998573
2.007777
2.035283
2.028685
2.017207
2.019048
2.019839
1.991946
2.008833
2.007799
2.040452
2.053413
2.005812
1.997395
1.975878
1.997282
1.997735
1.994340
1.976231
1.968300
1.999822
1.993263
2.008982
1.994500
2.003195
2.008332
2.019363
1.995035
2.002529
1.991176
1.998814
2.023473
2.014226
2.028863
2.037006
2.022146
1.996921
2.005333
2.009085
1.997122
1.989904
1.995248
2.012264
2.031391
2.000123
2.011772
2.002295
1.982485
1.991264
1.988332
1.994076
1.981452
1.999416
2.001730
1.990286
1.997556
1.996979
1.994722
2.022718
2.033933
1.989080
1.994519
1.986596
1.999156
1.994110
1.990142
1.989187
1.978148
2.000503
1.982824
1.982286
1.994716
1.997833
1.994238
1.994358
1.983773
2.010748
2.008559
2.023876
1.991348
1.995878
1.993192
2.004714
1.989021
1.988745
1.982257
1.983474
2.003345
1.994996
1.989648
2.007358
1.994855
2.009077
2.015709
2.015456
1.994534
1.992867
1.992175
1.965112
1.995856
1.995903
2.009049
2.003944
2.003635
1.982797
1.972994
1.967459
1.957098
2.013335
2.005191
1.985224
1.988240
1.992987
1.995334
2.018656
1.997182
1.999719
2.011945
2.021929
2.023614
2.005525
2.013722
2.017732
1.966480
1.982510
1.993251
1.995101
1.987795
2.006587
2.015676
2.006874
2.000574
1.994284
2.010138
2.019196
2.013966
1.994825
1.989795
1.959726
1.950144
2.014222
2.025635
2.022774
1.990642
2.005689
1.998989
2.009452
1.995990
2.003343
2.003630
2.001837
2.021195
1.986792
1.994239
1.953457
1.976606
2.012973
2.025536
2.030935
2.033303
1.996664
1.994227
1.990233
2.005834
1.994770
1.998997
2.000484
2.009933
1.998685
2.019406
2.026350
2.024197
2.001351
2.000459
2.014229
2.037217
1.988618
1.984914
1.950389
1.972067
1.994884
1.996250
1.999444
1.972344
2.004526
2.003070
2.028539
2.012711
2.006593
2.014525
2.007028
1.990178
2.003360
2.012796
1.992893
2.004630
2.001360
2.013999
2.016933
2.031850
1.992627
1.982524
1.981117
2.032329
2.011692
2.002695
2.012436
2.017005
