2.020147
2.020297
2.044258
1.999908
1.992411
1.999836
1.996774
1.986757
2.000120
2.004374
2.009821
2.013179
2.011205
2.008239
2.037972
2.032059
1.991533
1.992248
2.012158
2.001768
1.986008
1.985005
1.958460
1.953148
2.006513
2.003374
2.000689
2.002520
2.018538
2.007764
2.022592
2.012466
2.008150
2.013481
1.996132
1.993647
1.996056
2.002850
2.004715
2.032090
2.004024
2.007995
2.030559
1.996275
2.007933
2.007622
2.040846
2.029212
1.993968
1.984583
1.988382
1.997810
2.008943
2.021282
2.035434
2.047019
1.991499
1.991586
2.012535
2.027721
2.009727
2.011585
1.981827
1.975827
1.991920
1.983714
1.999422
2.027420
1.997459
1.994879
2.000645
2.026570
1.997826
2.001952
1.988140
2.003510
1.998779
1.997837
1.997783
2.021632
2.002115
1.999426
1.978194
1.980973
2.003400
1.997102
1.994308
1.993164
1.998914
2.006180
2.043986
2.010890
2.001609
1.984744
1.966761
1.971579
1.993883
2.000034
1.971516
1.986167
2.012442
1.988306
1.962159
1.983875
1.987001
1.981086
1.969754
1.969283
2.007782
2.010194
2.035442
2.041853
2.002654
2.008301
1.975578
1.966652
1.983973
1.986447
1.967170
1.981021
1.984308
1.993278
2.022130
2.007463
2.018634
2.017795
2.010271
2.025806
1.996031
2.003746
2.010696
1.992265
1.996848
2.003718
1.956038
1.967904
2.000772
2.011387
2.012402
2.014166
1.990874
1.995808
2.000568
2.015811
1.999184
1.994371
1.961913
1.970540
2.006611
2.011571
2.000154
1.999348
1.991928
2.006821
1.997514
2.018221
1.992561
2.005406
2.009656
1.984983
2.012550
2.002686
2.019900
1.976646
1.999426
1.991032
1.983806
1.971839
2.007366
1.997168
2.007152
1.981040
2.003737
2.011498
2.031958
2.000706
2.018278
2.020927
2.028120
2.005513
2.006944
2.014469
2.014797
2.014853
2.010170
2.009062
2.010151
1.982993
1.993846
1.987215
1.983874
1.985492
2.009362
2.012323
2.015463
2.028100
1.994181
1.995633
1.991221
1.993490
1.981819
1.986375
1.990497
1.994633
2.005110
2.002832
2.003516
1.996209
1.989618
1.985072
1.987457
1.980296
2.004079
2.007375
2.014845
1.993664
2.022022
2.029296
2.042240
2.014869
1.999135
2.002541
1.972341
1.968533
1.997580
1.986413
2.001522
1.983584
2.014694
2.024497
2.022757
2.019793
1.980494
1.991891
1.981857
1.994846
1.998100
1.993644
1.998916
1.965741
2.004667
2.007878
1.990115
1.988914
2.016009
2.014201
1.986189
2.006871
1.996559
1.998920
1.997488
1.982860
2.003013
2.012725
2.026803
2.043652
1.994657
2.004997
1.998449
2.008354
1.982629
1.986327
1.978229
1.993632
2.006108
1.996720
1.989491
1.990327
2.008815
2.015323
1.992394
1.974241
1.989321
1.978771
1.978298
2.013383
1.993293
1.993907
1.988959
1.990980
1.990346
1.983008
1.995071
2.006378
1.997554
2.004036
1.987110
2.006135
1.998064
2.004559
2.008149
2.006364
2.009478
2.012420
2.013121
2.009356
2.003208
1.988128
1.987819
1.992666
1.998866
2.000109
2.014613
2.016673
2.001835
2.005714
1.976133
1.989303
1.996170
1.997449
2.021511
1.999030
1.984589
1.979853
1.951041
1.948532
1.997659
1.998847
1.987915
1.995520
1.996567
1.995020
2.003888
1.998672
1.992400
1.994015
2.008819
2.024822
2.023235
2.025805
2.039914
2.025265
2.006897
2.016531
2.003182
2.007547
1.989031
1.989261
1.999604
1.977647
1.998526
2.004723
2.028690
2.021843
2.000471
2.001178
2.035058
2.035475
2.005539
2.010858
2.047178
2.059897
2.005296
2.005768
2.028213
2.012423
1.994098
2.002190
2.005122
2.016479
1.997921
1.995620
2.002856
2.003834
2.008938
1.999958
1.995089
2.001711
1.992483
1.988294
1.967581
1.956575
2.004757
2.006009
2.021235
2.002151
2.019212
2.018126
1.975611
1.971924
2.000631
2.007648
1.998562
2.010147
1.992089
1.989542
1.996896
2.004374
2.014087
2.020739
2.018941
1.980611
2.003833
2.012588
2.019011
2.025378
1.987431
1.986038
1.991602
2.017318
2.003262
1.999896
2.009848
1.996196
2.004967
1.999260
1.991047
1.993880
1.994468
1.996872
2.011544
2.015417
2.000965
1.990234
1.974023
1.990748
1.997335
1.983658
1.980532
1.981154
1.989708
1.977846
1.970487
1.972643
1.993670
2.006130
2.025542
2.019222
1.990026
1.978132
1.958151
1.970222
1.994357
1.988750
1.988028
1.973839
2.003607
1.998060
2.013918
2.019332
1.999751
1.992975
1.994633
2.025439
1.993935
1.990044
1.977518
1.976415
1.988888
1.982057
1.995221
2.021519
2.021293
2.016545
2.022237
2.032435
2.004584
1.997183
2.022153
2.005363
2.000346
2.005029
2.012412
2.000354
2.009603
2.021248
2.044781
2.039678
1.997617
2.001280
1.997397
1.978062
1.987423
1.990479
2.011605
2.012778
2.012491
2.029905
2.041593
2.030206
2.007833
2.007933
2.004267
1.974876
1.992023
1.992845
1.987154
1.973988
1.993202
1.998655
1.999126
1.985765
1.993120
1.990537
2.002472
2.011904
1.985272
1.988320
2.017115
1.984683
2.014593
2.006398
1.980391
1.973200
2.004681
2.018930
2.009018
1.997268
1.979476
1.975566
1.993758
2.005874
2.005307
1.995948
2.021798
2.048951
2.018450
2.020654
2.030811
2.017891
1.996032
2.000650
1.994752
2.017057
1.999084
2.005091
2.032229
2.004643
1.992208
1.986355
1.986339
1.982572
2.002532
1.998188
2.006833
1.982828
2.014124
2.030281
2.040194
2.022334
2.010875
1.997148
1.991789
2.021149
2.002587
1.991711
1.950662
1.957184
1.994923
1.996703
2.017542
2.013059
2.001945
1.990882
1.966787
1.981452
1.994428
1.993211
1.986644
1.996727
1.999892
2.006777
2.034153
2.012897
2.010683
2.007167
2.001156
2.028823
1.996649
1.994729
2.005017
1.988327
2.002593
2.008691
1.995081
2.014609
1.992247
1.990794
1.981798
2.007612
2.012682
2.006427
1.995524
1.985934
2.002718
2.016298
2.003370
2.006831
2.009917
2.008241
2.012112
2.015281
1.993176
1.994262
1.983716
2.001307
1.978790
1.970322
1.969781
1.985751
2.014742
2.015995
2.040507
2.024406
1.990132
1.987225
1.968427
1.968398
1.996996
1.982561
2.018526
2.016178
2.001032
2.005911
1.993302
2.014704
2.003429
2.004175
2.017749
1.987059
2.015452
2.003088
1.995193
1.978307
2.008323
2.001539
1.994860
2.012085
1.995000
1.987483
1.953732
1.956204
1.984382
1.981665
1.997378
1.943076
1.994845
1.990645
1.993664
1.990274
2.007948
1.997466
2.008239
2.026804
1.995618
1.993827
1.969527
1.971843
1.989206
1.998971
1.981974
1.985653
2.007197
1.999560
1.983429
1.994998
1.993417
1.987805
1.989624
1.993107
2.008279
2.015142
1.975157
1.984616
1.991855
2.000163
2.013332
1.996758
2.003116
2.011934
2.024218
1.996293
1.999389
1.997002
2.017533
2.005790
1.995639
1.999832
1.983529
1.986138
1.999316
1.993764
1.958470
1.982823
1.989910
1.983275
1.982172
1.983059
2.002946
2.012003
1.967778
1.969365
1.988455
1.993759
1.960087
1.998685
1.998296
2.000199
1.979157
1.988766
2.000939
2.004383
2.009105
1.991277
2.001579
1.990366
1.957133
1.984553
2.004079
2.004634
2.011157
2.022392
1.988442
1.994911
2.005587
2.021619
1.989775
1.987948
1.976184
1.992333
1.990535
1.994255
2.003755
1.985451
2.008008
2.004836
2.000234
2.012105
1.992668
2.000216
2.012312
2.022782
1.994760
2.013132
2.022571
1.994274
1.999953
2.004693
2.035345
2.050657
1.991061
1.994208
1.986389
1.955580
1.996275
1.999757
2.031014
2.003172
2.003753
1.998496
2.010271
1.997750
2.000018
1.996112
1.995686
1.985353
2.010108
2.013745
2.025549
2.006137
2.024482
2.035123
2.034240
2.026481
2.008911
2.017722
2.029959
2.010730
2.001581
1.997664
1.985784
1.994167
1.990406
1.977470
1.980835
1.967233
1.988344
1.998649
2.004373
2.019331
2.005670
2.009747
2.008208
2.006996
1.996678
1.999008
1.992757
1.998125
2.000941
2.000629
2.014498
2.020654
2.000294
2.019167
2.003429
1.993510
1.991061
2.002593
1.996229
2.026622
2.008800
2.006845
1.969930
1.952644
1.989445
1.987825
2.016902
2.017173
1.986224
1.967591
1.943173
1.959779
2.002286
2.023508
2.010090
2.026069
1.989377
2.000407
2.025984
2.036797
1.999091
1.996577
1.956014
1.965825
1.984165
1.980047
1.985501
2.002910
2.009991
2.029407
2.031376
2.024848
2.000757
2.001042
1.983459
2.016476
1.990890
1.983190
2.002310
1.988182
2.009737
2.009132
2.039947
2.052099
1.991231
1.985518
1.983800
1.989571
2.007120
2.017578
2.034660
2.010361
1.980628
1.979624
1.996223
1.998927
1.996756
1.990779
1.994469
1.996279
1.999556
1.984613
1.993171
2.020499
2.005122
2.019198
2.027261
2.001306
1.998836
1.993359
1.983675
1.987028
2.003670
2.008417
2.011841
2.005666
1.990605
1.987848
1.959910
1.964539
1.993762
1.991069
2.004080
1.990968
2.006989
2.007312
2.014511
2.022235
1.993666
1.994556
2.003127
2.013599
1.984897
1.992425
1.994650
2.007986
2.012129
1.999810
2.008886
2.001512
2.000561
1.983807
1.981164
1.992925
1.998289
1.999994
1.975740
1.981390
1.989829
2.010144
2.031981
1.987428
2.009417
2.008824
2.001268
1.989592
2.005143
2.006382
2.029776
2.000590
1.993709
1.986523
2.014794
2.001776
1.994283
1.999789
1.974970
1.971100
1.992277
1.991796
2.035684
1.966555
2.000028
2.011630
2.012619
2.032392
2.008913
2.020278
2.029087
2.014685
2.011862
2.003937
1.987496
1.988214
2.014656
2.020069
1.991962
1.986793
2.001621
2.012150
2.003382
1.996265
2.015183
2.029301
2.020756
1.997885
2.006548
2.001553
2.000968
1.982962
2.009402
2.018771
2.011943
2.000258
1.989392
1.978609
1.983712
1.976060
2.003491
2.004067
2.005036
2.008628
1.990348
2.004715
1.979748
2.013664
2.012987
2.018308
2.048762
2.017363
2.001737
2.006152
2.012660
2.016723
2.019573
2.010937
1.999743
2.002571
1.999248
1.994920
1.960410
1.957039
2.013364
2.019712
2.021907
1.999861
1.998565
2.001241
1.990273
1.977461
1.996157
2.015588
2.024440
2.019893
1.989319
1.977468
1.990766
1.980220
2.000363
1.985661
1.987672
1.978377
2.011859
2.015051
1.992866
1.971690
1.987985
2.000884
2.015515
1.988888
2.010127
2.016443
2.018212
1.997473
1.991675
1.998073
1.980774
1.992716
1.984030
1.972670
1.938740
1.952889
1.977972
1.982438
1.981169
2.004725
2.005490
2.002742
2.020193
2.011129
2.013876
2.010364
2.010129
2.007182
2.018993
2.026595
2.030717
2.031145
2.000579
2.007215
1.997480
1.987203
1.991602
1.991612
2.002552
2.029798
1.998080
2.004011
2.016237
2.009863
1.995766
1.987356
1.967967
1.956862
1.993317
1.982923
1.959443
1.994222
1.996454
1.984986
1.971047
1.961652
2.016046
2.006718
2.034472
2.013628
2.003345
2.010781
2.002868
2.015778
2.000651
1.999953
1.997921
2.013085
2.005058
2.017540
2.002938
2.017663
1.990011
1.991342
2.015416
2.017221
2.010688
1.999301
1.987616
1.995307
2.005063
2.004222
2.013931
2.034780
1.998965
1.993889
1.991200
1.982662
1.999696
2.002355
2.016149
1.991908
2.004305
2.006113
2.013725
2.009309
1.997534
2.008892
1.987920
2.000560
1.993259
1.989465
1.971246
1.979769
2.010300
2.000349
1.990214
2.015980
1.979538
1.973579
1.968823
1.998249
1.973193
1.964537
1.961705
1.954843
2.005857
2.012380
2.014023
2.002781
2.002398
2.010603
2.033031
2.013837
2.005594
1.995170
2.006897
2.016300
1.999321
2.012119
2.013960
2.009253
1.994267
2.001919
2.009293
2.020630
2.000272
2.006256
2.010470
1.986500
1.995793
1.988063
2.006005
2.005126
2.008635
2.016585
2.042605
1.997182
2.002621
1.999979
2.025057
2.012973
1.999361
1.994623
1.975582
1.965542
2.000663
2.005387
2.009252
2.019931
2.000655
2.010734
2.019269
2.034090
2.015919
2.017100
2.028820
1.989731
2.006062
2.013162
2.027202
2.008662
1.998115
2.005739
2.010679
1.999053
1.999613
1.980838
1.964229
1.981457
2.000079
1.997491
1.988579
2.003054
1.992713
1.981681
1.976321
1.993262
1.982801
1.974393
2.003337
1.998256
1.997873
1.995751
2.021829
2.030824
1.992538
1.986384
1.995119
2.004984
2.005585
2.006093
2.016288
2.013105
2.001692
2.007362
2.011604
2.011483
1.984872
1.972722
1.956186
1.973667
2.010607
2.009090
2.021391
1.990242
1.982751
1.990161
1.990646
1.983025
2.004741
1.995168
1.972055
1.986313
1.994203
1.997397
2.016542
1.998308
1.993463
1.991144
2.019521
2.022198
1.992832
1.990649
1.958229
1.989508
1.999349
2.002520
1.998563
1.987204
1.997667
2.007641
1.985980
1.953903
2.011289
2.014020
2.060514
2.046484
1.997072
1.997538
1.973715
1.990943
1.998953
2.010498
2.015379
2.015781
2.012125
2.014803
2.021472
2.000620
1.999734
2.008030
2.003090
1.988030
2.000458
2.012288
2.004927
2.009106
2.020684
2.014880
2.029819
2.028125
1.994009
1.988733
1.958151
1.951576
1.994000
1.993765
1.988976
2.006980
2.009936
2.014991
2.023102
2.013871
2.002706
1.990147
1.991846
2.001868
1.997658
1.995335
2.019339
2.006435
2.012093
2.025304
2.027379
2.030491
1.985971
2.003900
1.986867
2.019903
2.014368
2.024681
2.004772
2.021631
1.997631
1.984303
1.966778
1.993732
2.015727
2.017589
2.027864
1.992890
1.988940
1.984371
1.950414
1.971368
2.000017
1.996054
2.012661
1.992711
1.982643
1.973177
1.972004
1.973475
1.983464
1.981145
1.956368
1.968355
1.979069
1.976681
1.986952
1.992152
2.002653
2.015274
2.020593
2.035284
1.991201
1.984922
1.976328
1.996593
1.997823
1.997394
1.987122
1.991466
1.980969
1.976849
1.956276
1.965432
1.985334
1.992119
2.002764
2.004307
2.000485
1.988149
2.003518
2.000820
1.979228
1.983883
1.993776
1.992071
1.998697
1.995555
1.976891
1.975941
2.011829
2.003015
2.017778
2.024006
1.996737
1.991827
2.031431
2.022704
2.002092
1.999367
2.017891
2.005596
1.983016
1.980272
1.957605
1.991387
2.002055
2.004522
2.019142
1.995704
1.998899
2.017617
2.042029
2.028657
1.993104
1.997018
1.970187
1.964620
2.005535
2.021195
1.996539
1.994506
2.004674
2.003026
1.986249
1.988776
2.006845
2.009427
1.985677
1.958962
1.977814
1.975164
1.955830
1.963833
2.001222
1.998485
1.981832
1.980026
2.003431
1.994870
1.990684
1.986538
2.006844
2.001755
1.994669
1.997962
1.991316
1.993456
2.012004
2.014583
1.998110
2.010778
2.004684
2.002343
2.007799
2.010183
2.019570
2.026372
1.993078
2.001870
1.999566
2.017583
1.996880
1.983930
1.925507
1.969925
2.011397
1.998711
2.027539
2.024268
1.997683
1.994575
1.989320
2.013136
1.997186
1.997143
2.000241
2.008316
2.008363
2.009931
2.004976
1.994152
1.983723
1.992563
1.983322
2.003652
2.014547
2.016107
2.011218
1.988468
2.002588
2.012423
2.029456
2.010764
2.012802
2.002072
1.977282
1.973339
2.014951
2.017198
2.025279
2.015097
1.994356
1.992423
1.993735
1.966004
1.993559
1.991966
1.985786
1.981425
2.000879
2.020384
2.029030
2.023686
1.995932
1.992637
1.997004
1.998233
1.993451
2.005640
2.005837
1.998123
2.004832
2.010147
2.017121
1.979529
2.009465
2.001842
2.015915
2.014066
1.991940
1.993452
1.997093
1.968147
2.003575
2.021360
2.050318
2.026920
1.983685
2.004087
2.027674
2.002048
2.011959
2.004761
2.020513
2.015606
1.981991
1.977078
2.007809
1.994403
2.007381
2.011452
2.015509
2.020819
2.002966
2.017327
2.011945
2.000284
2.002326
2.007244
2.003896
2.011803
1.990629
2.004364
1.996632
1.997679
2.000763
2.012728
1.999682
2.006444
1.992119
1.993123
1.987060
2.010026
2.003235
1.996700
1.969646
1.969149
2.005974
1.996180
1.998375
2.017549
1.987893
1.989152
1.982746
1.971475
1.989767
1.992903
1.985236
1.978298
2.001038
2.009706
2.027007
2.017075
2.020298
2.024680
2.025481
2.012607
1.998278
2.004554
2.026649
2.004110
2.002421
2.009378
1.990453
1.995914
1.988530
1.987986
1.998528
2.016084
