2.001782
2.000152
1.989777
1.973660
1.999990
1.999342
2.003070
1.992164
1.996274
1.999726
2.013515
2.020704
1.997613
1.986817
1.963616
1.996461
1.993609
2.003653
1.992901
2.005132
2.001595
2.000458
2.009375
1.997455
1.988090
1.993828
2.002019
2.032327
1.982210
1.976494
1.979363
1.975265
2.012351
2.008476
1.974021
1.958372
2.013561
2.010061
1.979293
2.001064
1.990980
1.996980
1.999738
2.000928
1.983395
1.959944
1.928667
1.951101
1.995731
1.991426
2.001906
1.987043
1.991198
1.999868
2.011163
2.011681
1.995896
1.983825
1.982724
2.018879
2.010084
2.011821
2.024058
1.992700
1.999754
2.007256
2.000182
1.988836
2.020301
2.016340
2.028064
2.021375
2.017563
2.020160
2.042413
2.021775
2.000672
1.999329
1.991094
1.975380
2.011290
1.998503
1.985017
1.989379
2.005725
2.018953
2.010186
1.997773
1.991651
1.997042
1.999079
1.986474
2.000549
2.018495
2.033484
2.039963
1.984704
1.985154
1.962453
1.965685
1.991244
1.986336
1.936506
1.958176
1.996979
1.991626
1.977226
1.970796
2.001381
2.007023
1.986337
2.031701
1.991931
1.990189
1.998227
1.987394
1.997005
2.000624
2.018779
2.025411
2.002812
2.003644
2.027339
2.002878
1.994593
1.996985
2.014578
1.994011
2.005284
2.000260
2.011209
1.996714
1.995630
1.991847
1.991632
1.967479
1.993599
1.998997
1.987638
2.014661
2.005655
2.020514
2.040148
2.023784
1.996071
1.984228
1.993879
1.985866
1.985117
1.992967
2.008827
2.007141
2.000094
2.007500
2.015616
2.018112
1.995260
1.992272
1.997398
1.982384
2.000327
1.998639
2.008548
2.010041
1.989042
1.985889
1.978207
1.986423
1.999061
1.996583
2.006722
1.986624
2.018657
2.019319
2.017262
2.009249
1.995330
2.010727
2.010596
2.003912
1.990770
1.998828
2.011070
1.993725
1.998937
2.002735
1.967653
1.965125
1.986830
1.985933
1.960244
1.961639
2.009334
2.016621
2.000196
1.992681
2.003692
1.998035
1.991757
1.989009
2.011409
2.006671
2.021666
2.031656
1.996077
1.993253
1.977539
1.992708
2.009133
2.012501
2.014864
1.985312
1.991535
1.995055
1.999498
1.982635
2.000554
1.978747
1.942286
1.946236
2.001080
1.999248
2.002375
2.013905
2.025104
2.021994
2.046682
2.001511
2.003446
2.006179
2.015593
2.021994
2.003823
2.003037
1.976584
1.965769
2.008986
1.993941
2.005308
1.991144
2.008911
2.011237
2.025225
2.002355
1.991953
1.990787
1.980195
1.965227
1.989006
2.000269
1.980237
1.983483
2.018468
2.013872
2.006585
2.016918
2.001768
2.002839
2.003366
1.976053
1.993322
1.987275
2.008264
1.997812
1.990868
1.996422
2.005913
2.001185
1.995138
1.996474
1.989695
2.002969
2.014416
2.012928
2.012527
2.007623
1.994438
1.998097
1.999434
1.981040
2.013547
2.010572
2.020088
2.041108
1.995401
2.003899
1.998002
1.986633
2.002466
2.008492
2.035047
2.014276
1.993766
2.003428
1.990210
2.000716
2.006308
2.001169
2.005259
1.992568
2.007026
1.998645
1.980747
1.996658
1.999138
1.996616
1.968708
1.969664
2.000437
2.018090
2.043619
2.027779
1.993640
1.987537
2.031278
2.016546
2.000738
2.006155
1.992958
1.997840
1.997846
1.983656
2.012196
2.009220
1.986969
1.992705
1.999203
1.996918
1.993620
2.000335
2.012265
2.015313
2.001164
2.000055
1.966888
2.002830
2.004254
2.006868
2.027644
2.038897
2.014467
2.017398
2.009450
1.996205
1.988963
1.995976
1.986666
1.970054
1.992585
2.002860
1.977864
1.977322
2.005400
2.002125
1.987454
2.011045
2.010985
2.004394
1.999300
2.033642
1.994402
1.988997
1.989965
1.964349
2.004148
2.017174
2.047369
2.036377
2.008441
2.008658
2.014397
2.027584
2.018447
2.012523
2.025008
2.007934
1.995809
1.990107
1.992692
1.994463
1.996305
1.998802
2.034516
2.006908
2.013748
2.004738
2.030355
1.967692
2.003637
2.011691
2.006548
2.013771
2.009312
2.015489
2.019627
2.030346
1.990668
1.993543
1.972086
1.960067
1.998746
1.992782
1.988141
1.967882
2.002428
2.010617
2.028227
2.008068
1.988292
1.971706
1.947661
1.961819
2.004402
2.006870
2.020288
1.982885
1.990437
1.971330
1.980215
1.998206
1.988480
1.977681
1.971535
1.948680
2.016076
2.011441
2.029258
2.020674
2.013486
2.012490
2.005683
2.014742
1.994410
1.981877
1.972695
1.987217
1.998374
1.995086
1.975717
1.971130
2.008602
2.020945
2.039215
2.033491
2.006224
2.011523
2.008768
2.010741
1.991169
1.995156
2.004479
1.996723
1.995042
2.010326
2.017632
2.031041
2.016485
2.019574
2.052674
2.028994
1.994883
1.990432
1.974573
2.003367
2.005966
2.009359
1.995542
1.987507
1.989668
1.999860
1.996184
2.001835
2.006681
1.992887
1.994747
2.015979
1.994861
1.989571
1.984525
1.994145
1.998026
2.000607
2.011115
1.968064
1.984386
1.992692
1.977915
1.991481
1.996480
1.993858
2.001351
2.012087
1.984524
1.982185
1.994470
1.998727
2.001231
1.999397
1.988032
1.973105
2.015748
2.019103
2.003507
1.978844
1.994371
2.007197
2.033139
2.026189
2.004181
2.001257
2.007210
2.024410
1.993331
2.004156
1.992955
2.004518
2.008781
2.003114
1.994017
2.005857
2.001332
2.013611
2.052245
2.039630
1.989893
1.995477
1.983132
1.988707
2.012139
2.008021
1.973211
1.959325
1.996067
2.006088
2.004956
1.994476
2.006794
2.004074
2.030273
2.026644
2.013075
2.021346
2.057232
2.024416
1.995802
1.991328
2.001636
1.986302
2.002848
2.009587
2.035308
2.039774
1.991661
1.981886
2.004348
2.002056
1.999406
1.999728
1.972386
1.995900
2.000248
2.007073
2.000202
1.988418
1.997636
1.997077
2.008652
2.014453
2.002410
2.005136
2.008385
2.009702
2.005404
2.002206
1.999125
1.976360
2.010907
1.997867
1.983859
1.989157
1.996574
1.986684
2.006966
1.996033
1.999214
1.995169
1.995347
1.999293
1.994537
1.982212
1.958670
1.981706
1.984845
1.985257
1.962302
1.965049
1.986955
1.984401
2.021893
2.017132
2.018072
2.016743
2.011892
2.017035
1.998951
1.997744
2.003382
1.983918
1.991257
1.989298
1.998814
1.987783
1.999542
1.990372
1.989947
1.999472
1.996192
2.000664
2.009323
1.986454
2.010574
2.032611
2.050876
2.049470
2.004561
1.999375
2.011043
1.995961
2.000354
2.006426
1.972737
2.009170
2.004054
2.007798
2.018690
2.006979
1.990492
1.992858
1.996379
2.007854
1.995851
1.983634
1.986234
1.982868
1.998558
2.005907
2.005204
1.991276
1.998213
2.003914
1.993405
1.982949
1.995965
2.005573
2.004856
2.029480
2.000206
1.998388
2.008485
2.009841
2.004227
2.011397
1.981529
1.971014
1.996642
1.993455
1.965076
1.980628
1.988473
1.998613
1.995054
1.998052
1.995497
2.011090
2.010571
2.003597
2.009575
2.009825
2.016149
2.017139
2.010516
2.023220
1.993191
2.008182
1.995095
1.985502
1.981272
1.996211
2.008064
2.015716
1.998000
1.990056
2.011596
2.000611
1.987587
1.985309
2.005572
2.016049
2.061524
2.020150
2.000896
2.010434
1.973014
1.980477
2.009141
2.012698
2.014646
1.985190
1.996570
1.994765
1.985826
1.996081
1.985498
1.980473
1.958604
1.974001
2.003061
2.008490
2.000837
1.996852
2.025643
2.022440
2.049728
2.003025
2.010417
2.005403
2.010764
1.979424
1.974193
1.965756
1.963255
1.955465
1.995791
1.987626
1.974306
1.996136
2.007609
2.009518
2.023150
2.001333
1.996290
1.985200
1.990452
1.994428
2.016275
2.012359
2.003540
2.026144
1.998542
1.998911
1.983476
1.981873
2.001322
2.003242
2.003809
1.975809
1.991246
1.979270
1.988422
1.977769
1.990403
1.993272
1.993737
2.008832
1.993160
1.999950
2.022070
1.993978
2.015342
2.014733
2.014114
2.004346
1.994455
1.972429
1.939638
1.950892
1.981428
1.983444
1.978376
2.006937
1.998650
1.995021
1.997507
1.989989
2.001934
2.008705
2.038786
2.016867
1.997746
2.018083
2.023745
2.017894
2.007251
1.997673
2.001780
2.004152
1.986329
1.992410
1.993063
2.017212
1.999056
1.996665
1.968774
1.969881
1.993767
2.003336
1.997792
1.990693
1.998379
1.991828
2.009703
2.021839
1.984033
1.989300
1.970917
1.975859
1.999393
1.986027
2.016522
2.011411
2.001360
2.000253
1.992028
1.992053
2.003194
1.998998
1.999955
1.999769
1.985519
2.005306
2.009505
2.009379
2.004859
2.007426
2.026087
2.037915
2.020119
2.029311
2.033328
2.032424
1.998153
1.997720
1.983592
1.995759
2.008157
2.010810
2.016563
2.011650
2.004543
2.001454
1.988168
2.011379
2.004358
1.999235
1.960974
1.981945
2.015648
2.016320
2.030549
2.013629
1.997400
1.996950
1.991325
1.999777
2.006797
2.004986
2.009089
2.023694
1.978511
1.994726
1.999764
1.984485
1.998582
2.013181
1.993832
1.989084
2.002627
2.016538
2.031280
2.016985
2.012143
2.002474
2.021855
1.965312
2.002486
1.996019
1.994118
1.993751
1.994433
1.987030
1.956209
1.952408
1.995737
2.004880
1.989837
2.018023
1.998743
1.992806
1.988354
1.967695
2.006530
2.002912
1.966196
1.984368
1.985740
1.979134
1.994757
1.993878
1.997091
1.986589
1.969458
1.960123
1.989431
1.970246
1.979175
1.998027
1.983811
1.976722
1.979988
2.007752
2.005827
2.006616
2.006012
2.033487
2.019359
2.004635
2.019264
2.017631
1.994637
1.981852
1.972770
1.987567
2.006767
2.019291
2.011694
1.984128
1.990792
1.985979
1.989924
1.984423
1.981581
1.992575
1.992411
2.014231
1.991157
1.995043
2.004700
1.996302
1.990122
1.985771
1.995614
1.996128
2.005134
2.000279
2.003608
1.993189
1.990297
1.984559
1.981926
1.986562
