1.989452
1.977591
1.970673
1.998835
2.004024
2.023933
2.051585
2.024164
2.004935
1.994411
2.001621
1.994922
2.015389
2.027304
2.024101
1.991466
1.995888
2.001367
1.985848
1.981796
1.998764
2.001245
2.006118
2.004311
2.004265
2.017937
2.008924
1.993274
1.997296
2.005523
1.996443
1.984602
1.996893
1.993222
1.990405
2.006386
2.010500
2.015574
2.045275
2.038485
1.998316
2.001121
2.017788
2.009786
2.004237
1.994068
1.962525
1.970638
2.004546
1.998817
1.993401
1.991070
1.994429
1.995989
1.999781
1.972193
1.993423
1.987892
1.945714
1.982456
2.012892
2.014909
2.058033
2.048655
2.021466
2.024303
2.025968
2.016975
1.998373
1.991329
1.993418
2.006871
1.993031
1.983594
1.983022
2.033336
1.992133
1.977690
1.967220
1.957688
1.999822
2.011599
2.012831
2.010379
1.999621
2.008292
2.003766
2.012126
1.995387
2.012725
2.010139
2.015916
1.996877
1.986414
1.960381
1.992642
1.991403
1.996121
1.977412
1.977174
2.004336
1.996163
2.004867
2.013263
1.990167
1.974364
1.966620
1.957568
1.989685
1.991881
1.991311
1.999648
2.012423
2.030082
2.027102
2.040119
2.011152
2.009886
2.047834
2.010709
2.000721
1.989973
1.980466
2.005253
1.982160
2.000681
2.018020
2.013152
2.002787
1.999553
2.006690
2.013685
1.984304
1.975656
2.004630
2.028690
1.993632
2.000646
1.989784
1.991108
1.987342
1.987234
1.964459
1.973737
1.989352
1.984113
1.929684
1.955572
1.992304
1.999663
2.000575
2.017814
1.998841
2.001993
1.983703
1.996036
1.985993
1.987357
1.981993
1.992819
1.984466
1.975695
1.953362
1.974051
1.989127
1.998019
1.998615
1.997308
1.993499
1.992610
1.992498
1.993680
1.998968
2.019030
2.028091
2.029685
1.985587
1.976539
1.966343
1.984823
2.010758
2.000323
2.013337
2.027038
1.993789
1.988108
1.950884
1.957333
1.996970
1.986923
1.985143
2.013724
2.011496
2.013422
2.020996
1.973872
1.994889
2.005987
2.052929
2.054478
1.992979
2.009494
2.033483
2.022522
1.982791
1.979286
1.967767
1.991241
2.008503
2.007082
2.017644
1.990110
1.991734
2.002918
2.034619
2.032096
2.005948
1.996502
2.012142
2.009485
1.980007
1.981155
1.964569
1.962807
2.012230
2.004346
2.013681
2.010774
1.981003
1.972391
1.976211
1.980730
2.008194
1.993711
2.002835
2.013767
1.999748
1.999505
2.006186
2.014851
2.000310
2.012760
2.001948
1.991177
1.995634
2.000211
2.020571
2.026385
2.014696
2.016783
2.046302
2.042627
2.020808
2.021013
2.025037
2.011268
1.997335
1.995902
1.996585
1.976563
2.008041
2.005424
1.995654
2.016813
1.995594
2.004209
1.976610
2.004237
1.998918
2.005766
2.024839
2.035742
1.998234
2.004964
1.975385
1.987229
1.995207
2.004568
2.022113
2.018769
1.998412
2.009686
2.022996
2.007917
1.994955
2.005119
2.028389
2.033922
2.006670
2.001530
2.015577
2.024808
1.990977
2.001735
2.015304
2.003507
1.990510
2.004566
2.011536
1.997347
1.999875
2.013182
2.015827
2.016307
1.998542
1.991629
2.013221
2.001132
1.996483
1.999898
2.014440
2.008400
1.997349
1.996917
1.963579
1.969395
2.003966
1.998172
1.978283
1.992051
1.992638
1.994885
1.993453
1.966217
2.009022
2.017153
1.982825
2.014358
2.001348
2.000537
2.004780
1.988879
2.018110
2.014927
2.004309
2.014705
2.007374
2.021446
1.995744
1.993871
2.000970
2.004325
2.007476
2.016677
2.011668
2.018009
2.036641
2.033893
1.990706
2.004599
1.982821
1.963890
2.004814
2.012409
2.001044
1.986231
1.982963
1.985375
1.987002
1.957166
1.992427
1.995932
1.983501
2.001497
2.006441
1.997615
1.978311
1.998204
2.004027
1.993301
1.986230
2.009406
1.998612
1.992943
1.986566
1.976752
1.996365
1.997227
1.971127
2.002879
1.996514
2.000159
2.014115
2.030444
2.017413
2.031069
2.039278
2.024551
1.999337
2.007994
1.991208
1.952503
1.999946
1.998395
2.006791
2.010025
1.987137
1.992693
2.000719
1.975691
2.002507
2.007385
2.031877
2.024271
1.998149
2.001590
1.991023
1.998372
1.986395
1.986887
1.985577
1.981563
2.001635
1.999545
1.968596
2.002859
2.003130
1.997234
1.988419
1.999600
1.985174
1.992256
1.969079
1.964450
1.998369
1.994796
1.998547
1.986825
2.006821
2.010347
2.033418
2.025388
1.989612
1.991670
1.979961
2.005117
1.998037
1.999526
1.993100
2.016021
2.015733
2.017322
2.017992
1.997049
2.009220
2.015505
2.013269
1.994177
1.992029
1.992587
2.004585
1.998118
1.994459
2.003069
2.010533
1.996839
2.000901
2.008300
2.021955
2.014938
1.997117
1.986841
2.003119
2.000490
1.992185
1.994151
2.014827
1.992277
1.986798
1.993128
1.992579
2.013831
1.995996
2.000518
2.002183
1.991563
1.997962
1.996377
1.988282
1.993270
1.994763
1.977602
1.990270
2.008651
1.995707
2.013619
2.024551
2.016216
1.990172
2.004576
2.016014
1.999337
2.007193
2.010034
2.028393
1.984446
1.997090
1.998848
2.024533
2.028316
1.978024
1.984358
1.975510
1.988089
1.988130
1.995954
1.955101
1.979297
2.002595
1.989979
1.996560
2.016104
2.000185
1.988071
1.978995
1.972437
1.998342
1.994026
1.975643
1.992108
1.995220
1.979040
1.972710
1.975375
2.001056
2.002946
2.017258
2.038332
1.990958
1.983355
1.948305
1.967693
2.005972
2.000908
1.971226
1.951884
1.984741
1.998855
2.026892
2.022208
2.005115
2.016811
1.995244
2.020366
2.002223
2.009941
1.988959
2.002359
2.005048
1.997344
1.995724
1.986838
2.005776
1.996605
1.996251
2.010941
1.993810
1.998976
2.032250
2.011674
2.002439
2.002718
1.994785
1.986724
1.981674
1.998907
2.003610
1.971175
1.992090
1.977049
1.980946
1.984942
1.985310
1.984023
1.992610
1.999918
2.008854
2.007488
2.021900
2.027009
1.997932
2.001266
1.980847
1.983827
1.991735
1.986643
1.999151
2.026411
2.004946
2.008929
2.023508
2.024522
1.989855
1.994131
1.992625
1.965855
1.983693
1.979571
1.980798
1.992925
1.998826
2.003803
1.987917
1.975231
2.008012
2.001003
1.977181
1.982413
2.001512
2.009688
2.036435
2.022268
2.005182
1.998957
1.950772
1.996369
2.004569
2.003846
1.989850
2.001105
2.001825
1.991830
1.988906
1.999847
1.989883
1.995908
1.961118
1.978312
1.998636
2.002247
2.023209
2.000867
1.987794
1.999777
2.020287
2.004934
1.991231
1.980041
1.987496
1.999424
2.005645
1.994590
1.986249
1.994230
1.987215
1.980008
1.985126
1.978874
2.001329
1.993475
1.986594
1.970788
2.002907
2.000950
1.994059
1.969195
2.008293
2.012775
2.039184
2.039949
1.993233
2.001058
2.002340
2.022463
1.987726
1.992709
1.988559
1.987698
1.996091
2.000665
1.992350
1.980575
1.980326
1.984016
1.976021
1.982213
1.996445
2.001015
1.983289
1.964809
2.009773
2.013032
2.005804
2.030131
1.998394
2.010995
2.017565
1.987191
1.988346
1.978448
1.961195
1.984182
1.998293
1.994859
1.999985
2.003273
2.005595
2.014692
2.011522
2.001355
1.997150
1.997136
1.981231
1.996162
2.012316
2.019083
2.010047
2.012925
2.002289
2.019730
2.027724
2.033451
2.003337
2.008610
2.013768
2.021381
1.997288
2.008278
1.995766
1.990508
2.006902
2.004167
2.013082
2.013642
2.004435
2.003924
2.001911
1.987487
1.994760
1.983593
1.988098
2.010289
1.996739
2.007760
2.004531
2.029835
2.007084
1.995795
2.002660
2.013686
2.000680
1.986139
1.984536
2.015517
2.010607
2.019799
2.007379
2.001435
1.994160
2.005169
1.987706
1.971566
1.985700
1.993748
2.001514
2.022361
1.994076
1.990831
1.994659
1.993594
2.003511
2.002709
1.993641
1.977351
1.984998
1.978493
1.959841
1.978541
2.006200
1.996109
2.017422
1.989384
1.992430
1.992593
1.991445
1.972637
2.004202
1.997360
1.992700
1.987281
2.006612
2.006924
2.002984
2.003306
2.013790
2.015955
2.020057
1.997791
1.997539
1.995423
2.028358
2.035272
2.006047
2.013053
2.005797
1.986531
2.003209
1.994547
1.991867
1.990988
2.004159
2.005368
2.014576
1.991674
1.994859
1.992351
1.949761
1.963201
2.017830
2.015372
2.021725
2.015979
1.994052
1.985498
1.959659
1.985506
2.000891
2.002935
2.026150
2.010028
1.999140
1.996065
2.015762
2.013326
2.015100
2.010098
2.008662
2.004636
2.003949
2.003358
2.001222
1.968190
1.987747
1.993807
1.984362
1.995564
1.997717
1.999614
1.997972
2.004485
1.990465
1.993053
1.994741
2.011269
2.002375
1.997873
2.011973
1.993407
2.007543
1.996042
1.981830
1.991350
2.011946
2.015831
2.014254
1.992167
1.995218
1.992378
2.022095
1.997159
1.978513
1.994857
2.002703
1.980607
2.014877
2.021221
2.034172
2.010689
1.996779
2.002592
2.011348
2.012720
2.014301
2.016238
2.029452
2.037630
1.989894
1.986675
1.985610
2.012284
1.998181
1.989896
2.022425
2.006340
1.993740
2.003873
2.024726
2.004499
1.986724
1.973289
1.978190
1.999078
1.983095
1.992220
1.977509
1.982095
1.999668
2.000247
2.012201
1.995741
2.004974
2.010721
1.996039
2.009010
2.015088
2.017719
2.030548
2.033445
2.010660
2.025605
2.040264
2.020352
2.018059
2.024434
2.021165
2.025780
1.998292
1.994639
1.997189
2.007289
1.988525
1.986249
1.989437
1.976802
1.984033
1.979411
1.982394
2.014455
1.993438
1.985910
1.960730
1.974145
2.001475
2.012407
2.023076
1.990623
2.003516
2.009084
2.026068
2.013122
1.994558
1.993548
1.983711
1.957101
2.007078
2.003428
1.971570
2.005658
2.008457
2.004496
2.021691
1.996720
2.001919
2.000123
2.010922
1.990262
2.003346
1.993319
1.983452
1.985010
2.005373
1.997359
2.005586
1.992005
1.997478
1.995531
2.021375
2.007839
2.007750
2.012147
2.023534
2.048043
1.995991
2.004280
1.991112
2.016106
2.005273
1.998189
2.008872
2.000163
1.986098
1.995293
1.993897
1.968963
1.991151
1.984933
1.968330
1.992375
2.015077
2.009876
2.021344
2.023269
2.006119
2.010642
2.003411
2.007133
2.002222
2.000897
2.031290
2.036872
1.988226
1.995083
1.989015
2.019300
1.997178
1.987283
1.998926
2.003477
2.001207
2.004289
2.019349
1.998172
1.978208
1.994048
1.957168
1.964844
2.002507
2.010506
2.007084
2.005984
2.023967
2.020941
2.003808
1.994642
2.006867
1.999990
2.021921
2.032599
2.001259
2.009554
1.993483
2.000207
1.997811
1.986040
1.980957
2.001601
1.995284
1.996647
1.992910
1.973145
1.990215
1.994825
1.997217
1.973992
2.010503
2.013505
2.011052
1.995229
2.019085
2.021805
2.040632
2.020405
2.004473
2.011788
2.005613
1.994848
1.994800
2.000709
1.990353
1.985190
2.004952
1.998235
1.996137
1.986556
1.979967
1.990580
2.013891
2.017763
1.993347
2.003529
1.979154
1.971515
1.995335
1.996743
2.001949
2.010956
1.985445
1.990726
1.987004
2.002465
2.004954
2.005045
2.007218
2.002673
1.993266
1.997715
1.996468
1.998184
2.014553
2.014821
2.018315
2.019473
1.998729
1.987534
1.975855
1.999156
1.988759
1.986188
1.995079
1.975486
1.998064
2.003550
2.004539
1.988874
2.002914
2.002223
2.036652
2.008224
2.010266
2.024451
2.019141
2.000621
1.998943
2.010537
2.007102
2.010188
2.004464
2.003377
2.009653
2.001497
1.995700
2.000595
1.989839
1.975940
1.986307
1.979661
1.969697
1.956522
1.998599
2.005271
2.011097
2.012283
2.012787
2.010123
2.037226
2.029328
1.997918
2.011955
1.971903
1.962900
1.999089
2.002273
2.005293
1.950563
2.002293
2.003227
2.018041
2.016189
2.013732
2.015869
2.025474
2.014729
2.009482
2.015262
1.996486
1.992762
1.994134
2.003555
2.009427
2.002498
2.009860
1.999215
2.011166
1.973268
1.983254
1.981792
1.978749
2.013427
1.997580
2.002985
1.990846
1.971322
2.009907
2.023856
2.036454
2.047730
1.998064
2.013002
2.006246
2.022077
1.996411
2.013079
2.033188
1.976681
1.999148
2.010390
2.027919
2.032993
1.997833
2.001074
2.017759
2.034234
1.997331
2.001907
1.988739
1.999052
2.003481
2.009957
2.018331
2.005444
1.993136
1.978334
1.986008
1.983464
2.018641
2.027405
2.005267
1.971923
2.000566
1.997794
1.979621
1.967031
2.002793
1.985816
1.967743
1.973046
2.001661
1.996956
1.983085
2.000782
1.999938
2.010455
2.037997
2.023776
2.000493
2.007964
2.030851
2.014379
2.005713
2.010570
1.988700
2.011403
2.002275
2.009094
1.975320
1.966405
1.998452
1.991248
1.992406
2.012106
2.007459
1.996832
1.982210
1.976964
2.005301
2.000198
1.998450
2.013376
1.994698
1.996165
1.987227
1.964557
1.997032
2.002562
1.958048
1.970705
1.994012
1.990238
1.990402
1.972979
1.986672
1.978820
2.000538
2.013718
1.998447
1.991387
1.994385
2.000891
1.998597
1.986454
2.004036
1.989169
1.991337
2.005671
1.997214
2.017940
1.995992
2.007494
1.988411
1.983305
2.016266
2.010354
2.028173
1.984520
1.995097
1.987220
2.014380
1.991851
1.997206
1.992714
2.032463
2.014754
2.004602
2.012649
2.038700
2.005476
2.004255
2.000414
2.017531
2.011268
1.983625
1.981244
1.953439
1.951001
1.981624
1.970480
1.953384
1.977072
2.018959
2.017274
2.010002
1.978852
2.011598
2.015299
2.016793
2.026888
2.011955
1.990840
2.014780
2.012323
2.002896
2.005139
2.037075
2.006235
1.984979
1.995607
2.001027
2.002395
1.990788
1.986148
1.991117
1.964725
2.005229
2.009974
2.017561
1.994644
2.010435
2.002617
1.994664
1.980910
2.009297
2.009505
1.980975
1.980897
2.010562
2.005067
2.008774
2.004678
1.991487
2.001453
2.004512
1.999431
1.979251
1.991528
1.981111
1.999535
2.008141
2.011241
2.019076
2.009677
2.001018
1.999425
1.992472
1.984378
2.005292
2.013667
1.989259
1.981322
2.010378
2.015348
2.016330
2.026838
2.003006
2.011635
2.027837
2.046707
2.019877
2.014351
1.996454
2.009747
2.010107
1.988675
1.968021
1.984094
2.005767
2.002545
1.978520
1.982426
1.994499
1.997064
1.967251
2.004676
1.990907
1.978788
1.978867
2.011269
1.988902
1.966846
1.962232
1.948655
1.986527
1.994850
2.025010
2.013337
2.007114
2.010101
1.996627
1.991454
2.004518
2.009673
2.002834
1.987495
2.009471
2.013078
2.013840
2.007296
1.991476
1.992443
2.023913
1.994982
1.996623
2.004019
2.011404
2.022001
1.990794
1.984865
1.984621
1.973007
1.985999
1.998416
1.983890
2.016047
1.984269
1.980850
1.951580
1.954598
2.008509
2.003722
2.013138
2.032651
2.009858
2.000483
2.013503
1.972449
1.995920
1.982259
1.981638
1.997537
2.008130
1.998590
2.006176
2.024526
2.007914
2.016393
2.001110
2.002828
2.010878
2.015809
2.029943
2.022223
2.008062
2.018130
2.019855
2.020590
2.009783
2.001530
1.999276
1.979602
2.003283
2.004494
1.997476
2.010411
2.003668
2.004865
2.028245
2.011933
2.014714
2.013716
2.002931
1.965728
1.990932
1.997328
2.003910
2.008683
2.026658
2.020595
1.997022
2.008053
2.002934
2.013947
2.041034
2.030888
2.004586
2.005845
2.017950
2.002837
2.013544
2.003137
1.982489
1.983513
1.998420
2.004595
1.980850
1.979555
2.009769
1.996208
1.970501
1.977910
1.983482
1.987223
1.996943
1.987893
2.004227
2.012958
2.019580
2.027636
1.997141
2.010860
1.996072
2.014187
1.999488
2.005424
1.985218
1.987291
1.998968
2.000075
1.987442
1.995306
1.993705
1.986699
2.010515
2.009051
2.001703
1.989808
1.973893
1.991547
2.001537
2.009829
2.005929
1.992852
1.985021
1.983972
1.980424
1.986041
1.995139
2.003388
2.005265
1.973193
1.973050
1.980344
1.991840
2.008585
1.995260
1.990215
1.991761
1.975488
2.007969
2.008433
2.000178
1.992638
1.986653
1.981019
2.000554
2.007496
2.001743
2.003002
1.997156
2.016177
1.998185
1.981538
1.951105
1.981279
2.020263
2.015662
2.020072
2.031814
1.997133
2.005868
2.020353
1.993714
1.997957
1.998432
2.012052
2.002760
2.005830
1.999790
1.988870
1.975361
2.023608
2.030532
2.025755
2.027029
1.987001
1.990889
2.012098
2.018140
2.020389
2.023605
2.015350
1.989024
