2.010322
2.008431
1.968170
1.952644
1.982963
1.974876
2.004690
2.001925
2.007738
2.012473
2.026987
2.050160
1.992834
1.990810
2.004062
2.010181
1.988690
1.987422
1.986757
1.952429
1.997626
1.994504
1.955838
1.968060
1.986178
1.977568
1.979838
1.988110
2.014555
2.008938
2.020569
2.018639
2.005805
1.996720
2.021387
2.049382
1.999439
2.003484
2.015276
2.019893
2.012759
2.014598
2.043321
2.054481
1.994297
1.990743
2.019827
2.021227
2.000243
2.002246
2.021502
1.998236
2.001978
1.996872
2.005547
1.982193
1.989625
1.991075
1.985368
1.956036
1.997713
1.981431
1.983864
2.012846
1.995701
1.996110
1.972544
1.989478
2.003981
2.012724
1.999736
2.010164
2.001628
1.990408
1.966532
1.981145
2.012788
2.015544
2.018754
2.001095
1.993045
1.989412
1.996149
1.984380
2.021608
2.016347
2.031163
2.027754
2.017929
2.020696
2.041796
2.019786
2.001990
2.007820
1.994512
2.014794
2.010387
2.012199
2.037026
2.024676
2.001581
1.985866
1.981691
1.991588
1.996578
1.994221
2.017020
2.004244
1.993366
2.003227
1.970250
1.966576
1.992715
1.994313
1.983115
2.002620
1.993834
1.994474
1.975947
1.966582
1.993607
1.986271
2.013426
2.001095
2.017396
2.018186
2.026052
1.994762
2.013335
2.016329
2.019723
2.019601
2.001435
2.005891
1.993683
2.012717
1.999966
2.003510
2.005729
2.011626
2.011854
2.004004
1.987271
1.989782
1.980950
1.978789
1.990464
1.993339
2.008195
2.022185
2.016239
1.996257
1.983968
1.982017
1.996017
1.942395
1.991506
1.986185
1.989079
2.012746
2.010994
2.019736
2.015486
2.000327
1.983845
1.990214
2.000006
2.002337
1.999610
2.006694
2.011645
2.013917
2.008819
2.000599
1.985363
1.996845
1.986091
1.983909
2.000509
2.016520
2.000283
2.005723
2.005562
2.007220
1.996820
1.992236
2.032986
2.023197
2.014960
2.016647
2.024462
2.013656
2.000050
1.998087
2.017274
2.004827
1.997558
2.003998
1.992667
1.978164
1.998078
2.016557
2.025667
2.020084
1.993066
1.996077
1.971041
1.963971
1.998739
2.005971
1.994630
1.971766
1.988340
1.993529
1.960881
1.999274
1.993405
1.981491
1.986661
1.973147
2.012460
2.019966
2.022075
1.997072
2.000399
1.998967
1.981025
1.975346
1.998027
1.996841
2.014750
2.029403
1.991140
1.995857
2.009917
2.023278
2.002253
2.020594
2.033689
2.007871
2.014357
2.010753
2.011143
2.010092
2.006546
2.007922
2.015841
2.025668
2.003192
2.001602
1.978848
1.965752
1.994373
2.013051
2.021895
1.992071
1.983734
2.006404
1.986479
2.013376
1.996098
1.989575
1.972510
1.960941
1.996210
1.997062
1.996307
2.004138
2.005499
2.010703
1.990648
2.009247
1.999992
1.996601
1.996199
1.986269
2.004150
2.016055
2.004665
2.031174
2.001039
2.000176
2.001845
2.018445
2.014525
2.003122
1.977407
1.973993
1.993290
1.996511
1.992637
1.964524
1.991160
1.978072
1.977233
1.962369
2.006512
2.003495
1.990040
1.983384
1.997926
1.993343
1.992854
1.983323
1.996467
1.993543
1.998323
1.997742
2.000689
1.991007
2.008423
1.989997
2.000612
2.018842
2.004083
1.993603
2.000695
1.996721
2.019548
2.028678
2.010231
2.003059
1.994096
2.015245
2.001228
2.018248
2.044014
2.021968
1.996519
1.992262
2.030993
2.015593
2.002215
2.022105
2.009309
2.026005
2.000191
2.009400
2.027919
1.994981
2.004805
1.994710
2.007059
2.019546
2.002814
2.016329
2.011409
2.000867
2.018399
2.015470
2.007495
1.980221
1.999837
2.000769
1.984282
2.018024
1.996662
1.990862
1.998882
2.004501
2.006603
2.015143
2.040978
1.999677
2.003191
1.995422
1.963462
1.965974
1.993490
1.989500
1.988931
1.964853
1.982122
1.982105
2.000918
1.997252
2.001878
2.004907
2.009693
2.020108
2.014553
2.013378
2.021355
1.986473
2.021328
2.024362
2.025365
2.013572
1.990082
1.998635
2.004592
2.002889
2.004191
2.008907
2.012710
2.006087
2.000927
2.004885
2.015659
2.037086
1.993834
1.982855
1.978406
1.993589
2.003907
2.011446
2.008543
2.016712
2.008902
2.015797
2.016407
2.028726
1.985043
1.992154
1.994873
2.008217
1.990170
1.986828
1.980222
1.998969
1.998123
2.003577
2.007695
2.010620
1.987940
1.969564
1.969594
1.962301
1.995391
1.997905
1.967952
2.006889
2.009321
2.008684
2.002353
1.992418
1.997010
1.990054
1.995431
2.028041
1.992106
1.994598
2.012211
1.993205
1.981824
1.997970
2.005069
2.012455
2.005614
2.012144
2.004523
1.989605
1.999309
2.010886
2.011540
2.031721
1.999940
1.999873
2.034055
2.020233
2.013333
2.015097
2.057967
2.043577
1.990133
1.982813
1.923075
1.953555
1.984412
1.996289
1.983636
2.016376
2.014374
2.028699
2.019140
1.995625
2.000638
2.000723
1.993298
2.010022
1.999135
2.011945
2.005709
2.010778
1.993060
2.004679
2.004423
2.006386
2.004508
1.990907
1.992971
2.015664
1.991181
2.005413
1.981934
2.013853
1.990822
1.982539
1.981592
1.974467
2.002588
1.991374
1.992329
2.002642
1.997011
1.989861
1.960897
1.962806
2.003387
2.004175
1.997658
2.013982
2.013789
2.020290
2.022004
2.000645
1.997335
1.985976
1.951028
1.984969
1.997323
1.983629
1.967236
1.999302
1.984734
1.981569
1.973220
1.993058
1.999023
2.009772
2.039367
2.029871
2.011728
2.014662
1.992243
1.970690
1.990633
2.005206
2.003337
2.002949
1.983687
1.980438
1.956122
1.969275
2.012315
2.005866
2.015453
2.014917
1.983155
1.986031
1.999914
1.987216
1.978157
1.982780
1.981143
2.005791
1.993932
1.987821
1.984712
1.983545
1.980847
1.977518
1.956625
1.967163
2.001241
2.006708
2.034416
2.036143
1.992027
1.984459
2.009350
2.005568
1.990820
1.990895
2.002902
2.029185
2.006939
2.019566
2.026203
2.041065
2.011548
2.001875
2.016119
2.024132
1.992747
2.002094
1.976180
2.004283
1.973902
1.981320
1.994405
2.006941
2.015985
2.006884
2.034743
2.012185
2.012723
2.021617
2.025973
2.022621
1.997929
2.017019
2.040266
2.026742
1.993273
2.002626
2.026611
2.035443
2.001620
1.983625
1.950131
1.981295
2.010698
1.998935
1.985732
1.993028
1.992804
2.001715
1.992114
2.011370
1.978597
1.976917
1.958825
1.968518
1.999564
1.994808
2.013824
1.995834
2.020772
2.028293
2.024211
2.021055
1.997538
2.009076
1.987681
1.999484
1.998865
1.999093
2.007995
2.013072
1.998095
2.010970
2.007043
2.003271
2.004643
2.012465
1.979538
2.015142
2.003925
2.007336
2.016382
2.007572
2.005973
2.012655
2.014937
2.004446
1.999227
2.004802
2.003662
1.982204
1.997187
1.994088
1.992465
2.016094
2.009039
2.013909
2.025859
2.025390
1.995054
1.974694
1.965955
1.961550
2.001367
2.008121
2.011387
1.986646
1.995641
2.000674
1.999955
2.001634
2.002925
2.012627
2.027330
2.008015
2.004557
1.994528
1.974462
1.994847
2.004510
2.000872
1.985074
1.949804
2.000253
2.005411
2.008948
2.019880
1.993549
2.002796
2.007215
2.022054
2.001151
2.020397
2.026897
2.023278
2.013809
2.029665
2.037096
2.020590
1.977147
1.978262
1.992201
1.977185
1.998102
1.979223
1.962027
1.980184
1.999754
1.998382
2.004168
1.995155
1.992385
1.995150
1.997747
1.970365
1.995442
1.996495
1.988972
1.997501
1.984156
1.978926
1.957670
1.973225
1.992342
1.986239
1.994282
2.004166
1.998208
2.010661
2.014748
2.034811
2.008944
2.012912
2.014823
2.021123
1.996428
1.994454
1.997106
1.983861
1.986063
1.979452
1.974409
1.958556
1.983452
1.990184
1.991664
1.984618
2.002204
1.991409
2.011051
2.027375
1.991485
1.993675
1.987294
2.008711
2.004084
2.010729
2.009794
1.987859
1.995177
2.002398
1.978548
1.985217
1.999944
2.002620
1.998708
1.986149
2.015242
2.006397
2.019641
2.018758
1.999554
2.009743
2.024507
2.014071
1.995335
1.995479
2.019273
2.000672
1.999698
1.995457
1.992682
1.983768
2.011964
2.014745
2.021047
1.999354
1.992469
1.983686
2.016039
2.028778
2.003808
2.007833
2.031534
2.035637
1.994264
2.009738
2.017901
2.011835
2.004978
1.995511
2.001641
2.008037
1.994080
1.994304
1.988285
2.006151
1.985827
1.992050
2.002317
2.015473
1.982858
1.991230
1.969782
1.968790
1.987989
1.992215
1.949159
1.973657
1.995369
1.975077
1.983967
2.000497
1.986716
2.004615
1.987694
2.020196
1.990161
1.999482
2.017914
1.995053
2.014140
2.013057
2.013364
1.989564
1.997366
1.998365
2.011917
2.035179
1.991941
1.992850
1.998547
2.003259
1.999921
1.997203
2.014455
1.993468
2.000767
1.999245
1.984887
1.971546
2.001932
1.993904
2.015060
2.000809
2.006109
2.017263
1.998225
2.012633
1.984647
1.990384
1.978073
1.987193
1.991410
1.984833
1.976072
1.995947
2.008888
2.022657
2.037840
2.013739
1.995054
1.978055
1.986681
2.007789
1.980708
1.998792
2.003537
1.977141
1.998197
2.013125
1.997238
1.992922
1.979116
1.984276
1.995847
1.996007
2.006941
2.004755
2.010224
2.014804
1.977195
1.982890
1.968605
1.992843
1.987728
1.979131
1.992327
2.028728
1.993317
1.988420
1.996910
1.976201
1.983289
1.980383
1.958585
1.991647
2.008077
2.007477
2.049900
2.037997
1.999790
1.984275
1.980963
1.978244
2.008653
2.004058
1.981038
1.985404
1.998245
2.010671
2.001207
1.992561
2.005181
2.003876
1.985789
1.987855
2.008314
1.999189
1.989985
1.997736
2.007697
2.016766
2.001979
2.022420
1.988279
1.995120
1.959875
1.985593
1.999098
2.005358
2.014297
2.001511
2.007655
2.002304
1.995605
1.998079
1.983613
1.973241
1.966708
1.956598
2.001325
1.998216
1.993881
1.983794
1.990935
1.983896
1.989476
1.990038
2.005520
2.002146
2.009704
1.996435
1.996220
1.982411
1.924962
1.971061
1.992894
1.997905
1.997801
2.022434
1.999400
2.001931
1.993306
1.986778
1.991000
1.994664
1.990288
1.987817
1.984243
1.995226
1.960031
1.962133
1.983697
1.992686
1.982173
2.002755
1.994771
1.987653
1.962069
1.962981
1.998229
2.002143
1.990871
1.984104
1.994880
2.004575
2.008380
1.981280
1.993320
2.005053
1.966753
1.982570
1.994076
1.992244
1.993243
1.964511
2.005724
2.008300
1.990409
1.985303
1.994543
1.981168
1.981683
1.986591
2.013258
2.018164
2.020280
2.015502
1.989529
1.987226
1.995663
2.017562
2.005290
2.011241
2.016426
1.977266
1.995576
1.984102
1.992702
2.019951
2.012590
2.004528
1.997899
1.997925
2.005265
2.006103
2.014432
1.998527
2.003935
1.995917
2.007387
1.993501
2.012618
2.005482
2.020869
2.016164
2.014814
2.027767
2.047586
2.045521
1.992592
1.997373
1.993565
2.006368
2.014711
2.022205
2.014040
2.009872
1.982157
1.991768
1.974644
1.984313
1.989059
2.002944
1.997908
1.997044
1.985204
1.984523
1.962676
1.999736
2.008216
2.010332
2.006063
2.027927
1.984915
1.980776
1.963773
1.976105
2.008061
2.010896
2.046960
2.016033
1.987815
1.988827
1.982648
1.973444
1.992744
1.983202
1.976334
1.967375
1.995702
2.000268
1.990709
2.002943
2.015866
2.018584
2.020997
2.002726
2.007953
2.012182
1.996006
2.036280
2.002167
2.008708
1.991312
1.997240
1.992574
1.999234
2.017367
2.018980
1.999124
1.997540
2.002238
2.008858
1.994715
1.988639
1.939745
1.959743
1.997107
1.995949
1.985323
1.983788
1.993677
1.997993
2.010536
1.988493
1.974185
1.972740
1.963522
1.962771
1.997067
1.983388
2.003084
2.026921
2.014271
2.009780
2.013837
2.008662
2.007204
2.013082
2.031411
2.033682
2.017139
2.018655
2.030735
2.020924
1.995030
1.998044
1.985790
1.982041
2.001469
2.001528
1.985366
1.972575
2.001367
1.996578
1.997820
1.982956
1.993992
1.994067
1.949012
1.992583
2.017398
2.016570
2.013824
2.038019
1.985802
1.993920
1.988051
1.986357
2.003502
2.007430
2.005335
1.998207
2.012536
2.020520
2.041405
2.017378
2.003913
2.017523
2.045279
2.031627
1.997185
1.999434
1.979104
2.000097
1.998894
2.003760
2.014761
2.000353
2.006075
2.004869
2.008858
1.996992
1.991958
2.001861
2.021321
2.001089
1.989425
1.986756
1.992315
1.996986
1.999656
2.005005
1.994520
2.002659
1.998735
1.995664
2.018939
2.006569
1.997605
1.990816
2.007718
2.013876
2.013608
2.013968
2.029242
2.031212
2.004127
2.000589
1.966144
1.978582
1.995558
1.996360
2.004264
2.006460
1.989685
1.998441
2.002137
2.012757
1.994284
2.000946
2.004286
2.018190
1.985296
1.980528
1.987089
2.015569
1.990286
1.996778
1.974328
1.987955
1.997442
2.000488
2.000942
2.004124
2.007097
2.020351
2.017989
2.016150
1.983625
1.994372
2.003009
1.987476
2.002419
1.999034
1.965482
1.999879
2.011681
2.027024
2.051122
2.062734
2.012054
2.011838
2.018286
2.036377
2.009006
2.001982
1.986586
2.020774
1.996714
1.985174
2.015142
2.008807
1.995305
1.991219
2.016469
1.999501
1.989995
1.998930
1.981405
1.990712
1.990659
1.994674
2.021862
2.016391
1.992246
1.987433
2.007060
1.998138
2.005122
2.008937
1.988599
1.997533
1.992741
1.986485
1.971894
1.992928
2.005882
2.009666
2.023994
2.010386
2.007877
2.019150
2.009906
2.006985
1.988371
1.982813
1.987681
2.015176
1.987032
1.986446
1.989794
1.976005
1.994310
1.980029
1.988317
2.001508
2.009869
2.024382
2.043575
2.008630
1.990310
1.992730
1.989937
1.998337
1.990112
1.989346
1.996676
1.979922
1.998374
1.998397
2.002276
1.970693
2.005772
1.996678
2.012674
2.025979
2.016695
2.028201
2.051394
2.041636
1.994379
1.999941
2.002169
1.996813
1.991633
1.986480
1.977819
1.991551
1.998291
1.989768
1.992310
1.976356
2.013403
2.015946
2.007708
1.997094
1.993945
1.980558
1.988326
1.995766
2.012845
2.030525
2.032124
2.045005
1.997683
1.998132
1.991485
1.982320
1.984715
1.994942
1.993996
1.969584
1.978856
1.987825
2.011167
2.022147
1.993084
1.990040
1.981556
1.996335
2.005911
2.007463
1.975596
2.019969
1.981744
1.991078
1.985388
1.987270
1.989422
1.991337
1.991299
2.015654
1.994418
2.002224
2.001742
2.002058
2.015672
2.026679
2.036197
2.016823
1.997038
1.992741
2.009110
2.031130
1.998614
1.994775
1.979642
1.992550
2.022865
2.016310
1.995350
1.982649
2.003553
2.005193
2.043054
2.011983
2.004100
2.002304
2.008079
1.990733
1.996103
2.003538
2.028737
2.018951
2.004189
2.020952
2.026622
2.027984
1.996172
2.002394
2.017329
1.978878
1.986664
1.978065
1.968566
1.950584
1.992157
1.989156
1.954575
1.983065
2.000690
1.992113
1.997163
2.012105
1.990803
1.987146
1.992845
2.003958
2.004722
2.002007
1.997727
1.980264
1.999264
1.997500
2.015076
2.021560
1.974308
1.976408
1.978286
1.999697
2.015501
2.018352
2.022941
2.022012
1.986175
1.979049
1.972695
1.986875
2.009789
2.015046
2.013962
2.010142
1.981225
1.981547
1.981040
2.018342
1.985264
1.990111
2.000482
2.017516
1.994516
2.001198
2.004345
2.007639
1.996640
1.994844
1.983282
1.994802
1.998957
2.005785
2.004012
1.980260
1.999384
2.010978
2.021023
2.026460
2.007482
2.004170
1.984732
1.976455
2.006025
2.006800
2.000904
1.995331
1.995987
2.002297
1.990659
1.986612
1.994480
2.001134
1.989919
1.980038
2.016756
2.023157
2.002308
1.971154
2.005870
1.993354
2.014391
2.000900
2.004412
2.014608
2.059306
2.047230
1.995740
1.977612
1.950493
1.960392
1.990369
1.992485
1.990904
1.946258
2.000786
2.010951
2.031409
2.020610
1.993748
1.977271
1.971864
1.968121
1.991133
1.983948
1.993691
1.953582
2.001057
2.002882
1.994969
2.020417
2.012653
2.004976
2.015850
1.968270
2.003749
1.997953
1.996135
2.005910
1.993393
1.991571
1.978590
1.991808
2.008444
1.999376
2.016864
1.994792
1.990408
1.996105
2.020428
2.032505
2.000733
2.017419
2.038021
1.989295
2.001334
1.993879
1.996218
2.003870
1.986434
1.990827
1.975647
1.967615
1.980046
1.981572
1.986962
1.971515
2.004493
2.013332
2.004426
1.996253
