20.079173
20.081171
20.162752
20.043625
20.054967
20.092857
19.907348
19.863749
19.709334
19.893655
19.886371
19.970893
19.804771
19.834680
19.741511
19.460026
19.687040
19.837851
19.908874
19.863514
19.720051
19.902162
19.888338
19.974199
19.937933
19.884052
19.795003
20.085113
20.018823
20.003813
20.058681
20.030442
19.718948
19.571657
19.632968
19.769125
19.892621
19.799619
19.708026
19.737061
19.629326
19.672283
19.777688
19.593754
19.370593
19.806723
19.850807
19.793076
19.892516
19.800144
19.708626
19.738178
19.629185
19.677823
19.901253
19.824508
19.724348
19.713743
19.713471
19.551294
20.118562
20.062538
20.004502
19.895838
20.004860
19.963240
20.051144
20.042285
19.995883
19.713617
19.684693
19.806906
19.943758
19.891495
19.813647
20.068507
20.007004
19.991217
20.050818
20.041378
20.001786
19.720744
19.688181
19.799977
19.977603
19.918947
19.921009
19.957248
19.981648
19.745428
19.926635
19.824200
19.600384
19.726484
19.819358
19.762616
19.886694
19.821348
19.925430
19.666214
19.738144
19.864750
19.899161
19.825239
19.730051
19.703142
19.703182
19.541606
19.887454
19.819984
19.929602
19.672392
19.745826
19.868414
20.087985
20.084821
20.003978
20.139062
20.047807
19.851008
19.966782
19.873330
19.921732
19.887156
19.641887
19.661480
19.988495
19.949940
20.325104
20.117462
20.049999
20.113952
19.970204
19.917550
19.907087
19.959252
19.983971
19.753630
19.992338
19.958290
20.324553
20.118128
20.050180
20.114191
19.846966
19.763672
19.464926
19.365249
19.450553
19.833991
19.910571
19.936562
19.862318
19.701876
19.624328
19.722710
20.120276
19.925553
19.696010
19.652901
19.796985
19.854100
20.103396
20.121914
20.094842
20.208180
20.087688
19.848062
20.123337
19.927784
19.694333
19.653571
19.798902
19.852557
20.073711
19.952982
19.781961
19.985096
20.012930
20.288969
20.006144
19.837535
19.935423
19.889266
20.088497
20.178060
20.043551
20.143526
20.243404
20.053535
19.947615
20.141916
19.836609
19.755601
19.463284
19.380377
19.462753
19.857533
20.042765
20.140985
20.239242
20.057137
19.948141
20.131607
19.802775
19.829623
19.702661
19.441486
19.700224
19.848029
20.080662
20.008187
19.983204
19.707432
19.760691
19.728388
19.962743
19.860039
19.654195
19.650618
19.689343
19.858997
20.081067
19.962061
19.783714
19.987383
20.005371
20.270499
19.961517
19.853553
19.644471
19.646769
19.681161
19.863751
19.773013
19.598689
19.360795
19.754239
19.816832
19.790505
20.081072
20.076957
20.159295
20.057835
20.075007
20.104374
19.910613
19.862023
19.732247
19.909708
19.878293
19.968011
19.804100
19.832715
19.711752
19.436569
19.687645
19.835911
19.911593
19.865337
19.732246
19.914890
19.892063
19.983961
19.935465
19.883495
19.793174
20.044331
19.975662
19.972895
20.059639
20.019588
19.724018
19.575222
19.614851
19.757079
19.895365
19.795763
19.745835
19.758097
19.652504
19.678014
19.772073
19.599775
19.355722
19.786216
19.844501
19.811710
19.895965
19.793174
19.747357
19.761628
19.655427
19.677248
19.904571
19.823723
19.756008
19.741868
19.729731
19.534016
20.115370
20.041418
19.962415
19.828343
19.941441
19.876454
20.057408
20.044257
20.001889
19.707513
19.660828
19.800272
19.947501
19.895061
19.812021
20.053676
19.976381
19.978287
20.055526
20.042498
20.005355
19.703914
19.658621
19.796142
19.973492
19.917675
19.899236
19.974050
19.953293
19.728249
19.938222
19.817511
19.598419
19.693846
19.813226
19.749205
19.886966
19.834147
19.932922
19.654983
19.733315
19.881033
19.902712
19.826430
19.749683
19.740735
19.735594
19.539766
19.887999
19.834785
19.929955
19.681346
19.759261
19.874192
20.093702
20.086259
20.062361
20.176244
20.093955
19.856902
19.979107
19.888462
19.945052
19.928641
19.666141
19.662846
19.989472
19.967820
20.312514
20.103531
20.050707
20.107271
19.975564
19.918166
19.910577
19.955525
19.965384
19.748121
19.990529
19.967556
20.319795
20.108247
20.053180
20.101958
19.839133
19.760979
19.456419
19.360826
19.443308
19.838155
19.898002
19.914699
19.854331
19.681679
19.619271
19.736297
20.111527
19.904328
19.661377
19.656537
19.811591
19.843749
20.098441
20.099065
20.071392
20.163326
20.077239
19.877059
20.119468
19.915642
19.695024
19.692758
19.835452
19.846345
20.071423
19.948822
19.801897
20.002821
20.003648
20.255418
20.012770
19.833021
19.945260
19.892016
20.084604
20.174364
20.044568
20.149272
20.262175
20.053334
19.942116
20.100148
19.842839
19.769814
19.462910
19.373286
19.447582
19.852919
20.048512
20.150434
20.262335
20.057775
19.941017
20.081888
19.817779
19.848596
19.735923
19.429227
19.683258
19.829357
20.073840
20.003779
19.953859
19.686280
19.737672
19.736620
19.955996
19.845792
19.627974
19.629752
19.670061
19.882567
20.069112
19.948113
19.807081
20.007675
20.007369
20.243844
19.951695
19.840180
19.620482
19.619950
19.660965
19.881181
19.776494
19.608010
19.375292
19.773071
19.827597
19.773005
20.084939
20.090870
20.195693
20.101648
20.081506
20.084697
19.898392
19.879078
19.791113
19.918440
19.869684
19.989852
19.822248
19.858008
19.748433
19.420903
19.681667
19.824381
19.895846
19.867582
19.767024
19.927166
19.894037
20.001363
19.938291
19.891673
19.817335
20.086841
19.998544
20.013648
20.056458
20.027297
19.721202
19.603070
19.644357
19.775742
19.896879
19.803261
19.752097
19.772758
19.672467
19.705196
19.771871
19.616513
19.402204
19.799702
19.850806
19.781572
19.897735
19.801741
19.764093
19.797778
19.685689
19.722345
19.902609
19.825939
19.753036
19.726979
19.718020
19.540489
20.123316
20.043166
19.976169
19.878658
19.990570
19.912767
20.035684
20.029270
19.972586
19.680748
19.680881
19.826039
19.927210
19.890525
19.801942
20.070447
19.985967
19.994548
20.058569
20.057625
20.042106
19.721725
19.704768
19.840428
19.969343
19.904500
19.875621
19.931141
19.925323
19.728329
19.943149
19.835646
19.614940
19.686128
19.801255
19.725600
19.870280
19.813686
19.907007
19.657518
19.732865
19.860774
19.904596
19.825038
19.762553
19.730670
19.718391
19.540280
19.880675
19.821568
19.916842
19.664834
19.737081
19.869398
20.098670
20.094719
20.108464
20.170364
20.096711
19.862999
19.988959
19.893954
19.942197
19.914437
19.669973
19.679598
19.969887
19.934586
20.293479
20.073508
20.041581
20.110644
19.981862
19.922729
19.900279
19.968587
19.950094
19.734907
19.974665
19.947098
20.302928
20.087668
20.056163
20.128796
19.855244
19.786914
19.473230
19.389193
19.456476
19.842827
19.900371
19.918007
19.869126
19.684113
19.631902
19.750566
20.129593
19.918234
19.689109
19.668636
19.823423
19.832912
20.099008
20.103022
20.100345
20.173651
20.095384
19.850485
20.140223
19.935917
19.706061
19.696661
19.835575
19.843896
20.069441
19.932781
19.803726
20.025263
20.016538
20.252271
20.026889
19.838869
19.966218
19.857940
20.072056
20.196918
20.048731
20.144443
20.254102
20.057219
19.941364
20.056340
19.853800
19.786475
19.479529
19.398031
19.462315
19.863257
20.048406
20.143872
20.259437
20.062467
19.945204
20.059482
19.819857
19.847155
19.734052
19.447486
19.713161
19.832771
20.080566
20.018540
19.995790
19.733786
19.772008
19.771114
19.938061
19.820636
19.560234
19.632266
19.665048
19.855166
20.063570
19.933207
19.792996
20.020329
20.006901
20.241389
19.938325
19.829176
19.600747
19.633178
19.675848
19.900092
19.775399
19.619334
19.407018
19.795751
19.838284
19.801590
20.090289
20.100449
20.173680
20.082492
20.085454
20.089309
19.898247
19.859427
19.788971
19.924102
19.874251
20.005081
19.828608
19.855433
19.730024
19.464396
19.726429
19.844078
19.898585
19.859884
19.784323
19.934027
19.876003
19.992320
19.920993
19.883231
19.773299
20.038210
19.968383
19.964470
20.062195
20.028635
19.723935
19.608145
19.654761
19.794857
19.894733
19.789268
19.746236
19.754122
19.659523
19.718847
19.776595
19.616161
19.403552
19.794308
19.841843
19.799027
19.894201
19.786984
19.744605
19.746815
19.650469
19.699077
19.891674
19.812754
19.740841
19.751081
19.731748
19.558199
20.120499
20.015218
19.978711
19.871622
19.975121
19.903875
20.049899
20.036368
20.029472
19.728323
19.719040
19.835328
19.919508
19.887002
19.787456
20.040178
19.971753
19.969090
20.052622
20.045389
20.023918
19.716154
19.706311
19.842719
19.965032
19.910366
19.901565
19.951882
19.953101
19.742255
19.922149
19.802941
19.583626
19.653589
19.777692
19.689847
19.882269
19.815318
19.910174
19.655739
19.727645
19.882148
19.900103
19.812803
19.733502
19.749764
19.747383
19.593486
19.870955
19.792553
19.883396
19.621427
19.686960
19.847944
20.079956
20.090899
20.096756
20.161449
20.100487
19.886979
19.987308
19.890145
19.965873
19.934644
19.694069
19.707696
19.971492
19.946124
20.280818
20.107792
20.066082
20.183569
19.967522
19.918837
19.920741
19.931016
19.934860
19.748254
19.985341
19.956892
20.286042
20.097920
20.064085
20.144734
19.862147
19.799104
19.483954
19.375584
19.420474
19.832072
19.891759
19.914298
19.847541
19.661449
19.612114
19.741174
20.132086
19.939834
19.713977
19.719973
19.861410
19.848999
20.069679
20.075383
20.076780
20.126418
20.090050
19.910518
20.132480
19.938494
19.714618
19.719855
19.865099
19.856351
20.063655
19.941871
19.806210
20.017209
19.997737
20.257104
20.014771
19.814431
19.933542
19.858136
20.047492
20.136353
20.054123
20.143050
20.258385
20.073800
19.962060
20.093483
19.854169
19.780526
19.455235
19.359252
19.421798
19.825236
20.053834
20.143076
20.254658
20.073242
19.958039
20.089468
19.819794
19.841212
19.695036
19.417347
19.692752
19.815184
20.095543
20.029744
20.035935
19.788593
19.811688
19.815494
19.940158
19.831699
19.596502
19.637546
19.674709
19.885625
20.066050
19.945787
19.827360
20.007571
19.982766
20.226412
19.938591
19.828150
19.583062
19.644038
19.673777
19.878018
19.785666
19.631388
19.411325
19.817976
19.868767
19.842326
20.076003
20.108952
20.184472
20.092569
20.099441
20.101745
19.891364
19.858617
19.778737
19.903664
19.858811
19.982742
19.821188
19.832778
19.693860
19.412362
19.677818
19.801693
19.889986
19.856152
19.770628
19.910627
19.864249
19.983600
19.910911
19.881060
19.759645
20.007004
19.960959
19.981772
20.075225
20.029321
19.708440
19.662910
19.690478
19.835586
19.887626
19.767472
19.708755
19.727762
19.639070
19.713864
19.779657
19.607881
19.391480
19.787842
19.837577
19.816220
19.887055
19.762304
19.705000
19.723991
19.640633
19.718220
19.891428
19.810574
19.732448
19.697685
19.709607
19.582741
20.117227
20.016313
19.975890
19.865641
19.986234
19.910304
20.045445
20.035183
20.009126
19.689753
19.702151
19.850457
19.904692
19.880315
19.759238
19.994269
19.949192
19.963100
20.047197
20.043515
20.012320
19.709737
19.708602
19.841089
19.962284
19.915013
19.899789
19.951181
19.947478
19.749536
19.964641
19.856567
19.656931
19.706454
19.813173
19.716520
19.883548
19.814479
19.960071
19.665444
19.742766
19.900675
19.893019
19.809943
19.721328
19.700549
19.707020
19.582679
19.880475
19.799684
19.932199
19.636439
19.711271
19.892208
20.073624
20.072891
20.077242
20.140855
20.103827
19.934269
19.981630
19.886256
19.983820
19.974181
19.702947
19.699733
19.980903
19.940629
20.265205
20.072248
20.050956
20.159861
19.954980
19.908001
19.884645
19.927346
19.924228
19.735726
19.958690
19.920522
20.257149
20.072657
20.048826
20.161780
19.832431
19.767036
19.422950
19.366442
19.415827
19.835225
19.885370
19.904923
19.873783
19.698626
19.639340
19.745369
20.134207
19.934670
19.731085
19.727916
19.876197
19.869228
20.073481
20.069649
20.066458
20.148969
20.108430
19.919121
20.139837
19.936948
19.729552
19.722557
19.876040
19.873052
20.078259
19.970957
19.903315
20.028456
20.011552
20.248150
20.032973
19.856333
20.042120
19.885947
20.091352
20.172519
20.057391
20.156334
20.258782
20.082751
19.963611
20.120595
19.862622
19.807765
19.491545
19.393171
19.424016
19.853685
20.053146
20.153982
20.255171
20.075077
19.963747
20.116814
19.816230
19.838070
19.674677
19.439971
19.696727
19.810456
20.094825
20.043406
20.043309
19.757452
19.803425
19.809186
19.932788
19.830142
19.613502
19.674064
19.708153
19.882240
20.078255
19.975781
19.907955
20.029825
20.020848
20.229577
19.925078
19.826225
19.608397
19.672919
19.704540
19.883938
19.794164
19.637861
19.400590
19.791558
19.841747
19.835766
