1.999854
2.003780
2.007886
2.004878
1.998169
2.016028
2.006487
2.019146
2.023071
2.001171
2.011005
2.013243
2.000917
2.004725
2.011144
2.008563
1.999054
2.016924
2.006597
2.019632
2.023375
2.001326
2.011529
2.013387
1.998069
2.007381
2.014660
2.024764
2.036672
2.045516
1.985505
1.992041
1.992472
1.998080
1.995580
1.987276
1.998810
2.009670
2.022396
2.030683
2.040157
2.048100
1.985652
1.993130
1.994976
2.000588
1.998435
1.988816
1.998874
1.992302
1.982036
2.022268
2.010701
1.987906
2.000369
1.996948
1.991543
2.017526
2.018345
2.008092
1.997980
1.991776
1.979758
2.019015
2.009009
1.983674
1.997619
1.993412
1.986027
2.009534
2.012965
2.005966
2.002549
1.998425
2.000463
2.014166
2.008634
2.000665
1.999795
2.002408
1.987035
1.989929
2.002038
2.002170
2.001976
1.997015
1.999029
2.011855
2.007534
2.001071
2.000002
2.002690
1.987035
1.990498
2.002556
2.002252
1.979993
1.962341
1.959821
1.939501
1.966314
2.002521
2.009190
2.017738
2.017526
2.030214
2.020966
1.994101
1.981544
1.964518
1.960878
1.939910
1.967259
2.004082
2.009392
2.018149
2.017746
2.027967
2.019245
1.992417
1.990843
2.001310
1.985161
1.990466
1.982049
1.978133
2.009562
2.013317
2.006030
2.019576
2.026257
2.012738
1.990650
2.001157
1.985178
1.989975
1.981585
1.978887
2.009562
2.013410
2.005059
2.019038
2.025362
2.012313
2.010107
2.021109
2.026352
2.010679
2.014290
2.013885
1.991947
1.996644
1.996854
2.006459
2.001832
2.008008
2.010511
2.020640
2.026176
2.009949
2.013092
2.016247
1.992580
1.997408
1.997800
2.007279
2.002587
2.008925
1.989553
2.004510
2.010238
1.999519
2.007147
2.006436
2.008462
2.017384
1.978998
1.985161
2.003116
2.017543
1.989871
2.005678
2.012090
1.999162
2.003897
2.003555
2.008450
2.017720
1.978124
1.983711
2.001882
2.017801
2.001816
2.002833
2.002722
2.001571
2.014624
2.013232
2.016251
2.019823
2.030273
1.996533
1.995294
1.991636
2.001138
2.002245
2.000976
2.003573
2.012937
2.008222
2.016046
2.019286
2.028352
1.995482
1.994662
1.990085
1.998086
2.004072
2.005001
2.002251
2.001162
2.020851
1.982677
1.990704
2.007060
1.993303
1.997273
2.004448
1.998086
2.004072
2.005040
2.003103
2.002934
2.022937
1.982539
1.990826
2.005574
1.994016
1.995918
2.003229
1.993499
2.005069
2.013417
2.019067
2.004017
1.989775
1.997605
1.996157
2.006002
1.991185
2.006070
2.003414
1.993892
2.007061
2.016975
2.017352
2.003493
1.991325
1.997605
1.996157
2.006385
1.991006
2.006408
2.006744
2.012305
2.012951
2.006784
2.024007
2.010450
2.000861
2.001630
2.003713
2.004906
1.991756
2.002165
2.006783
2.011319
2.012427
2.004804
2.023362
2.010943
2.001554
2.001208
2.003572
2.004683
1.991967
2.002785
2.006867
2.005930
2.010639
2.031376
2.013562
1.999501
2.010237
1.996747
2.009393
2.022397
2.008064
2.007274
1.998792
2.007167
2.012046
2.035386
2.016250
2.000770
2.013542
1.996855
2.009489
2.022298
2.007874
2.007400
2.000944
2.008577
2.019406
2.033973
2.020525
2.020726
2.015622
2.007943
1.994476
1.988216
1.997016
2.000829
2.012003
2.008773
2.019606
2.033083
2.018680
2.020316
2.015738
2.008540
1.997151
1.995695
2.002434
2.005949
2.015594
2.000045
1.996718
1.967714
2.003283
2.012141
1.980907
2.006084
2.012955
2.021007
2.015421
1.999057
1.975411
2.001033
1.997248
1.968837
2.004001
2.011928
1.980187
2.008492
2.015270
2.022928
2.013945
1.998971
1.973605
1.997809
2.008111
2.018641
1.989430
1.974734
1.959344
2.021960
2.032581
2.057564
2.041053
2.026910
2.045982
1.997859
2.008660
2.018120
1.989603
1.972854
1.955871
2.022818
2.033506
2.062852
2.041592
2.027670
2.045334
1.994964
2.003283
2.002505
2.020732
2.015597
2.003566
1.972072
1.968369
1.924583
1.959118
1.969741
1.977145
1.995412
2.002336
1.998098
2.018926
2.013280
2.000079
1.972430
1.968893
1.924752
1.959398
1.970343
1.976725
2.004441
1.992866
2.015573
2.023890
2.023897
2.042459
1.992270
1.997433
2.018678
2.030281
2.018132
2.018772
2.003844
1.992004
2.013692
2.023299
2.024435
2.045268
1.992270
1.997433
2.018814
2.030490
2.018192
2.019963
1.988397
1.991887
1.945306
1.927260
1.954705
1.966766
1.998787
2.000834
2.027352
1.996031
1.998493
1.990095
1.988185
1.991952
1.945306
1.928049
1.955629
1.967128
1.998769
1.999625
2.026629
1.995027
1.997204
1.989375
2.003500
2.003099
2.020010
2.053086
2.031986
1.998879
1.997975
2.013977
2.018966
2.006848
2.016335
2.000666
2.003123
2.002575
2.019642
2.052656
2.030928
1.997289
1.997727
2.014167
2.021240
2.007777
2.016611
1.999541
1.988618
1.995658
1.980994
1.983464
1.985894
2.016928
1.987398
1.978738
1.988649
1.985556
1.976242
1.966499
1.988736
1.996324
1.980867
1.983172
1.985884
2.015429
1.986955
1.978057
1.989527
1.989056
1.981904
1.966476
1.999251
1.992990
2.031731
2.020691
2.011993
2.009780
1.993614
2.004651
2.024506
2.008534
2.003567
1.998257
1.999092
1.992792
2.033511
2.021838
2.013016
2.008659
1.993614
2.004651
2.024152
2.007904
2.002073
1.998075
1.997054
2.013505
2.035501
2.028628
2.009648
1.984997
1.997155
1.996509
1.987034
1.986104
1.990063
1.990600
1.997171
2.013876
2.036925
2.034918
2.013994
1.989161
1.996584
1.994293
1.982987
1.982344
1.985818
1.988498
2.004187
2.008531
1.998736
2.006309
2.003300
2.006726
2.002355
2.006475
2.011830
2.029366
2.014982
2.010300
2.004049
2.008459
1.998278
2.005159
2.002055
2.005235
2.002355
2.006462
2.011581
2.029455
2.015953
2.010643
2.009821
2.012822
2.033919
2.006431
1.981605
1.999635
1.991598
1.986610
1.983548
2.002339
2.015312
2.024507
2.009383
2.012471
2.031867
2.000088
1.978453
1.994187
1.991664
1.987063
1.985391
2.006695
2.017643
2.022414
1.999503
2.013497
2.026041
2.039144
2.036035
2.042754
2.002319
2.025362
2.030502
2.020770
2.029316
2.018610
1.999223
2.013106
2.024656
2.037342
2.035411
2.039744
2.002828
2.025685
2.032292
2.021419
2.030580
2.020685
2.006703
2.012961
2.002107
2.021251
2.011492
1.998476
1.993189
2.002864
2.000129
2.013335
2.009942
1.978973
2.006265
2.012950
2.002154
2.021101
2.011698
1.998911
1.991729
2.001569
2.000116
2.013381
2.010395
1.977417
2.020518
2.025468
2.008544
2.016159
2.004575
2.018209
1.994915
1.993082
1.974530
1.977901
1.984146
1.990867
2.018496
2.022094
2.005586
2.014246
2.003738
2.018094
1.994915
1.993006
1.974342
1.977900
1.984287
1.991022
1.994050
1.999906
1.985033
1.983368
1.980743
1.985556
2.006972
2.005973
1.994182
1.989264
1.988066
1.987135
1.993936
1.999407
1.982676
1.982440
1.979445
1.984783
2.006722
2.006326
1.992016
1.986926
1.986595
1.985500
2.011854
2.020380
2.023690
2.036070
2.025705
2.023445
1.995533
1.994073
2.004531
1.995943
2.014851
2.031339
2.013875
2.022551
2.026813
2.039649
2.025748
2.018121
1.994709
1.993061
2.004990
1.989298
2.008810
2.025853
2.002947
2.013501
1.988976
1.986929
1.984282
1.982964
1.994177
1.988090
1.975398
1.979326
2.010827
2.027738
2.002140
2.012405
1.991333
1.988360
1.986782
1.981072
1.993765
1.987057
1.974834
1.979245
2.011360
2.029023
1.987886
1.985291
1.978192
1.992555
2.002552
2.018450
1.997890
1.989304
1.978901
2.012438
2.008915
2.000064
1.987532
1.984956
1.976665
1.992364
2.003619
2.019196
1.995735
1.986528
1.976854
2.009328
2.006386
1.995952
2.008205
2.012967
2.013596
1.973441
1.981927
1.964317
2.012221
2.010876
2.013269
2.031787
2.030656
2.022944
2.008628
2.014039
2.014311
1.973450
1.981923
1.964064
2.012001
2.010885
2.013415
2.031519
2.030702
2.022747
2.009051
2.006447
1.986426
1.981349
1.993150
2.003159
1.998833
2.005068
1.987974
1.980305
1.993777
2.000185
2.008237
2.005465
1.985792
1.978354
1.991304
1.999407
1.998514
2.004976
1.987974
1.980553
1.994298
2.000445
2.009205
2.022359
2.024440
2.015423
2.019406
1.993580
1.986222
1.998247
2.015382
1.998081
1.994699
2.000623
2.009460
2.023149
2.027397
2.017446
2.018674
1.990460
1.986188
1.998284
2.015655
1.998792
1.996934
2.002681
2.009858
2.012100
2.039967
2.011852
2.013296
1.981925
2.011610
2.010181
2.005543
1.993768
1.996747
1.972851
2.010043
2.012880
2.041126
2.009961
2.013525
1.980242
2.011610
2.010181
2.005543
1.994152
1.996985
1.973292
1.994147
1.989180
1.991744
2.007433
2.008045
2.000753
2.006654
1.999594
2.007015
2.004672
1.993713
1.994983
1.994416
1.989418
1.993219
2.007443
2.006938
1.999982
2.006333
2.000042
2.008650
2.004849
1.993846
1.994288
2.009016
1.995962
1.977102
1.998047
2.010488
2.022841
2.003325
1.986785
1.984595
1.967323
1.968267
1.967268
2.006895
1.992705
1.969928
1.994018
2.006118
2.018527
2.003346
1.986845
1.983883
1.966619
1.967932
1.967361
1.998173
2.011928
1.973739
1.983468
1.971447
2.000289
1.993745
1.990181
1.975258
1.954327
1.968349
1.977138
1.998093
2.012083
1.973794
1.979744
1.967115
1.999230
1.993595
1.989418
1.971432
1.953243
1.967967
1.979633
1.996703
1.983726
1.969391
1.936155
1.952563
1.991338
2.001486
2.014872
2.036572
2.039313
2.028145
1.996225
1.995956
1.982181
1.967639
1.934463
1.949985
1.992039
2.001680
2.015125
2.036572
2.039262
2.027936
1.996908
